    1        0.00000     2008.61396        0.00000        0.00000        0.00000        0.00000
    2        0.04928     2008.66324        1.00000        0.04928        0.00026       18.00000
    3        0.09856     2008.71253        2.00000        0.14784        0.00079       36.00000
    4        0.14784     2008.76181        3.00000        0.29569        0.00158       54.00000
    5        0.19713     2008.81109        4.00000        0.49281        0.00263       72.00000
    6        0.24641     2008.86037        5.00000        0.73922        0.00395       90.00000
    7        0.29569     2008.90965        6.00000        1.03491        0.00553      108.00000
    8        0.34497     2008.95893        7.00000        1.37988        0.00737      126.00000
    9        0.39425     2009.00821        8.00000        1.77413        0.00948      144.00000
   10        0.44353     2009.05749        9.00000        2.21766        0.01185      162.00000
   11        0.49281     2009.10678       10.00000        2.71047        0.01449      180.00000
   12        0.54209     2009.15606       11.00000        3.25257        0.01738      198.00000
   13        0.59138     2009.20534       12.00000        3.84394        0.02054      216.00000
   14        0.64066     2009.25462       13.00000        4.48460        0.02397      234.00000
   15        0.68994     2009.30390       14.00000        5.17454        0.02765      252.00000
   16        0.73922     2009.35318       15.00000        5.91376        0.03160      270.00000
   17        0.78850     2009.40246       16.00000        6.70226        0.03582      288.00000
   18        0.83778     2009.45175       17.00000        7.54004        0.04029      306.00000
   19        0.88706     2009.50103       18.00000        8.42710        0.04504      324.00000
   20        0.93634     2009.55031       19.00000        9.36345        0.05004      342.00000
   21        0.98563     2009.59959       20.00000       10.34908        0.05531      360.00000
   22        1.03491     2009.64887       22.00000       11.43326        0.06110      378.00000
   23        1.08419     2009.69815       24.00000       12.61602        0.06742      396.00000
   24        1.13347     2009.74743       26.00000       13.89733        0.07427      414.00000
   25        1.18275     2009.79671       28.00000       15.27721        0.08164      432.00000
   26        1.23203     2009.84600       30.00000       16.75565        0.08954      450.00000
   27        1.28131     2009.89528       32.00000       18.33265        0.09797      468.00000
   28        1.33060     2009.94456       34.00000       20.00821        0.10693      486.00000
   29        1.37988     2009.99384       36.00000       21.78234        0.11641      504.00000
   30        1.42916     2010.04312       38.00000       23.65503        0.12642      522.00000
   31        1.47844     2010.09240       40.00000       25.62628        0.13695      540.00000
   32        1.52772     2010.14168       41.50000       27.67146        0.14788      558.00000
   33        1.57700     2010.19097       43.00000       29.79055        0.15920      576.00000
   34        1.62628     2010.24025       44.50000       31.98357        0.17092      594.00000
   35        1.67556     2010.28953       46.00000       34.25051        0.18304      612.00000
   36        1.72485     2010.33881       47.50000       36.59138        0.19555      630.00000
   37        1.77413     2010.38809       49.00000       39.00616        0.20845      648.00000
   38        1.82341     2010.43737       50.50000       41.49487        0.22175      666.00000
   39        1.87269     2010.48665       52.00000       44.05749        0.23545      684.00000
   40        1.92197     2010.53593       53.50000       46.69405        0.24954      702.00000
   41        1.97125     2010.58522       55.00000       49.40452        0.26402      720.00000
   42        2.02053     2010.63450       58.50000       52.28747        0.27943      738.00000
   43        2.06982     2010.68378       62.00000       55.34292        0.29576      756.00000
   44        2.11910     2010.73306       65.50000       58.57084        0.31301      774.00000
   45        2.16838     2010.78234       69.00000       61.97125        0.33118      792.00000
   46        2.21766     2010.83162       72.50000       65.54415        0.35028      810.00000
   47        2.26694     2010.88090       76.00000       69.28953        0.37029      828.00000
   48        2.31622     2010.93018       79.50000       73.20739        0.39123      846.00000
   49        2.36550     2010.97947       83.00000       77.29774        0.41309      864.00000
   50        2.41478     2011.02875       86.50000       81.56057        0.43587      882.00000
   51        2.46407     2011.07803       90.00000       85.99589        0.45957      900.00000
   52        2.51335     2011.12731       88.00000       90.33265        0.48275      918.00000
   53        2.56263     2011.17659       86.00000       94.57084        0.50540      936.00000
   54        2.61191     2011.22587       84.00000       98.71047        0.52752      954.00000
   55        2.66119     2011.27515       82.00000      102.75154        0.54912      972.00000
   56        2.71047     2011.32444       80.00000      106.69405        0.57019      990.00000
   57        2.75975     2011.37372       78.00000      110.53799        0.59073     1008.00000
   58        2.80903     2011.42300       76.00000      114.28337        0.61075     1026.00000
   59        2.85832     2011.47228       74.00000      117.93018        0.63023     1044.00000
   60        2.90760     2011.52156       72.00000      121.47844        0.64920     1062.00000
   61        2.95688     2011.57084       70.00000      124.92813        0.66763     1080.00000
   62        3.00616     2011.62012       69.00000      128.32854        0.68580     1098.00000
   63        3.05544     2011.66940       68.00000      131.67967        0.70371     1116.00000
   64        3.10472     2011.71869       67.00000      134.98152        0.72136     1134.00000
   65        3.15400     2011.76797       66.00000      138.23409        0.73874     1152.00000
   66        3.20329     2011.81725       65.00000      141.43737        0.75586     1170.00000
   67        3.25257     2011.86653       64.00000      144.59138        0.77272     1188.00000
   68        3.30185     2011.91581       63.00000      147.69610        0.78931     1206.00000
   69        3.35113     2011.96509       62.00000      150.75154        0.80564     1224.00000
   70        3.40041     2012.01437       61.00000      153.75770        0.82170     1242.00000
   71        3.44969     2012.06366       60.00000      156.71458        0.83750     1260.00000
   72        3.49897     2012.11294       57.00000      159.52361        0.85252     1278.00000
   73        3.54825     2012.16222       54.00000      162.18480        0.86674     1296.00000
   74        3.59754     2012.21150       51.00000      164.69815        0.88017     1314.00000
   75        3.64682     2012.26078       48.00000      167.06366        0.89281     1332.00000
   76        3.69610     2012.31006       45.00000      169.28131        0.90466     1350.00000
   77        3.74538     2012.35934       42.00000      171.35113        0.91572     1368.00000
   78        3.79466     2012.40862       39.00000      173.27310        0.92599     1386.00000
   79        3.84394     2012.45791       36.00000      175.04723        0.93548     1404.00000
   80        3.89322     2012.50719       33.00000      176.67351        0.94417     1422.00000
   81        3.94251     2012.55647       30.00000      178.15195        0.95207     1440.00000
   82        3.99179     2012.60575       29.00000      179.58111        0.95971     1458.00000
   83        4.04107     2012.65503       28.00000      180.96099        0.96708     1476.00000
   84        4.09035     2012.70431       27.00000      182.29158        0.97419     1494.00000
   85        4.13963     2012.75359       26.00000      183.57290        0.98104     1512.00000
   86        4.18891     2012.80287       25.00000      184.80493        0.98762     1530.00000
   87        4.23819     2012.85216       24.00000      185.98768        0.99394     1548.00000
   88        4.28747     2012.90144       23.00000      187.12115        1.00000     1566.00000
