196.57655 54.88532 -3.774 -1.841 0.570 0.629 0.000 AB06
199.52324 55.34928 -8.758 3.040 0.553 0.625 0.000 AB07
194.62654 64.56450 0.725 -3.150 0.555 0.627 0.000 AB11
201.49621 56.30733 -10.602 6.464 0.561 0.630 0.000 AB13
200.12164 61.03975 -3.775 -2.004 0.549 0.626 0.000 AB15
199.30527 63.88636 -2.298 -1.027 0.543 0.625 0.000 AB17
198.71338 65.96129 0.792 -2.483 0.541 0.624 0.000 AC07
195.11327 54.52258 -7.083 -1.458 0.567 0.627 0.000 AC10
200.41044 54.83096 -9.442 7.746 0.553 0.626 0.000 AC12
200.87228 55.92109 -10.304 5.531 0.549 0.625 0.000 AC21
199.95084 55.07849 -9.002 4.378 0.550 0.624 0.000 AC28
197.76087 64.63798 0.393 -2.678 0.544 0.624 0.000 AC31
199.59270 55.90867 -8.856 1.508 0.555 0.626 0.000 AC41
195.43343 65.55385 1.486 -3.550 0.553 0.627 0.000 AC50
202.42578 57.56725 -10.561 3.454 0.542 0.623 0.000 AC52
194.23428 54.14718 -3.916 -1.923 0.572 0.628 0.000 AV06
194.06624 54.09761 -4.212 -3.595 0.585 0.632 0.000 AV10
194.10245 54.21080 -3.335 1.417 0.577 0.630 0.000 AV12
194.10218 54.15308 -1.995 -1.639 0.584 0.633 0.000 AV13
194.15843 54.11890 -2.823 -2.752 0.575 0.629 0.000 AV14
194.28989 54.10019 -4.950 -1.681 0.572 0.628 0.000 AV15
195.24520 54.58998 -6.636 2.619 0.577 0.631 0.000 AV24
195.22050 54.53000 -8.556 -0.508 0.644 0.684 0.000 AV25
195.41953 54.57165 0.039 4.030 0.597 0.639 0.000 AV26
196.28708 54.72491 -4.165 -3.267 0.582 0.633 0.000 AV34
195.87320 54.77179 -5.679 -1.764 0.578 0.632 0.000 AV36
196.21913 54.83147 -4.417 -0.213 0.593 0.639 0.000 AV38
196.00153 54.81134 -7.563 1.402 0.594 0.639 0.000 AV39
194.00633 54.19818 -5.412 0.168 0.589 0.637 0.000 AKGG
194.04418 54.16270 -4.613 -0.819 0.581 0.632 0.000 AKLV
197.29284 55.19027 -5.193 -1.696 0.563 0.627 0.000 BAY5
197.29324 55.19042 -5.598 -1.097 0.564 0.628 0.000 BAY6
198.15828 60.78792 -2.797 -1.956 0.548 0.625 0.000 BET1
