1999.6712 0 0 0 1.9 1.3 4.5
1999.6740 -5.07271 2.4424 -17.2 2.1 1.5 5.0
1999.6767 -20.9804 3.66359 -2 3.5 3.5 9.4
2000.4712 -12.0662 -16.7637 -4.1 1.6 1.2 4.1
2000.4740 -14.3809 -15.4315 -5.5 1.4 1.1 3.8
2000.4767 -14.9226 -12.6561 -9.1 1.6 1.4 4.1
2002.8521 74.958 -53.3997 -10.7 1.6 1.4 4.0
2002.8548 71.1658 -50.2912 -17.8 1.4 1.1 3.6
2002.8575 71.1165 -51.1793 -19.6 1.4 1.1 3.4
2002.8603 77.913 -53.6217 -33.3 1.7 1.4 3.8
2002.8630 75.4997 -53.9547 -26.1 1.6 1.4 3.8
2002.8658 80.5724 -51.1793 -25 5.3 4.0 9.7
2003.4000 100.371 -71.2736 -59.7 1.8 1.7 5.0
2003.4658 97.6621 -70.3854 -67.2 2.0 1.5 5.9
2003.7781 91.5059 -77.7126 -88.1 2.6 2.5 8.0
2003.7808 96.2831 -82.1533 -74.9 1.2 1.0 3.6
2003.7836 97.1696 -85.5949 -65.7 2.0 1.5 5.3
2004.3945 100.174 -93.0331 -91.4 1.5 1.1 4.0
2004.3973 99.6321 -92.256 -87 1.3 1.1 3.8
2004.4000 102.538 -92.9221 -99.4 1.2 1.0 3.9
2004.7863 94.6579 -98.695 -57.8 1.9 1.7 4.3
2004.7890 107.463 -96.8077 -67.9 1.5 1.2 3.5
2006.5918 95.5443 -135.331 -61.4 1.2 1.0 3.0
2006.5945 95.6921 -134.11 -60.1 1.2 0.9 3.0
2009.5315 82.7887 -189.73 -76.5 1.1 0.9 3.0
2009.5342 82.7394 -191.062 -81.7 1.1 0.9 2.9
2009.5370 85.1527 -190.618 -78.4 1.1 0.9 2.9
2009.5397 79.883 -190.063 -69.3 1.1 0.9 2.9
2009.5425 83.6752 -190.618 -78.6 1.1 0.9 2.9
2009.5452 80.1292 -190.063 -75.1 1.1 0.9 2.9
2014.7315 44.8172 -289.424 -91.5 1.7 1.2 3.9
2014.7342 47.7229 -289.424 -92.8 1.4 1.1 3.6
2014.7370 45.7529 -289.202 -91.4 1.5 1.2 4.0
2014.7397 47.8707 -289.868 -94.9 1.5 1.2 4.1
2014.7425 45.5067 -291.311 -88.1 1.3 1.1 3.7
2014.7452 45.7037 -291.644 -93.9 1.4 1.0 3.5
2014.7479 50.4317 -292.421 -104.8 3.9 2.1 6.5
2015.6219 45.3097 -306.077 -94.2 1.8 1.2 3.8
2015.6247 45.3589 -303.523 -87.7 1.5 1.1 3.4
2015.6274 41.7145 -304.855 -83.4 1.9 1.2 3.8
2016.5890 34.4255 -324.728 -112 1.2 1.0 3.9
2016.5918 31.1258 -325.172 -123.9 1.8 1.3 4.8
2016.5945 35.9523 -323.728 -126.6 1.8 1.2 4.5
2017.5699 29.6975 -356.035 -141.3 1.3 1.1 4.3
2017.5726 29.0081 -351.483 -112.2 1.2 1.0 4.0
2017.5753 30.6825 -349.374 -133.5 1.2 1.0 4.0
2017.5781 28.9588 -347.486 -123.2 1.2 1.0 3.9
2018.5562 21.7191 -367.248 -77.3 1.2 0.9 3.0
2018.5589 18.9119 -364.361 -81 1.1 0.9 2.9
2018.5616 14.8734 -360.697 -76.2 1.5 1.0 3.4
2019.5123 19.6999 -393.781 -149.6 1.3 1.0 3.9
2019.5151 18.0254 -391.338 -144.8 1.3 1.0 3.9
2019.5178 20.4879 -391.783 -149.9 1.3 1.0 3.9
2019.5205 19.2074 -388.341 -144.2 1.9 1.3 4.9
2020.5260 -1.08349 -409.545 -114.3 1.5 1.2 5.0
2020.5288 8.07694 -408.213 -130.8 1.6 1.5 5.3
2021.4438 -6.40246 -420.98 -109 1.7 1.1 3.8
2021.4466 -2.61023 -415.54 -109.5 1.3 1.0 3.7
2021.4493 -0.640246 -418.982 -104.4 1.9 1.5 5.5
