1998.7068 0 0 0 4.6 1.9 6.5
1998.7096 4.73052 -9.66052 11.1 3.3 1.9 5.1
1998.7123 27.4258 -1.66561 -10.6 3.4 3.1 8.1
2002.6712 -58.681 -39.1973 12 3.4 2.4 7.6
2002.6740 -49.3889 -44.3052 1.2 3.9 2.3 6.4
2003.6658 -75.801 -53.1884 31.8 1.4 1.0 2.9
2003.6685 -76.0262 -51.9669 24.6 1.6 1.1 3.4
2004.5644 -84.3046 -66.7353 37.4 3.2 2.5 6.0
2004.5671 -84.6988 -63.8483 46.5 2.2 1.4 3.6
2004.5699 -89.373 -68.0678 46 1.3 0.9 2.7
2004.5726 -84.8115 -63.4041 49.2 1.9 1.2 3.4
2004.5753 -84.9241 -64.1814 39.6 1.2 0.9 2.6
2004.5781 -86.4446 -65.0697 38.9 1.2 0.9 2.6
2012.6110 -200.766 -123.366 99.8 1.2 0.8 2.4
2012.6137 -200.315 -125.032 112.3 1.2 0.8 2.4
2012.6164 -200.371 -124.698 112.3 1.3 0.9 2.7
2014.6411 -239.454 -135.469 124.3 1.2 0.8 2.5
2014.6438 -240.975 -136.913 126.7 1.2 0.8 2.5
2014.6466 -237.99 -136.136 124.1 1.2 0.8 2.5
2014.6493 -241.257 -138.579 121 1.2 0.8 2.5
2014.6521 -239.06 -135.58 119.3 1.4 0.9 2.7
