1999.6712 0 0 0 2.2 1.4 5.1
1999.6740 35.8302 16.5414 -46.6 7.2 4.9 14.8
1999.6767 -12.0568 -2.88642 -53 4.2 3.6 9.2
2000.4712 -9.33432 -27.865 -25.1 1.7 1.3 3.8
2000.4740 -6.70904 -23.4244 -27 1.4 1.1 3.6
2000.4767 -9.96633 -21.6481 -21.8 1.5 1.2 3.8
2002.8521 33.691 -55.286 -24 2.1 1.9 5.4
2002.8548 26.982 -56.9513 -27.2 1.6 1.3 4.4
2002.8575 32.0381 -58.5055 -29.2 1.5 1.2 4.0
2002.8603 33.448 -57.3953 -28.5 1.9 1.4 4.4
2002.8630 39.2333 -59.5046 -31.4 3.2 2.5 7.2
2003.4000 50.7067 -72.2715 -18 1.8 1.5 4.8
2004.3945 52.6028 -97.6942 -34.5 2.5 1.5 5.1
