2001.7753 0 0 0 2.8 2.1 6.1
2001.7781 4.63466 -5.10663 13.9 1.6 1.2 3.8
2001.7808 1.72008 -2.77534 1.2 1.6 1.3 3.9
2001.7836 4.87356 -3.10838 -2.9 1.4 1.2 3.8
2001.7863 3.39238 -3.44142 2.7 1.4 1.1 3.8
2001.7890 4.58688 -1.88723 1.7 1.4 1.1 3.7
2001.7918 4.73022 -3.99649 -1.4 1.4 1.2 3.8
2001.7945 7.07143 -3.66345 10.9 1.9 1.7 5.3
2013.5452 -16.2452 -305.954 -3 1.5 1.0 3.0
2013.5479 -15.9107 -306.065 -1.4 1.5 1.0 3.1
2013.5507 -16.6274 -306.842 -14.9 1.5 1.0 3.0
2013.5534 -16.2452 -308.174 -8.3 1.5 1.0 3.1
2013.5562 -18.8253 -307.397 -4.3 1.5 1.0 3.0
2013.5973 -16.6274 -308.396 -1.1 1.5 1.1 3.3
2013.6000 -11.8972 -306.065 2.1 1.5 1.0 3.3
2013.6027 -9.55599 -306.287 -6.1 1.5 1.0 3.3
2013.6055 -8.79151 -304.955 -10.6 1.5 1.0 3.3
2013.6082 -15.0507 -310.616 -17.7 2.2 1.5 4.8
