2002.3973 0 0 0 2.1 1.6 4.8
2002.4000 6.45441 5.32983 3.7 6.8 3.9 11.5
2002.5014 4.78516 -4.44153 12.2 2.7 1.7 5.3
2002.5041 -1.33539 -4.66361 17.3 2.8 1.8 5.8
2002.5068 3.17156 -0.666229 7.1 2.8 1.7 5.5
2005.5315 -95.592 84.278 76.4 1.9 1.2 4.0
2005.5342 -102.102 85.9436 68.8 1.5 1.1 3.5
2005.5370 -100.989 84.7222 64.3 1.6 1.1 3.6
2005.5397 -99.153 85.3884 71.9 1.6 1.2 3.8
2007.5836 -162.195 125.695 76.3 2.7 2.6 6.2
2007.5863 -161.471 123.03 73.4 1.4 1.0 3.2
2008.5425 -194.133 141.352 98.4 1.5 1.1 3.4
2008.5452 -196.247 139.02 77.6 1.4 1.0 3.2
2008.5479 -197.805 147.903 83 1.5 1.0 3.3
2008.5507 -193.521 144.128 78.4 1.4 1.0 3.2
