2002.5041 0 0 0 8.1 4.6 10.6
2002.5068 37.667 8.21679 -11.4 4.0 2.1 5.8
2002.5096 31.9532 3.55321 -0.9 2.2 1.3 3.6
2006.5452 -112.224 83.3893 65.5 1.7 1.0 2.7
2006.5479 -112.946 80.5023 70.9 1.7 1.0 2.7
2006.5507 -113.833 79.9471 82 1.7 1.0 2.8
2006.5534 -116.607 79.3919 73 1.7 0.9 2.7
2006.5562 -112.946 81.6127 68.9 1.7 0.9 2.8
2007.5781 -147.672 88.497 84.6 3.0 2.8 5.0
2007.5808 -149.281 94.9372 76.5 1.7 1.0 2.7
2007.5836 -148.172 95.6034 82.4 1.7 1.0 2.7
2007.5863 -148.338 92.7164 89.1 2.4 1.3 3.7
2008.5425 -167.976 104.486 103.2 1.7 1.0 2.7
2008.5452 -175.521 104.153 106.7 1.6 1.0 2.7
2008.5479 -174.189 101.71 97.6 1.7 1.0 2.7
2008.5507 -175.354 101.599 99.8 1.7 1.0 2.7
2008.5534 -174.467 103.265 110.4 1.6 1.0 2.7
2008.5562 -170.084 104.82 109.9 1.7 1.0 2.7
2008.5589 -176.741 102.71 98.1 1.6 1.0 2.7
2008.5616 -174.633 101.71 102.8 1.7 1.0 2.7
2008.5644 -175.465 99.9339 104.7 1.7 1.0 2.7
2008.5671 -179.015 102.044 108.8 1.6 1.0 2.6
2008.5699 -175.243 99.8229 105.3 1.6 1.0 2.7
2008.5726 -176.242 101.599 102.2 1.6 1.0 2.7
2008.5753 -175.521 102.155 110.2 1.7 1.1 2.7
2008.5781 -181.179 104.82 118.6 1.9 1.1 3.1
