2005.5178 0 0 0 2.2 1.4 4.5
2005.5205 -3.21751 -1.33245 3.1 2.6 1.5 4.9
2005.5233 -5.65838 -1.66556 -6.1 2.7 1.6 5.1
2005.5260 -6.43503 0.111038 0.5 2.2 1.3 4.2
2005.5288 -7.82188 9.10509 -14.1 5.5 3.5 7.6
2007.5781 -59.1911 12.4362 30.4 3.5 3.0 6.7
2007.5808 -64.6831 28.0925 12.7 1.8 1.1 3.4
2007.5836 -62.4641 30.2022 13.8 1.8 1.1 3.3
2007.5863 -63.6846 27.6484 11.8 2.3 1.2 3.9
2008.5425 -101.851 39.3073 26.5 1.9 1.2 3.5
2008.5452 -99.9648 37.3087 23.8 1.9 1.1 3.4
2008.5479 -94.7502 41.195 10.1 1.9 1.2 3.6
2008.5507 -99.9093 39.0853 16.8 1.9 1.2 3.5
2008.5534 -96.9137 40.4177 24.3 1.9 1.2 3.5
