1999.3890 0 0 0 6.7 3.5 10.1
2000.4055 5.22309 -0.555189 16.3 5.6 2.7 8.6
2000.4082 -22.1148 2.10972 5.7 2.0 1.3 4.2
2000.4110 -27.2267 4.33048 -10.6 2.4 1.5 5.1
2002.3479 -38.4508 -18.6544 38.3 3.3 2.3 6.8
2002.3507 -39.2843 -18.7654 38.9 1.5 1.0 3.2
2002.3534 -45.0075 -18.8765 36.5 1.5 1.1 3.3
2002.3562 -47.4523 -15.9895 39 2.8 1.9 5.5
2003.5781 -55.4537 -25.4277 83.7 2.6 1.6 5.5
2003.5808 -47.8968 -32.312 44.3 4.2 3.0 7.8
2003.5836 -57.2317 -20.9862 52.3 2.5 1.4 5.1
2003.5863 -58.343 -23.318 66.1 2.7 1.5 5.1
2003.5890 -45.5631 -22.6517 75 3.7 2.0 7.2
2004.4795 -50.6195 -24.8725 96.4 2.5 1.4 4.8
2004.4822 -60.899 -31.9789 96.2 2.0 1.1 4.0
2004.4849 -60.899 -29.0919 102.4 2.4 1.4 4.7
2005.7315 -80.6245 -36.8646 129.6 1.8 1.1 3.7
2005.7342 -79.791 -36.3094 127.7 1.8 1.1 3.7
2011.4219 -139.634 -88.0531 197.7 1.7 1.1 3.3
2011.4247 -139.968 -87.72 202.9 1.5 1.0 3.1
2011.4274 -141.746 -88.1641 201.9 1.6 1.1 3.3
2011.4301 -143.968 -87.1648 192.2 2.0 1.1 3.7
2012.4712 -148.136 -98.0465 214.9 1.3 0.9 2.8
2012.4740 -147.08 -98.2686 212.6 1.7 1.1 3.4
2013.4877 -166.139 -107.929 227.1 1.4 0.9 3.0
2013.4904 -161.138 -109.928 218.9 1.6 1.0 3.1
2015.4712 -184.197 -131.469 282.3 1.5 0.9 3.1
2015.4740 -176.474 -127.805 283.5 1.8 1.2 3.5
2016.5370 -193.643 -133.246 301 1.6 1.0 3.3
2016.5397 -191.365 -136.133 314.8 1.8 1.1 3.5
2017.7096 -219.314 -113.814 364.9 1.7 1.0 3.4
2017.7123 -220.203 -112.037 361.6 1.6 1.0 3.3
2017.7151 -221.426 -113.37 353.8 1.7 1.0 3.3
2017.7178 -223.871 -112.037 355.8 1.6 1.0 3.3
2017.7205 -219.759 -111.371 365.4 1.6 1.0 3.3
2021.5123 -257.987 -140.019 443.4 2.2 1.3 4.2
2021.5151 -267.322 -147.125 458 2.1 1.2 4.2
2021.5178 -270.045 -142.462 439.7 2.5 1.8 5.7
