1997.6575 0 0 0 3.0 2.1 5.5
1997.6603 4.22856 4.88528 -6.1 2.9 2.0 5.1
1998.6932 -13.7957 -24.2043 -4 1.6 1.1 3.2
1998.6959 -18.8171 -27.3132 6.1 4.0 2.0 7.4
1999.6521 -31.8727 -65.0631 0.8 7.0 4.6 12.0
1999.6548 -25.107 -66.7285 19.8 1.5 1.0 3.1
1999.6575 -23.9971 -67.3947 14.4 1.9 1.3 3.7
2000.6301 -28.5956 -89.8225 -0.8 2.4 1.6 4.6
2000.8247 -40.1184 -101.481 1.8 2.0 1.4 4.6
2001.4877 -50.637 -114.804 25.4 1.7 1.4 3.8
2001.5205 -45.1398 -112.25 15.8 1.8 1.4 3.9
2002.3753 -62.054 -128.239 17.3 1.4 1.1 3.3
2002.3781 -60.7326 -129.238 18.7 1.4 1.0 3.3
2002.3808 -60.0983 -128.35 1.8 2.2 1.6 4.3
2004.3863 -128.284 -172.761 17.3 1.2 0.9 2.6
2004.3890 -129.87 -171.207 19.2 1.2 0.9 2.6
2004.3918 -133.569 -171.429 19.3 1.1 0.8 2.5
2006.3562 -165.072 -196.077 42.4 1.2 0.8 2.5
2006.3589 -167.292 -192.858 29.3 1.2 0.8 2.5
2006.3616 -168.719 -194.967 25.2 1.2 0.8 2.5
2006.3644 -166.182 -194.19 25.7 1.2 0.8 2.5
2006.3671 -167.768 -196.966 31.7 1.2 0.9 2.6
2010.4795 -180.189 -299.334 -1.9 4.8 2.7 8.5
2010.4822 -188.646 -298.335 -5 4.4 3.6 8.1
2011.4027 -199.588 -310.882 9.2 1.1 0.8 2.4
2011.4055 -201.491 -313.657 12.5 1.3 1.0 2.7
2012.3973 -206.459 -335.197 13.9 3.0 2.2 5.2
2012.4000 -211.956 -333.865 23 1.1 0.8 2.4
2012.4027 -213.859 -332.754 21.9 1.2 0.9 2.6
2012.6082 -211.481 -335.641 16.3 1.1 0.8 2.3
2012.6110 -212.062 -337.751 19.7 1.1 0.8 2.3
2012.6137 -212.221 -336.085 22 1.3 0.9 2.7
2013.4904 -229.346 -357.847 25 1.8 1.1 3.2
2013.4932 -222.105 -359.29 30.7 1.6 1.2 3.1
2013.4959 -230.033 -355.737 25.9 1.1 0.8 2.4
2013.4986 -232.993 -357.625 28.8 1.7 1.1 3.2
2014.4384 -239.601 -368.284 27.7 1.1 0.8 2.5
2014.4411 -243.089 -367.506 24.9 1.1 0.8 2.5
2014.4438 -242.032 -366.951 24.2 1.1 0.8 2.5
2014.4466 -239.601 -374.057 17.3 1.9 1.2 3.8
2015.3562 -256.885 -380.497 21.7 1.2 0.9 2.7
2015.3589 -258.999 -380.608 19 1.2 0.8 2.5
2015.3616 -256.409 -379.053 15.5 1.4 1.0 2.8
2015.3644 -257.572 -377.832 21 1.5 1.3 3.2
2016.4822 -275.543 -391.267 5.1 1.2 0.8 2.5
2016.4849 -280.353 -389.379 14 1.1 0.8 2.4
2016.4877 -278.873 -387.492 13.2 1.1 0.8 2.4
2016.4904 -278.979 -389.712 15.3 1.1 0.8 2.4
2016.4932 -276.283 -387.158 21.1 1.2 0.9 2.7
2017.4000 -288.229 -388.824 25.5 3.4 2.0 5.9
2017.4027 -293.567 -395.375 19.2 1.1 0.8 2.4
2017.4055 -294.466 -394.82 29.4 2.0 1.6 3.8
2018.9397 -329.14 -428.35 30.7 1.2 0.8 2.5
2018.9425 -328.929 -427.129 31.4 1.2 0.8 2.5
2018.9452 -329.299 -425.464 31 1.2 0.8 2.5
2018.9479 -329.827 -426.352 29.3 1.1 0.8 2.5
2018.9507 -329.563 -426.907 30.1 1.1 0.8 2.5
2018.9534 -328.982 -425.908 37.4 1.2 0.8 2.5
2019.0493 -332.047 -427.906 19.8 1.2 0.9 2.5
2019.0521 -330.567 -428.461 21 1.1 0.8 2.5
2019.0548 -331.73 -430.016 21 1.2 0.8 2.6
2019.0575 -329.774 -429.683 21.1 1.2 0.8 2.6
2019.1288 -330.356 -426.13 25 1.1 0.8 2.4
2019.1315 -330.884 -425.797 28.6 1.1 0.8 2.5
2019.1342 -334.479 -425.464 25.2 3.5 2.0 5.5
2019.1425 -333.21 -426.13 23.9 1.1 0.9 2.5
2019.1452 -333.844 -424.131 16.1 1.1 0.8 2.5
2019.1479 -333.316 -426.574 14.4 1.1 0.8 2.5
2019.1507 -332.999 -425.797 19.2 1.1 0.8 2.5
2019.2959 -334.532 -427.018 14.8 1.2 0.9 2.7
2019.2986 -333.633 -427.129 13 1.1 0.8 2.5
2019.3014 -336.434 -427.24 15.5 1.1 0.8 2.5
2019.3781 -335.694 -431.681 10.6 1.2 0.9 2.5
2019.3808 -334.743 -429.128 21.1 1.1 0.8 2.5
2019.3836 -334.954 -431.792 13.7 1.1 0.8 2.5
2019.5370 -337.65 -431.681 15.5 1.1 0.8 2.5
2019.5397 -339.712 -430.682 20.6 1.1 0.8 2.6
2019.5425 -333.527 -435.012 9.6 1.1 0.8 2.6
2019.5452 -340.874 -433.347 25 1.1 0.8 2.6
2019.5479 -340.874 -432.791 22.8 1.2 0.9 2.7
2019.5507 -336.646 -432.125 20.6 1.1 0.8 2.5
2019.7068 -344.944 -433.347 56.7 1.1 0.8 2.5
2019.7096 -344.997 -433.458 62.3 1.1 0.8 2.4
2019.7123 -342.46 -431.015 53.9 1.1 0.8 2.5
2019.8795 -344.944 -434.79 21.6 1.2 0.8 2.6
2019.8822 -344.31 -434.568 24.9 1.2 0.8 2.5
2019.8849 -343.993 -433.68 26.2 1.3 0.9 2.7
