2005.9973 0 0 0 1.4 0.9 2.6
2006.0000 1.52848 -1.11042 -0.4 1.4 0.9 2.6
2006.0027 -2.26441 -0.333125 0.7 1.3 0.9 2.6
2006.0055 1.6417 1.88771 1.4 1.3 0.9 2.6
2006.0082 2.49086 1.22146 -5.8 1.4 0.9 2.7
2006.0110 6.11392 5.21895 -1.2 1.4 0.9 2.6
2006.0137 2.7173 1.88771 -8.2 1.4 0.9 2.6
2006.0164 -0.226441 3.33124 -1.7 1.4 0.9 2.6
2006.0192 1.69831 0.111041 -1.4 1.3 0.9 2.6
2006.0219 -2.43425 -1.44354 0.2 1.4 0.9 2.7
2006.0247 0.905766 -0.888332 -2.4 1.4 0.9 2.7
2006.0274 -1.35865 -0.333125 -1.5 1.4 0.9 2.7
2006.0301 2.37764 2.33187 -0.6 1.4 0.9 2.6
2006.0329 4.75527 2.44291 -0.5 1.4 0.9 2.6
2006.0356 0.735935 1.22146 -1 1.4 0.9 2.6
2006.0384 -5.88748 2.10979 -1.1 1.4 0.9 2.6
2006.0411 3.56645 3.2202 6.7 1.3 0.9 2.6
2006.0438 -4.86849 -1.3325 5.7 1.4 0.9 2.6
2006.0466 -3.73628 3.77541 -4.4 1.4 0.9 2.7
2006.0493 1.18882 0.77729 3.7 1.3 0.9 2.6
2006.0521 -1.81153 2.44291 -2 1.4 0.9 2.7
2006.0548 0.849156 2.22083 -0.4 1.4 0.9 2.7
2006.0575 0.849156 2.88708 4.9 1.3 0.9 2.6
2006.0603 1.92475 2.55395 -8.4 1.4 0.9 2.6
2006.0630 -2.60408 2.88708 -5.8 1.3 0.9 2.6
2006.0658 3.22679 3.10916 -2.6 1.4 0.9 2.7
2006.0685 7.47257 1.99875 4.8 1.2 0.9 2.6
2006.0712 0.566104 2.55395 6.9 1.2 0.8 2.6
2006.0740 -2.2078 4.33062 1.4 1.3 0.8 2.6
2006.0767 -4.07594 4.21958 -4.5 1.2 0.8 2.6
2006.0795 1.86814 2.99812 -7.8 1.3 0.8 2.5
2006.0822 0.0566114 3.55333 -9.5 1.3 0.8 2.5
2006.0849 -3.39662 1.77666 -0.6 1.2 0.8 2.5
2006.0877 -3.22679 3.2202 -11.7 1.2 0.8 2.5
2006.0904 -8.37833 4.44166 -23.2 1.3 0.9 2.6
2006.0932 -4.64205 2.22083 -12.3 1.3 0.9 2.6
2006.0959 -4.41561 1.66562 -11.8 1.2 0.9 2.5
2006.0986 -3.11357 -1.99875 -15.2 1.2 0.9 2.6
2006.1014 -2.49086 1.11042 -13.4 1.2 0.9 2.6
2006.1041 -7.69901 -0.111042 -14.6 1.2 0.9 2.6
2006.1068 0.113221 1.55458 -13.5 1.3 0.9 2.6
2006.1096 -7.86884 -1.11042 -13 1.3 0.9 2.6
2006.1123 -1.86814 2.55395 -17.6 1.4 0.9 2.6
2006.1151 -4.69866 0.222083 -20.5 1.2 0.9 2.6
2006.1178 -1.98136 2.99812 -30.5 1.3 0.9 2.6
2006.1205 -0.735935 2.99812 -26.2 1.2 0.9 2.6
2006.1233 0 -1.55458 -0.5 1.3 0.9 2.6
2006.1260 -2.94374 -3.55333 -13.6 1.3 0.9 2.6
2006.1288 -3.39662 3.88645 -18.9 1.2 0.9 2.6
2006.1315 -6.84985 2.10979 -11.1 1.2 0.9 2.6
2006.1342 -0.962376 4.66374 -20 1.3 0.9 2.6
2006.1370 -2.88713 2.88708 -21.6 1.3 0.9 2.6
2006.1397 -9.51054 3.88645 -22.7 1.3 0.9 2.6
2006.1425 1.13221 -2.77604 -16.1 1.3 0.9 2.6
2006.1452 -0.905766 -3.55333 -16.8 1.3 0.9 2.6
2006.1479 -2.60408 1.88771 -16.2 1.3 0.9 2.6
2006.1507 -1.47187 1.11042 -14.3 1.3 0.9 2.6
2006.1534 -5.03832 -0.333125 -19.8 1.3 0.9 2.6
2006.1562 -2.03797 -4.44166 -2.7 1.3 0.9 2.6
2006.1589 -0.169831 0 -8.9 1.2 0.9 2.6
2006.1616 -3.73628 0.555207 -18.5 1.2 0.9 2.6
2006.1644 -3.05696 2.665 -20.5 1.3 0.9 2.7
2006.1671 -4.81188 -2.10979 -12.3 1.3 0.9 2.6
2006.1699 -2.49086 -2.99812 -7.7 1.3 0.9 2.6
2006.1726 -3.2834 -2.10979 -6 1.2 0.9 2.5
2006.1753 -3.73628 -0.888332 -10.2 1.2 0.9 2.6
2006.1781 -14.4923 1.11042 -31.1 1.3 0.9 2.6
2006.1808 -2.83052 -2.33187 -16.3 1.3 0.9 2.6
2006.1836 -11.5485 0.77729 -40 1.2 0.9 2.5
2006.1863 -10.6427 -1.22146 -40.5 1.2 0.9 2.6
2006.1890 -10.8692 -1.3325 -16.9 1.2 0.9 2.6
2006.1918 -3.34001 -3.33125 -8.8 1.3 0.9 2.6
2006.1945 -3.90611 -1.3325 -15.8 1.3 0.9 2.7
2006.1973 -9.39732 -0.555208 -21.8 1.3 0.9 2.6
2006.2000 -4.359 1.55458 -24.8 1.3 0.9 2.7
2006.2027 -2.83052 -1.99875 -18.2 1.3 0.9 2.6
2006.2055 -6.5668 -1.44354 -18 1.4 0.9 2.7
2006.2082 -3.11357 0.333124 -17.5 1.4 0.9 2.7
2006.2110 -7.24612 -2.88708 -17.7 1.3 0.9 2.7
2006.2137 -5.54781 -2.22083 -16.8 1.3 0.9 2.6
2006.2164 -6.05731 -2.55395 -27.4 1.3 0.9 2.7
2006.2192 -3.00035 -2.665 -24.9 1.3 0.9 2.6
2006.2219 -5.09493 3.2202 -26.2 1.4 0.9 2.7
2006.2247 -2.83052 -0.888332 -26.8 1.4 0.9 2.7
2006.2274 -2.26441 0.333124 -20.7 1.4 0.9 2.7
2006.2301 1.01899 -0.444166 -19.3 1.4 0.9 2.7
2006.2329 -3.56645 -2.10979 -25.9 1.4 0.9 2.7
2006.2356 -2.94374 -2.665 -28 1.4 0.9 2.7
2006.2384 -0.792545 -4.99687 -29.8 1.3 0.9 2.6
2006.2411 -7.81223 -0.333125 -23.5 1.3 0.9 2.6
2006.2438 -5.15154 -1.77666 -21.7 1.3 0.9 2.6
2006.2466 -6.05731 -1.22146 -21.3 1.3 0.9 2.7
2006.2493 -3.62306 -3.10916 -22.4 1.2 0.9 2.6
2006.2521 -4.01933 0.222083 -37 1.3 0.9 2.6
2006.2548 -2.26441 -2.77604 -27.4 1.3 0.9 2.6
2006.2575 -3.11357 -1.3325 -29.8 1.3 0.9 2.6
2006.2603 -8.09528 1.22146 -37.2 1.6 1.0 2.9
2006.2630 -7.86884 -1.3325 -40.4 1.4 1.1 3.1
2006.2658 -5.03832 -3.33125 -26.5 1.4 0.9 2.8
2006.2685 5.4912 -4.66374 -21.1 1.3 0.9 2.7
2006.2712 2.88713 -6.44041 -37.8 1.3 0.9 2.7
2006.2740 -4.30239 -2.33187 -13.4 1.4 0.9 2.7
2006.2767 -4.98171 -0.888332 -20.4 1.4 0.9 2.8
2006.2795 -3.8495 -4.44166 -27.3 1.4 0.9 2.8
2006.2822 -5.26476 -0.999374 -35.2 1.3 0.9 2.6
2006.2849 -8.83122 -3.99749 -25.6 1.5 1.0 2.9
2006.2877 -4.24578 0.111041 -24.8 1.3 0.9 2.7
2006.2904 -9.68037 -0.888332 -19.4 1.3 0.9 2.7
2006.2932 -3.34001 -4.21958 -20.9 1.3 0.9 2.7
2006.2959 -5.32137 -2.99812 -20.7 1.3 0.9 2.7
2006.2986 -4.30239 -3.99749 -24.4 1.3 0.9 2.7
2006.3014 -2.77391 -0.666249 -18.2 1.4 0.9 2.7
2006.3041 -4.07594 -2.665 -28.6 1.3 0.9 2.6
2006.3068 -10.756 -5.32999 -27 1.4 0.9 2.6
2006.3096 -10.9258 -4.10854 -27.3 1.3 0.9 2.7
2006.3123 -11.1522 -2.665 -30.8 1.3 0.9 2.7
2006.3151 -9.96342 -3.33125 -35.9 1.3 0.9 2.7
2006.3178 -8.71799 -4.21958 -29.8 1.3 0.9 2.7
2006.3205 -9.2841 -2.77604 -26.5 1.3 0.9 2.7
2006.3233 -6.45358 -4.5527 -18.3 1.4 0.9 2.7
2006.3260 -5.66104 -4.33062 -19.4 1.3 0.9 2.6
2006.3288 -4.01933 -4.21958 -13.2 1.3 0.9 2.7
2006.3315 -1.01899 -6.21832 -15.6 1.3 0.9 2.7
2006.3342 -4.41561 -7.43978 -16.8 1.3 0.9 2.6
2006.3370 -7.58579 -5.55208 -18.5 1.3 0.9 2.6
2006.3397 -6.22714 -8.10603 -25.7 1.4 0.9 2.7
2006.3425 -5.66104 -6.10728 -18.6 1.4 0.9 2.7
2006.3452 -9.17088 -4.77478 -33.1 1.3 0.9 2.7
2006.3479 -2.77391 -5.66312 -23.9 1.3 0.9 2.6
2006.3507 -4.69866 -4.44166 -23.2 1.3 0.9 2.6
2006.3534 -6.22714 -8.5502 -27.1 1.4 0.9 2.7
2006.3562 -9.45393 -7.10666 -21.5 1.4 0.9 2.6
2006.3589 -5.03832 -5.66312 -26.2 1.4 0.9 2.6
2006.3616 -3.73628 -5.66312 -17.9 1.4 0.9 2.7
2006.3644 -8.37833 -7.32874 -23.3 1.4 0.9 2.7
2006.3671 -6.0007 -6.66249 -16.4 1.3 0.9 2.6
2006.3699 -6.28375 -6.55145 -17.9 1.3 0.9 2.6
2006.3726 -5.09493 -6.21832 -20.3 1.3 0.9 2.6
2006.3753 -9.90681 -6.99561 -19.2 1.3 0.9 2.7
2006.3781 -4.13256 -5.8852 -21.5 1.4 0.9 2.6
2006.3808 -7.24612 -5.21895 -26.1 1.4 0.9 2.6
2006.3836 -6.90646 -8.77228 -31.1 1.4 0.9 2.6
2006.3863 -6.68002 -6.44041 -21.2 1.4 0.9 2.6
2006.3890 -15.0017 -17.8777 11.2 1.4 0.9 2.6
2006.3918 -5.66104 -7.99499 -16.1 1.4 0.9 2.6
2006.3945 -4.18917 -5.44103 -16.7 1.4 0.9 2.6
2006.3973 -8.88783 -8.5502 -12.1 1.4 0.9 2.7
2006.4000 -9.00105 -8.88332 -17.3 1.4 0.9 2.7
2006.4027 -6.68002 -6.32937 -18 1.3 0.9 2.6
2006.4055 -4.24578 -6.10728 -10.4 1.3 0.9 2.6
2006.4082 -1.52848 -6.88457 -3.9 1.4 0.9 2.6
2006.4110 -3.39662 -8.32811 -14.2 1.3 0.9 2.6
2006.4137 -5.94409 -7.7729 -12.8 1.3 0.9 2.6
2006.4164 -5.20815 -8.32811 -11.9 1.3 0.9 2.6
2006.4192 -3.90611 -6.66249 -18.6 1.4 0.9 2.6
2006.4219 -6.11392 -7.43978 -19.9 1.4 0.9 2.6
2006.4247 -8.7746 -8.88332 -24.6 1.4 0.9 2.7
2006.4274 -7.69901 -8.88332 -16.5 1.4 0.9 2.7
2006.4301 -4.47222 -9.66061 -6 1.4 0.9 2.7
2006.4329 3.17018 -11.1041 -2.9 1.3 0.9 2.6
2006.4356 -3.11357 -9.66061 -16.3 1.4 0.9 2.6
2006.4384 -1.92475 -10.1048 -16.9 1.4 0.9 2.6
2006.4411 -0.509493 -10.4379 -20.5 1.3 0.9 2.6
2006.4438 -2.2078 -11.2152 -19.4 1.3 0.9 2.6
2006.4466 -1.52848 -10.2158 -16.6 1.3 0.9 2.6
2006.4493 -1.6417 -9.54957 -23.6 1.3 0.8 2.6
2006.4521 -3.00035 -6.77353 -20.5 1.3 0.8 2.6
2006.4548 -3.11357 -8.10603 -18.9 1.4 0.8 2.6
2006.4575 -4.01933 -10.771 -20.3 1.3 0.8 2.6
2006.4603 0.339663 -12.5477 -7.5 1.3 0.8 2.6
2006.4630 -5.09493 -10.2158 -17.7 1.4 0.9 2.7
2006.4658 -6.45358 -10.2158 -22.4 1.3 0.9 2.7
2006.4685 -2.88713 -9.99373 -20.1 1.3 0.9 2.7
2006.4712 -4.52883 -10.771 -18 1.3 0.9 2.7
2006.4740 -0.566102 -9.88269 -19.1 1.4 0.9 2.7
2006.4767 -2.32102 -10.3269 -14.4 1.3 0.9 2.7
2006.4795 -5.77426 -10.771 -20 1.3 0.9 2.7
2006.4822 -0.622714 -11.6594 -13.9 1.4 0.9 2.7
2006.4849 -4.64205 -14.1023 -18.5 1.3 0.9 2.7
2006.4877 -2.49086 -10.3269 -14.8 1.4 0.9 2.7
2006.4904 -4.86849 -10.3269 -31.7 1.3 0.9 2.7
2006.4932 1.52848 -7.99499 -24 1.2 0.9 2.6
2006.4959 -1.18882 -9.21644 -10.8 1.3 0.8 2.7
2006.4986 -5.54781 -6.66249 -24.6 1.3 0.8 2.7
2006.5014 -11.3787 -4.33062 -32.1 1.3 0.9 2.7
2006.5041 -5.4912 -9.66061 -22.5 1.3 0.8 2.7
2006.5068 -2.37763 -7.43978 -15.1 1.3 0.8 2.7
2006.5096 -3.90611 -10.8821 -14.5 1.3 0.9 2.7
2006.5123 0.679325 -10.2158 -18.6 1.3 0.8 2.7
2006.5151 0.452883 -10.5489 -20.6 1.3 0.8 2.7
2006.5178 -3.34001 -10.771 -22.2 1.3 0.9 2.7
2006.5205 -3.39662 -11.8814 -12.8 1.3 0.8 2.7
2006.5233 -0.849154 -10.9931 -18.3 1.3 0.9 2.7
2006.5260 2.26441 -14.1023 -3.5 1.3 0.9 2.7
2006.5288 -1.47187 -10.1048 -14.6 1.3 0.9 2.7
2006.5315 -13.8129 -9.21644 -34.9 1.3 0.9 2.7
2006.5342 -6.39697 -10.1048 -25.8 1.3 0.9 2.7
2006.5370 -2.60408 -10.4379 -13.4 1.3 0.8 2.7
2006.5397 -4.75527 -13.8802 -2.4 1.3 0.8 2.7
2006.5425 -2.43425 -11.8814 -14.5 1.3 0.9 2.8
2006.5452 -2.49086 -10.9931 -23.3 1.2 0.8 2.6
2006.5479 -6.51019 -12.7698 -15 1.2 0.8 2.6
2006.5507 -2.94374 -15.3237 -9 1.2 0.8 2.6
2006.5534 -6.62341 -14.1023 -8.8 1.2 0.8 2.6
2006.5562 -3.00035 -14.4354 -16.3 1.2 0.8 2.6
2006.5589 1.98136 -12.6587 -14.8 1.2 0.8 2.6
2006.5616 -4.86849 -14.3244 -24.5 1.2 0.8 2.6
2006.5644 -7.13291 -16.4341 -19.5 1.2 0.8 2.6
2006.5671 -5.26476 -12.2146 -18.3 1.2 0.8 2.6
2006.5699 -1.98136 -12.8808 -19.7 1.2 0.8 2.6
2006.5726 0.509494 -13.325 -16.3 1.3 0.9 2.6
2006.5753 -11.6617 -16.3231 -3 1.2 0.8 2.6
2006.5781 -9.51054 -10.9931 -40.9 1.3 0.8 2.6
2006.5808 -5.66104 -11.3262 -25.2 1.2 0.9 2.6
2006.5836 -3.67967 -14.4354 -22.4 1.2 0.8 2.6
2006.5863 -2.7173 -14.7685 -7.9 1.2 0.9 2.7
2006.5890 -3.96273 -14.2133 -14.2 1.2 0.9 2.6
2006.5918 -6.22714 -14.8796 -22.3 1.3 0.9 2.7
2006.5945 -0.905766 -14.1023 -14.1 1.2 0.9 2.7
2006.5973 0.509494 -15.4348 -10.8 1.2 0.9 2.6
2006.6000 -2.37763 -11.6594 -27.9 1.3 0.9 2.7
2006.6027 -3.8495 -15.4348 -29.4 1.2 0.9 2.6
2006.6055 -3.79289 -13.7691 -29.9 1.2 0.9 2.5
2006.6082 -2.83052 -14.4354 -15.2 1.2 0.9 2.6
2006.6110 -4.98171 -13.5471 -8.4 1.2 0.9 2.6
2006.6137 -4.52883 -13.6581 -18.5 1.2 0.9 2.5
2006.6164 -13.2468 -9.99373 -15 1.2 0.9 2.6
2006.6192 -3.8495 -17.1004 -17.3 1.2 0.9 2.5
2006.6219 -6.22714 -18.0998 -18.2 1.3 0.9 2.6
2006.6247 -7.47257 -17.9887 -18.3 1.2 0.9 2.5
2006.6274 -8.09528 -15.5458 -22.8 1.2 0.9 2.5
2006.6301 1.6417 -16.9893 -8.6 1.2 0.9 2.6
2006.6329 -1.30204 -15.99 -21.4 1.2 0.9 2.6
2006.6356 -1.6417 -19.3212 -9.1 1.2 0.9 2.5
2006.6384 -12.4543 -13.1029 -18.4 1.2 0.9 2.6
2006.6411 -2.09458 -16.4341 -12.8 1.2 0.9 2.6
2006.6438 -7.86884 -14.1023 -11.4 1.2 0.9 2.6
2006.6466 -1.92475 -18.2108 -7 1.2 0.9 2.6
2006.6493 -9.11427 -15.7679 -10.7 1.2 0.9 2.7
2006.6521 -0.226441 -20.0985 -11.1 1.3 0.9 2.7
2006.6548 -9.39732 -17.7666 -18.3 1.3 0.9 2.7
2006.6575 -9.96342 -11.3262 -28.1 1.3 0.9 2.7
2006.6603 -9.17088 -12.3256 -24.9 1.2 0.9 2.7
2006.6630 -8.43494 -22.4304 -8.7 1.2 0.9 2.7
2006.6658 -4.58544 -19.7654 -13.9 1.3 0.9 2.7
2006.6685 -2.26441 -18.4329 -11.6 1.2 0.9 2.7
2006.6712 -0.735935 -18.766 -7.7 1.2 0.9 2.7
2006.6740 -8.43494 -16.8783 -12 1.3 0.9 2.7
2006.6767 -4.24578 -17.1004 -14.5 1.3 0.9 2.8
2006.6795 0.792546 -16.4341 -3.9 1.3 0.9 2.8
2006.6822 -2.94374 -19.4323 -14.7 1.2 0.9 2.7
2006.6849 -1.01899 -14.9906 -9.8 1.3 0.9 2.8
2006.6877 -3.00035 -16.9893 -5.1 1.3 0.9 2.8
2006.6904 -5.20815 -19.9875 -6.4 1.3 0.9 2.7
2006.6932 -2.7173 -18.2108 -9.5 1.2 0.9 2.7
2006.6959 -5.32137 -17.8777 -16.3 1.2 0.9 2.7
2006.6986 -0.679324 -18.8771 -7 1.3 0.9 2.7
