2007.4877 0 0 0 1.1 0.8 2.6
2007.4904 4.36794 2.10936 7.1 1.1 0.8 2.5
2007.4932 3.77231 0.111019 1.4 1.1 0.8 2.5
2008.4712 -5.95629 -24.4242 7.6 1.1 0.8 2.5
2008.4740 0.496358 -21.0936 13.1 1.1 0.8 2.4
2008.4767 -7.29645 -21.5377 6.9 1.2 0.9 2.7
2008.4795 -4.41758 -21.4267 1.9 1.1 0.8 2.4
2008.4822 -8.83516 -20.9826 -5.9 2.2 1.6 4.5
2009.4603 -12.3593 -39.5228 3.8 1.1 0.9 2.5
2009.4630 -16.2309 -42.7424 5.3 1.1 0.8 2.4
2009.4658 -16.3302 -43.9636 7.1 1.1 0.8 2.5
2009.4685 -18.0674 -44.0746 10.1 1.2 0.9 2.7
2010.4603 -33.1567 -62.1707 20.6 1.2 0.9 2.7
2010.4630 -35.0925 -61.6156 8.7 1.1 0.9 2.5
2010.4658 -31.618 -62.6148 11.9 1.1 0.8 2.5
2010.4685 -33.8516 -60.7275 4.4 1.1 0.8 2.4
2010.4712 -30.1785 -59.7283 8.8 1.1 0.8 2.5
2010.4740 -36.9786 -62.2817 16.6 1.2 0.9 2.8
2011.5781 -40.056 -89.7035 18.1 1.1 0.8 2.4
2011.5808 -39.9071 -89.0374 20 1.1 0.8 2.4
2011.5836 -37.2764 -87.5941 15.4 1.1 0.8 2.5
2012.6740 -51.2737 -108.244 33.5 1.4 0.9 2.6
2012.6767 -57.6767 -111.019 42.1 3.0 1.5 3.8
2013.6603 -65.4695 -134.111 27.3 1.1 0.8 2.5
2013.6630 -64.179 -134.222 18.9 1.1 0.8 2.5
2013.6658 -60.7541 -134.666 20.7 1.3 0.9 2.6
2013.6685 -65.3206 -137.886 20.2 1.2 0.8 2.5
2013.6712 -61.0519 -135.332 29 1.1 0.8 2.5
2013.6740 -66.363 -133.778 35.3 1.1 0.8 2.5
2013.6767 -55.5424 -124.563 9.8 3.6 1.9 5.9
2014.6767 -68.1995 -157.98 29.2 1.1 0.8 2.5
2014.6795 -69.7878 -157.647 31.3 1.1 0.8 2.5
2014.6822 -69.5397 -156.648 24 1.1 0.8 2.5
2014.6849 -68.4973 -158.646 30.4 1.2 0.9 2.6
2015.6849 -78.1763 -176.52 29.9 1.6 1.0 2.8
2015.6877 -78.9208 -177.853 34.9 1.1 0.9 2.6
2015.6904 -78.8215 -180.517 34.8 3.0 1.9 4.9
2016.7014 -92.7692 -196.504 29.6 1.0 0.8 2.5
2016.7041 -96.7897 -198.391 21.2 1.0 0.8 2.5
2016.7068 -92.1239 -198.169 22.7 1.1 0.8 2.6
2018.4685 -121.111 -227.256 32.8 1.1 0.8 2.5
2018.4712 -121.508 -233.584 38.4 1.1 0.8 2.5
2018.4740 -116.048 -232.696 30.5 1.1 0.8 2.5
2018.4767 -120.218 -238.025 38.7 1.4 0.9 2.8
