1995.5342 0 0 0 1.8 1.5 4.2
1995.5370 8.31448 3.44228 15.5 1.9 1.6 4.6
1995.5397 6.61765 2.44291 1.7 2.0 1.6 4.7
1995.5425 16.3462 2.10979 -14.5 2.0 1.6 4.7
2004.7151 -21.0407 -316.135 99.1 1.1 0.9 2.5
2004.7178 -22.0588 -316.135 99.1 1.1 0.9 2.5
2004.7205 -16.9683 -315.024 97.9 1.1 0.9 2.5
2004.7233 -20.1358 -312.026 102.2 1.2 0.9 2.7
2005.9781 -35.2376 -355.665 118.1 1.4 0.9 2.6
2005.9808 -27.3756 -355.998 118.9 1.3 0.9 2.5
2005.9836 -27.4321 -357.331 113.2 1.3 0.8 2.5
2005.9863 -28.3937 -362.439 121.6 1.3 0.8 2.5
2005.9890 -33.0317 -362.994 114 1.3 0.8 2.6
2005.9918 -30.9389 -362.106 112.1 1.3 0.8 2.5
2005.9945 -27.6018 -358.663 117.8 1.3 0.9 2.5
2005.9973 -28.1674 -362.772 128.3 1.3 0.9 2.6
2006.0000 -29.5249 -366.769 119.7 1.3 0.9 2.5
2006.0027 -26.0747 -361.328 107.7 1.3 0.8 2.5
2006.0055 -27.0928 -357.997 113.2 1.3 0.8 2.5
2006.0082 -30.8824 -361.217 117.1 1.4 0.9 2.7
2006.0110 -20.1923 -352.667 137.7 1.4 1.0 3.0
2006.0137 -28.0543 -354.222 103.8 1.3 0.9 2.6
2006.0164 -37.7828 -356.11 117.8 1.3 0.9 2.6
2006.0192 -33.8236 -360.329 105 1.3 0.9 2.5
2006.0219 -31.0521 -360.551 112.1 1.3 0.9 2.6
2006.0247 -34.4457 -358.997 111.7 1.3 0.9 2.6
2006.0274 -32.2964 -357.775 111.6 1.3 0.9 2.6
2006.0301 -40.1018 -357.664 110.5 1.3 0.9 2.6
2006.0329 -35.1245 -355.332 108.7 1.3 0.9 2.5
2006.0356 -35.8032 -355.776 116.4 1.3 0.9 2.5
2006.0384 -37.7828 -355.332 113.3 1.3 0.9 2.5
2006.0411 -30.2036 -353.111 109 1.3 0.9 2.6
2006.0438 -33.3711 -355.776 107.9 1.3 0.9 2.6
2006.0466 -34.8417 -356.11 113.7 1.3 0.9 2.6
2006.0493 -38.2353 -356.554 118.8 1.3 0.9 2.5
2006.0521 -33.767 -357.331 113.5 1.3 0.9 2.6
2006.0548 -35.5204 -355.665 112.3 1.3 0.9 2.6
2006.0575 -31.9005 -355.887 119.5 1.3 0.9 2.5
2006.0603 -38.405 -355.887 125.1 1.3 0.9 2.5
2006.0630 -39.4797 -357.997 121.2 1.3 0.9 2.6
2006.0658 -37.1041 -357.22 114.4 1.3 0.9 2.6
2006.0685 -34.7285 -357.775 115.9 1.2 0.8 2.5
2006.0712 -38.0656 -355.665 120.3 1.2 0.8 2.5
2006.0740 -36.6516 -354.555 117.9 1.2 0.8 2.5
2006.0767 -36.5385 -357.331 116 1.2 0.8 2.5
2006.0795 -35.7466 -358.219 110.3 1.2 0.8 2.5
2006.0822 -34.4457 -358.441 115.7 1.2 0.8 2.5
2006.0849 -32.6923 -360.995 113 1.2 0.8 2.5
2006.0877 -29.129 -358.219 111 1.2 0.8 2.5
2006.0904 -28.7896 -359.552 113.1 1.2 0.8 2.5
2006.0932 -29.2987 -360.995 108.7 1.2 0.8 2.5
2006.0959 -22.5113 -360.44 98.8 1.2 0.8 2.5
2006.0986 -24.5475 -363.882 101.4 1.2 0.8 2.5
2006.1014 -19.0611 -359.441 135.5 1.2 0.8 2.5
2006.1041 -24.095 -361.884 117.1 1.2 0.8 2.5
2006.1068 -21.3235 -361.217 102.6 1.2 0.9 2.6
2006.1096 -23.0769 -366.881 100.3 1.2 0.9 2.6
2006.1123 -21.3801 -360.662 116.5 1.4 0.9 2.9
2006.1151 -17.0249 -360.218 91.1 1.2 0.9 2.5
2006.1178 -22.3416 -362.661 102 1.2 0.8 2.5
2006.1205 -22.5113 -361.217 103.6 1.2 0.8 2.5
2006.1233 -10.0113 -359.663 92.7 1.2 0.9 2.6
2006.1260 -7.40951 -367.214 90.9 1.2 0.9 2.5
2006.1288 -23.1335 -363.882 99.4 1.2 0.8 2.5
2006.1315 -19.6833 -359.108 94.6 1.2 0.8 2.5
2006.1342 -8.65385 -358.441 180.7 1.3 0.9 2.8
2006.1370 -23.6991 -360.218 107 1.2 0.9 2.5
2006.1397 -24.8869 -363.216 111.8 1.2 0.9 2.5
2006.1425 -22.3982 -364.771 112.2 1.2 0.8 2.5
2006.1452 -27.0362 -365.659 108.5 1.2 0.8 2.5
2006.1479 -25.7353 -360.662 102.3 1.2 0.9 2.5
2006.1507 -23.8688 -363.66 105.3 1.2 0.8 2.5
2006.1534 -25.1697 -365.215 108.2 1.2 0.8 2.5
2006.1562 -23.4729 -363.327 118.2 1.1 0.9 2.5
2006.1589 -26.0181 -363.438 107 1.1 0.9 2.5
2006.1616 -22.5679 -363.882 101.9 1.2 0.9 2.5
2006.1644 -22.3982 -366.103 102.3 1.3 1.0 2.8
2006.1671 -21.4932 -365.215 104.2 1.2 0.9 2.5
2006.1699 -19.1177 -363.327 102.6 1.2 0.9 2.5
2006.1726 -23.3032 -363.66 103.8 1.1 0.8 2.5
2006.1753 -24.7738 -364.549 108 1.1 0.8 2.5
2006.1781 -30.0905 -361.106 109.3 1.1 0.8 2.5
2006.1808 -26.81 -361.662 106 1.1 0.8 2.5
2006.1836 -25.9616 -363.66 111.1 1.1 0.8 2.5
2006.1863 -23.8122 -366.881 108.3 1.1 0.8 2.5
2006.1890 -21.8326 -367.991 100.2 1.1 0.8 2.5
2006.1918 -20.0792 -366.547 99.7 1.2 0.9 2.6
2006.1945 -19.5136 -367.214 101.6 1.2 0.9 2.6
2006.1973 -22.681 -365.881 101.8 1.2 0.9 2.5
2006.2000 -20.4751 -365.548 101.9 1.2 0.9 2.6
2006.2027 -19.6833 -367.436 97.6 1.2 0.9 2.5
2006.2055 -18.8349 -367.214 100.2 1.2 0.9 2.6
2006.2082 -16.2896 -365.659 95.4 1.2 0.9 2.6
2006.2110 -15.1584 -362.772 92.2 1.2 0.9 2.6
2006.2137 -20.0792 -367.547 102.4 1.2 0.9 2.5
2006.2164 -21.4932 -367.769 98 1.2 0.9 2.5
2006.2192 -20.5882 -368.657 107 1.2 0.9 2.5
2006.2219 -25.5656 -365.992 103 1.2 0.9 2.5
2006.2247 -19.0611 -366.547 101.2 1.2 0.9 2.5
2006.2274 -19.2873 -365.548 100.6 1.3 0.9 2.5
2006.2301 -19.4005 -367.547 102.5 1.3 0.9 2.6
2006.2329 -19.853 -366.436 107.2 1.3 0.9 2.5
2006.2356 -18.7217 -367.214 103.3 1.3 0.9 2.6
2006.2384 -18.948 -368.435 101 1.2 0.9 2.5
2006.2411 -20.9842 -368.435 102.9 1.1 0.8 2.5
2006.2438 -17.8733 -368.657 91.8 1.1 0.8 2.5
2006.2466 -19.3439 -365.104 88.6 1.2 0.9 2.5
2006.2493 -26.5272 -368.768 95.2 1.2 0.8 2.5
2006.2521 -32.9186 -369.434 100.3 1.2 0.8 2.5
2006.2548 -59.5023 -377.429 111.1 1.2 0.9 2.7
2006.2575 -23.586 -368.435 93.9 1.2 0.8 2.5
2006.2603 -25.5656 -368.546 111 1.4 0.9 2.7
2006.2630 -28.4502 -367.769 105.4 1.2 1.0 2.7
2006.2658 -26.6969 -367.103 108.9 1.2 0.9 2.6
2006.2685 -17.8733 -368.213 100.6 1.2 0.9 2.6
2006.2712 -23.1335 -367.547 96.6 1.2 0.9 2.6
2006.2740 -21.8326 -365.548 103.7 1.2 0.8 2.5
2006.2767 -20.4186 -367.769 99.2 1.2 0.8 2.6
2006.2795 -15.6109 -365.215 97.5 1.2 0.8 2.6
2006.2822 -22.2851 -366.881 103.9 1.2 0.8 2.5
2006.2849 -23.3032 -366.881 108.2 1.4 0.9 2.8
2006.2877 -24.7172 -363.993 100.5 1.2 0.8 2.5
2006.2904 -21.4932 -366.103 104.8 1.2 0.8 2.5
2006.2932 -25.0566 -367.769 91.5 1.2 0.8 2.5
2006.2959 -20.1358 -366.658 92.9 1.2 0.8 2.5
2006.2986 -22.7376 -369.434 101.6 1.2 0.8 2.5
2006.3014 -22.9638 -368.99 95.7 1.2 0.9 2.6
2006.3041 -13.1787 -365.104 99.4 1.3 0.9 2.8
2006.3068 -26.0747 -370.434 94.7 1.3 0.9 2.6
2006.3096 -23.8688 -369.879 95.2 1.2 0.8 2.5
2006.3123 -25.1697 -370.989 101.1 1.2 0.8 2.5
2006.3151 -26.0747 -371.433 90.7 1.2 0.9 2.6
2006.3178 -19.6267 -374.32 77.7 1.2 0.8 2.6
2006.3205 -21.4367 -372.322 100.6 1.2 0.9 2.6
2006.3233 -27.8846 -369.657 94.4 1.2 0.9 2.6
2006.3260 -30.2036 -372.211 97.8 1.2 0.8 2.5
2006.3288 -28.6765 -367.103 110.2 1.2 0.8 2.5
2006.3315 -26.1878 -370.212 99 1.2 0.8 2.5
2006.3342 -29.2987 -372.211 106.1 1.2 0.8 2.5
2006.3370 -25.6222 -371.655 94.6 1.2 0.8 2.5
2006.3397 -25.3959 -371.544 96.7 1.2 0.8 2.5
2006.3425 -23.0204 -372.877 96.7 1.2 0.8 2.5
2006.3452 -23.7557 -370.212 96.5 1.2 0.9 2.5
2006.3479 -28.1674 -371.211 109.4 1.2 0.8 2.5
2006.3507 -25.0566 -370.323 106.3 1.2 0.8 2.5
2006.3534 -25.5091 -375.098 107.5 1.3 0.8 2.5
2006.3562 -24.1516 -374.431 101.4 1.2 0.8 2.5
2006.3589 -27.8281 -371.433 100.5 1.2 0.8 2.5
2006.3616 -28.3937 -372.544 101.6 1.2 0.8 2.5
2006.3644 -29.2987 -373.876 104.6 1.2 0.8 2.5
2006.3671 -26.0747 -373.765 103.8 1.2 0.8 2.5
2006.3699 -29.2987 -372.099 105.8 1.2 0.8 2.5
2006.3726 -27.2625 -372.766 109.8 1.2 0.8 2.6
2006.3753 -28.0543 -371.766 108.8 1.2 0.8 2.6
2006.3781 -28.224 -371.988 105.9 1.3 0.8 2.5
2006.3808 -28.5068 -371.655 105.9 1.3 0.8 2.5
2006.3836 -25.2263 -374.542 99.5 1.3 0.8 2.5
2006.3863 -27.715 -370.989 99.5 1.3 0.8 2.5
2006.3890 -29.5815 -371.655 110.5 1.3 0.9 2.5
2006.3918 -27.8846 -371.988 103.3 1.3 0.8 2.5
2006.3945 -25.1697 -371.655 106.1 1.3 0.8 2.5
2006.3973 -29.4118 -374.764 106.9 1.3 0.9 2.6
2006.4000 -30.2602 -374.32 103.3 1.3 0.9 2.6
2006.4027 -27.9978 -371.211 104.8 1.3 0.8 2.5
2006.4055 -26.5272 -372.988 103.2 1.3 0.8 2.5
2006.4082 -28.5068 -371.211 105.9 1.3 0.9 2.5
2006.4110 -28.1674 -374.764 103.6 1.3 0.8 2.6
2006.4137 -26.81 -374.32 114.7 1.3 0.8 2.5
2006.4164 -26.6969 -372.877 109.5 1.3 0.8 2.5
2006.4192 -31.2217 -371.655 104.5 1.3 0.9 2.6
2006.4219 -29.638 -371.877 114.1 1.3 0.9 2.6
2006.4247 -27.0362 -372.988 107.1 1.3 0.9 2.6
2006.4274 -27.2059 -374.431 108.8 1.3 0.9 2.6
2006.4301 -27.5453 -374.653 103.7 1.3 0.9 2.6
2006.4329 -17.4774 -387.201 104.6 1.3 0.9 2.6
2006.4356 -17.3077 -378.651 86.8 1.3 0.8 2.5
2006.4384 -20.2489 -372.655 101.3 1.3 0.8 2.5
2006.4411 -30.4864 -371.322 97.2 1.3 0.8 2.5
2006.4438 -16.7421 -376.763 77.3 1.3 0.8 2.5
2006.4466 -22.172 -372.322 105 1.3 0.8 2.5
2006.4493 -23.9254 -374.987 106.3 1.3 0.8 2.5
2006.4521 -25.5091 -373.321 101.9 1.3 0.8 2.5
2006.4548 -21.3235 -374.32 103 1.3 0.8 2.5
2006.4575 -26.3575 -376.097 101.5 1.3 0.8 2.5
2006.4603 -20.0226 -376.097 95.2 1.3 0.8 2.5
2006.4630 -19.7964 -375.875 96.3 1.3 0.9 2.6
2006.4658 -17.8733 -377.207 93.3 1.3 0.9 2.6
2006.4685 -21.8892 -373.876 97 1.3 0.9 2.6
2006.4712 -21.776 -379.539 100 1.3 0.9 2.6
2006.4740 -22.4548 -376.985 101.6 1.3 0.9 2.6
2006.4767 -22.9073 -376.652 105 1.3 0.9 2.6
2006.4795 -24.6607 -376.874 104.1 1.3 0.9 2.6
2006.4822 -23.6426 -375.986 98.9 1.3 0.9 2.6
2006.4849 -22.5679 -374.209 102.1 1.3 0.9 2.6
2006.4877 -24.1516 -374.987 105 1.3 0.9 2.6
2006.4904 -29.129 -376.319 107.6 1.3 0.9 2.6
2006.4932 -23.9254 -374.32 103.7 1.2 0.8 2.6
2006.4959 -22.9073 -374.098 106.1 1.2 0.8 2.6
2006.4986 -23.4163 -374.431 106 1.2 0.8 2.6
2006.5014 -26.5272 -374.876 103.7 1.2 0.8 2.6
2006.5041 -26.81 -374.987 105.9 1.2 0.8 2.6
2006.5068 -25.905 -374.764 102 1.2 0.8 2.6
2006.5096 -26.3009 -376.208 103.8 1.3 0.8 2.6
2006.5123 -26.8665 -376.541 108.7 1.2 0.8 2.6
2006.5151 -26.1878 -376.43 103.2 1.2 0.8 2.6
2006.5178 -27.0928 -377.096 109 1.2 0.8 2.6
2006.5205 -28.5068 -376.319 106.7 1.2 0.8 2.6
2006.5233 -20.0792 -381.871 84.6 1.2 0.8 2.6
2006.5260 -21.7195 -379.317 102.7 1.2 0.8 2.6
2006.5288 -27.4321 -377.541 110.9 1.2 0.8 2.6
2006.5315 -27.715 -376.763 110.8 1.2 0.8 2.6
2006.5342 -23.7557 -376.43 114.9 1.2 0.8 2.6
2006.5370 -29.7512 -378.096 110.4 1.2 0.8 2.6
2006.5397 -27.3756 -378.873 101.5 1.2 0.8 2.6
2006.5425 -25.7353 -379.206 97.6 1.2 0.9 2.7
2006.5452 -19.5136 -377.763 96.1 1.2 0.8 2.5
2006.5479 -21.3801 -381.649 99.5 1.2 0.8 2.5
2006.5507 -27.1493 -378.207 103.3 1.2 0.8 2.5
2006.5534 -25.8484 -379.539 103.6 1.2 0.8 2.5
2006.5562 -22.5113 -378.54 101.1 1.2 0.8 2.5
2006.5589 -21.3801 -380.428 102.9 1.2 0.8 2.5
2006.5616 -23.6426 -379.65 94.8 1.2 0.8 2.5
2006.5644 -22.681 -379.317 88.1 1.2 0.8 2.5
2006.5671 -29.7512 -378.762 108.8 1.2 0.8 2.5
2006.5699 -27.9412 -378.651 108.2 1.2 0.8 2.5
2006.5726 -26.4706 -375.431 109.7 1.2 0.9 2.5
2006.5753 -29.9208 -380.094 115.5 1.2 0.8 2.5
2006.5781 -30.5996 -376.097 115.1 1.2 0.8 2.5
2006.5808 -30.6561 -378.762 111.2 1.2 0.8 2.5
2006.5836 -28.3937 -378.54 108.3 1.2 0.8 2.5
2006.5863 -25.3394 -378.096 107.7 1.2 0.9 2.6
2006.5890 -18.3258 -382.648 94.6 1.2 0.9 2.6
2006.5918 -25 -381.205 101.5 1.3 0.9 2.6
2006.5945 -27.2625 -379.539 107.5 1.2 0.9 2.6
2006.5973 -27.8281 -380.428 107.8 1.2 0.9 2.5
2006.6000 -27.0928 -378.429 103.2 1.2 0.9 2.6
2006.6027 -30.6561 -381.427 111.7 1.2 0.8 2.5
2006.6055 -29.6946 -379.317 113.1 1.2 0.9 2.7
2006.6082 -24.0385 -380.094 105.5 1.2 0.8 2.5
2006.6110 -21.2104 -378.54 106.7 1.2 0.8 2.5
2006.6137 -30.7127 -379.206 104.7 1.2 0.8 2.5
2006.6164 -33.2579 -376.43 104.7 1.2 0.8 2.5
2006.6192 -27.9412 -381.871 110.8 1.2 0.8 2.5
2006.6219 -29.4118 -380.761 104.1 1.2 0.9 2.6
2006.6247 -28.7331 -381.316 101.8 1.2 0.8 2.5
2006.6274 -30.3733 -380.317 109 1.1 0.8 2.5
2006.6301 -30.9955 -379.539 108.9 1.2 0.9 2.5
2006.6329 -30.3168 -379.983 102.3 1.2 0.9 2.5
2006.6356 -26.6969 -380.094 104.4 1.2 0.8 2.5
2006.6384 -32.4095 -380.761 113.5 1.2 0.9 2.5
2006.6411 -28.8462 -382.315 108.5 1.2 0.8 2.5
2006.6438 -32.6358 -380.317 110 1.2 0.9 2.5
2006.6466 -21.8892 -382.204 103.5 1.2 0.9 2.5
2006.6493 -28.8462 -380.65 111.4 1.2 0.9 2.6
2006.6521 -28.3371 -382.982 106 1.2 0.9 2.6
2006.6548 -30.9955 -382.093 105.7 1.2 0.9 2.7
2006.6575 -30.9389 -379.65 114.6 1.2 0.9 2.6
2006.6603 -34.0498 -380.983 111.2 1.2 0.9 2.7
2006.6630 -27.1493 -381.982 109.2 1.2 0.9 2.7
2006.6658 -28.9027 -382.87 105.7 1.2 0.9 2.6
2006.6685 -31.3349 -382.648 104.6 1.2 0.9 2.7
2006.6712 -31.8439 -380.761 109.3 1.2 0.9 2.6
2006.6740 -29.6946 -382.315 113.2 1.2 0.9 2.7
2006.6767 -29.7512 -382.537 103.6 1.2 0.9 2.8
2006.6795 -26.6403 -381.427 108.4 1.2 0.9 2.7
2006.6822 -27.8281 -383.315 106.4 1.2 0.9 2.7
2006.6849 -25.3394 -381.649 98 1.2 0.9 2.7
2006.6877 -25.5656 -380.761 109.2 1.2 0.9 2.7
2006.6904 -24.5475 -385.869 110 1.2 0.9 2.6
2006.6932 -27.319 -382.426 104.9 1.2 0.9 2.6
2006.6959 -31.957 -381.76 109.2 1.2 0.9 2.6
2006.6986 -30.8258 -382.87 107.7 1.5 1.0 3.1
