2002.5973 0 0 0 1.5 1.5 4.4
2002.6000 -0.218159 -2.77586 26.1 1.5 1.6 4.7
2002.6027 -5.39941 -8.21656 -2.5 1.4 1.5 4.4
2002.6055 -10.7988 1.22138 18.5 1.5 1.5 4.6
2002.6082 -9.21718 0.999311 33.5 1.5 1.5 4.4
2002.6110 -1.09079 -2.66483 28.4 1.6 1.7 4.7
2002.6137 -7.96277 0.999311 14.9 1.5 1.6 4.5
2003.5342 -44.2861 42.3042 8.9 2.0 2.1 5.9
2003.5370 -40.1411 40.9718 14.8 1.9 1.9 5.8
2003.5397 -58.7936 43.7476 -3 2.8 2.2 6.6
2003.5425 -47.8857 37.5297 -9.3 2.1 2.1 5.6
2006.4384 -12849 -1818.41 867.3 1.6 1.6 4.2
2006.4411 -12853.2 -1821.52 863.5 1.6 1.7 4.3
2006.4438 -12844.5 -1813.53 861.9 1.6 1.7 4.3
2007.4466 -154.183 125.469 24.2 1.4 1.4 3.9
2007.4493 -155.71 130.355 27.7 1.4 1.4 3.8
2007.4521 -158.492 134.574 29 1.8 1.7 4.6
