2007.6658 0 0 0 1.3 0.9 2.5
2007.6685 1.11522 1.9987 0 1.2 0.9 2.5
2007.6712 -1.67283 -0.777271 0.8 1.2 0.9 2.5
2007.6740 -0.167283 -0.444155 3.7 1.2 0.9 2.5
2007.6767 -5.96644 0.222077 2.8 1.2 0.9 2.4
2007.6795 -2.84382 -0.888309 -0.1 1.2 0.9 2.5
2007.6822 -1.22674 0.444155 0.8 1.2 0.9 2.5
2007.6849 -5.29731 0.888309 9.5 1.2 0.9 2.5
2007.6877 -3.23415 1.11039 4 1.2 0.9 2.5
2007.6904 -1.33827 0.999347 2.7 1.2 0.9 2.5
2007.6932 -2.0074 1.4435 2.5 1.2 0.9 2.5
2007.6959 -0.334566 3.10908 4.2 1.2 0.9 2.5
2007.6986 -7.30471 2.33181 0.4 1.2 0.9 2.5
2007.7014 -4.07056 0 3.8 1.2 0.9 2.5
2007.7041 -1.39403 -1.33246 5.5 1.2 0.9 2.5
2007.7068 -3.56871 -0.777271 8.7 1.3 0.9 2.5
2007.7096 -2.56501 1.55454 6.2 1.3 0.9 2.5
2007.7123 -2.78806 2.33181 -0.8 1.2 0.9 2.5
2007.7151 -4.18208 0.999347 4.9 1.2 0.9 2.4
2007.7178 -2.39773 1.11039 1.8 1.2 0.8 2.4
2007.7205 -3.62447 0.333115 6.3 1.1 0.8 2.4
2007.7233 -1.7286 1.4435 5.4 1.2 0.8 2.4
2007.7260 -3.12262 3.10908 3.9 1.2 0.8 2.4
2007.7288 -4.07056 3.10908 -3.9 1.2 0.8 2.4
2007.7315 -2.56501 2.66493 7 1.2 0.8 2.5
2007.7342 -3.62447 1.66558 3.6 1.2 0.8 2.5
2007.7370 -5.07426 0.888309 1.9 1.2 0.8 2.4
2007.7397 -0.836417 3.10908 3.1 1.2 0.9 2.5
2007.7425 -6.85862 3.4422 6.7 1.2 0.8 2.4
2007.7452 -8.14112 5.10778 0.7 1.2 0.8 2.4
2007.7479 -6.35677 1.55454 5.4 1.2 0.8 2.4
2007.7507 -5.07426 1.33246 1.7 1.2 0.9 2.5
2007.7534 -3.06686 0.333115 1.3 1.2 0.9 2.5
2007.7562 -0.947939 1.55454 5.6 1.2 0.9 2.5
2007.7589 -2.56501 3.10908 8 1.2 0.8 2.4
2007.7616 -6.80286 3.10908 1.5 1.2 0.8 2.4
2007.7644 -6.24525 2.99804 2.5 1.2 0.8 2.5
2007.7671 -3.23415 3.33116 5.6 1.2 0.8 2.4
2007.7699 -2.45349 3.66427 4.1 1.3 0.9 2.6
2007.7726 0.50185 5.44089 4 1.4 0.9 2.6
2007.7753 -3.06686 4.33051 2.8 1.3 0.9 2.5
2007.7781 -6.13372 3.77531 2.9 1.2 0.8 2.4
2007.7808 -6.18948 6.21816 1.3 1.2 0.8 2.4
2007.7836 -6.91438 3.66427 -1.4 1.2 0.8 2.4
2007.7863 -4.85122 4.33051 -1 1.2 0.8 2.4
2007.7890 -5.35307 2.77597 6 1.2 0.8 2.4
2007.7918 -7.52775 2.66493 7 1.2 0.8 2.4
2007.7945 -9.92548 4.10843 1.4 1.2 0.9 2.5
2007.7973 -6.63557 3.77531 -1.5 1.2 0.9 2.5
2007.8000 -3.56871 5.21882 0.7 1.2 0.8 2.4
2007.8027 -2.17468 4.99674 3.2 1.2 0.8 2.4
2007.8055 -9.20058 4.99674 10.2 1.2 0.8 2.4
2007.8082 -7.47199 6.66232 4.9 1.2 0.8 2.4
2007.8110 -7.30471 8.3279 2.6 1.2 0.9 2.5
2007.8137 -6.24525 7.43959 3 1.2 0.9 2.4
2007.8164 -5.24155 5.66297 5 1.2 0.9 2.4
2007.8192 -7.58351 9.43828 -2.8 1.2 0.9 2.5
2007.8219 -6.63557 6.55128 0.3 1.2 0.9 2.5
2007.8247 -9.42363 8.3279 -2 1.2 0.9 2.5
2007.8274 -4.85122 8.66101 2.4 1.2 0.9 2.5
2007.8301 -11.6541 8.99413 8.8 1.2 0.9 2.5
2007.8329 -7.63927 5.21882 8.1 1.2 0.9 2.4
2007.8356 -13.0481 9.66036 6.9 1.2 0.8 2.5
2007.8384 -7.0259 8.21686 -1.1 1.2 0.8 2.4
2007.8411 -5.40883 6.21816 3.1 1.2 0.8 2.5
2007.8438 -7.7508 6.21816 6.3 1.2 0.8 2.5
2007.8466 -7.13742 7.66166 3.7 1.2 0.8 2.4
2007.8493 -11.0407 7.21751 4.6 1.2 0.8 2.5
2007.8521 -10.037 10.6597 5.2 1.2 0.8 2.4
2007.8548 -9.53515 9.32724 7 1.2 0.9 2.5
2007.8575 -14.0518 10.3266 8.1 1.2 0.9 2.5
2007.8603 -8.86602 8.54997 7.6 1.2 0.8 2.5
2007.8630 -5.18578 6.10712 10.2 1.2 0.8 2.4
2007.8658 -4.23784 6.55128 4.4 1.2 0.8 2.4
2007.8685 -11.1522 6.3292 3.1 1.2 0.8 2.4
2007.8712 -7.47199 7.66166 2.3 1.2 0.8 2.4
2007.8740 -7.80656 7.66166 3.6 1.2 0.8 2.4
2007.8767 -8.7545 7.32855 -1.3 1.2 0.8 2.4
2007.8795 -10.037 5.77401 2.6 1.2 0.8 2.4
2007.8822 -13.2711 10.1045 4.6 1.2 0.9 2.5
2007.8849 -16.0034 10.4376 6.3 1.2 0.8 2.5
2007.8904 -14.944 18.2103 10.9 1.2 0.9 2.6
2007.8932 -17.3417 13.2136 6.7 1.2 0.9 2.6
2007.8959 -16.6168 12.6584 -5.1 1.2 0.9 2.5
2007.8986 -7.58351 5.44089 0.7 1.2 0.9 2.5
2008.7589 -29.4976 34.0889 -1.3 1.2 0.9 2.5
2008.7616 -31.0589 34.533 -3.5 1.2 0.9 2.5
2008.7644 -34.6277 36.0876 -0.9 1.2 0.9 2.5
2008.7671 -31.9511 37.6421 -3 1.2 0.9 2.5
2008.7699 -29.3303 36.6427 -9.7 1.2 0.9 2.5
2008.7726 -30.7801 35.5324 -7.5 1.4 1.0 2.6
2008.7753 -31.2262 38.0862 -5.6 1.2 0.8 2.4
2008.7781 -35.3526 40.0849 -8.1 1.2 0.9 2.5
2008.7808 -36.0774 37.42 -3.5 1.4 0.9 2.5
2008.7836 -32.1184 38.8635 -12.2 1.2 0.9 2.4
2008.7863 -30.8917 35.7544 -6.2 1.2 0.9 2.4
2008.7890 -32.9548 37.1979 -6.5 1.2 0.8 2.4
2008.7918 -35.241 40.9732 -10.6 1.3 0.9 2.5
2008.7945 -35.6871 38.6414 -10.2 1.2 0.9 2.5
2008.7973 -33.7912 35.8655 1.2 1.2 0.9 2.4
2008.8000 -33.7355 37.5311 2.3 1.2 0.8 2.4
2008.8027 -39.5346 37.9752 2.7 1.2 0.9 2.4
2008.8055 -38.1406 35.9765 -0.5 1.2 0.9 2.5
2008.8082 -33.847 40.8622 -2.6 1.2 0.9 2.5
2008.8110 -35.8544 40.196 0.3 1.2 0.9 2.4
2008.8137 -34.5161 39.5297 1.5 1.2 0.8 2.4
2008.8164 -32.1184 36.1986 2.6 1.2 0.8 2.4
2008.8192 -32.9548 35.9765 3.6 1.2 0.9 2.4
2008.8219 -31.9511 37.8642 -0.8 1.2 0.8 2.4
2008.8247 -33.7912 36.3096 -3.3 1.2 0.8 2.4
2008.8274 -31.505 38.3083 -2.3 1.2 0.9 2.4
2008.8301 -34.0143 34.644 0 1.2 0.9 2.5
2008.8329 -32.9548 37.42 -2.4 1.2 0.8 2.4
2008.8356 -30.111 36.8648 -6.3 1.2 0.8 2.5
2008.8384 -31.1705 35.5324 -3.3 1.2 0.8 2.4
2008.8411 -31.3935 37.5311 -1.2 1.2 0.8 2.4
2008.8438 -32.2299 36.5317 -2 1.2 0.8 2.5
2008.8466 -36.5793 37.0869 -8.7 1.2 0.8 2.4
2008.8493 -34.3488 39.3077 -1.5 1.2 0.8 2.4
2008.8521 -35.5198 38.7525 0.1 1.2 0.8 2.4
2008.8548 -30.3898 38.1973 -0.4 1.2 0.9 2.4
2008.8575 -32.5087 39.0856 0.3 1.2 0.8 2.4
2010.5781 -84.6454 87.6095 -3.4 1.6 1.2 3.4
