2006.6685 0 0 0 1.2 0.9 2.7
2006.6712 -1.85271 1.11025 5 1.2 0.9 2.7
2006.6740 -2.83052 1.44332 5.1 1.2 0.9 2.7
2006.6767 -2.47027 1.11025 8 1.3 0.9 2.8
2006.6795 0.77196 1.66537 4.8 1.2 0.9 2.8
2006.6822 0.617568 0.999223 6.2 1.2 0.9 2.7
2006.6849 4.73469 1.3323 7.6 1.2 0.9 2.7
2006.6877 0.720496 2.55357 8.3 1.2 0.9 2.8
2006.6904 0.669033 2.66459 12.3 1.2 0.9 2.6
2006.6932 0.25732 1.66537 4.3 1.2 0.9 2.6
2006.6959 3.49955 1.3323 5.8 1.2 0.9 2.7
2006.6986 6.07276 1.11025 -0.2 1.2 0.9 2.6
2006.7014 5.19787 4.21894 4 1.2 0.9 2.6
2006.7041 -0.360249 3.10869 5.7 1.2 0.9 2.6
2006.7068 6.48447 -0.999222 5.8 1.2 0.9 2.6
2006.7096 5.24933 1.22127 11.9 1.2 0.9 2.6
2006.7123 8.23424 1.44332 -2.4 1.2 0.9 2.6
2006.7151 7.46228 5.55124 5 1.2 0.9 2.6
2006.7178 5.40372 5.44021 1.8 1.2 0.9 2.6
2006.7205 7.20496 2.77562 -0.5 1.1 0.8 2.5
2006.7233 7.61668 0.999223 0.2 1.2 0.9 2.6
2006.7260 12.1455 3.55279 2.5 1.2 0.9 2.6
2006.7288 10.3443 2.77562 -9.8 1.2 0.9 2.6
2006.7315 8.33717 4.44099 -5.9 1.2 1.0 2.6
2006.7342 9.7267 4.88509 -5 1.2 0.9 2.5
2006.7370 7.97692 2.66459 1.1 1.2 0.8 2.5
2006.7397 11.8882 2.99767 -3 1.2 0.8 2.6
2006.7425 11.7338 4.66304 -1.8 1.2 0.8 2.6
2006.7452 12.5572 2.66459 -2.1 1.1 0.8 2.5
2006.7479 14.5129 2.99767 -8 1.2 0.9 2.6
2006.7507 14.1526 4.32996 -1.4 1.2 0.9 2.6
2006.7534 11.7338 3.66382 -1 1.2 0.9 2.7
2006.7562 14.6158 4.10791 -1.4 1.2 0.9 2.7
2006.7589 14.976 6.55046 -3.5 1.2 0.9 2.6
2006.7616 16.8802 5.55124 -2.8 1.2 0.8 2.6
2006.7644 15.0275 4.44099 1.7 1.2 0.8 2.6
2006.7671 14.7702 5.10714 -2.9 1.2 0.9 2.7
2006.7699 15.8509 4.99611 -9.5 1.2 0.9 2.7
2006.7726 18.7329 3.21972 -2.6 1.2 0.9 2.6
2006.7753 22.2839 1.66537 4.9 1.2 0.8 2.6
2006.7781 21.409 6.21739 -5.1 1.2 0.9 2.6
2006.7808 20.3798 4.10791 -12.3 1.2 0.9 2.6
2006.7836 23.3132 4.44099 -10 1.2 0.8 2.6
2006.7863 24.0337 7.21661 -10.5 1.2 0.8 2.6
2006.7890 25.5262 5.77329 -6 1.2 0.9 2.6
2006.7918 24.6513 5.77329 -9.5 1.2 0.8 2.6
2006.7945 21.409 6.32841 -7.8 1.2 0.9 2.6
2006.7973 21.8722 7.54968 -9.8 1.2 0.8 2.6
2006.8000 23.2617 4.66304 -7.3 1.2 0.8 2.6
2006.8027 33.3487 14.2112 -6.3 1.2 0.9 2.6
2006.8055 33.606 15.4324 -11.7 1.2 0.9 2.6
2006.8082 29.6433 6.88353 -9.5 1.2 0.9 2.6
2006.8110 31.0843 5.77329 -9.1 1.2 0.8 2.6
2006.8137 32.165 5.77329 -6.7 1.2 0.9 2.7
2006.8164 33.1943 7.99378 -3.5 1.3 0.9 2.7
2006.8192 31.1357 10.6584 -9.1 1.2 0.9 2.6
2006.8219 35.0985 8.65993 -15.4 1.2 0.9 2.6
2006.8247 32.0621 9.21505 -18.3 1.3 0.9 2.6
2006.8274 33.2972 8.21583 -14.8 1.2 0.9 2.6
2006.8301 33.7089 9.10403 -14.8 1.2 0.9 2.6
2006.8329 36.7453 12.7678 -15.7 1.2 0.9 2.6
2006.8356 36.3336 12.3237 -14 1.2 0.9 2.6
2006.8384 33.0399 12.2127 -13.6 1.2 0.9 2.6
2006.8411 36.2307 9.99223 -17.1 1.3 0.9 2.7
2006.8438 36.3851 9.8812 -17.3 1.3 0.9 2.8
2006.8466 39.8846 11.3245 -13.1 1.3 0.9 2.7
2006.8493 38.9068 11.1025 -15.4 1.3 0.9 2.6
2006.8521 39.8846 10.6584 -12.4 1.3 0.9 2.7
2006.8548 38.1348 8.43788 -15.3 1.3 0.9 2.8
2006.8575 38.7009 11.2135 -16.9 1.4 0.9 2.8
2006.8603 40.5537 11.3245 -11.8 1.5 0.9 2.9
2006.8630 40.3478 10.7694 -19.8 1.3 0.9 2.8
2006.8658 40.5022 8.21583 -19.1 1.5 1.1 3.1
2006.8685 44.2076 11.2135 -25.9 1.5 1.1 3.2
2006.8712 40.8624 9.10403 -22.9 1.4 0.9 2.7
2006.8740 41.9432 12.2127 -18.4 1.2 0.8 2.6
2006.8767 42.8695 12.2127 -20.4 1.2 0.9 2.6
2006.8795 44.9281 11.9907 -20.5 1.2 0.8 2.6
2006.8822 45.4942 12.6568 -22.8 1.3 0.9 2.6
2006.8849 42.6122 10.8804 -19.3 1.2 0.9 2.6
2006.8877 45.7515 11.2135 -22.9 1.3 0.9 2.6
2006.8904 46.6264 10.7694 -26.6 1.2 0.9 2.6
2006.8932 48.0159 11.8796 -26.5 1.2 0.9 2.6
2006.8959 49.7657 12.2127 -24 1.3 0.9 2.7
2006.8986 46.0603 12.3237 -23.5 1.3 0.9 2.7
2006.9014 45.3913 8.43788 -23.1 1.2 0.9 2.7
2006.9041 50.795 9.8812 -27.8 1.2 0.8 2.6
2006.9068 52.0301 11.5466 -25.8 1.2 0.9 2.6
2006.9096 51.0523 10.8804 -25.2 1.2 0.8 2.6
2006.9123 48.7364 10.6584 -21 1.2 0.8 2.6
2006.9151 50.126 9.32608 -21.1 1.6 1.0 2.9
2006.9178 53.2653 8.65993 -22.1 1.2 0.8 2.6
2006.9205 52.9565 11.4355 -24.9 1.2 0.8 2.6
2006.9233 52.3389 11.5466 -19.9 1.2 0.8 2.7
2006.9260 49.4569 9.21505 -20.2 1.2 0.8 2.7
2006.9288 50.9494 7.99378 -22.7 1.2 0.9 2.6
2006.9315 50.9494 9.21505 -9.9 1.4 0.9 2.7
2006.9342 53.5741 8.88198 -14.2 1.2 0.8 2.6
2006.9370 54.346 9.65915 -14.1 1.2 0.9 2.7
2006.9397 52.6992 9.21505 -27.6 1.2 0.8 2.6
2006.9425 51.8243 7.99378 -23.2 1.2 0.8 2.6
2006.9452 55.118 9.32608 -19.9 1.2 0.8 2.6
2006.9479 55.118 9.65915 -21 1.2 0.8 2.6
2006.9507 57.5882 9.99223 -24.6 1.2 0.8 2.6
2006.9534 54.9636 11.5466 -23.1 1.2 0.9 2.6
2006.9562 57.4339 10.1033 -21 1.8 1.2 3.5
2006.9589 51.567 10.1033 -23.4 1.3 0.9 2.7
2006.9616 57.5368 10.5473 -22.5 1.2 0.9 2.6
2006.9644 56.8677 9.54813 -20.6 1.2 0.8 2.6
2006.9671 51.5155 7.99378 -26.6 1.2 0.9 2.7
2006.9699 53.2653 9.21505 -16.5 1.2 0.9 2.6
2006.9726 57.6397 8.32685 -19.5 1.2 0.8 2.6
2006.9753 58 9.21505 -25.3 1.2 0.9 2.6
2006.9781 58.2058 12.9899 -28.1 1.8 1.2 3.4
2006.9808 56.0958 9.8812 -25.9 1.2 0.9 2.6
2006.9836 58.4117 11.8796 -25.2 1.2 0.9 2.6
2006.9863 57.2795 8.65993 -26.3 1.2 0.8 2.6
2006.9890 56.8677 9.4371 -29.1 1.2 0.9 2.6
2006.9918 62.992 11.6576 -23.9 1.2 0.9 2.6
2006.9945 63.1978 10.4363 -28.9 1.2 0.9 2.6
2006.9973 56.559 8.32685 -23.9 1.2 0.9 2.6
2007.0000 54.0372 9.54813 -27.2 1.2 0.9 2.6
2007.0027 55.5811 9.10403 -32.1 1.3 0.9 2.7
2007.0055 58.6175 10.5473 -21.8 1.2 0.9 2.7
2007.0082 58.7205 8.65993 -23.5 1.2 0.9 2.6
2007.0110 55.3238 7.88276 -23.4 1.2 0.9 2.6
2007.0137 57.5882 6.88353 -24.3 1.2 0.9 2.6
2007.0164 57.3824 8.993 -27.6 1.2 0.9 2.6
2007.0192 58.0514 10.5473 -26.2 1.4 1.0 2.9
2007.0219 63.4551 10.9914 -33.9 1.5 1.2 3.3
2007.0247 59.6468 10.5473 -41.5 1.2 0.9 2.6
2007.0274 60.1614 9.77018 -30.9 1.2 0.9 2.7
2007.0301 60.6761 10.7694 -32.8 1.2 0.9 2.7
2007.0329 59.3895 11.7686 -23.5 1.2 0.9 2.6
2007.0356 62.3229 11.7686 -22.4 1.2 0.9 2.6
2007.0384 61.0878 11.7686 -27.2 1.2 0.9 2.6
2007.0411 59.2351 9.77018 -25.5 2.3 1.3 3.8
2007.0438 57.7941 9.4371 -28.3 1.2 1.0 2.7
2007.0466 59.3895 9.8812 -23.8 1.1 0.9 2.6
2007.0493 57.4853 8.21583 -25.6 1.2 0.9 2.6
2007.0521 61.7568 7.77173 -28 1.2 0.9 2.6
2007.0548 61.448 8.10481 -29.2 1.2 0.9 2.6
2007.0575 61.9112 9.77018 -24.9 1.1 0.9 2.6
2007.0603 60.779 8.88198 -32 1.1 0.9 2.5
2007.0630 63.0949 8.21583 -30.4 1.1 0.9 2.5
2007.0658 61.1907 8.88198 -36.3 1.2 0.9 2.7
2007.0685 62.9405 9.10403 -34.2 1.2 0.9 2.6
2007.0712 58.8234 8.5489 -30.7 1.1 0.9 2.6
2007.0740 59.338 8.65993 -30 1.1 0.9 2.6
2007.0767 60.8819 8.65993 -32.4 1.1 0.9 2.6
2007.0795 63.9183 9.54813 -32.8 1.2 0.9 2.6
2007.0822 61.2937 9.21505 -34.1 1.2 0.9 2.6
2007.0849 63.661 8.5489 -33.9 1.2 0.9 2.6
2007.0877 63.5066 9.99223 -39.3 1.2 0.9 2.6
2007.0904 64.33 9.21505 -33.8 1.2 0.9 2.6
2007.0932 63.1978 10.4363 -32.7 1.2 0.9 2.6
2007.0959 62.22 9.54813 -35.5 1.2 0.9 2.5
2007.0986 63.1978 9.65915 -36.7 1.1 0.9 2.5
2007.1014 58.2573 10.8804 -42.3 1.1 0.9 2.6
2007.1041 57.7941 9.99223 -40.1 1.2 0.9 2.5
2007.1068 61.448 11.1025 -34.8 1.2 0.9 2.6
2007.1096 61.1393 10.2143 -37.4 1.2 0.9 2.6
2007.1123 64.6903 9.99223 -34 1.1 0.9 2.5
2007.1151 60.4188 9.8812 -33.3 1.1 0.9 2.5
2007.1178 62.3744 9.10403 -36.6 1.1 0.9 2.5
2007.1205 61.4995 9.21505 -35.8 1.2 0.9 2.5
2007.1233 64.6388 9.65915 -33.2 1.2 0.9 2.5
2007.1260 63.8154 10.1033 -33.3 1.1 0.8 2.5
2007.1288 61.1907 9.8812 -35.1 1.2 0.8 2.5
2007.1315 63.3008 8.43788 -35.4 1.2 0.9 2.6
2007.1342 64.433 9.54813 -35.2 1.2 0.9 2.5
2007.1370 60.4188 9.99223 -34 1.2 0.9 2.5
2007.1397 60.2644 9.21505 -32.8 1.4 0.9 2.8
2007.1425 60.6761 10.9914 -32.2 1.2 0.9 2.5
2007.1452 61.9112 9.99223 -34.2 1.2 0.9 2.5
2007.1479 66.3886 8.5489 -34.6 1.2 0.9 2.6
2007.1507 63.4551 8.993 -38.5 1.2 0.8 2.5
2007.1534 59.0807 9.32608 -35.6 1.2 0.9 2.5
2007.1562 58.669 7.21661 -22.8 1.2 0.9 2.5
2007.1589 64.2786 4.99611 -34.9 1.3 0.9 2.6
2007.1616 65.9254 10.2143 -42.3 1.3 0.9 2.6
2007.1644 66.3886 9.65915 -40.1 1.3 0.9 2.7
2007.1671 61.6539 11.4355 -38.8 1.3 0.9 2.7
2007.1699 60.8305 9.4371 -42.5 1.2 0.9 2.6
2007.1726 65.4108 8.43788 -37.3 1.2 0.9 2.6
2007.1753 68.6015 11.7686 -40.3 1.2 0.9 2.6
2007.1781 66.3371 11.2135 -37.3 1.3 1.0 2.7
2007.1808 64.0727 6.43943 -37.5 6.4 4.1 7.2
2007.1836 61.9627 10.8804 -35.1 1.2 0.9 2.5
2007.1863 61.7568 9.32608 -33.9 1.3 0.9 2.6
2007.1890 66.6974 10.5473 -32.5 1.3 0.9 2.6
2007.1918 65.6166 10.7694 -36 1.3 0.9 2.6
2007.1945 64.1756 9.65915 -36.8 1.5 1.0 2.7
2007.1973 56.456 14.1001 -27.4 4.9 2.1 6.2
2007.2000 62.7346 10.1033 -41.1 1.2 0.9 2.6
2007.2027 67.6752 9.65915 -41.2 1.3 0.9 2.6
2007.2055 67.4179 9.32608 -45.4 1.3 0.9 2.6
2007.2082 66.2342 9.32608 -38.3 1.3 0.9 2.6
2007.2110 63.0949 8.5489 -41.9 1.2 0.9 2.6
2007.2137 65.8225 8.5489 -41.2 1.3 0.9 2.5
2007.2164 66.3886 8.43788 -32.9 1.3 0.9 2.6
2007.2192 68.3957 9.32608 -31.6 1.2 0.9 2.5
2007.2219 63.5066 8.5489 -37.6 1.4 1.0 2.7
2007.2247 62.22 8.32685 -34.4 1.2 0.9 2.5
2007.2274 66.3371 7.66071 -34.6 1.5 1.0 2.7
2007.2301 67.2635 5.77329 -34.6 1.3 0.9 2.5
2007.2329 70.763 6.21739 -35.6 1.3 0.9 2.6
2007.2356 67.8296 9.21505 -45.6 1.3 0.9 2.6
2007.2384 65.9769 7.10558 -46.2 1.3 0.9 2.6
2007.2411 65.8225 7.10558 -39.7 1.3 0.9 2.6
2007.2438 69.1162 7.10558 -41.2 1.3 0.9 2.5
2007.2466 68.9618 6.99456 -42 1.3 0.9 2.5
2007.2493 68.4472 9.10403 -40.7 1.5 1.0 2.8
2007.2521 64.7932 5.99534 -48 1.3 0.9 2.6
2007.2548 63.9698 5.77329 -42.7 1.2 0.9 2.6
2007.2575 66.0283 5.55124 -37.8 1.2 0.9 2.5
2007.2603 69.0133 5.88431 -29.9 1.3 0.9 2.6
2007.2630 63.9183 5.21816 -32.2 1.3 0.9 2.6
2007.2658 66.8003 5.77329 -32.3 1.2 0.9 2.5
2007.2685 67.7267 5.21816 -32.9 1.2 0.8 2.5
2007.2712 62.4773 4.55201 -34.6 1.2 0.9 2.5
2007.2740 64.5874 4.66304 -36.2 1.2 0.9 2.6
2007.2767 66.8518 6.21739 -35.3 1.2 0.9 2.5
2007.2795 65.3078 6.66148 -36.3 1.2 0.9 2.5
2007.2822 63.1978 7.99378 -37.2 1.2 0.9 2.5
2007.2849 62.992 5.77329 -35.4 1.2 0.9 2.5
2007.2877 65.5652 5.66226 -36.9 1.2 0.8 2.5
2007.2904 66.5944 6.32841 -36.4 1.3 0.9 2.6
2007.2932 64.433 6.88353 -38.9 1.3 0.9 2.5
2007.2959 67.6237 4.55201 -36.4 1.2 0.8 2.5
2007.2986 62.7861 4.55201 -38.9 1.2 0.8 2.5
2007.3014 69.1162 3.88587 -38.4 1.2 0.9 2.5
2007.3041 67.0576 4.32996 -35.1 1.2 0.8 2.5
2007.3068 64.4844 4.66304 -33.2 1.2 0.8 2.5
2007.3096 64.2271 5.99534 -32.7 1.3 0.9 2.6
2007.3123 63.0434 5.10714 -32.9 1.3 0.9 2.5
2007.3151 63.4551 3.44177 -33.1 1.2 0.9 2.5
2007.3178 63.8669 4.32996 -33.1 1.2 0.8 2.5
2007.3205 65.8225 2.99767 -34.6 1.3 0.8 2.5
2007.3233 66.3371 3.77484 -36 1.3 0.9 2.6
2007.3260 64.7417 5.21816 -30.5 1.2 0.8 2.5
2007.3288 64.3815 4.44099 -30.6 1.2 0.8 2.5
2007.3315 64.0212 4.66304 -34.5 1.2 0.8 2.5
2007.3342 66.4401 3.55279 -32 1.3 0.9 2.5
2007.3370 66.8003 3.88587 -38.4 1.3 0.9 2.5
2007.3397 64.1756 3.77484 -36 1.3 0.8 2.5
2007.3425 66.3371 3.77484 -35.6 1.2 0.8 2.5
2007.3452 63.7125 2.33152 -32.6 1.3 0.8 2.5
2007.3479 64.7417 2.88664 -33.7 1.2 0.8 2.5
2007.3507 67.0576 4.21894 -32.9 1.2 0.8 2.5
2007.3534 65.7196 3.88587 -35.7 1.2 0.8 2.5
2007.3562 64.6388 5.21816 -35.3 1.3 0.9 2.7
2007.3589 65.6681 4.44099 -34.1 1.4 0.9 2.7
2007.3616 65.3593 4.66304 -33.6 1.3 0.8 2.5
2007.3644 62.4773 4.77406 -33.4 1.2 0.8 2.5
2007.3671 67.8811 3.66382 -39.8 1.3 0.8 2.5
2007.3699 68.1384 3.21972 -41.1 1.2 0.8 2.5
2007.3726 65.874 4.88509 -33.7 1.2 0.8 2.5
2007.3753 65.2049 4.32996 -32.5 1.3 0.9 2.5
2007.3781 64.433 4.32996 -34.8 1.4 0.9 2.6
2007.3808 68.6015 5.21816 -37.1 1.3 0.8 2.5
2007.3836 65.8225 4.10791 -34.9 1.2 0.8 2.5
2007.3863 68.0354 3.33074 -32.7 1.3 0.8 2.5
2007.3890 63.1978 3.21972 -34.4 1.3 0.8 2.5
2007.3918 66.8518 2.44254 -36.4 1.5 0.9 2.6
2007.3945 66.7488 4.44099 -39.9 1.3 0.9 2.5
2007.3973 71.8438 4.32996 -32.3 1.3 0.9 2.5
2007.4000 67.984 2.55357 -33.6 1.3 0.8 2.5
2007.4027 72.1526 3.10869 -35.6 1.2 0.8 2.5
2007.4055 67.5723 3.33074 -38.5 1.2 0.8 2.5
2007.4082 65.5137 3.44177 -37.3 1.3 0.8 2.5
2007.4110 67.984 2.55357 -31.8 1.2 0.8 2.5
2007.4137 68.2928 1.66537 -34.2 1.2 0.8 2.5
2007.4164 72.204 2.10947 -34.1 1.2 0.8 2.5
2007.4192 70.4543 3.33074 -33.3 1.2 0.8 2.5
2007.4219 70.4543 3.10869 -40.3 1.3 0.8 2.5
2007.4247 66.1827 3.77484 -33.8 1.2 0.8 2.5
2007.4274 68.3442 2.55357 -34.4 1.2 0.8 2.5
2007.4301 65.874 3.88587 -36 1.2 0.8 2.5
2007.4329 66.3371 1.66537 -30.9 1.2 0.8 2.5
2007.4356 68.2928 0.777174 -33.3 1.3 0.8 2.5
2007.4384 70.9689 3.99689 -33.6 1.2 0.8 2.5
2007.4411 66.6974 1.3323 -33 1.2 0.8 2.5
2007.4438 65.4622 1.7764 -37.3 1.2 0.8 2.5
2007.4466 69.2706 0.222049 -29 1.2 0.8 2.5
2007.4493 70.1455 0.555124 -36.9 1.2 0.8 2.5
2007.4521 70.8145 0.888198 -35.5 1.2 0.8 2.5
2007.4548 68.0354 1.66537 -41.7 1.2 0.8 2.5
2007.4575 69.8367 0.999223 -38.9 1.2 0.8 2.5
2007.4603 66.3886 0.555124 -35.4 1.2 0.8 2.5
2007.4630 67.8811 0.555124 -34.2 1.2 0.8 2.5
2007.4658 68.0354 0.555124 -39.1 1.2 0.8 2.4
2007.4685 69.6308 0.555124 -32.6 1.2 0.8 2.5
2007.4712 68.8074 2.55357 -37.2 1.2 0.8 2.5
2007.4740 62.5288 0.777174 -31.7 1.2 0.8 2.5
2007.4767 70.6086 1.55435 -38.3 1.2 0.8 2.5
2007.4795 70.5057 1.11025 -34.7 1.2 0.9 2.5
2007.4822 71.0204 1.7764 -39.3 1.2 0.8 2.5
2007.4849 70.3513 0 -38.5 1.2 0.8 2.5
2007.4877 68.4986 -1.3323 -34.7 1.2 0.8 2.5
2007.4904 67.2635 -0.888198 -33.6 1.2 0.8 2.4
2007.4932 66.6974 -1.77639 -34.1 1.2 0.8 2.5
2007.4959 68.0354 -0.444099 -29.6 1.2 0.8 2.4
2007.4986 66.3886 0.111025 -38.4 1.2 0.8 2.5
2007.5014 71.3806 -0.666148 -37.9 1.2 0.8 2.5
2007.5041 72.6157 -2.44254 -38.8 1.2 0.8 2.5
2007.5068 70.4543 2.33152 -41.1 1.2 0.9 2.5
2007.5096 70.6086 -1.3323 -35 1.2 0.8 2.5
2007.5123 70.1455 -0.555123 -38.4 1.2 0.8 2.5
2007.5151 69.425 -2.22049 -39.5 1.2 0.8 2.5
2007.5178 71.5865 -2.88664 -40.7 1.2 0.8 2.5
2007.5205 72.3584 -2.10947 -29.9 1.2 0.8 2.5
2007.5233 71.7409 -1.66537 -30 1.2 0.8 2.5
2007.5260 67.8296 -0.777173 -29.3 1.4 0.9 2.7
2007.5288 70.094 -2.66459 -36.4 1.3 0.9 2.5
2007.5315 69.8367 -0.999222 -37.6 1.2 0.8 2.5
2007.5342 74.5199 -1.88742 -35.4 1.2 0.9 2.6
2007.5370 70.5057 -0.555123 -35.3 1.2 0.8 2.5
2007.5397 70.7116 -0.111024 -34.4 1.2 0.8 2.5
2007.5425 69.7338 0.444099 -36.8 1.2 0.8 2.5
2007.5452 68.7045 0.333075 -28.9 1.2 0.8 2.5
2007.5479 71.9982 0.555124 -35.6 1.2 0.9 2.5
2007.5507 69.7852 -1.3323 -27 1.2 0.9 2.5
2007.5534 71.8952 -1.22127 -30.6 1.2 0.9 2.5
2007.5562 68.2928 -0.333074 -43.1 1.2 0.9 2.5
2007.5589 69.9396 0.999223 -31.3 1.2 0.8 2.5
2007.5616 71.0204 -0.777173 -31.9 1.2 0.9 2.5
2007.5644 69.2706 -1.22127 -30.8 1.2 0.9 2.5
2007.5671 69.7852 -1.66537 -31.2 1.1 0.9 2.5
2007.5699 69.6823 -1.88742 -35.4 1.2 0.9 2.5
2007.5726 69.8881 -2.88664 -35.8 1.2 0.9 2.5
2007.5753 70.6601 0.111025 -34.5 1.2 0.9 2.5
2007.5781 69.322 -2.10947 -35.7 1.1 0.9 2.5
2007.5808 69.322 -1.77639 -35.6 1.1 0.9 2.5
2007.5836 69.8367 -1.55435 -37.8 1.2 0.9 2.5
2007.5863 68.6015 -1.44332 -36.9 1.2 0.9 2.5
2007.5890 70.866 1.66537 -34.2 1.1 0.9 2.4
2007.5918 73.0275 -1.66537 -32.6 1.2 0.9 2.5
2007.5945 70.2484 -1.99844 -29.3 1.1 0.9 2.4
2007.5973 70.866 -3.10869 -28.4 1.1 0.9 2.5
2007.6000 73.645 -3.88587 -38.5 1.2 0.9 2.5
2007.6027 73.5936 0.111025 -36.4 1.1 0.9 2.4
2007.6055 70.5057 -2.66459 -35 1.1 0.9 2.5
2007.6082 69.9396 -0.333074 -35.7 1.2 0.9 2.5
2007.6110 73.6965 -3.21972 -28.2 1.2 0.9 2.5
2007.6137 69.8367 -3.33074 -35.1 1.1 0.9 2.4
2007.6164 70.6601 -2.99767 -40.7 1.1 0.8 2.4
2007.6192 69.9911 -2.10947 -35.3 1.2 0.9 2.6
2007.6219 70.866 -3.77484 -35.8 1.2 0.9 2.6
2007.6247 72.7187 -1.11025 -33.6 1.2 0.9 2.6
2007.6274 72.204 -2.10947 -29.9 1.2 0.9 2.6
2007.6301 69.8367 -3.44177 -39.1 1.2 0.9 2.6
2007.6329 69.8881 -1.3323 -29.3 1.2 0.9 2.6
2007.6356 71.0718 -2.66459 -26.7 1.2 0.9 2.6
2007.6384 73.8509 -3.33074 -28.4 1.2 0.9 2.5
2007.6411 71.3291 -2.88664 -29.3 1.2 0.9 2.5
2007.6438 71.0718 -1.22127 -37.3 1.1 0.8 2.5
2007.6466 71.2262 -1.88742 -37.2 1.2 0.9 2.6
2007.6493 71.7923 -1.88742 -27.4 1.2 0.9 2.5
2007.6521 75.6007 -4.21894 -25.8 1.3 0.9 2.6
2007.6548 74.8802 -2.66459 -32.5 1.2 0.9 2.6
2007.6575 76.4755 -3.21972 -31.3 1.2 0.9 2.5
2007.6603 70.6601 -2.10947 -34.9 1.2 0.9 2.5
2007.6630 69.5794 -3.55279 -33.8 1.2 0.9 2.5
2007.6658 75.7036 -5.44021 -28.9 1.2 0.9 2.6
2007.6685 77.196 -2.10947 -33.9 1.2 0.9 2.5
2007.6712 72.4099 -1.99844 -36.6 1.2 0.9 2.5
2007.6740 72.3584 -1.22127 -32.1 1.2 0.9 2.5
2007.6767 73.5936 -3.44177 -32.5 1.2 0.9 2.5
2007.6795 73.9023 -5.99533 -27.2 1.3 0.9 2.5
2007.6822 74.7772 -5.10714 -29.7 1.2 0.9 2.5
2007.6849 71.7409 -3.44177 -32.7 1.2 0.9 2.5
2007.6877 74.0053 -2.88664 -34 1.2 0.9 2.6
2007.6904 75.755 -2.33152 -37.4 1.2 0.9 2.6
2007.6932 75.7036 -3.66382 -39.6 1.2 0.9 2.5
2007.6959 74.7772 -3.66382 -36.4 1.2 0.9 2.5
2007.6986 76.8873 -3.99689 -35.5 1.2 0.9 2.5
2007.7014 75.858 -0.555123 -42.8 1.2 0.9 2.5
2007.7041 76.6299 -4.21894 -37.6 1.2 0.9 2.5
2007.7068 79.9751 -5.77329 -33.2 1.3 0.9 2.6
2007.7096 80.6956 -7.10558 -33 1.2 0.9 2.5
2007.7123 77.5048 -5.77329 -32.1 1.2 0.9 2.5
2007.7151 75.6007 -2.99767 -36 1.2 0.9 2.5
2007.7178 78.637 -1.88742 -33 1.2 0.8 2.5
2007.7205 78.8429 -3.33074 -37 1.2 0.8 2.5
2007.7233 81.519 -4.21894 -36 1.2 0.8 2.5
2007.7260 80.181 -4.21894 -32.3 1.2 0.8 2.5
2007.7288 78.1739 -2.77562 -38.3 1.2 0.8 2.5
2007.7315 78.9973 -1.77639 -35.2 1.2 0.8 2.5
2007.7342 80.2324 -2.10947 -33 1.2 0.8 2.5
2007.7370 79.3061 -2.99767 -39.6 1.2 0.8 2.5
2007.7397 80.4897 -2.77562 -38.8 1.2 0.9 2.5
2007.7425 79.9751 -2.55357 -31 1.2 0.8 2.5
2007.7452 78.3797 -2.88664 -34.6 1.3 0.9 2.5
2007.7479 77.8651 -3.44177 -31.5 1.2 0.8 2.5
2007.7507 79.7692 -4.10791 -31 1.2 0.9 2.5
2007.7534 79.9236 -5.32919 -35.3 1.2 0.9 2.6
2007.7562 84.5554 -5.77329 -40.9 1.2 0.9 2.5
2007.7589 80.4897 -4.10791 -35.5 1.2 0.8 2.5
2007.7616 79.6148 -3.33074 -29.6 1.2 0.8 2.5
2007.7644 79.8722 -3.44177 -31.8 1.2 0.8 2.5
2007.7671 80.181 -2.55357 -34 1.5 1.0 2.8
2007.7699 83.4747 -4.44099 -34.7 1.6 1.0 2.9
2007.7726 83.9378 -1.99844 -36.2 1.4 0.9 2.7
2007.7753 83.1144 -2.33152 -36 1.5 0.9 2.7
2007.7781 81.3132 -3.88587 -32.6 1.3 0.9 2.5
2007.7808 84.1951 -2.44254 -32.4 1.2 0.9 2.5
2007.7836 85.9449 -1.88742 -33.4 1.2 0.8 2.5
2007.7863 78.74 -2.55357 -36.9 1.2 0.9 2.5
2007.7890 84.1437 -3.55279 -31.5 1.2 0.9 2.5
2007.7918 82.5483 -3.88587 -34.2 1.2 0.9 2.5
2007.7945 84.7098 -3.77484 -31.2 1.2 0.9 2.5
2007.7973 82.6512 -2.55357 -31.5 1.3 0.9 2.6
2007.8000 80.7985 -1.99844 -34.2 1.2 0.9 2.5
2007.8027 82.96 -2.22049 -35 1.2 0.9 2.5
2007.8055 81.9307 -2.44254 -38.1 1.2 0.9 2.5
2007.8082 83.8864 -2.10947 -34.5 1.2 0.8 2.5
2007.8110 80.4897 -2.22049 -37.9 1.2 0.9 2.5
2007.8137 84.5554 -1.3323 -41.6 1.2 0.9 2.5
2007.8164 84.6069 -2.99767 -36.7 1.3 0.9 2.6
2007.8192 85.5847 -4.32996 -32.5 1.2 0.9 2.6
2007.8219 83.8349 -4.55201 -30.9 1.2 0.9 2.5
2007.8247 83.2173 -2.33152 -30.5 1.2 0.9 2.5
2007.8274 84.2981 -3.10869 -35.6 1.2 0.9 2.5
2007.8301 86.511 -4.10791 -25.6 1.2 0.9 2.5
2007.8329 84.5039 -4.10791 -34.1 1.2 0.9 2.5
2007.8356 86.4081 -4.88509 -30.5 1.2 0.8 2.5
2007.8384 87.0257 -3.44177 -33.8 1.2 0.8 2.5
2007.8411 87.1801 -3.66382 -34.7 1.2 0.8 2.5
2007.8438 87.4374 -1.3323 -38.6 1.2 0.8 2.5
2007.8466 89.9077 -1.66537 -40.2 1.2 0.8 2.5
2007.8493 90.062 -2.66459 -34.6 1.2 0.8 2.5
2007.8521 92.1721 -2.66459 -36.6 1.2 0.8 2.5
2007.8548 95.6202 -1.44332 -36.8 1.2 0.9 2.6
2007.8575 92.5323 -1.88742 -37.6 1.2 0.9 2.5
2007.8603 90.165 -1.44332 -34.7 1.2 0.8 2.5
2007.8630 88.8784 -5.55124 -30 1.2 0.8 2.5
2007.8658 87.5403 -5.21816 -34.9 1.2 0.8 2.5
2007.8685 89.0842 -5.66226 -35.5 1.2 0.8 2.5
2007.8712 88.3123 -4.88509 -38.6 1.2 0.8 2.5
2007.8740 88.5181 -4.44099 -40.4 1.2 0.8 2.5
2007.8767 90.1135 -5.88431 -34.9 1.2 0.8 2.5
2007.8795 92.2235 -6.66148 -36 1.2 0.8 2.5
2007.8822 91.503 -6.99456 -37.6 1.2 0.8 2.5
2007.8849 90.4738 -6.32841 -41.6 1.2 0.8 2.5
2007.8877 91.8118 -6.66148 -44.2 1.4 0.9 2.6
2007.8904 91.503 -7.99378 -35.5 1.2 0.9 2.6
2007.8932 92.7382 -9.65915 -45 1.2 0.9 2.5
2007.8959 94.5394 -8.43788 -43 1.2 0.9 2.6
2007.8986 93.4072 -8.1048 -35 1.2 0.9 2.6
2007.9014 92.0691 -6.99456 -39.4 1.2 0.8 2.5
2007.9041 92.4809 -6.21738 -44.6 1.2 0.9 2.5
2007.9068 93.9218 -8.77095 -46.3 1.2 0.9 2.5
2007.9096 96.598 -9.54813 -50.9 1.2 0.8 2.5
2007.9123 94.0248 -8.5489 -58.3 1.2 0.9 2.5
2007.9151 97.1126 -4.88509 -54.7 1.2 0.9 2.5
2007.9178 94.8482 -7.32763 -55.7 1.2 0.9 2.5
2007.9205 94.5909 -5.21816 -43.9 1.2 0.9 2.6
2007.9233 95.2084 -5.44021 -49.9 1.4 1.0 2.8
2007.9260 93.7675 -8.5489 -50.1 1.2 0.9 2.5
2007.9288 91.7604 -10.2143 -54.9 1.2 0.9 2.5
2007.9315 93.716 -8.65993 -60 1.2 0.9 2.5
2007.9342 93.6645 -7.21661 -49.7 1.2 0.9 2.5
2007.9370 99.3256 -5.66226 -34.4 1.2 0.9 2.5
2007.9397 98.2448 -5.99533 -43.8 1.2 0.9 2.6
2007.9425 102.002 -5.55124 -39.7 1.2 0.9 2.5
2007.9452 97.0612 -5.44021 -40.5 1.2 0.9 2.5
2007.9479 93.7675 -5.55124 -53.1 1.2 0.9 2.6
2007.9507 96.6494 -4.77406 -46.9 1.2 0.9 2.5
2007.9534 93.0984 -5.66226 -50.3 1.2 0.9 2.5
2007.9562 94.7453 -5.32919 -49.7 2.5 1.5 3.5
2007.9589 104.06 -6.10636 -51.1 3.1 1.9 4.1
2007.9616 95.0026 -5.44021 -43.4 2.8 1.8 4.2
2007.9644 92.7382 -5.44021 -47.8 1.2 0.9 2.6
2007.9671 94.4365 -5.44021 -52 1.2 0.9 2.6
2007.9699 92.4809 -5.10714 -53.2 1.2 0.9 2.6
2007.9726 92.2235 -6.66148 -52 1.2 0.9 2.6
2007.9753 95.2084 -7.43866 -56 1.2 0.9 2.6
2007.9781 97.6273 -5.66226 -39.3 1.2 0.9 2.6
2007.9808 97.1641 -7.32763 -49.4 1.2 0.9 2.6
2007.9836 95.4143 -6.32841 -58.9 1.7 1.1 3.2
2007.9863 95.2599 -7.43866 -55.3 1.2 0.9 2.7
2007.9890 97.7817 -8.43788 -49.8 1.2 0.9 2.6
2007.9918 96.4436 -7.54968 -50.6 1.2 0.9 2.6
2007.9945 96.9582 -5.99533 -46.2 1.2 0.9 2.6
2007.9973 97.9875 -5.66226 -51.5 1.2 0.9 2.6
2008.0000 97.1641 -5.32919 -52.2 1.2 0.9 2.5
2008.0027 96.4436 -5.99533 -51.2 1.1 0.9 2.5
2008.0055 97.8331 -6.10636 -44.3 1.2 0.9 2.5
2008.0082 97.4729 -6.21738 -45.1 1.1 0.8 2.5
2008.0110 96.3921 -7.43866 -47.1 1.1 0.8 2.5
2008.0137 95.7231 -5.44021 -46.2 1.3 0.9 2.5
2008.0164 100.509 -6.66148 -49.3 1.2 0.8 2.5
2008.0192 98.6565 -6.21738 -50 1.2 0.9 2.5
2008.0219 95.9289 -6.66148 -46.9 1.2 0.9 2.6
2008.0247 99.5829 -6.43943 -44.6 1.2 0.9 2.6
2008.0274 99.2741 -6.77251 -50.3 1.2 0.9 2.5
2008.0301 98.5536 -6.77251 -53.1 1.2 0.9 2.5
2008.0329 101.075 -8.43788 -50.4 1.2 0.9 2.5
2008.0356 98.2448 -5.10714 -51.4 1.2 0.9 2.5
2008.0384 100.303 -5.32919 -48.1 1.2 0.9 2.5
2008.0411 100.869 -4.44099 -50.4 1.3 0.9 2.6
2008.0438 98.6565 -5.55124 -46.6 1.2 0.9 2.6
2008.0466 99.9946 -6.99456 -54.5 1.2 0.9 2.6
2008.0493 99.0683 -7.10558 -54.1 1.2 0.9 2.6
2008.0521 100.509 -7.43866 -52.3 1.1 0.9 2.5
2008.0548 102.671 -5.77329 -49.7 1.1 0.9 2.5
2008.0575 99.3256 -4.32996 -55.1 1.1 0.9 2.5
2008.0603 95.3114 -2.66459 -38.5 1.2 0.9 2.5
2008.0630 98.8624 0.777174 -51 1.2 0.9 2.5
2008.0658 92.5838 -0.666148 -52.6 1.2 0.9 2.5
2008.0685 96.9068 -2.22049 -44.1 1.2 0.9 2.5
2008.0712 96.495 -0.444099 -50.1 1.2 0.9 2.5
2008.0740 94.4365 -3.21972 -48.5 1.1 0.9 2.5
2008.0767 93.6645 -4.55201 -43.1 1.2 0.9 2.5
2008.0795 94.7967 -4.88509 -51.5 1.3 0.9 2.6
2008.0822 97.1126 -6.21738 -45.5 1.3 0.9 2.6
2008.0849 96.1863 -4.77406 -43.4 1.2 0.9 2.5
2008.0877 94.7967 -6.66148 -49.7 1.2 0.9 2.5
2008.0904 92.275 -5.77329 -51.8 1.2 0.9 2.5
2008.0932 94.1277 -5.10714 -52 1.2 0.9 2.6
2008.0959 96.2892 -6.77251 -49.8 1.2 0.9 2.5
2008.0986 96.9068 -5.77329 -48.3 1.2 0.9 2.5
2008.1014 97.2155 -4.77406 -46.5 1.2 0.9 2.6
2008.1041 97.7817 -5.66226 -53.4 1.2 0.9 2.5
2008.1068 98.4507 -5.21816 -58.3 1.2 0.9 2.5
2008.1096 99.9946 -4.99611 -50.4 1.2 0.9 2.6
2008.1123 102.259 -4.99611 -45.6 1.2 0.9 2.6
2008.1151 101.744 -5.44021 -45.1 1.2 0.9 2.5
2008.1178 100.046 -4.10791 -45 1.2 0.9 2.5
2008.1205 102.362 -0.999222 -43.7 1.1 0.8 2.5
2008.1233 100.767 -4.21894 -41.1 1.1 0.8 2.5
2008.1260 99.6858 -5.21816 -39.9 1.3 0.9 2.6
2008.1288 102.002 -4.77406 -44.8 1.2 0.8 2.5
2008.1315 102.722 -3.66382 -44.2 1.1 0.9 2.5
2008.1342 99.0168 -0.111024 -44.6 1.1 0.9 2.5
2008.1370 104.729 -2.66459 -46.1 1.2 0.9 2.5
2008.1397 102.105 -6.99456 -44.1 1.1 0.9 2.5
2008.1425 101.899 -6.66148 -43.1 1.1 0.8 2.5
2008.1452 100.149 -6.66148 -47.7 1.1 0.8 2.5
2008.1479 99.3256 -5.66226 -55.6 1.2 0.9 2.5
2008.1507 99.7373 -7.21661 -61.4 1.2 0.9 2.5
2008.1534 106.222 -7.21661 -58.8 1.2 0.9 2.6
2008.1562 107.045 -6.99456 -55.1 1.2 0.9 2.5
2008.1589 103.237 -8.32685 -53.7 1.2 0.9 2.5
2008.1616 103.957 -6.88353 -55.6 1.2 0.9 2.6
2008.1644 101.539 -6.99456 -58.4 1.2 0.9 2.5
2008.1671 102.619 -9.65915 -57.4 1.2 0.9 2.6
2008.1699 105.964 -8.1048 -55.4 1.2 0.9 2.5
2008.1726 103.649 -6.43943 -53.9 1.2 0.9 2.5
2008.1753 100.561 -5.44021 -48.9 1.2 0.9 2.5
2008.1781 101.95 -4.55201 -49 1.3 0.9 2.6
2008.1808 100.303 -3.88587 -49.4 1.2 0.9 2.5
2008.1836 105.295 -9.99223 -54.4 1.2 0.9 2.5
2008.1863 104.009 -8.5489 -55.3 1.2 0.9 2.5
2008.1890 102.259 -10.1032 -50.9 1.3 1.0 2.8
2008.1918 102.156 -11.2135 -57.5 1.2 0.9 2.5
2008.1945 101.333 -7.43866 -62.7 1.3 0.9 2.5
2008.1973 100.715 -10.5473 -62.9 1.3 0.9 2.5
2008.2000 103.185 -9.54813 -59.7 1.3 0.9 2.6
2008.2027 102.31 -9.54813 -62.9 1.3 0.9 2.5
2008.2055 102.208 -8.88198 -57.3 1.3 0.9 2.6
2008.2082 101.899 -8.5489 -58.2 1.2 0.9 2.6
2008.2110 101.539 -9.10403 -61.6 1.3 0.9 2.6
2008.2137 103.443 -10.6584 -59.8 1.3 0.9 2.6
2008.2164 101.075 -9.54813 -62.5 1.2 0.9 2.5
2008.2192 101.075 -9.54813 -59 1.2 0.9 2.5
2008.2219 104.06 -10.3253 -58 1.2 0.9 2.5
2008.2247 100.921 -11.3245 -61.3 1.3 0.9 2.6
2008.2274 103.134 -12.4348 -63.1 1.3 0.9 2.5
2008.2301 101.95 -11.4355 -57.7 1.2 0.9 2.5
2008.2329 103.546 -10.7694 -61.4 1.4 0.9 2.6
2008.2356 105.295 -11.3245 -57 1.5 0.9 2.6
2008.2384 102.208 -11.6576 -60.7 1.6 0.9 2.7
2008.2411 100.921 -11.7686 -61.5 1.3 0.9 2.6
2008.2438 102.877 -11.3245 -62.7 1.3 0.9 2.5
2008.2466 102.774 -10.6584 -58.6 1.2 0.9 2.5
2008.2493 101.693 -8.993 -57.5 1.2 0.9 2.5
2008.2521 101.539 -8.43788 -55.4 1.2 0.9 2.6
2008.2548 101.127 -9.32608 -55.3 1.2 0.9 2.6
2008.2575 98.9653 -8.77095 -57.9 1.2 0.8 2.5
2008.2603 102.877 -9.77018 -56.8 1.2 0.8 2.5
2008.2630 98.8624 -8.88198 -55.6 1.2 0.9 2.5
2008.2658 102.928 -10.3253 -61.1 1.3 0.9 2.6
2008.2685 104.318 -11.4355 -56 1.4 0.9 2.6
2008.2712 103.906 -11.3245 -57.8 1.3 0.9 2.5
2008.2740 102.002 -10.9914 -56.3 1.3 0.9 2.5
2008.2767 102.671 -11.1025 -54.8 1.3 0.9 2.5
2008.2795 104.318 -10.4363 -59.8 1.3 0.9 2.6
2008.2822 105.09 -10.9914 -53.7 1.3 0.9 2.6
2008.2849 101.487 -10.6584 -53.6 1.4 0.9 2.6
2008.2877 101.847 -12.4348 -55.7 1.3 0.9 2.5
2008.2904 99.6344 -10.4363 -59.2 1.3 0.9 2.6
2008.2932 111.111 -14.2112 -63 1.9 1.2 3.6
2008.2959 101.744 -14.5442 -49.9 1.3 0.9 2.6
2008.2986 103.803 -10.7694 -66.9 1.3 0.9 2.6
2008.3014 103.34 -10.8804 -63.5 1.4 0.9 2.6
2008.3041 104.421 -10.6584 -62.5 1.4 0.9 2.6
2008.3068 103.906 -12.2127 -61.7 1.3 0.9 2.6
2008.3096 105.192 -10.3253 -60.3 1.3 0.9 2.6
2008.3123 105.656 -11.9907 -62.6 1.4 0.9 2.7
2008.3151 100.252 -11.6576 -61.2 1.5 0.9 2.6
2008.3178 102.105 -11.2135 -59.8 1.3 0.9 2.6
2008.3205 106.273 -10.5473 -58 1.3 0.9 2.6
2008.3233 104.266 -10.2143 -54 1.3 0.9 2.6
2008.3260 101.744 -11.1025 -60.9 1.4 0.9 2.6
2008.3288 101.024 -10.1032 -59.8 1.4 0.9 2.6
2008.3315 103.854 -11.4355 -59.6 1.3 0.9 2.5
2008.3342 106.325 -10.5473 -58.2 1.4 0.9 2.6
2008.3370 106.891 -12.1017 -53.7 1.3 0.9 2.6
2008.3397 103.134 -13.434 -60.3 1.3 0.9 2.6
2008.3425 103.082 -12.1017 -59.2 1.3 0.9 2.6
2008.3452 104.832 -12.9899 -60.7 1.3 0.9 2.5
2008.3479 106.582 -11.5466 -67.7 1.4 0.9 2.5
2008.3507 105.707 -11.6576 -60.7 1.3 0.9 2.5
2008.3534 107.302 -11.1025 -60.1 1.3 0.9 2.5
2008.3562 105.862 -14.4332 -57.5 1.3 0.9 2.5
2008.3589 104.215 -12.4348 -56.8 1.4 0.9 2.5
2008.3616 98.6565 -14.7663 -60.9 1.3 0.9 2.5
2008.3644 103.288 -15.3214 -53.8 1.3 0.9 2.6
2008.3671 102.722 -12.4348 -52.5 1.3 0.9 2.5
2008.3699 102.465 -12.5458 -59 1.3 0.9 2.5
2008.3726 104.009 -13.2119 -56.9 1.2 0.9 2.5
2008.3753 105.192 -13.545 -59.3 1.3 0.9 2.5
2008.3781 105.862 -13.434 -64.2 1.4 0.9 2.6
2008.3808 103.237 -11.9907 -63 1.3 0.9 2.6
2008.3836 104.935 -10.8804 -65.6 1.3 0.9 2.5
2008.3863 105.759 -12.8789 -58.7 1.3 0.9 2.6
2008.3890 105.862 -13.2119 -56.9 1.3 0.9 2.5
2008.3918 104.009 -13.434 -64 1.3 0.9 2.6
2008.3945 107.508 -13.323 -54.3 1.3 0.9 2.6
2008.3973 108.332 -12.4348 -67.5 1.2 0.9 2.5
2008.4000 106.325 -13.1009 -61.5 1.2 0.9 2.5
2008.4027 102.568 -13.1009 -63.2 1.3 0.9 2.5
2008.4055 104.987 -13.434 -60.1 1.3 0.9 2.5
2008.4082 106.839 -12.2127 -61 1.3 0.9 2.6
2008.4110 105.295 -12.1017 -61 1.2 0.9 2.5
2008.4137 104.935 -12.8789 -67.5 1.3 0.9 2.5
2008.4164 105.913 -12.8789 -60.2 1.3 0.9 2.6
2008.4192 106.891 -11.2135 -58.9 1.3 0.9 2.6
2008.4219 108.641 -13.2119 -56.8 1.3 0.9 2.6
2008.4247 109.927 -12.8789 -51.3 1.3 0.9 2.6
2008.4274 106.942 -13.323 -59.2 1.2 0.9 2.5
2008.4301 103.751 -13.7671 -60.6 1.3 0.9 2.5
2008.4329 106.531 -13.656 -57.7 1.3 0.9 2.6
2008.4356 109.413 -15.7655 -62.1 1.3 0.9 2.7
2008.4384 107.611 -14.9883 -63.5 1.3 0.9 2.7
2008.4411 107.354 -16.2096 -58.9 1.3 0.9 2.6
2008.4438 104.781 -14.9883 -61.3 1.2 0.9 2.5
2008.4466 110.596 -15.7655 -59.1 1.2 0.9 2.5
2008.4493 111.111 -13.323 -62.9 1.3 0.9 2.6
2008.4521 108.846 -13.2119 -55.2 1.2 0.9 2.5
2008.4548 104.163 -15.6545 -60.9 1.3 0.9 2.6
2008.4575 107.714 -14.4332 -60.6 1.3 0.9 2.6
2008.4603 108.898 -15.0994 -61.2 1.2 0.9 2.5
2008.4630 112.964 -16.7647 -56.4 1.2 0.9 2.5
2008.4658 108.177 -15.8765 -60.6 1.2 0.9 2.6
2008.4685 106.17 -15.4324 -62.6 1.2 0.9 2.6
2008.4712 106.788 -15.3214 -54 1.2 0.9 2.5
2008.4740 108.795 -16.2096 -59 1.2 0.9 2.5
2008.4767 109.155 -14.7663 -60.4 1.2 0.9 2.5
2008.4795 108.949 -15.2104 -53.4 1.2 0.9 2.6
2008.4822 105.656 -14.8773 -56.1 1.2 0.9 2.5
2008.4849 110.236 -15.7655 -56.5 1.2 0.9 2.5
2008.4877 111.883 -16.3206 -53.1 1.2 0.9 2.6
2008.4904 110.854 -16.2096 -54.3 1.2 0.9 2.6
2008.4932 107.508 -15.9876 -54.6 1.2 0.9 2.5
2008.4959 108.898 -15.9876 -57.3 1.2 0.9 2.5
2008.4986 111.111 -17.3199 -54.2 1.2 0.8 2.5
2008.5014 112.861 -15.7655 -55.7 1.2 0.9 2.6
2008.5041 111.317 -16.9868 -54.7 1.2 0.9 2.5
2008.5068 110.648 -16.3206 -55.7 1.2 0.9 2.5
2008.5096 109.464 -16.2096 -55.1 1.2 0.9 2.5
2008.5123 111.574 -14.5442 -47.7 1.2 0.9 2.5
2008.5151 110.751 -17.875 -46.6 1.2 0.9 2.5
2008.5178 112.655 -16.4317 -53 1.2 0.9 2.5
2008.5205 110.133 -16.9868 -56.6 1.2 0.9 2.5
2008.5233 106.994 -15.4324 -54.1 1.2 0.9 2.5
2008.5260 110.648 -16.7647 -53.9 1.2 0.9 2.6
2008.5288 112.552 -18.097 -55.3 1.3 0.9 2.6
2008.5315 110.545 -15.9876 -57 1.3 0.9 2.6
2008.5342 110.854 -15.8765 -57.9 1.2 0.9 2.6
2008.5370 110.493 -16.4317 -57.5 1.2 0.9 2.5
2008.5397 110.751 -17.3199 -57.4 1.2 0.9 2.5
2008.5425 112.089 -16.6537 -54.3 1.2 0.9 2.5
2008.5452 111.317 -16.8758 -54.6 1.2 0.9 2.5
2008.5479 112.397 -14.1001 -54 1.3 0.9 2.6
2008.5507 110.905 -15.9876 -56.7 1.2 0.9 2.6
2008.5534 108.538 -17.2088 -52.6 1.2 0.9 2.5
2008.5562 113.015 -14.5442 -55.1 1.2 0.9 2.5
2008.5589 113.427 -16.0986 -52.7 1.2 0.9 2.5
2008.5616 113.169 -16.3206 -62.3 1.2 0.9 2.6
2008.5644 110.236 -14.9883 -61 1.2 0.9 2.5
2008.5671 112.346 -17.6529 -56.8 1.2 0.9 2.5
2008.5699 113.735 -15.5435 -55 1.2 0.9 2.5
2008.5726 113.89 -15.8765 -54.1 1.2 0.9 2.5
2008.5753 112.037 -15.9876 -54.6 1.3 0.9 2.5
2008.5781 115.176 -14.5442 -58.4 1.2 0.9 2.6
2008.5808 109.464 -15.6545 -51.1 1.2 0.9 2.5
2008.5836 116.103 -17.764 -39.7 1.2 0.9 2.5
2008.5863 111.78 -14.5442 -67.2 1.2 0.9 2.5
2008.5890 112.552 -16.2096 -57.1 1.1 0.9 2.5
2008.5918 113.478 -15.3214 -61 1.2 0.9 2.6
2008.5945 109.67 -15.7655 -59 1.2 0.9 2.5
2008.5973 116.978 -16.8758 -56.1 1.2 0.9 2.5
2008.6000 110.493 -16.7647 -58.7 1.2 0.9 2.6
2008.6027 108.898 -17.986 -63.9 1.2 0.9 2.6
2008.6055 110.905 -16.7647 -60.2 1.2 0.9 2.6
2008.6082 113.324 -18.3191 -52 1.2 0.9 2.6
2008.6110 111.523 -16.0986 -56.9 1.2 0.9 2.6
2008.6137 113.787 -17.764 -55 1.2 0.9 2.6
2008.6164 113.478 -17.875 -61.1 1.2 0.9 2.6
2008.6192 114.662 -19.0963 -57.5 1.2 0.9 2.6
2008.6219 114.147 -17.2088 -56.3 1.2 0.9 2.6
2008.6247 113.427 -18.097 -55.3 1.2 0.9 2.6
2008.6274 115.794 -18.3191 -58.5 1.2 0.9 2.6
2008.6301 115.897 -18.097 -61.4 1.2 0.9 2.6
2008.6329 116.72 -18.8742 -57.4 1.2 0.9 2.6
2008.6356 117.853 -17.4309 -57 1.2 0.9 2.6
2008.6384 116.257 -17.2088 -59.1 1.2 0.9 2.6
2008.6411 112.758 -18.5411 -54.2 1.2 0.9 2.6
2008.6438 116.72 -19.9845 -53.1 1.2 0.9 2.6
2008.6466 114.199 -18.8742 -57.9 1.2 0.9 2.6
2008.6493 117.853 -18.8742 -55.9 1.2 0.9 2.6
2008.6521 117.544 -17.3199 -55.5 1.2 0.9 2.5
2008.6548 118.367 -17.764 -59.1 1.2 0.9 2.5
2008.6575 116.154 -18.5411 -55 1.2 0.9 2.6
2008.6603 113.427 -19.6514 -57 1.3 0.9 2.6
2008.6630 115.537 -18.8742 -60.3 1.2 0.9 2.5
2008.6658 116.051 -18.7632 -59.2 1.2 0.9 2.6
2008.6685 117.75 -15.8765 -63.8 1.2 0.9 2.6
2008.6712 117.081 -18.4301 -62.9 1.2 0.9 2.6
2008.6740 115.64 -17.764 -55.8 1.2 0.9 2.5
2008.6767 114.456 -18.9852 -57.7 1.2 0.9 2.6
2008.6795 117.956 -17.875 -64.9 1.4 1.0 2.8
2008.6822 117.338 -19.4293 -57.8 1.2 0.9 2.6
2008.6849 116.72 -17.3199 -63.8 1.2 0.9 2.5
2008.6877 116.617 -16.3206 -60 1.2 0.9 2.5
2008.6904 117.081 -19.6514 -58.2 1.2 0.9 2.6
2008.6932 114.868 -17.4309 -63.1 1.2 0.9 2.6
2008.6959 120.374 -17.4309 -63.1 1.2 0.9 2.6
2008.6986 118.264 -17.764 -62.3 1.2 0.9 2.5
2008.7014 121.661 -17.2088 -55.2 1.3 0.9 2.6
2008.7041 119.808 -17.0978 -59.5 1.2 0.9 2.6
2008.7068 121.712 -16.7647 -60.4 1.2 0.9 2.6
2008.7096 120.066 -15.5435 -61.9 1.3 0.9 2.6
2008.7123 118.367 -19.4293 -60.7 1.3 0.9 2.6
2008.7151 120.529 -17.0978 -63.5 1.3 0.9 2.7
2008.7178 121.249 -16.6537 -59.2 1.2 0.9 2.6
2008.7205 125.984 -18.5411 -56.6 1.2 0.9 2.6
2008.7233 124.749 -22.9821 -59.7 1.2 0.9 2.6
2008.7260 123.874 -17.5419 -54.8 1.2 0.9 2.6
2008.7288 121.764 -18.5411 -60.7 1.3 0.9 2.6
2008.7315 121.507 -16.9868 -63.3 1.3 0.9 2.5
2008.7342 126.138 -17.2088 -60.4 1.2 0.9 2.6
2008.7370 128.351 -17.5419 -58.9 1.3 0.9 2.6
2008.7397 124.08 -17.2088 -58 1.3 0.9 2.6
2008.7425 126.035 -19.3183 -58.7 1.3 0.9 2.6
2008.7452 125.469 -20.0955 -59.6 1.3 0.9 2.6
2008.7479 124.028 -16.7647 -63.6 1.3 0.9 2.6
2008.7507 128.351 -17.6529 -62.6 1.3 0.9 2.6
2008.7534 128.66 -18.3191 -58.7 1.3 0.9 2.6
2008.7562 129.535 -16.9868 -55.2 1.3 0.9 2.7
2008.7589 127.785 -18.2081 -58.3 1.3 0.9 2.6
2008.7616 125.727 -17.2088 -60.3 1.2 0.9 2.6
2008.7644 125.366 -18.097 -58.2 1.3 0.9 2.6
2008.7671 129.792 -16.9868 -59.9 1.2 0.9 2.6
2008.7699 132.983 -15.9876 -61 1.3 0.9 2.6
2008.7726 130.101 -17.875 -63.5 1.3 0.9 2.6
2008.7753 129.329 -14.2112 -63.8 1.2 0.9 2.5
2008.7781 128.609 -17.6529 -60.2 1.2 0.9 2.5
2008.7808 129.689 -17.986 -54.5 1.6 0.9 2.8
2008.7836 134.321 -17.3199 -58 1.2 0.9 2.6
2008.7863 133.035 -16.7647 -62.1 1.2 0.9 2.5
2008.7890 132.108 -16.9868 -61.7 1.3 0.9 2.6
2008.7918 131.645 -16.5427 -68 1.3 0.9 2.6
2008.7945 130.101 -16.3206 -65.3 1.3 0.9 2.6
2008.7973 131.645 -16.6537 -64.6 1.3 0.9 2.6
2008.8000 133.755 -16.7647 -57.8 1.3 0.9 2.5
2008.8027 129.947 -15.8765 -60.8 1.3 0.9 2.6
2008.8055 133.035 -15.0994 -66.3 1.2 0.9 2.5
2008.8082 133.343 -16.6537 -67.1 1.2 0.9 2.5
2008.8110 134.527 -16.5427 -65 1.3 0.9 2.6
2008.8137 134.373 -15.9876 -57.3 1.3 0.9 2.6
2008.8164 138.129 -16.9868 -62.6 1.3 0.9 2.5
2008.8192 136.483 -15.9876 -67.4 1.2 0.9 2.5
2008.8219 136.586 -14.8773 -69.7 1.3 0.9 2.6
2008.8247 136.74 -15.5435 -69.3 1.3 0.9 2.6
2008.8274 139.879 -16.7647 -64.3 1.4 0.9 2.6
2008.8301 133.549 -19.0963 -59.9 1.3 0.9 2.6
2008.8329 142.401 -16.3206 -64.1 1.3 0.9 2.6
2008.8356 139.828 -15.0994 -72.7 1.3 0.9 2.6
2008.8384 140.342 -15.0994 -69.1 1.3 0.9 2.5
2008.8411 138.387 -16.4317 -61.3 1.3 0.9 2.5
2008.8438 138.027 -17.5419 -64.4 1.2 0.9 2.6
2008.8466 137.357 -15.4324 -73 1.2 0.9 2.5
2008.8493 139.262 -15.8765 -70.5 1.3 0.9 2.5
2008.8521 142.658 -14.1001 -66 1.3 0.9 2.5
2008.8548 146.106 -15.6545 -63.5 1.3 0.9 2.5
2008.8575 140.394 -14.7663 -64.8 1.2 0.9 2.5
2008.8603 137.615 -15.7655 -74.4 1.2 0.9 2.5
2008.8630 142.864 -16.6537 -63.5 1.2 0.9 2.5
2008.8658 144.511 -15.2104 -55.4 1.2 0.9 2.5
2008.8685 141.166 -16.3206 -59.1 1.2 0.9 2.6
2008.8712 138.953 -14.7663 -61.1 1.2 0.9 2.5
2008.8740 140.96 -15.2104 -65.5 1.3 0.9 2.6
2008.8767 142.658 -13.7671 -73.6 1.2 0.9 2.5
2008.8795 141.886 -15.9876 -68.9 1.2 0.9 2.5
2008.8822 142.195 -11.1025 -69.6 1.2 0.9 2.5
2008.8849 140.548 -11.2135 -66.9 1.3 0.9 2.6
2008.8877 138.593 -13.1009 -67 1.2 0.9 2.6
2008.8904 138.593 -12.6568 -70.8 1.3 0.9 2.6
2008.8932 139.776 -10.9914 -64.4 1.3 0.9 2.6
2008.8959 141.835 -13.9891 -62.5 1.2 0.9 2.6
2008.8986 147.65 -16.5427 -71.9 1.2 0.9 2.6
2008.9014 141.629 -16.4317 -74.4 1.3 0.9 2.6
2008.9041 139.21 -16.2096 -67.2 1.3 0.9 2.5
2008.9068 141.578 -14.7663 -73.4 1.2 0.9 2.6
2008.9096 145.077 -14.7663 -68.3 1.2 0.9 2.5
2008.9123 141.938 -15.2104 -67.9 1.2 0.9 2.6
2008.9151 142.504 -14.2112 -60.2 1.2 0.9 2.6
2008.9178 142.195 -15.3214 -69.6 1.2 0.9 2.5
2008.9205 141.063 -14.3222 -83.4 1.3 0.9 2.6
2008.9233 145.026 -13.434 -82.8 1.3 0.9 2.6
2008.9260 140.394 -12.8789 -68.6 1.2 0.9 2.5
2008.9288 143.996 -12.6568 -63 1.2 0.9 2.6
2008.9315 141.732 -10.4363 -57.1 1.3 0.9 2.6
2008.9342 143.43 -9.21505 -58.9 1.2 0.9 2.5
2008.9370 143.173 -10.7694 -58.9 1.2 0.9 2.5
2008.9397 144.357 -12.1017 -67.3 1.2 0.9 2.6
2008.9425 141.475 -16.9868 -65.4 1.2 0.9 2.6
2008.9452 143.07 -18.3191 -70 1.2 0.9 2.5
2008.9479 145.952 -15.9876 -65.9 1.2 0.9 2.6
2008.9507 147.753 -15.7655 -79.9 1.2 0.9 2.6
2008.9534 144.254 -16.2096 -84 1.2 0.9 2.6
2008.9562 142.607 -15.0994 -81.7 1.2 0.9 2.5
2008.9589 145.849 -16.7647 -82 1.2 0.9 2.5
2008.9616 144.768 -15.8765 -82.8 1.2 0.9 2.5
2008.9644 146.003 -15.0994 -79.5 1.2 0.9 2.6
2008.9671 146.415 -15.3214 -78.6 1.2 0.9 2.5
2008.9699 145.54 -15.5435 -73.3 1.2 0.9 2.6
2008.9726 143.893 -15.3214 -72.3 1.2 0.9 2.5
2008.9753 144.202 -15.9876 -74.3 1.2 0.9 2.5
2008.9781 148.988 -15.7655 -70.4 1.2 0.9 2.5
2008.9808 145.386 -14.5442 -74.9 1.2 0.9 2.5
2008.9836 147.547 -15.8765 -74 1.2 0.9 2.5
2008.9863 145.386 -17.986 -73.4 1.2 0.9 2.6
2008.9890 146.055 -14.6553 -71.1 1.3 0.9 2.5
2008.9918 146.672 -13.656 -75.5 1.2 0.9 2.5
2008.9945 150.121 -13.323 -80.7 1.2 0.9 2.5
2008.9973 148.731 -13.656 -82.5 1.2 0.9 2.5
2009.0000 146.724 -14.4332 -76.4 1.2 0.9 2.6
2009.0027 145.798 -15.7655 -82.8 1.2 0.9 2.6
2009.0027 146.724 -14.5442 -79.5 1.2 0.9 2.5
2009.0055 150.893 -14.2112 -83.5 1.2 0.9 2.5
2009.0082 148.988 -13.545 -79.6 1.2 0.9 2.5
2009.0110 146.621 -14.3222 -77.3 1.2 0.9 2.5
2009.0137 145.283 -14.6553 -74.9 1.2 0.9 2.5
2009.0164 147.496 -13.656 -77.2 1.2 0.9 2.5
2009.0192 148.216 -13.9891 -82.3 1.2 0.9 2.5
2009.0219 148.68 -14.5442 -83 1.2 0.9 2.5
2009.0247 144.768 -14.6553 -81.8 1.2 0.9 2.6
2009.0274 146.724 -14.9883 -82.2 1.2 0.9 2.5
2009.0301 146.724 -16.8758 -84.3 1.2 0.9 2.5
2009.0329 146.724 -14.1001 -83.5 1.2 0.9 2.5
2009.0356 145.952 -15.3214 -88 1.2 0.9 2.5
2009.0384 145.386 -15.2104 -74.4 1.2 0.9 2.5
2009.0411 144.717 -13.323 -70.7 1.2 0.9 2.5
2009.0438 150.275 -15.0994 -69.4 1.2 0.9 2.5
2009.0466 149.76 -14.9883 -75.9 1.2 0.9 2.5
2009.0493 146.261 -14.3222 -81.7 1.2 0.9 2.5
2009.0521 150.326 -13.9891 -82.9 1.2 0.9 2.5
2009.0548 148.937 -11.4355 -92.3 1.1 0.9 2.5
2009.0575 150.738 -12.3237 -89 1.1 0.9 2.5
2009.0603 152.334 -15.2104 -90.5 1.2 0.9 2.5
2009.0630 150.069 -14.8773 -87.4 1.2 0.9 2.5
2009.0658 150.172 -15.8765 -83.7 1.1 0.9 2.5
2009.0685 149.76 -14.5442 -85.9 1.1 0.9 2.5
2009.0712 150.635 -14.8773 -84.4 1.1 0.9 2.5
2009.0740 153.003 -15.2104 -85.7 1.2 0.9 2.5
2009.0767 149.966 -16.5427 -84.9 1.2 0.9 2.5
2009.0795 152.334 -16.5427 -78.6 1.2 0.9 2.5
2009.0822 151.716 -15.0994 -77.5 1.1 0.9 2.5
2009.0849 152.797 -14.9883 -87.9 1.1 0.9 2.5
2009.0877 154.289 -14.4332 -89.6 1.1 0.9 2.5
2009.0904 153.517 -15.4324 -88.8 1.2 0.9 2.5
2009.0932 150.893 -15.4324 -85.9 1.2 0.9 2.5
2009.0959 153.105 -14.5442 -79.3 1.2 0.9 2.6
2009.0986 153.929 -16.3206 -84.5 1.2 0.9 2.5
2009.1014 154.804 -18.6522 -84.9 1.1 0.9 2.5
2009.1041 153.775 -16.5427 -87.2 1.1 0.9 2.5
2009.1068 152.025 -17.875 -86.9 1.2 0.9 2.5
2009.1096 155.421 -18.3191 -86 1.2 0.9 2.5
2009.1123 154.135 -16.4317 -86.4 1.2 0.9 2.5
2009.1151 153.569 -18.097 -92.5 1.2 0.9 2.5
2009.1178 151.098 -17.5419 -92.3 1.2 0.9 2.5
2009.1205 155.936 -15.6545 -89.1 1.2 0.9 2.5
2009.1233 155.061 -16.6537 -84.1 1.2 0.9 2.5
2009.1260 156.245 -13.545 -74.8 1.2 0.9 2.5
2009.1288 156.862 -12.4348 -72.7 1.2 0.9 2.5
2009.1315 153.466 -10.7694 -79.8 1.2 0.9 2.5
2009.1342 152.9 -18.5411 -90 1.2 0.9 2.5
2009.1370 156.811 -17.6529 -83 1.2 0.9 2.5
2009.1397 151.87 -17.0978 -88.1 1.2 0.9 2.5
2009.1425 158.097 -18.9852 -86.4 1.2 0.9 2.5
2009.1452 151.15 -17.4309 -91.1 1.3 0.9 2.6
2009.1479 152.179 -17.5419 -92 1.2 0.9 2.6
2009.1507 148.268 -15.5435 -88.8 1.2 0.9 2.6
2009.1534 154.392 -17.2088 -86.5 1.3 0.9 2.5
2009.1562 154.855 -17.764 -87.6 1.2 0.9 2.5
2009.1589 154.238 -20.0955 -93.9 1.2 0.9 2.6
2009.1616 155.164 -18.9852 -95.1 1.2 0.9 2.5
2009.1644 154.855 -19.6514 -96.9 1.3 0.9 2.5
2009.1671 151.407 -16.6537 -87.9 1.2 0.9 2.6
2009.1699 157.737 -17.6529 -89.2 1.3 0.9 2.6
2009.1726 153.672 -18.7632 -90 1.2 0.9 2.5
2009.1753 154.495 -18.3191 -89.1 1.2 0.9 2.5
2009.1781 150.223 -16.5427 -96.3 1.3 0.9 2.6
2009.1808 150.893 -18.7632 -94.9 1.2 0.9 2.5
2009.1836 155.782 -16.5427 -97 1.3 0.9 2.6
2009.1863 153.054 -14.5442 -91.2 1.2 0.9 2.5
2009.1890 149.606 -19.5404 -91.7 1.2 0.8 2.5
2009.1918 155.421 -18.4301 -88 1.2 0.8 2.5
2009.1945 152.128 -19.3183 -84.2 1.2 0.8 2.5
2009.1973 153.517 -17.764 -83.2 1.2 0.9 2.6
2009.2000 157.377 -18.097 -88.7 1.3 0.9 2.5
2009.2027 153.929 -17.5419 -91.1 1.3 0.9 2.5
2009.2055 154.752 -16.9868 -89.1 1.3 0.9 2.6
2009.2082 157.017 -18.097 -84.9 1.2 0.9 2.5
2009.2110 156.708 -19.2073 -86.3 1.3 0.9 2.5
2009.2137 153.414 -17.6529 -89.1 1.3 0.9 2.5
2009.2164 156.245 -18.2081 -91.8 1.3 0.9 2.5
2009.2192 153.775 -18.097 -94.1 1.3 0.9 2.5
2009.2219 157.531 -18.8742 -85.9 1.3 0.9 2.6
2009.2247 155.73 -20.7616 -85.5 1.2 0.9 2.5
2009.2274 155.164 -19.2073 -85.3 1.3 0.9 2.6
2009.2301 156.914 -20.7616 -85.7 1.2 0.8 2.5
2009.2329 158.252 -21.2057 -86.8 1.3 0.9 2.5
2009.2356 155.318 -19.6514 -84 1.3 0.9 2.6
2009.2384 156.965 -20.8726 -87.1 1.2 0.8 2.6
2009.2411 160.002 -20.2065 -81.4 1.2 0.8 2.5
2009.2438 157.789 -22.649 -83 1.2 0.9 2.5
2009.2466 155.885 -21.5388 -87.6 1.3 0.9 2.6
2009.2493 154.804 -20.6506 -88.4 1.2 0.9 2.6
2009.2521 158.252 -20.2065 -88.3 1.3 0.9 2.6
2009.2548 155.318 -20.6506 -89.1 1.3 0.9 2.6
2009.2575 159.796 -19.9845 -91.2 1.3 0.9 2.6
2009.2603 159.024 -21.6498 -91.2 1.3 0.9 2.6
2009.2630 157.943 -20.6506 -92.7 1.3 0.9 2.6
2009.2658 157.686 -20.8726 -90.5 1.3 0.9 2.6
2009.2685 159.127 -21.5388 -88.3 1.3 0.9 2.6
2009.2712 158.869 -22.0939 -87.7 1.2 0.9 2.6
2009.2740 160.516 -22.538 -84.4 1.2 0.8 2.5
2009.2767 157.943 -23.4262 -84.2 1.3 0.9 2.6
2009.2795 156.605 -20.2065 -81.8 1.3 0.8 2.6
2009.2822 157.789 -22.316 -88.3 1.2 0.8 2.5
2009.2849 159.075 -22.427 -90 1.2 0.8 2.5
2009.2877 159.178 -20.9837 -89.3 1.2 0.9 2.6
2009.2904 155.164 -21.9829 -88.4 1.3 0.9 2.6
2009.2932 155.885 -21.7608 -87.5 1.3 0.9 2.6
2009.2959 157.326 -21.7608 -86.4 1.2 0.8 2.6
2009.2986 155.936 -23.7593 -87.3 1.3 0.9 2.6
2009.3014 156.296 -21.9829 -90.8 1.3 0.9 2.6
2009.3041 157.789 -22.7601 -93.5 1.3 0.9 2.6
2009.3068 153.98 -22.8711 -91.6 1.3 0.9 2.6
2009.3096 155.524 -23.7593 -93.2 1.3 0.8 2.5
2009.3123 157.068 -22.0939 -94.5 1.3 0.8 2.5
2009.3151 155.524 -23.2042 -91.8 1.3 0.8 2.6
2009.3178 157.84 -24.3144 -90.8 1.2 0.9 2.6
2009.3205 158.406 -22.8711 -91.6 1.2 0.8 2.6
2009.3233 155.782 -22.7601 -97.4 1.3 0.9 2.6
2009.3260 156.965 -22.9821 -94.6 1.3 0.9 2.6
2009.3288 156.708 -24.4254 -92.2 1.3 0.9 2.6
2009.3315 156.656 -24.0924 -96.5 1.3 0.9 2.5
2009.3342 158.149 -24.2034 -91.7 1.3 0.9 2.6
2009.3370 155.885 -19.9845 -90 1.2 0.8 2.6
2009.3397 152.591 -19.8734 -91.6 1.3 0.8 2.6
2009.3425 157.326 -23.8703 -86.9 1.2 0.8 2.5
2009.3452 157.943 -23.0931 -85.1 1.2 0.8 2.6
2009.3479 157.428 -22.8711 -88.7 1.3 0.9 2.6
2009.3507 160.722 -21.5388 -92.2 1.3 0.9 2.6
2009.3534 154.649 -21.8719 -91.8 1.2 0.8 2.5
2009.3562 156.708 -23.4262 -90 1.2 0.8 2.6
2009.3589 156.399 -24.8695 -87.5 1.2 0.8 2.6
2009.3616 156.554 -22.7601 -94.2 1.2 0.9 2.6
2009.3644 157.326 -23.4262 -93.7 1.3 0.8 2.5
2009.3671 152.436 -21.8719 -90.6 1.3 0.8 2.5
2009.3699 156.399 -19.0963 -95.8 1.3 0.8 2.5
2009.3726 157.686 -23.4262 -85.5 1.2 0.8 2.5
2009.3753 159.127 -23.6483 -87.8 1.2 0.8 2.5
2009.3781 155.73 -24.9806 -85.2 1.2 0.8 2.5
2009.3808 157.995 -23.0931 -86.6 1.2 0.9 2.6
2009.3836 156.965 -23.8703 -88.2 1.2 0.8 2.6
2009.3863 159.95 -24.2034 -88.1 1.2 0.8 2.5
2009.3890 161.031 -26.4239 -89.6 1.2 0.8 2.5
2009.3918 156.193 -24.0924 -93.6 1.2 0.8 2.5
2009.3945 158.046 -25.5357 -87.4 1.2 0.9 2.5
2009.3973 159.024 -25.3136 -84.5 1.2 0.8 2.5
2009.4000 157.686 -22.649 -89.3 1.2 0.8 2.5
2009.4027 154.341 -24.4254 -89.8 1.2 0.9 2.6
2009.4055 158.355 -23.8703 -86.7 1.2 0.8 2.5
2009.4082 158.869 -25.2026 -85.9 1.2 0.9 2.5
2009.4110 156.09 -25.2026 -85.4 1.2 0.9 2.6
2009.4137 158.149 -23.6483 -87.9 1.2 0.9 2.6
2009.4164 158.767 -24.5365 -91 1.2 0.9 2.6
2009.4192 160.413 -24.3144 -84.1 1.1 0.8 2.5
2009.4219 161.031 -25.9798 -83.4 1.2 0.8 2.5
2009.4247 158.767 -26.2018 -82 1.2 0.8 2.5
2009.4274 158.252 -25.5357 -82.3 1.2 0.9 2.5
2009.4301 158.561 -24.3144 -88.2 1.2 0.9 2.6
2009.4329 157.737 -23.5372 -88.1 1.2 0.8 2.5
2009.4356 158.818 -25.5357 -81.4 1.2 0.8 2.5
2009.4384 160.465 -27.4231 -80.8 1.2 0.8 2.5
2009.4411 156.862 -27.3121 -81.7 1.2 0.8 2.5
2009.4438 157.84 -25.0916 -82.8 1.1 0.8 2.5
2009.4466 155.318 -27.7562 -86.4 1.2 0.9 2.5
2009.4493 158.921 -26.4239 -83.6 1.1 0.8 2.5
2009.4521 160.568 -25.0916 -80.3 1.1 0.8 2.5
2009.4548 160.979 -25.9798 -79.3 1.1 0.8 2.5
2009.4575 160.928 -26.0908 -79.8 1.1 0.8 2.5
2009.4603 156.296 -25.6467 -81.8 1.1 0.8 2.5
2009.4630 160.877 -26.2018 -81 1.2 0.8 2.5
2009.4658 158.097 -28.3113 -78 1.2 0.8 2.5
2009.4685 157.892 -26.3129 -79.5 1.2 0.8 2.5
2009.4712 160.208 -26.6459 -79.8 1.1 0.8 2.5
2009.4740 159.744 -26.3129 -80.6 1.1 0.8 2.5
2009.4767 160.31 -25.3136 -82 1.1 0.8 2.5
2009.4795 161.185 -28.8664 -79.3 1.1 0.8 2.5
2009.4822 159.693 -26.979 -82.4 1.1 0.8 2.5
2009.4849 160.465 -27.3121 -83.1 1.2 0.9 2.5
2009.4877 158.972 -27.2011 -82.2 1.1 0.9 2.5
2009.4904 160.31 -26.6459 -84 1.1 0.9 2.5
2009.4932 158.406 -28.2003 -81.3 1.1 0.9 2.6
2009.4959 161.854 -26.6459 -85.1 1.2 0.9 2.6
2009.4986 163.45 -28.2003 -82.5 1.2 0.9 2.6
2009.5014 158.149 -26.6459 -75.9 1.1 0.9 2.5
2009.5041 158.869 -24.5365 -87.2 1.1 0.8 2.5
2009.5068 159.384 -27.6452 -79.5 1.1 0.9 2.5
2009.5096 163.141 -27.9782 -81.9 1.1 0.9 2.5
2009.5123 164.685 -27.6452 -79.5 1.1 0.8 2.5
2009.5151 161.082 -26.757 -88.9 1.1 0.9 2.5
2009.5178 160.31 -25.0916 -78.7 1.1 0.9 2.5
2009.5205 157.943 -25.4247 -82.7 1.2 0.8 2.5
2009.5233 161.751 -23.3152 -84.6 1.1 0.9 2.5
2009.5260 161.649 -28.7554 -90.3 1.1 0.9 2.5
2009.5288 164.119 -26.868 -85 1.1 0.8 2.5
2009.5315 156.451 -30.0877 -83.8 1.2 0.9 2.6
2009.5342 163.759 -27.09 -81.1 1.1 0.9 2.5
2009.5370 158.303 -24.7585 -90.4 1.1 0.9 2.5
2009.5397 160.619 -26.4239 -85.5 1.2 0.9 2.5
2009.5425 159.436 -27.3121 -87.1 1.1 0.9 2.5
2009.5452 159.281 -29.8657 -77.3 1.1 0.9 2.5
2009.5479 158.303 -29.9767 -77.4 1.1 0.9 2.6
2009.5507 160.928 -27.9782 -80.3 1.1 0.9 2.5
2009.5534 156.914 -24.2034 -73.6 1.1 0.9 2.5
2009.5562 162.575 -26.6459 -77.9 1.3 1.0 2.8
2009.5589 156.708 -28.6444 -79.8 1.1 0.9 2.5
2009.5616 156.811 -30.3098 -79 1.2 0.9 2.7
2009.5644 161.031 -28.7554 -79.9 1.1 0.9 2.6
2009.5671 159.641 -26.3129 -88.7 1.1 0.9 2.6
2009.5699 158.355 -27.5341 -84.5 1.1 0.9 2.6
2009.5726 157.892 -26.4239 -93.6 1.1 0.9 2.5
2009.5753 157.428 -28.2003 -80 1.1 0.9 2.5
2009.5781 157.995 -30.1987 -82.3 1.2 0.9 2.7
2009.5808 161.546 -31.309 -77.8 1.1 0.9 2.5
2009.5836 156.451 -28.6444 -82.5 1.2 0.9 2.5
2009.5863 155.473 -27.4231 -86.1 1.1 0.9 2.5
2009.5890 160.671 -29.9767 -82.5 1.2 0.9 2.5
2009.5918 164.479 -28.3113 -86.7 1.2 0.9 2.5
2009.5945 159.744 -32.7523 -71.2 1.2 0.9 2.6
2009.5973 159.796 -27.8672 -77.1 1.2 0.9 2.6
2009.6000 161.134 -30.6428 -84.3 1.1 0.9 2.5
2009.6027 157.943 -29.1995 -82.3 1.2 0.9 2.5
2009.6055 161.957 -28.8664 -85.2 1.1 0.9 2.5
2009.6082 158.612 -30.0877 -79 1.2 0.9 2.5
2009.6110 160.774 -32.3082 -77 1.2 0.9 2.5
2009.6137 160.362 -32.4192 -78.5 1.2 0.9 2.5
2009.6164 160.928 -30.1987 -84 1.2 0.9 2.5
2009.6192 161.134 -28.8664 -84.5 1.1 0.9 2.5
2009.6219 160.722 -30.0877 -81.5 1.1 0.9 2.5
2009.6247 160.208 -31.8641 -75.8 1.1 0.9 2.5
2009.6274 159.487 -31.8641 -78.1 1.2 0.9 2.5
2009.6301 160.928 -32.8633 -82.4 1.2 0.9 2.5
2009.6329 161.751 -31.531 -89.1 1.2 0.9 2.5
2009.6356 162.369 -30.1987 -84.6 1.2 0.9 2.5
2009.6384 162.318 -30.8649 -76.3 1.2 0.9 2.6
2009.6411 161.7 -32.7523 -76.4 1.2 0.9 2.6
2009.6438 159.178 -31.42 -84.8 1.2 0.9 2.6
2009.6466 162.935 -31.9751 -76.2 1.2 0.9 2.6
2009.6493 163.038 -29.5326 -84.5 1.2 0.9 2.6
2009.6521 161.7 -31.9751 -80.6 1.2 0.9 2.6
2009.6548 163.707 -31.9751 -81.9 1.2 0.9 2.6
2009.6575 162.06 -30.7538 -77.6 1.2 0.8 2.6
2009.6603 166.023 -29.5326 -86.2 1.2 0.8 2.5
2009.6630 161.443 -30.3098 -85 1.2 0.8 2.5
2009.6658 162.523 -30.6428 -83.2 1.2 0.8 2.6
2009.6685 161.443 -29.5326 -84.4 1.2 0.8 2.6
2009.6712 163.501 -31.1979 -83.4 1.2 0.9 2.6
2009.6740 167.412 -31.1979 -82.8 1.2 0.8 2.6
2009.6767 167.258 -31.309 -82 1.2 0.8 2.6
2009.6795 163.964 -30.0877 -79.1 1.2 0.9 2.6
2009.6822 162.935 -31.1979 -77.4 1.3 0.9 2.6
2009.6849 164.17 -31.531 -70.5 1.2 0.8 2.5
2009.6877 166.332 -32.1972 -82.9 1.2 0.8 2.5
2009.6904 164.273 -31.9751 -79.3 1.2 0.8 2.5
2009.6932 166.383 -30.9759 -75.7 1.2 0.9 2.5
2009.6959 165.971 -32.7523 -76.5 1.2 0.9 2.5
2009.6986 165.611 -30.7538 -70.6 1.2 0.8 2.5
2009.7014 167.876 -31.7531 -78.7 1.2 0.9 2.6
2009.7041 166.898 -30.3098 -77.9 1.2 0.9 2.5
2009.7068 167.824 -31.1979 -81.9 1.2 0.9 2.6
2009.7096 168.03 -30.8649 -80 1.2 0.8 2.5
2009.7123 168.699 -30.3098 -78.9 1.2 0.9 2.6
2009.7151 168.493 -30.4208 -79.4 1.2 0.9 2.7
2009.7178 169.214 -31.531 -80 1.2 0.8 2.6
2009.7205 166.589 -32.4192 -80.9 1.2 0.9 2.6
2009.7233 170.5 -32.3082 -82.9 1.2 0.8 2.6
2009.7260 169.574 -34.7507 -77.7 1.2 0.9 2.6
2009.7288 170.14 -32.8633 -79 1.2 0.9 2.6
2009.7315 167.001 -31.531 -79.1 1.2 0.8 2.6
2009.7342 169.883 -31.9751 -80.7 1.2 0.9 2.6
2009.7370 167.67 -31.42 -85.5 1.2 0.8 2.6
2009.7397 171.581 -30.3098 -84.1 1.2 0.8 2.6
2009.7425 174 -30.6428 -79.9 1.2 0.9 2.6
2009.7452 169.111 -32.1972 -79.7 1.3 0.9 2.7
2009.7479 171.324 -31.42 -82.6 1.2 0.9 2.6
2009.7507 170.243 -32.5302 -83.9 1.2 0.9 2.6
2009.7534 173.382 -31.8641 -82.5 1.2 0.9 2.6
2009.7562 170.14 -30.6428 -81.3 1.2 0.8 2.6
2009.7589 171.066 -30.8649 -80.2 1.2 0.8 2.6
2009.7616 170.552 -30.9759 -88.7 1.2 0.9 2.6
2009.7644 170.449 -31.7531 -88.2 1.2 0.8 2.6
2009.7671 173.537 -32.0861 -79.6 1.2 0.8 2.6
2009.7699 173.022 -30.3098 -83.6 1.2 0.9 2.6
2009.7726 175.544 -30.3098 -81.3 1.2 0.8 2.6
2009.7753 176.264 -32.9743 -77.7 1.2 0.9 2.6
2009.7781 173.845 -29.9767 -85.5 1.2 0.8 2.6
2009.7808 173.125 -29.6436 -83.7 1.2 0.8 2.6
2009.7836 172.919 -31.7531 -87.2 1.2 0.8 2.6
2009.7863 174.36 -30.3098 -83.3 1.2 0.8 2.6
2009.7890 174.823 -29.7546 -76 1.2 0.9 2.6
2009.7918 177.448 -32.9743 -79.6 1.2 0.9 2.7
2009.7945 179.043 -31.642 -78 1.3 0.9 2.7
2009.7973 176.625 -30.0877 -86.3 1.3 0.9 2.7
2009.8000 174.463 -29.5326 -85.2 1.3 0.9 2.6
2009.8027 176.058 -33.0854 -82.9 1.2 0.9 2.6
2009.8055 178.066 -31.7531 -75.3 1.2 0.9 2.6
2009.8082 177.911 -31.531 -75.6 1.2 0.9 2.6
2009.8110 177.499 -29.8657 -79.8 1.2 0.9 2.7
2009.8137 177.705 -29.8657 -82.3 1.2 0.9 2.6
2009.8164 175.441 -32.6413 -82.8 1.2 0.9 2.7
2009.8192 177.191 -31.531 -82.5 1.2 0.9 2.7
2009.8219 177.757 -31.7531 -84.7 1.2 0.9 2.6
2009.8247 179.918 -32.0861 -87.4 1.2 0.9 2.6
2009.8274 176.676 -29.7546 -86.3 1.2 0.9 2.6
2009.8301 179.764 -29.8657 -87.5 1.2 0.9 2.7
2009.8329 179.764 -31.1979 -84.9 1.3 0.9 2.7
2009.8356 178.374 -29.8657 -86.7 1.3 0.9 2.7
2009.8384 176.83 -30.6428 -82.6 1.3 0.9 2.8
2009.8411 174.36 -30.4208 -90.4 1.2 0.9 2.6
2009.8438 178.786 -30.3098 -81.3 1.2 0.9 2.7
2009.8466 184.241 -31.42 -76.2 1.2 0.9 2.8
2009.8493 181.256 -32.6413 -70.5 1.2 0.9 2.7
2009.8521 182.44 -33.4184 -82.4 1.3 0.9 2.7
2009.8548 178.323 -31.42 -85.8 1.2 0.9 2.7
2009.8575 179.352 -29.1995 -88 1.2 0.9 2.7
2009.8603 182.286 -31.1979 -87.6 1.2 0.9 2.8
2009.8630 182.8 -32.5302 -82 1.2 0.9 2.7
2009.8658 184.087 -31.42 -83.4 1.2 0.9 2.8
2009.8685 180.073 -33.0854 -83.2 1.3 0.9 2.8
2009.8712 172.868 -29.9767 -81.2 1.6 1.1 3.3
2009.8740 174.412 -29.9767 -84.4 1.2 0.9 2.7
2009.8767 185.116 -30.3098 -89.7 1.2 0.9 2.7
2009.8795 188.358 -29.5326 -85.7 1.3 0.9 2.8
2009.8822 182.491 -29.6436 -89 1.3 0.9 2.9
2009.8849 181.05 -28.6444 -89.5 1.2 0.9 2.7
2009.8877 175.184 -28.8664 -91.1 1.2 0.9 2.7
2009.8904 178.786 -28.2003 -89.8 1.2 0.9 2.6
2009.8932 183.366 -27.4231 -85.1 1.3 0.9 2.6
2009.8959 184.396 -29.8657 -81.6 1.2 0.9 2.6
2009.8986 185.013 -27.8672 -86.2 1.2 0.9 2.6
2009.9014 182.697 -27.3121 -81 1.2 0.9 2.6
2009.9041 181.771 -29.0885 -84.6 1.1 0.9 2.6
2009.9068 183.727 -30.5318 -86.7 1.1 0.9 2.6
2009.9096 189.285 -30.4208 -82 1.1 0.9 2.6
2009.9123 187.329 -29.5326 -88.2 1.1 0.9 2.6
2009.9151 186.609 -30.9759 -91.5 1.2 0.9 2.6
2009.9178 181.771 -34.9728 -89.7 1.2 0.9 2.6
2009.9205 181.771 -32.9743 -89.6 1.1 0.9 2.6
2009.9233 185.476 -30.0877 -88.1 1.1 0.9 2.6
2009.9260 190.777 -23.6483 -93.3 1.1 0.9 2.6
2009.9288 189.079 -22.538 -91.4 1.2 0.9 2.6
2009.9315 185.322 -28.4223 -95.5 1.1 0.9 2.6
2009.9342 182.852 -29.3105 -98.7 1.2 0.9 2.6
2009.9370 185.579 -31.1979 -99.5 1.2 0.9 2.6
2009.9397 187.329 -29.7546 -94.6 1.2 0.9 2.7
2009.9425 189.439 -30.1987 -92.7 1.2 0.9 2.6
2009.9452 190.263 -30.1987 -94.2 1.2 0.9 2.7
2009.9479 187.638 -28.8664 -96.3 1.2 0.9 2.7
2009.9507 186.3 -30.7538 -96.1 1.1 0.9 2.6
2009.9534 187.278 -30.3098 -96.3 1.2 0.9 2.6
2009.9562 186.969 -28.7554 -92.7 1.1 0.9 2.6
2009.9589 190.88 -30.5318 -87.3 1.1 0.9 2.6
2009.9616 187.586 -31.642 -85.8 1.1 0.9 2.6
2009.9644 189.851 -30.3098 -95.1 1.2 0.9 2.6
2009.9671 187.586 -29.8657 -96 1.2 0.9 2.7
2009.9699 186.814 -29.3105 -92.4 1.2 0.9 2.6
2009.9726 190.16 -30.4208 -91.6 1.2 0.9 2.6
2009.9753 192.373 -30.4208 -89.7 1.2 0.9 2.7
2009.9781 190.674 -29.7546 -91.7 1.1 0.9 2.6
2009.9808 188.564 -29.6436 -91.7 1.1 0.9 2.6
2009.9836 189.491 -28.4223 -90.6 1.1 0.9 2.6
2009.9863 188.719 -29.3105 -90.5 1.1 0.9 2.5
2009.9890 187.535 -29.3105 -93.1 1.1 0.9 2.6
2009.9918 188.667 -29.0885 -94.5 1.1 0.9 2.6
2009.9945 189.182 -30.6428 -93.7 1.1 0.9 2.6
2009.9973 188.255 -30.1987 -91.7 1.1 0.9 2.5
2010.0000 189.233 -30.1987 -98.1 1.1 0.9 2.5
2010.0027 186.866 -28.5334 -105.6 1.1 0.9 2.5
2010.0055 186.557 -28.5334 -101 1.1 0.9 2.6
2010.0082 189.336 -29.5326 -94.5 1.2 0.9 2.6
2010.0110 190.829 -29.5326 -92.3 1.1 0.9 2.5
2010.0137 190.623 -29.7546 -94 1.1 0.9 2.5
2010.0164 192.63 -29.7546 -90.8 1.1 0.9 2.5
2010.0192 192.373 -30.4208 -94.4 1.1 0.9 2.5
2010.0219 189.799 -30.1987 -94.8 1.1 0.9 2.5
2010.0247 192.373 -30.5318 -93.1 1.1 0.9 2.6
2010.0274 191.549 -28.6444 -94.8 1.1 0.9 2.5
2010.0301 191.858 -27.8672 -94 1.2 0.9 2.6
2010.0329 189.13 -29.1995 -90.9 1.2 0.9 2.6
2010.0356 192.681 -29.9767 -98.2 1.2 0.9 2.7
2010.0384 189.388 -30.7538 -94.5 1.2 0.9 2.8
2010.0411 190.057 -30.6428 -93 1.2 0.9 2.7
2010.0438 191.034 -30.6428 -92.4 1.1 0.9 2.6
2010.0466 192.578 -29.6436 -88.1 1.2 0.9 2.6
2010.0493 192.218 -29.3105 -92.5 1.1 0.9 2.6
2010.0521 191.189 -31.0869 -95 1.2 0.9 2.6
2010.0548 192.064 -29.8657 -91.5 1.2 0.9 2.7
2010.0575 190.108 -30.1987 -99.9 1.2 0.9 2.6
2010.0603 192.218 -30.6428 -97.7 1.2 0.9 2.6
2010.0630 194.431 -31.8641 -96.9 1.2 0.9 2.6
2010.0658 194.019 -31.8641 -97.3 1.2 0.9 2.6
2010.0685 192.218 -31.7531 -95.3 1.2 0.9 2.6
2010.0712 192.63 -31.1979 -95.9 1.2 0.9 2.6
2010.0740 192.373 -31.1979 -99 1.2 0.9 2.6
2010.0767 194.997 -30.5318 -97.9 1.2 0.9 2.6
2010.0795 194.277 -32.1972 -100.8 1.1 0.9 2.6
2010.0822 195.821 -33.0854 -100.7 1.2 0.9 2.6
2010.0849 191.292 -32.1972 -97 1.2 0.9 2.6
2010.0877 191.549 -32.8633 -101.3 1.2 0.9 2.6
2010.0904 192.27 -34.4177 -101.2 1.2 0.9 2.6
2010.0932 194.071 -33.6405 -97.5 1.2 0.9 2.6
2010.0959 193.556 -31.9751 -100.3 1.2 0.9 2.7
2010.0986 193.453 -32.7523 -95.2 1.3 0.9 2.7
2010.1014 195.152 -35.4169 -93.4 1.2 0.9 2.6
2010.1041 191.189 -34.0846 -99 1.2 0.9 2.6
2010.1068 192.115 -33.7515 -95 1.2 0.9 2.6
2010.1096 193.814 -32.5302 -96.6 1.2 0.9 2.6
2010.1123 192.733 -31.42 -96.9 1.2 0.9 2.6
2010.1151 191.498 -31.0869 -96.5 1.2 0.8 2.6
2010.1178 192.373 -32.4192 -92.3 1.2 0.9 2.6
2010.1205 191.189 -33.1964 -94.2 1.2 0.9 2.6
2010.1233 194.585 -33.7515 -93.3 1.2 0.9 2.6
2010.1260 193.247 -34.5287 -98.7 1.2 0.9 2.6
2010.1288 195.409 -33.7515 -97.6 1.2 0.9 2.7
2010.1315 198.394 -33.8625 -99.4 1.2 0.9 2.7
2010.1342 194.997 -34.7507 -100.6 1.2 0.9 2.7
2010.1370 196.284 -35.861 -100.5 1.2 0.9 2.7
2010.1397 196.284 -34.5287 -102.7 1.2 0.8 2.7
2010.1425 195.409 -33.7515 -103.7 1.2 0.8 2.6
2010.1452 196.541 -34.4177 -100.8 1.2 0.9 2.7
2010.1479 194.225 -33.7515 -99.4 1.3 0.9 2.7
2010.1507 192.115 -34.0846 -100.4 1.3 0.9 2.7
2010.1534 195.821 -36.083 -102.3 1.3 0.9 2.6
2010.1562 192.115 -32.8633 -101.8 1.3 0.9 2.6
2010.1589 199.526 -30.6428 -101.6 1.3 0.8 2.6
2010.1616 194.74 -33.5295 -95.3 1.2 0.8 2.6
2010.1644 192.99 -33.8625 -98.8 1.2 0.8 2.6
2010.1671 193.196 -35.1948 -100 1.2 0.8 2.6
2010.1699 192.939 -36.083 -98.4 1.2 0.9 2.6
2010.1726 194.483 -35.4169 -95.5 1.2 0.8 2.6
2010.1753 197.004 -36.5271 -95.4 1.2 0.8 2.6
2010.1781 190.983 -36.3051 -97.3 1.2 0.8 2.6
2010.1808 193.814 -34.9728 -97.1 1.3 0.9 2.6
2010.1836 193.865 -36.083 -96.5 1.2 0.8 2.6
2010.1863 193.762 -36.5271 -92.1 1.2 0.8 2.6
2010.1890 196.49 -35.861 -99.8 1.2 0.8 2.6
2010.1918 193.659 -34.6397 -102.3 1.2 0.9 2.6
2010.1945 195.255 -35.0838 -103.4 1.3 0.9 2.6
2010.1973 193.042 -36.6382 -99.1 1.3 0.9 2.6
2010.2000 196.129 -35.5279 -100.2 1.3 0.9 2.7
2010.2027 195.049 -36.4161 -99.5 1.2 0.8 2.6
2010.2055 195.718 -34.9728 -104.5 1.3 0.9 2.6
2010.2082 197.828 -36.3051 -105.2 1.3 0.9 2.6
2010.2110 193.505 -36.6382 -107.1 1.3 0.8 2.6
2010.2137 199.063 -36.8602 -103.4 1.3 0.8 2.7
2010.2164 198.034 -36.3051 -101.3 1.3 0.8 2.6
2010.2192 199.938 -35.3059 -100.4 1.3 0.8 2.6
2010.2219 196.747 -35.5279 -104.5 1.3 0.9 2.7
2010.2247 197.776 -37.3043 -100.3 1.3 0.9 2.6
2010.2274 197.107 -36.6382 -97.3 1.3 0.9 2.7
2010.2301 196.953 -34.7507 -99.3 1.3 0.9 2.7
2010.2329 198.548 -34.9728 -96.6 1.4 0.9 2.7
2010.2356 197.056 -36.4161 -99.5 1.3 0.9 2.7
2010.2384 192.99 -37.5264 -94.8 1.3 0.9 2.7
2010.2411 194.791 -37.1933 -92.6 1.3 0.9 2.7
2010.2438 194.328 -38.3035 -100.2 1.4 0.9 2.9
2010.2466 193.968 -37.3043 -98.8 1.3 0.9 2.7
2010.2493 199.114 -36.8602 -97.2 1.4 0.9 2.7
2010.2521 196.747 -38.3035 -100.9 1.4 0.9 2.8
2010.2548 196.747 -37.6374 -97.4 1.3 0.9 2.7
2010.2575 194.174 -37.7484 -100.9 1.3 0.9 2.7
2010.2603 195.1 -37.1933 -96.8 1.6 0.9 2.9
2010.2630 191.498 -38.0815 -97.3 1.6 1.0 2.9
2010.2658 193.968 -39.3028 -99.6 1.5 0.9 2.7
2010.2685 193.247 -39.0807 -103 1.4 0.9 2.7
2010.2712 195.255 -37.6374 -103 1.3 0.9 2.7
2010.2740 192.784 -37.3043 -106.8 1.3 0.9 2.7
2010.2767 192.99 -40.302 -105.5 1.3 0.9 2.6
2010.2795 195.152 -40.191 -105.8 1.3 0.9 2.6
2010.2822 193.196 -38.4146 -97.2 1.3 0.8 2.6
2010.2849 193.247 -40.0799 -104.5 1.3 0.9 2.7
2010.2877 194.843 -40.413 -101.5 1.4 0.9 2.7
2010.2904 196.901 -40.191 -102.9 1.2 0.8 2.6
2010.2932 197.519 -40.0799 -104 1.3 0.8 2.6
2010.2959 199.32 -39.9689 -98.3 1.3 0.8 2.6
2010.2986 196.335 -39.0807 -105.3 1.3 0.8 2.6
2010.3014 194.894 -38.8587 -105.6 1.3 0.8 2.7
2010.3041 195.255 -37.4153 -101.7 1.2 0.9 2.6
2010.3068 196.85 -38.6366 -105 1.3 0.9 2.7
2010.3096 195.255 -38.8587 -103.5 1.3 0.8 2.6
2010.3123 197.673 -39.0807 -110.6 1.3 0.8 2.6
2010.3151 195.512 -39.4138 -105.5 1.3 0.9 2.6
2010.3178 195.821 -39.6358 -101.9 1.3 0.8 2.6
2010.3205 194.894 -38.0815 -104.1 1.3 0.9 2.7
2010.3233 199.011 -39.6358 -100.6 1.3 0.9 2.7
2010.3260 196.747 -38.8587 -105.5 1.2 0.9 2.7
2010.3288 197.159 -39.1917 -110.7 1.2 0.8 2.6
2010.3315 195.152 -38.5256 -109.4 1.3 0.9 2.6
2010.3342 192.99 -38.9697 -112 1.4 1.0 2.9
2010.3370 197.056 -37.5264 -109.9 1.3 0.9 2.6
2010.3397 198.548 -38.9697 -113.4 1.2 0.8 2.6
2010.3425 195.975 -40.0799 -108.6 1.2 0.8 2.6
2010.3452 195.769 -37.1933 -114.7 1.2 0.8 2.6
2010.3479 195.049 -37.7484 -114.9 1.3 0.9 2.7
2010.3507 197.21 -37.5264 -111.8 1.3 0.9 2.6
2010.3534 198.6 -38.5256 -107.1 1.2 0.9 2.6
2010.3562 196.078 -38.9697 -105.4 1.2 0.9 2.6
2010.3589 193.453 -39.3028 -109.6 1.2 0.8 2.6
2010.3616 193.093 -41.1902 -109.3 1.2 0.9 2.6
2010.3644 195.049 -40.191 -113.3 1.2 0.9 2.6
2010.3671 195.872 -40.191 -106.7 1.2 0.9 2.7
2010.3699 194.225 -40.191 -99 1.2 0.9 2.6
2010.3726 195.563 -39.7469 -104.6 1.2 0.9 2.6
2010.3753 199.629 -39.6358 -108.5 1.3 0.8 2.6
2010.3781 195.924 -39.9689 -105.2 1.2 0.9 2.6
2010.3808 194.997 -38.4146 -107.7 1.3 0.9 2.7
2010.3836 199.269 -41.9673 -100.4 1.3 0.9 2.8
2010.3863 198.908 -40.0799 -101.2 1.3 0.9 2.6
2010.3890 192.733 -39.0807 -101 1.2 0.8 2.6
2010.3918 195.357 -40.635 -102.8 1.2 0.8 2.5
2010.3945 196.078 -39.6358 -104.7 1.2 0.8 2.5
2010.3973 198.806 -40.9681 -103 1.2 0.9 2.5
2010.4000 198.754 -42.1894 -97.4 1.2 0.8 2.6
2010.4027 197.519 -40.8571 -100.2 1.2 0.8 2.6
2010.4055 194.688 -39.1917 -103 1.2 0.8 2.5
2010.4082 192.681 -42.0784 -100.6 1.6 1.2 3.0
2010.4110 195.306 -41.5232 -97.1 1.3 0.9 2.6
2010.4137 199.217 -41.5232 -98.2 1.2 0.9 2.6
2010.4164 196.696 -42.0784 -90.4 1.2 0.9 2.6
2010.4192 196.747 -40.524 -95.1 1.2 0.8 2.6
2010.4219 195.769 -39.1917 -100.9 1.2 0.8 2.5
2010.4247 196.901 -39.3028 -98.9 1.2 0.8 2.5
2010.4274 200.298 -42.5225 -100.1 1.3 0.8 2.5
2010.4301 197.467 -41.7453 -101.2 1.2 0.9 2.6
2010.4329 199.011 -42.4114 -100 1.2 0.8 2.6
2010.4356 196.541 -40.8571 -102.2 1.2 0.9 2.6
2010.4384 196.49 -41.5232 -108 1.2 0.8 2.5
2010.4411 196.696 -39.8579 -99.9 1.3 0.9 2.6
2010.4438 199.114 -39.6358 -102.2 1.2 0.9 2.6
2010.4466 199.269 -42.3004 -93.1 1.2 0.9 2.6
2010.4493 201.018 -42.1894 -96.3 1.2 0.9 2.6
2010.4521 195.975 -39.7469 -107.9 1.2 0.9 2.6
2010.4548 199.32 -38.1925 -102.6 1.2 0.9 2.6
2010.4575 200.658 -40.302 -100.8 1.2 0.9 2.6
2010.4603 197.262 -39.3028 -103.4 1.2 0.9 2.7
2010.4630 199.166 -38.6366 -104.5 1.2 0.9 2.7
2010.4658 197.931 -40.8571 -103.1 1.1 0.9 2.6
2010.4685 198.548 -40.635 -100.9 1.1 0.9 2.6
2010.4712 201.996 -39.4138 -101.9 1.2 0.9 2.6
2010.4740 198.703 -41.5232 -99.2 1.1 0.9 2.6
2010.4767 199.68 -41.7453 -101.3 1.1 0.9 2.6
2010.4795 194.997 -39.4138 -91.9 1.2 0.9 2.7
2010.4822 198.6 -40.8571 -102 1.2 0.9 2.7
2010.4849 198.651 -39.8579 -101.9 1.2 0.9 2.6
2010.4877 200.864 -39.6358 -102.2 1.1 0.9 2.6
2010.4904 199.372 -42.1894 -99.2 1.1 0.9 2.6
2010.4932 200.401 -40.8571 -97.8 1.1 0.9 2.6
2010.4959 201.276 -40.413 -103.5 1.1 0.9 2.6
2010.4986 200.401 -41.5232 -102.6 1.2 0.9 2.6
2010.5014 199.938 -40.9681 -100.8 1.2 0.9 2.6
2010.5041 199.269 -41.5232 -97.7 1.1 0.9 2.6
2010.5068 198.806 -41.7453 -101.5 1.1 0.9 2.6
2010.5096 198.754 -41.9673 -104.2 1.1 0.9 2.6
2010.5123 200.195 -40.191 -103.3 1.1 0.9 2.6
2010.5151 201.996 -43.4107 -106.2 1.2 0.9 2.6
2010.5178 199.166 -42.7445 -101.2 1.1 0.9 2.6
2010.5205 201.945 -42.3004 -100 1.1 0.9 2.6
2010.5233 199.989 -40.524 -92.4 1.2 0.9 2.6
2010.5260 200.813 -41.6343 -96.7 1.1 0.9 2.6
2010.5288 202.408 -41.6343 -104.3 1.1 0.9 2.5
2010.5315 197.004 -41.6343 -98 1.1 0.9 2.6
2010.5342 199.835 -41.3012 -100.9 1.1 0.9 2.6
2010.5370 199.938 -44.1878 -102.4 1.1 0.8 2.5
2010.5397 200.504 -42.1894 -102 1.1 0.9 2.5
2010.5425 202.305 -45.2981 -99.7 1.1 0.8 2.5
2010.5452 201.842 -42.1894 -104.9 1.1 0.9 2.5
2010.5479 202.408 -42.0784 -100.4 1.1 0.9 2.5
2010.5507 199.475 -42.1894 -103.9 1.1 0.9 2.5
2010.5534 198.548 -42.3004 -103.6 1.2 0.9 2.6
2010.5562 199.475 -41.4122 -108.8 1.1 0.8 2.5
2010.5589 203.489 -42.5225 -101 1.2 0.9 2.6
