2012.1205 0 0 0 3.0 1.7 5.1
2012.1233 0.374955 2.77578 -15.5 1.1 0.8 2.4
2012.1260 -3.74954 5.99569 -11.4 1.2 0.8 2.5
2012.1288 0 2.77578 -8.1 1.1 0.8 2.3
2012.1315 -3.64241 5.6626 -2.7 1.1 0.8 2.3
2012.1342 2.67825 3.66404 -12.4 1.1 0.8 2.3
2012.1370 -0.321389 3.33094 -16.3 1.1 0.8 2.3
2012.1397 -3.48172 3.77507 -10.5 1.1 0.8 2.4
2012.1425 -0.642778 3.10888 -14.4 1.1 0.8 2.4
2012.1452 -0.857039 3.553 -15.4 1.1 0.8 2.4
2012.1479 -2.03547 5.10744 -17.8 1.1 0.8 2.4
2012.1507 -2.73181 2.44269 -19.4 1.1 0.8 2.4
2012.1534 -2.30329 3.553 -24.2 1.1 0.8 2.4
2012.1562 1.76764 6.88395 -13.7 1.1 0.8 2.3
2012.1589 -0.749909 3.10888 -12.1 1.2 0.8 2.5
2012.1616 -1.44625 4.10816 -16.5 1.1 0.8 2.4
2012.1644 -0.267825 4.33022 -20.5 1.2 0.8 2.4
2012.1671 -3.64241 1.55444 -11.8 1.3 0.8 2.5
2012.1699 -3.0532 2.44269 -16.5 1.2 0.8 2.4
2012.1726 -1.44625 2.1096 -13.5 1.1 0.8 2.4
2012.1753 -0.857039 -0.666188 -16.3 1.1 0.8 2.4
2012.1781 0.321389 2.33166 -14.7 1.1 0.8 2.4
2012.1808 15.641 -5.88466 -15.2 1.1 0.8 2.4
2012.1836 4.87441 -5.10744 -6.5 1.6 1.0 2.9
2012.1863 0.0535659 5.77363 -8.5 1.2 0.8 2.4
2012.1890 -3.69598 6.10673 1.4 1.7 1.1 2.9
2012.1918 1.0713 5.88466 -2 1.2 0.8 2.4
2012.1945 0.0535659 4.77435 -7.5 1.1 0.8 2.4
2012.1973 -0.160695 7.4391 -9.2 1.2 0.9 2.4
2012.2000 -2.83894 5.21847 -1.2 1.1 0.8 2.4
2012.2027 -5.41006 5.10744 2 1.1 0.8 2.4
2012.2055 -3.10676 4.77435 -8 1.2 0.9 2.5
2012.2082 -6.1064 0.777219 2.3 1.2 0.8 2.4
2012.2110 -1.87477 6.32879 -6.8 1.1 0.8 2.4
2012.2137 -6.64205 5.44054 -6.4 1.1 0.8 2.4
2012.2164 -2.73181 5.32951 -5.1 1.1 0.8 2.3
2012.2192 -3.80311 4.77435 -5.3 1.2 0.8 2.4
2012.2219 -2.67825 6.99498 0.5 1.1 0.8 2.3
2012.2247 -3.42816 4.21919 -3.7 1.1 0.8 2.4
2012.2274 -0.428519 5.21847 -12.1 1.1 0.8 2.4
2012.2301 -4.23163 2.55372 -12.1 1.1 0.8 2.4
2012.2329 -1.33912 5.99569 -7.2 1.1 0.8 2.4
2012.2356 1.49982 5.44054 -3.2 1.1 0.8 2.4
2012.2384 0.589214 5.44054 -5.6 1.2 0.8 2.4
2012.2411 0.53565 5.6626 3.7 1.2 0.8 2.4
2012.2438 -2.19616 5.88466 -6.9 1.2 0.8 2.4
2012.2466 -2.83894 6.66188 -1.5 1.2 0.8 2.4
2012.2493 -0.10713 7.10601 -12.3 1.1 0.8 2.3
2012.2521 1.66051 9.2156 -17.8 1.1 0.8 2.3
2012.2548 -0.267825 8.66045 -12.4 1.1 0.8 2.3
2012.2575 0.0535659 9.10457 -16 1.1 0.8 2.4
2012.2603 -2.35686 7.7722 -14.5 1.1 0.8 2.4
2012.2630 0.374955 11.7693 -2.9 1.3 0.8 2.4
2012.2658 -5.51719 4.33022 -15.6 1.1 0.8 2.4
2012.2685 -1.71408 6.43982 -31.8 1.1 0.8 2.3
2012.2712 -0.482084 7.32807 -23.1 1.1 0.8 2.3
2012.2740 -1.82121 6.88395 -19.2 1.1 0.8 2.4
2012.2767 -1.44625 5.77363 -14.6 1.1 0.8 2.3
2012.2795 -2.46399 7.99426 -8.5 1.1 0.8 2.3
2012.2822 -0.964169 8.66045 -11.9 1.1 0.8 2.4
2012.2849 -1.44625 6.66188 -14.7 1.1 0.8 2.4
2012.2877 3.10677 8.10529 -17.2 1.1 0.8 2.3
2012.2904 -1.9819 5.6626 -1.2 1.1 0.8 2.4
2012.2932 -4.92797 6.32879 -4.5 1.1 0.8 2.3
2012.2959 -1.76764 7.21704 -7.5 1.1 0.8 2.3
2012.2986 -0.964169 6.32879 -8.7 1.1 0.8 2.3
2012.3014 -1.44625 5.6626 -18.3 1.1 0.8 2.3
2012.3041 -1.17843 4.77435 -16.1 1.1 0.8 2.3
2012.3068 -3.2139 5.10744 -12.9 1.1 0.8 2.4
2012.3096 -0.749909 6.43982 -13 1.1 0.8 2.3
2012.3123 -0.964169 8.99354 -8.8 1.1 0.8 2.3
2012.3151 2.73181 5.32951 -15.4 1.2 0.9 2.5
2012.3178 1.92834 7.10601 -27.4 1.2 0.8 2.4
2012.3205 -2.30329 4.66332 -17.4 1.1 0.8 2.4
2012.3233 -2.19616 5.44054 -10.7 1.2 0.8 2.5
2012.3260 1.12486 5.99569 -7.2 1.1 0.8 2.3
2012.3288 -1.39269 5.77363 -6.3 1.1 0.8 2.3
2012.3315 -2.51755 4.66332 -14.1 1.1 0.8 2.3
2012.3342 -0.53565 4.66332 -13.7 1.2 0.8 2.4
2012.3370 0.589214 5.88466 -11.9 1.2 0.9 2.4
2012.3397 1.33912 6.55085 -14.8 1.2 0.8 2.4
2012.3425 -14.0876 1.99856 -26.1 1.1 0.8 2.3
2012.3452 0.160695 6.21776 -6.5 1.1 0.8 2.3
2012.3479 -2.62468 6.99498 -14.2 1.1 0.8 2.4
2012.3507 -3.91024 8.32735 -11.6 1.1 0.9 2.4
2012.3534 -2.89251 6.55085 -12.1 1.1 0.8 2.4
2012.3562 -1.55338 5.6626 -9.1 1.2 0.8 2.4
2012.3589 -4.23163 7.55013 5.7 1.1 0.8 2.4
2012.3616 -5.30293 12.2135 10.4 1.1 0.8 2.3
2012.3644 -1.12486 5.99569 -9.6 1.1 0.8 2.4
2012.3671 -1.44625 5.88466 -8.5 1.1 0.8 2.3
2012.3699 -0.964169 7.32807 -3.4 1.1 0.8 2.3
2012.3726 -2.62468 8.21632 -13.9 1.1 0.8 2.3
2012.3753 -4.07093 6.66188 -12.8 1.1 0.8 2.4
2012.3781 -0.589214 6.55085 -10.2 1.1 0.8 2.4
2012.3808 -3.26746 7.32807 -13.4 1.2 0.8 2.4
2012.3836 -2.78538 9.10457 -4.1 1.1 0.8 2.4
2012.3863 -4.01737 8.99354 -10 1.1 0.8 2.4
2012.3890 -4.49945 7.7722 -13.4 1.1 0.8 2.4
2012.3918 1.55338 1.99856 -13.7 1.2 0.8 2.4
2012.3945 -5.67788 5.44054 -11.4 1.2 0.8 2.4
2012.3973 -2.19616 5.77363 -12.3 1.1 0.8 2.3
2012.4000 -2.51755 9.65973 -11.6 1.1 0.8 2.4
2012.4027 -9.3203 5.88466 -15.1 1.1 0.8 2.3
2012.4055 -2.41042 6.99498 -5.7 1.1 0.8 2.3
2012.4082 -3.91024 6.32879 -7.8 1.1 0.8 2.4
2012.4110 -4.71371 6.10673 -4 1.1 0.8 2.4
2012.4137 -12.7485 3.10888 3.6 1.1 0.8 2.4
2012.4164 -5.0351 4.44125 1.5 1.2 0.8 2.4
2012.4192 -4.28519 6.10673 -6.1 1.1 0.8 2.4
2012.4219 1.28556 7.4391 -7.7 1.1 0.8 2.4
2012.4247 -1.44625 5.77363 -13.6 1.2 0.8 2.4
2012.4274 -9.05247 3.33094 -18.6 1.2 0.8 2.4
2012.4301 0.589214 15.4334 -18 1.1 0.8 2.4
2012.4329 -5.57075 7.10601 -10.4 1.1 0.8 2.4
2012.4356 -3.64241 6.55085 -10.5 1.1 0.8 2.4
2012.4384 -8.51682 4.55229 -10.8 1.1 0.8 2.4
2012.4411 -4.60658 6.21776 -10.1 1.1 0.8 2.4
2012.4438 -3.53528 6.55085 -8.2 1.1 0.8 2.4
2012.4466 -1.55338 5.55157 -6.1 1.1 0.8 2.4
2012.4493 -0.696344 10.4369 -23 1.1 0.8 2.4
2012.4521 -4.71371 5.21847 -7.1 1.1 0.8 2.4
2012.4548 -0.964169 5.21847 -9.8 1.1 0.8 2.4
2012.4575 -4.92797 7.21704 -13.1 1.1 0.8 2.4
2012.4603 -6.32066 5.44054 -5.9 1.1 0.8 2.4
2012.4630 -4.98154 4.44125 -10.6 1.2 0.9 2.5
2012.4658 -5.46362 4.66332 -5.9 1.1 0.8 2.4
2012.4685 -2.1426 5.88466 -6.9 1.1 0.8 2.4
2012.4712 0 11.3252 -16.8 1.1 0.8 2.4
2012.4740 -4.98154 6.55085 -11.8 1.1 0.8 2.3
2012.4767 -3.9638 5.21847 -11.2 1.1 0.8 2.3
2012.4795 0.160695 4.10816 -18.4 1.1 0.8 2.4
2012.4822 1.44625 5.77363 -0.4 1.1 0.8 2.4
2012.4849 -4.28519 4.77435 -9 1.1 0.8 2.3
2012.4877 -5.62432 4.88538 -5.6 1.1 0.8 2.3
2012.4904 -3.85667 5.77363 -6 1.1 0.8 2.3
2012.4932 4.71371 9.99282 -10.5 1.1 0.8 2.4
2012.4959 -4.55302 4.21919 -9.4 1.1 0.8 2.3
2012.4986 -3.48172 4.44125 -8.3 1.2 0.8 2.4
2012.5014 -1.76764 5.32951 -8.1 1.1 0.8 2.3
2012.5041 -6.96344 5.21847 -9.3 1.1 0.8 2.3
2012.5068 -5.89214 4.10816 -21.6 1.2 0.8 2.4
2012.5096 -4.92797 6.88395 0.2 1.1 0.8 2.3
2012.5123 -10.3916 5.10744 -2.9 1.1 0.8 2.4
2012.5151 -3.32103 4.66332 -4.8 1.2 0.8 2.4
2012.5178 0.910603 9.2156 -13.5 1.2 0.8 2.3
2012.5205 -3.37459 4.33022 -4.6 1.1 0.8 2.3
2012.5233 -7.33839 4.44125 -5.9 1.3 0.8 2.4
2012.5260 -5.67788 4.88538 -3 1.2 0.8 2.4
2012.5288 -5.08867 3.33094 -2.7 1.1 0.8 2.4
2012.5315 -3.37459 3.33094 -9.5 1.1 0.8 2.4
2012.5342 -4.76728 4.33022 -6.8 1.1 0.8 2.4
2012.5370 -5.08867 6.10673 -3.5 1.1 0.8 2.3
2012.5397 -10.0702 8.21632 -10.5 1.9 1.2 3.2
2012.5425 -5.24936 6.21776 -8.1 1.3 0.9 2.5
2012.5452 -5.24936 6.32879 -8.2 1.1 0.8 2.4
2012.5479 -5.83858 5.88466 -15.4 1.1 0.8 2.4
2012.5507 -1.71408 5.21847 -9.2 1.1 0.8 2.4
2012.5534 -4.1245 3.44197 -2.1 1.1 0.8 2.4
2012.5562 -4.82084 5.21847 -4.9 1.1 0.8 2.3
2012.5589 -7.87404 6.10673 -5.9 1.1 0.8 2.3
2012.5616 -5.99927 5.21847 -6.5 1.1 0.8 2.3
2012.5644 -5.83858 6.21776 -9.5 1.1 0.8 2.3
2012.5671 -6.48136 6.10673 -7.3 1.1 0.8 2.4
2012.5699 -1.71408 4.33022 -12.3 1.2 0.8 2.4
2012.5726 -6.96344 4.44125 -12.1 1.1 0.8 2.3
2012.5753 -5.99927 4.66332 -10 1.1 0.8 2.3
2012.5781 -5.99927 5.88466 -12.9 1.1 0.8 2.3
2012.5808 -5.67788 6.88395 -1 1.2 0.8 2.4
2012.5836 -7.92761 1.55444 -8.1 1.2 0.8 2.4
2012.5863 -4.87441 6.43982 -12.1 1.1 0.8 2.4
2012.5890 -5.73145 6.21776 -0.5 1.2 0.8 2.3
2012.5918 -7.28483 5.55157 -8.7 1.1 0.8 2.4
2012.5945 -4.01737 8.21632 -15 1.1 0.8 2.4
2012.5973 -9.48099 5.32951 -6.7 1.1 0.8 2.3
2012.6000 -4.87441 3.8861 -10.8 1.1 0.8 2.4
2012.6027 -7.44553 3.77507 -7.6 1.1 0.8 2.3
2012.6055 -6.37423 3.33094 -8.2 1.2 0.8 2.4
2012.6082 -2.83894 3.21991 -7.5 1.2 0.8 2.4
2012.6110 -10.4452 5.21847 -8.9 1.1 0.8 2.4
2012.6137 -7.55265 5.99569 -8.7 1.1 0.8 2.4
2012.6164 -5.89214 5.44054 -7.2 1.1 0.8 2.4
2012.6192 -5.1958 8.21632 -9.3 1.1 0.8 2.4
2012.6219 -4.82084 3.66404 -7.7 1.2 0.8 2.4
2012.6247 -5.57075 5.21847 -6.5 1.2 0.8 2.4
2012.6274 -8.0883 5.55157 -0.5 1.2 0.8 2.4
2012.6301 -4.17806 6.21776 -3 1.2 0.8 2.4
2012.6329 -3.69598 8.54942 -12.7 1.2 0.8 2.4
2012.6356 -8.51682 6.66188 1.7 1.2 0.8 2.4
2012.6384 -8.249 9.77076 -2.6 1.1 0.8 2.4
2012.6411 -2.89251 11.4362 -3.1 1.2 0.8 2.4
2012.6438 -3.26746 4.10816 -9.4 1.1 0.8 2.4
2012.6466 -3.85667 4.10816 -13.5 1.2 0.8 2.4
2012.6493 -7.23126 4.44125 -10.9 1.1 0.8 2.3
2012.6521 -8.51682 3.99713 -15.8 1.1 0.8 2.4
2012.6548 -5.99927 5.6626 -8.9 1.1 0.8 2.4
2012.6575 -12.2128 6.88395 -10.3 1.1 0.8 2.3
2012.6603 -6.32066 7.55013 -8 1.1 0.8 2.4
2012.6630 -6.74918 1.66547 -5.6 1.2 0.8 2.5
2012.6658 -8.73108 2.55372 -12.9 1.1 0.8 2.4
2012.6685 -5.62432 4.10816 -2.6 1.1 0.8 2.4
2012.6712 -6.90988 3.77507 -1.6 1.1 0.8 2.4
2012.6740 -3.9638 4.99641 -2.8 1.2 0.8 2.4
2012.6767 -6.74918 4.88538 15.8 1.4 1.0 2.6
2012.6795 -5.78501 2.88682 -2.3 1.1 0.8 2.4
2012.6822 -8.89178 -1.22135 -10.6 1.2 0.8 2.4
2012.6849 -5.46362 2.99785 -9.7 1.1 0.8 2.4
2012.6877 -5.89214 1.66547 -13 1.1 0.8 2.4
2012.6904 -6.2671 3.8861 -5 1.1 0.8 2.4
2012.6932 -6.48136 2.22063 -2.9 1.1 0.8 2.4
2012.6959 -1.44625 0.555157 2.5 1.1 0.8 2.4
2012.6986 -7.82048 5.10744 -6.3 1.1 0.8 2.4
2012.7014 -17.5693 4.77435 -6.8 1.2 0.8 2.4
2012.7041 -7.65978 -0.77722 -11.6 1.1 0.8 2.4
2012.7068 -5.73145 2.22063 -4 1.1 0.8 2.4
2012.7096 -6.74918 4.66332 7.2 1.2 0.8 2.4
2012.7123 -10.1773 5.10744 -4.4 1.1 0.8 2.3
2012.7151 -11.1951 3.21991 -12.4 1.1 0.8 2.4
2012.7178 -11.9985 3.8861 0.1 1.1 0.8 2.4
2012.7205 -5.1958 0.111031 11.1 1.2 0.8 2.4
2012.7233 -10.7666 -1.88753 -8.9 1.1 0.8 2.4
2012.7260 -12.5878 5.88466 -6.6 1.1 0.8 2.4
2012.7288 0.589214 3.8861 -0.4 1.1 0.8 2.4
2012.7315 -18.2121 7.66116 14.3 1.1 0.8 2.4
2012.7342 -9.21317 2.33166 -8.3 1.1 0.8 2.4
2012.7370 -6.42779 3.33094 -4.3 1.1 0.8 2.4
2012.7397 -11.4093 -1.22135 3 1.1 0.8 2.3
2012.7425 -2.19616 -1.11031 -1.8 1.1 0.8 2.4
2012.7452 -9.1596 -0.111032 -6.4 1.1 0.8 2.4
2012.7479 -4.39232 1.99856 -26.5 1.1 0.8 2.4
2012.7507 -8.19543 2.22063 -4.5 1.1 0.8 2.4
2012.7534 -4.82084 0.555157 -11.8 1.2 0.9 2.4
2012.7562 -7.87404 5.21847 -2.2 1.1 0.8 2.4
2012.7589 -8.19543 3.8861 -7.5 1.1 0.8 2.4
2012.7616 -9.48099 7.66116 -0.7 1.1 0.8 2.4
2012.7644 -10.6059 7.21704 -8.7 1.1 0.8 2.4
2012.7671 -8.46326 4.21919 -18.9 1.1 0.8 2.4
2012.7699 -6.42779 7.66116 -14.8 1.1 0.8 2.4
2012.7726 -9.74882 8.32735 -13.4 1.4 0.9 2.6
2012.7753 -9.1596 6.43982 -12.4 1.4 0.9 2.5
2012.7781 -13.1234 3.21991 -8.1 1.1 0.8 2.4
2012.7808 -8.78465 4.99641 -9.4 1.0 0.8 2.3
2012.7836 -9.80238 4.99641 -7.7 1.1 0.8 2.4
2012.7863 -7.39196 5.21847 -3.4 1.4 0.9 2.6
2012.7890 -7.33839 4.10816 -5.7 1.1 0.8 2.4
2012.7918 -11.57 3.33094 -8.8 1.1 0.8 2.4
2012.7945 -9.74882 3.44197 -8 1.1 0.8 2.3
2012.7973 -10.0166 1.99856 -3.8 1.1 0.8 2.4
2012.8000 -11.7843 4.10816 -7.5 1.1 0.8 2.4
2012.8027 -13.4448 3.44197 -8.2 1.1 0.8 2.5
2012.8055 -11.6772 4.33022 -7 1.1 0.8 2.4
2012.8082 -13.9269 3.10888 -12.2 1.1 0.8 2.4
2012.8110 -11.945 2.66475 -10.1 1.1 0.8 2.4
2012.8137 -13.0163 3.553 -10 1.1 0.8 2.4
2012.8164 -10.7666 6.10673 -12 1.1 0.8 2.4
2012.8192 -11.2486 4.55229 -9.8 1.1 0.8 2.4
2012.8219 -11.1415 2.44269 -11.5 1.1 0.9 2.5
2012.8247 -11.4629 2.99785 -10.2 1.1 0.8 2.4
2012.8274 -12.8556 4.10816 -8.7 1.1 0.8 2.4
2012.8301 -13.8733 3.10888 -6.9 1.1 0.8 2.4
2012.8329 -7.71335 2.99785 -10.8 1.2 0.9 2.4
2012.8356 -11.4093 3.33094 -5.7 1.1 0.8 2.4
2012.8384 -14.5697 3.77507 -6.3 1.2 0.9 2.5
2012.8411 -9.90951 2.88682 -3.7 1.1 0.9 2.4
2012.8438 -10.8737 2.55372 -5.8 1.1 0.8 2.4
2012.8466 -14.4625 1.99856 -1 1.1 0.8 2.4
2012.8493 -9.48099 2.88682 -4.4 1.1 0.8 2.4
2012.8521 -11.4629 2.44269 -12.4 1.2 0.9 2.5
2012.8548 -9.48099 3.44197 -9 1.1 0.9 2.4
2012.8575 -13.0698 4.77435 -4.1 1.5 1.2 3.3
2012.8603 -13.0698 2.99785 -5.4 1.1 0.8 2.4
2012.8630 -14.5161 3.8861 -5.8 1.1 0.8 2.4
2012.8658 -12.5878 2.55372 -2.5 1.1 0.8 2.4
2012.8685 -14.9446 2.44269 -7.7 1.1 0.8 2.4
2012.8712 -18.1049 0.333094 1.4 1.1 0.9 2.5
2012.8740 -14.3018 1.22134 -13.6 1.4 0.9 2.6
2012.8767 -10.7666 1.22134 -9.8 1.1 0.8 2.4
2012.8795 -12.2664 2.77578 -9.7 1.1 0.8 2.4
2012.8822 -10.1773 3.10888 -11.9 1.1 0.8 2.4
2012.8849 -13.4984 2.55372 -4 1.1 0.8 2.4
2012.8877 -12.802 2.99785 -6.1 1.1 0.8 2.4
2012.8904 -11.6236 2.22063 -5.1 1.1 0.8 2.4
2012.8932 -11.5165 2.77578 -5.9 1.1 0.8 2.5
2012.8959 -10.1773 2.99785 -4.5 1.1 0.8 2.4
2012.8986 -11.1951 5.44054 -0.7 1.6 1.3 3.5
2012.9014 -11.1415 3.33094 -5.4 1.1 0.8 2.4
2012.9041 -17.1408 4.66332 -7.9 1.1 0.8 2.3
2012.9068 -12.6949 2.77578 -11.4 1.1 0.8 2.4
2012.9096 -11.6236 3.21991 -7.7 1.1 0.8 2.4
2012.9123 -11.4629 3.33094 -7.8 1.1 0.8 2.4
2012.9151 -11.945 4.10816 -0.9 1.1 0.8 2.4
2012.9178 -12.2664 2.99785 -5.8 1.1 0.9 2.6
2012.9205 -12.3735 1.44341 -5.4 1.2 0.9 2.6
2012.9233 -14.5161 2.88682 -5.9 1.1 0.8 2.4
2012.9260 -15.3196 1.99856 -6.4 1.1 0.8 2.4
2012.9288 -10.6594 0.666188 -4.7 1.1 0.8 2.4
2012.9315 -17.6229 2.99785 -5.4 1.1 0.8 2.4
2012.9342 -15.5338 1.88753 -6.1 1.2 0.8 2.4
2012.9370 -14.7304 -3.553 -0.3 1.1 0.8 2.4
2012.9397 -14.2483 2.33166 -4 1.1 0.8 2.4
2012.9425 -14.7304 -0.111032 -5.2 1.1 0.8 2.4
2012.9452 -13.6055 0 -12.3 1.1 0.9 2.6
2012.9479 -14.7304 -1.33238 -10.5 1.1 0.8 2.3
2012.9507 -13.9804 -5.10744 -10.9 1.1 0.9 2.4
2012.9534 -7.87404 -5.88466 -4 1.1 0.9 2.4
2012.9562 -5.51719 -2.77578 -7.7 1.1 0.8 2.4
2012.9589 -11.1415 -2.55372 10.4 1.2 0.8 2.5
2012.9616 -10.7666 -3.8861 4 1.1 0.8 2.3
2012.9644 -12.802 -4.10816 6.9 1.2 0.9 2.4
2012.9671 -4.28519 -6.99498 17.6 1.1 0.8 2.4
2012.9699 -12.3199 -2.88682 7.2 1.1 0.8 2.4
2012.9726 -10.713 0 0.2 1.1 0.8 2.4
2012.9753 -11.4629 0.555157 -0.3 1.1 0.8 2.4
2012.9781 -7.92761 -1.55444 0.4 1.1 0.8 2.4
2012.9808 -10.2309 -0.888251 4.5 1.1 0.8 2.4
2012.9836 -14.3018 -1.7765 13 1.1 0.8 2.4
2012.9863 1.49982 -1.33238 12.4 1.1 0.8 2.4
2012.9890 -8.57039 -0.666188 5.5 1.1 0.8 2.4
2012.9918 -7.82048 -3.8861 10.6 1.1 0.8 2.4
2012.9945 -10.1238 -4.66332 4.7 1.1 0.8 2.4
2012.9973 -5.1958 -6.10673 7.8 1.1 0.8 2.4
2013.0000 -14.5697 -6.21776 3.8 1.1 0.8 2.4
2013.0027 -23.0865 -6.88395 7.6 1.1 0.8 2.4
2013.0027 -12.3735 1.7765 11.4 1.1 0.8 2.4
2013.0055 -13.8733 -3.44197 5.5 1.1 0.8 2.4
2013.0082 -21.3188 8.10529 4.9 1.1 0.8 2.4
2013.0110 -13.7662 -0.888251 -7.4 1.1 0.8 2.4
2013.0137 -14.6768 -0.111032 -2.9 1.2 0.8 2.4
2013.0164 -13.3377 -0.333095 -0.8 1.1 0.8 2.4
2013.0192 -20.5154 0 5.1 1.1 0.8 2.4
2013.0219 -16.9265 -1.33238 -4.9 1.1 0.8 2.4
2013.0247 -15.4267 -2.22063 -14.5 1.1 0.8 2.4
2013.0274 -14.5161 -3.77507 -13.1 1.2 0.8 2.4
2013.0301 -10.3916 0.444126 -11.8 1.1 0.8 2.4
2013.0329 -15.5338 2.44269 -7.2 1.1 0.8 2.4
2013.0356 -9.53456 2.22063 -2.9 1.2 0.8 2.4
2013.0384 -13.4984 0.222063 -8.6 1.1 0.8 2.4
2013.0411 -14.409 -1.99856 -12.6 1.1 0.8 2.4
2013.0438 -13.4448 -0.444126 -12.8 1.1 0.8 2.5
2013.0466 -11.2486 -1.44341 -14.8 1.1 0.8 2.4
2013.0493 -16.6051 0.888251 -13.6 1.1 0.8 2.4
2013.0521 -14.7839 0.555157 -11.8 1.1 0.8 2.4
2013.0548 -15.0517 0.444126 -10.7 1.1 0.8 2.4
2013.0575 -18.587 1.66547 -17.1 1.1 0.8 2.4
2013.0603 -15.4267 2.44269 -15.1 1.2 0.8 2.5
2013.0630 -17.2479 -1.22135 -17.1 1.2 0.8 2.4
2013.0658 -18.3192 -0.999283 -17.6 1.2 0.8 2.4
2013.0685 -18.6406 -2.66475 -10.4 1.1 0.8 2.4
2013.0712 -17.0336 -1.33238 -13.9 1.1 0.8 2.4
2013.0740 -16.873 -0.222063 -18.6 1.1 0.8 2.4
2013.0767 -18.4799 0.555157 -19.4 1.1 0.8 2.4
2013.0795 -19.4441 0.666188 -8.1 1.2 0.8 2.4
2013.0822 -21.9616 3.44197 -10.8 1.1 0.8 2.4
2013.0849 -21.051 -0.666188 -16.9 1.1 0.8 2.4
2013.0877 -19.6048 -0.666188 -12.7 1.1 0.8 2.4
2013.0904 -17.5693 1.44341 -13.4 1.1 0.8 2.4
2013.0932 -20.1404 -0.333095 -6.5 1.1 0.8 2.3
2013.0959 -20.7296 0.777219 -8.7 1.1 0.8 2.4
2013.0986 -20.5154 -0.333095 -3.6 1.2 0.8 2.4
2013.1014 -24.5327 -0.666188 -2.8 1.2 0.9 2.5
2013.1041 -16.873 -2.55372 -9.4 1.2 0.8 2.5
2013.1068 -19.3905 -1.7765 -10.5 1.1 0.8 2.4
2013.1096 -17.8907 0.444126 -6.1 1.1 0.8 2.3
2013.1123 -19.9797 -3.8861 3.2 1.1 0.8 2.4
2013.1151 -24.0507 -7.21704 -10.4 1.1 0.8 2.4
2013.1178 -21.2117 -6.55085 -19.8 1.1 0.8 2.4
2013.1205 -22.5508 -4.66332 -20.5 1.2 0.8 2.5
2013.1233 -20.8368 -5.77363 -15.2 1.2 0.8 2.4
2013.1260 -20.6761 -6.10673 -20.9 1.2 0.8 2.4
2013.1288 -25.0684 -7.32807 -28.8 1.1 0.8 2.4
2013.1315 -17.3015 -6.66188 -27 1.1 0.8 2.4
2013.1342 -21.426 -6.66188 -28.4 1.1 0.8 2.4
2013.1370 -15.5338 -1.22135 -33.6 1.2 0.8 2.4
2013.1397 -15.641 -5.99569 -18.9 1.1 0.8 2.4
2013.1425 -15.641 -5.77363 -20.4 1.1 0.8 2.4
2013.1452 -18.5335 -7.88323 -21.6 1.2 0.8 2.5
2013.1479 -15.9623 -6.43982 -19.5 1.2 0.8 2.5
2013.1507 -19.9262 -5.44054 -19.9 1.1 0.8 2.3
2013.1534 -21.1046 -7.55013 -27.4 1.1 0.8 2.4
2013.1562 -20.5154 -4.44126 -14.8 1.1 0.8 2.4
2013.1589 -25.604 -9.88179 -2.2 1.2 0.8 2.4
2013.1616 -18.5335 -8.66045 -12.4 1.1 0.8 2.3
2013.1644 -20.1404 -8.43838 -18.7 1.2 0.8 2.4
2013.1671 -17.6229 -9.10457 -17.2 1.1 0.8 2.4
2013.1699 -19.1762 -5.6626 -22.6 1.1 0.8 2.4
2013.1726 -20.4082 -7.32807 -24.5 1.1 0.8 2.4
2013.1753 -22.7115 -10.8811 -13.9 1.1 0.8 2.4
2013.1781 -18.3728 -6.43982 -16.7 1.1 0.8 2.4
2013.1808 -18.4799 -7.4391 -12.7 1.1 0.8 2.4
2013.1836 -30.907 3.44197 9.4 1.1 0.8 2.4
2013.1863 -19.0155 -2.22063 -11.9 1.1 0.8 2.4
2013.1890 -18.3728 -6.99498 -19.4 1.2 0.8 2.4
2013.1918 -20.3011 -7.99426 -21.2 1.2 0.8 2.4
2013.1945 -15.9088 -6.55085 -19.8 1.1 0.8 2.4
2013.1973 -18.6942 -6.10673 -17.6 1.1 0.8 2.4
2013.2000 -19.8726 -6.99498 -20.9 1.1 0.8 2.4
2013.2027 -19.8726 -6.77291 -20.1 1.2 0.8 2.4
2013.2055 -19.2298 -7.55013 -18.6 1.1 0.8 2.4
2013.2082 -21.7474 -3.99713 -21.5 1.5 1.1 2.8
2013.2110 -20.6225 -4.21919 -21.8 1.1 0.8 2.4
2013.2137 -21.6938 -5.55157 -14.2 1.1 0.8 2.4
2013.2164 -20.6225 -5.99569 -19.8 1.1 0.8 2.4
2013.2192 -18.587 -4.77435 -14.8 1.1 0.8 2.4
2013.2219 -19.9262 -0.999283 -9.9 1.1 0.8 2.4
2013.2247 -20.2475 -3.99713 -15.6 1.1 0.8 2.4
2013.2274 -21.2653 -7.88323 -16 1.1 0.8 2.4
2013.2301 -19.2298 -8.32735 -19.8 1.1 0.8 2.3
2013.2329 -14.891 -7.21704 -27.4 1.1 0.8 2.4
2013.2356 -16.1766 -11.3252 -17.9 1.2 0.8 2.5
2013.2384 -20.7832 -9.32664 -22.9 1.1 0.8 2.4
2013.2411 -18.8013 -10.8811 -23.6 1.2 0.9 2.4
2013.2438 -17.3015 -11.4362 -23.7 1.1 0.8 2.4
2013.2466 -18.2121 -10.9921 -25.4 1.1 0.8 2.4
2013.2493 -24.6934 -6.32879 -28.9 1.2 0.9 2.4
2013.2521 -17.0872 -5.55157 -16.3 1.1 0.8 2.3
2013.2548 -20.3547 -4.44126 -13.2 1.1 0.8 2.4
2013.2575 -22.658 -4.33022 -12.5 1.1 0.8 2.4
2013.2603 -19.0155 -5.44054 -8.6 1.1 0.8 2.4
2013.2630 -18.9084 -5.55157 -10.4 1.1 0.8 2.4
2013.2658 -19.4976 -7.55013 -17.2 1.1 0.8 2.3
2013.2685 -20.7832 -6.10673 -12.7 1.1 0.8 2.4
2013.2712 -20.8903 -8.54942 -21.1 1.1 0.8 2.4
2013.2740 -20.8903 -7.21704 -15.8 1.2 0.8 2.5
2013.2767 -18.0514 -6.55085 -20 1.1 0.8 2.5
2013.2795 -20.4082 -4.77435 -20.2 1.1 0.9 2.6
2013.2822 -22.9258 -5.99569 -19.8 1.1 0.8 2.4
2013.2849 -17.0872 -6.21776 -16.5 1.1 0.8 2.4
2013.2877 -21.9081 -7.4391 -18 1.1 0.8 2.4
2013.2904 -19.3369 -8.10529 -11.8 1.1 0.8 2.4
2013.2932 -17.1943 -7.32807 -5.7 1.1 0.8 2.5
2013.2959 -19.9262 -7.66117 -14.6 1.1 0.8 2.4
2013.2986 -18.6942 -7.21704 -17.7 1.1 0.8 2.5
2013.3014 -18.3192 -8.43838 -17.4 1.1 0.8 2.5
2013.3041 -18.3728 -7.55013 -11.7 1.1 0.8 2.4
2013.3068 -10.9808 -8.99354 -9.4 1.1 0.8 2.5
2013.3096 -21.4795 -8.88251 -12.2 1.1 0.8 2.4
2013.3123 -19.9797 -7.32807 -15.2 1.2 0.9 2.5
2013.3151 -17.5693 -8.10529 -14.4 1.1 0.8 2.5
2013.3178 -19.4976 -9.2156 -6.5 1.1 0.8 2.4
2013.3205 -20.194 -8.88251 -8.1 1.1 0.8 2.4
2013.3233 -19.2834 -9.43767 -12.3 1.1 0.8 2.4
2013.3260 -22.4437 -6.99498 -13.9 1.1 0.9 2.5
2013.3288 -19.7119 -6.77291 -12.8 1.2 0.8 2.4
2013.3315 -20.3011 -6.43982 -10 1.3 0.9 2.6
2013.3342 -24.2649 -15.6554 -10.3 1.1 0.8 2.4
2013.3370 -21.051 -3.553 1.5 1.1 0.8 2.4
2013.3397 -15.2124 -6.10673 -17 1.1 0.8 2.4
2013.3425 -22.5508 -8.10529 -13.4 1.1 0.8 2.4
2013.3452 -15.5338 -9.2156 -19.9 1.2 0.9 2.5
2013.3479 -6.37423 -6.10673 -14.1 1.2 0.9 2.5
2013.3507 -28.3894 -6.43982 1.9 1.1 0.9 2.4
2013.3534 -18.7477 -6.55085 -13.8 1.1 0.8 2.4
2013.3562 -17.2479 -6.55085 -10.6 1.1 0.9 2.5
2013.3589 -18.5335 -5.99569 -8.2 1.1 0.8 2.4
2013.3616 -18.3192 -6.55085 -5 1.1 0.8 2.4
2013.3644 -19.4441 -6.32879 -9.8 1.1 0.8 2.4
2013.3671 -19.6583 -7.10601 -6.8 1.1 0.8 2.4
2013.3699 -19.4441 -7.66117 -9.2 1.1 0.9 2.4
2013.3726 -14.9446 -7.55013 -9.7 1.1 0.8 2.4
2013.3753 -19.1762 -8.77148 -9.7 1.1 0.8 2.4
2013.3781 -15.4267 -5.77363 -16.4 1.2 0.9 2.5
2013.3808 -21.426 -8.32735 -9.6 1.1 0.9 2.4
2013.3836 -19.1762 -6.99498 -9.9 1.1 0.8 2.4
2013.3863 -14.3018 -4.33022 -13.7 1.2 0.9 2.4
2013.3890 -21.9616 -6.10673 -15.4 1.1 0.8 2.4
2013.3918 -20.9439 -5.10744 -10.5 1.1 0.8 2.4
2013.3945 -20.194 -7.88323 -8.5 1.1 0.8 2.5
2013.3973 -17.5693 -7.7722 -6.1 1.1 0.8 2.5
2013.4000 -19.2298 -9.43767 -7.2 1.1 0.8 2.4
2013.4027 -20.4082 -7.21704 -13.4 1.1 0.8 2.4
2013.4055 -22.658 -7.66117 -14.8 1.1 0.9 2.4
2013.4082 -16.4444 -8.21632 -9.9 1.1 0.8 2.5
2013.4110 -18.3728 -7.4391 -10.8 1.1 0.8 2.4
2013.4164 -20.5689 -6.66188 -6.2 1.3 1.0 2.6
2013.4192 -20.7832 -6.77291 -11.4 1.1 0.8 2.4
2013.4219 -23.7828 -5.99569 -12.3 1.1 0.9 2.5
2013.4247 -19.819 -7.7722 -4.3 1.1 0.9 2.5
2013.4274 -20.1404 -6.99498 -8.3 1.1 0.9 2.4
2013.4301 -19.3369 -6.43982 -4.4 1.1 0.8 2.4
2013.4329 -22.658 -10.1039 -10 1.2 0.9 2.4
2013.4356 -17.1943 -4.88538 -20.8 1.1 0.8 2.4
2013.4384 -19.4976 -8.43838 -8.3 1.1 0.8 2.4
2013.4411 -16.123 -8.54942 -12.5 1.1 0.8 2.4
2013.4438 -17.3015 -6.99498 -13 1.1 0.8 2.4
2013.4466 -20.4618 -7.55013 -17.9 1.1 0.9 2.4
2013.4493 -21.2117 -11.8804 2.4 1.1 0.8 2.3
2013.4521 -22.7115 -4.66332 -12.7 1.1 0.8 2.4
2013.4548 -20.9975 -6.77291 -11.1 1.1 0.8 2.4
2013.4575 -23.8364 -8.10529 -9.9 1.1 0.8 2.4
2013.4603 -23.1936 -5.10744 -8.6 1.1 0.8 2.4
2013.4630 -21.5331 -6.99498 -8.7 1.1 0.8 2.4
2013.4658 -12.2664 -6.66188 1 1.1 0.8 2.4
2013.4685 -18.5335 -6.66188 -5.2 1.1 0.8 2.4
2013.4712 -18.3192 -1.99856 1.1 1.1 0.8 2.4
2013.4740 -23.5686 -6.32879 -11.6 1.1 0.8 2.4
2013.4767 -23.14 -8.21632 -6 1.1 0.8 2.4
2013.4795 -22.9794 -7.4391 -6.4 1.2 0.8 2.4
2013.4822 -20.3011 -6.55085 -8.4 1.1 0.8 2.4
2013.4849 -23.6757 -7.88323 -7.1 1.1 0.8 2.4
2013.4877 -21.8009 -6.99498 -10.5 1.1 0.8 2.4
2013.4904 -21.7474 -9.2156 -8.6 1.2 0.8 2.5
2013.4932 -13.4448 -6.77291 -3.6 1.3 1.0 2.7
2013.4959 -23.1936 -7.21704 -6.7 1.1 0.8 2.3
2013.4986 -19.4976 -3.10888 1.8 1.1 0.8 2.4
2013.5014 -23.7828 -7.21704 -3.7 1.1 0.8 2.4
2013.5041 -23.6221 -7.66117 -0.3 1.1 0.8 2.4
2013.5068 -23.4614 -5.10744 -2.4 1.1 0.8 2.4
2013.5096 -22.5508 -4.77435 -5 1.1 0.8 2.4
2013.5123 -19.7655 -5.77363 0.9 1.4 0.9 2.5
2013.5151 -22.9794 -6.66188 -2.1 1.1 0.8 2.4
2013.5178 -22.2294 -6.10673 -11 1.1 0.8 2.4
2013.5205 -17.7836 -5.10744 -20.5 1.1 0.8 2.4
2013.5233 -24.8541 -6.43982 -7.7 1.2 0.8 2.4
2013.5260 -21.4795 -8.43838 4.7 1.3 0.9 2.5
2013.5288 -16.7123 -9.43767 2.8 1.1 0.8 2.4
2013.5315 -19.1227 -9.5487 -3.6 1.1 0.8 2.4
2013.5342 -18.4799 -8.10529 -6 1.3 0.8 2.5
2013.5370 -14.9982 -4.66332 -17.2 1.3 0.9 2.5
2013.5397 -24.0507 -8.99354 14.2 1.2 0.8 2.4
2013.5425 -23.89 -7.66117 -3.8 1.1 0.8 2.4
2013.5452 -20.8903 -6.10673 -2.3 1.1 0.8 2.4
2013.5479 -20.4618 -4.66332 -8 1.3 0.9 2.6
2013.5507 -21.426 -4.66332 -9.7 1.1 0.8 2.4
2013.5534 -24.5327 -6.10673 -12.9 1.1 0.8 2.4
2013.5562 -25.8719 -4.33022 -2.4 1.1 0.8 2.4
2013.5589 -21.8545 -7.21704 -15.6 1.1 0.8 2.4
2013.5616 -20.5154 -13.5458 -7.9 1.2 0.8 2.5
2013.5644 -25.604 -7.21704 -7.2 1.2 0.8 2.5
2013.5671 -22.283 -7.7722 -8.9 1.2 0.8 2.4
2013.5699 -23.9971 -7.4391 -4.6 1.1 0.8 2.4
2013.5726 -25.0684 -8.21632 -1.3 1.1 0.8 2.4
2013.5753 -19.4976 -4.99641 -18.4 1.2 0.8 2.4
2013.5781 -23.9435 -6.77291 -7.3 1.2 0.8 2.4
2013.5808 -26.6218 -4.77435 -8.6 1.1 0.8 2.4
2013.5836 -21.426 -5.10744 -6.7 1.2 0.8 2.4
2013.5863 -15.7481 -7.21704 -5.3 1.1 0.8 2.4
2013.5890 -19.1227 -3.33094 11.2 1.1 0.8 2.4
2013.5918 -23.515 -6.77291 1.5 1.2 0.8 2.4
2013.5945 -23.4614 -7.32807 -6.1 1.1 0.8 2.4
2013.5973 -28.3894 -4.77435 -6.4 1.1 0.8 2.4
2013.6000 -27.4252 -7.21704 -8.3 1.1 0.8 2.4
2013.6027 -25.8719 -6.10673 -4.1 1.1 0.8 2.4
2013.6055 -26.5146 -13.1017 1.2 2.7 1.5 5.0
2013.6082 -26.6218 -8.10529 -0.8 1.2 0.8 2.4
2013.6110 -25.1755 -8.88251 -3.7 1.1 0.8 2.4
2013.6137 -19.2298 -12.6576 0.8 1.1 0.8 2.4
2013.6164 -20.7296 -5.21847 -10.7 1.2 0.8 2.5
2013.6192 -20.2475 -7.10601 -6.4 1.2 0.8 2.4
2013.6219 -21.3188 -7.99426 -1.6 1.2 0.8 2.4
2013.6247 -24.1578 -7.99426 -4 1.1 0.8 2.4
2013.6274 -26.1397 -7.10601 -1.3 1.1 0.8 2.4
2013.6301 -23.14 -8.54942 -2.5 1.1 0.8 2.4
2013.6329 -26.5682 -7.21704 -3.3 1.1 0.8 2.4
2013.6356 -23.89 -8.32735 -0.5 1.2 0.8 2.5
2013.6384 -26.8896 -6.99498 -1.6 1.1 0.8 2.4
2013.6411 -30.0499 -6.55085 -1.3 1.1 0.8 2.4
2013.6438 -24.9077 -5.21847 -9.7 1.1 0.8 2.4
2013.6466 -28.3894 0.111031 3.6 1.1 0.8 2.4
2013.6493 -26.1397 -8.66045 -9.3 1.1 0.8 2.4
2013.6521 -27.8002 -9.88179 -9.6 1.1 0.8 2.4
2013.6548 -25.1219 -9.77076 -1.8 1.2 0.8 2.4
2013.6575 -27.4252 -9.32664 1.3 1.2 0.8 2.4
2013.6603 -28.6572 -7.32807 -5.1 1.1 0.8 2.4
2013.6630 -31.6033 -6.99498 -3.2 1.2 0.8 2.4
2013.6658 -26.9967 -8.32735 -11.7 1.1 0.8 2.4
2013.6685 -35.7278 -15.2113 0.7 1.1 0.8 2.4
2013.6712 -24.747 -7.4391 4 1.1 0.8 2.4
2013.6740 -37.0134 -2.33166 6.5 1.2 0.9 2.5
2013.6767 -29.9428 -9.88179 -1.2 1.2 0.8 2.4
2013.6795 -22.2294 -5.21847 -4.6 1.1 0.8 2.4
2013.6822 -28.9786 -9.65973 3.3 1.1 0.8 2.4
2013.6849 -24.5327 -6.66188 5.4 1.1 0.8 2.4
2013.6877 -27.211 -8.43838 -1.5 1.1 0.8 2.4
2013.6904 -25.7647 -8.32735 3.1 1.2 0.8 2.4
2013.6932 -30.2642 -8.77148 13 1.1 0.8 2.4
2013.6959 -27.211 -9.99282 -10.3 1.1 0.8 2.4
2013.6986 -24.4256 -8.54942 -4 1.2 0.8 2.4
2013.7014 -22.2294 -10.2149 2.4 1.1 0.8 2.4
2013.7041 -25.6576 -8.77148 -6.2 1.1 0.8 2.4
2013.7068 -26.5146 -5.44054 -6.6 1.1 0.8 2.4
2013.7096 -19.7655 -2.99785 -7.8 1.1 0.8 2.4
2013.7123 -23.89 -9.77076 0.4 1.1 0.8 2.5
2013.7151 -26.1397 -5.32951 -7.3 1.1 0.8 2.4
2013.7178 -20.8368 -8.32735 -0.6 1.1 0.8 2.4
2013.7205 -24.372 -10.1039 0.1 1.1 0.8 2.4
2013.7233 -21.9616 -8.99354 -8 1.1 0.8 2.4
2013.7260 -23.7293 -11.3252 4.9 1.1 0.8 2.4
2013.7288 -31.9783 -15.6554 1.9 1.1 0.8 2.4
2013.7315 -27.9073 -9.77076 4.7 1.1 0.8 2.4
2013.7342 -26.3539 -6.66188 -2.5 1.1 0.8 2.4
2013.7370 -26.5682 -8.10529 -1.4 1.1 0.8 2.4
2013.7397 -25.0684 -5.99569 -5.9 1.1 0.8 2.4
2013.7425 -30.7998 -5.32951 -4.6 1.1 0.8 2.4
2013.7452 -23.5686 -4.55229 -4.1 1.1 0.8 2.4
2013.7479 -26.4611 -6.66188 1.3 1.1 0.8 2.4
2013.7507 -23.1936 -11.5473 -3.6 1.1 0.8 2.4
2013.7534 -29.1929 -9.32664 -6.3 1.3 0.9 2.5
2013.7562 -24.9077 -9.10457 0.8 1.1 0.8 2.4
2013.7589 -27.1039 -9.10457 -0.7 1.1 0.8 2.4
2013.7616 -25.6576 -8.21632 -0.3 1.1 0.8 2.4
2013.7644 -28.3358 -8.21632 -6.6 1.2 0.9 2.6
2013.7671 -29.9428 -11.3252 -2.2 2.1 1.8 4.0
2013.7699 -30.6391 -7.55013 6.6 2.6 2.0 4.2
2013.7726 -28.2823 -9.65973 4.1 1.3 0.9 2.6
2013.7753 -28.1752 -8.21632 3.1 1.1 0.8 2.4
2013.7781 -25.8719 -7.10601 -5.8 1.1 0.8 2.5
2013.7808 -24.5327 -2.55372 14.9 1.1 0.8 2.4
2013.7836 -33.4781 -4.10816 22.3 1.1 0.9 2.5
2013.7863 -31.4962 -7.4391 3.8 1.2 0.9 2.5
2013.7890 -30.3713 -7.55013 12.5 1.1 0.9 2.4
2013.7918 -28.8715 -4.88538 8.6 1.1 0.9 2.4
2013.7945 -25.979 -2.33166 6.8 1.2 0.9 2.5
2013.7973 -27.3181 -7.99426 6.1 1.1 0.9 2.4
2013.8000 -35.7278 -1.88753 30.1 1.1 0.9 2.4
2013.8027 -28.1216 -10.3259 5.3 1.1 0.9 2.4
2013.8055 -35.1386 -12.8796 2.9 1.1 0.9 2.5
2013.8082 -31.1748 -7.21704 -1.2 1.1 0.9 2.4
2013.8110 -27.6395 -7.10601 -3.8 1.1 0.9 2.4
2013.8137 -26.3004 -7.10601 -4.3 1.1 0.9 2.5
2013.8164 -27.9073 -5.88466 5.4 1.1 0.9 2.4
2013.8192 -28.9251 -7.7722 -6 1.1 0.9 2.4
2013.8219 -27.1039 -8.10529 -6.7 1.1 0.9 2.4
2013.8247 -31.1748 -6.88395 8.1 1.1 0.9 2.4
2013.8274 -24.747 -5.32951 1.4 1.1 0.9 2.5
2013.8301 -27.5859 -5.88466 10.6 1.2 0.9 2.5
2013.8329 -31.1212 -8.32735 6.6 1.1 0.9 2.4
2013.8356 -29.9428 -6.55085 -9.9 2.3 1.5 3.2
2013.8384 -31.5497 -5.44054 -14.8 1.9 1.4 3.1
2013.8411 -34.0137 -6.77291 -4.1 2.3 1.5 3.1
2013.8438 -37.4419 -16.0996 0.6 2.2 1.5 3.1
2013.8466 -34.8172 -8.66045 4.4 2.2 1.4 3.1
2013.8493 -29.8357 -4.77435 -1.3 2.0 1.3 3.0
2013.8521 -32.8353 -3.21991 -5.1 2.0 1.3 3.0
2013.8548 -19.2298 -9.32664 -6.4 2.0 1.3 3.0
2013.8575 -32.621 -7.7722 2 2.2 1.5 3.2
2013.8603 -31.1748 -7.32807 -2.1 2.1 1.5 3.0
2013.8630 -15.641 -10.548 8.3 1.4 0.9 2.6
2013.8658 -27.6395 -10.1039 -5.3 1.1 0.8 2.4
2013.8685 -31.389 -14.8782 2.8 2.0 1.4 3.0
2013.8712 -33.7995 -8.10529 3.8 2.0 1.4 3.0
2013.8740 -14.891 -21.5401 -0.1 1.6 1.2 2.8
2013.8767 -35.9956 -10.548 -5.7 2.0 1.4 3.0
2013.8795 -19.1227 -10.2149 19.3 1.7 1.2 2.8
2013.8822 -26.1397 -8.32735 -2.5 2.0 1.5 3.0
2013.8849 -37.1205 -9.43767 -0.9 2.0 1.3 3.0
2013.8877 -32.621 -11.7693 -4.1 1.6 1.1 2.7
2013.8904 -19.0691 -14.4341 3.9 1.3 0.9 2.5
2013.8932 -22.2294 -2.66475 17.8 1.9 1.2 2.9
2013.8959 -12.9627 -8.32735 -4.1 2.0 1.4 2.9
2013.8986 -47.3514 -19.9856 12.5 1.9 1.4 2.9
2013.9014 -23.6221 -6.66188 0.3 2.2 1.3 3.0
2013.9041 7.76691 15.9885 1.9 2.0 1.2 3.0
2013.9068 -14.0876 -16.4326 -20.1 1.5 1.0 2.6
2013.9096 -53.19 -25.4262 -8.2 2.1 1.3 3.0
2013.9123 -24.8541 -7.21704 -1.8 2.2 1.2 2.9
2013.9151 1.12486 0.777219 -9.7 2.2 1.3 2.9
2013.9178 -30.7463 -11.6583 -17.8 2.3 1.3 3.0
2013.9205 -28.1216 -11.6583 -19 2.4 1.3 3.1
2013.9233 -29.3 -10.8811 -18.2 2.4 1.4 3.2
2013.9260 -30.8534 -10.8811 -12 2.3 1.3 3.1
2013.9288 -31.3355 -14.4341 -19.6 2.4 1.3 3.2
2013.9315 -22.8722 -9.77076 -17.2 2.2 1.3 3.1
2013.9342 -23.4614 -15.3223 0.7 1.1 0.8 2.4
2013.9370 -27.5324 -14.9892 12.6 1.1 0.8 2.4
2013.9397 -27.8002 -14.7672 8.9 1.1 0.8 2.4
2013.9425 -22.7651 -12.6576 14.9 1.1 0.8 2.4
2013.9452 -28.5501 -10.77 5.8 1.1 0.8 2.4
2013.9479 -30.5856 -11.5473 6.5 1.1 0.8 2.4
2013.9507 -31.1212 -10.3259 4 1.1 0.8 2.4
2013.9534 -27.8538 -11.9914 5.2 1.1 0.8 2.4
2013.9562 -29.7821 -14.323 -0.3 1.1 0.8 2.4
2013.9589 -27.8002 -13.7679 -3.4 1.1 0.8 2.4
2013.9616 -28.8715 -15.5444 -6.4 1.1 0.8 2.4
2013.9644 -32.7282 -17.0988 -6.7 1.3 0.9 2.6
2013.9671 -24.6934 -17.3209 -7.6 2.0 1.1 2.9
2013.9699 -29.1929 -18.0981 -10.4 2.0 1.2 3.0
2013.9726 -23.8364 -16.7657 -11.8 2.2 1.3 3.1
2013.9753 -25.8719 -18.7643 -10.4 2.1 1.3 3.1
2013.9781 -27.7466 -17.654 -6.7 2.2 1.3 3.1
2013.9808 -21.7474 -16.2106 -18.5 1.4 0.9 2.7
2013.9836 -24.6934 -19.0974 -13.7 1.2 0.8 2.5
2013.9863 -22.1759 -20.5408 -7 1.1 0.8 2.5
2013.9890 -62.3496 -33.8646 46.3 1.8 1.1 2.8
2013.9918 -31.764 -18.5422 8.9 2.1 1.3 3.0
2013.9945 -25.604 -18.6533 -0.3 2.1 1.3 3.0
2013.9973 -27.3181 -15.1003 -6.4 2.1 1.4 3.1
2014.0000 -25.1219 -19.9856 -2 1.9 1.3 2.8
2014.0438 -31.7104 -15.8775 -7.8 2.0 1.3 2.9
2014.0466 -27.3717 -16.8768 -4.1 1.5 1.1 2.7
2014.0493 -44.4589 -13.3238 7 2.0 1.3 2.8
2014.0521 -35.7814 -12.6576 -22 2.0 1.3 2.8
2014.0548 -34.1209 -9.5487 -5.6 2.0 1.2 2.8
2014.0575 -33.3174 -12.3245 -14.2 2.0 1.2 2.8
2014.0603 -76.8657 -30.9778 -26.8 1.9 1.1 2.8
2014.0630 -38.8346 -9.43767 -12.9 2.1 1.2 2.8
2014.0658 -34.4422 -5.6626 9.7 2.1 1.3 2.9
2014.0685 -30.5856 -8.10529 -0.3 1.9 1.1 2.9
2014.0712 -51.7437 -3.77507 13.3 1.6 1.0 2.7
2014.0740 -36.0492 -5.10744 3.6 2.0 1.2 2.8
2014.0767 -34.0137 -6.55085 6.6 2.0 1.2 2.9
2014.0795 -38.8346 -7.99426 -6.2 2.0 1.2 2.9
2014.0822 -33.5316 -8.77148 -7 2.0 1.2 2.9
2014.0849 -37.2276 -8.32735 -13.6 2.0 1.2 3.0
2014.0877 -33.4245 -9.10457 -15.3 2.0 1.2 3.0
2014.0904 -35.1386 -9.32664 -8.7 2.1 1.2 3.0
2014.0932 -49.1726 1.44341 -16.5 1.8 1.1 2.9
2014.0959 -34.1209 -9.5487 -4.8 2.1 1.2 3.0
2014.0986 -35.9956 -10.9921 -10.2 2.2 1.3 3.1
2014.1014 -37.0134 -10.4369 -5.9 2.2 1.3 3.0
2014.1041 -32.2461 -8.10529 -5.5 2.2 1.3 3.1
2014.1068 -33.1031 -8.99354 0.2 2.1 1.3 3.0
2014.1096 -35.5135 -8.66045 0.7 2.1 1.3 2.9
2014.1123 -39.2095 -10.1039 -2.2 2.1 1.4 3.0
2014.1151 -34.7101 -8.10529 -0.6 2.1 1.3 2.9
2014.1178 -37.4419 -8.99354 2.2 2.1 1.3 2.9
2014.1205 -37.549 -7.88323 0.6 2.0 1.4 2.9
2014.1233 -38.6739 -8.43838 6.8 2.1 1.4 2.9
2014.1260 -37.2812 -8.21632 0.5 2.0 1.3 2.9
2014.1288 -36.5848 -10.77 0.4 2.0 1.3 2.9
2014.1315 -39.156 -7.4391 -3.3 2.0 1.3 2.9
2014.1342 -38.1918 -7.88323 -3.1 2.1 1.5 2.9
2014.1370 -35.6207 -9.99282 -9.8 2.3 1.5 3.1
2014.1397 -29.0322 -17.3209 -8.1 2.3 1.5 3.1
2014.1425 -30.2642 -16.0996 -4.8 1.9 1.4 2.9
2014.1452 -32.8889 -14.8782 5.9 1.9 1.3 2.8
2014.1479 -33.4245 -12.9907 -0.1 1.9 1.4 2.9
2014.1507 -29.4607 -20.5408 4.6 1.9 1.4 2.8
2014.1534 -31.7104 -16.5437 -3 1.9 1.4 2.8
2014.1562 -32.6746 -11.2142 5.5 1.2 0.9 2.6
2014.1589 -32.3532 -15.6554 2.7 1.2 0.8 2.5
2014.1616 -35.8885 -14.212 -2.2 1.2 0.9 2.5
2014.1644 -32.139 -12.7686 -3.3 1.5 1.1 2.7
2014.1671 -32.6746 -11.4362 -5.4 2.0 1.3 2.9
2014.1699 -36.4241 -13.99 -4.3 2.1 1.4 3.0
2014.1726 -33.5852 -13.5458 -0.2 2.1 1.4 2.9
2014.1753 -37.1205 -13.2127 -3.5 2.1 1.4 2.9
2014.1781 -56.4574 -14.323 10.5 1.7 1.1 2.8
2014.1808 -37.0134 -13.3238 6.9 2.2 1.4 3.1
2014.1836 -34.2816 -12.5465 1.8 1.9 1.3 3.0
2014.1863 -32.2996 -13.99 0.9 2.1 1.3 3.0
2014.1890 -30.4784 -12.1024 6.7 2.1 1.3 3.0
2014.1918 -72.4198 -7.4391 27.7 1.7 1.0 2.7
2014.1945 -35.9956 -10.3259 5.7 1.6 1.1 3.3
2014.1973 -38.0847 -11.1031 15.6 2.2 1.3 3.0
2014.2000 -38.9417 -10.548 2.7 2.2 1.3 3.1
2014.2027 -32.4068 -21.207 -21.4 2.0 1.1 3.0
2014.2055 -28.2287 -24.0938 -8.7 2.1 1.2 3.0
2014.2082 -41.7806 -21.9842 2.9 2.0 1.2 2.9
2014.2110 -31.0141 -20.3187 -10.1 2.1 1.3 3.1
2014.2137 -30.907 -17.543 -9.4 2.1 1.3 3.1
2014.2164 -33.4245 -16.9878 -12 2.2 1.3 3.2
2014.2192 -35.7814 -20.6518 -10 2.1 1.3 3.2
2014.2219 -37.1741 -18.2091 -17.7 2.1 1.3 3.0
2014.2247 -36.1028 -18.4312 -11.7 2.1 1.3 3.0
2014.2274 -35.8885 -18.3202 -9 2.2 1.3 3.1
2014.2301 -30.8534 -17.8761 -5.5 2.1 1.3 3.1
2014.2329 -34.9779 -17.2099 -4.2 2.2 1.4 3.0
2014.2356 -32.3532 -15.9885 -4.5 4.3 2.6 5.6
2014.2575 -36.4777 -17.2099 -2.3 2.0 1.4 3.1
2014.2603 -34.2816 -17.8761 -1.4 1.9 1.4 2.9
2014.2630 -33.3709 -16.4326 0.8 1.9 1.4 2.9
2014.2658 -32.0854 -17.0988 0.6 1.9 1.3 2.9
2014.2685 -31.2819 -15.9885 5.8 1.9 1.3 2.9
2014.2712 -38.1382 -17.543 0.3 2.0 1.3 3.0
2014.2740 -54.6898 -24.3159 -12.5 2.0 1.3 2.9
2014.2767 -33.7459 -18.5422 -3.3 2.0 1.3 3.0
2014.2795 -31.0677 -21.4291 3.7 2.1 1.4 3.1
2014.2822 -31.3355 -12.8796 4.7 2.0 1.3 2.8
2014.2849 -32.1925 -16.4326 -2.4 2.0 1.3 2.9
2014.2877 -34.6029 -17.3209 -4.9 2.1 1.4 3.0
2014.2904 -34.1744 -19.3195 -2.8 2.1 1.3 2.9
2014.2932 -32.8353 -19.2084 -4.1 2.1 1.3 2.9
2014.2959 -29.3 -17.654 7.3 2.1 1.3 2.9
2014.2986 -35.5135 -20.0967 2.9 2.1 1.3 3.0
2014.3014 -25.0684 -17.4319 -8.2 2.2 1.3 3.0
2014.3041 -28.9786 -16.7657 -9.2 2.2 1.3 3.0
2014.3068 -29.4071 -17.543 -3.7 2.1 1.3 3.0
2014.3096 -27.3717 -17.0988 -0.4 2.1 1.3 3.0
2014.3123 -30.2642 -15.7665 4.7 2.2 1.3 3.0
2014.3151 -33.7995 -17.4319 8.5 2.1 1.2 2.9
2014.3178 -29.0322 -16.9878 5 2.1 1.2 3.0
2014.3205 -38.3525 -18.2091 2.9 2.0 1.2 3.0
2014.3233 -33.1567 -18.6533 9.4 2.2 1.3 3.0
2014.3260 -37.4419 -16.3216 3.5 2.3 1.3 3.1
2014.3288 -32.5139 -18.5422 -0.2 2.5 1.4 3.3
2014.3315 -31.9247 -17.654 -5.1 2.2 1.3 3.1
2014.3342 -54.2077 -19.6526 -27.5 2.1 1.3 3.1
2014.3370 -33.7995 -19.0974 -1.6 2.1 1.3 3.1
2014.3397 -33.853 -17.2099 -0.4 2.2 1.4 3.1
2014.3425 -33.7995 -17.3209 0.3 2.0 1.3 3.0
2014.3452 -32.2461 -16.2106 8.8 2.0 1.3 3.0
2014.3479 -32.4068 -17.2099 4 2.0 1.3 3.0
2014.3507 -33.5852 -19.6526 0.4 2.2 1.3 3.2
2014.3534 -36.9598 -17.9871 -4.1 2.0 1.3 3.1
2014.3562 -37.3348 -17.543 -1.1 1.9 1.3 3.0
2014.3589 -32.5139 -19.7636 1.1 1.9 1.3 2.9
2014.3616 -35.4064 -18.6533 -0.6 1.9 1.3 3.0
2014.3644 -33.5852 -17.2099 -10.9 1.9 1.4 3.0
2014.3671 -34.3351 -16.8768 2.4 1.9 1.3 2.9
2014.3699 -33.4781 -17.4319 2.1 2.0 1.4 3.1
2014.3726 -40.1737 -18.3202 -12.1 1.9 1.3 2.9
2014.3753 -35.085 -18.7643 0.1 1.8 1.3 2.9
2014.3781 -35.3529 -18.9864 0.1 1.8 1.3 2.9
2014.3808 -31.8176 -19.2084 -5.5 1.8 1.4 2.8
2014.3836 -35.2993 -19.5415 -3.3 1.8 1.3 2.9
2014.3863 -36.0492 -20.6518 3.2 1.9 1.3 2.9
2014.3890 -33.1567 -23.8717 15.7 1.9 1.3 2.9
2014.3918 -38.6203 -22.3173 5.2 1.8 1.3 2.8
2014.3945 -35.2993 -21.096 -1 1.8 1.3 2.8
2014.3973 -33.3174 -20.9849 -3.6 1.8 1.3 2.8
2014.4000 -32.4068 -22.7614 -5.9 1.8 1.3 2.8
2014.4027 -35.1386 -19.4305 4.1 1.9 1.3 2.8
2014.4055 -33.4781 -20.4298 11.7 1.9 1.3 2.8
2014.4082 -32.139 -22.3173 -6.3 1.9 1.3 2.8
2014.4110 -23.515 -16.6547 -10.4 2.0 1.3 2.7
2014.4137 -43.709 -23.6497 16.6 2.0 1.3 2.7
2014.4164 -32.2461 -18.4312 -1.1 2.0 1.3 2.7
2014.4192 -30.3713 -19.5415 -5.4 2.0 1.3 2.8
2014.4219 -34.6029 -20.3187 -7 2.0 1.3 2.8
2014.4247 -34.9779 -20.5408 0.6 2.1 1.3 2.9
2014.4274 -35.8885 -18.3202 -4.9 2.1 1.2 2.9
2014.4301 -33.0496 -23.7607 5.3 2.0 1.3 2.8
2014.4329 -38.1918 -18.0981 7.9 2.0 1.2 2.9
2014.4356 -43.3876 -20.9849 1 2.2 1.3 3.0
2014.4384 -40.0666 -17.4319 2.4 2.1 1.2 2.9
2014.4411 -38.0311 -19.9856 -1.3 2.0 1.2 3.0
2014.4438 -39.2095 -20.9849 -3 2.1 1.2 3.0
2014.4466 -38.9417 -17.543 0.4 1.8 1.2 3.1
2014.4493 -34.9779 -17.765 2.2 2.1 1.2 3.1
2014.4521 -36.1563 -22.0952 9.3 2.0 1.1 2.9
2014.4548 -52.8686 -17.2099 9.2 1.4 0.9 2.6
2014.4575 -26.1397 -24.2048 0.1 1.8 1.2 3.0
2014.4603 -31.389 -17.4319 -9.4 2.1 1.3 3.0
2014.4630 -37.4954 -21.4291 -3.4 2.1 1.3 3.1
2014.4658 -32.0318 -24.3159 16 2.2 1.3 3.1
2014.4685 -36.1028 -19.7636 -7.2 2.0 1.3 3.0
2014.4712 -37.1205 -29.9785 13.8 2.0 1.2 2.9
2014.4740 -25.1755 -23.6497 2 1.5 1.0 2.7
2014.4767 -46.7086 -18.2091 9.3 1.7 1.1 2.7
2014.4795 -37.6026 -23.9828 -0.1 1.9 1.2 2.8
2014.4822 -24.3185 -27.6468 -15.1 2.0 1.3 2.9
2014.4849 -39.5309 -23.6497 0 1.9 1.3 2.9
2014.4877 -38.5132 -22.7614 -2.6 1.9 1.2 2.9
2014.4904 -48.8512 -13.7679 -6.3 1.6 0.9 2.7
2014.4932 -41.7271 -14.9892 6.4 2.6 2.2 5.8
2014.4959 -39.4773 -22.5394 23 1.8 1.2 2.7
2014.4986 -34.9243 -21.207 -0.5 2.1 1.4 3.0
2014.5014 -38.4061 -22.7614 -2.3 1.9 1.4 2.9
2014.5041 -28.3358 -26.0924 6.2 2.1 1.5 3.1
2014.5068 -35.7278 -19.5415 -3.5 2.0 1.4 2.9
2014.5096 -38.2454 -23.4276 -8 1.9 1.3 2.8
2014.5123 -35.1386 -19.6526 5.8 1.9 1.3 2.8
2014.5151 -37.3883 -20.6518 -0.1 1.9 1.3 2.8
2014.5178 -34.6029 -22.8725 -2.6 2.0 1.3 2.8
2014.5205 -36.6384 -20.9849 -1.3 2.1 1.3 2.9
2014.5233 -36.317 -20.8739 4.4 2.1 1.3 2.9
2014.5260 -34.6029 -20.4298 -0.8 2.0 1.3 2.8
2014.5288 -38.1382 -20.2077 14.3 2.0 1.3 2.8
2014.5315 -33.6923 -20.9849 -7.7 2.0 1.3 2.8
2014.5342 -31.9783 -22.4283 -0.8 2.0 1.2 2.8
2014.5370 -31.389 -19.6526 -3.2 2.1 1.3 2.9
2014.5397 -14.2483 -21.318 -4.3 1.5 0.9 2.7
2014.5425 -32.996 -20.7629 -3.9 2.4 1.3 3.1
2014.5452 -26.5682 -21.7622 0.6 1.3 0.9 2.7
2014.5479 -30.0499 -24.0938 7.3 1.4 1.0 2.8
2014.5507 -53.2971 -13.6569 -18.6 1.5 1.1 2.8
2014.5534 -62.5638 -18.3202 38 1.5 0.9 2.7
2014.5562 -34.228 -21.318 -8.4 2.2 1.2 3.0
2014.5589 -11.3022 -20.6518 6.7 2.1 1.1 2.8
2014.5616 -33.9602 -20.7629 -5.4 2.1 1.1 2.9
2014.5644 -28.443 -21.5401 6.7 1.8 1.0 2.9
2014.5671 -36.4777 -21.6511 2.4 2.1 1.2 3.0
2014.5699 -39.4238 -17.4319 -7.1 2.1 1.2 3.1
2014.5726 -36.9062 -21.6511 -0.4 2.1 1.3 3.1
2014.5753 -33.9602 -19.2084 7.4 1.6 0.9 2.7
2014.5781 -30.907 -23.0945 -25.7 1.7 1.0 2.9
2014.5808 -19.819 -14.9892 -16.5 1.5 0.9 2.8
2014.5836 -45.5302 -21.6511 -5.4 1.4 0.8 2.6
2014.5863 -40.1737 -22.2063 -2.3 2.1 1.3 3.2
2014.5890 -38.6739 -19.9856 -1.5 2.0 1.3 3.1
2014.5918 -33.1031 -21.318 10.5 2.0 1.3 3.1
2014.5945 -43.1198 -24.0938 -0.8 2.0 1.4 3.2
2014.5973 -39.2631 -20.4298 3.7 2.0 1.3 3.0
2014.6000 -42.102 -16.7657 5.1 2.0 1.3 3.0
2014.6027 -37.3348 -21.4291 1.8 2.0 1.4 3.0
2014.6055 -37.4419 -21.4291 4.2 1.9 1.3 2.9
2014.6082 -37.8704 -20.8739 0.8 1.9 1.4 3.0
2014.6110 -34.6565 -18.5422 -5 3.9 2.3 5.1
