2001.7726 0 0 0 7.7 4.4 8.5
2001.7753 -1.12486 4.21919 0.8 1.3 0.9 2.7
2001.7781 -1.12486 2.77578 7.8 1.4 0.9 2.7
2001.7808 -1.23199 6.77291 2.8 1.4 1.1 3.1
2001.7836 -0.642778 5.88466 2.3 1.3 0.9 2.7
2001.7863 -2.08903 6.43982 7.7 1.5 1.0 2.9
2001.7890 -1.01773 4.77435 -5 1.2 0.9 2.5
2001.7918 -3.37459 4.21919 2.9 1.3 0.9 2.8
2001.7945 0.321391 4.10816 1.7 1.3 0.9 2.7
2001.7973 -0.374954 3.8861 -9.1 1.3 0.9 2.6
2001.8000 -2.03547 6.43982 -17.4 1.5 1.1 3.1
2001.8027 -1.82121 3.66404 -13.7 1.5 1.0 2.8
2001.8055 -4.39232 0.777219 0 1.8 1.1 3.2
2001.8082 -9.42743 -2.55372 1.9 3.7 2.1 4.8
2001.8110 1.44625 2.33166 -1.2 1.2 0.9 2.6
2001.8137 -0.107129 -1.22134 -11 1.3 0.9 2.6
2001.8164 -2.30329 -0.333094 -7.7 1.2 0.9 2.7
2001.8192 -2.78538 -0.777219 -8.7 1.3 1.0 2.7
2001.8219 -5.73145 2.55372 -9.2 1.4 1.0 2.8
2001.8247 -1.28556 0.444126 4.7 3.0 2.2 4.4
2001.8274 -6.2671 -1.7765 -9.5 1.6 1.1 3.0
2001.8301 -4.92797 0.777219 -4.7 1.3 1.0 2.8
2001.8329 -5.24936 0.111032 -11 1.2 0.9 2.6
2001.8356 -5.78501 -3.10888 -3.7 2.0 1.4 3.6
2001.8384 -0.535648 0.999282 0.3 1.2 0.9 2.5
2001.8411 -0.803473 -1.99856 -9.1 1.2 0.9 2.6
2001.8438 -0.803473 -0.999282 -5.6 1.4 1.1 2.9
2001.8466 -2.46399 -0.111031 -11 1.3 1.0 2.7
2001.8493 -2.30329 -3.44197 -6.4 4.5 2.7 5.7
2001.8521 2.89251 -0.777219 -6.7 1.3 1.0 2.7
2001.8548 1.87477 -1.33238 -7.8 1.3 1.0 2.7
2001.8575 -1.01773 0.555157 -8.1 1.2 0.9 2.6
2001.8603 0.482085 -2.1096 -2 1.2 0.9 2.6
2001.8630 -2.67825 -3.99713 -1.9 1.2 0.9 2.6
2001.8658 0.857039 -6.66188 -2.4 1.2 0.9 2.5
2001.8685 -3.32103 -2.99785 -3.5 1.3 0.9 2.6
2001.8712 -5.14223 -5.77363 -1.8 1.2 0.9 2.6
2001.8740 -0.857039 -6.10673 -2.6 1.3 0.9 2.7
2001.8767 -0.482084 -7.10601 -12.4 1.4 1.0 2.9
2001.8795 -4.55302 -6.99498 -1 1.3 1.0 2.8
2001.8822 -0.964168 -5.55157 0.3 1.3 0.9 2.6
2001.8849 -3.10676 -3.77507 -5.3 1.5 1.0 2.8
2001.8877 -0.803473 -3.66404 -5.3 1.3 1.0 2.7
2001.8904 -3.42816 -6.10673 -3.6 1.2 0.9 2.7
2001.8932 1.39269 -3.33094 -11.6 1.2 0.9 2.7
2001.8959 -2.24973 1.55444 -6.7 1.4 1.0 2.7
2001.8986 -2.73181 0.222063 -0.2 1.8 1.4 3.7
2001.9014 -4.01737 -0.888251 -18.7 1.3 1.0 2.7
2001.9041 -2.41042 -1.44341 -15.2 1.1 0.9 2.5
2001.9068 2.94607 -0.333094 -10.7 1.1 0.9 2.6
2001.9096 0.0535659 0.777219 -8.8 1.1 0.9 2.5
2001.9123 -0.696344 -0.222063 -3.2 1.1 0.9 2.5
2001.9151 0.428519 1.33238 -4.1 1.1 0.9 2.6
2001.9178 -1.44625 0.444126 -1.8 1.1 0.9 2.5
2001.9205 -2.99964 -1.7765 -2.8 1.2 0.9 2.6
2001.9233 -2.19616 -0.999282 -1.1 1.2 0.9 2.6
2001.9260 -1.44625 2.33166 -1.1 1.2 0.9 2.6
2001.9288 0.0535659 1.11031 2.9 1.2 0.9 2.6
2001.9315 -2.78538 -0.999282 0.5 1.4 1.0 2.8
2001.9342 -3.91024 -1.7765 0.9 1.2 0.9 2.6
2001.9370 -0.428519 -2.88682 3.2 1.2 0.9 2.5
2001.9397 -2.67825 0.222063 4.3 1.1 0.9 2.5
2001.9425 -0.267825 -0.222063 3.8 1.2 0.9 2.7
2001.9452 -1.60695 -1.33238 7.4 1.3 0.9 2.9
2001.9479 -1.55338 0 6.4 1.6 1.0 3.2
2001.9507 2.51755 -0.222063 9.7 1.2 0.9 2.6
2001.9534 2.94607 -0.555157 1.5 1.2 0.9 2.6
2001.9562 -0.964168 -1.88753 2.9 1.3 0.9 2.6
2001.9589 -0.535648 -3.33094 1.2 1.3 1.0 2.7
2001.9616 -4.17806 -4.44125 5.1 1.4 1.1 2.8
2001.9644 -1.0713 -4.33022 5 1.2 0.9 2.6
2001.9671 -0.642778 -4.99641 3.4 1.2 0.9 2.6
2001.9699 -3.64241 -5.32951 16.8 1.2 0.9 2.6
2001.9726 1.60695 -5.55157 22.9 1.4 0.9 2.9
2001.9753 4.82084 0.777219 -0.8 1.3 1.0 2.7
2001.9781 0 -2.55372 -4.6 1.2 0.9 2.6
2001.9808 -3.53528 -3.553 -2.1 2.0 1.3 3.6
2001.9836 -3.64241 -5.32951 22.8 1.2 0.9 2.6
2001.9863 -5.89214 -1.33238 16.2 1.2 0.9 2.6
2001.9890 8.03474 -4.33022 4.7 1.3 0.9 2.7
2001.9918 -0.589214 -5.99569 -5.3 1.2 0.9 2.6
2001.9945 -2.51755 -4.10816 -5.9 1.3 0.9 2.6
2001.9973 -3.42816 -6.55085 3.8 1.6 1.0 2.8
2002.0000 -0.160695 -2.22063 -3.3 1.4 1.0 2.9
2002.0027 -6.21353 -3.8861 17 1.4 0.9 2.7
2002.0055 -0.482084 -5.44054 0.6 1.3 0.9 2.7
2002.0082 -4.01737 -3.553 -5.6 1.4 1.0 2.8
2002.0110 -2.46399 -6.43982 -13 1.4 0.9 2.7
2002.0137 -2.78538 -3.44197 -2 1.4 0.9 2.7
2002.0164 -5.73145 -2.33166 3.4 1.3 0.9 2.6
2002.0192 -1.12486 -2.22063 11.8 1.3 0.9 2.7
2002.0219 0.910605 1.22134 -3.2 1.4 1.0 2.9
2002.0247 -2.89251 3.77507 16.6 1.3 1.0 2.7
2002.0274 -10.0702 -8.32735 1.3 1.6 1.0 3.0
2002.0301 -4.1245 -1.55444 -0.3 1.7 1.1 3.1
2002.0329 -5.24936 0.222063 -11.2 1.4 1.0 2.9
2002.0356 -3.64241 1.66547 -10.2 1.3 1.0 2.7
2002.0384 -7.60622 -2.88682 -10.3 1.3 0.9 2.8
2002.0411 -6.48136 -5.99569 -11.2 1.3 0.9 2.9
2002.0438 -8.78465 -0.333094 -3.6 1.3 0.9 2.8
2002.0466 -4.60658 -1.55444 -5 1.3 0.9 2.8
2002.0493 -0.214259 0.444126 0.2 1.2 0.9 2.6
2002.0521 -2.08903 -3.66404 -3.9 1.5 1.0 2.9
2002.0548 -6.80274 -3.33094 -2.4 1.2 0.9 2.7
2002.0575 -7.33839 -3.21991 -5.4 1.3 0.9 2.7
2002.0603 -10.0702 -2.77578 1 1.2 0.9 2.6
2002.0630 -4.98154 -5.6626 1.5 1.3 0.9 2.7
2002.0658 -7.55265 -1.88753 -0.1 1.2 0.9 2.6
2002.0685 -2.99964 -1.88753 -6.6 1.4 1.0 3.0
2002.0712 -5.89214 -2.55372 -7.8 1.2 0.9 2.6
2002.0740 -7.23126 -3.66404 -10.6 1.3 0.9 2.7
2002.0767 -6.37423 -1.33238 -5.1 1.3 0.9 2.9
2002.0795 -1.28556 0.222063 1.7 1.3 1.0 2.7
2002.0822 -7.44552 -1.66547 1.8 1.3 0.9 2.8
2002.0849 -5.99927 -4.66332 -7 1.3 1.0 2.8
2002.0877 -6.48136 -3.77507 -11.4 1.8 1.1 3.1
2002.0904 -4.60658 -7.4391 -10.3 1.8 1.2 3.5
2002.0932 -2.67825 -5.44054 -1.4 1.2 0.9 2.6
2002.0959 -1.17843 -5.44054 6.7 1.2 0.9 2.7
2002.0986 -3.74954 -2.88682 0.8 1.4 1.0 2.9
2002.1014 -7.33839 -2.44269 -3.3 1.5 1.0 2.9
2002.1041 -2.41042 -5.32951 -9.1 1.3 0.9 2.7
2002.1068 -0.482084 -2.88682 -12.8 1.3 0.9 2.7
2002.1096 -3.37459 -5.55157 -10.5 1.2 0.9 2.6
2002.1123 -3.64241 -3.8861 -4.9 1.2 0.9 2.7
2002.1151 -1.33912 -4.88538 -5.4 1.4 0.9 2.8
2002.1178 -4.87441 -6.10673 -13.2 1.2 0.9 2.6
2002.1205 -2.99964 -2.99785 -2.6 1.3 0.9 2.8
2002.1233 -6.58848 -2.22063 5.7 1.3 1.0 2.7
2002.1260 -1.0713 -1.66547 -2.1 1.3 0.9 2.8
2002.1288 -5.24936 -3.33094 -14.8 1.2 0.9 2.7
2002.1315 -2.46399 -4.44125 -8.6 1.3 0.9 2.8
2002.1342 -0.857039 -5.32951 -0.4 1.3 0.9 2.8
2002.1370 0.589214 -5.6626 -1.6 1.3 0.9 2.7
2002.1397 -9.74881 -4.44125 -3.3 1.9 1.2 3.4
2002.1425 -1.01773 -4.88538 -8.9 1.9 1.3 3.8
2002.1452 -3.74954 -5.6626 -12.3 1.7 1.1 3.4
2002.1534 -5.94571 -5.77363 0 2.2 1.4 3.9
2002.1562 -5.62432 -6.88395 -5.5 2.6 1.6 4.5
2002.1589 -5.35649 -3.99713 -14.7 2.0 1.3 3.9
2002.1616 -10.9272 -3.553 -17.9 3.0 1.9 5.3
2002.1644 -0.642778 -2.88682 -19.7 2.2 1.6 4.5
2002.1671 -3.48172 -3.77507 -7.7 1.5 1.1 3.1
2002.1699 -5.51719 -3.33094 -6.2 3.4 1.7 5.0
2002.1726 -0.267825 0 -23.6 2.2 1.3 4.0
2002.1753 -2.46399 -1.22134 -12.4 2.6 1.9 4.6
2002.1781 1.44625 -5.88466 3.5 2.9 1.5 4.7
2002.1808 -2.30329 -1.22134 -15.7 1.9 1.2 3.5
2002.1836 -0.267825 -0.333094 -12.6 2.0 1.4 3.7
2002.1863 -4.17806 -4.44125 -6.5 1.9 1.3 3.4
2002.1890 -1.9819 -2.77578 -7.6 2.2 1.3 3.7
2002.1918 -2.73181 -2.1096 -8 2.0 1.6 3.9
2002.1945 -5.30293 -2.77578 -10.9 2.1 1.3 3.5
2002.1973 -5.51719 -5.55157 -12.6 1.5 1.1 3.1
2006.0027 -88.7035 -64.0651 4.9 1.4 1.0 2.9
2006.0055 -84.5254 -62.7327 10.4 1.4 1.0 2.9
2006.0082 -83.0256 -61.6224 -1.4 1.4 1.1 2.9
2006.0110 -76.8121 -57.4032 5.4 1.4 1.1 2.9
2006.0137 -82.5435 -61.0673 -2.5 1.4 1.0 2.9
2006.0164 -85.5967 -61.8445 -0.3 1.4 1.0 2.9
2006.0192 -87.2573 -63.5099 -2.8 1.4 1.1 3.0
2006.0219 -90.1498 -66.7299 -5.6 1.5 1.1 3.1
2006.0247 -88.0072 -67.396 -12.8 1.7 1.2 3.2
2006.0274 -93.4172 -67.5071 -9.1 1.4 1.1 3.0
2006.0301 -89.6677 -64.6203 -13 1.4 1.0 2.9
2006.0329 -87.5786 -61.0673 -3.6 1.4 1.0 2.9
2006.0356 -85.8646 -59.5128 -1.3 1.4 1.0 3.0
2006.0384 -88.8642 -63.0658 -5.7 1.4 1.0 2.9
2006.0411 -84.7933 -63.5099 -4.2 1.4 1.0 2.9
2006.0438 -95.6134 -67.5071 -7.9 1.4 1.0 2.9
2006.0466 -86.2931 -66.0637 0.7 1.5 1.1 2.9
2006.0493 -88.6499 -64.2872 4.6 1.4 1.0 2.9
2006.0521 -89.0249 -66.5078 1.2 1.4 1.0 2.9
2006.0548 -84.9004 -65.5085 2.9 1.4 1.0 2.9
2006.0575 -85.2218 -63.9541 10.3 1.4 1.0 2.9
2006.0603 -86.4538 -65.5085 -0.5 1.5 1.0 3.0
2006.0630 -86.2931 -68.2843 -1.5 1.4 1.0 2.9
2006.0658 -87.2037 -66.6188 2.2 1.5 1.0 3.0
2006.0685 -86.7752 -66.7299 -0.8 1.3 1.0 2.9
2006.0712 -88.275 -63.9541 -1.9 1.7 1.3 3.7
2006.0740 -88.275 -65.5085 4.1 1.3 1.0 2.8
2006.0767 -83.9362 -66.5078 8.5 1.3 1.0 2.8
2006.0795 -85.2754 -66.8409 8.1 1.3 1.0 2.9
2006.0822 -85.1682 -65.7306 8.4 1.3 1.0 2.9
2006.0849 -86.186 -65.2865 8.7 1.3 1.0 2.8
2006.0877 -83.347 -66.0637 12.4 1.4 0.9 2.8
2006.0904 -87.6322 -65.3975 5.4 1.4 1.0 2.9
2006.0932 -86.5074 -68.8395 2.5 1.4 1.0 2.9
2006.0959 -83.5077 -66.6188 2.2 1.3 1.0 2.9
2006.0986 -84.4719 -66.6188 16.6 1.4 1.0 2.9
2006.1068 -82.115 -66.0637 -9 1.1 0.8 2.5
2006.1096 -79.651 -63.732 2 1.2 0.9 2.5
2006.1123 -82.3829 -66.7299 6.9 1.2 0.9 2.6
2006.1151 -83.5077 -64.7313 16.7 1.1 0.8 2.5
2006.1178 -87.9 -64.0651 14.7 1.1 0.8 2.5
2006.1205 -86.0253 -64.6203 -3.7 1.1 0.8 2.5
2006.1233 -83.9898 -64.1761 -3.8 1.1 0.8 2.5
2006.1260 -80.7223 -64.2872 -8.4 1.1 0.9 2.5
2006.1288 -82.7578 -64.8423 -4.1 1.7 1.2 3.5
2006.1315 -82.4364 -60.4011 -2.2 1.1 0.9 2.5
2006.1342 -83.1863 -62.8438 -0.4 1.1 0.9 2.5
2006.1370 -85.0611 -67.063 1.1 1.1 0.8 2.5
2006.1397 -84.579 -64.2872 -7.9 1.1 0.9 2.5
2006.1425 -82.3293 -65.6195 -4.3 1.2 0.9 2.5
2006.1452 -82.3829 -65.7306 -1.4 1.1 0.8 2.5
2006.1479 -82.8649 -63.0658 -2.7 1.1 0.8 2.5
2006.1507 -82.7578 -63.9541 2.4 1.1 0.8 2.5
2006.1534 -86.2931 -65.2865 2.8 1.1 0.9 2.5
2006.1562 -85.4896 -63.621 3.8 1.1 0.9 2.5
2006.1589 -82.4364 -65.7306 5.1 1.1 0.9 2.5
2006.1616 -85.3825 -65.3975 2.3 1.2 0.9 2.6
2006.2493 -84.0434 -66.8409 -4 1.1 0.8 2.4
2006.2521 -84.3648 -67.8402 -5.2 1.1 0.8 2.4
2006.2548 -84.5254 -67.6181 -5.4 1.1 0.8 2.4
2006.2575 -84.3112 -71.2821 -3.9 1.1 0.8 2.4
2006.2603 -84.0434 -66.6188 -5.3 1.3 1.0 2.6
2006.2630 -83.6148 -67.396 -8.7 1.1 0.9 2.5
2006.2658 -84.3648 -66.8409 -1.6 1.2 0.9 2.6
2006.2685 -82.2222 -67.5071 1.1 1.1 0.9 2.5
2006.2712 -87.1501 -70.1718 -2.8 1.3 0.9 2.6
2006.2740 -84.4719 -68.5064 -1.2 1.1 0.8 2.5
2006.2767 -85.811 -67.174 -4.4 1.2 0.8 2.6
2006.2849 -86.2395 -68.1733 1.2 1.3 0.9 2.7
2006.2877 -87.7393 -67.9512 -4 1.8 1.4 3.7
2006.2986 -85.0611 -68.8395 -0.9 1.1 0.8 2.5
2006.3014 -86.5074 -69.2836 0.8 1.1 0.9 2.5
2006.3041 -84.579 -68.2843 4 1.1 0.8 2.5
2006.3068 -87.7929 -68.9505 8.1 1.2 0.8 2.5
2006.3096 -86.0253 -68.8395 -5 1.1 0.8 2.5
2006.3123 -85.7574 -67.285 0.3 1.2 0.9 2.5
2006.3151 -87.8465 -68.7284 -3.3 1.1 0.9 2.5
2006.3178 -90.5247 -68.2843 -3.7 1.7 1.3 3.5
2006.3205 -83.5077 -69.0615 -2.5 1.2 0.9 2.6
2006.3233 -84.5254 -68.6174 -1.5 1.2 0.9 2.5
2006.3260 -87.418 -69.7277 -2.6 1.1 0.8 2.5
2006.3288 -83.6684 -69.9498 0.2 1.1 0.8 2.5
2006.3315 -87.9 -70.2829 -2.7 1.1 0.8 2.5
2006.3342 -84.5254 -69.3946 -5 1.1 0.8 2.5
2006.3370 -87.418 -69.0615 -5 1.1 0.8 2.5
2006.3397 -83.2399 -69.8387 -0.1 1.2 0.8 2.5
2006.3425 -85.7039 -67.9512 15.8 1.2 0.8 2.5
2006.3452 -88.2214 -69.2836 11.8 1.2 0.8 2.5
2009.6712 -132.252 -116.583 21.1 1.2 0.9 2.5
2009.6740 -140.822 -122.579 12.2 1.1 0.8 2.4
2009.6767 -133.43 -116.472 11.7 1.1 0.8 2.4
2009.6795 -138.198 -119.137 10 1.1 0.8 2.5
2009.6822 -140.287 -121.357 7.7 1.2 0.9 2.5
2009.6849 -137.662 -123.023 15 1.1 0.8 2.4
2009.6877 -143.018 -122.69 15.5 1.1 0.9 2.5
2009.6986 -137.876 -122.246 18.6 1.1 0.8 2.4
2009.7014 -138.305 -122.912 14.6 1.1 0.9 2.5
2009.7041 -139.751 -121.69 14.9 1.1 0.8 2.4
2009.7123 -138.84 -125.243 19.2 2.8 1.9 5.1
2009.7151 -140.179 -122.801 14.9 1.1 0.9 2.5
2009.7178 -138.09 -121.579 13.8 1.1 0.8 2.4
2009.7205 -140.983 -121.801 14.1 2.1 1.3 4.0
2009.7260 -138.894 -123.245 16.1 1.2 0.9 2.5
2009.7288 -141.572 -123.134 29.8 1.4 1.0 2.9
2009.7370 -139.644 -120.802 13 1.1 0.8 2.4
2009.7425 -138.572 -119.248 18.3 1.1 0.8 2.5
2009.7452 -140.072 -121.357 12.4 1.2 0.8 2.5
2009.7507 -137.555 -120.469 14.9 1.1 0.8 2.4
2009.7534 -137.608 -120.469 17.1 1.1 0.8 2.4
2009.7562 -140.876 -119.137 20.1 1.1 0.8 2.4
2009.7589 -139.59 -118.915 19.5 1.1 0.8 2.4
2009.7616 -140.876 -121.69 13 1.1 0.8 2.4
2009.7644 -138.251 -121.912 17.4 1.1 0.8 2.4
2009.7671 -140.661 -120.247 17.7 1.1 0.8 2.4
2009.7699 -135.519 -117.138 23.5 1.2 0.9 2.5
2009.7726 -137.662 -120.802 17.2 1.1 0.8 2.5
2009.7753 -150.785 -124.466 49.2 1.1 0.8 2.4
2009.7781 -139.483 -120.58 21.5 1.1 0.8 2.4
2009.7808 -139.965 -122.579 17.8 1.1 0.8 2.4
2009.7836 -138.894 -120.58 16.8 1.2 0.8 2.5
2009.7863 -138.144 -118.582 20.7 1.1 0.8 2.4
2009.7890 -140.608 -118.137 16.9 1.2 0.9 2.6
2009.7918 -145.536 -127.02 31 1.1 0.8 2.5
2009.7945 -140.126 -121.801 22.5 1.1 0.8 2.5
2009.7973 -136.644 -120.691 23.2 1.2 0.8 2.5
2009.8000 -139.59 -120.58 18.1 1.2 0.8 2.5
2009.8027 -136.537 -122.023 20.9 1.1 0.8 2.5
2009.8055 -138.894 -123.578 21.1 1.1 0.8 2.5
2009.8082 -143.286 -121.69 30.4 1.2 0.8 2.5
2009.8110 -133.859 -121.69 29.3 1.2 0.8 2.5
2009.8137 -141.893 -115.917 41.8 1.2 0.9 2.5
2009.8164 -140.769 -123.8 17.9 1.2 0.8 2.5
2009.8192 -138.358 -122.69 17.1 1.2 0.9 2.6
2009.8219 -139.215 -120.469 14 1.1 0.8 2.5
2009.8247 -138.572 -120.913 20.3 1.1 0.8 2.5
2009.8274 -139.376 -119.581 16.2 1.1 0.8 2.5
2009.8301 -141.144 -120.802 18.1 1.2 0.8 2.5
2009.8329 -139.858 -122.023 19.3 1.2 0.9 2.6
2009.8356 -142.268 -120.469 18 1.1 0.8 2.5
2009.8384 -144.304 -123.134 40.9 1.2 0.9 2.5
2009.8411 -142.858 -122.357 18.5 1.1 0.8 2.5
2009.8438 -141.304 -121.579 27.7 1.2 0.9 2.6
2009.8466 -137.019 -124.355 26.7 1.2 0.9 2.6
2009.8493 -140.822 -123.134 17.9 1.2 0.8 2.6
2009.8521 -143.768 -124.355 16 1.2 0.8 2.5
2009.8548 -140.501 -123.578 23 1.1 0.8 2.5
2009.8575 -141.358 -122.801 27.8 1.1 0.8 2.5
2009.8603 -144.786 -122.579 27.8 1.1 0.9 2.6
2009.8630 -143.5 -125.91 26.6 1.1 0.9 2.6
2009.8658 -141.84 -124.466 16.2 1.2 0.9 2.7
2009.8685 -142.965 -126.021 23.5 1.2 0.9 2.6
2009.8712 -149.178 -125.132 35.2 1.1 0.8 2.5
2009.8740 -145.375 -124.799 31 1.1 0.8 2.5
2009.8767 -142.322 -125.354 24 1.1 0.8 2.5
2009.8795 -141.626 -126.243 21.2 1.2 0.9 2.6
2009.8822 -144.143 -125.799 21.1 1.2 0.9 2.6
2009.8849 -146.232 -125.132 22.6 1.1 0.8 2.5
2009.8877 -147.089 -125.243 23.3 1.1 0.9 2.5
2009.8904 -143.5 -126.021 26.5 1.1 0.8 2.4
2009.8932 -145.536 -124.133 25.4 1.1 0.8 2.5
2009.8959 -154.267 -128.463 41.8 1.1 0.8 2.5
2009.8986 -145.589 -125.021 33 1.1 0.8 2.4
2009.9014 -143.875 -124.91 21.8 1.2 0.9 2.5
2009.9041 -145.322 -125.576 23 1.1 0.9 2.5
2009.9068 -148.053 -125.243 24.9 1.1 0.9 2.5
2009.9096 -145.589 -129.241 36.9 1.1 0.9 2.5
2009.9123 -145.857 -130.351 30.3 1.1 0.8 2.4
2009.9151 -146.072 -129.129 36.9 1.1 0.8 2.5
2009.9178 -146.5 -134.348 66.1 1.1 0.9 2.6
2009.9205 -145.589 -125.243 21 1.1 0.8 2.5
2009.9233 -144.357 -128.907 14.2 1.1 0.9 2.5
2009.9260 -143.393 -128.019 1.5 1.1 0.9 2.5
2009.9288 -143.233 -126.132 2.5 1.1 0.8 2.5
2009.9315 -142.965 -126.132 9.7 1.1 0.9 2.5
2009.9342 -143.125 -125.021 13.3 1.1 0.9 2.5
2009.9370 -144.893 -126.687 11.8 1.2 0.9 2.5
2009.9397 -141.358 -125.91 14.9 1.2 0.9 2.6
2009.9425 -143.393 -128.13 10.3 1.1 0.9 2.4
2009.9452 -143.125 -127.353 10.8 1.1 0.9 2.5
2009.9479 -146.339 -125.576 16 1.1 0.9 2.6
2009.9507 -145.268 -126.576 12.3 1.1 0.9 2.5
2009.9534 -144.465 -127.02 17.8 1.1 0.9 2.5
2009.9562 -144.947 -127.575 17.1 1.1 0.9 2.5
2009.9589 -143.822 -127.242 19.5 1.1 0.9 2.4
2009.9616 -143.929 -126.909 18.7 1.1 0.9 2.4
2009.9644 -145.804 -125.91 6.5 1.1 0.9 2.5
2009.9671 -141.572 -126.465 12.8 1.1 0.9 2.5
2009.9699 -143.554 -127.464 22.3 1.1 0.9 2.5
2009.9726 -141.411 -128.574 29.4 1.1 0.9 2.5
2009.9753 -142.751 -127.02 52.4 1.2 0.9 2.6
2009.9781 -143.822 -126.576 37.9 1.1 0.9 2.4
2009.9808 -142.483 -127.02 33.5 1.1 0.9 2.4
2009.9836 -144.625 -126.021 43.6 1.1 0.9 2.4
2009.9863 -145.589 -125.799 40.3 1.1 0.9 2.4
2009.9890 -141.679 -126.465 55.7 1.1 0.9 2.4
2009.9918 -143.233 -126.576 38.9 1.1 0.9 2.4
2009.9945 -144.09 -128.796 38.9 1.1 0.9 2.4
2009.9973 -145.107 -127.242 39.4 1.1 0.9 2.4
2010.0000 -146.072 -128.019 35.4 1.1 0.9 2.4
2010.0027 -144.679 -127.797 39 1.1 0.9 2.4
2010.0055 -145 -126.909 39.9 1.1 0.9 2.4
2010.0082 -146.607 -127.131 39.8 1.1 0.9 2.4
2010.0110 -146.446 -127.686 43.8 1.1 0.9 2.4
2010.0137 -146.339 -127.797 38.9 1.1 0.9 2.4
2010.0164 -146.875 -127.464 47.8 1.1 0.9 2.4
2010.0192 -144.465 -127.908 38.8 1.1 0.9 2.4
2010.0219 -146.661 -126.687 37.6 1.1 0.9 2.5
2010.0247 -144.304 -129.463 44 1.1 0.8 2.4
2010.0274 -144.786 -127.02 45.9 1.1 0.8 2.4
2010.0301 -147.357 -126.465 45.5 1.1 0.9 2.4
2010.0329 -145.643 -127.464 47.3 1.1 0.8 2.4
2010.0356 -144.786 -129.463 31.3 1.2 1.0 2.7
2010.0384 -145.322 -130.018 36.3 1.2 0.9 2.6
2010.0411 -148.857 -128.463 30.2 1.1 0.8 2.5
2010.0438 -147.089 -128.13 30.1 1.1 0.8 2.4
2010.0548 -147.571 -127.575 28.6 1.1 0.9 2.5
2010.0575 -147.625 -131.128 26.4 1.1 0.8 2.5
2010.0603 -147.625 -130.018 31.4 1.1 0.8 2.4
2010.0630 -147.036 -130.795 29.2 1.1 0.9 2.5
2010.0658 -146.768 -132.905 30 1.1 0.8 2.4
2010.0685 -147.678 -133.682 32.7 1.1 0.8 2.4
2010.0712 -146.5 -133.016 30.4 1.1 0.9 2.4
2010.0740 -145.804 -132.682 31.9 1.1 0.9 2.5
2010.0767 -147.196 -132.127 30.1 1.1 0.9 2.5
2010.0795 -143.929 -129.241 31.3 1.1 0.8 2.4
2010.0822 -146.393 -135.791 31.9 1.1 0.8 2.4
2010.0849 -146.607 -136.013 34.8 1.1 0.8 2.4
2010.0877 -144.09 -136.569 32.3 1.1 0.8 2.4
2010.0904 -146.982 -137.901 29.9 1.1 0.9 2.4
2010.0932 -146.232 -138.012 31.2 1.1 0.8 2.4
2010.0959 -143.608 -138.567 32.4 1.1 0.8 2.5
2010.0986 -144.679 -139.233 31.9 1.1 0.9 2.5
2010.1014 -143.929 -139.566 28.1 1.1 0.8 2.4
2010.1041 -146.232 -137.235 12.5 1.1 0.8 2.4
2010.1068 -146.714 -135.125 21.2 1.1 0.8 2.5
2010.1096 -149.607 -135.347 26.7 1.1 0.9 2.5
2010.1123 -149.339 -133.238 22.9 1.2 0.9 2.5
2010.1151 -150.785 -131.683 17.7 1.2 0.9 2.5
2010.1178 -145.643 -133.349 9.4 1.1 0.8 2.5
2010.1205 -149.446 -138.345 18.9 1.1 0.8 2.5
2010.1233 -141.465 -140.566 19.8 1.1 0.8 2.4
2010.1260 -146.339 -138.567 45 1.1 0.8 2.5
2010.1288 -146.875 -138.123 11.8 1.2 0.9 2.5
2010.1315 -143.715 -137.79 8.9 1.2 0.8 2.5
2010.1342 -145.589 -136.236 18 1.1 0.8 2.5
2010.1370 -145 -135.236 20.2 1.1 0.8 2.5
2010.1397 -146.393 -132.238 10.4 1.1 0.8 2.5
2010.1425 -144.197 -133.793 0.2 1.1 0.8 2.5
2010.1452 -142.858 -134.459 5.3 1.2 0.9 2.5
2010.1479 -145.589 -133.571 4.9 1.2 0.9 2.5
2010.1507 -146.5 -133.571 2.6 1.2 0.8 2.5
2010.1534 -149.875 -138.345 8.3 1.1 0.8 2.4
2010.1589 -146.232 -130.462 9.8 1.1 0.8 2.5
2010.1616 -146.821 -133.46 18.1 1.1 0.8 2.5
2010.1644 -149.446 -133.238 13.4 1.1 0.8 2.4
2010.1671 -145.429 -133.904 21.7 1.1 0.8 2.5
2010.1699 -148.321 -134.903 11.6 1.1 0.8 2.5
2010.1726 -148.375 -135.902 3.2 1.1 0.8 2.5
2010.1753 -142.376 -132.46 17.1 1.1 0.8 2.4
2010.1781 -151 -136.124 8.7 1.1 0.8 2.4
2010.1808 -145.268 -136.013 7.7 1.1 0.8 2.4
2010.1836 -143.393 -136.902 9.1 1.1 0.8 2.4
2010.1863 -147.304 -136.124 15 1.1 0.8 2.5
2010.1890 -147.464 -134.903 12.1 1.1 0.8 2.5
2010.1918 -148 -134.015 13.9 1.1 0.8 2.4
2010.1945 -148.107 -134.237 14.9 1.1 0.8 2.4
2010.1973 -148.589 -136.347 16.8 1.1 0.8 2.4
2010.2000 -148.321 -135.347 11.8 1.1 0.8 2.5
2010.2027 -147.571 -135.791 6.4 1.1 0.8 2.5
2010.2055 -146.929 -135.569 1.2 1.2 0.8 2.5
2010.2082 -146.5 -135.791 -3 1.2 0.8 2.5
2010.2110 -146.929 -137.568 -1.5 1.1 0.8 2.5
2010.2137 -145.911 -138.234 -4.1 1.1 0.8 2.5
2010.2164 -146.393 -137.235 -0.4 1.1 0.8 2.5
2010.2192 -146.339 -136.68 -2.5 1.1 0.8 2.5
2010.2219 -145.215 -137.124 3.6 1.1 0.8 2.4
2010.2247 -144.411 -136.68 5 1.2 0.9 2.5
2010.2274 -145.161 -136.68 6.1 1.2 0.8 2.5
2010.2301 -146.393 -135.347 8.8 1.1 0.8 2.5
2010.2329 -144.625 -134.126 8.9 1.2 0.8 2.5
2010.2356 -143.983 -136.68 14.4 1.1 0.8 2.5
2010.2384 -148.857 -135.902 22.8 1.2 0.8 2.5
2010.2411 -149.982 -133.127 23.5 1.2 0.8 2.5
2010.2438 -147.411 -133.349 16.7 1.2 0.9 2.7
2010.2466 -146.5 -132.349 16.8 1.3 0.9 2.6
2010.2493 -138.626 -131.35 20.6 1.2 0.9 2.6
2010.2521 -146.072 -134.792 15 1.2 0.9 2.5
2010.2548 -147.518 -133.904 19.4 1.2 0.8 2.5
2010.2575 -147.036 -133.238 19.2 1.2 0.8 2.5
2010.2603 -150.571 -133.238 26.2 1.3 0.9 2.5
2010.2630 -151.535 -133.793 21.5 1.4 0.9 2.6
2010.2658 -151.321 -133.682 19.9 1.2 0.8 2.5
2010.2685 -149.821 -134.348 17.2 1.2 0.8 2.5
2010.2712 -148.696 -132.682 16.6 1.2 0.9 2.5
2010.2740 -149.66 -132.682 17.6 1.2 0.8 2.5
2010.2767 -148.482 -132.238 20 1.2 0.8 2.5
2010.2795 -148.482 -133.46 26.3 1.2 0.8 2.5
2010.2822 -151.803 -133.571 18.4 1.1 0.8 2.4
2010.2849 -154.481 -136.458 14.4 1.3 0.9 2.6
2010.2877 -153.035 -136.791 10.8 1.2 0.8 2.5
2010.2904 -148.696 -134.681 13.3 1.1 0.8 2.5
2010.2932 -144.304 -134.903 27.6 1.2 0.8 2.5
2010.2959 -147.893 -133.682 15.2 1.3 0.9 2.7
2010.2986 -146.179 -133.793 12.9 1.1 0.8 2.4
2010.3014 -150.303 -133.349 19.8 1.1 0.8 2.5
2010.3041 -148.696 -134.459 23.4 1.2 0.8 2.5
2010.3068 -151.267 -134.903 9.3 1.2 0.8 2.5
2010.3096 -148.268 -131.905 19.7 1.1 0.8 2.5
2010.3123 -147.411 -132.905 16.3 1.1 0.8 2.4
2010.3151 -150.25 -133.793 18.3 1.1 0.8 2.5
2010.3178 -147.571 -130.351 15.5 1.1 0.9 2.5
2010.3205 -148.696 -133.46 9.5 1.1 0.9 2.5
2010.3233 -146.982 -133.238 16.6 1.2 0.8 2.5
2010.3260 -146.018 -132.127 12.2 1.1 0.8 2.5
2010.3288 -153.731 -136.791 17.9 1.1 0.8 2.4
2010.3315 -148.803 -132.794 15.4 1.1 0.8 2.4
2010.3342 -148.75 -134.237 9.7 1.2 0.9 2.6
2010.3370 -149.607 -132.905 12.5 1.1 0.9 2.5
2010.3397 -147.786 -132.349 12.2 1.1 0.8 2.5
2010.3425 -146.929 -135.014 13.4 1.1 0.8 2.4
2010.3452 -146.446 -133.016 15.9 1.1 0.8 2.5
2010.3507 -147.786 -133.238 13.8 1.1 0.8 2.4
2010.3534 -145.215 -134.57 16.1 1.1 0.8 2.4
2010.3562 -149.5 -133.46 19.2 1.1 0.8 2.4
2010.3589 -145.75 -133.238 30.1 1.1 0.8 2.4
2010.3616 -150.839 -137.013 24.5 1.1 0.8 2.5
2010.3644 -147.411 -135.569 21.2 1.1 0.8 2.4
2010.3671 -151.374 -136.347 14.6 1.1 0.9 2.5
2010.3699 -145.107 -134.015 17.4 1.1 0.9 2.5
2010.3808 -147.411 -137.013 14.6 1.2 0.9 2.6
2010.3836 -145.857 -136.458 15.2 1.2 0.9 2.6
2010.3863 -148.268 -134.015 14.7 1.2 0.8 2.5
2010.3890 -146.339 -137.013 19.9 1.1 0.8 2.5
2010.3918 -146.446 -134.792 17 1.1 0.8 2.5
2010.3945 -145.911 -135.68 12.1 1.1 0.8 2.5
2010.3973 -148.053 -136.013 13.5 1.1 0.8 2.5
2010.4000 -148.857 -133.46 11.8 1.1 0.8 2.4
2010.4027 -144.572 -137.235 11 1.1 0.8 2.5
2010.4192 -150.089 -135.569 19.5 1.2 0.8 2.5
2010.4219 -149.5 -134.126 14 1.1 0.8 2.4
2010.4247 -148.375 -136.68 11.5 1.1 0.8 2.4
2010.4274 -148.214 -134.015 17.5 1.1 0.8 2.4
2010.4301 -148.375 -133.016 21.8 1.1 0.8 2.4
2010.4329 -149.821 -136.124 9.9 1.1 0.8 2.4
2010.4356 -148.857 -137.346 11.5 1.1 0.8 2.4
2010.4384 -147.518 -137.568 10.1 1.1 0.8 2.4
2010.4411 -150.25 -134.015 11.9 1.1 0.8 2.4
2010.4438 -143.554 -132.238 11.7 1.7 1.2 3.3
2010.4466 -147.464 -136.569 12.6 1.1 0.8 2.4
2010.4493 -147.304 -136.347 16.5 1.1 0.8 2.4
2010.4521 -151.589 -134.348 8.4 1.2 0.9 2.5
2010.4548 -150.946 -134.792 15 1.1 0.8 2.4
2010.4575 -149.5 -132.016 12 1.2 0.9 2.5
2010.4603 -147.357 -132.682 13 1.1 0.9 2.5
2010.4630 -149.607 -134.459 12.4 1.1 0.9 2.5
2010.4658 -147.625 -134.681 17.6 1.1 0.8 2.5
2010.4685 -150.839 -135.458 21.2 1.1 0.8 2.4
2010.4712 -151.535 -134.015 14.8 1.1 0.8 2.4
2010.4740 -152.339 -132.46 11.6 1.2 0.9 2.5
2010.4767 -152.714 -134.903 10.5 1.4 0.9 2.8
2010.4795 -152.767 -133.793 9.5 1.3 1.0 2.7
2010.4822 -150.892 -135.569 11.4 1.1 0.9 2.5
2010.4849 -152.66 -133.571 14.6 1.1 0.9 2.5
2010.5205 -154.481 -137.235 12.8 1.1 0.8 2.5
2010.5233 -153.892 -134.681 18.9 1.1 0.9 2.5
2010.5260 -154.053 -135.014 18.6 1.1 0.8 2.5
2010.5288 -154.481 -134.903 19.3 1.1 0.8 2.5
2010.5315 -150.678 -135.68 10.8 1.1 0.8 2.5
2010.5342 -151.428 -135.569 13.1 1.1 0.8 2.5
2010.5370 -153.464 -135.458 13.4 1.1 0.8 2.5
2010.5397 -153.41 -135.569 14.5 1.1 0.8 2.5
2010.5425 -152.392 -137.346 16.8 1.1 0.8 2.4
2010.5452 -153.517 -137.457 20.8 1.1 0.8 2.4
2010.5479 -152.928 -137.901 16 1.1 0.8 2.4
2010.5507 -155.231 -136.013 14.5 1.1 0.9 2.4
2010.5534 -152.553 -137.568 15.6 1.1 0.8 2.4
2010.5562 -154.803 -134.57 21 1.1 0.8 2.5
2010.5589 -152.285 -136.458 18.5 1.1 0.9 2.5
2010.5616 -159.838 -139.566 22 1.1 0.8 2.4
2010.5644 -154.106 -136.569 0.1 1.1 0.8 2.4
2010.5671 -156.142 -135.236 11 1.1 0.8 2.4
2010.5699 -156.731 -134.903 14.7 1.1 0.8 2.4
2010.5726 -157.32 -134.459 11.8 1.1 0.8 2.4
2010.5753 -154.267 -134.57 18.2 1.1 0.9 2.4
2010.5781 -152.767 -137.79 10.9 1.1 0.9 2.4
2010.5808 -155.927 -136.347 14.3 1.6 1.2 3.5
2010.5836 -155.07 -136.569 19.5 1.1 0.8 2.4
2010.5863 -153.678 -134.459 19.7 1.1 0.8 2.4
2010.5890 -151.535 -136.902 16.5 1.5 1.1 3.4
2010.5918 -154.856 -133.016 21.9 1.2 0.9 2.5
2010.5945 -155.874 -134.126 17.4 1.1 0.8 2.4
2010.5973 -156.517 -135.125 19.3 1.1 0.8 2.4
2010.6000 -155.285 -134.237 19.5 1.1 0.8 2.4
2010.6027 -154.856 -133.793 17.3 1.1 0.8 2.4
2010.6055 -155.981 -133.793 22.7 1.1 0.8 2.4
2010.6110 -146.125 -133.127 13.8 3.6 3.6 11.8
2010.6164 -155.017 -135.458 15.2 1.6 1.2 3.3
2010.6192 -153.41 -136.569 16.2 1.1 0.8 2.4
2010.6219 -161.498 -133.571 26.2 1.1 0.8 2.4
2010.6247 -155.874 -134.57 25 1.1 0.9 2.5
2010.7014 -145.429 -129.685 34.1 4.0 3.3 9.3
2010.7068 -160.695 -133.46 12.1 1.7 1.2 3.4
2010.7096 -155.981 -137.346 20.8 1.1 0.8 2.4
2010.7123 -155.66 -136.347 17.8 1.2 0.8 2.4
2010.7151 -158.391 -137.457 19.4 1.1 0.8 2.4
2010.7178 -154.321 -137.79 23 1.1 0.8 2.4
2010.7205 -153.249 -134.903 22.5 1.2 0.9 2.4
2010.7233 -155.285 -135.902 21.3 1.1 0.8 2.4
2010.7260 -155.07 -137.013 26.8 1.1 0.8 2.4
2010.7288 -158.82 -137.457 19.4 1.1 0.8 2.4
2010.7315 -153.089 -139.011 27.2 1.2 0.8 2.4
2010.7342 -158.017 -141.01 28.3 1.1 0.8 2.4
2010.7370 -155.927 -141.565 22.6 1.1 0.8 2.4
2010.7397 -154.856 -141.787 25.4 1.2 0.8 2.4
2010.7425 -158.445 -141.787 32.3 1.3 0.9 2.5
2010.7644 -157.052 -142.897 25.6 1.2 0.9 2.6
2010.7863 -156.035 -141.898 26.9 1.1 0.8 2.4
2010.7890 -154.481 -139.566 30.8 1.1 0.8 2.4
2010.7918 -156.195 -141.01 26.9 1.1 0.8 2.3
2010.7945 -153.41 -141.898 31.7 1.1 0.8 2.4
2010.7973 -153.249 -142.453 31.7 1.1 0.8 2.3
2010.8000 -156.838 -142.231 29.1 1.1 0.8 2.3
2010.8027 -156.142 -142.009 37.8 1.2 0.8 2.4
2010.8055 -159.302 -142.009 27.8 1.1 0.8 2.4
2010.8082 -161.177 -141.565 26.3 1.1 0.8 2.4
2010.8110 -157.749 -141.898 28.3 1.1 0.8 2.4
2010.8137 -157.695 -141.121 28.6 1.1 0.8 2.3
2010.8164 -159.731 -141.898 27.8 1.1 0.8 2.3
2010.8192 -154.213 -145.118 29.6 1.1 0.8 2.3
2010.8219 -156.356 -141.343 26.7 1.1 0.8 2.3
2010.8247 -155.981 -142.12 42.6 1.1 0.8 2.3
2010.8274 -158.927 -141.565 31.9 1.1 0.8 2.4
2010.8301 -156.195 -141.232 30.8 1.1 0.8 2.3
2010.8329 -159.302 -142.897 41.5 1.1 0.8 2.4
2010.8356 -154.588 -142.675 31 1.1 0.8 2.4
2010.8384 -156.517 -145.784 55.9 1.1 0.8 2.3
2010.8411 -156.677 -141.787 28.8 1.1 0.8 2.3
2010.8438 -156.356 -143.897 27.5 1.1 0.8 2.4
2010.8466 -157.588 -143.23 33 1.1 0.8 2.3
2010.8493 -162.248 -141.787 32 1.1 0.8 2.3
2010.8521 -157.213 -142.231 25.2 1.1 0.8 2.3
2010.8548 -156.785 -142.564 27.8 1.1 0.8 2.3
2010.8575 -159.034 -144.23 26.5 1.1 0.8 2.3
2010.8603 -157.267 -143.786 27.9 1.1 0.8 2.3
2010.8630 -159.249 -143.23 33.2 1.1 0.8 2.3
2010.8658 -158.713 -143.897 36.6 1.1 0.8 2.3
2010.8685 -161.498 -143.453 25.1 1.1 0.8 2.3
2010.8712 -156.892 -142.009 23.8 1.1 0.8 2.4
2010.8740 -158.124 -142.231 23.7 1.1 0.8 2.3
2010.8767 -155.553 -140.455 23.6 1.1 0.8 2.4
2010.8795 -164.016 -142.786 28.9 1.1 0.9 2.4
2010.8822 -157.909 -139.566 22.8 1.1 0.8 2.3
2010.8849 -157.481 -141.565 24 1.1 0.8 2.4
2010.8877 -157.32 -139.9 24.9 1.1 0.8 2.4
2010.8904 -154.695 -140.122 21.2 1.1 0.8 2.5
2010.8932 -158.124 -141.232 28.9 1.1 0.9 2.5
2010.8959 -156.302 -141.565 26 1.1 0.8 2.3
2010.8986 -157.642 -139.011 30.1 1.1 0.8 2.3
2010.9014 -161.284 -144.119 26.5 1.1 0.8 2.3
2010.9041 -159.838 -146.339 14.9 1.1 0.8 2.3
2010.9068 -156.356 -146.006 26.7 1.1 0.8 2.3
2010.9096 -158.499 -145.34 20.8 1.1 0.8 2.3
2010.9123 -157.695 -145.34 18.7 1.1 0.8 2.3
2010.9151 -163.319 -143.119 29.4 1.1 0.8 2.3
2010.9178 -160.909 -141.232 24.2 1.1 0.8 2.3
2010.9205 -161.82 -140.899 28.5 1.1 0.8 2.3
2010.9233 -160.534 -139.9 27.3 1.1 0.8 2.3
2010.9260 -163.587 -144.896 29.5 1.1 0.8 2.3
2010.9288 -158.606 -142.231 27.8 1.1 0.8 2.3
2010.9315 -158.338 -141.343 32.5 1.1 0.8 2.3
2010.9342 -157.427 -146.45 21.7 1.1 0.9 2.4
2010.9370 -156.035 -144.896 25.9 1.1 0.8 2.4
2010.9397 -159.838 -145.895 21.8 1.1 0.8 2.4
2010.9425 -161.016 -145.34 22.5 1.1 0.8 2.4
2010.9452 -159.409 -145.451 21.9 1.1 0.8 2.3
2010.9479 -158.338 -144.563 20 1.2 1.0 2.6
2010.9534 -153.464 -146.783 39.4 3.8 3.0 7.7
2010.9562 -161.177 -140.233 30.8 1.7 1.2 3.6
2010.9589 -161.23 -145.784 27.8 1.1 0.8 2.4
2010.9616 -160.106 -144.008 25.7 1.1 0.8 2.4
2010.9644 -157.267 -144.785 25 1.1 0.8 2.3
2010.9671 -158.391 -146.783 23.7 1.1 0.8 2.3
2010.9699 -160.106 -146.45 22 1.1 0.8 2.4
2010.9726 -160.963 -143.453 22.2 1.1 0.8 2.3
2010.9753 -160.427 -143.897 20.5 1.1 0.8 2.3
2010.9781 -156.356 -142.12 24.8 1.1 0.8 2.3
2010.9808 -158.874 -144.119 23.8 1.1 0.8 2.3
2010.9836 -160.159 -144.563 21.5 1.1 0.8 2.3
2010.9863 -159.195 -144.785 25.9 1.1 0.8 2.3
2010.9890 -161.123 -147.45 22.8 1.1 0.8 2.3
2010.9918 -161.016 -146.006 25.9 1.1 0.8 2.4
2010.9945 -158.499 -144.452 29.7 1.1 0.8 2.4
2010.9973 -157.695 -145.895 31.5 1.1 0.8 2.4
2011.0000 -159.249 -146.672 39.9 1.1 0.8 2.4
2011.0027 -158.927 -142.897 40.5 1.1 0.8 2.3
2011.0055 -160.373 -148.116 44.9 1.1 0.8 2.3
2011.0082 -158.874 -149.892 28.7 1.1 0.8 2.3
2011.0110 -149.875 -145.118 24.3 1.7 1.6 3.8
2011.0137 -146.607 -148.338 26.6 3.7 2.8 7.8
2011.0164 -150.946 -143.564 11.7 3.5 2.8 7.6
2011.0192 -160.802 -145.673 17.6 1.1 0.9 2.5
2011.0219 -159.891 -144.563 16.9 1.1 0.8 2.4
2011.0247 -159.731 -144.674 14.2 1.1 0.8 2.4
2011.0274 -160.588 -145.451 18.2 1.1 0.8 2.4
2011.0301 -157.802 -145.34 17.1 1.1 0.9 2.5
2011.0329 -160.159 -146.339 20.5 1.1 0.8 2.3
2011.0356 -160.802 -146.006 18.7 1.1 0.8 2.3
2011.0384 -152.821 -141.676 8.4 1.1 0.8 2.4
2011.0411 -161.07 -146.895 20.1 1.1 0.8 2.4
2011.0438 -157.749 -142.453 9.3 1.1 0.8 2.4
2011.0466 -159.838 -145.451 23.1 1.1 0.8 2.4
2011.0493 -162.998 -145.118 21.3 1.1 0.8 2.4
2011.0521 -160.159 -146.117 18.8 1.1 0.8 2.4
2011.0548 -161.498 -147.339 22.7 1.1 0.8 2.3
2011.0575 -162.302 -148.227 24.8 1.1 0.8 2.4
2011.0603 -159.891 -147.339 31 1.1 0.8 2.3
2011.0630 -159.409 -149.004 33.6 1.1 0.8 2.3
2011.0658 -162.195 -148.116 35.7 1.1 0.8 2.3
2011.0685 -158.606 -152.446 22.3 1.1 0.8 2.3
2011.0712 -162.944 -150.336 33 1.2 0.8 2.5
2011.0740 -164.284 -149.448 24.1 1.1 0.8 2.4
2011.0767 -159.516 -148.893 21.5 1.1 0.8 2.4
2011.0795 -159.784 -148.449 8.4 2.6 2.4 5.6
2011.0822 -161.82 -148.449 17.2 1.1 0.8 2.4
2011.0849 -159.302 -151.447 29 1.1 0.8 2.4
2011.0877 -163.373 -149.67 18.5 1.1 0.8 2.4
2011.0904 -165.355 -148.116 29 1.1 0.8 2.4
2011.0932 -160.427 -149.448 20.1 1.1 0.8 2.4
2011.0959 -164.391 -151.336 20.7 1.1 0.8 2.4
2011.0986 -163.855 -153.334 17.4 1.1 0.8 2.4
2011.1014 -162.944 -151.003 16.2 1.1 0.8 2.4
2011.1041 -165.408 -150.781 18.3 1.2 0.9 2.7
2011.1068 -157.481 -150.448 21.1 1.2 0.8 2.5
2011.1096 -165.141 -150.336 14.8 1.1 0.8 2.4
2011.1123 -163.212 -151.558 15.1 1.1 0.8 2.4
2011.1151 -164.926 -149.226 14.8 1.2 0.8 2.4
2011.1178 -162.944 -149.004 22.9 1.1 0.8 2.4
2011.1205 -163.748 -150.67 20 1.1 0.8 2.4
2011.1233 -162.944 -148.116 16.2 1.3 1.0 2.8
2011.2219 -164.873 -158.886 13.4 1.6 1.1 3.3
2011.2247 -163.48 -157.331 11 1.1 0.8 2.3
2011.2274 -164.284 -155.999 15.1 1.1 0.8 2.3
2011.2301 -164.926 -156.332 20.6 1.1 0.8 2.4
2011.2329 -164.926 -155.666 24.2 1.1 0.8 2.4
2011.2356 -167.23 -153.223 28.1 1.1 0.8 2.4
2011.2384 -165.462 -152.89 29.8 1.1 0.8 2.3
2011.2411 -162.623 -151.003 30.3 1.2 0.8 2.5
2011.2822 -165.516 -158.22 28.3 3.3 3.3 8.5
2011.2849 -163.909 -152.557 40.4 3.5 3.2 8.5
2011.2877 -167.819 -152.224 29.3 1.6 1.1 3.0
2011.2932 -169.747 -152.446 32.9 3.4 3.3 8.2
2011.3014 -162.57 -155.888 24.8 1.1 0.8 2.4
2011.3041 -164.659 -155.777 27.6 1.1 0.8 2.4
2011.3068 -166.908 -156.665 33.3 1.1 0.8 2.4
2011.3096 -166.212 -155.999 28.8 1.1 0.8 2.4
2011.3123 -166.212 -156.887 35.1 1.1 0.8 2.3
2011.3151 -157.909 -155.888 34.4 1.1 0.8 2.4
2011.3178 -162.57 -155.333 31.1 1.1 0.8 2.3
2011.3205 -165.248 -154.667 27.5 1.1 0.8 2.3
2011.3233 -162.73 -154.334 18.2 1.1 0.8 2.4
2011.3260 -164.444 -156.554 20.5 1.1 0.8 2.4
2011.3288 -162.891 -154.001 22.4 1.1 0.8 2.4
2011.3315 -161.552 -154.778 24.4 1.1 0.8 2.4
2011.3342 -163.105 -155.888 23.5 1.1 0.8 2.3
2011.3370 -163.427 -156.776 21.3 1.1 0.8 2.3
2011.3397 -166.051 -156.443 14.9 1.1 0.8 2.4
2011.3425 -160.963 -159.219 22.6 1.1 0.8 2.4
2011.3452 -170.872 -158.22 25.9 1.2 0.8 2.4
2011.3479 -161.927 -155.999 26.6 1.1 0.8 2.4
2011.3507 -163.534 -155.888 24.8 1.1 0.8 2.4
2011.3534 -164.819 -156.998 22.6 1.1 0.8 2.4
2011.3562 -163.319 -157.442 22.2 1.1 0.8 2.4
2011.3589 -165.783 -155.888 25.8 1.1 0.8 2.4
2011.3616 -164.498 -154.556 24.8 1.1 0.8 2.4
2011.3644 -164.444 -155.888 23.7 1.1 0.8 2.3
2011.3671 -164.337 -153.889 18.6 1.1 0.8 2.4
2011.3699 -163.373 -158.775 29.1 1.1 0.8 2.4
2011.3726 -163.48 -159.552 23.1 1.1 0.8 2.4
2011.3753 -165.676 -159.552 21.4 1.1 0.8 2.4
2011.3781 -164.123 -156.554 28.9 1.1 0.8 2.4
2011.3808 -165.783 -156.887 25.8 1.1 0.8 2.4
2011.3836 -169.747 -157.554 45.1 1.2 0.8 2.4
2011.3863 -165.087 -157.776 26.2 1.1 0.8 2.4
2011.3890 -164.819 -156.665 25.6 1.1 0.8 2.4
2011.3918 -151.749 -160.884 23.9 1.2 0.8 2.4
2011.3945 -168.14 -157.887 23.6 1.1 0.8 2.4
2011.3973 -161.07 -157.887 26.1 1.2 0.8 2.4
2011.4000 -164.819 -158.664 20.7 1.2 0.8 2.4
2011.4027 -162.677 -157.776 22.9 1.1 0.8 2.4
2011.4055 -160.373 -157.776 24.5 1.3 1.0 2.6
2011.4082 -163.587 -156.554 23.3 1.1 0.8 2.4
2011.4110 -164.819 -156.665 19.8 1.1 0.8 2.4
2011.4137 -165.998 -155.444 15.5 1.1 0.8 2.4
2011.4164 -163.748 -157.331 16 1.1 0.8 2.4
2011.4192 -164.926 -158.664 18.9 1.2 0.8 2.4
2011.4219 -165.998 -153.667 27.5 1.1 0.8 2.4
2011.4247 -165.569 -156.887 23.7 1.1 0.8 2.4
2011.4274 -165.944 -156.221 17.6 1.1 0.8 2.4
2011.4301 -175.907 -159.774 16 1.2 0.8 2.4
2011.4329 -164.444 -155.555 16.2 1.1 0.8 2.4
2011.4356 -167.069 -158.553 28.2 1.1 0.8 2.4
2011.4384 -167.337 -158.775 20.5 1.1 0.8 2.4
2011.4411 -166.051 -155.333 21.7 1.1 0.8 2.4
2011.4438 -167.069 -155.444 22.4 1.1 0.8 2.4
2011.4466 -168.783 -156.554 22.8 1.1 0.8 2.4
2011.4493 -165.248 -157.998 25.8 1.3 0.9 2.8
2011.4521 -164.23 -155.222 27.5 2.5 2.3 4.8
2011.4548 -166.373 -156.776 18.6 1.1 0.8 2.4
2011.4575 -168.087 -155.999 22 1.1 0.8 2.4
2011.4603 -165.783 -158.109 21.6 1.1 0.8 2.4
2011.4630 -166.158 -160.218 20.1 1.1 0.8 2.4
2011.4658 -165.623 -156.332 19.5 1.1 0.8 2.4
2011.4685 -162.998 -159.219 18.6 1.1 0.8 2.4
2011.4712 -165.623 -155.999 19.6 1.1 0.8 2.4
2011.4740 -168.837 -156.443 17.4 1.1 0.8 2.4
2011.4767 -165.034 -156.554 22.7 1.1 0.8 2.4
2011.4795 -165.248 -157.442 27.3 1.1 0.8 2.5
2011.4822 -165.301 -155.888 20.2 1.1 0.8 2.4
2011.4849 -166.908 -155.999 26.6 1.3 0.9 2.8
2011.4877 -165.891 -160.662 16.3 3.4 3.5 8.7
2011.4932 -167.39 -157.109 21.5 1.1 0.8 2.4
2011.4959 -168.783 -158.22 24.3 1.2 0.8 2.5
2011.4986 -167.498 -159.774 24.1 1.1 0.8 2.4
2011.5014 -167.926 -157.442 19.9 1.1 0.8 2.4
2011.5041 -168.944 -158.997 13.9 1.1 0.8 2.4
2011.5068 -157.802 -150.448 16.8 2.7 2.1 5.8
2011.5096 -164.069 -158.775 33.3 3.2 3.2 7.8
2011.5123 -154.91 -153.889 15.9 3.2 2.5 5.6
2011.5151 -162.355 -154.556 20.9 1.1 0.8 2.4
2011.5178 -166.266 -164.882 17.6 1.1 0.8 2.4
2011.5205 -165.944 -157.22 17.9 1.1 0.8 2.4
2011.5233 -165.141 -157.887 21 1.3 1.0 2.8
2011.5260 -168.247 -157.665 20.8 3.4 3.4 7.7
2011.5288 -173.711 -157.554 24.4 2.9 2.1 5.0
2011.5315 -168.676 -155.888 20.2 1.1 0.8 2.3
2011.5342 -180.942 -160.218 36.2 1.2 0.8 2.4
2011.5370 -168.515 -160.218 21.8 1.1 0.8 2.4
2011.5397 -168.944 -158.886 21.1 1.1 0.8 2.3
2011.5425 -168.408 -158.886 20.1 1.1 0.8 2.4
2011.5452 -168.301 -159.219 23.1 1.1 0.8 2.4
2011.5479 -167.926 -157.331 23.8 1.1 0.8 2.4
2011.5507 -169.265 -159.219 26 1.1 0.8 2.4
2011.5534 -174.3 -159.441 17.1 1.2 0.8 2.4
2011.5562 -170.926 -167.435 19.3 1.1 0.8 2.4
2011.5589 -169.587 -159.108 28.2 1.1 0.8 2.4
2011.5616 -166.105 -159.996 29.1 1.1 0.8 2.4
2011.5644 -169.104 -159.552 21.3 1.1 0.8 2.4
2011.5671 -174.622 -156.665 23 1.1 0.8 2.4
2011.5699 -168.14 -157.665 26.8 1.1 0.8 2.4
2011.6110 -173.657 -157.331 12.7 1.7 1.3 3.5
2011.6137 -171.408 -156.887 16.5 1.2 0.8 2.5
2011.6164 -168.515 -158.22 14.2 1.1 0.8 2.4
2011.6192 -174.14 -159.219 24 1.1 0.8 2.4
2011.6219 -168.783 -160.773 24.7 1.3 0.9 2.5
2011.6247 -171.622 -160.218 22.1 1.2 0.8 2.4
2011.6274 -168.033 -159.552 27.2 1.1 0.8 2.4
2011.6301 -168.676 -156.887 27.4 1.2 0.8 2.4
2011.6329 -174.568 -159.441 29.5 1.2 0.8 2.4
2011.6356 -176.282 -160.44 38.6 1.1 0.8 2.4
2011.6384 -170.444 -162.106 29.3 1.1 0.8 2.4
2011.6411 -168.73 -158.997 27.1 1.1 0.8 2.4
2011.6438 -170.497 -158.997 28.8 1.1 0.8 2.5
2011.6466 -170.604 -159.108 30.8 1.1 0.8 2.4
2011.6493 -175.264 -158.997 32.6 1.1 0.8 2.4
2011.6521 -170.872 -159.663 21.9 1.2 0.8 2.5
2011.6548 -168.89 -159.108 28.8 1.1 0.8 2.4
2011.6575 -173.068 -160.218 16.2 1.1 0.8 2.4
2011.6603 -170.176 -159.108 18.2 1.2 0.8 2.4
2011.6630 -169.372 -159.552 28.1 1.2 0.8 2.5
2011.6658 -172.908 -159.663 19.8 1.2 0.8 2.5
2011.6685 -169.747 -159.219 22.9 1.2 0.9 2.6
2011.6849 -171.033 -159.552 32.8 1.2 0.8 2.5
2011.6877 -171.408 -158.331 48 1.1 0.8 2.4
2011.6904 -170.551 -158.886 32.1 1.2 0.8 2.4
2011.6932 -169.801 -159.108 29.8 1.3 0.9 2.5
2011.6959 -171.408 -159.108 26.7 1.2 0.8 2.4
2011.6986 -168.944 -157.331 27.4 1.2 0.8 2.4
2011.7014 -170.176 -160.44 47.4 2.4 1.4 4.3
2011.7041 -171.301 -159.885 36.5 1.2 0.9 2.6
2011.7096 -175.425 -163.549 40.9 1.5 1.1 3.0
2011.7945 -148.268 -172.543 59.2 4.2 3.6 7.7
2011.7973 -158.445 -165.104 51.2 4.2 3.6 8.1
2011.8000 -172.8 -158.22 31.8 1.7 1.2 3.4
2011.8027 -172.372 -159.219 30.4 1.1 0.8 2.4
2011.8055 -171.943 -161.44 36.9 1.1 0.8 2.4
2011.8082 -174.675 -159.108 28.6 1.1 0.8 2.4
2011.8110 -173.872 -160.107 28.8 1.1 0.8 2.4
2011.8137 -172.8 -157.776 35.6 1.1 0.8 2.4
2011.8164 -164.605 -165.77 45.9 1.2 0.9 2.5
2011.8192 -174.3 -160.995 33.9 1.1 0.8 2.4
2011.8219 -175.747 -160.773 26 1.1 0.8 2.4
2011.8247 -174.14 -159.885 33.6 1.1 0.8 2.4
2011.8274 -174.836 -160.773 33.7 1.1 0.8 2.4
2011.8301 -172.479 -160.995 27.9 1.1 0.8 2.4
2011.8329 -172.854 -161.107 30.4 1.1 0.8 2.4
2011.8356 -175.693 -161.773 30.2 1.3 0.9 2.6
2011.8384 -174.032 -160.107 29.3 1.1 0.8 2.4
2011.8411 -173.068 -161.329 37.3 1.1 0.8 2.4
2011.8438 -167.765 -159.33 33.5 1.1 0.8 2.4
2011.8466 -174.032 -160.995 27 1.1 0.8 2.4
2011.8493 -177.032 -163.993 30.5 1.1 0.8 2.4
2011.8521 -179.496 -165.992 16.1 1.1 0.8 2.4
2011.8548 -171.943 -164.882 4.9 1.2 0.9 2.6
2011.8575 -176.068 -165.881 12.4 1.6 1.2 3.3
2011.8603 -172.372 -164.437 12.8 1.1 0.9 2.4
2011.8630 -170.711 -164.882 15.9 1.1 0.8 2.4
2011.8658 -172.854 -165.992 20.4 1.1 0.8 2.4
2011.8685 -174.193 -166.769 25.5 1.1 0.8 2.4
2011.8712 -165.355 -171.543 26.8 1.1 0.8 2.4
2011.8740 -171.301 -167.99 20.4 1.1 0.8 2.4
2011.8767 -173.443 -167.324 16.4 1.1 0.8 2.4
2011.8795 -170.39 -162.772 18.8 1.3 1.0 2.9
2011.9123 -171.247 -185.644 37.4 3.3 3.5 9.9
2011.9233 -172.64 -169.212 39.6 1.6 1.2 3.2
2011.9452 -168.408 -166.547 43.5 4.0 3.5 8.4
2011.9479 -179.175 -167.879 38.5 3.9 3.2 7.0
2011.9507 -179.282 -161.107 29.6 8.9 4.5 11.8
2011.9534 -175.05 -165.104 33 1.2 0.9 2.5
2011.9562 -174.032 -164.215 39.3 1.1 0.9 2.6
2012.1151 -185.977 -174.43 48.7 1.3 0.9 2.8
2012.1178 -182.656 -172.543 43.4 1.1 0.8 2.4
2012.1205 -185.388 -170.211 45.9 1.1 0.8 2.4
2012.1233 -178.157 -175.541 26 1.1 0.8 2.4
2012.1260 -179.817 -172.876 35.9 1.6 1.2 3.4
