2008.6329 0 0 0 1.3 1.0 2.7
2008.6356 0.0543093 1.99861 -2.4 1.1 0.9 2.4
2008.6384 -1.6293 3.33101 -7.6 1.3 1.0 2.8
2009.6685 -15.0981 -9.65994 4.6 1.2 0.9 2.7
2009.6712 -14.3378 -7.99443 17.7 1.3 1.0 3.0
2010.5973 -30.5221 -14.3234 23.8 1.2 1.0 2.8
2010.6000 -29.5446 -16.2109 23.7 1.1 0.9 2.6
2010.6027 -29.7075 -15.8778 25.5 1.1 0.9 2.6
2011.5671 -31.3911 -27.7585 30.6 1.1 0.8 2.4
2011.5699 -32.3687 -29.535 27 1.1 0.8 2.4
2011.5726 -31.7713 -27.6474 32.5 1.1 0.8 2.4
2011.5753 -32.9118 -29.424 34 1.1 0.8 2.4
2011.5781 -32.8575 -30.5343 33.3 1.1 0.8 2.4
2011.5808 -34.8669 -29.2019 35.7 1.3 0.9 2.9
2012.5260 -35.4643 -34.7536 36.9 1.1 0.8 2.5
2012.5288 -36.3876 -36.086 37.8 1.1 0.8 2.4
2012.5315 -40.841 -35.0867 32 1.3 1.0 2.8
