2004.5644 0 0 0 1.5 1.0 3.3
2004.5671 3.27566 -2.99786 -16.7 2.8 2.1 5.9
2004.5699 -0.698092 1.11032 0 1.4 1.0 3.3
2004.5726 3.38306 -2.22064 -11.7 2.7 2.0 5.9
2005.5096 -28.2459 14.8783 15.9 1.6 1.0 3.5
2005.5123 -31.1993 15.5445 12.7 1.6 1.0 3.5
2005.5151 -28.0848 14.9893 6.5 1.8 1.2 4.1
2006.5041 -51.3903 23.9829 17.3 2.8 2.5 7.7
2006.5068 -50.9607 32.7544 15.8 1.5 0.9 3.4
2006.5096 -52.4106 31.533 14.3 1.5 1.0 3.5
2006.5123 -50.6922 34.3088 20.6 1.4 0.9 3.4
2006.5151 -54.9345 34.3088 13.5 1.4 0.9 3.3
2006.5178 -53.055 33.5316 4.4 1.4 0.9 3.3
2007.5315 -74.9106 45.7451 44.3 1.4 0.9 3.2
2007.5342 -75.6624 45.9672 50.1 1.5 1.0 3.2
2007.5370 -77.9715 46.5223 46.9 1.4 0.9 3.1
2007.5397 -77.2197 46.8554 48.7 1.3 0.9 3.1
2007.5425 -81.1935 46.0782 55.6 1.7 1.0 3.6
2008.6740 -107.614 63.9543 40.9 1.3 1.0 3.2
2008.6767 -110.782 60.5123 38.4 1.3 1.0 3.2
2008.6795 -104.66 64.9536 35.9 1.6 1.1 3.7
2008.6822 -107.184 62.2888 36.1 1.3 1.0 3.2
2008.6849 -108.043 65.0646 39.7 1.3 1.0 3.2
2008.6877 -106.325 65.3977 38.2 1.4 1.0 3.4
