2005.9863 0 0 0 3.9 2.8 8.8
2005.9890 18.3434 -11.1042 -44.9 3.7 2.5 7.9
2005.9918 6.73723 14.3244 16.9 3.5 2.4 7.4
2005.9945 -10.7003 27.3162 56.7 3.9 2.6 7.4
2005.9973 3.56677 32.6462 23.4 4.1 2.6 8.0
2006.0000 -5.03877 -1.3325 29.7 4.0 2.7 8.3
2006.0027 -15.7391 -3.88645 24.3 3.9 2.7 7.9
2006.0055 1.01908 6.77353 10.9 3.9 2.6 7.8
2006.0082 -9.56799 -0.888332 29.4 3.7 2.7 7.2
2006.0110 -1.35877 -7.77291 8.7 3.5 2.6 7.2
2006.0137 -5.49169 -6.21832 50.6 3.8 2.6 7.5
2006.0164 -6.73723 8.77228 11.2 4.1 3.0 9.0
2006.0192 -12.1723 0.888332 39.6 4.2 3.0 9.2
2006.0219 -11.6628 -3.99749 27.9 4.0 2.8 8.0
2006.0247 -7.47323 -8.77228 41.7 3.9 3.0 8.8
2006.0274 -26.496 -10.2158 61.2 3.9 3.1 8.7
2006.0301 -21.9101 -11.5483 49.6 4.1 2.8 8.1
2006.0329 -10.5871 -4.10854 36.7 4.1 2.7 7.8
2006.0356 -30.3458 -3.99749 49.6 3.6 2.5 7.1
2006.0384 -22.0234 9.32749 30.5 3.9 2.6 7.1
2006.0411 -12.1723 4.21958 24 4.1 2.6 6.9
2006.0438 -21.4572 -8.43915 34 4.2 2.6 7.1
2006.0466 -8.60553 10.9931 14.7 4.2 3.5 7.7
2006.0493 -16.5317 1.55458 32.9 3.7 2.7 7.0
2006.0521 -8.43569 0.444166 26.9 4.1 2.5 7.2
2006.0548 -6.79384 10.2158 7.8 3.9 2.8 7.2
2006.0575 -18.0603 6.77353 31.5 4.0 2.5 6.5
2006.0603 24.0615 7.99499 46.6 4.3 2.5 6.7
2006.0630 45.915 7.10666 71.9 3.9 2.7 6.6
2006.0658 49.312 -2.44291 74 4.3 2.9 7.4
2006.0685 31.1951 4.10854 109.1 4.0 2.7 7.4
2006.0712 55.6529 0.222083 74.4 3.4 2.4 6.2
2006.0740 44.4997 3.10916 102.8 3.6 2.5 6.6
2006.0767 42.5747 -3.2202 39.8 4.0 2.7 7.3
2006.0795 29.1569 -32.3131 39.4 3.6 2.4 6.9
2006.0822 29.4966 -39.8639 47.5 3.7 2.5 6.6
2006.0849 24.2314 -49.4135 40 3.4 2.4 6.0
2006.0877 29.5532 -65.2924 72.8 3.1 2.2 5.4
2006.0904 30.2892 -46.4154 15.6 3.8 2.4 7.1
2006.0932 28.0812 -42.6399 16.7 3.8 2.5 7.0
2006.0959 19.7021 -50.6349 14.8 3.8 2.4 6.9
2006.0986 -54.747 -79.8388 -21.1 3.7 2.4 7.1
2006.1014 -57.9175 -81.6155 18.2 3.4 2.5 6.7
2006.1041 -40.0271 -94.4963 11 3.5 2.4 6.7
2006.1068 -47.4437 -88.0559 11.2 3.4 2.4 6.7
2006.1096 -53.2184 -83.1701 -20.6 4.0 2.5 7.6
2006.1123 -14.6068 -88.7222 -37.4 4.5 2.4 8.3
2006.1151 -28.1378 -99.7153 7 3.5 2.2 6.9
2006.1178 -45.4055 -94.8294 13.2 3.3 2.1 6.0
2006.1205 -56.955 -89.7215 31.6 3.3 2.2 6.7
2006.1233 -53.6147 -91.1651 32.9 3.4 2.1 6.5
2006.1260 -48.6326 -98.1607 27.8 3.2 2.2 6.0
2006.1288 -47.2738 -90.7209 18.4 3.4 2.2 6.3
2006.1315 -42.5181 -96.6061 37.7 3.1 2.2 5.9
2006.1342 -46.9907 -83.059 14 3.4 2.3 6.2
2006.1370 -57.691 -102.491 41 3.7 2.5 7.1
2006.1397 -43.9901 -100.715 13.5 4.2 2.5 7.8
2006.1425 -58.4837 -106.156 46 3.8 2.4 8.0
2006.1452 -54.5206 -101.381 34.1 3.7 2.3 7.3
2006.1479 -64.9378 -96.1619 28.8 3.5 2.3 6.7
2006.1507 -32.8935 -93.1638 -22.9 3.8 2.3 7.7
2006.1534 -51.2935 -105.934 50.3 3.8 2.4 8.1
2006.1562 -63.0129 -94.4963 47.4 3.6 2.3 7.5
2006.1589 -51.9163 -99.049 36.2 3.7 2.2 7.3
2006.1616 -40.7631 -99.2711 9.6 3.5 2.4 7.2
2006.1644 -51.1803 -94.4963 43.3 4.0 2.6 8.6
