1999.5808 0 0 0 2.9 1.8 4.6
2000.4740 276.276 -200.33 998.4 342.4 208.1 796.3
2000.4767 -8.39851 -10.4385 -0.3 2.2 1.4 4.0
2000.4795 -9.50664 -11.1047 11.8 2.4 1.5 4.3
2000.4822 -12.3645 -10.8826 5.8 2.5 1.4 4.1
2000.4849 -4.66584 -10.9937 7.8 2.8 1.6 4.8
2003.4082 -58.4979 -41.3096 63.5 3.2 2.2 6.2
2003.4110 -44.5587 -43.1974 68.2 2.7 1.8 4.8
2003.4137 -46.3084 -42.4201 74.3 3.2 2.0 5.3
2007.5753 -113.555 -97.0555 149.9 1.9 1.2 3.3
2007.5781 -116.121 -94.8345 154.5 1.9 1.2 3.2
2007.5808 -110.347 -92.1694 141.5 1.9 1.3 3.3
