2021.9644 0 0 0 1.3 1.0 2.9
2021.9671 -1.90812 1.22144 -0.6 1.3 1.0 2.9
2021.9699 9.31611 -1.6656 -0.4 1.3 1.0 3.0
2021.9726 -1.96424 2.88704 -13 1.3 0.9 2.9
2021.9753 0.224485 2.55392 -0.5 1.3 0.9 2.9
2021.9781 0.561212 4.66367 6.3 1.2 1.0 2.9
2021.9808 1.45915 2.10976 -4.9 1.3 0.9 2.9
2021.9836 1.90812 -0.777278 1.6 1.2 0.9 2.9
2021.9863 3.42339 2.776 7.6 1.2 0.9 2.9
2021.9890 1.0663 0.33312 -5.5 1.2 0.9 2.9
2021.9918 0.392849 3.99743 -11 1.2 0.9 2.8
2021.9945 -0.336727 3.66431 -1.9 1.2 0.9 2.8
2021.9973 1.23467 3.77535 -4.4 1.2 0.9 2.8
2022.0000 2.46933 0.999359 2.4 1.2 0.9 2.8
2022.0027 3.14279 4.44159 8 1.2 0.9 2.8
2022.0055 4.09684 2.33184 -4.7 1.2 0.9 2.8
2022.0082 4.65806 3.22016 -10.2 1.2 0.9 2.8
2022.0110 0.112243 3.22016 -8.2 1.3 0.9 2.9
2022.0137 2.6377 4.33055 -6 1.2 0.9 2.8
2022.0164 2.97442 2.99808 -4.8 1.2 0.9 2.8
2022.0192 0.336727 1.6656 -2.4 1.2 0.9 2.8
2022.0219 1.34691 3.10912 -4.4 1.2 0.9 2.8
2022.0247 2.97442 1.77664 -1.2 1.3 1.0 3.1
2022.0274 2.74994 -0.888319 -2.3 1.2 0.9 2.8
2022.0301 0.561212 0.888319 -5.6 1.2 0.9 2.8
2022.0329 -1.45915 8.10591 13.2 1.2 0.9 2.8
2022.0356 2.1326 -0.888319 2.8 1.2 0.9 2.8
2022.0384 1.0663 1.22144 0.6 1.2 0.9 2.8
2022.0411 2.52545 1.33248 -2.8 1.2 0.9 2.8
2022.0438 2.9183 1.55456 -3.9 1.2 0.9 2.8
2022.0466 0.841818 -0.111039 -7.4 1.2 0.9 2.8
2022.0493 -0.168363 1.1104 -2.2 1.2 0.9 2.8
2022.0521 -1.0663 0 6.8 1.2 0.9 2.8
2022.0548 -0.0561206 1.1104 5.4 1.2 0.9 2.8
2022.0575 -2.18872 0.999359 9.5 1.2 0.9 2.8
2022.0603 2.69382 1.22144 -2.4 1.2 0.9 2.8
2022.0630 0.0561222 -0.333119 0.5 1.2 0.9 2.8
2022.0658 0.729575 0.11104 14.7 1.2 0.9 2.8
2022.0685 0.392849 0.999359 -1.3 1.2 0.9 2.8
2022.0712 -2.74994 4.99679 -9.7 1.2 0.9 2.8
2022.0740 -0.112243 -0.666239 -6.2 1.2 0.9 2.8
2022.0767 1.45915 -0.666239 -2.6 1.2 0.9 2.8
2022.0795 -0.224484 -2.2208 -3 1.2 0.9 2.8
2022.0822 0.224485 -1.22144 -1.7 1.2 0.9 2.7
2022.0849 -0.954059 2.99808 -5.5 1.2 0.9 2.8
2022.0877 -2.24485 2.99808 6.2 1.2 0.9 2.8
2022.0904 2.52545 -0.777278 23.9 1.2 0.9 2.8
2022.0932 -9.37223 -2.776 14.5 1.2 0.9 2.9
2022.0959 -4.26521 -2.66496 10.3 1.2 0.9 2.7
2022.0986 0.0561222 -4.44159 0.7 1.2 0.9 2.8
2022.1014 0.841818 -3.44223 -4.6 1.2 0.9 2.8
2022.1041 3.14279 -0.888319 -3.3 1.2 0.9 2.8
2022.1068 0.0561222 -0.444159 -5.6 1.2 0.9 2.8
2022.1096 -0.617333 -1.77664 -1.9 1.2 0.9 2.8
2022.1123 2.02036 2.33184 -3.6 1.2 0.9 2.8
2022.1151 1.23467 0.444159 -4.5 1.2 0.9 2.8
2022.1178 1.23467 2.10976 2 1.2 0.9 2.8
2022.1205 -4.99478 -0.333119 17.6 1.2 0.9 2.8
2022.1233 -0.392847 -0.888319 -5.3 1.2 0.9 2.8
2022.1260 2.02036 1.6656 -2.2 1.2 0.9 2.8
2022.1288 -1.51527 3.66431 -5.1 1.2 0.9 2.8
2022.1315 -2.86218 0.999359 -6.7 1.2 0.9 2.8
2022.1342 2.02036 1.77664 -5.6 1.2 0.9 2.8
2022.1370 1.62751 1.33248 -0.5 1.2 0.9 2.8
2022.1397 2.97442 4.55263 -1.4 1.2 0.9 2.8
2022.1425 -1.852 2.99808 -4.5 1.3 0.9 2.8
2022.1452 -2.58157 4.66367 0.6 1.3 0.9 2.8
2022.1479 3.19891 4.10847 -2.7 1.2 0.9 2.8
2022.1507 1.852 2.10976 6.6 1.4 0.9 3.0
2022.1534 3.47951 4.10847 -8.1 1.4 0.9 3.0
2022.1562 5.05091 -0.555199 -5.8 1.3 0.9 2.8
2022.1589 3.19891 1.22144 -7.7 1.3 0.9 2.8
2022.1616 0.617333 2.33184 -6 1.3 0.9 2.8
2022.1644 4.20909 1.77664 -3.9 1.3 0.9 2.8
2022.1671 1.45915 0 -0.8 1.3 0.9 2.8
2022.1699 2.86218 -1.88768 1.5 1.3 0.9 2.8
2022.1726 8.24981 2.99808 0.4 1.3 0.9 2.8
2022.1753 -2.86218 3.55327 1.6 1.3 0.9 2.8
2022.1781 3.19891 4.44159 -16.9 1.3 0.9 2.8
2022.1808 3.76012 1.88768 -12.6 1.3 0.9 2.8
2022.1836 -0.112243 1.88768 -9.2 1.3 0.9 2.8
2022.1863 3.76012 2.44288 -4.3 1.3 0.9 2.8
2022.1890 1.90812 3.3312 -12 1.3 0.9 2.9
2022.1918 -0.785696 0 4 1.3 0.9 2.8
2022.1945 3.36727 1.33248 -12.2 1.3 0.9 2.8
2022.1973 2.24485 0.999359 -8.3 1.4 0.9 2.8
2022.2000 2.24485 0.33312 -0.8 1.3 0.9 2.8
2022.2027 2.46933 -0.444159 -8.7 1.3 0.9 2.8
2022.2055 3.47951 1.55456 -13.4 1.3 0.9 2.8
2022.2082 1.0663 -0.777278 -9.6 1.3 0.9 2.9
2022.2110 3.53563 -0.999358 -7.5 1.3 0.9 2.9
2022.2137 2.35709 -0.666239 -9.2 1.3 0.9 2.8
2022.2164 1.79588 -0.22208 -8.4 1.3 0.9 2.8
2022.2192 1.68363 1.22144 -6.8 1.3 0.9 2.8
2022.2219 0.785696 1.33248 -2.7 1.3 0.9 2.8
2022.2247 -1.12242 1.1104 -0.4 1.3 0.9 2.8
2022.2274 1.40303 -2.10976 -9 1.3 0.9 2.8
2022.2301 5.66824 -3.44223 -9.3 1.3 0.9 2.9
2022.2329 2.9183 -0.444159 -10.5 1.3 0.9 2.8
2022.2356 1.68363 -1.33248 -8.8 1.3 0.9 2.8
2022.2384 -2.41321 -0.111039 -13.5 1.3 0.9 2.8
2022.2411 -1.73976 -0.999358 -12.9 1.3 0.9 2.8
2022.2438 0.336727 -0.666239 -9.3 1.3 0.9 2.8
2022.2466 -2.18872 -3.44223 -11.9 1.3 0.9 2.8
2022.2493 -3.64788 -2.55392 -7.9 1.3 0.9 2.8
2022.2521 -3.42339 -1.1104 -12.1 1.3 0.9 2.8
2022.2548 -3.08666 -2.33184 -9.6 1.3 0.9 2.8
2022.2575 -0.897939 -3.88639 -13.9 1.2 0.9 2.8
2022.2603 -0.841817 -3.99743 -13.4 1.3 0.9 2.8
2022.2630 -2.1326 -3.33119 -6.9 1.2 0.9 2.7
2022.2658 -2.18872 -3.44223 -13.6 1.3 0.9 2.8
2022.2685 -3.31115 -3.55327 -18.3 1.3 0.9 2.9
2022.2712 -4.65806 -0.777278 -12.5 1.3 0.9 2.8
2022.2740 -1.96424 -1.99872 -14.7 1.3 0.9 2.8
2022.2767 -4.88254 0.33312 -17.4 1.3 1.0 2.9
2022.2795 -4.37745 -0.999358 -14.4 1.3 0.9 2.8
2022.2822 -5.16315 -0.666239 -13.3 1.2 0.9 2.8
2022.2849 -8.13757 -1.77664 -9.2 1.3 0.9 2.9
2022.2877 -2.97442 -3.44223 -15.8 1.3 0.9 2.9
2022.2904 -8.02533 -3.22015 -13.8 1.3 0.9 2.9
2022.2932 -5.72436 -2.88704 -7.3 1.2 0.9 2.8
2022.2959 -6.39781 -4.44159 -11.1 1.2 0.9 2.8
2022.2986 -8.02533 -2.99808 -13.5 1.2 0.9 2.8
2022.3014 -5.66824 -3.66431 -14.9 1.2 0.9 2.8
2022.3041 -9.09163 -5.32991 -9.8 1.3 0.9 2.8
2022.3068 -6.00497 -4.66367 -12.4 1.3 0.9 2.8
2022.3096 -11.4487 -3.77535 -15.3 1.2 0.9 2.8
2022.3123 -7.46411 -4.55263 -7.8 1.2 0.9 2.8
2022.3151 -3.704 -5.10783 -11.8 1.2 0.9 2.8
2022.3178 -5.94884 -5.66303 -12.4 1.2 0.9 2.8
2022.3205 -8.24981 -4.10847 -12.1 1.3 1.0 2.9
2022.3233 -8.81102 -4.44159 -11 1.3 1.0 2.9
2022.3260 -8.7549 -5.55199 -5.2 1.2 0.9 2.8
2022.3288 -5.44375 -5.44095 -13.7 1.2 0.9 2.8
2022.3315 -8.24981 -5.44095 -14.6 1.2 0.9 2.8
2022.3342 -7.57636 -7.21759 -14.6 1.3 0.9 2.8
2022.3370 -7.96921 -7.32863 -15 1.3 1.0 2.9
2022.3397 -6.51006 -8.21695 -5.6 1.3 1.0 2.9
2022.3425 -6.95902 -7.21759 -12.7 1.2 0.9 2.8
2022.3452 -7.52024 -7.10655 -14.5 1.2 0.9 2.8
2022.3479 -6.22945 -6.99551 -13.7 1.2 0.9 2.7
2022.3507 -7.23963 -6.10719 -11.8 1.2 0.9 2.8
2022.3534 -8.97939 -4.21951 -5.2 1.2 0.9 2.8
2022.3562 -10.1018 -3.44223 -12.2 1.2 0.9 2.8
2022.3589 -8.64266 -3.88639 -13.2 1.2 0.9 2.8
2022.3616 -8.02533 -5.88511 -10.8 1.2 0.9 2.8
2022.3644 -8.30593 -7.99487 -12.3 1.2 0.9 2.8
2022.3671 -8.41818 -7.10655 -11.9 1.2 0.9 2.8
2022.3699 -8.24981 -7.10655 -10.6 1.2 0.9 2.8
2022.3726 -10.8314 -6.66239 -7.4 1.2 0.9 2.8
2022.3753 -6.56618 -6.66239 -7.8 1.2 0.9 2.8
2022.3781 -8.02533 -10.6598 -10.3 1.2 0.9 2.7
2022.3808 -8.19369 -8.66111 -17.4 1.2 0.9 2.7
2022.3836 -12.1222 -8.88319 -11.8 1.2 0.9 2.7
2022.3863 -12.2905 -9.21631 -12.8 1.2 0.9 2.8
2022.3890 -8.64266 -8.43903 -9 1.2 0.9 2.8
2022.3918 -10.7753 -8.77215 -4.7 1.2 0.9 2.8
2022.3945 -7.35187 -9.10527 -7 1.2 0.9 2.7
2022.3973 -8.81102 -7.88383 -18.5 1.2 0.9 2.8
2022.4000 -10.7191 -8.66111 -13.6 1.2 0.9 2.9
2022.4027 -9.20387 -10.1046 -13.9 1.2 0.9 2.9
2022.4055 -10.4385 -10.3267 -9.4 1.2 0.9 2.7
2022.4082 -10.7191 -9.32735 -7.2 1.2 0.9 2.7
2022.4110 -6.73454 -8.55007 -8.5 1.2 0.9 2.8
2022.4137 -12.7395 -10.2157 -9.6 1.2 0.9 2.8
2022.4164 -8.86714 -10.4377 -14 1.2 0.9 2.7
2022.4192 -2.52545 -9.21631 -10.9 1.2 0.9 2.9
2022.4219 -7.63248 -10.5488 -6.8 1.2 0.9 2.8
2022.4247 -3.81624 -9.88254 -7.1 1.2 0.9 2.7
2022.4274 -9.76508 -12.7696 -8.5 1.2 0.9 2.8
2022.4301 -10.4385 -13.1027 -9.1 1.2 0.9 2.7
2022.4329 -12.1222 -8.88319 -12.9 1.2 0.9 2.8
2022.4356 -1.90812 -19.7651 -2.3 1.2 0.9 2.8
2022.4384 -11.1681 -10.1046 -8.1 1.2 0.9 2.7
2022.4411 -5.78048 -12.1033 -0.7 1.2 0.9 2.8
2022.4438 -10.7191 -8.77215 -10.8 1.2 0.9 2.7
2022.4466 -8.69878 -11.5481 -10.4 1.2 0.9 2.8
2022.4493 -5.21927 -10.1046 -16.9 1.2 0.9 2.7
2022.4521 -6.28557 -9.43839 -11.8 1.2 0.9 2.7
2022.4548 -9.65284 -11.3261 -1.4 1.2 0.9 2.8
2022.4575 -11.0559 -8.55007 -2.5 1.2 0.9 2.7
2022.4603 -9.65284 -10.5488 -7 1.2 0.9 2.7
2022.4630 -7.63248 -12.2144 -8.5 1.2 0.9 2.8
2022.4658 -7.80084 -11.4371 -4.9 1.2 0.9 2.7
2022.4685 -9.48448 -10.5488 -5.6 1.2 0.9 2.7
2022.4712 -10.6069 -12.5475 -3.3 1.2 0.9 2.7
2022.4740 -10.3263 -8.88319 -6.3 1.2 0.9 2.7
2022.4767 -10.3263 -9.88254 -8.5 1.2 0.9 2.7
2022.4795 -7.85696 -9.66046 -10.2 1.3 0.9 2.9
2022.4822 -10.7753 -8.43903 -8.3 1.2 0.9 2.7
2022.4849 -11.5048 -10.1046 -0.3 1.2 0.9 2.7
2022.4877 -9.48448 -11.9923 -2.1 1.2 0.9 2.8
2022.4904 -10.5508 -12.3254 3.2 1.2 0.9 2.8
2022.4932 -7.96921 -7.55071 -12.9 1.2 0.9 2.7
2022.4959 -10.1018 -10.6598 -0.9 1.2 0.9 2.8
2022.4986 -10.6069 -12.5475 0.6 1.2 0.9 2.7
2022.5014 -8.7549 -11.5481 0 1.2 0.9 2.8
2022.5041 -11.2242 -12.7696 -3.6 1.2 0.9 2.8
2022.5068 -9.70896 -10.4377 -7.5 1.2 0.9 3.0
2022.5096 -10.4385 -10.7709 -3.4 1.2 0.9 3.0
2022.5123 -9.70896 -12.6585 -0.2 1.2 0.9 2.9
2022.5151 -12.515 -15.4345 -6.9 1.2 0.9 2.8
2022.5178 -10.9997 -13.88 2.2 1.2 0.9 2.8
2022.5205 -10.0457 -11.4371 -8.3 1.2 0.9 2.8
2022.5233 -10.663 -11.9923 -2.9 1.2 0.9 2.8
2022.5260 -10.1579 -12.4365 -3.4 1.2 0.9 2.8
2022.5288 -10.2702 -12.1033 -2.1 1.2 0.9 2.8
2022.5315 -6.51006 -12.2144 -3.5 1.2 0.9 2.8
2022.5342 -11.0559 -12.6585 -2.9 1.2 0.9 2.9
2022.5370 -4.04072 -11.9923 -6.7 1.2 0.9 2.8
2022.5397 -7.57636 -11.3261 -12.1 1.2 0.9 2.8
2022.5425 -6.45393 -12.9917 -1.2 1.2 0.9 2.8
2022.5452 -9.8212 -13.7689 -2.1 1.2 0.9 2.8
2022.5479 -13.0762 -12.1033 -1.2 1.2 0.9 2.8
2022.5507 -7.35187 -12.5475 -14 1.2 0.9 2.8
2022.5534 -6.9029 -16.5449 -5.4 1.2 0.9 2.8
2022.5562 -9.03551 -10.7709 -6.7 1.2 0.9 2.8
2022.5589 -9.8212 -12.8806 -5.1 1.2 0.9 2.8
2022.5616 -9.65284 -14.4352 0.3 1.2 0.9 2.8
2022.5644 -11.112 -9.77151 -8.2 1.2 0.9 2.8
2022.5671 -2.41321 -10.2157 -1.2 1.2 0.9 2.8
2022.5699 -8.08145 -11.4371 -13 1.2 0.9 2.8
2022.5726 -7.12739 -11.104 -5 1.2 0.9 2.8
2022.5753 -13.1324 -11.5481 -2.2 1.2 0.9 2.8
2022.5781 -12.8517 -14.5462 -0.2 1.2 0.9 2.8
2022.5808 -11.8977 -14.7683 -1.9 1.2 0.9 2.7
2022.5836 -9.20387 -13.88 -11 1.2 0.9 2.7
2022.5863 -5.78048 -12.4365 -14 1.3 1.0 2.9
2022.5890 -11.2804 -14.8793 -8.2 1.2 0.9 2.8
2022.5918 -8.53042 -16.8781 -2 1.2 0.9 2.9
2022.5945 -8.7549 -14.4352 -6.6 1.2 0.9 2.8
2022.5973 -13.8619 -14.2131 -7.4 1.2 0.9 2.7
2022.6000 -11.6171 -10.9929 -7.4 1.2 0.9 2.8
2022.6027 -9.14775 -13.4358 -5.6 1.2 0.9 2.8
2022.6055 -14.816 -16.9891 -5 1.2 0.9 2.8
2022.6082 -11.5048 -11.8813 -0.6 1.2 0.9 2.8
2022.6110 -10.3263 -13.5469 -1.2 1.3 0.9 2.8
2022.6137 -17.2853 -10.8819 10.5 1.3 0.9 2.8
2022.6164 -8.64266 -11.7702 -10.2 1.2 0.9 2.8
2022.6192 -10.663 -13.6579 -2.8 1.2 0.9 2.8
2022.6219 -10.6069 -12.7696 -3.4 1.2 0.9 2.8
2022.6247 -13.8058 -16.2118 -0.6 1.2 0.9 2.8
2022.6274 -14.2548 -15.4345 -0.4 1.2 0.9 2.8
2022.6301 -11.3365 -12.9917 -10 1.2 0.9 2.8
2022.6329 -10.1018 -13.6579 -2 1.3 0.9 2.8
2022.6356 -13.2446 -13.991 -6.2 1.2 0.9 2.8
2022.6384 -10.7191 -9.99358 -23.9 1.2 0.9 2.8
2022.6411 -11.561 -13.7689 6.6 1.2 0.9 2.8
2022.6438 -6.6223 -11.6592 0.8 1.4 1.0 3.1
2022.6466 -3.31115 -13.6579 -1.1 1.4 1.0 3.1
2022.6493 -14.1987 -16.2118 -1.4 1.3 1.0 2.9
2022.6521 -14.5915 -13.5469 2 1.3 1.0 2.9
2022.6548 -14.367 -14.6573 1.3 1.3 1.0 2.9
2022.6575 -15.3772 -15.7677 6.4 1.3 0.9 2.9
2022.6603 -12.7395 -15.4345 -4.8 1.3 1.0 2.9
2022.6630 -9.42836 -10.9929 -0.6 1.2 0.9 2.8
2022.6658 -9.20387 -14.2131 -2.6 1.2 0.9 2.8
2022.6685 -9.25999 -11.9923 -2.7 1.2 0.9 2.8
2022.6712 -13.1885 -12.4365 1 1.2 0.9 2.8
2022.6740 -11.3365 -15.5456 8.2 1.2 0.9 2.8
2022.6767 -15.3772 -13.7689 -1.4 1.4 0.9 2.9
2022.6795 -13.3568 -15.1014 -9.4 1.2 0.9 2.8
2022.6822 -12.4589 -16.2118 -0.6 1.2 0.9 2.7
2022.6849 -10.4947 -16.8781 -4.2 1.3 0.9 2.7
2022.6877 -12.1783 -15.7677 1.6 1.3 0.9 2.8
2022.6904 -10.4385 -14.4352 1.8 1.2 0.9 2.7
2022.6932 -12.4028 -16.8781 -5 1.2 0.9 2.7
2022.6959 -9.70896 -16.4339 -9.1 1.2 0.9 2.7
2022.6986 -10.1018 -16.656 -5.2 1.2 0.9 2.7
2022.7014 -11.4487 -15.9897 -3.1 1.2 0.9 2.7
2022.7041 -10.7191 -15.6566 1.6 1.3 0.9 2.8
2022.7068 -11.8977 -16.3229 -5.4 1.3 0.9 2.9
2022.7096 -8.69878 -15.9897 7.6 1.2 0.9 2.7
2022.7123 -13.7497 -16.4339 1.3 1.2 0.9 2.7
2022.7151 -12.1783 -15.7677 0.3 1.2 0.9 2.7
2022.7178 -11.561 -17.5443 1.6 1.2 0.9 2.8
2022.7205 -9.76508 -15.2125 -4.2 1.2 0.9 2.8
2022.7233 -11.2242 -16.8781 -2.5 1.2 0.9 2.7
2022.7260 -13.8058 -15.7677 -0.3 1.3 0.9 2.7
2022.7288 -12.1783 -17.4333 4.2 1.3 0.9 2.7
2022.7315 -10.4947 -15.4345 -2.2 1.2 0.9 2.7
2022.7342 -12.4589 -17.6553 -4 1.2 0.9 2.7
2022.7370 -10.4947 -16.656 -4.4 1.2 0.9 2.7
2022.7397 -11.1681 -18.0995 -3.9 1.2 0.9 2.7
2022.7425 -12.9079 -17.3222 -1.8 1.2 0.9 2.8
2022.7452 -16.668 -16.1008 -5 1.3 1.0 2.8
2022.7479 -9.98957 -15.3235 -5.8 1.3 0.9 2.7
2022.7507 -11.561 -14.9904 -5.2 1.2 0.9 2.7
2022.7534 -13.9742 -17.4333 -10 1.2 0.9 2.7
2022.7562 -13.3568 -16.767 1.4 1.2 0.9 2.7
2022.7589 -18.52 -17.1001 -3.9 1.3 0.9 2.7
2022.7616 -11.8977 -17.5443 -1.9 1.2 0.9 2.7
2022.7644 -10.9436 -17.7664 -4.5 1.3 0.9 2.9
2022.7671 -13.0762 -17.9885 2.1 1.3 0.9 2.8
2022.7699 -19.8669 -17.3222 -6.5 1.2 0.9 2.7
2022.7726 -15.9384 -15.3235 -1.4 1.2 0.9 2.7
2022.7753 -16.1068 -15.7677 -0.6 1.2 0.9 2.7
2022.7781 -14.3109 -14.3241 -7.2 1.3 0.9 2.8
2022.7808 -12.6834 -15.4345 -3.2 1.4 0.9 2.9
2022.7836 -10.9997 -16.656 -1.4 1.4 0.9 2.9
2022.7863 -17.1731 -20.7644 -1.7 1.3 0.9 2.8
2022.7890 -16.668 -18.8768 6.3 1.3 0.9 2.7
2022.7918 -17.1731 -17.4333 2.2 1.3 0.9 2.8
2022.7945 -20.2036 -19.3209 -1.6 1.3 0.9 2.7
2022.7973 -14.8721 -19.7651 -2.8 1.3 1.0 3.0
2022.8000 -11.9538 -18.9878 8.2 1.4 0.9 3.1
2022.8027 -13.8619 -17.5443 -1.3 1.3 0.9 2.8
2022.8055 -21.0454 -18.6547 -9.2 1.3 1.0 2.8
2022.8082 -19.0251 -16.4339 -6.9 1.3 0.9 2.8
2022.8110 -16.8363 -18.8768 0.8 1.3 0.9 2.7
2022.8137 -16.9486 -18.2105 0.1 1.3 0.9 2.7
2022.8164 -13.6374 -21.3196 0.5 1.3 0.9 2.7
2022.8192 -18.1271 -21.2086 2.5 1.4 1.0 2.9
2022.8219 -23.627 -19.3209 -1 1.4 1.0 2.8
2022.8247 -12.2344 -18.6547 -5 1.3 0.9 2.8
2022.8274 -18.8567 -21.0976 3.3 1.3 0.9 2.8
2022.8301 -17.5659 -17.9885 1.3 1.3 0.9 2.8
2022.8329 -18.3516 -19.0989 -1.8 1.3 0.9 2.8
2022.8356 -15.9384 -18.6547 -0.8 1.3 0.9 2.8
2022.8384 -17.1731 -20.0982 2.7 1.3 0.9 2.9
2022.8411 -16.1068 -19.0989 4.8 1.4 0.9 2.9
2022.8438 -19.0812 -18.5437 -10.5 1.3 0.9 2.8
2022.8466 -16.9486 -16.767 -3.2 1.3 0.9 2.8
2022.8493 -16.219 -16.3229 -5.6 1.3 0.9 2.8
2022.8521 -13.5252 -18.9878 -1.3 1.3 1.0 2.9
2022.8548 -18.1833 -20.4313 -3.8 1.3 0.9 2.8
2022.8575 -18.3516 -21.9859 -6.7 1.3 0.9 2.8
2022.8603 -12.3467 -19.654 -2.5 1.3 0.9 2.9
2022.8630 -16.1068 -21.0976 -1.9 1.3 0.9 2.8
2022.8658 -9.98957 -20.6534 1.2 1.3 0.9 2.7
2022.8685 -10.663 -19.654 -3.5 1.3 0.9 2.8
2022.8712 -15.9945 -18.0995 -4.2 1.3 0.9 2.8
2022.8740 -15.77 -16.767 -2.6 1.3 0.9 2.8
2022.8767 -14.0303 -17.8774 -3.8 1.3 0.9 2.8
2022.8795 -11.3365 -21.2086 1.5 1.3 0.9 2.8
2022.8822 -16.4996 -19.2099 1.3 1.3 0.9 2.8
2022.8849 -16.8925 -18.6547 1.1 1.3 0.9 2.7
2022.8877 -15.5456 -19.9872 -2.8 1.3 0.9 2.8
2022.8904 -13.6374 -18.3216 -1.8 1.3 0.9 2.8
2022.8932 -13.6374 -21.2086 -3.7 1.2 0.9 2.7
2022.8959 -13.0201 -19.8761 1.5 1.2 0.9 2.7
2022.8986 -13.9742 -21.8748 4.9 1.2 0.9 2.8
2022.9014 -15.265 -18.6547 -5.2 1.3 0.9 2.8
2022.9041 -14.6476 -18.4326 -5.6 1.3 0.9 2.8
2022.9068 -16.7241 -16.4339 -9.4 1.3 0.9 2.8
2022.9096 -9.70896 -17.1001 -1.4 1.3 0.9 2.9
2022.9123 -14.8721 -19.543 1.2 1.2 0.9 2.7
2022.9151 -13.5813 -19.0989 3.6 1.2 0.9 2.8
2022.9178 -15.9945 -19.432 3.9 1.2 0.9 2.8
2022.9205 -15.3772 -20.6534 1.5 1.2 0.9 2.8
2022.9233 -14.3109 -19.543 2.5 1.2 0.9 2.7
2022.9260 -10.6069 -20.6534 -1.4 1.3 0.9 2.8
2022.9288 -10.2141 -22.43 7.1 1.2 0.9 2.7
2022.9315 -13.0762 -21.7638 5.1 1.2 0.9 2.8
2022.9342 -13.5813 -19.8761 8.6 1.3 0.9 2.8
2022.9370 -14.2548 -22.0969 -5.7 1.2 0.9 2.7
2022.9397 -16.2751 -20.3203 -2.1 1.2 0.9 2.8
2022.9425 -18.071 -20.3203 3.2 1.2 0.9 2.7
2022.9452 -15.8823 -26.0944 14.3 1.2 0.9 2.8
2022.9479 -9.48448 -18.3216 50.5 1.3 0.9 2.9
2022.9507 -12.2344 -21.9859 4.6 1.2 0.9 2.7
2022.9534 -12.7395 -20.8755 12.7 1.2 0.9 2.7
2022.9562 -16.3313 -19.654 25.5 1.3 0.9 2.8
2022.9589 -15.1527 -20.0982 16.3 1.2 0.9 2.8
2022.9616 -14.1425 -16.4339 12 1.2 0.9 2.8
2022.9644 -13.5813 -17.7664 11.5 1.2 0.9 2.7
2022.9671 -12.7956 -17.4333 16.4 1.2 0.9 2.7
2022.9699 -13.5252 -17.4333 11.5 1.2 0.9 2.7
2022.9726 -13.1324 -15.9897 13 1.2 0.9 2.8
2022.9753 -17.6782 -18.7657 12.1 1.2 0.9 2.7
2022.9781 -11.561 -12.8806 0.4 1.2 0.9 2.7
2022.9808 -13.9742 -21.3196 3.1 1.2 0.9 2.7
2022.9836 -14.0864 -22.43 4.9 1.2 0.9 2.7
2022.9863 -16.3313 -21.3196 10 1.2 0.9 2.7
2022.9890 -19.6985 -22.43 12.9 1.3 0.9 2.9
2022.9918 -16.1068 -21.8748 16.8 1.3 1.0 3.0
2022.9945 -13.9742 -23.5404 8.1 1.2 0.9 2.7
2022.9973 -15.2088 -22.9852 6.5 1.2 0.9 2.7
2023.0000 -17.0608 -22.319 6 1.2 0.9 2.7
2023.0027 -17.4537 -20.9865 6 1.2 0.9 2.7
2023.0055 -16.8925 -22.5411 5.4 1.2 0.9 2.7
2023.0082 -15.3211 -21.0976 6.3 1.2 0.9 2.7
2023.0110 -10.3263 -21.0976 1.8 1.2 0.9 2.7
2023.0137 -14.367 -19.7651 -0.4 1.2 0.9 2.7
2023.0164 -16.3313 -20.7644 4.1 1.2 0.9 2.7
2023.0192 -15.3211 -21.3196 5.7 1.2 0.9 2.7
2023.0411 -13.0762 -22.6521 1.3 1.2 0.9 2.7
2023.0438 -13.5813 -19.0989 -1.8 1.2 0.9 2.7
2023.0466 -23.4586 -21.3196 16.2 1.2 0.9 2.7
2023.0493 -26.9382 -17.8774 74.5 1.2 0.9 2.7
2023.0521 -18.0149 -21.6528 16.5 1.2 0.9 2.7
2023.0548 -15.7139 -21.7638 11.7 1.2 0.9 2.7
2023.0575 -15.3772 -20.2092 14.7 1.2 0.9 2.7
2023.0603 -18.0149 -19.2099 10.6 1.3 1.0 2.8
2023.0630 -19.8108 -24.7619 47.4 1.3 0.9 2.8
2023.0658 -18.4639 -22.208 5.1 1.2 1.0 2.8
2023.0685 -14.1425 -23.5404 5.6 1.3 1.0 2.9
2023.0712 -14.1987 -20.6534 6 1.3 1.0 2.9
2023.0740 -12.7395 -21.0976 -0.6 1.3 1.0 2.8
2023.0767 -19.5302 -20.0982 2 1.2 1.0 2.8
2023.0795 -16.1068 -23.9846 -2.6 1.3 1.0 2.9
2023.0822 -15.3772 -21.9859 7.3 1.3 1.0 2.9
2023.0849 -13.413 -21.3196 0.7 1.3 1.0 2.9
2023.0877 -14.1425 -20.7644 3.6 1.3 1.0 2.8
2023.0904 -17.0608 -19.9872 2.4 1.3 1.0 2.8
2023.0932 -20.6526 -21.9859 3.6 1.3 0.9 2.8
2023.0959 -17.1731 -21.9859 2.8 1.3 0.9 2.8
2023.0986 -14.0303 -23.4294 4.3 1.3 0.9 2.8
2023.1014 -11.5048 -21.0976 4.9 1.3 1.0 2.8
2023.1041 -18.2394 -20.7644 8.2 1.3 0.9 2.8
2023.1068 -19.923 -21.3196 9 1.3 1.0 2.8
2023.1096 -20.1475 -21.8748 5.3 1.3 0.9 2.8
2023.1123 -21.6066 -22.8742 3.9 1.3 0.9 2.8
2023.1151 -17.3976 -21.8748 9.8 1.3 0.9 2.8
2023.1178 -18.5761 -21.4307 3.9 1.3 0.9 2.8
2023.1205 -19.474 -21.8748 -3.9 1.3 1.0 2.8
2023.1233 -17.2853 -23.0963 1.1 1.3 1.0 2.9
2023.1260 -18.52 -20.3203 14.7 1.4 1.0 2.9
2023.1288 -15.7139 -21.2086 11 1.4 1.0 2.9
2023.1315 -12.7956 -21.9859 5.6 1.3 1.0 2.9
2023.1342 -16.4435 -22.5411 0.9 1.3 0.9 2.8
2023.1370 -20.3159 -22.9852 0.3 1.3 0.9 2.8
2023.1397 -18.2394 -20.9865 0.1 1.3 0.9 2.8
2023.1425 -19.0251 -22.43 -1.4 1.3 0.9 2.8
2023.1452 -15.5456 -21.5417 4.8 1.3 0.9 2.8
2023.1479 -17.6782 -24.4288 8.4 1.3 0.9 2.8
2023.1507 -18.1833 -22.43 2.9 1.3 0.9 2.8
2023.1534 -19.9791 -22.5411 2 1.3 0.9 2.8
2023.1562 -17.3414 -22.6521 1.9 1.3 0.9 2.8
2023.1589 -15.265 -24.2067 2.1 1.8 1.1 3.1
2023.1616 -14.9282 -24.7619 5.6 1.3 1.0 2.8
2023.1644 -13.8058 -24.4288 7.9 1.3 0.9 2.8
2023.1671 -14.5354 -21.7638 -0.7 1.3 0.9 2.8
2023.1699 -19.474 -22.6521 2.1 1.3 0.9 2.8
2023.1726 -17.7343 -19.8761 5.1 1.3 0.9 2.7
2023.1753 -18.4639 -22.9852 6.7 1.3 0.9 2.7
2023.1781 -14.0864 -22.7632 1.3 1.3 0.9 2.8
2023.1808 -16.4435 -21.8748 0.2 1.3 0.9 2.8
2023.1836 -16.3313 -21.5417 0.4 1.3 0.9 2.7
2023.1863 -17.117 -20.5424 3.7 1.3 1.0 2.9
2023.1890 -19.8669 -18.5437 0 1.3 0.9 2.8
2023.1918 -14.8721 -20.0982 -0.8 1.3 0.9 2.8
2023.1945 -15.265 -20.7644 -4.6 1.3 0.9 2.8
2023.1973 -16.2751 -19.3209 3.6 1.3 0.9 2.8
2023.2000 -17.5098 -21.7638 2.1 1.4 0.9 2.8
2023.2027 -19.3618 -21.9859 3.2 1.3 0.9 2.8
2023.2055 -16.2751 -24.4288 2.8 1.3 0.9 2.8
2023.2082 -13.5813 -23.2073 0.8 1.3 0.9 2.8
2023.2110 -13.3568 -23.7625 0.4 1.3 0.9 2.8
2023.2137 -12.7956 -24.7619 2.4 1.3 0.9 2.8
2023.2164 -12.0661 -22.5411 -2 1.3 0.9 2.8
2023.2192 -13.6374 -24.5398 0.4 1.3 0.9 2.8
2023.2219 -17.7904 -27.4268 8.5 1.3 0.9 2.8
2023.2247 -15.9945 -20.6534 -0.2 1.5 1.0 3.0
2023.2274 -17.5098 -22.8742 3.3 1.5 1.1 3.0
2023.2301 -15.9945 -18.2105 0.9 1.4 1.0 2.9
2023.2329 -18.969 -21.4307 -3.1 1.3 0.9 2.8
2023.2356 -15.3211 -23.0963 -0.9 1.3 0.9 2.8
2023.2384 -15.0405 -23.5404 -3.4 1.3 1.0 2.8
2023.2411 -15.77 -22.8742 -0.9 1.3 1.0 2.9
2023.2438 -17.3414 -22.6521 -4.5 1.4 1.0 2.9
2023.2466 -13.6374 -22.319 0.3 1.3 0.9 2.8
2023.2493 -20.8771 -24.0956 2.2 1.3 1.0 2.8
2023.2521 -15.265 -23.7625 -5.2 1.3 0.9 2.8
2023.2548 -14.0303 -24.7619 -4.1 1.3 1.0 2.9
2023.2575 -14.5915 -24.8729 -6.2 1.3 1.0 2.9
2023.2603 -14.7037 -25.7612 -4.8 1.3 1.0 2.8
2023.2630 -17.2853 -25.8723 1.2 1.3 1.0 2.9
2023.2658 -16.3874 -23.7625 5.4 1.3 1.0 2.8
2023.2685 -14.4793 -27.4268 -0.9 1.3 1.0 2.8
2023.2712 -17.5098 -22.6521 -4.8 1.3 0.9 2.8
2023.2740 -18.1271 -25.095 -5.9 1.3 0.9 2.8
2023.2767 -16.7241 -24.7619 2 1.3 1.0 2.8
2023.2795 -15.5456 -24.6508 -3.8 1.2 0.9 2.8
2023.2822 -13.5813 -23.9846 9.5 1.3 1.0 2.9
2023.2849 -15.7139 -28.3152 -2.4 1.4 1.0 3.0
2023.2877 -14.4793 -24.2067 -1.9 1.3 1.0 2.9
2023.2904 -14.9282 -24.5398 -0.7 1.3 1.0 2.9
2023.2932 -17.5098 -24.6508 -2.6 1.2 1.0 2.8
2023.2959 -16.9486 -24.984 1.6 1.2 0.9 2.8
2023.2986 -17.5098 -28.6483 -6.4 1.3 0.9 2.8
2023.3014 -13.9742 -25.6502 -5.7 1.2 0.9 2.7
2023.3041 -17.0047 -24.4288 -2.1 1.2 0.9 2.7
2023.3068 -16.8363 -26.0944 -0.8 1.2 0.9 2.7
2023.3096 -20.8771 -24.6508 -0.6 1.4 1.0 2.9
2023.3123 -17.5098 -29.9808 3 1.5 1.1 3.1
2023.3151 -18.3516 -26.5385 3.7 1.2 0.9 2.7
2023.3178 -18.3516 -27.0937 -0.1 1.2 0.9 2.7
2023.3205 -18.7445 -28.6483 4 1.2 0.9 2.7
2023.3233 -17.1731 -27.3158 6.5 1.2 0.9 2.7
2023.3260 -18.2394 -28.2041 6.1 1.2 0.9 2.7
2023.3288 -17.7904 -29.0924 3.1 1.2 0.9 2.7
2023.3315 -16.219 -24.8729 8.5 1.2 0.9 2.7
2023.3342 -16.219 -29.0924 -0.8 1.2 0.9 2.7
2023.3370 -17.5098 -26.4275 4 1.2 0.9 2.7
2023.3397 -16.5557 -27.0937 1.1 1.2 0.9 2.7
2023.3425 -17.5098 -26.2054 2.1 1.2 0.9 2.8
2023.3452 -15.8823 -27.2048 3.6 1.2 1.0 2.8
2023.3479 -17.2292 -26.9827 -1.5 1.2 0.9 2.8
2023.3507 -15.6578 -26.0944 0.4 1.2 1.0 2.8
2023.3534 -19.1934 -26.0944 -1.9 1.2 0.9 2.8
2023.3562 -18.8567 -26.6496 11.4 1.2 0.9 2.8
2023.3589 -18.2394 -26.8716 -5.7 1.2 0.9 2.8
2023.3616 -16.1068 -26.4275 -0.4 1.2 0.9 2.8
2023.3644 -17.117 -25.8723 -1.1 1.2 0.9 2.8
2023.3671 -14.0303 -26.2054 2 1.2 1.0 2.8
2023.3699 -17.6782 -29.3145 12.6 1.2 0.9 2.8
2023.3726 -19.5863 -25.3171 3.9 1.2 0.9 2.8
2023.3753 -17.2292 -29.3145 1.9 1.2 0.9 2.8
2023.3781 -17.4537 -26.7606 4.3 1.2 1.0 2.8
2023.3808 -14.7037 -22.7632 6.9 1.3 1.0 2.9
2023.3836 -19.923 -26.9827 3.4 1.3 1.0 2.9
2023.3863 -19.3618 -29.0924 -3.7 1.2 1.0 2.9
2023.3890 -19.474 -29.2035 1.3 1.2 1.0 2.9
2023.3918 -17.2853 -28.2041 2.7 1.2 0.9 2.8
2023.3945 -16.7802 -28.5372 0.8 1.2 0.9 2.8
2023.3973 -15.6578 -26.3164 -4.4 1.2 0.9 2.8
2023.4000 -14.7037 -28.3152 0.6 1.2 1.0 2.8
2023.4027 -19.474 -28.5372 5.1 1.2 0.9 2.8
