2020.4493 0 0 0 1.2 0.9 2.7
2020.4521 -3.20763 -2.88681 9.1 1.2 0.9 2.6
2020.4548 -3.26109 -0.111031 1.6 1.2 0.9 2.6
2020.4575 2.67302 -2.55371 5.5 1.2 0.9 2.7
2020.4603 3.84915 0.333094 5.9 1.2 0.9 2.6
2020.4630 3.42147 0.666186 -2.5 1.2 0.9 2.7
2020.4658 0.481144 1.33237 4.4 1.2 0.9 2.7
2020.4685 -2.2988 -2.55371 0.4 1.2 0.9 2.7
2020.4712 -1.06921 -4.88537 4.3 1.2 0.9 2.7
2020.4740 -0.481144 -2.88681 -2.3 1.2 0.9 2.7
2020.4767 0.160381 -1.22134 8.3 1.2 0.9 2.7
2020.4795 -2.13842 -3.33093 1.8 1.2 0.9 2.7
2020.4822 -2.0315 -4.33021 1.9 1.2 0.9 2.7
2020.4849 -1.76419 -4.55227 6.5 1.2 0.9 2.7
2020.4877 0.267303 -3.99712 -1.7 1.2 0.9 2.8
2020.4904 -1.65728 -3.33093 -2.3 1.2 0.9 2.7
2020.4932 3.42147 -4.88537 3.4 1.2 0.9 2.7
2020.4959 -0.0534599 -3.88609 11 1.2 0.9 2.7
2020.4986 -2.13842 -4.55227 4.4 1.2 0.9 2.8
2020.5014 0.160381 -2.66474 -0.8 1.2 0.9 2.7
2020.5041 1.49689 -5.10743 -5.1 1.2 0.9 2.7
2020.5068 1.22959 -3.2199 7.2 1.2 0.9 2.7
2020.5096 1.22959 -3.33093 4.2 1.3 0.9 2.8
2020.5123 -1.06921 -4.44124 10.5 1.2 0.9 2.7
2020.5151 -4.91836 -4.44124 4.1 1.2 0.9 2.7
2020.5178 -1.06921 -3.33093 5.5 1.2 0.9 2.7
2020.5205 0.267303 -5.66258 4.5 1.2 0.9 2.7
2020.5233 -1.01575 -3.88609 3.6 1.3 0.9 2.8
2020.5260 -5.13221 -6.55083 11.4 1.2 0.9 2.7
2020.5288 3.42147 -5.88464 3.2 1.2 0.9 2.7
2020.5315 -1.44343 -3.55299 7.6 1.2 0.9 2.7
2020.5342 -4.38376 -4.44124 -4.3 1.2 0.9 2.7
2020.5370 -0.694986 -4.44124 7.1 1.2 0.9 2.8
2020.5397 -2.5661 -3.55299 10.2 1.2 0.9 2.7
2020.5425 -0.374224 -4.77433 9.9 1.2 0.9 2.7
2020.5452 -0.641525 -5.55155 6.9 1.3 0.9 2.8
2020.5479 -1.60381 -3.55299 -0.1 1.2 0.9 2.8
2020.5507 -3.04725 -4.88537 2.7 1.2 0.9 2.7
2020.5534 -1.81766 -5.88464 6.3 1.2 0.9 2.7
2020.5562 -1.44343 -4.44124 6.9 1.2 0.9 2.7
2020.5589 -2.77994 -2.99784 7.8 1.2 0.9 2.7
2020.5616 -1.44343 -4.44124 -1.7 1.2 0.9 2.7
2020.5644 -3.04725 -4.77433 2.7 1.2 0.9 2.8
2020.5671 -0.267303 -5.99568 9.9 1.2 0.9 2.7
2020.5699 -2.13842 -3.77505 9.2 1.2 0.9 2.7
2020.5726 -0.908827 -5.10743 6.1 1.2 0.9 2.8
2020.5753 -2.51264 -2.66474 7.8 1.3 0.9 2.9
2020.5781 0.160381 -3.66402 6.9 1.2 0.9 2.7
2020.5808 -1.12267 -4.77433 5.4 1.2 0.9 2.8
2020.5836 -1.12267 -4.10815 5.7 1.2 0.9 2.8
2020.5863 -0.588065 -3.10887 8.5 1.2 0.9 2.8
2020.5890 -1.87112 -3.66402 -0.2 1.3 0.9 2.8
2020.5918 0.481144 -3.66402 0.6 1.2 0.9 2.8
2020.5945 -0.267303 -3.66402 10.3 1.2 0.9 2.7
2020.5973 -2.94032 -5.32949 9.8 1.2 0.9 2.8
2020.6000 -0.641525 -4.33021 5.1 1.2 0.9 2.8
2020.6027 -4.49068 -1.7765 6.8 1.3 1.0 2.9
2020.6055 1.28305 -3.55299 7.4 1.2 0.9 2.8
2020.6082 -0.534605 -4.6633 10 1.2 0.9 2.8
2020.6110 -4.22338 -3.99712 14.1 1.2 0.9 2.8
2020.6137 -2.08496 -6.66186 7.1 1.2 0.9 2.8
2020.6164 -1.65728 -3.66402 -5.1 1.2 0.9 2.8
2020.6192 -3.15417 -3.2199 3.5 1.2 0.9 2.7
2020.6219 -1.06921 -2.10959 -2 1.2 0.9 2.8
2020.6247 -3.95608 -5.66258 11.6 1.2 0.9 2.8
2020.6274 -0.855368 -3.99712 7.7 1.2 0.9 2.8
2020.6301 -1.17613 -3.55299 4.6 1.2 0.9 2.8
2020.6329 -3.58185 -2.44268 1.6 1.2 0.9 2.8
2020.6356 -2.72648 -4.88537 0.6 1.2 0.9 2.8
2020.6384 -1.60381 -5.10743 11.2 1.2 0.9 2.7
2020.6411 -2.35226 -2.66474 9.3 1.2 0.9 2.8
2020.6438 -2.0315 -3.55299 6.6 1.2 0.9 2.8
2020.6466 -1.06921 -3.55299 9.4 1.2 0.9 2.7
2020.6493 -3.52839 -4.9964 7 1.2 0.9 2.8
2020.6521 -5.61335 -4.44124 9 1.2 0.9 2.7
2020.6548 -6.3618 -7.10599 6.8 1.2 0.9 2.7
2020.6575 -5.66681 -4.9964 2.3 1.2 0.9 2.8
2020.6603 -5.39951 -2.55371 0.9 1.2 0.9 2.7
2020.6630 -4.11646 -2.55371 4.3 1.2 0.9 2.7
2020.6658 -2.72648 -4.21918 8.6 1.2 0.9 2.7
2020.6685 -6.68256 -8.32733 12.6 1.2 0.9 2.7
2020.6712 -8.6606 -3.99712 12.9 1.2 0.9 2.7
2020.6740 -7.48447 -5.66258 2.3 1.2 0.9 2.7
2020.6767 -5.72027 -5.77361 -1.5 1.4 1.1 3.2
2020.7918 -10.6921 -2.77578 13.1 1.3 0.9 2.7
2020.7945 -9.51596 -2.33165 9.4 1.4 1.1 3.2
2020.7973 -9.56942 -4.55227 11.7 1.2 0.9 2.7
2020.8000 -10.1575 -5.55155 19 1.3 0.9 2.8
2020.8027 -11.0663 -6.55083 8.6 1.3 0.9 2.7
2020.8055 -11.3871 -6.99496 12.7 1.3 0.9 2.8
2020.8082 -9.30212 -4.10815 12.1 1.2 0.9 2.7
2020.8110 -9.62288 -5.10743 9.9 1.3 0.9 2.7
2020.8137 -8.71406 -7.99423 10.7 1.3 0.9 2.7
2020.8164 -10.9059 -5.88464 6.7 1.2 0.9 2.7
2020.8192 -12.7771 -7.21702 13.2 1.3 0.9 2.7
2020.8219 -11.8682 -9.21558 34.1 1.3 0.9 2.8
2020.8247 -9.89019 -5.44052 11.2 1.3 0.9 2.7
2020.8274 -9.08828 -4.77433 8.1 1.3 0.9 2.7
2020.8301 -10.3713 -5.66258 9 1.3 0.9 2.7
2020.8329 -16.7866 -5.55155 15.4 1.3 0.9 2.7
2020.8356 -13.8463 -5.32949 15.1 1.3 0.9 2.7
2020.8384 -11.3336 -6.21774 13.9 1.3 0.9 2.7
2020.8411 -12.0286 -6.55083 15.3 1.3 0.9 2.6
2020.8438 -9.51596 -6.21774 9.3 1.3 0.9 2.7
2020.8466 -16.4658 -5.55155 4.4 1.3 0.9 2.8
2020.8493 -16.1451 -7.21702 16.9 1.3 0.9 2.8
2020.8521 -10.6921 -6.4398 8.9 1.3 0.9 2.7
2020.8548 -11.6009 -5.88464 14.5 1.3 0.9 2.7
2020.8575 -5.72027 -7.21702 13.7 1.2 0.9 2.6
2020.8603 -11.7613 -10.3259 50.4 1.3 0.9 2.8
2020.8630 -13.472 -4.88537 31.1 1.2 0.9 2.6
2020.8658 -11.7078 -2.88681 29.7 1.2 0.9 2.7
2020.8685 -10.5852 -4.6633 36.2 1.3 0.9 2.8
2020.8712 -10.5852 -5.32949 47.2 1.3 0.9 2.7
2020.8740 -9.94365 -7.77217 36.6 1.2 0.9 2.6
2020.8767 -12.884 -7.77217 32.4 1.3 0.9 2.7
2020.8877 -15.2362 -8.88248 39.6 1.3 0.9 2.8
2020.8904 -13.3651 -5.77361 43.8 1.3 0.9 2.9
2020.8932 -10.9059 -7.32805 48.2 1.3 0.9 2.8
2020.8959 -10.6386 -9.88176 35.2 1.3 0.9 2.7
2020.8986 -9.1952 -6.66186 44.2 1.3 0.9 2.8
2020.9014 -12.1355 -4.21918 25.2 1.3 0.9 2.7
2020.9041 -11.494 -4.9964 33.2 1.2 0.9 2.7
2020.9068 -10.4248 -8.77145 20 1.3 0.9 2.7
2020.9096 -10.6386 -6.55083 14.8 1.3 0.9 2.7
2020.9123 -5.77373 -8.32733 14.4 1.3 0.9 2.8
2020.9151 -8.17945 -8.54939 14.2 1.3 0.9 2.8
2020.9178 -11.7613 -7.21702 14.4 1.3 0.9 2.7
2020.9205 -10.4783 -6.10671 18.4 1.2 0.9 2.7
2020.9233 -10.5852 -5.44052 11.6 1.3 0.9 2.7
2020.9260 -7.64485 -8.77145 12.6 1.2 0.9 2.7
2020.9288 -11.9217 -7.8832 1.2 1.3 0.9 2.8
2020.9315 -13.3651 -8.77145 3.3 1.3 0.9 2.6
2020.9342 -11.4405 -8.10527 9.8 1.2 0.9 2.7
2020.9370 -12.9374 -8.77145 13.6 1.3 0.9 2.7
2020.9397 -11.7613 -8.43836 11.8 1.3 0.9 2.7
2020.9425 -7.75177 -7.32805 12.8 1.2 0.9 2.7
2020.9452 -11.5475 -4.44124 7.9 1.2 0.9 2.7
2020.9479 -10.9594 -5.44052 12.4 1.2 0.9 2.6
2020.9507 -9.94365 -8.88248 15.7 1.2 0.9 2.7
2020.9534 -14.0066 -10.2149 13.4 1.3 0.9 2.7
2020.9562 -8.9279 -7.99423 10.6 1.2 0.9 2.7
2020.9589 -8.82098 -7.43908 5 1.2 0.9 2.7
2020.9616 -8.60714 -7.55011 8.7 1.2 0.9 2.7
2020.9644 -8.60714 -6.99496 17.9 1.3 0.9 2.7
2020.9671 -10.7456 -6.77289 16.3 1.3 0.9 2.7
2020.9699 -12.2424 -6.32877 11.6 1.3 0.9 2.7
2020.9726 -10.3179 -5.32949 8.5 1.3 0.9 2.7
2020.9753 -10.2109 -6.10671 10.9 1.2 0.9 2.7
2020.9781 -13.8997 0.111031 25.8 1.4 0.9 2.9
2020.9808 -7.32408 -13.5458 16.9 1.3 0.9 2.8
2020.9836 -15.0224 -11.2141 15.6 1.3 0.9 2.9
2020.9863 -13.6324 -10.659 22.3 1.3 0.9 2.8
2020.9890 -13.4186 -10.659 9.1 1.3 0.9 2.7
2020.9918 -14.8085 -9.77073 3.8 1.3 0.9 2.7
2020.9945 -12.0286 -11.1031 9.2 1.3 0.9 2.7
2020.9973 -17.9627 -12.8796 10.5 1.3 0.9 2.7
2021.0000 -18.9785 -13.7678 9.9 1.3 0.9 2.7
2021.0027 -12.8305 -11.9914 6.9 1.3 0.9 2.7
2021.0027 -11.4405 -12.8796 4.6 1.3 0.9 2.8
2021.0055 -16.6797 -10.9921 9.8 1.3 0.9 2.8
2021.0082 -19.5665 -9.77073 17.3 1.3 0.9 2.8
2021.0110 -15.8243 -14.434 18.4 1.3 0.9 2.8
2021.0137 -13.2582 -12.7686 17.2 1.3 0.9 2.8
2021.0164 -10.6386 -12.3244 19.5 1.3 0.9 2.7
2021.0192 -8.28637 -12.8796 22.1 1.3 0.9 2.7
2021.0219 -14.6482 -11.1031 15 1.3 0.9 2.8
2021.0247 -15.6105 -11.5472 14.5 1.3 0.9 2.7
2021.0274 -12.2959 -12.2134 7.5 1.2 0.9 2.7
2021.0301 -13.579 -14.212 1.1 1.2 0.9 2.7
2021.0329 -11.0663 -11.9914 5 1.2 0.9 2.7
2021.0356 -13.7393 -12.4355 4.3 1.2 0.9 2.7
2021.0384 -13.2582 -11.2141 6.8 1.2 0.9 2.7
2021.0411 -13.3651 -11.9914 7.2 1.2 0.9 2.7
2021.0438 -14.6482 -13.4348 5.3 1.2 0.9 2.7
2021.0466 -16.0916 -13.2127 6.6 1.2 0.9 2.7
2021.0493 -11.3871 -11.8803 6.3 1.2 0.9 2.7
2021.0521 -12.9909 -12.4355 1.3 1.2 0.9 2.7
2021.0548 -10.8525 -11.9914 -1.6 1.3 1.0 2.9
2021.0575 -8.9279 -13.7678 5 1.3 0.9 2.7
2021.0603 -11.2802 -12.6575 0.5 1.2 0.9 2.7
2021.0630 -9.94365 -12.5465 8.2 1.2 0.9 2.7
2021.0658 -13.3117 -12.6575 6.6 1.2 0.9 2.7
2021.0685 -14.7016 -10.3259 8.1 1.2 0.9 2.8
2021.0712 -15.9847 -10.1038 5 1.2 0.9 2.7
2021.0740 -12.1355 -11.2141 3.3 1.2 0.9 2.7
2021.0767 -15.0224 -10.77 9.9 1.2 0.9 2.7
2021.0795 -12.8305 -13.2127 15.9 1.2 0.9 2.7
2021.0822 -14.9689 -9.88176 8.1 1.2 0.9 2.8
2021.0849 -15.9312 -10.77 5.6 1.2 0.9 2.7
2021.0877 -14.1136 -11.2141 4.2 1.2 0.9 2.7
2021.0904 -15.6639 -11.8803 6.1 1.2 0.9 2.8
2021.0932 -12.6701 -12.3244 5 1.2 0.9 2.8
2021.0959 -16.6797 -8.54939 8.3 1.2 0.9 2.8
2021.0986 -17.3212 -10.4369 3.1 1.2 0.9 2.8
2021.1014 -15.8243 -10.881 3.9 1.2 0.9 2.7
2021.1041 -15.7174 -10.2149 6.1 1.2 0.9 2.7
2021.1068 -16.252 -9.88176 5.1 1.2 0.9 2.8
2021.1096 -16.84 -10.5479 5.9 1.2 0.9 2.8
2021.1123 -20.2081 -10.3259 6.2 1.2 0.9 2.8
2021.1151 -14.5412 -10.5479 6.9 1.2 0.9 2.7
2021.1178 -14.4343 -11.1031 1.1 1.2 1.0 2.8
2021.1205 -16.1985 -10.881 8.9 1.2 0.9 2.7
2021.1233 -14.4878 -11.1031 7.2 1.2 0.9 2.8
2021.1260 -16.0916 -10.881 12.5 1.2 0.9 2.8
2021.1288 -21.1703 -10.659 3.2 1.2 0.9 2.7
2021.1315 -14.5412 -10.4369 14 1.2 0.9 2.7
2021.1342 -16.0381 -11.5472 9 1.2 0.9 2.8
2021.1370 -17.0539 -9.32661 6.1 1.3 0.9 2.9
2021.1397 -15.2362 -11.5472 10.7 1.2 0.9 2.7
2021.1425 -20.2081 -11.1031 6.6 1.2 0.9 2.7
2021.1452 -18.7112 -10.9921 5 1.2 0.9 2.7
2021.1479 -17.0539 -9.88176 -4.6 1.2 0.9 2.7
2021.1507 -16.0381 -10.1038 1.4 1.2 0.9 2.7
2021.1534 -13.6859 -12.6575 3.8 1.2 0.9 2.8
2021.1562 -10.9059 -11.6583 4.5 1.2 0.9 2.7
2021.1589 -14.4878 -9.32661 5.1 1.3 1.0 2.8
2021.1616 -17.0004 -11.4362 9.5 1.2 0.9 2.8
2021.1644 -16.5193 -9.88176 5.7 1.3 1.0 2.8
2021.1671 -17.1608 -10.659 7.8 1.2 0.9 2.7
2021.1699 -17.4281 -11.5472 13.7 1.2 0.9 2.7
2021.1726 -14.0601 -11.7693 12 1.2 0.9 2.7
2021.1753 -15.3966 -12.5465 14.2 1.3 0.9 2.8
2021.1781 -20.7427 -11.5472 12 1.3 0.9 2.9
2021.1808 -18.4973 -6.88392 -0.3 1.3 0.9 2.8
2021.1836 -15.3966 -8.43836 4.5 1.3 0.9 3.0
2021.1863 -14.0066 -11.8803 0.3 1.2 0.9 2.7
2021.1890 -13.0444 -11.6583 5.2 1.2 0.9 2.7
2021.1918 -13.6859 -10.77 7.2 1.2 0.9 2.7
2021.1945 -16.252 -8.99351 5.3 1.3 0.9 2.8
2021.1973 -15.0224 -11.2141 2.7 1.3 0.9 2.8
2021.2000 -18.925 -11.5472 3.6 1.3 0.9 2.7
2021.2027 -17.9093 -12.8796 3.6 1.2 0.9 2.7
2021.2055 -17.2143 -11.7693 3.9 1.2 0.9 2.7
2021.2082 -17.535 -14.434 9.6 1.2 0.9 2.7
2021.2110 -15.9847 -14.7671 4.4 1.2 0.9 2.8
2021.2137 -14.2739 -17.765 2.6 1.2 0.9 2.8
2021.2164 -15.0224 -16.0995 8.1 1.3 0.9 2.7
2021.2192 -15.4501 -11.4362 1.5 1.2 0.9 2.7
2021.2219 -15.6105 -11.8803 0.8 1.2 0.9 2.7
2021.2247 -15.1828 -11.9914 2.8 1.2 0.9 2.7
2021.2274 -12.5097 -12.9906 5.8 1.2 0.9 2.7
2021.2301 -12.7236 -14.7671 5.9 1.2 0.9 2.7
2021.2329 -14.6482 -11.8803 4.2 1.2 0.9 2.7
2021.2356 -14.8085 -13.4348 3.5 1.2 0.9 2.7
2021.2384 -12.6701 -12.8796 2.1 1.2 0.9 2.7
2021.2411 -14.7016 -14.6561 -1.3 1.2 0.9 2.7
2021.2438 -12.0286 -13.7678 -1.6 1.2 0.9 2.7
2021.2466 -16.3054 -14.6561 3 1.2 0.9 2.7
2021.2493 -16.6262 -12.8796 -0.8 1.3 0.9 2.8
2021.2521 -18.5508 -9.77073 -2.7 1.2 0.9 2.7
2021.2548 -16.4658 -10.2149 0.2 1.3 0.9 2.7
2021.2575 -14.5947 -13.2127 -6.9 1.2 0.9 2.7
2021.2603 -10.799 -13.3237 6.7 1.2 0.9 2.7
2021.2630 -11.6544 -11.7693 2 1.2 0.9 2.7
2021.2658 -11.7613 -9.54867 -6.1 1.3 0.9 2.8
2021.2685 -15.2362 -10.1038 2.5 1.3 0.9 2.8
2021.2712 -15.0224 -11.6583 1 1.3 0.9 2.8
2021.2740 -17.9093 -11.6583 -2.2 1.2 0.9 2.7
2021.2767 -12.9374 -11.8803 0.7 1.2 0.9 2.7
2021.2795 -12.0821 -12.6575 -0.7 1.3 1.0 2.9
2021.2822 -11.5475 -13.3237 1.7 1.2 0.9 2.7
2021.2849 -12.6701 -13.1017 -1.1 1.2 0.9 2.7
2021.2877 -15.3966 -11.8803 -3.7 1.2 0.9 2.7
2021.2904 -13.472 -10.5479 8.6 1.2 0.9 2.7
2021.2932 -8.44675 -10.659 -4.9 1.3 0.9 2.8
2021.2959 -9.03482 -8.66042 -1.5 1.3 0.9 2.8
2021.2986 -13.6859 -9.54867 2.5 1.3 1.0 2.9
2021.3014 -15.9847 -4.55227 -0.4 1.3 1.0 3.0
2021.3041 -19.7269 -7.43908 -1.5 1.2 0.9 2.7
2021.3068 -13.3651 -10.1038 5.7 1.3 0.9 2.9
2021.3096 -11.9751 -9.54867 -2.1 1.3 1.0 2.9
2021.3123 -12.884 -9.88176 3.3 1.2 0.9 2.7
2021.3151 -16.1985 -9.88176 -0.2 1.3 0.9 2.8
2021.3178 -17.2143 -9.43764 -1 1.3 0.9 2.7
2021.3205 -17.9627 -12.3244 9.7 1.3 0.9 2.8
2021.3233 -12.2424 -11.8803 8.9 1.3 0.9 2.8
2021.3260 -14.4878 -10.4369 -1 1.2 0.9 2.7
2021.3288 -18.1231 -11.3252 1.1 1.2 0.9 2.7
2021.3315 -14.3809 -9.21558 -3.2 1.2 0.9 2.7
2021.3342 -16.5727 -9.77073 8.7 1.2 0.9 2.7
2021.3370 -17.8023 -11.6583 5.7 1.2 0.9 2.7
2021.3397 -15.4501 -12.2134 7.2 1.2 0.9 2.8
2021.3425 -18.2835 -10.3259 -0.4 1.2 0.9 2.8
2021.3452 -19.5665 -11.7693 2.4 1.2 0.9 2.8
2021.3479 -13.472 -10.659 7.8 1.3 0.9 2.7
2021.3507 -21.9723 -10.1038 8 1.2 0.9 2.8
2021.3534 -19.0854 -10.881 0.1 1.3 0.9 2.8
2021.3562 -21.4911 -12.7686 -0.6 1.4 1.0 2.9
2021.3589 -15.8778 -9.77073 -2.2 1.3 0.9 2.8
2021.3616 -16.252 -12.4355 -1.6 1.4 1.0 3.0
2021.3644 -19.5131 -13.6568 0.9 1.2 0.9 2.7
2021.3671 -20.2081 -11.8803 4.5 1.3 0.9 2.8
2021.3699 -13.0444 -11.3252 5.2 1.3 0.9 2.9
2021.3726 -17.0539 -12.7686 1.9 1.2 0.9 2.8
2021.3753 -16.5727 -12.4355 4.5 1.2 0.9 2.8
2021.3781 -16.7866 -13.9899 -0.1 1.2 0.9 2.7
2021.3808 -16.0381 -8.88248 5.1 1.3 0.9 2.8
2021.3836 -12.6167 -12.5465 0 1.5 1.0 3.1
2021.3863 -17.3212 -10.2149 4.6 1.3 1.0 3.0
2021.3890 -21.1703 -15.3223 2.9 1.3 1.0 2.9
2021.3918 -19.6735 -9.54867 -3.5 1.2 0.9 2.8
2021.3945 -17.0004 -9.54867 4.7 1.2 0.9 2.8
2021.3973 -15.1828 -9.77073 6.6 1.2 0.9 2.8
2021.4000 -14.4343 -10.2149 5.5 1.2 0.9 2.8
2021.4027 -13.579 -12.3244 6.4 1.3 0.9 2.9
2021.4055 -13.0444 -12.3244 9.5 1.2 0.9 2.8
2021.4082 -16.0381 -12.5465 0.2 1.2 0.9 2.7
2021.4110 -18.1766 -12.3244 2.3 1.2 0.9 2.8
2021.4137 -13.9532 -11.9914 14.5 1.2 0.9 2.8
2021.4164 -14.862 -9.32661 3.8 1.2 0.9 2.8
2021.4192 -16.7866 -13.1017 5 1.2 0.9 2.8
2021.4219 -23.0949 -20.8738 18.1 1.2 0.9 2.8
2021.4247 -15.3966 -10.2149 3.9 1.2 0.9 2.8
2021.4274 -15.8243 -10.5479 4.8 1.2 0.9 2.8
2021.4301 -17.3747 -11.6583 4.2 1.2 0.9 2.8
2021.4329 -17.9627 -11.1031 7.2 1.2 0.9 2.8
2021.4356 -17.6954 -11.6583 2.1 1.2 0.9 2.8
2021.4384 -15.9312 -12.5465 8.1 1.2 0.9 2.8
2021.4411 -17.642 -11.5472 5.4 1.3 0.9 2.8
2021.4438 -16.4124 -11.7693 0 1.3 0.9 2.8
2021.4466 -15.6105 -12.8796 0.9 1.2 0.9 2.8
2021.4493 -15.7708 -12.7686 1 1.2 0.9 2.8
2021.4521 -16.4124 -11.8803 -0.5 1.2 0.9 2.8
2021.4548 -15.7174 -12.3244 11.1 1.2 0.9 2.9
2021.4575 -17.4816 -10.77 0.6 1.2 0.9 2.8
2021.4603 -18.4439 -12.5465 -1.5 1.2 0.9 2.8
2021.4630 -14.3809 -12.5465 11.9 1.2 0.9 2.8
2021.4658 -17.0004 -12.5465 10 1.2 0.9 2.7
2021.4685 -15.6105 -13.1017 10.3 1.2 0.9 2.8
2021.4712 -18.6577 -14.434 10.2 1.2 0.9 2.8
2021.4740 -16.947 -10.4369 7.2 1.2 0.9 2.7
2021.4767 -17.4281 -10.2149 10.7 1.2 0.9 2.7
2021.4795 -17.9627 -16.3216 10.2 1.2 0.9 2.8
2021.4822 -17.642 -12.4355 7.4 1.2 0.9 2.7
2021.4849 -16.4124 -14.323 1 1.2 0.9 2.8
2021.4877 -17.3212 -11.6583 2.1 1.2 0.9 2.8
2021.4904 -17.2143 -12.1024 9.3 1.2 0.9 2.7
2021.4932 -14.7551 -9.32661 3.2 1.2 0.9 2.8
2021.4959 -18.1766 -13.2127 10.6 1.2 0.9 2.7
2021.4986 -17.8023 -9.77073 5.8 1.2 1.0 2.8
2021.5014 -13.9532 -14.5451 5 1.2 1.0 2.8
2021.5041 -16.947 -10.881 8.5 1.2 0.9 2.7
2021.5068 -15.5035 -8.99351 7.8 1.2 0.9 2.7
2021.5096 -15.0224 -9.6597 18.9 1.2 0.9 2.8
2021.5123 -18.3904 -9.54867 14.2 1.2 0.9 2.7
2021.5151 -19.1388 -9.6597 -3.8 1.2 0.9 2.8
2021.5178 -18.925 -11.6583 4.7 1.2 0.9 2.8
2021.5205 -16.84 -10.1038 6.2 1.2 1.0 2.8
2021.5233 -20.315 -10.881 8 1.2 0.9 2.8
2021.5260 -15.0224 -14.6561 8 1.2 0.9 2.7
2021.5288 -19.4061 -12.8796 9.3 1.2 0.9 2.8
2021.5315 -18.3369 -10.4369 -5.7 1.2 0.9 2.8
2021.5342 -17.5885 -12.1024 11.8 1.2 0.9 2.8
2021.5370 -14.7551 -11.5472 9 1.2 0.9 2.8
2021.5397 -19.62 -14.7671 14.7 1.3 1.0 2.9
2021.5425 -18.925 -9.21558 12.8 1.2 0.9 2.9
2021.5452 -22.6138 -12.9906 5.4 1.3 1.0 2.9
2021.5479 -19.3527 -17.0988 7 1.2 0.9 2.8
2021.5507 -17.2143 -14.323 11.6 1.2 0.9 2.8
2021.5534 -17.535 -12.8796 7 1.2 0.9 2.8
2021.5562 -18.3904 -12.1024 1.2 1.3 1.0 2.9
2021.5589 -13.6859 -13.3237 6.1 1.2 1.0 2.8
2021.5616 -17.642 -15.4333 10.5 1.2 0.9 2.8
2021.5644 -17.8558 -12.1024 11.2 1.2 0.9 2.8
2021.5671 -18.2835 -13.3237 12.7 1.2 1.0 2.8
2021.5699 -17.0004 -12.9906 -2.2 1.2 1.0 2.9
2021.5726 -19.1923 -15.2113 -1 1.2 1.0 2.9
2021.5753 -19.9942 -13.7678 7 1.2 1.0 2.9
2021.5781 -20.7961 -15.8774 14.6 1.2 1.0 2.9
2021.5808 -19.7804 -10.9921 10 1.2 1.0 2.9
2021.5836 -16.4658 -13.6568 7.6 1.2 0.9 2.9
2021.5863 -18.8181 -12.2134 2.4 1.2 1.0 2.8
2021.5890 -18.4439 -13.4348 5 1.2 1.0 2.9
2021.5918 -19.1388 -13.4348 10 1.2 1.0 2.9
2021.5945 -16.1451 -16.0995 16 1.2 1.0 2.9
2021.5973 -17.1073 -14.323 8.3 1.3 1.0 3.0
2021.6000 -20.6892 -17.4319 12.6 1.3 1.0 2.9
2021.6027 -20.7427 -16.2105 1.2 1.3 0.9 2.9
2021.6055 -23.4691 -14.9892 2.6 1.2 1.0 2.9
2021.6082 -18.8715 -13.7678 14.9 1.2 1.0 2.9
2021.6110 -20.5823 -15.4333 15.1 1.2 0.9 2.9
2021.6137 -19.5131 -17.6539 8.7 1.2 1.0 2.8
2021.6164 -23.4157 -13.5458 3.4 1.2 1.0 2.8
2021.6192 -21.3842 -15.3223 9.6 1.2 0.9 2.8
2021.6219 -20.1546 -14.434 8.8 1.2 1.0 2.9
2021.6247 -20.7427 -12.1024 16 1.3 0.9 2.8
2021.6274 -19.8873 -13.6568 16.9 1.3 1.0 2.9
2021.6301 -19.7269 -11.2141 9.8 1.3 0.9 2.8
2021.6329 -20.7427 -12.6575 8 1.3 1.0 2.8
2021.6356 -21.7049 -14.1009 4 1.3 0.9 2.8
2021.6384 -22.0257 -15.1002 7.1 1.3 1.0 3.0
2021.6411 -22.1326 -12.3244 14.5 1.3 1.0 2.9
2021.6438 -19.6735 -12.6575 3.7 1.3 1.0 2.9
2021.6466 -18.4973 -15.3223 3.3 1.3 1.0 2.9
2021.6493 -20.5823 -14.323 13.1 1.3 0.9 2.9
2021.6521 -23.683 -14.1009 17 1.3 0.9 2.9
2021.6548 -23.5761 -12.6575 11.5 1.3 1.0 2.9
2021.6575 -22.8811 -13.6568 13 1.3 0.9 2.9
2021.6603 -19.5131 -12.6575 14.3 1.3 0.9 2.9
2021.6630 -21.6515 -12.3244 10.2 1.3 0.9 2.9
2021.6658 -27.5321 -11.3252 11.7 1.3 0.9 2.9
2021.6685 -22.5603 -18.6532 8.9 1.3 0.9 2.9
2021.6712 -23.2018 -15.9885 15.4 1.3 1.0 3.0
2021.6740 -21.4376 -14.8782 8.6 1.5 1.0 3.1
2021.6767 -24.5384 -14.6561 9 1.5 1.0 3.1
2021.6795 -23.7364 -14.5451 8.2 1.3 1.0 2.9
2021.6822 -26.2491 -15.2113 18.7 1.3 0.9 2.9
2021.6849 -24.2176 -14.9892 10 1.3 0.9 2.9
2021.6877 -21.9188 -14.212 19 1.3 1.0 2.9
2021.6904 -23.8434 -15.6554 11.2 1.3 0.9 2.9
2021.6932 -24.8057 -18.0981 15.6 1.3 0.9 2.9
2021.6959 -25.8749 -15.1002 7.1 1.3 0.9 2.9
2021.6986 -23.683 -12.7686 12.8 1.3 0.9 2.9
2021.7014 -27.2648 -18.8753 17.1 1.3 0.9 2.9
2021.7041 -22.4534 -16.4326 17.6 1.3 0.9 2.9
2021.7068 -23.3088 -16.0995 10.6 1.3 0.9 2.9
2021.7096 -24.2176 -14.7671 20.9 1.3 0.9 2.9
2021.7123 -23.4157 -13.1017 18.1 1.3 0.9 2.9
2021.7151 -26.4095 -15.9885 20.2 1.3 0.9 2.9
2021.7178 -21.5446 -14.212 19.3 1.3 0.9 2.9
2021.7205 -22.988 -15.6554 19.1 1.3 0.9 2.9
2021.7233 -22.4534 -16.3216 18.6 1.3 0.9 2.9
2021.7260 -25.0195 -14.9892 14.3 1.3 0.9 2.9
2021.7288 -28.8687 -14.434 14.4 1.3 0.9 2.9
2021.7315 -25.9283 -16.8767 10.1 1.3 1.0 3.0
2021.7342 -24.6987 -14.434 13.6 1.3 0.9 2.9
2021.7370 -23.0949 -16.0995 11.2 1.3 0.9 2.9
2021.7397 -21.1703 -15.2113 11 1.3 0.9 2.8
2021.7425 -26.356 -13.3237 18.8 1.3 0.9 2.9
2021.7452 -27.5321 -12.9906 19.1 1.3 0.9 2.9
2021.7479 -22.7742 -15.9885 23.8 1.3 0.9 2.9
2021.7507 -24.2176 -15.8774 21 1.3 0.9 2.9
2021.7534 -26.5699 -14.323 17.7 1.3 0.9 2.9
2021.7562 -23.8434 -13.7678 15.8 1.3 0.9 2.9
2021.7589 -24.1641 -13.2127 13.8 1.3 0.9 2.8
2021.7616 -25.6076 -16.0995 16.4 1.3 0.9 2.9
2021.7644 -25.7145 -16.5436 20.5 1.3 0.9 2.9
2021.7671 -22.8811 -14.9892 14.7 1.3 0.9 2.9
2021.7699 -25.073 -15.7664 12.7 1.3 0.9 2.9
2021.7726 -29.0825 -16.9877 10 1.3 0.9 2.8
2021.7753 -25.1799 -15.2113 11.4 1.3 0.9 2.8
2021.7781 -27.1045 -16.3216 16.4 1.3 0.9 2.9
2021.7808 -25.7679 -15.2113 12.7 1.6 1.1 3.1
2021.7836 -24.8591 -16.9877 15.7 1.3 0.9 2.8
2021.7863 -24.8591 -14.7671 14.5 1.2 0.9 2.8
2021.7890 -30.5259 -15.1002 14.4 1.3 0.9 2.9
2021.7918 -25.3403 -15.9885 8.6 1.3 0.9 2.9
2021.7945 -23.9503 -16.6547 16.7 1.3 0.9 2.8
2021.7973 -27.051 -18.5422 14.6 1.4 1.0 2.9
2021.8000 -25.9283 -15.8774 9.8 1.3 0.9 2.8
2021.8027 -28.6548 -18.4312 20.8 1.3 1.0 2.9
2021.8055 -29.0825 -16.2105 9.1 1.5 1.0 3.1
2021.8082 -27.6391 -18.0981 15.4 1.4 1.0 2.9
2021.8110 -28.9756 -16.9877 25.2 1.3 0.9 2.9
2021.8137 -27.5321 -16.9877 16.8 1.3 0.9 3.0
2021.8164 -28.2271 -14.7671 16.5 1.3 0.9 2.9
2021.8192 -30.8467 -16.9877 14.4 1.3 0.9 2.8
2021.8219 -28.1737 -17.876 16.6 1.4 1.0 3.0
2021.8247 -29.4033 -18.2091 12.8 1.3 0.9 2.8
2021.8274 -27.9064 -15.6554 9.8 1.3 0.9 2.9
2021.8301 -28.334 -13.4348 25.8 1.3 0.9 2.8
2021.8329 -32.2901 -14.5451 39 1.4 1.0 3.0
2021.8356 -29.136 -17.3208 16.3 1.3 0.9 2.8
2021.8384 -27.5856 -16.6547 9.2 1.3 0.9 2.9
2021.8411 -28.1202 -16.8767 5.7 1.3 0.9 2.9
2021.8438 -26.8906 -24.871 12.2 1.7 1.2 3.4
2021.8466 -29.724 -16.2105 7.4 1.3 0.9 2.9
2021.8493 -28.2806 -18.6532 11.6 1.3 0.9 2.9
2021.8521 -30.9001 -16.9877 10.1 1.3 0.9 2.8
2021.8548 -29.8309 -16.6547 0.6 1.3 0.9 2.8
2021.8575 -26.4629 -17.0988 6.7 1.3 0.9 2.9
2021.8603 -31.7021 -15.3223 10.6 1.3 0.9 2.9
2021.8630 -30.5794 -17.765 15.7 1.3 0.9 2.9
2021.8658 -19.2458 -18.6532 11.4 2.0 1.2 3.5
2021.8685 -26.0352 -15.3223 10.1 1.4 1.0 3.0
2021.8712 -27.7994 -13.6568 4.4 1.4 1.0 3.0
2021.8740 -30.419 -14.7671 8.2 1.3 1.0 3.0
2021.8767 -28.1737 -16.4326 9.5 1.3 0.9 2.9
2021.8795 -28.1737 -16.9877 11.2 1.3 0.9 2.8
2021.8822 -35.9254 -20.2076 0.2 1.3 1.0 2.9
2021.8849 -29.8309 -16.0995 -3.1 1.3 0.9 2.9
2021.8877 -29.2963 -16.5436 4.9 1.3 0.9 2.9
2021.8904 -31.4348 -19.5415 4.7 1.3 0.9 2.9
2021.8932 -30.9001 -17.5429 6.4 1.3 0.9 2.9
2021.8959 -28.9756 -18.9863 9.5 1.3 1.0 2.8
2021.8986 -28.8687 -17.765 0.1 1.3 1.0 2.8
2021.9014 -27.6925 -17.876 3.7 1.3 1.0 2.9
2021.9041 -30.4725 -18.8753 9.1 1.3 0.9 2.8
2021.9068 -32.1832 -17.6539 10.2 1.3 0.9 2.9
2021.9096 -31.0071 -20.7628 11.9 1.3 0.9 2.8
2021.9123 -31.0071 -16.7657 10.2 1.3 1.0 2.8
2021.9151 -25.1264 -15.8774 10.4 1.3 0.9 2.8
2021.9178 -25.7145 -17.2098 7.9 1.3 0.9 2.9
2021.9205 -23.0949 -15.3223 8.2 1.3 1.0 2.9
2021.9233 -26.7302 -18.0981 12.6 1.4 1.0 3.0
2021.9260 -30.8467 -18.7642 4.7 1.3 0.9 2.8
2021.9288 -27.9064 -16.4326 4.7 1.3 0.9 2.8
2021.9315 -24.6453 -14.8782 13.6 1.3 0.9 2.9
2021.9342 -24.966 -15.9885 6.5 1.3 1.0 2.9
2021.9370 -24.1641 -16.4326 9.9 1.3 1.0 3.0
2021.9397 -26.0887 -17.3208 3.9 1.3 1.0 3.0
2021.9425 -28.1737 -11.3252 3.5 1.4 1.0 3.1
2021.9452 -29.5636 -10.3259 7.8 1.3 1.0 3.0
2021.9479 -30.9001 -11.8803 6.8 1.3 1.0 2.9
2021.9507 -32.504 -13.8789 9.7 1.3 0.9 2.9
2021.9534 -32.2367 -14.1009 7.9 1.3 0.9 2.9
2021.9562 -30.0448 -14.212 1.7 1.3 1.0 3.0
2021.9589 -29.9913 -14.323 2.1 1.3 1.0 3.0
2021.9616 -31.5951 -15.8774 15 1.3 0.9 2.9
2021.9644 -31.7021 -15.2113 15.7 1.3 0.9 2.9
2021.9671 -31.8624 -13.7678 9.6 1.3 0.9 2.9
2021.9699 -28.2806 -15.1002 5.8 1.3 1.0 3.0
2021.9726 -26.356 -15.9885 7.8 1.3 0.9 2.9
2021.9753 -31.3278 -14.1009 17.4 1.4 1.0 3.0
2021.9781 -28.7617 -12.3244 21.1 1.3 1.0 2.9
2021.9808 -30.5794 -12.8796 16.5 1.3 0.9 2.9
2021.9836 -30.419 -14.6561 7 1.3 0.9 2.9
2021.9863 -28.1202 -12.7686 17.2 1.3 0.9 2.9
2021.9890 -25.1264 -12.5465 22.1 1.2 0.9 2.9
2021.9918 -26.5699 -10.4369 24.5 1.2 0.9 2.9
2021.9945 -25.5006 -11.3252 55.4 2.3 1.2 3.9
2021.9973 -29.9913 -21.7621 2.7 1.3 0.9 2.9
2022.0000 -29.136 -21.9841 -2.5 1.2 0.9 2.9
2022.0027 -27.1579 -20.5407 0.6 1.2 0.9 2.8
2022.0055 -26.9975 -19.0973 2.3 1.4 1.0 3.0
2022.0082 -29.5636 -19.3194 -3.3 1.5 1.1 3.4
2022.0137 -30.6328 -13.6568 -8.3 1.8 1.3 3.9
2022.0247 -28.5479 -16.4326 11.3 1.6 1.3 3.5
2022.0274 -28.2806 -18.0981 15.7 1.3 1.0 2.9
2022.0301 -29.3498 -17.5429 15.2 1.2 0.9 2.8
2022.0329 -26.6233 -14.9892 9.5 1.3 1.0 3.0
2022.0356 -25.073 -16.6547 8.4 1.3 1.0 2.9
2022.0384 -25.8214 -19.7635 13 1.3 0.9 2.9
2022.0411 -24.1641 -15.4333 14.8 1.3 1.0 3.0
2022.0438 -27.8529 -16.7657 4.1 1.3 1.0 3.0
2022.0466 -31.5417 -19.3194 5.9 1.3 1.0 2.9
2022.0493 -34.482 -16.3216 6.9 1.3 0.9 2.9
2022.0521 -30.2052 -16.4326 11.9 1.3 1.0 3.1
2022.0548 -32.0228 -20.6518 14.2 1.3 1.0 3.0
2022.0575 -26.9975 -14.8782 17.2 1.2 0.9 2.9
2022.0603 -27.2114 -17.6539 17.9 1.4 1.1 3.3
2022.0630 -30.0982 -17.6539 9.2 1.3 0.9 2.9
2022.0658 -28.6013 -17.987 23.9 1.3 1.0 3.0
2022.0685 -27.8529 -19.2084 17.5 1.3 1.0 3.0
2022.0712 -30.3655 -19.3194 13.2 1.3 0.9 3.0
2022.0740 -33.3593 -17.987 11.8 1.3 1.0 3.0
2022.0767 -33.092 -18.3201 13.1 1.2 0.9 2.9
2022.0795 -32.5574 -17.2098 4.3 1.3 1.0 2.9
2022.0822 -29.7775 -18.9863 6.9 1.2 0.9 2.9
2022.0849 -28.1737 -19.7635 5.2 1.2 0.9 2.9
2022.0877 -30.9536 -17.876 12.6 1.2 0.9 2.9
2022.0904 -31.8624 -19.7635 7.8 1.4 1.0 3.1
2022.0932 -29.8309 -17.6539 8.1 1.5 1.1 3.3
2022.0959 -29.6171 -18.5422 5.1 1.5 1.0 3.3
2022.0986 -30.9536 -18.8753 7.5 1.3 0.9 2.9
2022.1014 -29.136 -20.8738 9.3 1.3 0.9 2.9
2022.1041 -31.3278 -18.6532 5.5 1.4 1.0 3.0
2022.1068 -32.2901 -18.4312 8.6 1.3 1.0 3.0
2022.1096 -32.2367 -18.9863 12.6 1.3 1.0 3.0
2022.1123 -27.746 -18.5422 -0.6 1.4 1.0 3.0
2022.1151 -28.6013 -18.8753 8.6 1.3 0.9 3.0
2022.1178 -30.3121 -16.9877 5.7 1.4 1.0 3.2
2022.1205 -33.5732 -17.0988 6.7 1.3 0.9 2.9
2022.1233 -29.5636 -16.4326 10.5 1.3 0.9 2.9
2022.1260 -30.419 -17.876 18.7 1.3 0.9 2.9
2022.1288 -30.8467 -14.7671 28.9 1.3 1.0 2.9
2022.1315 -33.3059 -16.9877 74.8 1.5 1.0 3.2
2022.1342 -34.8562 -16.9877 35.6 1.5 1.0 3.3
2022.1370 -31.4348 -17.2098 6.1 1.4 1.0 3.1
2022.1397 -30.0982 -17.765 2.5 1.4 1.0 3.1
2022.1425 -30.3655 -18.6532 7.7 1.5 1.0 3.3
2022.1452 -26.4095 -16.0995 10.4 1.4 0.9 3.1
2022.1479 -30.8467 -17.4319 0.3 1.3 0.9 2.9
2022.1507 -33.2524 -18.5422 12.6 1.4 1.0 3.2
2022.1534 -27.6391 -18.2091 1.2 1.4 1.0 3.1
2022.1562 -29.1894 -17.876 6.1 1.3 0.9 2.9
2022.1589 -30.0448 -19.8746 6.3 1.3 0.9 2.9
2022.1616 -30.5259 -19.4304 11.8 1.3 0.9 3.0
2022.1644 -31.3278 -17.4319 8.5 1.3 0.9 2.9
2022.1671 -32.0228 -17.3208 5.8 1.4 1.0 3.0
2022.1699 -31.7555 -18.8753 3.8 1.3 0.9 2.9
2022.1726 -24.7522 -17.876 6.6 1.3 0.9 2.9
2022.1753 -34.0009 -17.6539 1.2 1.4 0.9 3.0
2022.1781 -30.5259 -17.2098 -1 1.3 0.9 2.9
2022.1808 -28.7083 -16.4326 -4.4 1.3 0.9 2.9
2022.1836 -26.8372 -19.9856 -0.7 1.3 0.9 2.9
2022.1863 -27.8529 -19.5415 -0.4 1.3 0.9 2.9
2022.1890 -28.6013 -16.0995 4.1 1.3 0.9 2.9
2022.1918 -30.3121 -15.1002 -4.1 1.4 1.0 3.1
2022.1945 -30.0982 -18.2091 -3.9 1.3 0.9 2.9
2022.1973 -30.0448 -17.765 0.4 1.4 0.9 2.9
2022.2000 -30.2586 -15.9885 -1.2 1.3 0.9 2.9
2022.2027 -33.5197 -17.4319 8.1 1.3 0.9 2.9
2022.2055 -31.0071 -16.7657 0.6 1.3 0.9 2.9
2022.2082 -29.6706 -16.6547 1.2 1.3 0.9 3.0
2022.2110 -28.2271 -17.2098 1 1.4 1.0 3.1
2022.2137 -29.5636 -17.876 -2.6 1.3 0.9 2.9
2022.2164 -26.9975 -17.765 -0.1 1.3 0.9 2.9
2022.2192 -30.3655 -19.3194 3.4 1.3 0.9 2.9
2022.2219 -27.2114 -15.7664 6.2 1.3 0.9 3.0
2022.2247 -27.4252 -15.4333 11 1.3 0.9 2.9
2022.2274 -29.7775 -14.5451 5.5 1.4 1.0 3.1
2022.2301 -21.7049 -20.4297 2.2 1.3 1.0 3.0
2022.2329 -27.5321 -17.6539 7.8 1.3 1.0 2.9
2022.2356 -30.5259 -18.8753 6.5 1.3 1.0 3.0
2022.2384 -27.5856 -16.9877 6.8 1.4 1.0 3.0
2022.2411 -31.1675 -17.0988 6.3 1.3 0.9 2.9
2022.2438 -26.9441 -16.8767 3.7 1.3 0.9 2.9
2022.2466 -29.029 -20.6518 -1.2 1.3 1.0 3.0
2022.2493 -27.4787 -18.6532 6.3 1.4 1.0 3.1
2022.2521 -28.441 -17.5429 7.2 1.4 1.0 3.1
2022.2548 -31.9159 -17.4319 7.4 1.3 0.9 3.0
2022.2575 -29.136 -19.2084 4.3 1.4 1.0 3.1
2022.2603 -30.5794 -20.0966 -7.4 1.3 0.9 2.9
2022.2630 -30.0448 -18.5422 -2.6 1.3 0.9 2.9
2022.2658 -27.7994 -17.765 -1.2 1.3 0.9 3.0
2022.2685 -30.6863 -18.4312 -3.1 1.3 0.9 3.0
2022.2712 -35.0701 -14.5451 6.7 1.3 0.9 2.9
2022.2740 -31.0605 -16.2105 -2.8 1.4 1.1 3.1
2022.2767 -26.6768 -16.7657 -10.8 1.3 1.0 3.1
2022.2795 -27.1045 -16.4326 -9.4 1.3 0.9 2.9
2022.2822 -27.6925 -16.2105 -5.2 1.3 0.9 2.9
2022.2849 -29.7775 -13.6568 0.2 1.6 1.1 3.1
2022.2877 -31.7021 -16.9877 5.2 1.4 1.0 3.1
2022.2904 -29.8309 -19.4304 5.6 1.4 1.0 3.1
2022.2932 -28.8687 -17.6539 1.4 1.3 0.9 3.0
2022.2959 -29.724 -17.0988 2.7 1.3 0.9 3.0
2022.2986 -34.9097 -14.1009 -0.6 1.3 0.9 3.0
2022.3014 -33.5197 -14.212 -2.5 1.3 0.9 3.0
2022.3041 -32.0228 -18.5422 1.7 1.3 0.9 3.0
2022.3068 -31.3813 -20.0966 0.5 1.3 0.9 3.0
2022.3096 -32.9851 -18.7642 5.6 1.3 1.0 3.1
2022.3123 -31.4348 -17.3208 6 1.3 0.9 3.0
2022.3151 -31.4882 -15.5443 2 1.3 0.9 2.9
2022.3178 -26.9975 -17.0988 6.1 1.3 0.9 3.0
2022.3205 -30.5259 -18.7642 3.8 1.3 1.0 3.0
2022.3233 -32.6643 -19.2084 3 1.3 1.0 3.1
2022.3260 -32.4505 -16.0995 2.7 1.3 0.9 2.9
2022.3288 -30.2052 -15.8774 0.7 1.3 0.9 2.9
2022.3315 -29.724 -14.1009 2.3 1.3 0.9 3.0
2022.3342 -29.8309 -19.5415 1.5 1.3 0.9 2.9
2022.3370 -33.6801 -20.8738 5.7 1.3 1.0 3.0
2022.3397 -32.8247 -20.2076 0.3 1.4 1.0 3.1
2022.3425 -32.5574 -17.4319 -1 1.3 0.9 2.9
2022.3452 -30.3121 -15.7664 2.1 1.3 0.9 2.9
2022.3479 -29.8309 -16.2105 -0.5 1.3 0.9 2.9
2022.3507 -28.9756 -16.7657 5.2 1.3 0.9 3.0
2022.3534 -34.9097 -17.5429 5.6 1.4 0.9 3.0
2022.3562 -35.0166 -15.3223 -2.2 1.2 0.9 2.9
2022.3589 -32.7713 -15.1002 1.2 1.3 0.9 2.9
2022.3616 -32.397 -15.5443 -3.2 1.3 0.9 2.9
2022.3644 -28.334 -19.5415 -3.8 1.3 1.0 2.9
2022.3671 -32.1297 -16.4326 -3.4 1.3 1.0 3.1
2022.3699 -33.0386 -17.4319 -1.2 1.3 0.9 3.0
2022.3726 -36.7273 -17.765 -5.4 1.3 0.9 3.0
2022.3753 -34.0009 -16.4326 -5.4 1.3 1.0 3.1
2022.3781 -28.7083 -21.7621 -5.6 1.4 0.9 3.0
2022.3808 -29.5102 -20.4297 -9.4 1.2 0.9 2.9
2022.3836 -33.6801 -18.6532 -7.3 1.3 0.9 2.9
2022.3863 -33.6801 -16.7657 1.4 1.2 0.9 2.9
2022.3890 -28.7617 -17.987 11.2 1.3 0.9 3.0
2022.3918 -33.8939 -19.0973 5 1.2 0.9 2.9
2022.3945 -30.3655 -21.0959 -1.3 1.2 0.9 2.9
2022.3973 -30.9536 -16.4326 -3.9 1.3 0.9 3.0
2022.4000 -32.1832 -15.7664 -2.1 1.3 0.9 3.0
2022.4027 -33.6266 -19.2084 4.3 1.3 0.9 3.1
2022.4055 -31.7555 -19.7635 -3.8 1.3 0.9 2.9
2022.4082 -31.2209 -23.5386 -0.2 1.3 0.9 3.0
2022.4110 -25.7679 -20.9849 -9.1 1.3 0.9 2.9
2022.4137 -29.1894 -17.0988 -3.6 1.2 0.9 2.9
2022.4164 -28.7083 -20.7628 1.3 1.2 0.9 2.9
2022.4192 -28.3875 -20.2076 5.8 1.3 0.9 3.1
2022.4219 -32.6109 -20.8738 3.7 1.3 0.9 3.0
2022.4247 -30.1517 -19.6525 2.6 1.2 0.9 2.9
2022.4274 -27.6925 -18.7642 3.4 1.3 0.9 3.0
2022.4301 -29.029 -17.987 6.6 1.3 0.9 3.0
2022.4329 -34.1612 -21.7621 15.2 1.3 0.9 3.0
2022.4356 -34.9097 -20.7628 5 1.3 0.9 3.1
2022.4384 -29.8844 -19.5415 20.2 1.2 0.9 2.9
2022.4411 -28.6013 -22.0952 4.8 1.3 0.9 3.0
2022.4438 -31.114 -16.7657 3.2 1.3 0.9 2.9
2022.4466 -31.114 -21.2069 1.3 1.3 0.9 3.0
2022.4493 -32.1832 -20.6518 0.1 1.3 0.9 3.0
2022.4521 -30.419 -20.6518 -2.6 1.3 0.9 2.9
2022.4548 -31.8624 -21.8731 10.4 1.3 0.9 2.9
2022.4575 -30.9001 -20.4297 0.7 1.3 0.9 3.0
2022.4603 -31.4348 -20.4297 -6.1 1.3 0.9 2.9
2022.4630 -35.7651 -21.429 3.4 1.3 1.0 3.0
2022.4658 -36.8877 -18.8753 4.6 1.3 1.0 3.0
2022.4685 -32.3436 -21.2069 5.4 1.3 0.9 3.0
2022.4712 -31.6486 -21.2069 8.1 1.2 0.9 2.9
2022.4740 -31.5951 -21.6511 8.8 1.2 0.9 2.8
2022.4767 -33.3593 -18.7642 -2.9 1.3 1.0 3.0
2022.4795 -33.7336 -19.5415 -5.5 1.3 0.9 3.0
2022.4822 -29.7775 -18.2091 8.5 1.2 0.9 2.9
2022.4849 -33.787 -19.4304 7.5 1.2 0.9 2.9
2022.4877 -31.7021 -20.4297 2.7 1.2 0.9 2.9
2022.4904 -34.0543 -20.3187 -1.5 1.3 0.9 2.9
2022.4932 -34.6424 -21.7621 -1 1.2 0.9 2.9
2022.4959 -32.9851 -19.4304 8.4 1.3 0.9 2.9
2022.4986 -24.0037 -20.6518 3.9 1.2 0.9 2.9
2022.5014 -31.3278 -21.8731 1.9 1.2 0.9 2.9
2022.5041 -33.6266 -23.7606 13.3 1.2 0.9 2.9
2022.5068 -36.567 -20.4297 12.1 1.3 0.9 3.2
2022.5096 -33.4128 -20.9849 9 1.3 0.9 3.1
2022.5123 -23.2553 -18.9863 5.3 1.3 0.9 3.1
2022.5151 -31.9159 -24.4268 9.3 1.3 1.0 3.1
2022.5178 -34.3216 -20.9849 6.7 1.3 1.0 3.0
2022.5205 -32.504 -21.9841 10.6 1.3 1.0 3.0
2022.5233 -34.1612 -21.429 9.4 1.3 1.0 3.0
2022.5260 -31.0605 -22.7614 5.1 1.2 0.9 2.9
2022.5288 -32.8247 -19.8746 7.4 1.3 1.0 3.0
2022.5315 -34.6424 -21.2069 3.8 1.3 0.9 3.0
2022.5342 -37.9035 -21.2069 1.4 1.3 1.0 2.9
2022.5370 -34.1612 -23.5386 0.4 1.3 1.0 3.1
2022.5397 -33.6801 -23.4275 9.4 1.3 1.0 3.1
2022.5425 -33.7336 -24.2048 8.3 1.2 0.9 2.9
2022.5452 -32.8782 -20.4297 1 1.3 0.9 3.0
2022.5479 -41.0576 -22.2062 5.4 1.3 1.0 3.0
2022.5507 -38.1173 -23.6496 -6.3 1.3 1.0 3.0
2022.5534 -35.4978 -22.8724 13.8 1.2 0.9 2.9
2022.5562 -35.872 -24.2048 9.7 1.2 0.9 2.9
2022.5589 -34.8562 -20.0966 5.3 1.3 0.9 3.0
2022.5616 -33.199 -18.4312 4.8 1.3 0.9 3.0
2022.5644 -30.7398 -20.8738 10.3 1.3 1.0 3.0
2022.5671 -38.3846 -26.7585 16.6 1.2 0.9 2.9
2022.5699 -37.4758 -22.6503 4.2 1.3 1.0 3.0
2022.5726 -37.7966 -18.8753 11 1.2 0.9 2.9
2022.5753 -30.5259 -17.0988 5.3 1.3 1.0 3.0
2022.5781 -31.7555 -20.8738 5 1.3 1.0 3.0
2022.5808 -30.5259 -24.2048 11.4 1.2 0.9 2.9
2022.5836 -38.1708 -25.093 8.7 1.3 1.0 2.9
2022.5863 -36.7808 -23.5386 8.3 1.4 1.0 3.1
2022.5890 -34.0543 -20.7628 -1.3 1.3 1.0 3.1
2022.5918 -32.5574 -18.3201 9.5 1.3 1.0 3.1
2022.5945 -40.3092 -19.3194 6.5 1.4 1.0 2.9
2022.5973 -39.935 -23.4275 6.8 1.3 0.9 2.8
2022.6000 -43.6237 -20.0966 10 1.4 1.0 3.0
2022.6027 -37.0481 -22.6503 4.4 1.4 1.0 3.0
2022.6055 -37.4758 -21.9841 4.7 1.3 0.9 2.9
2022.6082 -37.9569 -20.2076 16 1.3 0.9 2.9
2022.6110 -32.2367 -20.6518 5.4 1.4 1.0 2.9
2022.6137 -38.6519 -23.3165 5.3 1.4 1.0 2.9
2022.6164 -39.1331 -17.5429 10.3 1.3 0.9 3.0
2022.6192 -36.0324 -21.6511 12.3 1.3 0.9 2.9
2022.6219 -38.545 -19.7635 11.1 1.3 0.9 2.9
2022.6247 -40.63 -22.4283 6 1.3 0.9 3.0
2022.6274 -42.7684 -20.4297 10.1 1.4 1.0 3.1
2022.6301 -39.4538 -18.6532 5.8 1.3 0.9 2.9
2022.6329 -35.2304 -22.3172 4 1.3 0.9 3.0
2022.6356 -39.1865 -22.0952 1.3 1.3 0.9 2.9
2022.6384 -37.4223 -23.8717 7.7 1.4 1.0 2.9
2022.6411 -35.6047 -23.3165 7.1 1.3 0.9 2.9
2022.6438 -36.0324 -24.4268 3.2 1.6 1.1 3.3
2022.6466 -31.809 -21.54 13.5 1.6 1.1 3.2
2022.6493 -35.4978 -22.0952 17.2 1.3 1.0 3.0
2022.6521 -37.1016 -23.3165 18.7 1.3 1.0 3.0
2022.6548 -42.6615 -23.5386 9.6 1.4 1.0 3.0
2022.6575 -36.3531 -24.2048 17.1 1.3 1.0 3.0
2022.6603 -34.0009 -20.6518 13.9 1.3 1.0 2.9
2022.6630 -29.7775 -21.429 18.4 1.3 0.9 2.9
2022.6658 -34.0009 -22.8724 14.1 1.3 0.9 2.9
2022.6685 -38.3846 -23.7606 11.5 1.3 0.9 2.9
2022.6712 -36.6739 -24.5379 12.5 1.3 0.9 2.9
2022.6740 -34.7493 -25.9813 15.7 1.3 0.9 3.0
2022.6767 -37.3154 -23.2055 14 1.7 1.1 3.2
2022.6795 -34.6958 -21.7621 12.5 1.3 0.9 2.9
2022.6822 -36.0858 -22.2062 12.4 1.3 0.9 2.9
2022.6849 -39.0261 -23.9827 12 1.3 0.9 2.8
2022.6877 -35.4443 -21.0959 5.5 1.3 0.9 2.9
2022.6904 -35.2304 -22.7614 6.3 1.3 0.9 2.9
2022.6932 -33.787 -24.5379 13.1 1.3 0.9 2.8
2022.6959 -36.9412 -25.4261 2.9 1.3 0.9 2.8
2022.6986 -37.0481 -23.6496 7.5 1.3 0.9 2.8
2022.7014 -37.6896 -23.3165 6 1.3 0.9 2.8
2022.7041 -32.3436 -22.0952 12 1.3 0.9 2.9
2022.7068 -33.8939 -22.8724 14.3 1.3 0.9 3.0
2022.7096 -32.2901 -23.9827 15.3 1.3 0.9 2.8
2022.7123 -38.3312 -24.982 8 1.3 0.9 2.9
2022.7151 -40.8438 -23.3165 8.5 1.3 0.9 2.8
2022.7178 -33.6266 -21.8731 10.7 1.3 0.9 2.9
2022.7205 -34.9097 -21.54 6.3 1.3 0.9 2.9
2022.7233 -35.6581 -24.3158 7.2 1.3 0.9 2.9
2022.7260 -40.2023 -20.3187 6.1 1.3 0.9 2.9
2022.7288 -39.828 -23.6496 17.6 1.3 0.9 2.9
2022.7315 -40.3092 -21.429 10 1.3 0.9 2.9
2022.7342 -35.7651 -22.6503 6.3 1.3 0.9 2.9
2022.7370 -36.46 -23.2055 10.1 1.3 0.9 2.9
2022.7397 -38.5985 -24.3158 12.4 1.3 0.9 2.9
2022.7425 -36.9946 -21.6511 8 1.3 0.9 2.9
2022.7452 -45.8691 -22.3172 16.6 1.4 1.0 2.9
2022.7479 -37.9569 -21.8731 6.4 1.3 0.9 2.9
2022.7507 -41.4319 -22.3172 6.3 1.3 0.9 2.9
2022.7534 -38.2242 -23.8717 5.5 1.3 0.9 2.8
2022.7562 -40.8973 -22.3172 10.8 1.3 0.9 2.8
2022.7589 -41.3249 -21.8731 9.9 1.3 0.9 2.8
2022.7616 -42.0199 -21.54 2.7 1.3 0.9 2.9
2022.7644 -36.1393 -19.2084 4.6 1.4 0.9 3.0
2022.7671 -36.9946 -21.7621 10 1.4 0.9 3.0
2022.7699 -45.3345 -21.9841 10.8 1.3 0.9 2.9
2022.7726 -41.0042 -23.7606 15.2 1.3 0.9 2.8
2022.7753 -42.3942 -22.8724 14.7 1.3 0.9 2.8
2022.7781 -37.85 -20.4297 5.8 1.3 0.9 2.9
2022.7808 -41.5922 -20.8738 3.7 1.4 0.9 3.1
2022.7836 -42.8218 -20.7628 9 1.5 1.0 3.1
2022.7863 -47.366 -22.5393 14.9 1.4 0.9 3.0
2022.7890 -41.6992 -23.8717 10.7 1.3 0.9 2.8
2022.7918 -42.0734 -24.3158 14.2 1.4 0.9 2.9
2022.7945 -41.9665 -20.8738 10.5 1.4 0.9 3.0
2022.7973 -43.1426 -21.0959 9.1 1.4 1.0 3.1
2022.8000 -37.7966 -19.4304 27 1.5 1.0 3.5
2022.8027 -42.8753 -22.9834 11.6 1.4 1.0 3.1
2022.8055 -46.2968 -23.9827 1.5 1.5 1.1 3.1
2022.8082 -47.4729 -20.8738 2.4 1.4 1.0 3.0
2022.8110 -44.9068 -24.3158 14.2 1.3 0.9 2.9
2022.8137 -44.4791 -21.9841 9.1 1.3 0.9 2.9
2022.8164 -46.9918 -24.2048 20 1.3 0.9 2.8
2022.8192 -45.3345 -26.3144 20.5 1.4 1.0 3.0
2022.8219 -49.1836 -24.4268 13.5 1.4 1.0 3.0
2022.8247 -44.6395 -22.7614 2.2 1.4 1.0 3.0
2022.8274 -50.4667 -25.204 11.9 1.3 0.9 2.9
2022.8301 -48.1144 -22.5393 18.8 1.3 0.9 2.9
2022.8329 -45.6552 -24.982 20.2 1.3 0.9 2.9
2022.8356 -43.5703 -22.4283 10.3 1.3 0.9 2.9
2022.8384 -42.5011 -25.3151 13.4 1.3 0.9 3.0
2022.8411 -46.3502 -24.3158 12.7 1.5 1.0 3.1
2022.8438 -49.0767 -24.871 16.8 1.4 1.0 3.0
2022.8466 -43.8376 -23.4275 8.7 1.3 0.9 2.9
2022.8493 -48.2748 -22.8724 12.2 1.4 1.0 3.0
2022.8521 -45.6018 -23.5386 4.3 1.7 1.2 3.3
2022.8548 -43.9445 -24.7599 6.4 1.5 1.0 3.0
2022.8575 -45.8156 -24.4268 6.2 1.4 1.0 2.9
2022.8603 -41.5922 -24.871 11.7 1.4 1.0 3.1
2022.8630 -42.8753 -27.0916 16.6 1.3 0.9 3.0
2022.8658 -37.4758 -26.9805 14 1.3 0.9 2.9
2022.8685 -39.6677 -23.5386 15.6 1.3 0.9 2.9
2022.8712 -47.954 -22.5393 14.1 1.3 0.9 2.9
2022.8740 -44.3187 -19.6525 6.2 1.3 0.9 2.9
2022.8767 -45.1741 -21.2069 4.5 1.4 1.0 2.9
2022.8795 -40.4696 -22.8724 10.9 1.3 0.9 2.8
2022.8822 -43.6237 -22.8724 6.2 1.4 1.0 3.0
2022.8849 -41.8061 -21.8731 15.7 1.3 0.9 2.9
2022.8877 -42.8218 -24.3158 14.6 1.3 1.0 2.9
2022.8904 -45.8691 -22.6503 15.2 1.4 1.0 2.9
2022.8932 -45.9225 -25.7592 16.6 1.3 0.9 2.9
2022.8959 -45.4414 -24.871 10.7 1.3 0.9 2.9
2022.8986 -45.281 -23.6496 8 1.3 0.9 2.8
2022.9014 -38.545 -25.7592 10.9 1.5 1.0 3.2
2022.9041 -43.8376 -23.4275 4.2 1.3 1.0 2.9
2022.9068 -46.7779 -23.4275 1.5 1.3 0.9 2.9
2022.9096 -47.3125 -21.429 3.2 1.5 1.0 3.2
2022.9151 -43.3564 -22.5393 6.8 1.4 1.0 3.0
2022.9178 -43.7841 -24.5379 14 1.5 1.0 3.1
2022.9205 -45.4414 -26.0923 13.7 1.3 1.0 3.0
2022.9233 -48.061 -24.3158 13.4 1.3 0.9 2.9
2022.9260 -47.6333 -24.7599 14.5 1.3 1.0 3.0
2022.9288 -43.3564 -24.6489 13.7 1.3 0.9 2.9
2022.9315 -43.0891 -22.5393 18.6 1.3 0.9 2.9
2022.9342 -42.8753 -24.3158 14.2 1.3 1.0 3.0
2022.9370 -44.3722 -23.6496 3 1.4 0.9 3.0
2022.9397 -46.3502 -23.2055 -0.8 1.3 0.9 2.9
2022.9425 -46.8314 -21.8731 -6.3 1.3 0.9 2.8
2022.9452 -45.8156 -23.6496 3.6 1.3 0.9 2.9
2022.9479 -46.8314 -20.8738 8.4 1.3 0.9 2.9
2022.9507 -46.8848 -21.9841 2.3 1.3 0.9 2.8
2022.9534 -48.7025 -21.7621 4.3 1.3 1.0 2.9
2022.9562 -45.7087 -22.4283 6.1 1.3 0.9 2.9
2022.9589 -48.649 -22.8724 -3.1 1.3 0.9 2.9
2022.9616 -50.4132 -21.6511 -4 1.2 0.9 2.9
2022.9644 -48.5421 -23.0945 -1.8 1.2 0.9 2.9
2022.9671 -49.5044 -23.2055 3.5 1.3 0.9 2.9
2022.9699 -46.4571 -20.0966 -2.1 1.3 0.9 2.9
2022.9726 -45.7622 -21.0959 2.1 1.3 1.0 2.9
2022.9753 -47.8471 -23.0945 9.3 1.3 0.9 2.9
2022.9781 -46.4571 -23.6496 10 1.3 0.9 2.9
2022.9808 -45.9225 -24.6489 7.2 1.3 0.9 2.8
2022.9836 -43.5703 -25.7592 8.6 1.2 0.9 2.8
2022.9863 -43.5703 -27.8688 18.5 1.3 1.0 2.9
2022.9890 -48.2213 -27.4247 11.2 1.4 1.0 3.1
2022.9918 -46.0829 -24.7599 12.1 1.4 1.1 3.2
2022.9945 -48.5421 -26.2033 15.1 1.3 0.9 2.9
2022.9973 -46.9383 -25.5371 12.7 1.3 1.0 2.9
2023.0000 -45.1741 -25.7592 17.2 1.2 0.9 2.8
2023.0027 -47.2056 -25.204 18.5 1.2 0.9 2.8
2023.0055 -45.5483 -23.7606 17.6 1.2 0.9 2.8
2023.0082 -41.5922 -23.4275 10.5 1.4 1.0 3.0
2023.0110 -47.4729 -24.3158 9.3 1.3 1.0 2.9
2023.0137 -43.8376 -26.0923 14.2 1.3 1.0 2.9
2023.0164 -46.1898 -26.4254 9.8 1.2 0.9 2.8
2023.0192 -44.9603 -23.0945 11.3 1.2 0.9 2.8
2023.0411 -47.1521 -24.2048 9.2 1.3 1.0 2.9
2023.0438 -46.7244 -25.9813 17.8 1.2 0.9 2.8
2023.0466 -48.0075 -27.0916 12.4 1.3 0.9 2.8
2023.0493 -48.5421 -26.2033 13 1.2 0.9 2.8
2023.0521 -45.1741 -25.9813 3.4 1.3 0.9 3.0
2023.0548 -46.4037 -25.5371 9.2 1.3 1.0 2.9
2023.0575 -46.5641 -24.982 9.3 1.3 1.0 2.9
2023.0603 -44.9603 -24.871 5.3 1.3 1.0 3.0
2023.0630 -42.5011 -25.6482 12.1 1.3 1.0 2.9
2023.0658 -49.0232 -26.5364 14.9 1.3 1.0 3.0
2023.0685 -45.8156 -27.4247 12.7 1.3 1.1 2.9
2023.0712 -43.0891 -27.9798 15.1 1.3 1.0 3.1
2023.0740 -43.998 -26.3144 8 1.3 1.1 3.1
2023.0767 -46.671 -22.9834 3.4 1.3 1.0 2.9
2023.0795 -48.8629 -26.3144 4 1.4 1.0 3.1
2023.0822 -46.8848 -22.4283 11.5 1.4 1.1 3.1
2023.0849 -48.649 -25.204 11 1.3 1.0 3.0
2023.0877 -45.6552 -24.871 19 1.3 1.0 3.0
2023.0904 -47.8471 -23.4275 19.8 1.3 1.0 3.0
2023.0932 -47.5798 -24.4268 26 1.3 1.0 2.9
2023.0959 -49.7182 -26.4254 24.9 1.3 1.0 2.9
2023.0986 -46.8848 -27.8688 28.1 1.3 1.0 2.9
2023.1014 -43.5703 -25.7592 23.9 1.3 1.0 3.0
2023.1041 -43.6237 -26.7585 13.1 1.3 1.0 2.9
2023.1068 -47.2056 -24.982 14.6 1.3 1.0 2.9
2023.1096 -46.5106 -24.4268 11.9 1.3 1.0 2.9
2023.1123 -48.4352 -26.5364 13.8 1.3 1.0 3.0
2023.1151 -47.1521 -25.3151 15 1.4 1.0 3.0
2023.1178 -45.7087 -23.7606 17.4 1.3 1.0 3.0
2023.1205 -46.0295 -25.9813 11.6 1.3 1.0 3.0
2023.1233 -43.5703 -24.871 12.9 1.3 1.0 3.0
2023.1260 -47.2056 -24.2048 20.5 1.5 1.1 3.1
2023.1288 -47.1521 -25.4261 15.5 1.5 1.0 3.1
2023.1315 -46.8848 -24.0937 13.7 1.4 1.0 3.0
2023.1342 -46.0829 -25.5371 7.2 1.3 0.9 2.9
2023.1370 -49.1836 -23.9827 13.4 1.3 0.9 2.9
2023.1397 -47.7402 -20.0966 14.3 1.3 0.9 2.9
2023.1425 -57.1492 -17.2098 13.8 1.4 1.0 3.0
2023.1452 -50.5736 -22.9834 8 1.3 1.0 2.9
2023.1479 -49.5579 -25.204 15.1 1.3 1.0 2.9
2023.1507 -51.5894 -18.0981 20.3 1.4 1.0 3.0
2023.1534 -56.4008 -21.318 27.4 1.4 1.1 3.1
2023.1562 -49.2371 -22.8724 11.2 1.3 1.0 2.9
2023.1589 -56.2404 -26.5364 19.3 2.1 1.3 3.6
2023.1616 -49.344 -26.7585 8.4 1.4 1.0 3.0
2023.1644 -45.6018 -26.8695 21.4 1.3 0.9 2.9
2023.1671 -44.9603 -26.2033 14.7 1.3 0.9 2.9
2023.1699 -51.0013 -28.9791 6.1 1.3 1.0 2.9
2023.1726 -47.2591 -27.6467 -3.5 1.3 0.9 2.9
2023.1753 -49.3975 -26.6474 2.8 1.4 1.0 2.9
2023.1781 -46.671 -27.3136 0.4 1.3 0.9 2.9
2023.1808 -44.4791 -25.9813 6.3 1.3 0.9 2.9
2023.1836 -47.3125 -26.0923 6.1 1.4 1.0 2.9
2023.1863 -46.4571 -23.8717 -0.5 1.4 1.0 3.0
2023.1890 -46.8314 -21.8731 2.7 1.4 1.0 3.0
2023.1918 -46.7779 -25.9813 3.5 1.5 1.0 3.1
2023.1945 -49.0767 -25.6482 9 1.5 1.0 3.1
2023.1973 -46.1898 -25.7592 7.6 1.3 1.0 3.0
2023.2000 -52.3913 -24.7599 6 1.4 1.0 2.9
2023.2027 -49.1302 -21.6511 1.8 1.4 1.0 3.0
2023.2055 -50.734 -24.0937 3.9 1.3 1.0 2.9
2023.2082 -44.2118 -24.6489 2.6 1.3 1.0 3.0
2023.2110 -45.7087 -27.0916 8.6 1.4 1.0 3.0
2023.2137 -48.3817 -25.9813 12.2 1.4 1.0 3.0
2023.2164 -45.7622 -24.2048 6.2 1.3 1.0 2.9
2023.2192 -48.4352 -24.0937 6.6 1.3 1.0 2.9
2023.2219 -48.4886 -24.4268 3.7 1.3 1.0 2.9
2023.2247 -48.1679 -24.3158 -9.5 1.6 1.0 3.1
2023.2274 -52.3913 -26.4254 0.6 1.5 1.1 3.3
2023.2301 -47.0452 -23.4275 0.9 1.3 1.0 2.9
2023.2329 -46.4037 -24.3158 -1.2 1.3 1.0 2.9
2023.2356 -48.1144 -23.0945 0.3 1.3 1.0 2.9
2023.2384 -50.2528 -21.0959 -6.3 1.3 1.0 2.9
2023.2411 -48.061 -20.5407 -8.9 1.3 1.0 3.0
2023.2438 -48.3817 -22.0952 4.4 1.5 1.1 3.1
2023.2466 -44.6395 -24.4268 4.6 1.3 1.0 3.0
2023.2493 -49.7182 -24.4268 1.4 1.3 1.0 2.9
2023.2521 -48.9163 -22.7614 -3.5 1.3 1.0 2.9
2023.2548 -47.7402 -23.3165 -1.1 1.4 1.0 3.1
2023.2575 -48.5956 -22.6503 1.8 1.4 1.0 3.0
2023.2603 -47.7937 -25.7592 0.5 1.3 1.0 2.9
2023.2630 -48.4352 -27.2026 11 1.3 1.0 2.9
2023.2658 -51.429 -23.6496 5 1.3 1.0 2.9
2023.2685 -50.1459 -25.5371 7.3 1.3 1.0 2.9
2023.2712 -52.0705 -22.2062 -3.7 1.3 1.0 2.9
2023.2740 -55.1177 -22.9834 5.9 1.3 1.0 2.9
2023.2767 -49.2371 -25.8702 7.4 1.3 1.0 2.9
2023.2795 -49.4509 -25.6482 -2.5 1.3 1.0 2.9
2023.2822 -48.9163 -25.4261 3.6 1.3 1.0 3.0
2023.2849 -50.6271 -24.871 5.7 1.5 1.1 3.1
2023.2877 -52.7655 -21.8731 6.4 1.4 1.0 3.0
2023.2904 -45.4949 -22.9834 5.7 1.3 1.0 3.0
2023.2932 -49.7182 -23.9827 1.9 1.3 1.0 2.9
2023.2959 -48.0075 -23.7606 4.8 1.3 1.0 2.8
2023.2986 -50.8409 -24.0937 1.6 1.4 1.0 3.0
2023.3014 -48.8094 -22.3172 3.4 1.3 1.0 2.8
2023.3041 -51.8032 -21.7621 4.4 1.3 1.0 2.9
2023.3068 -48.3283 -23.3165 -1.7 1.3 1.0 2.9
2023.3096 -53.0862 -24.6489 9.4 1.6 1.1 3.1
2023.3123 -47.7937 -22.6503 8.9 1.6 1.2 3.4
2023.3151 -49.0232 -23.2055 7.7 1.3 1.0 2.8
2023.3178 -53.1397 -23.0945 8.2 1.3 1.0 2.8
2023.3205 -53.7278 -24.3158 9.7 1.3 1.0 2.9
2023.3233 -49.1836 -24.7599 10.3 1.3 1.0 2.9
2023.3260 -47.954 -24.4268 14.6 1.3 1.0 2.9
2023.3288 -48.7025 -24.982 11.1 1.3 1.0 2.9
2023.3315 -52.9259 -23.3165 12.7 1.3 1.0 2.8
2023.3342 -49.6648 -26.4254 4.4 1.3 0.9 2.8
2023.3370 -50.3598 -25.204 4.5 1.3 1.0 2.9
2023.3397 -50.7874 -24.4268 9.4 1.3 1.0 3.1
2023.3425 -48.8629 -23.3165 12.7 1.3 1.0 3.0
2023.3452 -47.8471 -24.7599 15.3 1.4 1.1 3.1
2023.3479 -50.3063 -24.4268 2 1.3 1.0 3.0
2023.3507 -52.2843 -24.3158 8.9 1.3 1.0 3.0
2023.3534 -47.8471 -24.0937 4.7 1.3 1.0 3.0
2023.3562 -51.2151 -24.871 15.3 1.3 1.0 3.0
2023.3589 -48.9163 -27.0916 15.8 1.3 1.0 3.0
2023.3616 -50.6805 -24.5379 1.8 1.3 1.0 3.0
2023.3644 -48.2748 -23.9827 -0.5 1.3 1.0 3.0
2023.3671 -50.3063 -25.5371 6.2 1.3 1.0 3.0
2023.3699 -49.1302 -24.2048 10.7 1.3 1.0 3.0
2023.3726 -52.9259 -23.0945 6.6 1.3 1.0 3.0
2023.3753 -51.322 -24.982 1.1 1.3 1.0 3.0
2023.3781 -51.0013 -22.6503 -4.6 1.4 1.0 3.0
2023.3808 -46.9383 -24.6489 3 1.4 1.1 3.1
2023.3836 -50.1459 -22.7614 0.7 1.4 1.1 3.1
2023.3863 -50.039 -25.204 4.5 1.4 1.0 3.1
2023.3890 -48.7559 -23.3165 -7.9 1.3 1.0 3.1
2023.3918 -46.9383 -24.4268 -1.8 1.3 1.0 3.0
2023.3945 -46.8848 -25.4261 -7.4 1.3 1.0 2.9
2023.3973 -50.2528 -27.0916 9.9 1.3 1.0 2.9
2023.4000 -50.6805 -24.5379 11.6 1.3 1.0 2.9
2023.4027 -48.3817 -23.8717 9.2 1.3 1.0 3.0
