1995.4712 0 0 0 1.4 1.1 2.9
1995.4740 2.71993 0.444151 -2 1.5 1.1 3.0
1995.4767 0.166526 -0.111037 -3.6 1.4 1.1 2.9
1995.4795 0.777123 0.444151 -5.3 1.4 1.0 2.8
2005.5178 -318.842 120.143 126.6 1.3 0.9 2.6
2005.5205 -319.064 122.808 140 1.5 1.0 2.9
2005.5233 -317.344 120.365 143.8 1.6 1.0 3.0
2005.5260 -324.282 120.92 144.1 1.2 0.8 2.6
2007.5397 -386.119 151.456 152 1.2 0.8 2.4
2007.5425 -385.342 150.567 149.6 1.2 0.8 2.4
2007.5452 -389.005 150.9 161.3 1.2 0.8 2.4
2008.5562 -421.09 162.226 174.4 1.2 0.9 2.3
2008.5589 -421.201 163.337 168.6 1.1 0.9 2.4
2008.5616 -418.259 161.782 175.5 1.3 0.9 2.6
