1998.2301 0 0 0 1.9 1.0 3.6
1998.2329 -1.81936 1.22288 3.6 1.8 1.1 3.6
1998.2356 -2.1659 -2.44576 -5.3 2.0 1.0 3.6
1998.2384 -3.03226 1.88991 -0.9 1.8 1.0 3.4
1998.2411 -4.59171 0.778198 -3.8 1.8 1.0 3.3
1998.2438 -1.99263 -1.33405 1.4 2.0 1.0 3.7
1998.2466 -2.1659 -1.00054 5.5 2.1 1.1 3.7
1998.2493 -1.81936 -0.778197 -4.4 1.9 1.0 3.5
1998.2521 -4.59171 1.00054 13.5 1.8 1.0 3.5
1998.2548 -9.70324 2.22342 10.9 1.8 1.1 3.6
1998.2575 -15.4212 -2.00108 10.9 1.9 1.0 3.5
1998.2603 -9.78987 -1.00054 -0.3 2.0 1.0 3.7
1998.2630 -4.15853 -0.778197 4.5 2.0 1.0 3.6
1998.2658 1.90599 -0.555855 -1.3 1.9 1.1 3.7
1998.2685 -7.27743 1.88991 -0.4 1.9 1.0 3.6
1998.2712 -1.55945 -2.66811 -5.9 1.7 1.0 3.5
1998.2740 -5.11153 -1.22288 1.8 1.9 1.1 3.6
1998.2767 -12.9088 1.00054 8.9 2.1 1.1 3.8
1998.2795 -14.1217 0.555856 4.7 1.9 1.0 3.5
1998.2822 -8.57697 1.77874 7.4 2.0 1.1 3.6
1998.2849 -9.78987 -0.555855 2.8 1.9 1.0 3.4
1998.2877 -5.97789 -2.55693 -3.4 1.9 1.1 3.7
1998.2904 -11.9558 -5.66972 -9.7 2.0 1.1 3.6
1998.2932 -9.70324 -1.33405 -1.5 1.9 1.0 3.4
1998.2959 -10.0498 -0.667026 -0.6 1.8 0.9 3.3
1998.2986 -9.35669 -1.5564 3.8 1.8 0.9 3.3
1998.3014 -10.1364 -0.667026 -1.4 1.8 1.0 3.5
1998.3041 -3.29217 -0.444684 -2 1.9 1.0 3.4
1998.3068 -6.32443 -3.55747 2.5 1.7 1.0 3.4
1998.3096 -3.63871 -2.11225 3.3 2.0 1.1 3.6
1998.3123 -4.24517 -3.4463 2.5 1.9 1.0 3.4
1998.3151 -3.98526 -2.77928 0.5 1.7 1.0 3.3
1998.3178 -3.29217 2.00108 -1.6 1.7 1.0 3.3
1998.3205 -7.10415 0 -3.8 1.8 1.0 3.4
1998.3233 -6.15116 0.333514 -4.9 1.8 0.9 3.4
1998.3260 -6.41107 -0.778197 -11.5 1.8 1.0 3.5
1998.3288 -9.70324 -2.00108 -2.9 1.8 1.0 3.5
1998.3315 -5.63134 -1.77874 7.3 1.9 1.0 3.5
1998.3342 -7.71061 -1.22288 0.8 1.7 1.0 3.3
1998.3370 -7.79724 -2.77928 -1.9 1.8 1.0 3.4
1998.3397 -8.92351 -1.44522 4.4 1.8 1.0 3.3
1998.3425 -4.76498 -1.5564 -4.9 1.7 1.0 3.3
1998.3452 -8.57697 -0.333513 -4.2 1.9 1.0 3.4
1998.3479 -8.31706 -1.11171 4.1 1.9 1.0 3.5
1998.3507 -7.88388 -0.222342 0.3 1.9 1.0 3.5
1998.3534 -15.5079 0.555856 0.3 1.8 1.0 3.5
1998.3562 -5.37143 -3.4463 3 1.7 1.0 3.4
1998.3589 -6.58434 -0.889369 5.6 1.9 1.0 3.5
1998.3616 -7.27743 -0.444684 -0.3 1.9 1.0 3.4
1998.3644 -9.96315 -0.555855 -4.4 1.8 1.0 3.4
1998.3671 -7.01752 0.889369 0.4 2.0 1.0 3.5
1998.3699 -8.49033 -1.33405 0.7 1.9 1.0 3.5
1998.3726 -6.75761 -0.222342 -4.4 2.0 1.0 3.6
1998.3753 -5.37143 -3.4463 -5 1.8 1.0 3.5
1998.3781 -8.83688 -2.33459 -0.7 2.1 1.1 3.7
1998.3808 -5.71798 0 3 2.0 1.0 3.7
1998.3836 -8.23042 -0.667026 -2.4 1.9 1.0 3.6
1998.3863 -12.129 -0.333513 4.1 1.8 1.1 3.6
1998.3890 -6.58434 -1.5564 -1.3 2.0 1.0 3.4
1998.3918 -9.52997 -0.222342 2.8 2.0 1.0 3.5
1998.3945 -6.93088 -1.5564 -2.2 1.9 1.0 3.5
1998.3973 -8.75024 -1.5564 -2.7 1.8 1.0 3.4
1998.4000 -6.41107 -1.88991 3.3 1.9 1.0 3.5
1998.4027 -5.54471 -2.66811 2.1 2.0 1.0 3.6
1998.4055 -6.15116 -0.333513 9.4 1.8 1.0 3.5
1998.4082 -9.96315 -0.778197 2.2 1.9 1.0 3.5
1998.4110 -5.80462 -1.77874 2 2.0 1.0 3.6
1998.4137 -8.57697 1.11171 4.4 2.0 1.0 3.3
1998.4164 -6.06452 1.66757 4.5 1.9 1.0 3.5
1998.4192 -12.7355 -0.889369 4.8 2.0 1.0 3.6
1998.4219 -8.05715 -1.33405 10.4 1.9 1.0 3.4
1998.4247 -6.58434 -0.333513 8.6 1.8 0.9 3.2
1998.4274 -8.6636 -4.00216 15.5 2.0 1.0 3.7
1998.4301 -14.035 -1.11171 9.5 1.8 1.0 3.6
1998.4329 -11.3493 -2.89045 -0.1 2.0 1.0 3.5
1998.4356 -11.0894 -3.55747 4.5 2.0 1.0 3.4
1998.4384 -10.5696 1.11171 1.1 1.8 0.9 3.3
1998.4411 -5.89125 -0.889369 7.4 1.9 1.0 3.4
1998.4438 -6.4977 -0.778197 7 1.8 0.9 3.3
1998.4466 -9.87651 -0.667026 8.3 2.0 1.0 3.4
1998.4493 -7.62397 -0.667026 3.1 2.0 1.0 3.5
1998.4521 -6.06452 -2.22342 5.6 1.9 1.0 3.4
1998.4548 -12.9954 -3.77982 4.3 1.9 1.0 3.5
1998.4575 -12.129 0 8 2.2 1.0 3.9
1998.4603 -16.2009 -1.66757 1.5 1.9 1.0 3.5
1998.4630 -9.6166 -1.33405 2.4 2.0 1.0 3.5
1998.4658 -11.436 -2.00108 4.9 1.9 1.0 3.6
1998.4685 -10.2231 -2.89045 11.7 2.2 1.0 3.5
1998.4712 -6.4977 -1.11171 7.3 1.9 1.0 3.5
1998.4740 -11.5226 -1.44522 2.4 1.9 1.0 3.5
1998.4767 -6.41107 -0.778197 0.8 2.1 1.1 3.7
1998.4795 -4.85162 -0.555855 13.1 1.9 1.0 3.6
1998.4822 -7.79724 -3.11279 0.9 2.0 1.0 3.5
1998.4849 -7.01752 -2.22342 7.6 2.0 1.1 3.6
1998.4877 -9.87651 -0.555855 7.8 2.2 1.0 3.6
1998.4904 -7.19079 -0.333513 7.4 2.1 1.0 3.6
1998.4932 -10.1364 -2.00108 17.9 2.1 1.0 3.6
1998.4959 -9.35669 1.00054 12.7 1.9 1.0 3.5
1998.4986 -6.93088 -2.55693 7.2 2.0 1.1 3.7
1998.5014 -3.1189 -2.22342 0.7 2.0 1.0 3.5
1998.5041 -13.8618 -0.333513 9.5 2.2 1.1 3.6
1998.5068 -0.173273 0.667026 5.1 2.1 1.0 3.5
1998.5096 -9.01015 -1.33405 4.8 2.1 1.1 3.6
1998.5123 -8.4037 -0.444684 -1.3 2.1 1.1 3.6
1998.5151 -6.84425 -0.555855 6.7 2.1 1.1 3.6
1998.5178 -9.6166 -1.88991 3.8 2.3 1.1 3.7
1998.5205 2.07927 -2.00108 6.9 2.0 1.0 3.6
1998.5233 -8.05715 0 4.6 2.0 1.1 3.6
1998.5260 -13.6885 -0.889369 0.5 2.0 1.0 3.5
1998.5288 -9.35669 -1.33405 1.4 2.1 1.0 3.6
1998.5315 -5.54471 -1.88991 -7.1 2.1 1.0 3.7
1998.5342 -10.2231 -0.222342 2.4 2.1 1.0 3.6
1998.5370 -13.7751 -0.444684 2.4 2.0 1.1 3.6
1998.5397 -9.70324 1.77874 10.8 2.0 1.0 3.4
1998.5425 -8.75024 -0.555855 3.7 2.0 1.0 3.4
1998.5452 -8.4037 -0.333513 1 2.2 1.1 3.6
1998.5479 -16.4608 -2.89045 -0.7 2.1 1.0 3.7
1998.5507 -13.5152 -3.00162 -5.4 3.1 1.6 5.5
1998.5534 -15.3346 -2.22342 2.2 2.0 1.0 3.7
1998.5562 -1.03963 0.333514 2.9 2.4 1.1 3.9
1998.5589 -7.71061 -3.00162 4.3 2.1 1.1 3.5
1998.5616 -18.8867 -1.5564 6.7 1.9 1.0 3.4
1998.5644 -15.2479 -3.11279 18.4 1.9 1.0 3.6
1998.5671 -10.5696 -3.00162 8.9 2.2 1.0 3.6
1998.5699 -7.4507 -2.77928 14.7 2.0 1.1 3.6
1998.5726 -18.7134 -0.444684 -0.8 2.3 1.0 3.7
1998.5753 -10.7429 -0.778197 10.1 2.1 1.0 3.5
1998.5781 -9.96315 0.444684 15.1 2.1 1.0 3.5
1998.5808 -4.59171 -0.444684 6.7 2.0 1.0 3.4
1998.5836 -6.75761 -2.66811 5.6 2.1 1.1 3.6
1998.5863 -13.1687 0.444684 -0.1 2.1 1.0 3.5
1998.5890 -9.09678 -0.555855 -1.5 2.0 1.0 3.4
1998.5918 -18.0203 -2.77928 3.9 2.0 1.0 3.5
1998.5945 -19.8397 0.333514 3.2 2.1 1.0 3.5
1998.5973 -6.15116 -0.444684 -6.3 2.2 1.0 3.6
1998.6000 -11.7825 3.4463 2.1 2.0 1.0 3.5
1998.6027 -13.6019 3.89099 -4.4 2.1 1.0 3.5
1998.6055 -18.3668 -1.77874 1.3 2.2 1.0 3.7
1998.6082 -14.4682 0.555856 -3.4 2.1 1.0 3.6
1998.6110 -10.3963 -2.33459 7.4 2.0 1.0 3.5
1998.6137 -9.01015 -0.444684 4.8 2.0 1.0 3.3
1998.6164 -8.75024 -1.33405 3 2.0 1.0 3.5
1998.6192 -7.01752 -1.5564 3.7 2.0 1.0 3.7
1998.6219 -12.2157 -6.89261 -6.5 1.9 1.0 3.5
1998.6247 -7.10415 1.77874 -7 2.0 1.0 3.5
1998.6301 -5.19816 -0.555855 -2.2 2.9 1.7 6.0
1998.6329 -11.6959 -2.11225 -10.6 1.9 1.0 3.7
1998.6356 -11.0894 -4.00216 -6.7 1.9 1.0 3.4
1998.6384 -8.4037 -2.33459 -0.8 1.9 1.0 3.4
1998.6411 -14.988 -0.444684 9.5 2.2 1.1 3.7
1998.6438 -9.78987 -0.111171 6.3 2.0 1.0 3.4
1998.6466 -8.23042 -1.88991 15.4 1.8 1.0 3.5
1998.6493 -10.7429 -1.88991 0.4 2.0 1.0 3.4
1998.6521 -6.41107 -0.778197 -3.7 2.0 1.0 3.5
1998.6548 -12.9954 -0.444684 7.4 2.1 1.1 3.7
1998.6575 -8.05715 -1.88991 9.4 2.0 1.0 3.3
1998.6603 -14.3816 0.222342 1.3 1.9 1.0 3.5
1998.6630 -1.81936 0.667026 -5.2 1.9 1.0 3.6
1998.6658 -7.71061 -3.55747 4.4 1.9 1.0 3.5
1998.6685 -7.79724 -2.55693 -6.7 2.0 1.0 3.6
1998.6712 -16.0277 -1.22288 15.6 1.8 1.0 3.5
1998.6740 -10.8295 -1.5564 10.4 2.0 1.0 3.6
1998.6767 -12.389 -2.11225 -0.2 2.0 1.0 3.6
1998.6795 -8.23042 -1.66757 0.9 2.2 1.0 3.7
1998.6822 -11.436 -1.33405 11.2 2.0 1.0 3.5
1998.6849 -11.6092 -1.11171 2.4 2.2 1.0 3.6
1998.6877 -7.4507 -4.55801 13.9 2.1 1.0 3.6
1998.6904 -11.0894 -1.33405 1.5 2.1 1.0 3.8
1998.6932 -12.389 -2.66811 3.6 2.1 1.1 3.6
1998.6959 -10.6562 -2.11225 5.6 2.1 1.0 3.5
1998.6986 -10.8295 -2.55693 1 1.9 1.0 3.5
1998.7014 -12.5622 0.778198 1.5 2.0 1.0 3.4
1998.7041 -17.5871 -4.00216 -0.5 1.9 1.1 3.9
1998.7068 -13.8618 -1.00054 1.6 2.0 1.0 3.5
1998.7096 -14.2949 -1.00054 -5.2 1.9 1.0 3.4
1998.7123 -13.6019 -2.00108 -1.1 2.0 1.0 3.7
1998.7151 -13.2553 -2.66811 7.9 1.8 1.0 3.9
1998.7178 -13.5152 -2.33459 16.5 2.1 1.0 3.5
1998.7205 -16.9807 -4.33567 1.2 1.9 1.0 3.4
1998.7233 -13.6019 -2.44576 -4.1 1.9 1.0 3.5
1998.7260 -16.3742 -3.55747 -7.5 1.9 1.0 3.4
1998.7288 -14.2949 -4.66918 -5 1.9 1.1 3.8
1998.7315 -20.4461 -3.77982 14.7 2.0 1.0 3.5
1998.7342 -17.4138 -4.00216 -4.4 2.2 1.0 3.8
1998.7370 -11.0028 -3.66865 2.1 2.0 1.1 3.6
1998.7397 -12.8221 -4.2245 5.3 1.9 1.0 3.4
1998.7425 -17.7604 -3.55747 2.4 1.8 1.0 3.5
1998.7452 -13.9484 -3.55747 -0.7 1.9 1.0 3.4
1998.7479 -14.8148 -3.22396 5.8 1.9 1.0 3.5
1998.7507 -15.2479 -2.44576 -1.1 1.7 1.0 3.4
1998.7534 -14.6415 -4.66918 4.9 2.0 1.0 3.5
1998.7562 -10.483 -0.333513 15.8 2.0 1.1 3.5
1998.7589 -18.7134 -2.11225 1.2 1.8 1.0 3.6
1998.7616 -20.7927 -1.77874 3 1.9 1.0 3.5
1998.7644 -20.0996 -3.77982 16.5 1.8 1.0 3.5
1998.7671 -15.5945 -1.5564 2 1.9 1.0 3.8
1998.7699 -15.1613 -8.78251 -2.4 2.0 1.1 3.7
1998.7726 -17.6738 -2.66811 12.4 1.9 1.0 3.6
1998.7753 -15.0747 -0.222342 -0.2 1.8 0.9 3.6
1998.7781 -13.6885 -2.44576 9.7 1.8 1.0 3.4
1998.7808 -19.0599 -1.5564 -5.9 2.0 1.0 3.5
1998.7836 -14.988 -3.66865 5.2 2.0 1.0 3.6
1998.7863 -12.129 -0.555855 -0.8 2.1 1.0 3.5
1998.7890 -17.5871 3.22396 13.1 2.9 1.4 4.7
