2004.6219 0 0 0 1.2 0.9 3.0
2004.6247 -1.32664 3.10835 -9.7 1.5 1.3 3.8
2004.6274 0.473797 10.1021 -9.1 1.2 0.9 3.0
2004.6301 5.35392 4.66253 -7.2 1.1 0.9 2.8
2004.6329 2.22685 6.66075 -4 1.1 0.9 2.8
2004.6356 4.83274 4.4405 -12.1 1.1 0.9 2.9
2004.6384 -2.08471 3.44139 -9.1 1.2 0.9 2.9
2004.6411 4.88012 0.777088 -7.1 1.1 0.9 2.8
2004.6438 5.1644 -2.44228 2.4 1.1 0.9 2.8
2004.6466 3.88514 6.99379 -4.1 1.1 0.9 2.8
2004.6493 0.994975 3.5524 -7.3 1.1 0.9 2.7
2004.6521 1.23187 3.33038 -9.1 1.1 0.9 2.8
2004.6548 -0.521179 4.66253 -11.6 1.1 0.9 2.8
2004.6575 1.61091 2.10924 -4.5 1.3 0.9 3.0
2004.6603 1.27926 4.4405 -6.5 1.2 0.9 2.8
2004.6630 2.84279 1.88721 -7.8 1.2 0.9 2.8
2004.6658 0.331658 1.11012 -11.6 1.6 1.1 3.3
2004.6685 -2.51113 6.2167 -5.1 1.3 0.9 2.9
2004.6712 0.236898 5.43961 -6.6 1.1 0.8 2.7
2004.6740 1.89519 3.88544 -15.1 1.1 0.9 2.7
2004.6767 2.74803 3.5524 -13.9 1.2 0.9 2.8
2004.6795 0.236898 3.99645 -7.6 1.1 0.9 2.7
2004.6822 -2.36899 3.88544 0.8 1.1 0.9 2.8
2004.6849 0.947596 4.4405 -4.2 1.1 0.9 2.8
2004.6877 1.56353 3.66341 -10 1.1 0.8 2.7
2004.6904 2.93755 2.10924 -12.7 1.1 0.8 2.7
2004.6932 0 4.32949 -4.1 1.1 0.9 2.7
2004.6959 -2.32161 1.66519 -1.4 1.1 0.9 2.7
2004.6986 -2.22685 2.10924 -9.9 1.1 0.9 2.7
2004.7014 -1.23188 1.55418 -6.6 1.1 0.9 2.7
2004.7041 2.17947 0.888101 -8.4 1.1 0.9 2.7
2004.7068 -1.56354 4.32949 -11.3 1.2 0.9 2.8
2004.7096 1.89519 3.77443 -8.3 1.1 0.9 2.7
2004.7123 -0.18952 4.88455 -11 1.1 0.9 2.8
2004.7151 1.75305 3.33038 -7.9 1.1 0.9 2.7
2004.7178 3.31659 2.55329 -7.3 1.1 0.9 2.7
2004.7205 1.80043 1.11012 -1.1 1.1 0.9 2.7
2004.7233 -0.331659 1.7762 -3.3 1.2 0.9 2.7
2004.7260 -1.4214 1.7762 -4.1 1.1 0.9 2.7
2004.7288 -0.18952 1.7762 -3.6 1.1 0.9 2.7
2004.7315 -0.18952 3.77443 -13.4 1.1 0.8 2.7
2004.7342 -0.18952 0.666075 -11.4 1.1 0.8 2.7
2004.7370 -0.521179 0.666075 -19.6 1.1 0.9 2.7
2004.7397 -0.426419 2.33126 -11.6 1.2 0.9 3.0
2005.4959 1.1845 -13.2105 -19.4 1.1 0.9 2.8
2005.4986 3.26921 -11.4343 -12.8 1.1 0.8 2.7
2005.5014 3.17445 -12.5444 -13.2 1.1 0.9 2.8
2005.5041 3.79038 -12.5444 -13.9 1.1 0.8 2.7
2005.5068 6.72793 -12.9885 -15.4 1.1 0.8 2.8
2005.5096 2.17947 -11.7673 -10.7 1.1 0.8 2.7
2005.5123 6.49104 -12.6554 -11.2 1.1 0.9 2.7
2005.5151 0.994975 -13.4325 -12.3 1.1 0.9 2.8
2005.5178 7.29649 -10.9902 -1.4 1.1 0.8 2.7
2005.5205 0.189519 -11.8783 -11.7 1.2 0.9 2.8
2005.5233 4.02728 -13.7656 -5.2 1.4 1.1 3.1
2005.5260 6.68055 -14.2096 -11 1.1 0.9 2.7
2005.5288 7.48601 -13.5435 -7.5 1.2 0.9 2.8
2005.5315 6.49104 -12.6554 -11.6 1.1 0.9 2.7
2005.5342 4.88012 -11.4343 -8 1.1 0.9 2.8
2005.5370 8.33885 -13.4325 -9.9 1.1 0.9 2.7
2005.5397 3.55349 -12.2114 -4 1.1 0.9 2.7
2005.5425 6.49104 -12.5444 -11.3 1.1 0.9 2.7
2005.5452 4.78536 -12.1004 -14.3 1.2 0.9 2.7
2005.5479 6.3489 -11.9894 -12 1.1 0.9 2.7
2005.5507 5.54344 -13.7656 -6.7 1.1 0.9 2.7
2005.5534 4.07466 -13.3215 -10.7 1.1 0.9 2.7
2005.5562 4.35894 -12.3224 -9.1 1.1 0.9 2.7
2005.5589 7.62815 -10.5462 -7.5 1.1 0.9 2.7
2005.5616 7.95981 -13.7656 -7.7 1.1 0.9 2.7
2005.5644 5.11702 -10.2132 -12.4 1.1 0.9 2.7
2005.5671 11.5607 -13.8766 -2.8 1.2 0.9 2.8
2005.5699 5.06964 -12.7664 -9.5 1.2 0.9 2.9
2005.5726 8.62313 -13.4325 -11.2 1.3 0.9 3.0
2005.5753 8.43361 -10.9902 -6.1 1.1 0.9 2.7
2005.5781 6.112 -15.5418 -8.8 1.1 0.9 2.7
2005.5808 6.15938 -14.6537 -10.7 1.1 0.9 2.7
2005.5836 7.15435 -12.9885 -9.8 1.1 0.9 2.8
2005.5863 3.88514 -13.4325 -0.7 1.1 0.9 2.7
2005.5890 7.86505 -13.9876 -2.8 1.1 0.9 2.7
2005.5918 7.20173 -15.7638 -15.2 1.1 0.9 2.9
2007.5452 15.0194 -61.3899 2.9 1.5 1.0 3.4
2007.5479 11.7028 -56.9494 -3.2 1.1 0.8 2.8
2007.5507 7.20173 -62.056 -0.1 1.2 0.9 2.7
2007.5534 13.219 -58.6146 -11.1 1.1 0.8 2.7
2007.5562 15.7775 -61.612 -11.7 1.1 0.8 2.7
2007.5589 16.6777 -60.5018 -2.6 1.1 0.9 2.8
2007.5616 13.7401 -60.2798 -11.7 1.2 0.9 2.7
2007.5644 8.81265 -60.5018 -10.2 1.1 0.8 2.7
2007.5671 14.1192 -61.2789 -3.8 1.1 0.9 2.7
2007.5699 10.9921 -61.1679 -6.4 1.1 0.9 2.8
2007.5726 13.1716 -61.945 -7.3 1.1 0.9 2.7
2007.5753 12.7452 -60.1688 -6 1.1 0.9 2.7
2007.5781 15.4932 -61.2789 -7.2 1.1 0.8 2.7
2007.5808 15.2089 -59.0587 -10.1 1.1 0.8 2.7
2007.5836 13.3611 -59.1697 -8.3 1.1 0.8 2.7
2007.5863 16.3934 -59.7248 -7.8 1.1 0.9 2.7
2007.5890 12.9821 -60.0578 -3.4 1.1 0.8 2.7
2007.5918 13.219 -61.723 -2 1.1 0.9 2.7
2007.5945 14.7351 -58.9477 -5.3 1.2 0.9 2.8
2007.5973 14.7351 -60.2798 -3.3 1.1 0.9 2.8
2007.6000 15.9196 -58.3926 -4.7 1.2 0.9 2.8
2007.6027 16.6777 -57.3935 -4.9 1.1 0.9 2.7
2007.6055 16.9146 -61.945 -10.1 1.1 0.8 2.7
2007.6082 13.1242 -60.0578 -6.4 1.1 0.9 2.7
2007.6110 15.0194 -58.5036 -8.6 1.1 0.8 2.7
2007.6137 15.7775 -60.2798 -8.5 1.1 0.8 2.7
2007.6164 15.0668 -60.8349 -9.7 1.1 0.8 2.6
2007.6192 13.3611 -61.0569 -11 1.1 0.9 2.8
2007.6219 14.7825 -62.8331 -8.5 1.1 0.9 2.9
2007.6247 11.7028 -60.3908 -3.8 1.1 0.9 2.8
2007.6274 13.9297 -64.1653 -4.5 1.1 0.9 2.7
2007.6301 14.4982 -59.3917 -5.9 1.1 0.9 2.8
2007.6329 12.8399 -61.945 -11.8 1.2 0.9 2.8
2007.6356 16.2987 -63.9432 -2.5 1.1 0.8 2.8
2007.6384 11.845 -61.0569 -4.9 1.1 0.8 2.8
2007.6411 13.1716 -62.7221 -6.5 1.2 0.9 2.9
2007.6438 12.0819 -61.0569 0.8 1.1 0.8 2.7
2007.6466 13.7875 -62.8331 -13 1.1 0.9 2.8
2007.6493 13.9297 -62.7221 -8.7 1.1 0.9 2.8
2007.6521 14.1666 -62.278 -12.9 1.1 0.9 2.8
2007.6548 15.1615 -62.7221 -8.6 1.1 0.9 2.8
2007.6575 13.2664 -61.2789 -10.3 1.1 0.8 2.7
2007.6603 14.0718 -63.2772 -3.2 1.1 0.8 2.7
2007.6630 12.5557 -63.7212 -3.8 1.1 0.8 2.7
2007.6658 12.7452 -63.2772 -10 1.1 0.8 2.6
2007.6685 12.9821 -61.0569 -6.3 1.1 0.8 2.6
2007.6712 11.7976 -63.4992 -10.4 1.1 0.8 2.7
2007.6740 8.76527 -62.9441 -5.7 1.1 0.8 2.7
2007.6767 13.219 -64.0542 -9.6 1.1 0.8 2.7
2007.6795 14.6404 -64.0542 -7.5 1.1 0.8 2.6
2007.6822 16.7725 -64.1653 0.4 1.2 0.9 2.9
2009.4548 27.4329 -106.683 -24.8 1.2 0.9 2.8
2009.4575 27.2908 -106.35 -18.9 1.1 0.9 2.7
2009.4603 26.817 -107.46 -15.3 1.1 0.9 2.8
2009.4630 29.186 -104.574 -16 1.1 0.9 2.7
2009.4658 30.1336 -105.24 -15.6 1.1 0.9 2.8
2009.4685 27.9541 -103.464 -19.1 1.1 0.9 2.7
2009.4712 28.3805 -106.683 -17 1.1 0.9 2.7
2009.4740 28.2858 -105.018 -11.4 1.1 0.9 2.7
2009.4767 25.443 -106.239 -20 1.1 0.9 2.7
2009.4795 26.5801 -105.906 -19.4 1.1 0.9 2.7
2009.4822 28.57 -108.015 -20.9 1.1 0.8 2.7
2009.4849 27.1013 -107.571 -18.4 1.1 0.9 2.7
2009.4877 25.2061 -108.237 -16.3 1.1 0.9 2.7
2009.4904 27.4329 -105.24 -16.7 1.1 0.9 2.7
2009.4932 25.4903 -105.129 -20 1.1 0.9 2.8
2009.4959 28.0962 -105.684 -14.1 1.1 0.9 2.8
2009.4986 25.443 -108.792 -25 1.1 0.9 2.8
2009.5014 29.6124 -106.128 -20 1.1 0.8 2.7
2009.5041 28.0489 -108.126 -0.6 1.1 0.9 2.7
2009.5068 21.3683 -105.795 -17.9 1.1 0.9 2.7
2009.5096 27.6224 -107.682 -23.9 1.1 0.9 2.7
2009.5123 25.5377 -104.463 -12.3 1.1 0.9 2.7
2009.5151 31.2233 -102.132 -20.9 1.1 0.9 2.7
2009.5178 28.3805 -105.795 -17.4 1.1 0.9 2.7
2009.5205 24.5901 -106.35 -9 1.1 0.9 2.7
2009.5233 25.7272 -106.128 -11.4 1.1 0.9 2.7
2009.5260 26.2958 -108.348 -9.2 1.1 0.9 2.7
2009.5288 27.2908 -107.016 -13.2 1.1 0.9 2.7
2009.5315 28.6648 -107.682 -4.3 1.1 0.9 2.7
2009.5342 25.4903 -109.347 -4.9 1.1 0.9 2.7
2009.5370 25.9168 -107.016 -16.6 1.1 0.9 2.7
2009.5397 28.5227 -107.793 -16.7 1.1 0.8 2.7
2009.5425 30.8916 -110.569 -12.5 1.1 0.9 2.7
2009.5452 29.4702 -110.235 -18.4 1.1 0.9 2.7
2009.5479 26.9591 -110.124 -14 1.1 0.9 2.7
2009.5507 27.6698 -108.126 -17.7 1.1 0.9 2.7
2009.5534 26.6748 -106.905 -12 1.1 0.8 2.7
2009.5562 26.7696 -107.46 -24.2 1.3 0.9 2.8
2009.5589 23.9742 -108.459 -16.8 1.1 0.9 2.7
2009.5616 29.4702 -110.124 -15.6 1.2 0.9 2.8
2009.5644 30.1336 -110.457 -16.4 1.2 0.9 2.7
2009.5671 20.6102 -110.902 -16.4 1.2 0.9 2.7
2009.5699 26.1063 -113.899 -13.7 1.1 0.9 2.7
2009.5726 26.201 -111.568 -13 1.1 0.9 2.7
2009.5753 28.0489 -111.235 -10.8 1.1 0.9 2.7
2009.5781 26.0589 -110.124 -13.4 1.4 0.9 3.0
2009.5808 27.9541 -111.79 -13.4 1.1 0.9 2.7
2009.5836 24.4954 -110.902 -18.6 1.1 0.8 2.7
2009.5863 25.3956 -112.456 -8.6 1.1 0.8 2.7
2009.5890 24.6375 -113.677 -15.7 1.1 0.9 2.7
2009.5918 28.6174 -110.124 -17.5 1.1 0.8 2.7
2009.5945 30.1809 -111.346 -18 1.2 0.9 2.8
2009.5973 22.4107 -108.792 -9.9 1.1 0.9 2.7
2009.6000 28.8543 -111.346 -12.8 1.2 0.9 2.7
2009.6027 28.8543 -110.124 -16.7 1.1 0.9 2.7
2009.6055 25.822 -113.122 -16.1 1.1 0.9 2.7
2009.6082 21.8421 -113.122 -17.3 1.1 0.9 2.7
2009.6110 24.4954 -115.342 -14.6 1.1 0.9 2.7
2009.6137 26.9591 -114.787 -18.8 1.1 0.8 2.7
2009.6164 25.7272 -116.452 -15.9 1.1 0.9 2.7
2009.6192 27.196 -114.343 -14.7 1.1 0.9 2.8
2009.6219 26.4379 -113.677 -13.4 1.1 0.9 2.8
2009.6247 25.0639 -115.231 -15.2 1.1 0.9 2.7
2009.6274 25.1113 -114.898 -22.7 1.2 0.9 2.8
2009.6301 29.2807 -116.452 -20.2 1.1 0.8 2.7
2009.6329 27.1486 -115.453 -16.6 1.1 0.9 2.7
2009.6356 26.8644 -115.453 -19.3 1.1 0.9 2.7
