1997.4740 0 0 0 3.5 2.6 7.0
1997.4767 -1.08052 -1.22136 -3.2 1.4 1.0 2.9
1997.4795 -3.34962 -1.55446 -2.5 1.4 1.1 2.9
1997.4822 -3.07949 -1.66549 -5.6 1.7 1.1 3.2
1998.5315 -21.9346 3.55305 5.4 1.7 1.2 3.9
1998.5342 -25.2842 3.33099 -1.3 1.7 1.3 4.0
1999.5205 -57.9701 25.9817 11.2 4.3 2.0 6.1
1999.5233 -60.9956 23.65 9 1.5 1.0 2.9
1999.5260 -58.9426 22.9838 12.2 1.5 1.1 2.8
1999.5288 -56.0251 11.4364 -8.9 4.7 4.0 9.0
2000.5315 -72.233 40.8601 -24.2 4.7 2.6 6.9
2000.5342 -84.2268 41.4153 -18.7 1.6 1.1 3.2
2000.5370 -81.0393 33.754 2.8 1.5 1.0 3.0
2000.5397 -79.9047 37.9732 -9.2 2.1 1.6 4.1
2000.5425 -81.5795 36.8629 -6 1.5 1.1 2.9
2000.5452 -80.3909 36.1967 -3.4 1.3 0.9 2.8
2000.5479 -62.8324 37.8622 -6.1 5.3 3.8 9.4
2001.3507 -118.696 59.7357 -22.9 4.5 2.5 7.6
2001.3534 -105.567 51.7413 -17.6 1.8 1.2 3.1
2001.3562 -103.946 49.5207 -14.6 1.6 1.3 3.1
2001.3589 -105.729 49.1876 -23.4 1.6 1.2 3.4
