1995.4630 0 0 0 1.6 1.1 2.9
1995.4658 -2.02663 -0.999318 9.2 1.6 1.1 3.2
1995.4685 -3.94372 -2.99795 -1.4 1.6 1.1 3.2
1995.4712 -1.86231 -2.44278 6.5 1.4 1.1 2.9
1995.4740 1.86231 -5.88487 5.5 1.6 1.1 3.0
2005.5342 -294.738 23.2064 104.7 1.3 0.9 2.8
2005.5370 -293.971 22.6512 103.3 1.3 0.9 2.8
2005.5397 -296.436 24.7609 105.7 1.4 0.9 2.8
2005.5425 -294.519 22.2071 107 1.5 1.0 2.9
2005.5452 -294.793 23.8726 110.4 2.1 1.2 3.5
2006.5096 -319.277 5.55177 100.8 1.3 0.9 2.6
2006.5123 -317.195 7.99454 102.9 1.2 0.8 2.6
2006.5151 -319.441 8.43868 101.7 1.2 0.8 2.6
2006.5178 -321.139 7.43937 87.5 1.2 0.8 2.6
2006.5205 -320.099 8.21661 93.1 1.6 1.0 3.2
2007.5397 -351.593 5.99591 103.7 1.1 0.8 2.4
2007.5425 -352.963 6.66212 105.4 1.1 0.8 2.4
2007.5452 -355.702 8.77179 96.1 1.6 1.2 3.4
