2021.6411 0 0 0 8.6 3.5 9.2
2021.6438 5.24479 -1.11065 -3.6 1.3 1.0 2.8
2021.6466 11.311 -4.55368 -4.3 1.3 0.9 2.7
2021.6493 8.27792 -1.77704 1 1.3 0.9 2.7
2021.6521 9.92086 -2.22131 6.9 1.3 0.9 2.7
2021.6548 6.57178 -2.5545 4.2 1.3 0.9 2.7
2021.6575 7.96196 -4.88687 7.7 1.3 0.9 2.7
2021.6603 12.0693 -1.88811 -6.8 1.3 0.9 2.7
2021.6630 9.0362 -4.66474 2.3 1.3 0.9 2.7
2021.6658 4.80245 -4.33154 3.1 1.3 0.9 2.7
2021.6685 7.58282 -6.33072 1.7 1.3 0.9 2.7
2021.6712 7.96196 -5.4422 -0.2 1.3 1.0 2.8
2021.6740 7.7092 -5.109 -3.5 1.4 1.0 2.9
2021.6767 8.27792 -8.66309 3.1 1.5 1.0 2.9
2021.6795 9.09939 -7.44137 1.7 1.4 1.0 2.8
2021.6822 4.86564 -9.88481 7.1 1.3 0.9 2.7
2021.6849 4.54969 -4.22048 4 1.3 0.9 2.7
2021.6877 6.25583 -4.33154 2.8 1.3 0.9 2.7
2021.6904 12.4485 -10.9955 4.5 1.3 0.9 2.7
2021.6932 5.05522 -7.9967 1.6 1.3 0.9 2.7
2021.6959 9.22577 -7.55244 6.1 1.3 0.9 2.7
2021.6986 5.93988 -6.88605 7.8 1.3 0.9 2.7
2021.7014 12.3221 -9.10735 6.9 1.3 0.9 2.7
2021.7041 9.6681 -6.44179 1 1.3 0.9 2.7
2021.7068 9.54172 -7.77457 -0.1 1.3 0.9 2.7
2021.7096 8.15154 -6.88605 4.9 1.3 0.9 2.7
2021.7123 11.627 -11.2176 8.5 1.3 0.9 2.7
2021.7151 6.38221 -7.55244 7 1.3 0.9 2.7
2021.7178 12.2589 -6.77498 3.3 1.3 0.9 2.7
2021.7205 11.1847 -11.3287 6.3 1.3 0.9 2.7
2021.7233 12.3221 -13.1057 11.1 1.3 0.9 2.7
2021.7260 7.33006 -9.44055 3.7 1.3 0.9 2.7
2021.7288 12.1957 -11.7729 5.8 1.3 0.9 2.7
2021.7315 6.38221 -7.9967 6.7 1.3 1.0 2.9
2021.7342 7.51963 -7.9967 2.6 1.3 0.9 2.7
2021.7370 15.4816 -14.2164 -0.6 1.3 0.9 2.7
2021.7397 14.0282 -10.9955 2.8 1.3 0.9 2.7
2021.7425 11.3742 -11.5508 4.5 1.3 0.9 2.7
2021.7452 9.47853 -9.77374 12.8 1.3 0.9 2.7
2021.7479 11.627 -10.9955 2.8 1.3 0.9 2.7
2021.7507 9.6681 -11.6619 11.1 1.3 0.9 2.7
2021.7534 4.23374 -11.995 9.5 1.3 0.9 2.7
2021.7562 12.4485 -13.4389 -2.2 1.2 0.9 2.7
2021.7589 14.5337 -8.88522 7.7 1.2 0.9 2.7
2021.7616 14.9761 -8.21883 3.7 1.3 0.9 2.7
2021.7644 10.616 -10.3291 11.5 1.3 0.9 2.7
2021.7671 12.638 -10.218 11.7 1.3 0.9 2.7
2021.7699 7.77239 -6.99711 1.7 1.3 0.9 2.7
2021.7726 11.311 -8.88522 -1.1 1.2 0.9 2.7
2021.7753 12.1957 -10.4401 2.2 1.3 0.9 2.7
2021.7781 17.3773 -12.5504 5.5 1.3 0.9 2.7
2021.7808 15.292 -8.44096 -2.5 1.3 0.9 2.7
2021.7836 13.3963 -11.1065 5.3 1.3 0.9 2.7
2021.7863 11.9429 -11.1065 0.9 1.3 0.9 2.7
2021.7890 9.35215 -12.7725 5.3 1.3 0.9 2.7
2021.7918 16.1135 -10.8844 1.5 1.3 0.9 2.7
2021.7945 12.954 -9.77374 0.2 1.3 0.9 2.7
2021.7973 16.6822 -18.1036 8 1.3 0.9 2.7
2021.8000 10.8687 -12.9946 0.9 1.3 0.9 2.7
2021.8027 16.4926 -16.3266 7.6 1.3 1.0 2.8
2021.8055 11.627 -12.2172 -0.6 1.3 1.0 2.8
2021.8082 12.954 -11.6619 -2.4 1.3 0.9 2.7
2021.8110 12.5117 -14.3274 5.8 1.3 0.9 2.7
2021.8137 15.292 -13.8832 -1.3 1.3 1.0 2.8
2021.8164 12.7644 -15.5491 -1.3 1.3 0.9 2.7
2021.8192 12.0061 -16.5487 -2.8 1.3 0.9 2.7
2021.8219 14.3442 -14.6606 1.6 1.3 0.9 2.8
2021.8247 10.5528 -14.1053 1.4 1.3 0.9 2.8
2021.8274 11.4374 -13.9942 4 1.3 0.9 2.8
2021.8301 12.7644 -15.8823 8.7 1.3 0.9 2.8
2021.8329 16.1767 -14.7717 1.8 1.3 0.9 2.8
2021.8356 15.4184 -13.9942 1.2 1.3 0.9 2.8
2021.8384 11.5006 -13.1057 1.9 1.3 0.9 2.8
2021.8411 12.5748 -14.2164 3.2 1.3 0.9 2.9
2021.8438 11.5006 -14.8827 0.1 1.4 0.9 2.8
2021.8466 14.281 -15.5491 3.5 1.3 0.9 2.8
2021.8493 15.1656 -17.104 7.9 1.3 0.9 2.9
2021.8521 9.0362 -17.2151 1.5 1.3 1.0 2.9
2021.8548 11.4374 -16.2155 2.4 1.3 1.0 2.9
2021.8575 11.1847 -16.7709 4.5 1.3 0.9 2.7
2021.8603 10.8055 -14.8827 2.2 1.3 0.9 2.7
2021.8630 9.35215 -16.4377 0 1.3 0.9 2.7
2021.8658 13.3963 -21.5467 1.2 1.3 1.0 2.8
2021.8685 14.2178 -15.8823 -1.2 1.3 1.0 2.9
2021.8712 12.4485 -17.2151 8.4 1.3 1.0 2.9
2021.8740 10.7423 -15.4381 2.6 1.3 1.0 2.8
2021.8767 18.5779 -15.9934 -3.3 1.3 1.0 2.8
2021.8795 12.0061 -14.7717 3.4 1.2 0.9 2.7
2021.8822 12.0693 -16.7709 3.5 1.2 1.0 2.7
2021.8849 10.8687 -16.1045 0.8 1.3 1.0 2.8
2021.8877 13.1436 -14.5495 5.8 1.3 1.0 2.7
2021.8904 11.7534 -17.6594 -2.9 1.3 1.0 2.7
2021.8932 15.9871 -22.3241 8.2 1.2 1.0 2.7
2021.8959 11.3742 -17.3262 3.7 1.2 1.0 2.7
2021.8986 11.627 -15.1049 1.6 1.2 1.0 2.8
2021.9014 14.4706 -18.1036 -0.7 1.3 1.0 2.7
2021.9041 12.4485 -16.3266 0.5 1.3 1.0 2.7
2021.9068 16.619 -17.5483 0.3 1.2 1.0 2.7
2021.9096 13.8387 -17.4372 3.8 1.2 1.0 2.7
2021.9123 13.5227 -18.3258 1.9 1.2 1.0 2.7
2021.9151 13.6491 -19.1032 -5 1.2 1.0 2.7
2021.9178 16.3663 -19.2143 -1.7 1.3 1.0 2.7
2021.9205 15.608 -20.6581 2.1 1.3 1.0 2.8
2021.9233 12.0061 -18.659 9.2 1.3 1.0 2.9
2021.9260 11.4374 -17.4372 -1.5 1.3 1.0 2.8
2021.9288 16.4926 -15.1049 6 1.3 1.0 2.8
2021.9315 12.2589 -18.2147 3.7 1.3 1.0 2.8
2021.9342 17.0614 -17.8815 5.4 1.3 1.0 2.9
2021.9370 17.8828 -16.6598 1.4 1.3 1.0 2.9
2021.9397 12.2589 -18.1036 -3.5 1.3 1.0 2.9
2021.9425 9.41534 -19.7696 4.3 1.4 1.0 3.0
2021.9452 11.9429 -20.1028 13.1 1.3 1.0 2.8
2021.9479 13.9018 -19.8807 4.2 1.3 1.0 2.8
2021.9507 12.3853 -18.8811 12.8 1.3 1.0 2.8
2021.9534 12.8276 -17.3262 4.3 1.3 0.9 2.8
2021.9562 9.41534 -17.2151 -3.3 1.3 1.0 2.9
2021.9589 8.59387 -16.5487 -1.4 1.3 1.0 2.9
2021.9616 9.79448 -19.4364 14.1 1.3 1.0 2.9
2021.9644 10.1104 -17.2151 7.2 1.3 1.0 2.8
2021.9671 13.7755 -15.9934 13.4 1.3 1.0 2.9
2021.9699 17.7564 -16.1045 -0.7 1.3 1.0 2.9
2021.9726 14.5337 -21.5467 4.8 1.3 1.0 2.9
2021.9753 12.954 -16.8819 6.5 1.3 1.0 2.9
2021.9781 11.9429 -19.2143 7.6 1.3 1.0 2.9
2021.9808 10.3 -18.9922 6.5 1.3 1.0 2.9
2021.9836 12.7012 -17.3262 -0.8 1.3 1.0 2.9
2021.9863 13.7755 -13.1057 8.6 1.3 1.0 2.9
2021.9890 18.6411 -18.659 4.4 1.3 1.0 2.8
2021.9918 14.5337 -15.327 -1.3 1.2 0.9 2.8
2021.9945 11.6902 -17.5483 2.5 1.2 0.9 2.8
2021.9973 11.5006 -20.1028 4.9 1.2 0.9 2.8
2022.0000 6.12945 -16.3266 -2.7 1.2 0.9 2.8
2022.0027 24.5178 -23.2126 5.3 1.2 0.9 2.8
2022.0055 20.7896 -26.8778 21 1.2 0.9 2.8
2022.0082 9.92086 -21.5467 -3 1.2 0.9 2.7
2022.0110 12.8276 -21.3245 2.4 1.2 0.9 2.8
2022.0137 10.9319 -19.4364 0.4 1.2 0.9 2.8
2022.0164 11.4374 -21.3245 -2.2 1.2 0.9 2.7
2022.0192 10.616 -19.4364 -1.1 1.2 0.9 2.7
2022.0219 13.3331 -20.2139 -4.8 1.2 0.9 2.7
2022.0247 12.0061 -20.3249 7.7 1.3 1.0 3.0
2022.0274 14.7865 -22.102 8.8 1.2 0.9 2.7
2022.0301 12.3221 -19.4364 1.7 1.2 0.9 2.8
2022.0329 12.2589 -17.4372 -4 1.2 0.9 2.8
2022.0356 14.2178 -22.102 -0.4 1.2 0.9 2.8
2022.0384 13.5859 -19.8807 2.4 1.2 0.9 2.8
2022.0411 15.608 -19.5475 6.7 1.2 0.9 2.8
2022.0438 11.3742 -18.3258 5.1 1.2 0.9 2.8
2022.0466 10.0472 -20.7692 1.5 1.2 0.9 2.8
2022.0493 4.17055 -17.9926 8.3 1.2 0.9 2.8
2022.0521 11.3742 -22.3241 6.6 1.2 0.9 2.8
2022.0548 9.98405 -23.768 8.8 1.2 0.9 2.8
2022.0575 12.1325 -20.8803 0.5 1.2 0.9 2.8
2022.0603 12.0061 -20.6581 0.7 1.2 0.9 2.8
2022.0630 11.311 -20.1028 -0.4 1.3 0.9 2.8
2022.0658 9.98405 -21.6577 1 1.3 0.9 2.8
2022.0685 11.0583 -24.5454 13.8 1.3 0.9 2.7
2022.0712 9.79448 -21.4356 3.6 1.3 0.9 2.8
2022.0740 11.9429 -24.4344 3.3 1.2 0.9 2.7
2022.0767 13.7755 -25.7671 0.5 1.2 0.9 2.7
2022.0795 18.8939 -26.1003 7.6 1.2 0.9 2.7
2022.0822 11.5006 -25.6561 8.4 1.2 0.9 2.7
2022.0849 8.34111 -23.6569 0.2 1.2 0.9 2.7
2022.0877 10.4896 -20.5471 4.7 1.2 0.9 2.7
2022.0904 12.638 -21.2135 9.6 1.2 0.9 2.7
2022.0932 9.79448 -22.3241 1.1 1.3 0.9 2.7
2022.0959 10.9319 -22.6573 -7.8 1.2 0.9 2.7
2022.0986 7.45644 -22.7684 -1.9 1.3 0.9 2.7
2022.1014 11.8166 -23.4348 1.7 1.3 1.0 2.8
2022.1041 12.8908 -22.4352 2.8 1.3 1.0 2.8
2022.1068 12.2589 -24.1012 1.8 1.3 1.0 2.8
2022.1096 11.311 -24.2122 0 1.3 0.9 2.7
2022.1123 13.6491 -21.7688 4.9 1.3 0.9 2.7
2022.1151 9.28896 -23.2126 4.6 1.3 0.9 2.7
2022.1178 10.616 -20.1028 5.7 1.3 0.9 2.7
2022.1205 9.92086 -21.9909 11 1.3 0.9 2.7
2022.1233 11.7534 -21.1024 4.6 1.3 0.9 2.7
2022.1260 11.5638 -21.6577 1.5 1.3 0.9 2.7
2022.1288 8.78344 -19.6586 1.9 1.3 0.9 2.7
2022.1315 9.22577 -22.6573 6.9 1.3 0.9 2.7
2022.1342 16.1767 -20.6581 6.8 1.3 0.9 2.7
2022.1370 12.0693 -20.5471 9.2 1.3 0.9 2.7
2022.1397 11.1847 -23.4348 11.4 1.3 0.9 2.7
2022.1425 5.05522 -23.5458 5.2 1.3 0.9 2.7
2022.1452 4.67607 -24.1012 8.4 1.3 0.9 2.7
2022.1479 5.62393 -20.436 4.1 1.3 0.9 2.8
2022.1507 8.84663 -22.3241 -1.1 1.5 1.0 2.9
2022.1534 13.0804 -24.2122 2.5 1.5 1.0 2.9
2022.1562 11.311 -22.4352 6.9 1.3 0.9 2.7
2022.1589 11.0583 -23.768 4.2 1.3 0.9 2.7
2022.1616 11.7534 -23.2126 6.9 1.3 0.9 2.7
2022.1644 13.5859 -23.2126 11.9 1.3 0.9 2.7
2022.1671 11.5006 -24.3233 10.7 1.3 0.9 2.7
2022.1699 14.0282 -21.9909 12.9 1.3 0.9 2.7
2022.1726 12.7644 -21.5467 8.9 1.3 0.9 2.7
2022.1753 11.4374 -22.6573 8.8 1.3 0.9 2.7
2022.1781 13.2068 -23.2126 9.4 1.3 0.9 2.7
2022.1808 15.5448 -22.7684 -2 1.3 0.9 2.7
2022.1836 12.1957 -24.9897 6.7 1.3 0.9 2.7
2022.1863 10.8055 -21.4356 3.9 1.3 0.9 2.7
2022.1890 14.2178 -21.5467 -0.3 1.4 0.9 2.8
2022.1918 11.6902 -22.9905 -2.5 1.4 0.9 2.8
2022.1945 13.8387 -23.2126 -0.9 1.3 0.9 2.7
2022.1973 10.3632 -23.2126 5.3 1.3 0.9 2.7
2022.2000 12.7012 -23.2126 5.9 1.3 0.9 2.7
2022.2027 12.5117 -24.4344 8.1 1.3 0.9 2.7
2022.2055 15.4184 -27.211 10 1.3 0.9 2.7
2022.2082 16.619 -23.5458 1.2 1.4 0.9 2.8
2022.2110 16.9982 -27.5442 9.6 1.4 0.9 2.9
2022.2137 14.6601 -26.7667 7.9 1.3 0.9 2.7
2022.2164 18.5779 -24.6565 6.5 1.3 0.9 2.7
2022.2192 15.7975 -28.5438 9.5 1.3 0.9 2.7
2022.2219 15.9239 -27.6552 9 1.3 0.9 2.7
2022.2247 16.3031 -27.0999 3.8 1.3 0.9 2.7
2022.2274 16.1135 -24.4344 6 1.4 1.0 2.9
2022.2301 20.3472 -26.6557 7.9 1.3 1.0 2.8
2022.2329 16.9982 -24.3233 10.1 1.3 0.9 2.7
2022.2356 11.1215 -26.6557 9.4 1.3 0.9 2.7
2022.2384 13.8387 -24.7676 5 1.3 0.9 2.7
2022.2411 14.0914 -25.2118 0 1.3 0.9 2.7
2022.2438 14.0914 -25.4339 1.4 1.3 0.9 2.7
2022.2466 15.608 -26.6557 4 1.3 0.9 2.7
2022.2493 17.6933 -27.5442 3.8 1.3 0.9 2.7
2022.2521 12.7012 -25.8782 2.4 1.3 0.9 2.7
2022.2548 13.7755 -27.0999 3.9 1.3 0.9 2.7
2022.2575 16.8718 -27.3221 -1 1.3 0.9 2.7
2022.2603 12.5748 -27.4331 2.1 1.3 0.9 2.7
2022.2630 14.2178 -27.9884 7.5 1.3 0.9 2.7
2022.2658 14.7865 -29.9876 7.7 1.3 0.9 2.7
2022.2685 14.9761 -27.5442 0.1 1.3 0.9 2.8
2022.2712 15.1656 -24.9897 3.4 1.3 0.9 2.7
2022.2740 14.6601 -27.6552 1.7 1.3 0.9 2.7
2022.2767 8.15154 -24.9897 -0.5 1.3 1.0 2.8
2022.2795 12.5117 -30.4319 7.8 1.3 0.9 2.7
2022.2822 13.4595 -25.8782 -0.8 1.3 0.9 2.7
2022.2849 13.6491 -28.0995 7.1 1.3 0.9 2.7
2022.2877 12.0061 -27.6552 5 1.3 1.0 2.8
2022.2904 11.3742 -27.6552 8.2 1.3 0.9 2.8
2022.2932 13.9018 -28.5438 9.5 1.3 0.9 2.7
2022.2959 14.0282 -28.2106 6.9 1.3 0.9 2.7
2022.2986 11.627 -28.2106 1.4 1.3 0.9 2.7
2022.3014 12.954 -30.0987 -0.4 1.3 0.9 2.7
2022.3041 8.78344 -29.8766 7.8 1.3 0.9 2.8
2022.3068 9.60491 -31.7647 2 1.3 0.9 2.8
2022.3096 14.4706 -29.9876 0.2 1.3 0.9 2.7
2022.3123 12.1957 -31.9868 -0.9 1.3 0.9 2.7
2022.3151 14.8497 -30.9872 6.1 1.3 0.9 2.8
2022.3178 13.8387 -31.4315 5 1.2 0.9 2.7
2022.3205 11.8166 -30.2097 12 1.3 0.9 2.9
2022.3233 10.9319 -30.654 7.9 1.3 0.9 2.8
2022.3260 10.8687 -28.0995 8.3 1.2 0.9 2.7
2022.3288 13.8387 -30.2097 2.4 1.2 0.9 2.7
2022.3315 14.281 -32.0979 7.9 1.2 0.9 2.7
2022.3342 10.9319 -31.3204 -2.1 1.3 0.9 2.8
2022.3370 17.7564 -34.7634 4.4 1.3 1.0 2.8
2022.3397 13.6491 -33.0974 1.2 1.3 0.9 2.8
2022.3425 12.7644 -31.6536 2.3 1.2 0.9 2.7
2022.3452 13.6491 -31.2093 1.7 1.2 0.9 2.7
2022.3479 10.8055 -30.7651 1.9 1.2 0.9 2.7
2022.3507 11.8798 -31.6536 8.4 1.2 0.9 2.7
2022.3534 13.2068 -32.9864 11.3 1.2 0.9 2.7
2022.3562 15.3552 -35.763 7.7 1.2 0.9 2.7
2022.3589 12.638 -33.8749 11.1 1.2 0.9 2.7
2022.3616 15.2288 -30.0987 0.1 1.2 0.9 2.7
2022.3644 15.1656 -33.6528 14.8 1.2 0.9 2.7
2022.3671 15.1656 -38.5396 9.2 1.2 0.9 2.7
2022.3699 9.09939 -36.4294 5 1.2 0.9 2.7
2022.3726 12.2589 -33.7638 6.2 1.2 0.9 2.7
2022.3753 14.7865 -37.9843 15.9 1.2 0.9 2.7
2022.3781 14.5969 -35.5409 5.6 1.2 0.9 2.7
2022.3808 11.9429 -35.0966 1.1 1.2 0.9 2.7
2022.3836 8.53068 -33.7638 7 1.2 0.9 2.7
2022.3863 11.9429 -35.6519 3.3 1.2 0.9 2.7
2022.3890 10.8055 -34.9856 2.6 1.2 0.9 2.7
2022.3918 12.954 -35.3188 3.8 1.2 0.9 2.7
2022.3945 11.5638 -34.2081 0.8 1.2 0.9 2.7
2022.3973 10.9319 -33.0974 2.9 1.2 0.9 2.7
2022.4000 13.1436 -33.986 5.1 1.2 0.9 2.8
2022.4027 13.1436 -35.6519 4.6 1.2 0.9 2.8
2022.4055 13.965 -35.2077 6.9 1.2 0.9 2.7
2022.4082 13.965 -35.9851 7.6 1.2 0.9 2.7
2022.4110 14.3442 -33.986 3.9 1.2 0.9 2.8
2022.4137 9.6681 -37.429 8.2 1.2 0.9 2.8
2022.4164 15.8607 -37.0958 2.4 1.2 0.9 2.7
2022.4192 16.1767 -35.763 6.9 1.2 0.9 2.8
2022.4219 14.9129 -36.5405 9.9 1.2 0.9 2.8
2022.4247 14.5969 -32.6532 9.1 1.2 0.9 2.7
2022.4274 11.0583 -35.8741 5.6 1.2 0.9 2.7
2022.4301 11.6902 -36.3183 7.9 1.2 0.9 2.7
2022.4329 12.1325 -36.0962 6.1 1.2 0.9 2.8
2022.4356 12.7644 -37.7622 10.4 1.2 0.9 2.8
2022.4384 15.9871 -33.2085 12.5 1.2 0.9 2.7
2022.4411 12.3221 -36.3183 10.1 1.2 0.9 2.7
2022.4438 12.0061 -34.6524 9.9 1.2 0.9 2.7
2022.4466 15.7344 -36.3183 4.7 1.2 0.9 2.7
2022.4493 15.0393 -36.8737 4.9 1.2 0.9 2.7
2022.4521 15.4184 -35.5409 10.9 1.2 0.9 2.7
2022.4548 12.5748 -35.2077 12.9 1.2 0.9 2.7
2022.4575 11.5006 -35.6519 8.6 1.2 0.9 2.6
2022.4603 15.7975 -34.5413 0.5 1.2 0.9 2.7
2022.4658 12.954 -34.8745 0.6 1.2 0.9 2.7
2022.4685 13.8387 -37.2069 8.6 1.2 0.9 2.7
2022.4712 12.3853 -37.0958 12.8 1.2 0.9 2.7
2022.4740 12.8276 -36.2073 12.6 1.2 0.9 2.6
2022.4767 12.954 -36.2073 14 1.2 0.9 2.7
2022.4795 12.3221 -36.8737 0.4 1.3 0.9 2.8
2022.4822 14.9761 -37.429 4.1 1.2 0.9 2.7
2022.4849 9.0362 -38.3175 10 1.2 0.9 2.7
2022.4877 14.0914 -36.7626 5.5 1.2 0.9 2.7
2022.4904 12.0061 -36.9847 6.5 1.2 0.9 2.7
2022.4932 12.4485 -38.4286 2.7 1.2 0.9 2.7
2022.4959 13.8387 -36.9847 6.5 1.2 0.9 2.7
2022.4986 13.0172 -34.3192 2.6 1.2 0.9 2.7
2022.5014 10.3632 -40.0946 10.7 1.2 0.9 2.7
2022.5041 10.9951 -35.8741 3.1 1.2 0.9 2.7
2022.5068 11.311 -38.4286 5.1 1.3 0.9 2.9
2022.5096 10.3632 -39.8724 9.9 1.3 0.9 2.9
2022.5123 12.1957 -39.206 6.4 1.3 0.9 2.8
2022.5151 10.7423 -39.8724 3.5 1.2 0.9 2.7
2022.5178 11.4374 -40.3167 11.8 1.2 0.9 2.7
2022.5205 14.5337 -37.6511 7.5 1.2 0.9 2.7
2022.5233 12.5117 -36.4294 8.4 1.2 0.9 2.7
2022.5260 14.5337 -38.0954 1.9 1.2 0.9 2.7
2022.5288 12.0693 -35.8741 12.1 1.2 0.9 2.7
2022.5315 14.5337 -40.0946 2.3 1.2 0.9 2.7
2022.5342 16.5558 -37.0958 -1.6 1.3 1.0 2.8
2022.5370 11.7534 -39.7614 0.3 1.3 0.9 2.8
2022.5397 8.59387 -35.0966 -2.4 1.2 0.9 2.7
2022.5425 17.1245 -38.4286 -4.1 1.2 0.9 2.7
2022.5452 14.4074 -38.0954 8.5 1.2 0.9 2.7
2022.5479 9.0362 -41.4273 3 1.2 0.9 2.7
2022.5507 17.1245 -38.4286 -1.2 1.2 0.9 2.7
2022.5534 12.3853 -37.7622 6.8 1.2 0.9 2.7
2022.5562 12.7644 -40.7609 0.7 1.2 0.9 2.7
2022.5589 16.1767 -40.872 7.1 1.2 0.9 2.7
2022.5616 13.2068 -41.2052 -1.6 1.2 0.9 2.7
2022.5644 18.7675 -37.9843 -3.2 1.2 0.9 2.7
2022.5671 14.4706 -40.0946 2.9 1.2 0.9 2.7
2022.5699 16.935 -39.4282 -1.7 1.2 0.9 2.7
2022.5726 12.0693 -39.3171 1.3 1.2 0.9 2.7
2022.5753 12.8276 -37.6511 -3.7 1.2 0.9 2.7
2022.5781 12.7012 -38.6507 2.9 1.2 0.9 2.7
2022.5808 11.7534 -39.095 9.9 1.2 0.9 2.7
2022.5836 16.7454 -38.2064 -2.8 1.3 0.9 2.7
2022.5863 15.7975 -42.4269 0.8 1.3 1.0 2.8
2022.5890 17.8828 -44.7593 8.1 1.3 1.0 2.8
2022.5918 11.8166 -39.7614 9 1.3 0.9 2.7
2022.5945 13.7755 -38.7618 5.8 1.3 0.9 2.7
2022.5973 14.4074 -41.8716 13.6 1.3 0.9 2.7
2022.6000 10.6791 -40.9831 9.6 1.3 0.9 2.8
2022.6027 12.7012 -38.3175 10.6 1.3 0.9 2.7
2022.6055 13.2699 -44.7593 7.4 1.3 0.9 2.7
2022.6082 13.3331 -38.7618 4.7 1.3 0.9 2.7
2022.6110 19.7153 -40.872 3.8 1.4 1.0 2.7
2022.6137 27.5509 -35.8741 9.6 1.4 1.0 2.8
2022.6164 11.5638 -39.5392 13.7 1.3 0.9 2.7
2022.6192 13.4595 -43.4265 2.6 1.3 0.9 2.7
2022.6219 11.5638 -43.9818 13.3 1.3 0.9 2.7
2022.6247 12.3221 -44.4261 1.2 1.3 0.9 2.7
2022.6274 16.619 -42.8712 10.4 1.3 0.9 2.7
2022.6301 14.4706 -40.2056 3.9 1.3 0.9 2.7
2022.6329 13.5227 -42.9823 3.2 1.3 0.9 2.7
2022.6356 10.4264 -44.5372 -0.5 1.3 0.9 2.7
2022.6384 11.5638 -42.7601 -1.3 1.3 0.9 2.7
2022.6411 11.8166 -44.204 5.1 1.3 0.9 2.7
2022.6438 16.4295 -41.7605 2 1.5 1.0 3.0
2022.6466 16.1135 -42.4269 2.5 1.5 1.0 3.0
2022.6493 11.4374 -42.7601 6.3 1.3 1.0 2.8
2022.6521 12.4485 -38.4286 6.6 1.3 1.0 2.7
2022.6548 13.5227 -43.9818 0.7 1.3 1.0 2.7
2022.6575 16.3663 -43.9818 6.6 1.3 1.0 2.7
2022.6603 15.6712 -47.5359 14.6 1.3 0.9 2.7
2022.6630 15.608 -43.7597 11.6 1.3 0.9 2.7
2022.6658 12.0061 -40.872 7.5 1.3 0.9 2.7
2022.6685 9.79448 -42.538 5.4 1.3 0.9 2.7
2022.6712 12.7644 -40.7609 8.3 1.3 0.9 2.6
2022.6740 11.311 -48.7576 9.8 1.3 0.9 2.6
2022.6767 12.954 -45.4257 11.5 1.3 0.9 2.7
2022.6795 10.8055 -43.2044 2.3 1.3 0.9 2.7
2022.6822 9.35215 -44.9814 9.9 1.3 0.9 2.6
2022.6849 12.638 -43.8708 3.3 1.3 0.9 2.6
2022.6877 18.4515 -42.7601 1.9 1.3 0.9 2.7
2022.6904 12.8276 -44.0929 4.5 1.3 0.9 2.7
2022.6932 11.6902 -43.4265 12.5 1.3 0.9 2.7
2022.6959 7.39325 -46.0921 8.5 1.3 0.9 2.7
2022.6986 13.2068 -43.8708 1 1.3 0.9 2.7
2022.7014 15.0393 -43.0933 7.2 1.3 0.9 2.6
2022.7041 12.8908 -43.0933 10.7 1.3 0.9 2.7
2022.7068 12.2589 -45.5368 13.7 1.3 0.9 2.8
2022.7096 20.2841 -40.6499 21.9 1.3 0.9 2.6
2022.7123 16.4295 -42.8712 5 1.3 0.9 2.7
2022.7151 13.0172 -46.3142 9.7 1.3 0.9 2.7
2022.7178 15.0393 -45.6478 4.7 1.2 0.9 2.7
2022.7205 15.8607 -45.981 5.7 1.3 0.9 2.7
2022.7233 9.41534 -47.647 9.6 1.2 0.9 2.6
2022.7260 12.1957 -45.4257 -1.6 1.3 0.9 2.7
2022.7288 12.4485 -49.5351 2.7 1.3 0.9 2.7
2022.7315 11.627 -44.0929 5.2 1.3 0.9 2.7
2022.7342 13.5859 -45.2036 7.2 1.3 0.9 2.6
2022.7370 13.5227 -47.4249 5.4 1.2 0.9 2.6
2022.7397 15.608 -47.2027 3.9 1.3 0.9 2.6
2022.7425 11.9429 -46.6474 -3.2 1.3 1.0 2.7
2022.7452 9.85767 -47.9802 7 1.3 1.0 2.8
2022.7479 18.262 -47.0917 6 1.3 0.9 2.7
2022.7507 12.7012 -45.981 5.9 1.3 0.9 2.6
2022.7534 9.6681 -47.3138 1 1.3 0.9 2.6
2022.7562 14.8497 -44.6482 4.4 1.3 0.9 2.6
2022.7589 13.5859 -44.9814 -1.9 1.3 0.9 2.7
2022.7616 10.616 -50.0904 9.4 1.3 0.9 2.7
2022.7644 17.3141 -45.4257 1.8 1.4 0.9 2.8
2022.7671 12.0061 -46.8695 2.2 1.4 0.9 2.8
2022.7699 3.98098 -45.4257 -3.3 1.3 0.9 2.7
2022.7726 9.85767 -48.7576 9 1.3 0.9 2.7
2022.7753 11.5638 -45.0925 10.7 1.3 0.9 2.7
2022.7781 11.8166 -45.981 3.4 1.3 0.9 2.8
2022.7808 14.1546 -45.0925 5 1.4 0.9 2.9
2022.7836 12.5117 -47.0917 5.6 1.4 1.0 2.8
2022.7863 8.34111 -47.5359 8.1 1.3 0.9 2.8
2022.7890 9.92086 -48.8687 1.2 1.3 0.9 2.7
2022.7918 11.4374 -48.2023 -2.3 1.3 0.9 2.7
2022.7945 13.2699 -47.3138 2.5 1.3 0.9 2.6
2022.7973 12.2589 -49.8683 6.4 1.4 1.0 2.9
2022.8000 12.638 -49.6462 17.6 1.5 1.0 3.0
2022.8027 8.46749 -45.981 8.5 1.3 0.9 2.8
2022.8055 6.06626 -47.7581 3.5 1.3 1.0 2.7
2022.8082 9.98405 -48.6466 2.2 1.3 0.9 2.7
2022.8110 10.2368 -49.5351 12.7 1.3 0.9 2.6
2022.8137 14.0914 -47.9802 8.8 1.3 0.9 2.7
2022.8164 16.0503 -49.6462 10.3 1.3 0.9 2.7
2022.8192 7.83558 -50.8679 11.5 1.4 1.0 2.8
2022.8219 3.03313 -49.313 3.4 1.4 1.0 2.8
2022.8247 15.5448 -48.5355 -1.3 1.3 0.9 2.7
2022.8274 12.0061 -52.3117 8.3 1.3 0.9 2.7
2022.8301 10.0472 -48.2023 11.6 1.3 0.9 2.7
2022.8329 12.0693 -49.313 5.3 1.3 0.9 2.7
2022.8356 13.0804 -48.7576 4.4 1.3 0.9 2.7
2022.8384 14.6601 -45.981 12.9 1.3 1.0 2.8
2022.8411 11.6902 -50.5347 10.6 1.4 1.0 2.9
2022.8438 12.638 -48.8687 8.7 1.4 1.0 2.7
2022.8466 14.2178 -49.7572 8 1.3 0.9 2.7
2022.8493 7.0773 -48.9798 15.2 1.3 0.9 2.7
2022.8521 7.20368 -49.2019 9.2 1.3 0.9 2.7
2022.8548 9.73129 -52.0896 7 1.3 0.9 2.7
2022.8575 11.627 -52.3117 9 1.3 0.9 2.7
2022.8603 13.5227 -51.7564 4.9 1.3 1.0 2.7
2022.8630 10.1104 -47.647 2.2 1.3 0.9 2.7
2022.8658 16.1767 -47.2027 0.8 1.3 0.9 2.7
2022.8685 14.5969 -47.647 7.9 1.3 0.9 2.7
2022.8712 10.8055 -47.5359 8.1 1.3 0.9 2.7
2022.8740 12.7012 -48.8687 8.8 1.3 0.9 2.7
2022.8767 11.5006 -48.6466 2.6 1.3 0.9 2.7
2022.8795 12.1957 -47.4249 -0.9 1.3 0.9 2.7
2022.8822 5.11841 -49.5351 5.2 1.3 0.9 2.7
2022.8849 6.57178 -48.9798 8.9 1.3 0.9 2.7
2022.8877 8.27792 -50.2015 4 1.3 0.9 2.7
2022.8904 11.7534 -49.2019 3.8 1.3 0.9 2.7
2022.8932 11.311 -52.6449 11.6 1.3 0.9 2.7
2022.8959 12.8908 -49.6462 11.3 1.3 0.9 2.7
2022.8986 11.3742 -51.5343 7.2 1.3 0.9 2.7
2022.9014 13.6491 -50.979 7 1.3 1.0 2.8
2022.9041 10.0472 -50.3126 7.8 1.3 1.0 2.8
2022.9068 8.34111 -49.7572 5 1.3 0.9 2.7
2022.9096 16.619 -45.5368 1.4 1.3 0.9 2.8
2022.9123 9.85767 -51.2011 11.4 1.3 0.9 2.7
2022.9151 13.7123 -45.8699 11.1 1.3 0.9 2.6
2022.9178 8.46749 -51.7564 8.8 1.3 0.9 2.7
2022.9205 10.5528 -52.4228 13.6 1.3 0.9 2.7
2022.9233 7.33006 -50.8679 10.5 1.3 0.9 2.7
2022.9260 8.08834 -47.8691 20 1.3 0.9 2.7
2022.9288 13.1436 -49.2019 14.5 1.2 0.9 2.6
2022.9315 11.4374 -50.0904 12.3 1.3 0.9 2.6
2022.9342 15.8607 -53.9777 13.7 1.2 0.9 2.7
2022.9370 11.8798 -54.9773 18.1 1.3 0.9 2.7
2022.9397 13.965 -56.4211 10.8 1.2 0.9 2.7
2022.9425 8.78344 -52.0896 15.1 1.2 0.9 2.7
2022.9452 11.2479 -54.6441 2.4 1.2 0.9 2.6
2022.9479 13.2699 -52.9781 5.3 1.2 0.9 2.6
2022.9507 10.9319 -52.0896 5.9 1.2 0.9 2.7
2022.9534 10.3632 -54.3109 -1.1 1.3 0.9 2.7
2022.9562 8.4043 -52.8671 7.2 1.3 0.9 2.7
2022.9589 8.59387 -51.9785 9.2 1.2 0.9 2.6
2022.9616 12.8276 -50.3126 16.5 1.2 0.9 2.6
2022.9644 10.9951 -51.2011 10.1 1.2 0.9 2.7
2022.9671 10.1104 -52.2007 3.7 1.2 0.9 2.7
2022.9699 9.28896 -50.4236 6 1.3 0.9 2.7
2022.9726 10.3 -49.9794 11.5 1.3 0.9 2.7
2022.9753 10.2368 -51.3121 12.4 1.2 0.9 2.6
2022.9781 7.96196 -53.2003 8.3 1.2 0.9 2.6
2022.9808 8.46749 -53.0892 2.8 1.2 0.9 2.6
2022.9836 13.3963 -54.6441 5.6 1.2 0.9 2.6
2022.9863 9.47853 -54.1998 6.8 1.2 0.9 2.6
2022.9890 7.83558 -54.6441 3.8 1.3 0.9 2.7
2022.9918 8.84663 -54.8662 2.8 1.3 0.9 2.8
2022.9945 7.26687 -53.3113 2.4 1.2 0.9 2.6
2022.9973 8.15154 -54.422 4.7 1.2 0.9 2.6
2023.0000 8.46749 -54.8662 2.7 1.2 0.9 2.6
2023.0027 9.22577 -54.9773 3.7 1.3 0.9 2.6
2023.0055 11.6902 -53.0892 5.3 1.2 0.9 2.6
2023.0082 10.7423 -51.7564 8.3 1.2 0.9 2.6
2023.0110 8.08834 -53.2003 10.5 1.2 0.9 2.6
2023.0137 8.97301 -52.8671 8.7 1.3 0.9 2.6
2023.0164 9.28896 -53.7556 12.4 1.3 0.9 2.6
2023.0192 10.3 -51.8675 11.4 1.3 0.9 2.6
2023.0411 7.51963 -53.7556 7.1 1.3 0.9 2.6
2023.0438 8.53068 -53.9777 6.6 1.3 0.9 2.6
2023.0466 8.59387 -57.7539 14.5 1.3 0.9 2.6
2023.0493 6.69816 -55.3105 7.8 1.3 0.9 2.6
2023.0521 8.53068 -54.1998 -0.3 1.3 0.9 2.6
2023.0548 11.9429 -55.9769 8.3 1.3 1.0 2.7
2023.0575 9.35215 -53.8666 3 1.3 1.0 2.7
2023.0603 8.72025 -54.8662 8 1.3 1.0 2.7
2023.0630 7.39325 -52.4228 9.1 1.3 0.9 2.7
2023.0658 4.10736 -54.9773 5.6 1.3 0.9 2.7
2023.0685 7.58282 -52.6449 9.7 1.4 1.0 2.7
2023.0712 4.42331 -53.2003 17 1.4 1.0 2.9
2023.0740 6.12945 -52.4228 8.9 1.4 1.0 2.8
2023.0767 4.67607 -54.3109 14.7 1.3 0.9 2.7
2023.0795 7.83558 -54.422 15 1.4 1.0 2.7
2023.0822 6.31902 -54.9773 12.9 1.4 1.0 2.7
2023.0849 5.68712 -57.3097 11.7 1.4 1.0 2.7
2023.0877 8.46749 -53.7556 21.9 1.4 1.0 2.8
2023.0904 3.15951 -53.0892 15.4 1.4 1.0 2.7
2023.0932 4.61288 -55.4216 11.9 1.4 0.9 2.7
2023.0959 5.87669 -55.7548 6 1.4 0.9 2.7
2023.0986 5.49755 -56.7543 9.9 1.4 0.9 2.7
2023.1014 7.14049 -51.9785 11.3 1.4 0.9 2.7
2023.1041 6.82454 -54.3109 12.9 1.4 0.9 2.7
2023.1068 3.53865 -54.533 15.9 1.4 0.9 2.7
2023.1096 3.2227 -55.9769 16.6 1.4 0.9 2.7
2023.1123 1.83252 -56.199 8.2 1.4 0.9 2.7
2023.1151 4.42331 -56.4211 14.1 1.4 0.9 2.7
2023.1178 6.00307 -55.9769 16.2 1.4 0.9 2.7
2023.1205 4.86564 -55.3105 11.8 1.5 1.0 2.8
2023.1233 6.19264 -54.533 12.7 1.5 1.0 2.8
2023.1260 11.9429 -58.1982 25.7 1.5 0.9 2.7
2023.1288 6.63497 -55.9769 12 1.5 1.0 2.9
2023.1315 3.8546 -55.6437 14.2 1.4 0.9 2.9
2023.1342 1.9589 -58.6425 14 1.4 0.9 2.7
2023.1370 4.23374 -55.8658 13.5 1.4 0.9 2.7
2023.1397 7.77239 -55.4216 16.6 1.4 0.9 2.7
2023.1425 5.1816 -56.9765 15 1.4 0.9 2.7
2023.1452 4.36012 -53.4224 13.2 1.4 0.9 2.7
2023.1479 5.49755 -56.3101 13.7 1.4 0.9 2.7
2023.1507 7.39325 -55.7548 12.2 1.4 0.9 2.7
2023.1534 7.77239 -55.0884 16.4 1.4 0.9 2.7
2023.1562 11.6902 -56.9765 14.8 1.4 0.9 2.7
2023.1589 8.84663 -58.4203 16.2 1.6 1.0 2.8
2023.1616 9.47853 -58.7535 10.3 1.4 1.0 2.8
2023.1644 10.1736 -57.5318 15.3 1.4 0.9 2.7
2023.1671 7.39325 -56.088 9.9 1.4 0.9 2.7
2023.1699 7.89877 -60.5306 18 1.4 0.9 2.7
2023.1726 10.8055 -55.3105 20 1.4 0.9 2.7
2023.1753 4.61288 -54.3109 27 1.4 0.9 2.7
2023.1781 1.83252 -53.6445 28.2 1.4 0.9 2.7
2023.1808 6.57178 -54.533 16.4 1.4 0.9 2.7
2023.1836 8.90982 -55.3105 12.1 1.4 0.9 2.7
2023.1863 9.60491 -55.8658 14 1.4 1.0 2.8
2023.1890 8.21472 -55.6437 16.5 1.4 0.9 2.8
2023.1918 8.90982 -56.7543 15.3 1.4 0.9 2.7
2023.1945 9.28896 -56.199 21.2 1.4 0.9 2.7
2023.1973 9.0362 -57.3097 24.1 1.4 0.9 2.7
2023.2000 12.8276 -57.7539 15.3 1.4 0.9 2.8
2023.2027 9.73129 -56.5322 9.5 1.4 0.9 2.7
2023.2055 7.45644 -57.6429 7 1.3 0.9 2.7
2023.2082 14.2178 -56.9765 6.3 1.4 0.9 2.7
2023.2110 10.6791 -56.6433 13.6 1.3 0.9 2.7
2023.2137 10.2368 -57.9761 11.5 1.3 0.9 2.7
2023.2164 13.1436 -53.6445 9.1 1.3 0.9 2.7
2023.2192 11.311 -56.5322 16.3 1.3 0.9 2.7
2023.2219 7.14049 -61.4191 14.6 1.3 0.9 2.7
2023.2247 8.53068 -57.0875 10.2 1.5 1.0 2.8
2023.2274 8.02515 -56.9765 12.9 1.4 1.0 2.8
2023.2301 12.7644 -56.199 15.4 1.4 0.9 2.7
2023.2329 8.21472 -55.7548 14.5 1.3 0.9 2.7
2023.2356 9.60491 -56.8654 17.5 1.3 0.9 2.7
2023.2384 13.3331 -57.1986 17.6 1.3 0.9 2.7
2023.2411 7.01411 -55.4216 12.1 1.4 1.0 2.8
2023.2438 9.98405 -57.865 16.6 1.4 1.0 2.8
2023.2466 12.954 -58.8646 19.9 1.3 0.9 2.7
2023.2493 10.2368 -60.6416 20.9 1.3 0.9 2.7
2023.2521 10.1104 -57.0875 16.4 1.3 0.9 2.7
2023.2548 5.05522 -58.8646 6.8 1.4 1.0 2.9
2023.2575 10.2368 -56.199 11.7 1.4 1.0 2.9
2023.2603 11.8166 -59.7531 12.7 1.3 1.0 2.7
2023.2630 7.51963 -58.8646 15.9 1.4 1.0 2.8
2023.2658 7.01411 -58.6425 14.3 1.3 1.0 2.7
2023.2685 10.616 -63.3072 17.5 1.3 1.0 2.7
2023.2712 2.84356 -55.8658 13.9 1.3 1.0 2.7
2023.2740 6.38221 -59.0867 8 1.3 0.9 2.7
2023.2767 9.54172 -57.9761 13.1 1.3 1.0 2.8
2023.2795 7.64601 -58.8646 6.8 1.3 1.0 2.8
2023.2822 11.1215 -59.531 14.7 1.3 1.0 2.8
2023.2849 11.7534 -65.4174 13.2 1.5 1.0 2.9
2023.2877 10.2368 -59.4199 15.6 1.4 1.0 2.8
2023.2904 12.5117 -64.9732 15.2 1.3 1.0 2.8
2023.2932 12.5748 -59.9752 14 1.3 0.9 2.7
2023.2959 2.46442 -62.8629 15.6 1.3 0.9 2.7
2023.2986 7.01411 -62.974 12.1 1.3 0.9 2.7
2023.3014 9.6681 -60.6416 13.5 1.3 0.9 2.7
2023.3041 3.91779 -61.7523 15.3 1.3 0.9 2.7
2023.3068 9.22577 -62.6408 15 1.3 1.0 2.7
2023.3096 6.4454 -64.3068 12 1.3 1.0 2.7
2023.3123 6.38221 -63.0851 12.3 1.4 1.1 2.8
2023.3151 7.14049 -59.9752 11.3 1.3 0.9 2.7
2023.3178 5.30798 -60.9748 12.6 1.3 0.9 2.7
2023.3205 6.31902 -61.5302 16.3 1.3 0.9 2.7
2023.3233 8.21472 -61.0859 15.6 1.3 0.9 2.7
2023.3260 4.4865 -61.6412 12.5 1.3 1.0 2.7
2023.3288 8.4043 -60.9748 9.6 1.3 0.9 2.7
2023.3315 4.92884 -61.8633 11.6 1.3 0.9 2.7
2023.3342 9.28896 -62.6408 12.8 1.3 0.9 2.7
2023.3370 5.30798 -62.0855 16 1.3 0.9 2.7
2023.3397 9.09939 -63.7515 13.3 1.3 0.9 2.7
2023.3425 7.39325 -61.0859 9 1.3 1.0 2.8
2023.3452 5.49755 -60.5306 10.3 1.3 1.0 2.7
2023.3479 6.95092 -61.7523 11.7 1.3 0.9 2.7
2023.3507 4.80245 -60.1974 17.9 1.3 0.9 2.7
2023.3534 6.82454 -60.5306 9.7 1.3 1.0 2.7
2023.3562 7.33006 -61.4191 8.6 1.3 1.0 2.8
2023.3589 4.42331 -63.8625 5.9 1.3 0.9 2.7
2023.3616 9.54172 -61.6412 10.3 1.3 0.9 2.7
2023.3644 9.60491 -62.1965 13.6 1.3 0.9 2.7
2023.3671 2.84356 -61.8633 20.9 1.3 1.0 2.8
2023.3699 10.9951 -59.531 15.3 1.3 1.0 2.8
2023.3726 6.50859 -60.5306 7.3 1.3 1.0 2.8
2023.3753 6.00307 -61.6412 13 1.3 1.0 2.7
2023.3781 9.92086 -59.3088 9.1 1.3 1.0 2.8
2023.3808 10.4264 -61.6412 11.9 1.3 1.0 2.9
2023.3836 7.51963 -60.4195 6.5 1.3 1.0 2.9
2023.3863 6.95092 -63.1961 13.9 1.3 1.0 2.9
2023.3890 6.00307 -61.4191 5.7 1.3 1.0 2.8
2023.3918 12.1957 -60.1974 10 1.2 1.0 2.7
2023.3945 9.16258 -61.308 15.3 1.3 1.0 2.7
2023.3973 8.53068 -59.642 6.7 1.3 1.0 2.7
2023.4000 9.54172 -60.9748 5.5 1.3 1.0 2.7
2023.4027 10.8055 -63.6404 12.1 1.3 1.0 2.7
