2018.3671 0 0 0 8.5 3.7 12.1
2018.5014 -8.32624 -18.098 11.8 28.4 17.1 43.0
2018.5096 -10.5145 -20.4297 35.2 5.8 3.6 12.2
2018.5205 -25.5125 -6.77288 18.6 4.4 3.2 9.9
2018.9452 -18.2003 -4.21917 -43.2 1.3 0.9 2.9
2018.9479 -20.3886 -4.66329 -44.1 1.3 0.9 2.9
2018.9507 -19.7481 -4.10814 -47.6 1.3 0.9 2.8
2018.9534 -16.1188 -5.44051 -39 1.3 0.9 2.9
2018.9562 -15.3715 3.10886 -30.4 2.9 1.8 5.8
2019.1425 -17.5598 -2.33165 -30 1.3 0.9 2.9
2019.1452 -19.4813 -1.4434 -30.9 1.3 0.9 2.9
2019.1479 -19.6948 -3.88608 -38.6 1.3 0.9 2.9
2019.1507 -20.0684 -4.10814 -31.8 1.2 0.9 2.9
2019.1534 -20.442 -1.99855 -34.1 1.3 0.9 2.9
2019.1562 -13.0765 -0.555154 -17.8 1.8 1.1 3.8
2019.3041 -20.7622 -6.88391 -31.6 1.4 0.9 3.0
2019.3068 -21.296 -9.54865 -31.2 1.3 0.9 2.9
2019.3096 -22.4168 -7.10597 -36.8 1.3 0.9 3.0
2019.3123 -24.3382 -7.99421 -36 1.4 1.0 3.1
2019.5370 -25.4591 -9.32658 -46.7 1.4 1.0 3.2
2019.5397 -27.0603 -7.55009 -44.5 1.3 0.9 3.0
2019.5425 -22.2567 -12.5465 -42.5 1.4 0.9 3.1
2019.5452 -28.3412 -10.4369 -42.1 1.4 0.9 3.1
2019.5479 -23.0573 -8.99349 -28.2 1.5 0.9 3.1
2019.5507 -20.9224 -10.1038 -32.2 1.3 0.9 3.1
2019.5534 -24.7119 -7.88318 -44.1 1.8 1.4 4.2
2019.7123 -32.9314 -6.77288 -18.4 1.3 0.9 2.9
2019.7151 -27.8609 -11.2141 -11 1.3 0.9 2.9
2019.7178 -32.2909 -9.65968 -4.7 1.3 0.9 2.9
2019.8795 -38.3221 -8.99349 -24.7 1.6 0.9 3.5
2019.8822 -30.6363 -20.0966 -56.9 1.4 0.9 2.9
2019.8849 -31.6504 -12.1024 -27.9 1.3 0.9 2.9
2020.4356 -42.5919 -15.9884 -47.4 1.4 0.9 3.1
2020.4384 -34.3724 -16.3215 -45.7 1.4 1.0 3.1
2020.4411 -40.9374 -19.3194 -45.4 1.6 1.0 3.3
