2002.4822 0 0 0 20.1 10.5 29.0
2002.4849 7.07543 7.32854 -6.9 1.4 1.1 3.6
2002.4877 9.24821 10.3266 -6.8 1.4 1.1 3.5
2002.4904 -13.8166 11.548 8.3 31.0 15.4 33.8
2007.4521 -92.6492 47.4134 36.5 1.2 0.8 2.5
2007.4548 -93.7077 48.5238 36.1 1.2 0.8 2.4
2007.4575 -93.262 47.6355 35.5 1.2 0.8 2.5
2007.4603 -88.1365 48.1907 35 1.4 0.9 2.6
2012.6986 -188.195 80.947 64 1.2 0.8 2.4
2012.7014 -184.741 79.8366 61.5 1.2 0.8 2.4
2012.7041 -189.254 79.3925 64.5 1.3 0.9 2.6
2014.4438 -225.133 96.9366 82.9 1.2 0.8 2.5
2014.4466 -222.347 97.6028 87.1 1.3 0.9 2.5
2014.4493 -222.848 98.269 72.3 1.2 0.9 2.6
2014.4521 -215.104 101.489 54.9 1.3 0.9 2.8
