2000.5973 0 0 0 1.4 1.0 2.9
2000.6000 -0.340281 -1.33301 0.6 1.5 0.9 2.9
2000.6027 0.476394 0.555422 2 1.4 1.0 2.9
2000.6055 5.78478 1.22193 -4 1.5 1.1 3.2
2000.6082 5.92089 4.11013 2.7 1.5 1.0 3.0
2000.6110 -0.0680555 -1.88844 13.9 1.7 1.1 3.2
2000.6137 4.55977 13.4412 -18 2.0 1.5 4.1
2000.6164 -1.49724 4.11013 9.1 3.6 2.2 5.5
2000.6192 2.04169 3.33254 -0.7 1.4 1.0 2.9
2000.6219 -3.06253 2.33277 4 1.5 1.0 2.8
2000.6247 -5.10421 -3.5547 4.4 5.6 2.9 7.6
2001.4521 -0.204168 -22.7723 2.6 1.5 1.0 3.0
2001.4548 0.952786 -23.2167 2.4 1.5 1.0 3.1
2004.4932 -8.91536 -98.643 -2 1.3 0.9 2.6
2004.4959 -9.86815 -98.8652 9.2 1.2 0.9 2.5
2004.4986 -10.3445 -101.976 0.3 1.2 0.8 2.5
2004.5014 -15.3807 -104.197 9.9 1.2 0.8 2.5
2004.5041 -10.8209 -102.864 3.1 1.2 0.8 2.5
2004.5068 -13.6112 -99.0874 -5.4 1.2 0.9 2.5
2004.5096 -6.73756 -98.9763 -8 1.2 0.8 2.5
2004.5123 -6.46534 -97.8654 -0.7 1.2 0.8 2.5
2004.5151 -8.64314 -98.3098 1.6 1.2 0.8 2.5
2004.5178 -10.5487 -95.3105 -1.9 1.3 0.9 2.5
2004.5205 -7.1459 -101.309 -1.1 1.2 0.8 2.5
2004.5233 -10.1404 -99.4206 0 1.2 0.8 2.5
2004.5260 -8.8473 -105.641 -30.2 1.2 0.8 2.5
2004.5288 -13.7474 -96.3103 0.9 1.4 1.0 2.8
