1999.7068 0 0 0 2.0 1.3 4.3
1999.7096 0.346724 3.88566 0.4 2.6 1.8 5.0
1999.7123 -0.0495314 0 3.5 1.8 1.2 4.0
2000.3644 31.1061 -17.652 68.4 27.7 13.8 32.1
2000.3671 -8.27184 -18.6512 -10.8 1.4 1.1 3.4
2000.3699 -5.05226 -16.0977 -11.1 1.4 1.1 3.2
2000.3726 -8.96528 -17.652 -4.2 1.5 1.2 3.5
2000.3753 -5.94383 -20.4275 -8.7 1.8 1.5 4.2
2002.5507 -31.7005 -49.2924 -4.2 1.3 0.9 3.0
2002.5534 -29.6201 -53.9552 -6.8 1.4 1.0 3.1
2002.5562 -32.8397 -53.8441 -2.1 1.5 1.1 3.2
2002.5589 -34.2266 -50.9576 2.5 1.3 1.0 2.9
2002.5616 -32.7902 -54.6213 8.4 1.2 0.9 2.9
2002.5644 -31.75 -53.5111 3.5 1.2 0.9 2.9
2002.8438 1241.17 -799.336 4.4 2.0 1.6 4.1
2002.8466 1251.08 -806.108 -5.7 1.7 1.2 3.4
2002.8493 1259.6 -808.439 -5.6 1.6 1.1 3.3
2002.8521 1263.41 -811.77 -5.2 1.3 1.0 2.9
2002.8548 1267.82 -810.438 -8 1.2 0.9 2.9
2002.8575 1270 -814.101 0.7 1.2 1.0 2.9
2002.8603 1272.67 -814.767 -3.6 1.3 1.1 3.2
2002.8630 1272.92 -818.875 -4.3 1.4 1.1 3.3
2002.8658 1273.96 -818.542 -5.8 1.5 1.1 3.1
2002.8685 1275.5 -818.986 -2.8 1.3 1.0 2.9
2002.8712 1278.32 -819.985 -16.5 1.2 1.0 2.8
2002.8740 1283.22 -820.984 -5.4 1.2 1.1 3.1
2002.8767 1281.74 -820.429 -3.5 1.2 1.0 2.9
2002.8795 1282.13 -820.873 -4.6 1.2 1.0 3.0
2002.8822 1283.97 -824.093 -3.1 1.7 1.3 3.3
2002.8849 1281.39 -823.094 -4.5 1.2 1.0 2.9
2002.8877 1271.39 -814.878 -6.3 1.4 1.0 3.0
2002.8904 1278.42 -822.428 -10.6 2.2 1.4 4.0
2002.8932 1275.65 -828.978 -21.4 1.4 1.0 3.2
2002.8959 1284.86 -815.211 -19.9 1.5 1.1 3.2
2002.8986 1286.59 -821.428 -8.5 1.5 1.1 3.3
2002.9726 1294.27 -835.972 -16.2 1.8 1.2 3.3
2002.9753 1302.1 -831.531 -17.6 1.3 1.0 3.0
2002.9781 1291.5 -835.639 -15.7 1.7 1.2 3.4
2002.9808 1296.5 -833.752 1.6 1.5 1.1 3.2
2002.9836 1297.79 -835.861 1.9 1.6 1.1 3.2
2002.9863 1295.11 -834.64 -0.8 1.5 1.1 3.2
2002.9890 1290.06 -834.418 -2.3 2.6 1.6 4.4
2002.9918 1297.64 -835.639 -6.7 1.3 1.1 3.0
2002.9945 1296.6 -832.863 -3.3 1.2 1.0 2.9
2002.9973 1297.04 -836.416 -1.9 1.3 1.0 2.9
2003.0000 1297.49 -833.863 -9.6 1.3 0.9 2.9
2003.0027 1302.69 -834.751 2.1 1.3 1.1 3.2
2003.0055 1281.99 -840.524 -19.6 1.5 1.2 3.4
2003.0082 1301.35 -834.862 -3.6 1.7 1.1 3.3
2003.0110 1298.43 -837.637 4.9 1.3 1.0 3.0
2003.0137 1295.36 -836.971 -0.5 1.3 1.0 3.1
2003.0164 1312.45 -836.194 5.8 1.9 1.4 4.3
2003.0192 1257.52 -835.75 6.4 13.7 7.1 15.4
2003.0219 1284.61 -841.967 -6.4 13.2 6.6 15.6
2003.0247 1296.4 -814.767 2.4 5.6 5.4 11.4
2003.0274 1302.1 -832.419 -3.6 1.4 1.0 3.1
2003.0301 1302.74 -836.749 -8.8 1.2 0.9 2.9
2003.0329 1307.84 -834.973 -12.3 2.2 1.6 4.4
2003.3260 1315.87 -848.517 -5.4 4.7 2.1 7.0
2003.3288 1316.36 -850.737 -8.6 1.5 1.2 3.5
2003.3315 1314.73 -847.407 -7.5 1.7 1.2 3.5
2003.3342 1318.05 -852.847 -6.1 1.2 1.0 2.9
2003.3370 1317.55 -853.624 -3.4 1.2 1.0 2.8
2003.3397 1313.74 -851.737 -6.8 1.1 0.9 2.7
2003.3425 1316.71 -853.624 -2.9 1.2 0.9 2.8
2003.3452 1314.08 -852.181 -4 1.3 1.1 3.1
2003.3479 1312.99 -853.624 -4.9 1.7 1.2 3.3
2003.3507 1315.17 -855.4 -3.8 1.7 1.3 3.3
2003.3534 1315.67 -854.068 -6.9 1.3 1.0 3.1
2003.3562 1304.67 -857.954 -14.9 1.5 1.1 3.5
2003.3589 1313.64 -853.624 -5.9 1.3 1.1 3.1
2003.3616 1318.29 -854.068 -3.1 1.2 1.0 2.9
2003.3644 1318.24 -853.069 5.6 1.4 1.0 3.1
2003.3671 1314.23 -850.404 -11.3 1.5 1.1 3.0
2003.3699 1314.43 -851.515 4.6 1.5 1.1 3.0
2003.3726 1318.1 -854.29 -5.5 1.1 0.9 2.7
2003.3753 1318.54 -854.623 -2 1.2 0.9 2.9
2003.3781 1319.58 -857.732 -11.8 1.1 0.9 2.8
2003.3808 1317.6 -858.176 -5.5 1.4 1.1 3.3
2003.3890 1318.69 -856.177 1.2 1.4 1.1 3.2
2003.3918 1316.86 -853.402 -6.9 1.4 1.1 3.2
2003.3945 1324.04 -853.846 4 1.5 1.0 3.1
2003.3973 1317.4 -854.401 5.6 1.2 0.9 2.9
2003.4000 1315.27 -855.178 -9.9 1.2 0.9 2.9
2003.4027 1315.82 -856.177 -3.3 1.3 1.0 3.1
2003.4055 1320.37 -856.066 3.2 1.9 1.2 3.7
2003.4082 1319.18 -858.62 4.8 2.2 1.6 4.2
2003.4110 1322.16 -852.847 -3.3 1.4 1.1 3.3
2003.4137 1318.89 -854.623 -7.2 1.2 0.9 2.8
2003.4164 1313.49 -854.623 -9.5 1.2 0.9 2.9
2003.4192 1319.04 -855.4 -13.4 1.7 1.2 3.7
2003.4219 1319.68 -854.845 -19.8 1.4 1.0 3.2
2003.4247 1318.59 -855.955 -15.3 1.3 1.0 3.1
2003.4274 1324.24 -857.621 -7 1.1 0.9 2.9
2003.4301 1323.99 -857.176 -17.9 1.3 0.9 3.1
2003.4329 1316.26 -855.178 -10.3 1.5 1.0 3.1
2003.4356 1317.5 -856.843 -6.5 1.8 1.2 3.2
2003.4384 1318.94 -854.179 -21.5 1.4 1.0 3.2
2003.4411 1322.65 -856.51 -3.8 1.3 1.0 2.9
2003.4438 1319.68 -855.289 -4.2 1.2 0.9 2.8
2003.4466 1316.76 -853.846 -2.4 1.2 0.9 2.9
2003.4493 1317.5 -853.846 2.4 1.6 1.4 4.2
2003.4603 1322.35 -854.401 17.9 2.5 1.4 4.9
2003.4658 1318.44 -859.73 -14.9 1.2 0.9 2.9
2003.4685 1313.69 -857.843 -8.3 1.2 0.9 2.9
2003.4712 1322.8 -856.288 -24.3 1.5 1.1 3.3
2003.4740 1314.33 -856.399 -17.8 1.3 1.0 2.9
2003.4767 1318.99 -857.399 -12.4 1.2 0.9 2.9
2003.4795 1321.22 -860.84 -23.4 1.6 1.1 3.4
2003.4822 1317.95 -858.509 -13.8 1.3 0.9 2.9
2003.4849 1317.3 -856.843 -14.8 1.3 1.0 3.0
2003.4877 1314.23 -860.951 -16.2 1.5 1.1 3.4
2003.4904 1315.17 -855.4 -15.6 1.5 1.2 3.3
2003.4932 1315.62 -856.732 -17.5 1.4 1.0 3.1
2003.4959 1311.9 -856.399 -19.9 1.5 1.0 3.0
2003.4986 1316.26 -856.288 -10.5 1.2 0.9 2.9
2003.5014 1320.67 -858.62 -13.4 1.2 0.9 2.9
2003.5041 1314.43 -857.399 -26.9 1.3 0.9 3.0
2003.5068 1319.48 -857.176 -4.9 1.6 1.1 3.3
2003.5096 1317.25 -856.399 -10.7 1.3 1.0 3.0
2003.5123 1320.03 -857.51 -15.6 1.3 0.9 2.9
2003.5151 1319.58 -857.065 -5.4 1.3 1.0 3.1
2003.5479 1322.4 -860.174 -3.3 1.4 1.0 3.0
2003.5507 1319.88 -858.842 -12.9 1.2 0.9 2.9
2003.5534 1316.06 -859.175 -2.1 1.2 0.9 2.9
2003.5562 1319.14 -857.176 -7.2 1.2 0.9 2.9
2003.5589 1320.27 -860.84 -6 1.2 0.9 2.8
2003.5616 1324.58 -861.617 -1.1 1.1 0.9 2.8
2003.5644 1319.53 -864.837 -12.8 1.4 1.0 3.1
2003.5671 1318.49 -860.729 -6.9 1.5 1.2 3.2
2003.5699 1305.07 -868.833 -5.4 1.7 1.1 3.2
2003.5726 1311.11 -860.285 -3.8 1.4 1.1 3.3
2003.5753 1319.14 -857.065 -22.5 1.7 1.2 3.3
2003.5781 1317.5 -864.837 -12.5 1.4 1.0 3.1
2003.5808 1324.78 -862.838 -12.5 1.6 1.3 3.4
2003.5836 1316.66 -867.057 -13.4 1.7 1.1 3.3
2003.5863 1319.73 -862.616 -6 1.5 1.1 3.1
2003.5890 1321.36 -861.95 -5.5 1.3 1.0 2.9
2003.5918 1320.57 -863.394 -5.3 1.2 0.9 2.8
2003.5945 1318.99 -862.283 -10 1.1 0.9 2.8
2003.5973 1327.16 -863.172 -9.9 1.6 1.1 3.4
2003.6000 1319.28 -863.06 -12.4 1.2 0.9 2.9
2003.6027 1317.3 -864.282 -12.6 1.5 1.0 3.1
2003.6055 1323.05 -864.615 -15.8 1.3 0.9 2.9
2003.6082 1322.7 -865.17 -7.6 1.2 0.9 2.9
2003.6110 1320.37 -865.059 -11.4 1.2 0.9 2.9
2003.6137 1322.9 -856.621 -0.9 1.4 1.1 3.1
2003.6164 1319.93 -863.283 -4.4 1.2 0.9 2.9
2003.6192 1320.87 -863.949 -12.4 1.2 0.9 2.9
2003.6219 1326.02 -860.618 -5.1 1.1 0.9 2.8
2003.6247 1322.16 -864.393 -4.1 1.2 0.9 2.9
2003.6274 1325.57 -862.727 -6.1 1.2 0.9 2.8
2003.8000 1317.75 -861.062 17.8 1.9 1.3 3.6
2003.8027 1320.67 -862.283 14.8 1.4 1.1 3.1
2003.8055 1320.57 -862.505 14.6 1.8 1.3 3.6
2003.8082 1320.92 -861.173 16.6 1.6 1.2 3.4
2003.8110 1320.82 -865.392 19.4 1.1 0.9 2.8
2003.8137 1317.6 -862.283 -1.1 1.5 1.0 3.2
2003.8164 1320.97 -865.392 5.9 1.2 1.0 2.9
2003.8192 1318.05 -864.948 12.9 1.1 0.9 2.8
2003.8219 1322.55 -861.839 8.4 1.4 1.1 3.1
2003.8247 1322.95 -864.393 9.2 1.4 1.1 3.1
2003.8274 1314.68 -866.169 -0.9 3.0 2.1 5.7
2003.8301 1326.02 -867.501 6.3 3.6 2.2 5.4
2003.8329 1325.52 -865.725 9.8 1.8 1.3 3.6
2003.8356 1317.3 -869.611 -0.6 3.7 2.3 5.2
2004.5288 1325.28 -880.046 24.6 1.4 1.0 3.1
2004.5315 1332.11 -885.486 14.5 1.6 1.1 3.5
2006.8384 1319.63 -934.002 47.8 3.9 1.8 6.2
