1998.8274 0 0 0 1.6 1.1 3.2
1998.8301 0.844979 -0.111029 -2.3 1.7 1.1 3.3
1998.8329 7.44638 0.444116 -7.2 1.5 1.0 3.1
1998.8356 -0.580923 3.77499 2.7 1.6 1.1 3.2
1998.8384 2.42931 0.777203 -3 2.3 1.3 4.2
1998.8411 5.22831 -3.88601 8.3 1.8 1.0 3.3
1998.8438 11.5657 -3.66396 -1.5 2.0 1.2 3.7
1998.8466 -5.12269 -2.44264 -3.6 2.0 1.1 3.9
1998.8493 -2.95743 -1.99852 -4.3 2.0 1.3 3.8
1998.8603 4.54176 -1.66543 -3.1 1.5 1.0 3.1
1998.8630 10.7207 -2.55367 -4.8 1.9 1.1 3.3
1998.8658 -0.316867 -4.33013 8.8 1.5 1.0 3.1
1998.8685 4.75301 -5.77351 1.2 3.0 1.7 4.9
1998.8712 3.64397 -10.2147 24.2 13.0 7.0 15.0
1998.8849 5.80923 -4.33013 19 1.6 1.0 3.1
1998.8877 -19.012 23.6492 7.3 1.6 1.1 3.2
1998.8904 2.00683 3.10881 7.1 1.6 1.0 3.1
1998.8932 50.5403 -31.5322 -13.1 1.6 1.1 3.1
1998.8959 3.64397 -2.88675 6.8 1.5 1.0 3.1
1998.8986 3.11586 -5.10733 7.2 2.6 1.6 5.1
1998.9041 3.64397 -3.10881 12.7 1.6 1.0 3.0
1998.9096 7.92168 -2.44264 23 1.6 1.0 3.2
1998.9123 4.17209 -2.55367 4.9 1.5 1.0 3.1
1998.9151 3.59116 -6.43968 1.3 1.6 1.1 3.4
1998.9178 6.75983 -4.33013 6.1 1.6 1.1 3.3
1998.9205 9.40039 -4.10807 -5.4 2.1 1.2 3.8
1998.9233 1.95401 -4.2191 -3.1 2.2 1.3 4.0
1998.9260 6.91827 -5.21836 -6.4 1.6 1.0 3.1
1998.9288 7.18232 -2.88675 -14.9 1.8 1.1 3.1
1998.9315 8.0273 -2.77572 -16.4 1.6 1.0 3.0
1998.9534 8.92509 -6.43968 31.3 1.6 1.1 3.2
1998.9562 6.23172 -4.77425 11.3 1.7 1.1 3.3
1998.9589 2.64056 -4.44116 -5.4 2.2 1.3 3.6
1998.9616 12.9916 -3.10881 -13.4 1.7 1.1 3.1
1998.9644 16.7411 -4.9963 -20.9 1.8 1.2 3.4
1998.9671 5.43955 2.55367 -4 1.5 1.0 3.1
1998.9699 7.65762 -4.33013 -19.9 1.8 1.1 3.4
1998.9726 -10.2454 -18.7639 -26.2 1.7 1.1 3.1
1998.9753 13.9422 1.11029 -14.8 1.7 1.2 3.3
1998.9781 2.42931 -0.444116 -24 1.7 1.2 3.2
1998.9808 2.11245 -3.55293 -9.4 1.7 1.0 3.3
1998.9836 6.91827 -1.33235 11.6 1.7 1.2 3.4
1998.9863 2.53494 -5.77351 3.9 1.7 1.3 3.2
1998.9890 2.53494 2.88675 10.7 1.5 1.0 3.0
1998.9918 1.63715 -0.777202 -13.8 1.9 1.3 3.6
1998.9945 4.38333 -4.66322 -9.6 1.8 1.2 3.5
1998.9973 5.12269 -16.2102 -15 1.7 1.1 3.2
1999.0000 -1.16185 -6.77277 -23.2 1.5 1.1 3.0
1999.0027 -0.42249 -8.66026 -12.3 1.6 1.1 3.2
1999.0055 3.43273 -10.8808 -21.1 1.5 1.1 3.3
1999.0082 5.80923 -2.99778 -9.5 1.5 1.1 3.1
1999.0110 -1.84839 -13.9896 0.1 1.6 1.1 3.1
1999.0137 6.97108 -7.661 7.3 1.5 1.0 3.0
1999.0164 2.27088 -9.2154 1.9 1.5 1.1 3.0
1999.0192 -0.686546 -3.4419 6.2 1.5 1.0 3.0
1999.0219 6.17891 -2.33161 -2.8 1.5 1.1 3.0
1999.0247 6.75983 -2.44264 -2.1 1.5 1.0 3.1
1999.0356 -1.00341 -3.88601 3.2 2.2 1.3 3.9
1999.0384 5.28112 -7.661 3.2 2.1 1.3 3.7
1999.0411 4.54176 -10.3257 5.1 1.7 1.1 3.2
1999.0438 2.42931 -9.43746 6.6 1.5 1.0 3.0
1999.0466 7.0767 -11.9911 12.4 1.5 1.0 3.0
1999.0493 10.0869 -6.66174 18.1 4.6 3.4 8.3
1999.0548 4.17209 -9.77055 8.9 1.6 1.2 3.3
1999.0658 6.65421 -9.77055 8.6 1.6 1.0 3.2
1999.0685 4.38333 -12.1022 -3.8 1.6 1.1 3.2
1999.0712 6.49578 -11.547 1.7 1.6 1.1 3.4
1999.0740 4.33052 -9.77055 -11.5 2.3 1.4 4.3
1999.0767 2.11245 -13.3235 -1 1.6 1.0 3.1
1999.0795 5.96767 -9.77055 -0.5 1.5 1.1 3.1
1999.0822 7.34076 -13.3235 -2.5 1.5 1.0 3.0
1999.0849 3.16867 -10.8808 -0.1 1.5 1.0 3.0
1999.0877 4.75301 -12.2132 4.1 1.5 1.0 3.0
1999.0904 2.21807 -11.436 1.5 1.5 1.0 3.1
1999.0932 9.4532 -14.1007 -1.2 1.6 1.0 3.2
1999.0959 1.10904 -10.8808 8.3 1.5 1.0 3.1
1999.0986 3.90803 -11.325 6.7 1.6 1.0 3.2
1999.1014 8.44979 -11.325 8.8 1.5 1.0 3.0
1999.1041 4.91144 -11.7691 2.7 1.6 1.0 3.1
1999.1068 4.64739 -13.9896 3.7 1.5 1.0 3.0
1999.1096 4.38333 -11.325 -6.1 1.5 1.0 3.1
1999.1123 0.528112 -16.4323 -9.3 1.6 1.1 3.2
1999.1151 2.42931 -13.2124 -3.4 1.6 1.0 3.3
1999.1178 -5.12269 -14.5448 6 1.9 1.1 3.5
1999.1205 10.0341 -18.986 -4.2 1.6 1.0 3.2
1999.1233 15.104 -30.3109 18.8 1.9 1.1 3.5
1999.1260 6.97108 -15.322 13.6 1.6 1.0 3.4
1999.1288 8.55541 -15.7661 -1.8 1.7 1.1 3.4
1999.1315 4.7002 -18.0977 5.7 2.1 1.2 3.9
1999.1342 10.2454 -15.5441 10.4 3.4 1.8 5.5
1999.1370 3.43273 -15.8771 6.5 2.7 1.5 4.3
1999.1397 1.26747 -16.9874 3.2 1.5 1.0 3.1
1999.1425 4.91144 -15.9882 4.6 1.5 1.0 3.0
1999.1452 2.95743 -13.8786 3.2 1.5 1.0 3.1
1999.1479 2.90462 -14.5448 -1.2 1.6 1.0 3.1
1999.1507 5.91485 -16.5433 1.3 1.7 1.1 3.2
1999.1534 3.11586 -17.3205 0.7 1.6 1.0 3.1
1999.1562 4.54176 -16.2102 2.8 1.5 1.0 3.1
1999.1589 4.01365 -16.2102 3.9 1.6 1.0 3.2
1999.1616 5.06988 -17.0985 3.8 1.6 1.0 3.1
1999.1644 2.32369 -15.433 5.3 2.5 1.3 4.0
1999.1671 0.686546 -18.3198 0 1.6 1.1 3.2
1999.1699 5.75642 -15.9882 -3 1.7 1.0 3.2
1999.1726 1.37309 -17.6536 -6.1 2.1 1.3 3.7
1999.1753 0.792169 -18.5418 -4.9 1.6 1.1 3.1
1999.1781 0.844979 -17.5426 -3 1.7 1.1 3.3
1999.1808 1.74277 -17.9867 -3.3 1.8 1.2 3.5
1999.1836 3.43273 -19.5411 -2.6 1.5 1.0 3.0
1999.1863 8.39698 -18.7639 2.5 1.9 1.1 3.3
1999.1890 3.37992 -18.5418 3.3 2.0 1.4 3.7
1999.1918 6.49578 -16.7654 -1 1.6 1.0 3.1
1999.1945 8.76666 -18.5418 7.6 1.8 1.0 3.3
1999.1973 7.39357 -17.3205 -0.6 1.7 1.0 3.1
1999.2000 9.29477 -18.7639 8.2 1.6 1.0 3.2
1999.2027 10.1926 -18.2087 10.6 1.7 1.1 3.2
1999.2055 5.80923 -20.4293 -9.5 1.6 1.0 3.1
1999.2082 7.02389 -18.3198 -5.5 1.6 1.1 3.1
1999.2110 9.87569 -17.6536 4.9 1.7 1.0 3.3
1999.2137 8.0273 -18.7639 2.6 1.6 1.0 3.3
1999.2164 5.6508 -18.4308 15.6 1.6 1.0 3.2
1999.2192 7.60481 -19.8742 1.8 1.5 1.0 3.2
1999.2219 3.27429 -18.4308 3.8 1.5 1.0 3.0
1999.2247 9.08353 -20.4293 -1.1 1.5 1.0 3.0
1999.2274 11.5128 -21.6506 10.7 1.6 1.0 3.2
1999.2301 8.92509 -21.2065 1.6 1.6 1.0 3.1
1999.2329 8.34417 -21.8727 2.8 1.7 1.0 3.1
1999.2356 1.95401 -23.094 -5.9 1.6 1.0 3.1
1999.2384 5.91485 -22.983 -3.5 1.6 1.0 3.1
1999.2411 6.17891 -22.2058 -8.9 1.8 1.0 3.4
1999.2438 8.76666 -20.8734 -2.1 1.9 1.1 3.2
1999.2466 6.70702 -22.5389 1 1.8 1.1 3.4
1999.2493 5.86204 -23.2051 10.3 1.6 1.0 3.2
1999.2521 3.16867 -22.5389 2.4 1.7 1.0 3.1
1999.2548 5.12269 -17.6536 -3.7 1.6 1.0 3.0
1999.2575 10.1398 -18.8749 -2.8 1.6 1.0 3.1
1999.2630 8.08011 -23.6492 4.4 1.5 1.0 3.0
1999.2658 -3.59116 -22.3168 -5.4 1.6 1.0 3.2
1999.2685 5.28112 -24.9815 5.9 1.6 1.0 3.2
1999.2712 4.48895 -23.3161 1.6 1.6 1.0 3.2
1999.2740 9.34758 -19.8742 6.5 1.7 1.0 3.1
1999.2767 3.80241 -22.0948 -4.7 1.7 1.0 3.1
1999.2795 8.92509 -22.0948 -3.1 1.6 1.0 3.1
1999.2822 4.2249 -23.3161 -2.6 1.5 1.0 3.1
1999.2849 5.91485 -22.4279 1.9 1.5 1.0 3.1
1999.2877 -1.68996 -27.0911 -3.5 1.6 1.0 3.1
1999.2904 11.2488 -17.3205 1.3 1.6 1.1 3.2
1999.2932 12.6747 -19.9852 -4.4 2.1 1.4 3.8
1999.2959 4.06646 -26.758 -5.2 1.5 1.0 3.1
1999.2986 6.28453 -25.2036 -2.4 1.6 1.0 3.3
1999.3014 7.44638 -23.6492 3 1.8 1.2 3.5
1999.3041 4.2249 -24.5374 1.3 1.6 1.1 3.2
1999.3068 1.9012 -24.4264 -1.4 1.6 1.1 3.2
1999.3096 4.7002 -26.3139 0.8 1.6 1.0 3.3
1999.3123 2.74618 -25.0925 5.3 1.6 1.0 3.2
1999.3151 7.76325 -25.0925 5.6 1.7 1.1 3.4
1999.3178 5.6508 -22.872 1.3 1.5 1.0 3.0
1999.3205 6.23172 -23.3161 -3.6 1.6 1.0 3.3
1999.3233 3.43273 -24.2043 -2.6 1.7 1.0 3.3
1999.3288 5.59799 -25.5367 11.7 1.6 1.0 3.1
1999.3315 2.05964 -27.5352 2.4 1.6 1.0 3.2
1999.3342 5.06988 -24.4264 1.5 1.5 1.0 3.1
1999.3370 7.86887 -23.5381 -0.4 1.5 1.1 3.2
1999.3397 2.16526 -26.3139 -1.7 1.5 1.0 3.1
1999.3425 5.33393 -27.2021 2.3 1.5 1.1 3.2
1999.3452 4.11927 -27.5352 -1.7 1.5 1.0 3.1
1999.3479 8.81947 -26.4249 -2.1 1.5 1.0 3.1
1999.3507 4.48895 -26.98 1.3 1.5 1.0 3.1
1999.3534 5.49236 -28.0903 -2.3 1.5 1.1 3.1
1999.3562 1.16185 -27.0911 14.4 1.7 1.1 3.2
1999.3589 5.28112 -25.3146 4.5 1.5 1.0 3.1
1999.3616 6.49578 -27.3131 4.1 1.5 1.0 3.1
1999.3644 5.54518 -28.0903 -8.6 1.9 1.2 3.5
1999.3671 2.64056 -23.8712 -2.6 1.6 1.1 3.3
1999.3699 7.18232 -29.7558 3 1.5 1.0 3.1
1999.3726 6.81264 -28.2014 1.3 1.5 1.0 3.1
1999.3753 4.01365 -27.0911 -1.9 1.5 1.0 3.1
1999.3781 4.38333 -28.6455 -2.7 1.9 1.1 3.3
1999.3808 6.97108 -26.0918 -6.6 1.5 1.0 3.1
1999.3836 4.91144 -26.647 3.1 1.5 1.0 3.1
1999.3863 6.75983 -28.8675 11.7 1.5 1.0 3.1
1999.3890 7.86887 -28.0903 -5.3 1.5 1.0 3.1
1999.3918 2.79899 -29.3116 5.2 1.5 1.1 3.2
1999.3945 4.01365 -28.9786 8.6 1.5 1.0 3.0
1999.3973 3.69678 -29.3116 1.1 1.6 1.0 3.2
1999.4000 3.7496 -28.9786 12 1.5 1.0 3.1
1999.4027 7.44638 -29.5337 8.2 1.5 1.0 3.1
1999.4055 3.16867 -28.6455 6.9 1.5 1.1 3.1
1999.4082 -0.316867 -28.9786 4.6 1.5 1.0 3.2
1999.4110 7.28794 -32.0874 9.2 1.6 1.1 3.1
1999.4137 4.59457 -30.755 1 1.5 1.0 3.1
1999.4192 7.86887 -29.9778 3.2 1.5 1.1 3.2
1999.4219 -10.7207 -48.5197 54.7 1.7 1.2 3.3
1999.4247 4.01365 -28.4234 -4 1.6 1.1 3.4
1999.4274 9.66445 -32.9756 5.5 1.6 1.1 3.2
1999.4301 -21.0717 -14.8779 -31.8 1.7 1.2 3.5
1999.4329 10.7207 -30.9771 2.3 1.5 1.1 3.2
1999.4384 2.21807 -30.4219 0.4 1.5 1.1 3.2
1999.4411 3.06305 -30.0888 13.8 1.5 1.1 3.3
1999.4438 6.54859 -32.5315 5.6 1.7 1.2 3.4
1999.4466 7.552 -31.5322 -7.6 1.5 1.1 3.3
1999.4493 7.0767 -33.3087 0.4 1.6 1.1 3.4
1999.4521 2.64056 -32.5315 -1.1 1.7 1.1 3.7
1999.4548 3.53835 -32.9756 12.1 2.1 1.4 4.3
1999.4575 8.08011 -31.7543 2.5 1.6 1.2 3.6
1999.4603 6.91827 -32.9756 2.2 1.6 1.1 3.4
1999.4630 7.552 -34.9741 -0.7 1.5 1.1 3.3
1999.4658 9.82288 -34.7521 12.1 1.6 1.1 3.4
1999.4685 9.40039 -32.5315 -4 1.6 1.1 3.4
1999.4712 7.71043 -30.3109 7 1.6 1.1 3.2
1999.4740 9.87569 -33.9749 1.6 1.7 1.1 3.4
1999.4767 4.48895 -35.3072 3.3 1.6 1.0 3.3
1999.4795 9.03072 -33.6418 2.5 1.5 1.1 3.4
1999.4822 8.39698 -34.0859 2.7 1.6 1.1 3.3
1999.4849 6.86546 -33.4197 3.1 1.6 1.2 3.5
1999.4877 4.91144 -34.53 5.1 1.6 1.1 3.4
1999.4904 9.71726 -36.6396 3.1 1.6 1.1 3.4
1999.4932 8.81947 -35.3072 4.1 1.6 1.1 3.5
1999.4959 11.9881 -33.5307 5.1 1.6 1.1 3.3
1999.4986 8.60823 -32.6425 2.2 1.7 1.1 3.6
1999.5014 10.2982 -34.9741 0.4 1.6 1.1 3.4
1999.5041 7.71043 -32.9756 -0.2 1.6 1.1 3.5
1999.5068 12.1466 -31.6433 -1.4 1.5 1.0 3.2
1999.5096 3.11586 -31.8653 0.3 1.5 1.0 3.3
1999.5123 7.86887 -33.9749 13.1 1.6 1.0 3.3
1999.5151 12.8859 -30.8661 -4 1.6 1.1 3.5
1999.5178 9.29477 -33.4197 5.6 1.6 1.1 3.4
1999.5205 12.1466 -31.8653 10.8 1.5 1.1 3.3
1999.5233 11.8297 -32.4205 -0.7 1.5 1.1 3.4
1999.5260 7.49919 -36.8616 15.8 1.7 1.1 3.5
1999.5288 6.81264 -32.0874 -2.1 1.9 1.2 3.6
1999.5315 10.9319 -34.641 3.2 1.5 1.0 3.2
1999.5342 7.92168 -34.7521 1 1.6 1.0 3.2
1999.5370 12.305 -33.8638 0.3 1.6 1.1 3.3
1999.5397 6.86546 -32.6425 13.6 1.6 1.0 3.3
1999.5425 3.37992 -36.1954 15.2 1.5 1.0 3.2
1999.5452 5.80923 -31.4212 11.9 1.6 1.0 3.4
1999.5479 6.28453 -33.4197 9.8 1.6 1.0 3.5
1999.5507 4.2249 -33.5307 13.5 1.6 1.0 3.4
1999.5534 4.75301 -34.9741 17.5 1.6 1.0 3.2
1999.5562 3.90803 -36.5285 12 1.9 1.2 3.7
1999.5589 9.34758 -32.5315 8.2 1.6 1.1 3.4
1999.5616 10.0341 -34.3079 11 1.6 1.0 3.3
1999.5644 10.7735 -34.641 8.7 1.6 1.0 3.4
1999.5671 8.87228 -34.641 12.9 1.6 1.1 3.5
1999.5699 7.12951 -36.6396 13.6 1.6 1.0 3.3
1999.5726 7.49919 -36.6396 14.9 1.5 1.0 3.1
1999.5753 11.3544 -36.9726 10.5 1.7 1.0 3.4
1999.5781 5.86204 -30.0888 5.6 1.8 1.2 3.6
1999.5808 8.44979 -37.0837 11.3 1.6 1.0 3.3
1999.5863 -4.48895 -33.6418 22.4 1.6 1.0 3.3
1999.5890 10.1398 -34.8631 18.9 1.6 1.0 3.3
1999.5918 -4.54176 -47.5204 58 1.7 1.0 3.3
1999.5945 5.38674 -34.3079 21.7 1.6 1.0 3.3
1999.5973 8.87228 -35.8624 14.1 1.7 1.1 3.3
1999.6000 9.24196 -34.9741 20.1 1.6 1.1 3.2
1999.6055 4.48895 -36.9726 19.1 2.1 1.3 4.1
1999.6082 7.02389 -38.7491 8.9 1.6 1.1 3.4
1999.6110 7.0767 -36.0844 6 1.8 1.1 3.4
1999.6137 5.86204 -37.7498 12.4 1.6 1.0 3.2
1999.6164 3.7496 -35.7513 18.6 1.6 1.1 3.4
1999.6192 -0.0528106 -36.9726 22.9 1.6 1.0 3.4
1999.6219 7.76325 -35.3072 13 1.9 1.1 3.6
1999.6247 7.12951 -36.6396 16 2.0 1.2 3.6
1999.6274 7.60481 -38.194 2.4 1.8 1.2 3.6
1999.6301 2.53494 -35.3072 24.3 2.0 1.2 3.8
1999.6329 1.05622 -38.305 21.4 1.8 1.1 3.4
1999.6356 0.105623 -35.6403 8.3 2.4 1.4 4.1
1999.6384 7.92168 -39.0822 18.4 1.5 1.0 3.2
1999.6411 6.91827 -36.8616 16.8 1.6 1.1 3.4
1999.6438 7.23513 -35.9734 12 2.5 1.4 4.6
1999.6466 5.75642 -35.3072 23.2 2.1 1.2 3.6
1999.6493 3.32711 -35.4182 12.2 1.7 1.1 3.4
1999.6548 4.91144 -37.8609 10.5 1.6 1.1 3.4
1999.6575 9.24196 -39.0822 8.5 1.7 1.1 3.4
1999.6685 5.22831 -35.6403 19.6 2.8 1.4 4.5
1999.6712 8.76666 -37.6388 23.2 1.8 1.1 3.5
1999.6740 7.0767 -37.1947 18.9 1.9 1.2 3.5
1999.6767 4.01365 -38.305 18.8 1.8 1.2 3.8
1999.6795 2.48213 -35.0852 12.8 1.6 1.0 3.4
1999.6822 1.53153 -35.5293 17.8 1.6 1.0 3.3
1999.6849 5.06988 -35.4182 7.9 1.9 1.2 3.8
1999.6877 3.85522 -36.7506 17.4 1.8 1.1 3.6
1999.6904 4.43614 -37.1947 16.1 1.6 1.0 3.3
1999.6932 1.47871 -38.6381 11.2 1.7 1.0 3.5
1999.6959 17.6918 -43.0792 59.9 1.8 1.1 3.5
1999.6986 3.96084 -35.9734 16.7 1.9 1.1 3.4
1999.7014 5.1755 -40.1925 28 2.2 1.3 3.8
1999.7041 2.21807 -37.4168 25.9 1.7 1.1 3.4
1999.7068 8.44979 -39.9704 19.6 1.9 1.1 3.4
1999.7096 0.42249 -35.8624 25.1 2.5 1.4 4.1
1999.7233 6.6014 -38.305 25.4 1.7 1.1 3.3
1999.7260 7.28794 -41.8579 13.8 1.8 1.2 3.6
1999.7288 2.05964 -39.6373 27.9 1.6 1.1 3.5
1999.7315 3.80241 -38.6381 19.7 1.7 1.1 3.5
1999.7342 3.48554 -45.2998 19.8 1.5 1.0 3.3
1999.7370 3.37992 -41.6359 7.9 1.6 1.1 3.6
1999.7397 2.00683 -38.527 18.2 2.1 1.4 4.2
1999.7452 -2.27088 -41.7469 12.3 1.7 1.1 3.5
1999.7479 1.74277 -40.8587 20.6 2.1 1.3 3.9
1999.7507 -1.63715 -39.4153 10.7 1.7 1.1 3.7
1999.7534 0.42249 -39.9704 28 1.7 1.2 3.7
1999.7562 0.42249 -42.6351 11.4 1.5 1.1 3.4
1999.7589 3.7496 -41.7469 27.5 1.7 1.1 3.5
1999.7616 0 -42.4131 28.1 1.6 1.1 3.4
1999.7644 1.95401 -44.1895 20.6 1.5 1.1 3.2
1999.7671 1.58434 -42.191 14.7 1.5 1.0 3.2
1999.7699 -1.84839 -41.8579 13.4 1.6 1.1 3.3
1999.7726 -0.211244 -41.6359 9.4 1.6 1.0 3.2
1999.7753 -3.11586 -45.1888 20.9 2.0 1.4 4.1
1999.7781 1.74277 -46.9653 28.3 1.7 1.1 3.4
1999.7808 2.32369 -45.7439 26.6 1.9 1.4 4.1
1999.7836 -2.69337 -43.6344 25.2 1.9 1.2 3.6
1999.7863 -1.00341 -40.7476 30.9 1.5 1.2 3.4
1999.7890 1.26747 -48.9638 19.8 1.9 1.2 3.7
1999.7918 -1.79558 -44.1895 27.4 1.6 1.2 3.5
1999.7945 -1.32028 -44.4116 27.7 1.8 1.3 3.6
1999.7973 1.32028 -46.8542 29 1.5 1.1 3.1
1999.8027 -3.96084 -43.7454 48.9 3.0 1.8 5.6
1999.8055 -1.26747 -43.8564 18.3 1.6 1.1 3.3
1999.8082 0.686546 -43.8564 28.6 2.2 1.8 4.8
1999.8110 2.53494 -45.5219 23.9 1.6 1.2 3.4
1999.8192 2.21807 -42.191 25.4 1.5 1.1 3.1
1999.8219 -1.26747 -46.7432 29.7 1.8 1.3 3.6
1999.8301 4.75301 -43.5234 37.6 1.4 1.2 3.1
1999.8329 5.91485 -44.7447 35 1.5 1.1 3.2
1999.8356 0.89779 -44.4116 50 1.4 1.0 3.1
1999.8384 1.4259 -44.5226 56.6 1.4 1.1 3.0
1999.8466 3.64397 -42.8572 30.3 1.6 1.0 3.2
1999.8493 2.8518 -41.1917 30.2 1.4 1.1 3.1
1999.8521 2.8518 -41.3028 23.4 1.9 1.4 3.7
1999.8548 6.54859 -42.4131 23.3 1.8 1.3 3.4
1999.8575 2.74618 -41.6359 27.4 1.7 1.2 3.3
1999.8603 3.11586 -38.7491 20.4 1.4 1.1 3.0
1999.8630 0.792169 -42.5241 24.4 1.8 1.2 3.2
1999.8658 2.69337 -43.1903 27.3 1.4 1.0 3.0
1999.8685 7.39357 -42.4131 32.4 2.9 1.8 4.7
1999.8712 2.79899 -41.7469 22.4 1.5 1.1 3.1
1999.8740 5.01706 -41.6359 19 1.5 1.1 3.0
1999.8767 1.9012 -45.2998 11.9 2.0 1.4 3.8
1999.8795 0.42249 -42.08 24.3 1.4 1.1 2.9
1999.8822 3.53835 -42.7462 24 1.5 1.1 3.2
1999.8849 0.580923 -42.8572 31.2 1.6 1.1 3.3
1999.8877 6.17891 -40.6366 22.2 1.5 1.1 3.1
1999.8904 3.43273 -43.7454 27.1 1.5 1.1 3.1
1999.8932 3.32711 -43.9675 13.2 1.4 1.1 3.1
1999.8959 -3.80241 -44.1895 23.2 1.7 1.3 3.3
1999.8986 0.580923 -46.2991 20.6 1.6 1.3 3.4
1999.9014 4.11927 -42.9682 15.9 1.6 1.2 3.4
1999.9041 -1.00341 -41.5248 19.2 1.4 1.1 3.0
1999.9068 -0.0528106 -45.2998 15.7 1.3 1.0 2.8
1999.9096 3.64397 -44.1895 14.8 1.4 1.0 2.8
1999.9123 0.686546 -45.2998 23.9 1.3 1.0 2.8
1999.9151 5.28112 -43.7454 16.8 1.4 1.1 3.1
1999.9178 2.3765 -41.4138 23.4 1.5 1.1 3.0
1999.9205 -2.42931 -44.9667 20.1 1.3 1.0 2.8
1999.9233 -1.32028 -40.7476 18.3 1.5 1.1 2.9
1999.9260 0.316867 -43.5234 21.9 1.7 1.2 3.4
1999.9288 5.06988 -40.9697 24.5 1.5 1.1 3.0
1999.9315 3.80241 -46.188 17.7 1.5 1.2 3.1
1999.9342 10.6151 -46.188 13.3 1.4 1.0 2.8
1999.9370 3.85522 -47.8535 3.4 1.6 1.1 3.2
1999.9397 8.60823 -47.1873 12 1.4 1.0 2.9
1999.9425 3.59116 -44.3006 16.8 1.3 1.0 2.8
1999.9452 2.42931 -45.0778 21 1.4 1.0 2.8
1999.9479 -0.950602 -51.1844 12.4 1.3 1.1 2.9
1999.9507 0.89779 -45.0778 15.5 1.7 1.4 3.6
1999.9534 -3.69678 -44.5226 17.5 1.4 1.1 3.0
1999.9562 1.53153 -42.08 20.5 1.4 1.1 2.9
1999.9589 4.01365 -48.9638 20.2 1.4 1.0 2.9
1999.9616 -0.105623 -47.9645 20.9 1.4 1.1 3.0
1999.9644 5.91485 -42.6351 34.3 1.4 1.1 3.0
1999.9671 2.95743 -47.5204 43.7 1.4 1.1 2.9
1999.9699 5.91485 -50.1851 25.2 1.4 1.0 2.9
1999.9726 -11.0904 -53.0718 19.5 1.9 1.4 4.0
1999.9753 10.2454 -48.8527 36.6 1.5 1.1 3.1
1999.9808 3.80241 -50.8513 18.2 1.4 1.2 3.0
1999.9836 0.633735 -51.6285 26.1 1.4 1.1 2.9
1999.9863 2.79899 -50.1851 32.5 1.5 1.1 2.9
1999.9890 2.16526 -48.6307 22.1 1.4 1.1 3.1
1999.9918 0.264056 -51.7395 23.4 1.5 1.1 3.2
1999.9945 1.05622 -48.5197 22.6 1.3 1.0 2.8
1999.9973 -1.16185 -50.6292 20 1.4 1.1 2.8
2000.0000 -0.950602 -51.7395 17.8 1.6 1.1 3.2
2000.0027 -0.211244 -45.966 25 1.6 1.2 3.1
2000.0055 1.4259 -51.4064 18.2 1.3 1.0 2.8
2000.0082 -1.26747 -50.8513 25.1 1.3 1.0 2.7
2000.0110 0.4753 -50.2961 28.7 1.4 1.0 2.9
2000.0137 -0.528112 -52.2946 29.5 1.4 1.0 2.8
2000.0164 1.10904 -51.9616 35.3 1.4 1.0 2.8
2000.0192 -0.686546 -53.0718 39.3 1.4 1.0 2.9
2000.0219 1.37309 -49.852 38.6 1.3 1.0 2.7
2000.0247 0.844979 -49.963 40.9 1.3 1.0 2.7
2000.0274 0.0528106 -52.6277 34 1.3 0.9 2.7
2000.0301 0.844979 -49.852 29.9 1.6 1.0 3.0
2000.0329 -0.89779 -51.1844 31.7 1.3 1.0 3.0
2000.0356 1.00341 -47.8535 25.1 1.4 1.0 2.9
2000.0384 0.264056 -48.9638 17.3 1.3 1.0 2.9
2000.0411 3.64397 -45.1888 25 1.4 1.0 2.8
2000.0438 4.91144 -46.5211 14.1 1.3 1.0 2.7
2000.0466 3.48554 -43.3013 19.1 1.4 1.0 2.8
2000.0493 -1.74277 -47.4094 42.8 1.4 1.0 2.8
2000.0521 0.369679 -44.7447 54.7 1.4 1.0 2.9
2000.0548 1.84839 -51.9616 22.7 1.6 1.0 2.9
2000.0575 -1.32028 -50.8513 12.4 1.4 1.0 2.8
2000.0603 -1.47871 -52.5167 25 1.9 1.1 3.3
2000.0685 -13.5197 -48.7417 23.3 1.6 1.1 3.1
2000.0712 -1.84839 -53.738 44 2.8 1.9 4.9
2000.2055 1.53153 -66.7284 25 4.2 3.1 7.9
2000.2082 1.4259 -58.9564 37.6 1.6 1.1 3.1
2000.2110 -3.96084 -59.2895 19.9 1.6 1.0 3.1
2000.2137 0.264056 -58.1792 20 1.5 1.0 3.0
2000.2164 -0.42249 -57.8461 32.2 1.7 1.1 3.1
2000.2192 -1.53153 -59.6226 29.5 1.7 1.1 3.2
2000.2219 1.16185 -55.8476 19.3 1.5 1.0 3.0
2000.2247 2.3765 -56.4027 17 1.5 1.0 3.1
2000.2274 0.211246 -58.7343 26.8 1.9 1.2 3.4
2000.2301 1.84839 -59.6226 27.5 1.6 1.1 3.1
2000.2329 -1.68996 -59.5115 16.4 1.7 1.0 3.1
2000.2356 -0.739356 -59.5115 22.8 1.7 1.1 3.3
2000.2384 0.739356 -57.2909 23.8 1.5 1.1 3.2
2000.2411 -0.580923 -57.1799 26.1 1.6 1.0 3.0
2000.2438 5.91485 -60.2887 37.2 1.5 1.0 3.1
2000.2466 5.59799 -58.0681 27.2 1.6 1.1 3.1
2000.2493 6.33734 -58.9564 9.5 2.5 1.3 4.2
2000.2521 1.53153 -58.0681 7.6 1.7 1.1 3.4
2000.2548 -1.79558 -59.4005 3.9 2.1 1.4 3.7
2000.2575 4.17209 -58.5123 14.7 1.8 1.2 3.3
2000.2603 0.580923 -56.8468 14.9 2.0 1.4 3.5
2000.2630 2.53494 -58.7343 15 1.5 1.0 3.1
2000.2658 0.0528106 -57.7351 15.6 2.8 1.4 3.9
2000.2685 2.95743 -57.2909 15.8 2.0 1.4 3.7
2000.2712 7.92168 -54.0711 13.3 1.9 1.2 3.6
2000.2740 -0.0528106 -59.9556 13.4 1.8 1.3 3.5
2000.2767 7.12951 -58.1792 8.1 2.1 1.4 3.8
2000.2795 -2.05964 -61.6211 10.8 1.7 1.1 3.2
2000.2822 -2.3765 -59.1784 13.9 1.8 1.1 3.3
2000.2849 3.06305 -57.9571 11.1 1.7 1.2 3.4
2000.2877 0.158433 -59.7336 10 1.6 1.1 3.1
2000.2904 0.42249 -62.0652 14.3 1.5 1.0 3.0
2000.2932 -0.369677 -61.51 12.1 2.2 1.5 4.0
2000.2959 -2.05964 -60.9549 16 1.7 1.1 3.1
2000.2986 -1.53153 -60.8439 19.8 1.5 1.1 3.0
2000.3014 -1.79558 -59.0674 24.1 1.6 1.1 3.2
2000.3041 3.53835 -60.9549 26.2 1.7 1.1 3.2
2000.3068 0.4753 -64.9519 24 1.5 1.1 3.2
2000.3096 -0.686546 -60.7328 20.1 1.6 1.1 3.1
2000.3123 -1.16185 -60.6218 14.6 1.6 1.1 3.0
2000.3151 2.95743 -61.8431 14.3 1.9 1.3 3.7
2000.3178 2.42931 -62.7314 12.9 1.5 1.1 3.0
2000.3205 1.10904 -62.5093 14.4 1.5 1.0 3.0
2000.3233 -2.90462 -64.5078 12 1.5 1.1 3.2
2000.3260 -0.792167 -61.9542 17.9 1.6 1.1 3.1
2000.3288 1.63715 -61.399 17.9 1.6 1.1 2.9
2000.3315 4.01365 -64.6189 22.5 1.4 1.0 3.0
2000.3342 2.16526 -64.5078 16.1 1.6 1.1 3.1
2000.3370 -1.37309 -60.9549 12.9 1.7 1.1 3.2
2000.3397 -0.580923 -62.3983 21.4 1.4 1.0 3.0
2000.3425 0.528112 -63.1755 17.8 1.5 1.1 2.9
2000.3452 3.64397 -63.5086 22.8 1.6 1.1 3.0
2000.3479 4.48895 -65.174 14.8 1.4 1.0 3.0
2000.3507 2.53494 -64.9519 16.5 1.5 1.0 2.9
2000.3534 -0.633734 -65.5071 14.7 1.5 1.0 2.9
2000.3562 1.32028 -66.0622 24 1.5 1.0 3.0
2000.3589 1.32028 -66.9505 19.7 1.5 1.0 3.0
2000.3616 2.00683 -66.6174 14 1.5 1.1 2.9
2000.3644 5.70361 -69.171 15.7 1.9 1.3 3.3
2000.3671 -1.05622 -66.1733 16.6 1.6 1.0 2.9
2000.3699 0.4753 -64.6189 30.7 1.4 1.0 2.9
2000.3726 1.00341 -66.0622 24.4 1.5 1.1 3.1
2000.3753 24.8213 -62.9534 14.8 2.4 1.8 4.9
2000.3836 -2.32369 -66.9505 9.1 3.8 2.3 6.6
2000.3863 -0.158433 -67.2836 26.2 1.4 1.0 2.9
2000.3890 -1.4259 -65.3961 21.8 1.5 1.0 3.0
2000.3918 2.8518 -67.0615 23.4 1.5 1.0 3.0
2000.3945 -3.69678 -65.5071 26.2 1.6 1.1 3.0
2000.3973 -2.95743 -67.9497 24.3 2.1 1.4 3.7
2000.4000 -2.00683 -64.7299 19.2 1.7 1.1 3.2
2000.4027 -5.22831 -64.8409 14.2 1.5 1.1 2.9
2000.4055 -4.11927 -64.1747 15.7 1.6 1.1 3.0
2000.4082 -0.264056 -67.2836 26 1.5 1.0 3.1
2000.4110 -2.79899 -67.3946 16.2 1.6 1.1 3.0
2000.4137 -1.95401 -65.9512 10.4 1.7 1.1 3.0
2000.4164 -4.75301 -67.3946 25.5 1.4 1.0 2.9
2000.4192 -2.3765 -66.7284 20.9 1.5 1.0 3.0
2000.4219 -1.9012 -67.8387 23.2 1.4 1.0 2.8
2000.4247 -2.53494 -67.3946 23.3 1.5 1.0 2.8
2000.4274 -3.85522 -66.3953 14.7 1.5 1.0 2.8
2000.4301 -8.23855 -68.7269 24 1.6 1.1 3.0
2000.4329 -2.95743 -66.9505 22.3 1.5 1.0 2.8
2000.4356 -2.05964 -64.3968 31.6 1.5 1.0 2.8
2000.4384 -3.53835 -69.5041 25.9 2.2 1.4 3.8
2000.4411 -3.69678 -67.8387 30.7 1.4 1.0 2.8
2000.4438 -6.75983 -65.9512 26.2 1.7 1.1 3.1
2000.4466 -3.59116 -69.2821 17.9 1.7 1.2 3.1
2000.4493 -3.16867 -68.6159 23.1 1.5 1.0 2.8
2000.4521 -5.12269 -65.7291 22.4 1.5 1.1 2.9
2000.4548 -3.64397 -71.6137 21.4 1.5 1.0 2.8
2000.4575 -9.61164 -67.8387 19.7 1.5 1.1 2.9
2000.4603 -5.38674 -69.6152 20.3 1.5 1.0 2.8
2000.4630 -6.65421 -66.2843 27.3 1.5 1.0 2.8
2000.4658 -5.91485 -66.5063 19.6 1.4 1.0 2.7
2000.4685 -3.96084 -69.8372 23.8 1.6 1.0 2.8
2000.4712 -5.06988 -71.0585 25.6 1.5 1.0 2.8
2000.4740 -7.49919 -68.7269 21.2 1.4 1.0 2.8
2000.4767 -1.00341 -67.2836 23.1 1.4 1.0 2.8
2000.4795 -4.01365 -65.9512 21.6 1.5 1.1 2.9
2000.4822 -4.64739 -68.6159 16.2 1.5 1.0 2.8
2000.4849 -7.86887 -66.3953 27.8 1.4 1.0 2.7
2000.4877 -9.34758 -68.2828 18.5 2.4 1.4 3.8
2000.4904 -3.80241 -67.6166 22 1.6 1.0 3.0
2000.4932 -6.33734 -67.5056 22.5 1.5 1.0 3.0
2000.4959 -4.01365 -67.2836 28.6 1.5 1.0 2.9
2000.4986 -1.32028 -69.7262 22.6 1.5 1.0 2.9
2000.5014 -5.33393 -69.8372 23.3 1.5 1.0 3.0
2000.5041 -1.63715 -68.838 24.5 1.5 1.0 3.0
2000.5068 -5.01706 -69.2821 26.1 1.6 1.0 3.0
2000.5096 -3.27429 -68.949 27.2 1.5 1.0 2.9
2000.5123 -3.16867 -66.9505 30.5 1.6 1.0 3.0
2000.5151 -4.11927 -68.7269 27.2 1.5 1.0 2.9
2000.5178 -7.0767 -69.2821 20.9 1.5 1.0 2.9
2000.5205 -6.49578 -68.1718 18.2 1.5 1.0 2.9
2000.5233 -7.60481 -69.6152 29.5 1.5 1.0 3.0
2000.5260 -2.21807 -67.8387 25.5 1.7 1.0 3.0
2000.5288 -1.74277 -68.5049 21 1.8 1.1 3.3
2000.5315 -2.3765 -68.1718 26.1 1.5 1.0 2.9
2000.5342 -10.6151 -65.9512 18.5 2.0 1.1 3.4
2000.5370 -6.97108 -69.9482 30.6 1.8 1.1 3.2
2000.5397 -6.81264 -73.3901 36.4 2.4 1.6 4.1
2000.5425 -3.3271 -74.5004 23 1.7 1.0 3.0
2000.5452 -6.75983 -71.5027 24.8 1.5 1.0 2.8
2000.5479 -6.07329 -71.1696 30.5 1.5 1.0 2.9
2000.5507 -6.75983 -70.3924 24.2 1.6 1.0 3.1
2000.5534 -11.5657 -70.2813 32.2 2.3 1.3 3.7
2000.5562 -5.43955 -71.1696 30.1 1.6 1.0 2.9
2000.5589 -8.76666 -71.6137 34 2.1 1.2 3.2
2000.5616 -5.91485 -70.2813 28.2 1.8 1.1 3.1
2000.5644 -4.80582 -70.8365 25.9 1.5 1.0 2.9
2000.5671 -3.74959 -73.2791 24.1 1.5 1.0 2.9
2000.5699 -9.08353 -71.9468 29.8 1.8 1.1 3.1
2000.5726 -5.01706 -70.1703 30.5 1.6 1.0 3.0
2000.5753 -14.6287 -73.9453 41.8 2.2 1.4 3.5
2000.5781 -2.90462 -68.838 35.9 2.2 1.3 3.5
2000.5808 -8.29136 -72.946 33.9 1.5 1.0 2.9
2000.5836 -4.54176 -71.6137 30.2 1.7 1.1 3.0
2000.5863 -6.54859 -70.6144 30 1.7 1.1 3.2
2000.5890 -8.60823 -74.8335 33.8 1.6 1.1 3.0
2000.5918 -7.92168 -75.3887 21.6 1.6 1.0 3.0
2000.5945 -8.29136 -73.9453 24.7 1.7 1.2 3.2
2000.5973 -5.49236 -71.3916 27.2 1.9 1.2 3.3
2000.6000 -7.65762 -74.6115 32.5 1.6 1.1 3.1
2000.6027 -9.61164 -72.2799 18.9 1.6 1.0 3.0
2000.6055 -6.44297 -77.8313 27.2 1.5 1.0 2.9
2000.6082 -4.48895 -70.5034 22.1 1.7 1.1 3.2
2000.6110 -10.2982 -71.0585 21.9 2.2 1.3 3.6
2000.6137 -1.68996 -69.9482 28.3 2.6 1.5 4.3
2000.6164 -7.60481 -76.1659 29.3 2.9 1.9 4.7
2000.6192 -9.24196 -75.0556 27.2 1.7 1.1 3.0
2000.6219 -8.87228 -72.946 31.5 1.6 1.1 3.1
2000.6247 -10.8791 -71.5027 34.2 1.7 1.1 3.0
2000.6274 -4.91144 -72.3909 25.5 1.6 1.0 3.1
2000.6301 -7.28794 -73.9453 33.9 1.6 1.0 3.0
2000.6329 -8.5026 -74.5004 35 1.6 1.0 3.0
2000.6356 -9.29477 -71.2806 38 1.4 1.0 2.8
2000.6384 -8.5026 -71.5027 34.3 1.5 1.0 2.9
2000.6411 -8.34417 -69.9482 22.5 1.6 1.0 3.1
2000.6438 -5.12269 -73.2791 32.8 1.5 1.0 3.0
2000.6466 -7.552 -74.3894 28.1 1.6 1.1 3.1
2000.6493 -9.34758 -73.8343 27.7 1.8 1.1 3.3
2000.6521 -9.24196 -74.8335 25.3 1.6 1.1 3.1
2000.6548 -8.39698 -71.5027 27.6 1.6 1.0 3.1
2000.6575 -6.23172 -73.9453 30.7 1.5 1.0 3.1
2000.6603 -7.18232 -75.1666 31.4 1.9 1.1 3.4
2000.6630 -8.29136 -73.5012 17.5 1.7 1.2 3.3
2000.6658 -8.13292 -74.7225 25.8 1.5 1.0 3.1
2000.6685 -8.76666 -74.6115 26.3 1.5 1.0 3.1
2000.6712 -9.77007 -70.8365 27.3 1.6 1.1 3.1
2000.6740 -10.2454 -72.835 31.2 2.1 1.4 3.7
2000.6767 -9.08353 -73.3901 28.4 1.5 1.0 3.0
2000.6795 -10.6679 -73.1681 30.6 1.6 1.0 3.1
2000.6822 -9.55883 -72.724 23 1.5 1.0 3.0
2000.6849 -7.60481 -73.1681 40 1.6 1.0 3.0
2000.6877 -6.39015 -77.1651 28.2 1.6 1.1 3.1
2000.6904 -9.87569 -74.1673 35.1 1.9 1.2 3.4
2000.6932 -7.18232 -75.6107 34.1 1.7 1.1 3.1
2000.6959 -5.59799 -75.0556 27 1.6 1.1 3.1
2000.6986 -8.87228 -75.8328 31.5 1.7 1.1 3.1
2000.7014 -13.7309 -77.0541 34.2 1.9 1.2 3.6
2000.7041 -5.38674 -76.499 37.9 1.6 1.0 3.0
2000.7068 -10.9847 -73.0571 46.6 1.5 1.0 3.1
2000.7096 -12.2522 -76.1659 31.6 1.5 1.0 3.0
2000.7123 -9.61164 -73.9453 32 1.7 1.1 3.2
2000.7151 -13.5197 -75.2776 43.9 1.7 1.1 3.2
2000.7178 -14.1534 -74.1673 35.4 1.7 1.1 3.1
2000.7205 -12.0938 -73.5012 35.1 1.7 1.3 3.3
2000.7233 -9.98132 -69.9482 32.8 1.5 1.0 3.0
2000.7260 -11.3016 -75.0556 36.6 1.5 1.0 2.9
2000.7288 -17.5333 -77.8313 32.6 1.5 1.0 2.9
2000.7315 -11.7769 -75.2776 43.5 1.4 1.0 2.9
2000.7342 -13.15 -73.6122 37.5 1.5 1.0 2.9
2000.7370 -17.4277 -71.1696 38.6 1.7 1.1 3.2
2000.7397 -16.213 -75.6107 39.8 1.8 1.3 3.3
2000.7425 -11.0904 -71.3916 25.4 1.4 1.0 2.9
2000.7452 -11.9881 -76.3879 22.2 1.6 1.1 3.2
2000.7479 -16.2658 -74.6115 33.6 1.5 1.0 3.0
2000.7507 -18.1671 -79.1636 39.3 2.2 1.6 4.0
2000.7534 -11.8297 -73.7232 32.4 1.7 1.1 3.0
2000.7562 -13.15 -72.5019 24.4 1.7 1.1 3.1
2000.7589 -6.28453 -77.8313 36.7 2.4 1.6 3.9
2000.7616 -13.8365 -74.5004 37 2.7 1.8 4.2
2000.7644 -9.34758 -75.8328 40.1 2.7 2.3 5.0
2000.7671 -13.7309 -73.3901 50.2 1.4 1.0 2.8
2000.7699 -8.71385 -74.9445 42.9 1.5 1.1 2.9
2000.7726 -11.8825 -75.0556 42.7 1.4 1.0 2.8
2000.7753 -13.4669 -78.1644 34.1 1.5 1.0 2.9
2000.7781 -13.0972 -71.6137 33.3 1.9 1.3 3.3
2000.7808 -13.2028 -74.2784 30.3 1.6 1.1 3.2
2000.7836 -13.995 -72.3909 39.7 1.6 1.1 3.0
2000.7863 -11.3544 -74.3894 36.6 2.0 1.3 3.4
2000.7890 -11.5657 -75.1666 50.8 2.6 1.7 4.0
2000.7918 -13.3612 -76.9431 43.8 1.5 1.0 2.8
2000.7945 -8.08011 -76.0548 41.7 1.5 1.0 2.9
2000.7973 -13.7309 -77.8313 50 1.7 1.1 3.0
2000.8000 -14.9456 -75.3887 38.2 1.7 1.1 3.0
2000.8027 -12.8859 -76.499 33.3 1.5 1.1 3.0
2000.8055 -16.4243 -75.8328 33.9 1.5 1.0 2.8
2000.8082 -13.3612 -76.499 36.4 1.5 1.0 2.8
2000.8110 -13.8893 -76.61 44.2 1.7 1.2 3.2
2000.8137 -15.4209 -78.4975 45.8 1.7 1.1 3.1
2000.8164 -18.1142 -78.9416 45.1 1.8 1.2 3.2
2000.8192 -10.5622 -77.3872 51.8 1.6 1.2 3.0
2000.8219 -16.0546 -78.8306 40.7 1.8 1.2 3.2
2000.8247 -12.1994 -77.4982 33.2 1.5 1.0 3.0
2000.8274 -11.9881 -77.9423 35.4 1.7 1.2 3.2
2000.8301 -13.4669 -80.0519 39 2.8 2.0 4.4
2000.8329 -14.6815 -76.499 39.5 1.7 1.1 3.0
2000.8356 -12.9387 -73.3901 36.5 1.6 1.1 3.1
2000.8411 -13.6253 -77.2762 40.1 1.5 1.0 2.9
2000.8438 -12.3578 -75.0556 45 1.5 1.1 2.9
2000.8466 -15.5265 -75.9438 39.3 2.2 1.5 3.6
2000.8493 -13.2028 -75.7218 40.8 1.6 1.1 3.0
2000.8521 -11.1432 -75.1666 34.1 3.1 2.1 4.7
2000.8548 -10.2454 -76.1659 40.7 2.0 1.5 3.9
2000.8575 -10.4566 -75.7218 33.1 1.5 1.1 2.9
2000.8603 -13.0972 -76.9431 35.1 1.6 1.2 3.0
2000.8630 -14.7343 -80.385 51.8 1.9 1.5 3.8
2000.8658 -14.8928 -76.9431 34.4 1.7 1.3 3.1
2000.8685 -10.7735 -75.4997 36 1.7 1.1 3.1
2000.8712 -12.1466 -76.832 39.9 1.4 1.0 2.8
2000.8740 -11.9881 -75.1666 38.1 1.5 1.0 2.9
2000.8767 -11.1432 -79.2747 32.8 1.5 1.1 2.8
2000.8795 -8.92509 -76.832 43.1 1.5 1.1 2.9
2000.8822 -16.9524 -76.499 44.6 1.4 1.0 2.8
2000.8849 -11.1432 -74.1673 48.9 1.5 1.0 2.8
2000.8877 -10.0869 -75.4997 41.2 1.5 1.1 3.0
2000.8904 -9.98132 -78.6085 32.2 1.6 1.2 3.0
2000.8932 -10.6151 -72.946 37.9 1.5 1.0 2.9
2000.8959 -11.8297 -77.2762 42.3 1.5 1.1 3.0
2000.8986 -14.6287 -74.6115 48.7 1.5 1.1 2.9
2000.9014 -12.8859 -76.3879 47.3 1.5 1.0 3.0
2000.9041 -12.5691 -78.4975 38.2 1.5 1.1 3.0
2000.9068 -15.4209 -79.1636 33.9 1.7 1.1 3.1
2000.9096 -19.8042 -75.7218 37.6 2.4 1.6 3.7
2000.9123 -8.13292 -75.7218 29.7 2.1 1.5 3.8
2000.9151 -9.29477 -81.6063 44.8 2.7 2.2 4.7
2000.9178 -14.9456 -78.3864 34.3 1.5 1.0 2.9
2000.9205 -20.3851 -77.6092 36.2 1.5 1.1 3.0
2000.9233 -16.6883 -77.6092 41.6 1.4 1.1 2.9
2000.9260 -16.213 -74.6115 35.2 1.5 1.1 3.0
2000.9288 -7.86887 -89.2673 36.5 1.5 1.2 3.1
2000.9315 -11.7769 -82.1614 34.5 1.5 1.0 2.9
2000.9342 -13.8893 -79.0526 42.2 1.5 1.1 3.0
2000.9370 -14.259 -71.7247 31.9 1.5 1.2 3.1
2000.9397 -16.0546 -86.6026 36.7 1.7 1.2 3.1
2000.9425 -8.39698 -84.8261 27.3 1.5 1.1 3.0
2000.9452 -16.9524 -83.0497 34.2 1.5 1.1 2.9
2000.9479 -14.6815 -78.6085 33.4 1.5 1.2 3.0
2000.9507 -13.0972 -79.3857 31.8 1.4 1.1 2.9
2000.9534 -12.305 -78.8306 33 1.4 1.1 2.9
2000.9562 -13.6781 -78.3864 37 1.4 1.1 2.8
2000.9589 -14.0478 -79.3857 26.6 1.3 1.0 2.7
2000.9616 -14.3646 -78.0534 36.6 1.3 1.0 2.8
2000.9644 -16.0018 -80.0519 34.4 1.5 1.0 3.0
2000.9671 -12.4634 -78.1644 50.6 1.5 1.1 3.0
2000.9699 -18.4839 -81.2732 39.2 1.5 1.2 3.1
2000.9726 -15.4209 -76.499 22.7 1.4 1.0 2.8
2000.9753 -12.4634 -80.607 36.5 1.4 1.1 2.9
2000.9781 -14.2062 -76.499 33.6 1.4 1.0 2.8
2000.9808 -14.3646 -78.7195 40.9 1.9 1.4 3.3
2000.9836 -11.7769 -79.2747 34.7 1.4 1.0 2.8
2000.9863 -13.8893 -79.6078 32.6 1.5 1.0 2.9
2000.9890 -12.305 -80.607 34.7 1.4 1.0 2.9
2000.9918 -17.058 -80.607 35.9 1.5 1.1 3.0
2000.9945 -15.4737 -77.9423 35.2 1.5 1.0 2.9
2000.9973 -13.3612 -79.4967 45.7 1.4 1.0 2.8
2001.0000 -3.85522 -77.0541 31.2 1.4 1.0 2.8
2001.0027 -10.1397 -81.9394 42.7 1.4 1.0 2.8
2001.0027 -16.6883 -78.9416 32.4 1.5 1.1 2.9
2001.0055 -16.794 -79.9409 32.3 1.4 1.0 2.9
2001.0082 -17.1636 -78.4975 29.8 1.6 1.1 3.0
2001.0110 -16.9524 -81.3842 32.4 1.5 1.1 2.9
2001.0137 -17.5861 -82.0504 36.6 1.4 1.0 2.9
2001.0164 -14.3118 -82.9386 42.6 1.5 1.0 2.9
2001.0192 -9.50602 -79.3857 38.3 1.4 1.0 2.9
2001.0219 -13.3084 -77.8313 33 1.5 1.0 2.9
2001.0247 -16.3715 -83.9379 33.9 1.5 1.0 2.9
2001.0274 -16.4243 -82.7166 29.5 1.4 1.0 2.8
2001.0301 -13.995 -80.2739 18.5 1.4 1.0 2.8
2001.0329 -12.8331 -84.271 42.7 1.4 1.0 2.8
2001.0356 -13.0444 -84.493 39.6 1.5 1.0 2.9
2001.0384 -15.0512 -76.2769 29.1 1.4 1.0 2.8
2001.0411 -5.06988 -89.7114 25.6 1.5 1.0 2.8
2001.0438 -20.4907 -82.7166 28.8 1.5 1.0 2.9
2001.0466 -7.39357 -82.1614 36.2 1.4 1.0 2.9
2001.0493 -13.7837 -81.9394 37.3 1.4 1.0 2.8
2001.0521 -16.6883 -80.1629 36.1 1.5 1.0 2.9
2001.0548 -13.7837 -81.1622 32.6 1.5 1.0 2.9
2001.0575 -17.1108 -82.8276 44.3 1.7 1.2 3.1
2001.0603 -7.81606 -82.3835 29.4 1.5 1.0 2.9
2001.0630 -16.4243 -80.2739 34.9 1.6 1.1 3.2
2001.0658 -16.4771 -84.8261 36.7 1.7 1.1 3.3
2001.0685 -20.5964 -82.8276 21.4 1.5 1.0 3.0
2001.0712 -19.7514 -81.9394 26.7 1.7 1.1 3.1
2001.0740 -21.7582 -81.8283 25.7 1.5 1.0 3.1
2001.0767 -24.0291 -82.2725 41.4 1.5 1.0 2.9
2001.0795 -18.5895 -80.496 50.4 1.5 1.0 2.9
2001.0822 -18.2199 -76.3879 52.3 1.4 1.0 2.8
2001.0849 -18.0614 -79.9409 50.1 2.2 1.2 3.7
2001.0877 -15.2624 -81.4953 34.9 1.5 1.0 2.9
2001.0904 -21.4413 -83.7158 43.1 1.4 1.0 2.9
2001.0932 -19.4873 -81.7173 38.2 1.4 1.0 2.9
2001.0959 -17.5861 -79.4967 35.2 1.4 1.0 2.9
2001.0986 -16.8996 -81.6063 28.6 1.4 0.9 2.9
2001.1014 -19.0648 -81.1622 30.7 1.7 1.1 3.1
2001.1041 -17.4277 -82.9386 28.9 1.5 1.0 2.9
2001.1068 -15.8434 -85.0482 25.1 1.5 1.0 2.9
2001.1096 -17.058 -84.8261 25.8 1.5 1.0 3.0
2001.1123 -19.4345 -82.3835 23 1.4 1.0 2.9
2001.1151 -17.7446 -85.1592 26.5 1.7 1.1 3.1
2001.1178 -16.6883 -84.8261 32.5 1.6 1.1 3.1
2001.1205 -17.1108 -85.0482 37.4 1.8 1.0 3.1
2001.1233 -14.8399 -81.7173 25.2 1.7 1.1 3.1
2001.1260 -16.8468 -83.7158 22 1.5 1.0 2.9
2001.1288 -14.4175 -83.6048 33 1.4 1.0 2.8
2001.1315 -13.9422 -85.0482 27.5 1.4 1.0 2.8
2001.1342 -12.6747 -83.7158 30 1.5 1.0 2.9
2001.1370 -15.5793 -84.382 27.1 1.5 0.9 2.8
2001.1397 -17.5861 -84.16 27.5 1.6 1.0 3.1
2001.1425 -16.6883 -82.7166 25.4 1.6 1.0 3.0
2001.1452 -12.1466 -83.3828 14.7 1.5 1.0 2.9
2001.1479 -14.9456 -85.6033 22.8 1.6 1.0 3.0
2001.1507 -17.2164 -86.2695 26.9 1.5 1.0 3.0
2001.1534 -13.15 -86.0474 32.8 1.5 1.0 2.9
2001.1562 -9.55883 -89.7114 34.2 1.6 1.0 3.1
2001.1589 -14.4175 -81.6063 37.7 1.7 1.0 3.0
2001.1616 -17.3221 -85.6033 43.3 1.5 1.0 3.0
2001.1644 -17.4805 -84.0489 22.6 1.5 1.0 3.0
2001.1671 -10.2982 -83.8269 22.2 1.5 1.0 3.1
2001.1699 -12.9916 -86.7136 30.4 1.5 1.0 2.9
2001.1726 -17.5861 -86.9357 29.6 1.6 1.0 3.1
2001.1753 -11.2488 -87.0467 39.8 1.6 1.0 3.1
2001.1781 -12.8859 -82.3835 30.7 1.5 1.0 2.9
2001.1808 -15.2624 -87.7129 25.8 1.5 1.0 2.8
2001.1836 -18.4839 -94.8187 32.8 1.5 1.0 2.8
2001.1863 -15.104 -87.3798 26.9 1.5 1.0 3.0
2001.1890 -15.3681 -88.4901 25.2 1.5 1.1 3.0
2001.1918 -18.3783 -87.1577 26.3 1.5 1.0 2.9
2001.1945 -13.4669 -86.9357 33.4 1.7 1.1 3.1
2001.1973 -17.1636 -84.6041 26.2 1.5 1.0 3.0
2001.2000 -15.4737 -86.8246 30.1 1.5 1.0 2.9
2001.2027 -15.0512 -86.2695 36.7 1.5 1.0 2.9
2001.2055 -13.7309 -85.9364 29 1.5 1.0 3.0
2001.2082 -16.7411 -84.9372 22.8 1.5 1.0 3.0
2001.2110 -14.7343 -85.1592 13.7 1.5 1.0 2.9
2001.2137 -17.8502 -88.6011 21 1.9 1.2 3.3
2001.2164 -14.7343 -87.3798 18.1 2.6 2.0 4.7
2001.2192 -15.7905 -86.6026 18.5 1.4 1.0 2.8
2001.2219 -18.6952 -86.8246 21.4 1.5 1.0 2.9
2001.2247 -20.6492 -87.3798 22.5 2.0 1.3 3.7
2001.2274 -16.8468 -83.4938 23.5 1.7 1.1 3.0
2001.2301 -16.5299 -86.4916 26.9 1.5 1.0 2.9
2001.2329 -19.3289 -86.8246 36.8 1.5 1.0 3.0
2001.2356 -16.5827 -87.8239 30.3 1.7 1.1 3.1
2001.2384 -14.5759 -89.4893 30.6 2.2 1.3 3.7
2001.2411 -16.794 -87.2688 22.3 1.8 1.1 3.2
2001.2438 -19.6458 -87.1577 27.6 1.6 1.1 3.1
2001.2466 -24.0291 -83.7158 17.3 4.7 2.2 5.8
2001.2493 -12.0938 -86.6026 23.3 1.6 1.1 3.1
2001.2521 -18.8536 -89.2673 28.3 1.8 1.3 3.4
2001.2548 -24.9269 -85.0482 38.3 1.7 1.1 2.9
2001.2575 -22.2335 -91.3768 34.7 1.4 1.0 2.9
2001.2603 -20.1211 -88.046 26.8 1.7 1.2 3.3
2001.2630 -18.6952 -87.9349 24.5 1.5 1.0 3.0
2001.2658 -15.5793 -88.7121 27.3 1.8 1.1 3.2
2001.2685 -19.8042 -87.9349 24.8 2.0 1.2 3.5
2001.2712 -18.0086 -89.6004 23.8 1.8 1.1 3.2
2001.2740 -20.1211 -87.1577 22.4 1.6 1.1 3.0
2001.2767 -17.0052 -85.8254 35.3 2.4 1.4 3.5
2001.2795 -17.2164 -86.2695 24.5 1.7 1.2 3.3
2001.2822 -16.8468 -85.2702 23.4 1.9 1.3 3.4
2001.2849 -19.2761 -89.3783 19.7 1.5 1.0 3.1
2001.2877 -21.4942 -90.7107 23.2 1.7 1.2 3.1
2001.2904 -20.7548 -89.0452 21.8 1.5 1.1 3.0
2001.2932 -20.3323 -89.1563 23.7 1.5 1.1 3.0
2001.2959 -18.5367 -87.1577 26.4 1.9 1.3 3.4
2001.2986 -19.4873 -87.9349 22.3 1.4 1.0 2.8
2001.3014 -19.0648 -90.1555 20.3 1.5 1.0 2.9
2001.3041 -19.3817 -88.7121 20.9 1.4 1.0 2.8
2001.3068 -15.7905 -88.4901 8.8 2.5 1.4 4.1
2001.3096 -22.656 -88.046 26.3 1.6 1.1 3.1
2001.3123 -20.9132 -90.3776 22.2 1.5 1.0 2.9
2001.3151 -19.8042 -92.043 19.3 1.4 1.0 2.9
2001.3178 -20.0683 -88.3791 12.5 1.5 1.0 2.8
2001.3205 -23.4482 -88.3791 25.7 1.4 1.0 2.8
2001.3233 -20.8076 -89.4893 29 1.7 1.2 3.1
2001.3260 -22.1279 -90.0445 26.4 1.4 1.0 2.8
2001.3288 -23.6594 -91.3768 27.1 1.5 1.0 2.9
2001.3315 -24.0819 -94.0415 32.1 1.4 1.0 2.9
2001.3342 -24.5572 -91.2658 20.1 1.4 1.0 2.8
2001.3370 -21.5998 -88.8232 28.4 1.4 1.0 2.8
2001.3397 -23.8179 -88.9342 25.2 1.4 1.0 2.8
2001.3425 -22.2335 -89.4893 20.6 1.4 1.0 2.8
2001.3452 -25.0853 -90.3776 26.7 1.4 1.0 2.8
2001.3479 -23.3954 -91.821 19.6 1.5 1.1 3.0
2001.3507 -23.2897 -89.6004 20.1 1.5 1.1 2.9
2001.3534 -21.4942 -89.6004 22.4 1.9 1.2 3.1
2001.3562 -24.5044 -88.4901 24.5 1.6 1.2 3.1
2001.3589 -23.6594 -87.7129 21.6 1.4 1.0 2.8
2001.3616 -21.9695 -88.9342 22.6 1.7 1.2 3.3
2001.3644 -19.1177 -88.4901 19.6 1.6 1.1 3.0
2001.3671 -21.1773 -90.0445 19.1 1.3 1.0 2.8
2001.3699 -21.1773 -91.0437 24.9 1.4 1.0 2.9
2001.3726 -20.9132 -90.4886 22.4 1.4 1.0 2.9
2001.3753 -23.8707 -92.4871 21.4 1.4 1.0 2.9
2001.3781 -23.2369 -91.1548 25.5 1.4 1.0 2.8
2001.3808 -22.9729 -90.1555 16.3 1.4 1.0 2.8
2001.3836 -26.2472 -91.3768 20.7 1.3 0.9 2.7
2001.3863 -21.4413 -90.5996 20 1.4 1.0 2.8
2001.3890 -22.656 -91.5989 20.8 1.4 1.0 2.9
2001.3918 -23.2369 -90.9327 21.7 1.4 1.0 2.9
2001.3945 -21.4942 -91.5989 22.7 1.4 1.0 2.8
2001.3973 -20.5964 -91.1548 21.7 1.4 1.0 2.8
2001.4000 -23.3954 -92.154 20.1 1.4 1.0 2.8
2001.4027 -20.3323 -89.6004 15.9 1.5 1.0 2.8
2001.4055 -21.1245 -91.932 27.1 1.7 1.1 3.1
2001.4082 -20.4379 -93.2643 21.9 1.4 1.0 2.8
2001.4110 -19.2233 -91.932 25.7 1.4 1.0 2.8
2001.4137 -22.2863 -90.3776 20.8 1.4 1.0 2.7
2001.4164 -22.3919 -93.2643 21.9 1.4 1.0 2.9
2001.4192 -20.1739 -90.0445 20.8 1.5 1.0 3.0
2001.4219 -19.4873 -91.1548 17.8 1.4 1.0 2.8
2001.4247 -21.0717 -95.1518 21.6 1.9 1.4 3.6
