2004.6877 0 0 0 1.8 1.6 4.2
2004.6904 1.69667 -0.111042 -15.6 1.1 0.9 2.7
2004.6932 -0.791781 -1.66562 1.2 1.1 0.9 2.6
2004.6959 -1.24423 5.1079 2.1 1.2 0.9 2.6
2004.6986 -1.18767 1.44354 -0.6 1.3 1.0 2.7
2004.7014 2.60157 0.222083 -4.8 1.1 0.9 2.6
2004.7041 2.03601 4.77478 -0.5 1.3 1.0 2.9
2004.7068 3.56302 -0.777289 -9.6 1.1 0.9 2.6
2004.7096 5.59903 0.444165 -3.8 1.1 0.9 2.5
2004.7123 1.86634 0.666248 -9.4 1.2 0.9 2.8
2004.7151 0.0565552 1.8877 -6.3 1.1 0.9 2.6
2004.7178 -2.54501 -0.444165 1.3 1.1 0.9 2.6
2004.7205 -0.395891 0.999371 -3.4 1.1 0.9 2.5
2004.7233 -2.48846 2.33187 -3.8 1.1 0.9 2.5
2004.7260 2.48846 0.222083 5.8 1.1 0.9 2.6
2004.7288 -3.22368 -0.999371 -1.7 1.2 0.9 2.6
2004.7315 3.44991 0.888331 3.6 1.1 0.9 2.6
2004.7342 1.97945 -1.44354 8.9 1.1 0.9 2.6
2004.7370 -5.20314 -2.10978 -5.6 1.1 0.9 2.5
2004.7397 2.60157 1.11041 -6.8 1.1 0.9 2.6
2004.7425 2.65812 0.111041 2.1 1.1 0.9 2.6
2004.7452 2.4319 -2.33187 -1.5 1.1 0.9 2.6
2004.7479 2.71468 1.11041 -0.8 1.1 0.9 2.6
2004.7507 4.18513 -3.7754 -3.5 1.1 0.9 2.6
2004.7534 -6.16459 1.3325 -2.9 1.1 0.9 2.6
2004.7562 -15.2701 -0.333124 -4.5 1.1 0.9 2.6
2004.7589 -6.10803 -1.77666 6.1 1.1 0.9 2.6
2004.7616 -7.86126 1.22145 5.1 1.1 0.9 2.6
2004.7644 -2.31879 -1.44354 -0.3 1.1 0.9 2.6
2004.7671 0.169667 -1.77666 -3.2 1.1 0.9 2.6
2004.7699 -3.67613 -1.22145 -1.3 1.1 0.9 2.6
2004.7726 -1.4139 -2.66499 -0.6 1.2 0.9 2.7
2004.7753 -4.07202 0.222083 7.2 1.2 0.9 2.7
2004.7781 -2.4319 -1.22145 -0.8 1.2 0.9 2.7
2004.7808 -2.82779 -1.11041 8.4 1.1 0.9 2.7
2004.7836 -13.0644 0.555206 -7.3 1.1 0.9 2.6
2004.7863 -5.82525 -2.66499 -8.1 1.2 0.9 2.7
2004.7890 1.24423 0.222083 -8 1.1 0.9 2.6
2004.7918 0.169667 -2.10978 -10.1 1.2 0.9 2.6
2004.7945 3.44991 -2.88707 -5.2 1.1 0.9 2.6
2004.7973 -1.80979 -3.44228 4.6 1.1 0.9 2.6
2004.8000 -2.71468 -5.21894 -4.4 1.2 0.9 2.6
2004.8027 0.452447 -1.55458 -5.8 1.2 0.9 2.6
2004.8055 -0.622114 -3.44228 -1 1.2 0.9 2.7
2004.8082 2.9409 0.777289 -7 1.2 0.9 2.6
2004.8110 5.42936 1.22145 -2.9 1.2 0.9 2.6
2004.8137 -6.22114 -9.32747 5.3 1.2 0.9 2.6
2004.8164 3.78924 -1.22145 -3.1 1.2 0.9 2.6
2004.8192 0.452447 -4.88582 5.1 1.2 0.9 2.6
2004.8219 -3.50646 -0.333124 -5.8 1.2 1.0 2.7
2004.8247 0.452447 -4.44165 -7.2 1.2 0.9 2.7
2004.8274 5.09002 -4.55269 -1 1.2 0.9 2.6
2004.8301 6.22114 -0.444165 8.2 1.2 0.9 2.6
2004.8329 3.56302 -2.66499 7.1 1.2 0.9 2.7
2004.8356 -1.69667 -4.55269 -0.9 1.2 0.9 2.6
2004.8384 0.848338 -2.10978 -7.1 1.2 0.9 2.6
2004.8411 -2.71468 -4.88582 -0.8 1.2 0.9 2.6
2004.8438 -0.339335 -0.444165 -5.2 1.2 0.9 2.7
2004.8466 5.25969 -2.66499 4.8 1.2 0.9 2.6
2004.8493 -0.339335 -5.77415 -3 1.2 0.9 2.6
2004.8521 -3.33679 -4.10853 -5.1 1.2 0.9 2.6
2004.8548 -3.56302 1.77666 -6.1 1.2 0.9 2.6
2004.8575 5.14658 -4.10853 -13.3 1.6 1.2 3.3
2004.8603 1.69667 -6.21831 -1.9 1.6 1.0 3.1
2004.8630 -4.8638 0.888331 6.2 1.8 1.2 3.4
2004.8658 -7.8047 -5.88519 -5.7 1.2 0.9 2.7
2004.8685 -3.8458 -3.7754 -7.3 1.2 0.9 2.7
2004.8712 -1.13112 -6.21831 -10.2 1.2 0.9 2.7
2004.8740 -5.14658 -6.4404 -10.1 1.2 0.9 2.6
2004.8767 -0.339335 -2.33187 0.8 1.2 0.9 2.7
2004.8795 0.848338 -5.32998 4 1.2 0.9 2.7
2004.8822 1.97945 -6.55144 -3.9 1.2 0.9 2.6
2004.8849 -4.97691 -1.8877 -5.7 1.2 0.9 2.6
2004.8877 -8.08748 -5.55207 -8.4 1.2 0.9 2.7
2004.8904 -3.11057 -1.55458 -9.8 1.2 0.9 2.7
2004.8932 5.59903 -7.21769 -13.8 1.2 0.9 2.7
2004.8959 -7.74815 -3.33124 6.7 1.2 0.9 2.7
2004.8986 -13.2906 -3.33124 -6.3 1.2 0.9 2.6
2004.9014 -4.46791 -5.44102 -10 1.2 0.9 2.7
2004.9041 -0.848338 -4.66374 -16 1.2 0.9 2.7
2004.9068 0.735226 -3.66436 -12.8 1.2 0.9 2.6
2004.9123 1.01801 -7.32873 -11 1.2 0.9 2.6
2004.9151 -0.791781 -5.88519 -2.4 1.2 0.9 2.6
2004.9178 -3.50646 -4.88582 -3.7 1.2 0.9 2.7
2004.9205 -0.0565552 -2.44291 -7.5 1.2 0.9 2.7
2004.9233 -4.52447 -4.21957 3.9 1.2 0.9 2.7
2004.9260 2.37535 -2.22083 3.7 1.2 0.9 2.7
2004.9288 2.88435 -6.10727 0.8 1.2 0.9 2.6
2004.9315 -0.282779 -1.77666 -8.3 1.2 0.9 2.7
2004.9342 -2.09257 0.444165 -5.5 1.2 0.9 2.7
2004.9370 -8.99238 -4.10853 -5.3 1.2 0.9 2.7
2004.9397 -7.52193 -4.66374 -5.5 1.2 0.9 2.7
2004.9425 -5.99492 -3.33124 -1.8 1.2 0.9 2.7
2004.9452 -4.80725 -4.55269 3.2 1.2 0.9 2.7
2004.9479 -8.20059 -3.55332 -8.4 1.2 0.9 2.7
2004.9507 -8.42682 -3.33124 -3.5 1.2 0.9 2.7
2004.9534 -6.16459 -3.7754 -3.1 1.2 0.9 2.7
2004.9562 -1.4139 -6.21831 0.9 1.2 0.9 2.7
2004.9589 -7.91781 -6.88456 -2.7 1.2 0.9 2.7
2004.9616 -5.71214 1.44354 -0.1 1.2 0.9 2.7
2004.9644 -9.89727 -6.21831 -3.8 1.2 0.9 2.7
2004.9671 -0.0565552 -6.32935 -9.8 1.2 0.9 2.7
2004.9699 4.12857 -6.88456 -7.7 1.2 0.9 2.7
2004.9726 3.22368 -5.77415 -11.4 1.2 0.9 2.6
2004.9753 -8.42682 -3.66436 -1.3 1.2 0.9 2.7
2004.9781 1.4139 -6.88456 -2.9 1.2 0.9 2.7
2004.9808 0.565559 -8.55018 -5.4 1.2 0.9 2.7
2004.9836 -2.65812 -11.1041 -2.5 1.2 0.9 2.7
2004.9863 -3.33679 -11.2152 -10.5 1.2 0.9 2.7
2004.9890 -3.39335 -11.1041 -9.4 1.2 0.9 2.7
2004.9918 -3.73268 -9.43851 -8.4 1.2 0.9 2.7
2004.9945 2.48846 -7.43977 -3.6 1.2 0.9 2.8
2004.9973 -4.8638 -8.8833 -5.6 1.2 0.9 2.7
2005.0000 -6.05147 -9.88268 -8.2 1.2 0.9 2.8
2005.0027 -5.71214 -9.21643 -5.6 1.3 0.9 2.8
2005.0027 -4.58102 -7.10664 0.2 1.2 0.9 2.7
2005.0055 -51.5224 -11.7704 6.5 1.2 0.9 2.8
2005.0082 -5.71214 -12.2145 -11.2 1.2 0.9 2.8
2005.0110 -0.622114 -9.99372 -1.8 1.2 0.9 2.8
2005.0137 5.09002 -8.21706 -5.7 1.2 0.9 2.8
2005.0164 6.56047 -8.66122 -6.7 1.2 0.9 2.8
2005.0192 -1.07456 -10.2158 -10.3 1.2 0.9 2.7
2005.0219 -1.30078 -10.1048 -13.2 1.2 0.9 2.8
2005.0247 2.31879 -10.2158 -12.8 1.2 0.9 2.8
2005.0274 -2.82779 -9.54955 0.2 1.2 0.9 2.8
2005.0301 -3.78924 -11.9925 -19.1 1.2 0.9 2.7
2005.0329 -5.99492 -15.4347 -19.3 1.2 0.9 2.7
2005.0356 -8.53993 -6.21831 -5 1.2 0.9 2.7
2005.0384 -9.38827 -2.66499 4.2 1.2 0.9 2.8
2005.0411 -6.05147 -5.1079 13.1 1.2 0.9 2.7
2005.0438 -14.8742 -6.66248 5 1.2 0.9 2.7
2005.0466 -3.8458 -5.88519 3.3 1.4 1.0 2.9
2005.0493 -11.7636 -10.5489 -12.6 1.3 0.9 2.8
2005.0521 -7.35226 -12.2145 -4.9 1.2 0.9 2.8
2005.0548 -7.35226 -11.9925 -12.7 1.2 0.9 2.9
2005.0575 -9.95383 -7.66185 -8 1.2 0.9 2.7
2005.0603 -4.80725 -13.325 -2 1.2 0.9 2.7
2005.0630 -6.22114 -10.882 -10.4 1.2 0.9 2.7
2005.0658 -3.95891 -8.43914 -1.5 1.2 0.9 2.7
2005.0685 -5.14658 -1.77666 3.9 1.2 0.9 2.8
2005.0712 -4.01546 6.4404 7.7 1.2 0.9 2.7
2005.0767 -6.73014 -3.55332 15.5 1.2 0.9 2.8
2005.0795 -4.58102 -9.66059 11 1.2 0.9 2.7
2005.0822 -13.5168 -9.88268 5.6 1.2 0.9 2.7
2005.0849 -23.9797 -16.4341 -10.5 1.2 0.9 2.7
2005.0877 -5.14658 -11.2152 -12.2 1.2 0.9 2.7
2005.0904 -6.05147 -13.325 -6.6 1.2 0.9 2.7
2005.0932 -6.56047 -12.6587 -4.1 1.2 0.9 2.8
2005.0959 -4.24169 -12.4366 -5 1.2 0.9 2.7
2005.0986 -6.44736 -11.3262 -8 1.2 0.9 2.7
2005.1068 -2.4319 -13.436 4.8 1.2 0.9 2.8
2005.1096 -4.63758 -12.6587 3.8 1.2 0.9 2.8
2005.1123 0.678669 -11.5483 9.2 1.2 0.9 2.7
2005.1151 -0.509002 -12.8808 -2.8 1.2 0.9 2.7
2005.1178 -4.58102 -14.5464 -10.3 1.2 0.9 2.7
2005.1205 -4.52447 -10.3268 -8.5 1.2 0.9 2.7
2005.1233 -7.46537 -9.66059 8.4 1.2 0.9 2.7
2005.1260 2.65812 -13.6581 -5.8 1.2 0.9 2.8
2005.1288 -5.42936 -10.9931 -4.2 1.2 0.9 2.8
2005.1315 -7.2957 -11.7704 -8.5 1.2 0.9 2.8
2005.1342 -7.01292 -9.32747 -2.6 1.2 0.9 2.8
2005.1370 -12.2726 -4.55269 2.4 1.2 0.9 2.7
2005.1397 -4.41135 -6.21831 6.2 1.2 0.9 2.7
2005.1425 -6.10803 -5.21894 10.5 1.2 0.9 2.7
2005.1452 -7.06948 -10.882 1.7 1.2 0.9 2.8
2005.1479 -5.71214 -8.21706 -3.9 1.2 0.9 2.8
2005.1507 -5.48591 -11.3262 -2.2 1.2 0.9 2.8
2005.1562 -5.42936 -14.7685 0.5 1.2 0.9 2.7
2005.1589 -1.01801 -14.2133 -1.4 1.2 0.9 2.8
2005.1616 -0.848338 -16.5452 -8.3 1.2 1.0 2.8
2005.1644 -4.29824 -15.1016 -3.6 1.2 0.9 2.8
2005.1671 -2.03601 -12.4366 0.5 1.2 0.9 2.8
2005.1699 -3.05401 -15.3237 1.5 1.2 0.9 2.8
2005.1726 -7.35226 -16.7672 5.4 1.2 0.9 2.7
2005.1753 -4.58102 -15.7679 8.9 1.2 0.9 2.8
2005.1781 -5.76869 -15.6568 -8.2 1.3 1.0 2.8
2005.1808 -7.69159 -14.8795 -0.6 1.2 0.9 2.8
2005.1836 -6.73014 -14.5464 -0.1 1.2 0.9 2.8
2005.1863 -8.37026 -10.1048 0.8 1.2 1.0 2.8
2005.1890 -5.76869 -18.877 -7.8 1.2 0.9 2.7
2005.1918 -5.48591 -14.9906 -9.1 1.2 0.9 2.7
2005.1945 -3.16713 -12.6587 -7.8 1.2 0.9 2.7
2005.1973 -3.11057 -17.5445 -5.9 1.2 0.9 2.7
2005.2000 -3.33679 -14.1022 -5 1.2 0.9 2.7
2005.2027 -7.57848 -9.66059 8.7 1.2 1.0 2.7
2005.2055 -4.8638 -12.2145 5.6 1.2 0.9 2.7
2005.2082 -4.12857 -15.1016 -1 1.2 0.9 2.7
2005.2110 -3.05401 -16.3231 -5 1.2 0.9 2.7
2005.2137 -2.54501 -18.766 -11.5 1.2 0.9 2.7
2005.2164 -3.61957 -15.5458 -1.9 1.2 0.9 2.7
2005.2192 -0.622114 -16.7672 -4.3 1.2 0.9 2.7
2005.2219 -9.84071 -17.9887 0.4 1.2 0.9 2.7
2005.2247 -0.791781 -19.0991 -8.7 1.2 0.9 2.7
2005.2274 -6.84325 -16.9893 -9.7 1.2 0.9 2.7
2005.2301 -9.7276 -15.5458 -6.6 1.2 0.9 2.8
2005.2329 0.622114 -17.3224 -0.7 1.2 0.9 2.7
2005.2356 -0.904893 -17.7666 1.7 1.2 0.9 2.7
2005.2384 -0.0565552 -18.3218 -6.1 1.2 0.9 2.7
2005.2411 1.97945 -15.2127 -0.2 1.2 0.9 2.8
2005.2438 -0.395891 -17.5445 -1.8 1.2 0.9 2.8
2005.2466 -0.226224 -15.9899 -1.8 1.2 0.9 2.8
2005.2493 -1.97945 -18.6549 -3.3 1.2 0.9 2.7
2005.2521 -1.01801 -18.3218 -1.1 1.2 0.9 2.8
2005.2548 0.169667 -18.6549 -2.1 1.2 0.9 2.8
2005.2575 -0.395891 -16.7672 -6.6 1.2 1.0 2.9
2005.2603 1.18767 -17.6556 -8.1 1.2 0.9 2.7
2005.2740 1.80979 -17.5445 -7.5 1.2 0.9 2.7
2005.2767 0.113112 -19.3212 -16.9 1.2 0.9 2.7
2005.2795 1.01801 -18.6549 -8.8 1.2 0.9 2.7
2005.2822 -2.09257 -19.6543 -6.7 1.2 1.0 2.7
2005.2849 -1.9229 -21.542 -5.6 1.3 1.0 2.7
2005.2877 -1.35734 -19.3212 -6.9 1.3 1.0 2.7
2005.2904 5.20314 -15.6568 -7.4 1.2 0.9 2.7
2005.2932 3.39335 -18.3218 -6.5 1.2 0.9 2.7
2005.2959 -2.14912 -18.9881 -2.6 1.2 0.9 2.7
2005.2986 0.565559 -16.101 -1.7 1.2 1.0 2.8
2005.3014 -0.622114 -18.0997 -8.8 1.2 0.9 2.8
2005.3041 -7.63504 -23.4297 -5.8 1.2 0.9 2.7
2005.3068 -2.54501 -16.7672 -9.7 1.2 0.9 2.7
2005.3096 -4.69413 -17.6556 -3.9 1.2 0.9 2.7
2005.3123 0.678669 -17.3224 -6.7 1.2 0.9 2.7
2005.3178 -4.3548 -16.9893 -1.2 1.2 0.9 2.7
2005.3205 -0.169667 -16.5452 -7.7 1.2 0.9 2.8
2005.3233 3.11057 -18.5439 -9.1 1.2 0.9 2.8
2005.3260 -4.41135 -19.6543 -5.4 1.2 0.9 2.7
2005.3288 -1.07456 -18.766 -2 1.2 0.9 2.7
2005.3315 -3.8458 -19.7654 -8.2 1.2 0.9 2.7
2005.3342 -4.46791 -20.6537 -8.6 1.2 0.9 2.8
2005.3370 -2.31879 -21.0978 -0.8 1.3 0.9 2.7
2005.3397 -2.14912 -19.6543 -6.6 1.2 0.9 2.7
2005.3425 -9.10549 -19.6543 -2.3 1.2 0.9 2.7
2005.3452 -4.01546 -19.0991 0.9 1.2 0.9 2.7
2005.3479 -2.31879 -22.2083 -3.2 1.2 0.9 2.7
2005.3507 -3.05401 -18.9881 -12.9 1.8 1.0 2.9
2005.3534 -2.99746 -18.9881 -6 1.2 0.9 2.7
2005.3562 -3.50646 -22.0972 -9.2 1.3 0.9 2.8
2005.3589 -5.93836 -23.4297 -7.3 1.3 0.9 2.8
2005.3616 -9.61449 -21.9862 -5.2 1.3 0.9 2.7
2005.3644 -5.76869 -21.6531 -4.3 1.3 0.9 2.8
2005.3671 -5.03347 -21.7641 -6.7 1.3 0.9 2.8
2005.3699 -1.4139 -21.9862 -8.4 1.4 1.0 3.0
2005.3726 -2.20568 -22.0972 -5.8 1.3 1.0 2.9
2005.3753 -4.69413 -21.431 -6.9 1.4 0.9 2.9
2005.3781 -7.23915 -23.7628 -12.6 1.3 0.9 3.0
2005.3808 -3.22368 -23.2076 -6.6 1.3 0.9 2.8
2005.3836 -4.07202 -24.4291 -10.4 1.4 1.0 2.9
2005.3863 -2.37535 -23.7628 -5.1 1.3 0.9 2.8
2005.3890 -4.80725 -23.5408 -11.4 1.3 0.9 2.8
2005.3918 -0.678671 -22.8745 -11.6 1.3 0.9 2.8
2005.3945 -0.226224 -24.318 -8.4 1.3 0.9 2.8
2005.3973 -3.95891 -21.8751 -4.5 1.3 0.9 2.8
2005.4000 -7.46537 -24.096 -5.8 1.3 0.9 2.8
2005.4027 -6.39081 -21.8751 0.2 1.3 0.9 2.7
2005.4055 -6.22114 -23.4297 -1.2 1.3 0.9 2.7
2005.4082 1.30078 -14.2133 -5.2 1.3 0.9 2.8
2005.4110 -7.8047 -20.2095 -3.8 1.7 1.0 3.0
2005.4137 -7.74815 -21.6531 -9.6 1.3 0.9 2.8
2005.4164 -4.75069 -24.4291 -1.8 1.3 0.9 2.6
2005.4192 -1.24423 -24.9843 -6 1.3 0.9 2.6
2005.4219 -1.86634 -21.542 -1.4 1.3 0.9 2.6
2005.4247 0.848338 -20.9868 -0.8 1.3 0.9 2.7
2005.4274 -1.24423 -22.3193 -0.3 1.3 0.9 2.7
2005.4301 -7.97437 -26.872 -0.8 1.3 0.9 2.6
2005.4329 -7.97437 -23.6518 3.8 1.3 0.9 2.6
2005.4356 -3.73268 -23.0966 1.3 1.3 0.9 2.6
2005.4384 -5.65558 -23.8739 0.6 1.3 0.9 2.7
2005.4411 -1.18767 -22.8745 -1 1.3 0.9 2.7
2005.4438 -3.73268 -26.872 0.2 1.3 0.9 2.7
2005.4466 -5.14658 -24.096 5.3 1.3 0.9 2.7
2005.4493 -3.73268 -23.8739 3.5 1.3 0.9 2.7
2005.4521 -2.4319 -21.6531 1.2 1.3 0.9 2.7
2005.4548 -2.88435 -23.8739 2.2 1.3 0.9 2.7
2005.4575 -0.904893 -23.6518 4.5 1.3 0.9 2.7
2005.4603 -9.78416 -26.0947 -2.1 1.3 0.9 2.7
2005.4630 -2.37535 -25.7616 1.4 1.3 0.9 2.7
2005.4658 -2.65812 -24.9843 2.8 1.3 0.9 2.6
2005.4685 6.2777 -23.0966 14.9 1.3 0.9 2.7
2005.4712 -3.33679 -27.8714 1.8 1.3 0.9 2.7
2005.4740 -4.18513 -27.3162 2.2 1.3 0.9 2.6
2005.4767 -0.904893 -24.6512 0.5 1.5 0.9 2.7
2005.4795 -5.25969 -24.096 8.6 1.3 0.9 2.7
2005.4822 -0.791781 -27.7603 -2.8 1.3 0.9 2.7
2005.4849 2.4319 -26.2057 3.3 1.3 0.9 2.7
2005.4877 -4.24169 -24.318 4 1.3 0.9 2.7
2005.4959 -1.9229 -26.761 -1.9 1.2 0.9 2.6
2005.4986 -2.65812 -27.0941 -6.2 1.3 0.9 2.7
2005.5014 0.169667 -26.0947 -0.4 1.3 0.9 2.7
2005.5041 -0.0565552 -28.2045 -5.4 1.2 0.9 2.6
2005.5068 -1.52701 -26.4278 5 1.2 0.9 2.7
2005.5096 -1.30078 -26.983 1.2 1.2 0.9 2.7
2005.5123 -2.31879 -26.2057 2.1 1.2 0.9 2.7
2005.5151 1.52701 -24.8733 3 1.2 0.9 2.7
2005.5178 -0.226224 -27.8714 4.7 1.2 0.9 2.7
2005.5205 -2.20568 -24.096 -1.8 1.3 0.9 2.7
2005.5233 -2.65812 -25.3174 7.9 1.3 0.9 2.8
2005.5260 -1.64012 -29.537 8.2 1.2 0.9 2.7
2005.5288 -8.87926 -23.7628 -3.1 1.3 0.9 2.7
2005.5315 -5.76869 -23.0966 8.2 1.3 0.9 2.7
2005.5342 -5.09002 -26.3168 -0.1 1.2 0.9 2.6
2005.5370 -7.74815 -31.4247 -1 1.2 0.9 2.6
2005.5397 -11.7636 -25.8726 10.8 1.2 0.9 2.6
2005.5425 -0.791781 -25.9837 -3.7 1.2 0.9 2.7
2005.5452 2.60157 -22.5414 11.5 1.3 0.9 2.7
2005.5479 0.904893 -25.3174 2.4 1.2 0.9 2.6
2005.5507 -1.01801 -27.9824 -0.2 1.2 0.9 2.6
2005.5534 -0.735226 -29.2039 0.2 1.2 0.9 2.6
2005.5562 -7.35226 -30.5364 -5.7 1.2 0.9 2.7
2005.5589 -2.99746 -28.6487 -1.4 1.2 0.9 2.6
2005.5616 -8.03093 -28.9818 2.6 1.2 0.9 2.7
2005.5644 -9.16204 -26.872 8.9 1.2 0.9 2.7
2005.5671 -8.93582 -26.6499 10.2 1.2 0.9 2.8
2005.5699 -2.48846 -27.5382 -10.6 1.3 0.9 2.8
2005.5726 -0.904893 -29.9812 3.4 1.3 0.9 2.8
2005.5753 -4.92036 -26.872 2.6 1.2 0.9 2.7
2005.5781 -1.9229 -28.8707 -5.7 1.2 0.9 2.7
2005.5808 -1.30078 -27.5382 4.2 1.2 0.9 2.7
2005.5836 -6.05147 -28.6487 -3.5 1.3 0.9 2.7
2005.5863 -3.8458 -29.7591 1.4 1.2 0.9 2.7
2005.5890 -4.8638 -26.872 8.2 1.2 0.9 2.7
2005.5918 -2.14912 -28.6487 -0.6 1.2 0.9 2.6
2005.5945 -2.65812 -27.2051 -0.5 1.2 0.9 2.7
2005.5973 -0.282779 -27.9824 1.9 1.2 0.9 2.7
2005.6000 -1.35734 -25.6505 2.4 1.2 0.9 2.7
2005.6027 2.48846 -28.6487 -3.6 1.2 0.9 2.7
2005.6055 -1.97945 -32.4241 -3.8 1.2 0.9 2.7
2005.6082 -3.90235 -29.0928 -4.6 1.2 0.9 2.7
2005.6110 -4.46791 -29.4259 -1.2 1.3 0.9 2.7
2005.6137 -5.31625 -28.3155 -3.7 1.3 0.9 2.7
2005.6164 -5.88181 -30.0922 0.3 1.2 0.9 2.7
2005.6192 -3.11057 -29.8701 6.9 1.2 0.9 2.7
2005.6219 -1.86634 -27.7603 3.7 1.2 0.9 2.7
2005.6247 -9.61449 -31.8689 -0.2 1.3 0.9 2.7
2005.6274 -3.11057 -25.5395 9.7 1.2 0.9 2.7
2005.6301 -7.35226 -24.9843 7.8 1.2 0.9 2.6
2005.6329 0.282779 -29.537 4 1.2 0.9 2.7
2005.6356 -3.73268 -27.5382 0.4 1.2 0.9 2.7
2005.6384 8.14404 -28.6487 14 1.2 0.9 2.7
2005.6411 -8.14404 -31.3136 4 1.3 0.9 2.7
2005.6438 -3.50646 -23.8739 5 1.2 0.9 2.6
2005.6466 -2.71468 -28.8707 11.4 1.4 1.1 3.0
2005.6493 0.339335 -28.5376 4.1 1.2 0.9 2.6
2005.6521 -3.44991 -27.6493 6.2 1.2 0.9 2.7
2005.6548 -0.735226 -26.872 0.7 1.2 0.9 2.7
2005.6575 -1.47045 -29.8701 8.3 1.2 0.9 2.6
2005.6603 -1.24423 -28.8707 3.1 1.2 0.9 2.6
2005.6630 0.226222 -30.9805 5.8 1.2 0.9 2.6
2005.6658 -4.18513 -28.2045 -1 1.4 1.0 2.8
2005.6685 -4.80725 -30.9805 4.2 1.2 0.9 2.7
2005.6712 -4.52447 -30.0922 9.5 1.2 0.9 2.6
2005.6740 -6.73014 -29.648 8.4 1.2 0.9 2.6
2005.6767 -9.38827 -28.9818 3.5 1.2 0.9 2.6
2005.6795 -7.86126 -29.0928 14.1 1.2 0.9 2.7
2005.6822 0 -30.0922 -4.7 1.2 0.9 2.6
2005.6849 0.113112 -29.648 -0.1 1.2 0.9 2.7
2005.6904 -3.28024 -30.5364 4.3 1.3 0.9 2.7
2005.6932 -2.4319 -29.7591 3 1.3 0.9 2.8
2005.6959 -7.06948 -40.8632 0 1.6 1.1 3.1
2005.6986 -5.59903 -28.9818 -1.2 1.4 1.0 2.9
2005.7014 -1.01801 -28.6487 12.3 1.3 0.9 2.9
2005.7041 -0.395891 -31.0916 10.6 1.3 0.9 2.9
2005.7068 -11.6505 -31.7578 1.6 1.3 0.9 2.9
2005.7096 -2.65812 -33.6455 2.8 1.3 0.9 2.8
2005.7123 -3.16713 -31.9799 10.4 1.2 0.9 2.7
2005.7151 3.05401 -30.3143 6.7 1.2 0.9 2.7
2005.7178 3.56302 -29.648 14.5 1.2 0.9 2.7
2005.7205 0.0565552 -30.9805 1 1.2 0.9 2.6
2005.7233 -1.9229 -30.6474 7.1 1.2 0.9 2.7
2005.7260 -3.67613 -33.2014 1.9 1.2 0.9 2.7
2005.7288 -1.9229 -34.4228 6.8 1.2 0.9 2.7
2005.7315 4.46791 -29.2039 5.7 1.2 0.9 2.7
2005.7342 -0.452447 -30.3143 5.8 1.2 0.9 2.7
2005.7370 -10.5759 -33.5345 11.7 1.2 0.9 2.7
2005.7397 -10.5194 -31.7578 17.2 1.2 0.9 2.7
2005.7425 -8.59649 -34.867 5.9 1.3 0.9 2.7
2005.7452 -0.961448 -29.8701 8.6 1.3 0.9 2.7
2005.7479 2.09257 -30.4253 13.4 1.2 0.9 2.6
2005.7507 -1.64012 -32.202 5.6 1.2 0.9 2.6
2005.7534 0 -29.8701 0.5 1.2 0.9 2.7
2005.7562 -3.16713 -30.5364 5.2 1.2 0.9 2.7
2005.7589 -8.08748 -30.0922 11.6 1.3 0.9 2.7
2005.7616 -7.01292 -31.6468 13.4 1.2 0.9 2.6
2005.7644 -3.28024 -30.0922 7.2 1.2 0.9 2.6
2005.7671 -5.42936 -33.2014 9.6 1.2 0.9 2.6
2005.7699 -6.39081 -33.5345 3.6 1.2 0.9 2.6
2005.7726 -3.61957 -33.8676 -0.6 1.2 0.9 2.6
2005.7753 -2.65812 -31.0916 11.1 1.2 0.9 2.6
2005.7781 -4.41135 -34.5338 10 1.2 0.9 2.7
2005.7808 3.8458 -28.6487 11.5 1.2 0.9 2.7
2005.7836 -1.13112 -34.978 4.1 1.3 0.9 2.7
2005.7863 -2.88435 -32.7572 7.3 1.2 0.9 2.6
2005.7890 -11.0849 -31.0916 8 1.2 0.9 2.6
2005.7918 -5.09002 -31.0916 11 1.2 0.9 2.7
2005.7945 -5.48591 -34.7559 3.6 1.2 0.9 2.6
2005.7973 2.03601 -29.7591 9.7 1.3 0.9 2.7
2005.8000 -2.54501 -32.202 10.9 1.3 0.9 2.7
2005.8027 -10.7456 -30.4253 10.3 1.3 0.9 2.7
2005.8055 -8.53993 -31.2026 13.6 1.3 0.9 2.6
2005.8082 -0.395891 -30.0922 12.2 1.2 0.9 2.6
2005.8110 2.99746 -32.202 5.4 1.3 0.9 2.6
2005.8137 -2.54501 -33.5345 -0.1 1.3 0.9 2.6
2005.8164 -4.63758 -30.3143 4.6 1.3 0.9 2.7
2005.8192 -6.10803 -29.8701 8 1.3 0.9 2.8
2005.8219 -7.23915 -32.202 10.4 1.3 0.9 2.7
2005.8247 -4.63758 -33.3124 5.5 1.3 0.9 2.7
2005.8274 -7.2957 -32.5351 9.7 1.3 0.9 2.7
2005.8301 -2.37535 -32.202 7.9 1.3 0.9 2.7
2005.8329 -5.99492 -32.202 0.5 1.3 0.9 2.7
2005.8356 -5.93836 -32.4241 10.7 1.3 0.9 2.8
2005.8384 -3.56302 -31.5357 5.9 1.3 0.9 2.7
2005.8411 -4.3548 -32.202 5.6 1.3 0.9 2.8
2005.8438 -5.25969 -29.648 7.2 1.4 0.9 2.8
2005.8466 -4.01546 -30.3143 4.4 1.4 0.9 2.8
2005.8493 -2.82779 -32.9793 16.1 1.3 0.9 2.8
2005.8521 -3.56302 -33.8676 16.6 1.3 0.9 2.8
2005.8548 -9.84071 -34.867 7.8 1.3 0.9 2.8
2005.8575 -6.2777 -33.2014 7.2 1.3 0.9 2.8
2005.8603 -3.33679 -35.7553 7.7 1.3 0.9 2.7
2005.8630 -10.5759 -28.8707 14.6 1.3 0.9 2.7
2005.8658 -6.44736 -33.0903 15.2 1.3 0.9 2.7
2005.8685 -6.67359 -30.5364 6.4 1.3 0.9 2.7
2005.8712 -8.76615 -33.3124 5.7 1.3 0.9 2.8
2005.8740 -6.33425 -32.7572 8.5 1.3 0.9 2.7
2005.8767 -13.1209 -30.2032 11.8 1.3 0.9 2.6
2005.8795 -6.16459 -25.7616 6.5 1.3 0.9 2.7
2005.8822 -8.31371 -33.0903 8.3 1.3 0.9 2.7
2005.8849 -3.90235 -35.5332 10.9 1.3 0.9 2.7
2005.8877 -7.46537 -36.7547 4.9 1.3 0.9 2.7
2005.8904 -6.61703 -34.0897 13.6 1.3 0.9 2.7
2005.8932 -6.39081 -32.202 10.8 1.3 0.9 2.7
2005.8959 -3.11057 -29.8701 16.4 1.3 0.9 2.7
2005.8986 -3.05401 -33.0903 15.3 1.3 0.9 2.7
2005.9014 -4.63758 -33.0903 10.8 1.3 0.9 2.7
2005.9041 -6.89981 -35.8663 -2.9 1.3 0.9 2.7
2005.9068 -7.12603 -35.3111 -0.6 1.3 0.9 2.6
2005.9096 -6.56047 -34.7559 7.1 1.3 0.9 2.7
2005.9123 -2.9409 -33.9786 10 1.3 0.9 2.7
2005.9151 -1.07456 -33.2014 4.7 1.3 0.9 2.7
2005.9178 -2.37535 -32.0909 8.5 1.3 0.9 2.8
2005.9205 -4.3548 -33.4234 1.9 1.3 0.9 2.8
2005.9233 -3.73268 -32.6461 8.3 1.3 0.9 2.7
2005.9260 -11.0849 -32.4241 12.4 1.3 0.9 2.7
2005.9288 -12.1029 -31.5357 16.7 1.3 0.9 2.7
2006.0027 -14.5348 -36.8657 8.1 1.3 0.9 2.7
2006.0055 -11.4243 -35.6443 7.9 1.3 0.9 2.7
2006.0082 -6.33425 -35.0891 13.2 1.3 0.9 2.7
2006.0110 -1.52701 -33.9786 9 1.3 0.9 2.7
2006.0137 -5.14658 -38.7534 6.2 1.3 0.9 2.7
2006.0164 -7.01292 -34.7559 13.3 1.3 0.9 2.7
2006.0192 -6.2777 -37.3099 6.3 1.3 0.9 2.6
2006.0219 -10.4628 -37.643 10.7 1.3 0.9 2.7
2006.0247 -5.93836 -39.5307 8.2 1.3 0.9 2.7
2006.0274 -9.33171 -38.8645 3.3 1.3 0.9 2.8
2006.0301 -9.95383 -37.0878 4.3 1.3 0.9 2.7
2006.0329 -7.01292 -34.4228 10 1.3 0.9 2.7
2006.0356 -7.69159 -33.6455 11.6 1.3 0.9 2.6
2006.0384 -6.61703 -34.3118 11.8 1.3 0.9 2.7
2006.0411 -4.41135 -32.313 12.4 1.3 0.9 2.7
2006.0438 -14.5914 -38.8645 12.9 1.3 0.9 2.7
2006.0466 -5.3728 -36.4215 3.3 1.4 1.0 2.7
2006.0493 -5.93836 -35.2001 12.2 1.3 0.9 2.7
2006.0521 -4.41135 -36.7547 6.3 1.3 0.9 2.7
2006.0548 -6.33425 -36.8657 7.2 1.3 0.9 2.7
2006.0575 -4.75069 -34.5338 15.5 1.3 0.9 2.7
2006.0603 -3.44991 -34.5338 11.7 1.3 0.9 2.7
2006.0630 -8.7096 -37.532 7.5 1.3 0.9 2.7
2006.0658 -8.87926 -38.1982 9.8 1.3 0.9 2.8
2006.0685 -7.46537 -36.6436 17.2 1.2 0.9 2.6
2006.0712 -6.50392 -35.9774 7.2 1.2 0.9 2.6
2006.0740 -4.46791 -36.7547 7.1 1.2 0.9 2.6
2006.0767 -15.3832 -39.5307 9.6 5.1 2.2 6.7
