2003.3671 0 0 0 2.1 1.4 4.4
2003.3699 -6.97618 0.777123 -14.6 2.1 1.3 4.0
2003.3726 -1.12994 -1.22119 -12.1 1.7 1.2 3.6
2003.3753 -4.32326 -4.55172 -5.8 1.7 1.2 3.8
2003.3781 -0.835176 -3.7746 -7.3 1.6 1.1 3.5
2003.3808 -1.81774 -4.99579 -7.8 1.8 1.4 4.2
2003.5753 -12.1346 1.22119 -37.1 2.1 1.5 3.8
2003.5781 -10.4151 -0.555089 -33.5 1.9 1.2 3.6
2003.5808 -12.6259 -3.66358 -39.5 2.2 1.4 4.0
2003.5836 -18.7669 -4.99579 -34.1 2.9 1.5 4.5
2004.4219 -10.8573 -23.9798 -32.4 1.4 0.9 2.9
2004.4247 -15.6227 -24.2018 -35.7 1.4 0.9 2.9
2004.4274 -11.496 -23.5357 -30.7 1.6 1.2 3.4
2006.4740 -17.1948 -65.6114 -38.3 1.5 0.9 2.9
2006.4767 -18.9634 -66.7216 -30.3 1.5 0.9 2.9
2006.4795 -18.3248 -65.2784 -34.6 1.5 0.9 3.0
2006.4822 -20.6829 -65.5004 -36.9 1.5 0.9 2.9
2006.4849 -23.1393 -65.0563 -37.9 2.2 1.4 4.3
2007.4877 -23.2376 -93.8099 -36.8 1.7 1.1 3.2
2007.4904 -26.7256 -94.0319 -26 1.4 0.9 2.7
2007.4932 -21.4198 -90.8124 -37.9 1.9 1.3 3.8
2008.4603 -14.8858 -124.007 -24.4 3.2 2.9 6.0
2008.4630 -13.9032 -118.678 -27.8 1.4 0.9 2.7
2008.4658 -25.0553 -112.017 -27.7 2.3 1.4 4.2
2009.4603 -13.2646 -141.992 -24.1 1.6 0.9 2.9
2009.4630 -14.8367 -139.216 -25.2 1.6 1.0 2.9
2009.4658 -18.4721 -140.104 -26.4 1.6 1.0 3.0
2009.4685 -22.3532 -143.546 -40.6 3.0 1.8 5.5
2010.4603 -13.9524 -162.53 -26.7 1.5 0.9 2.9
2010.4630 -15.9666 -158.644 -30.4 1.4 0.9 2.9
2010.4658 -14.8367 -162.197 -34.2 1.4 0.9 2.8
2010.4685 -9.13781 -158.533 -32.9 1.4 0.9 2.8
2010.4712 -12.3311 -159.421 -37.3 1.4 0.9 2.8
2010.4740 -19.8968 -158.755 -33.5 1.4 0.9 2.8
2011.5753 -20.0442 -179.627 -29.2 3.5 1.8 5.3
2011.5781 -20.7812 -186.288 -26.6 1.6 1.0 3.1
2011.5808 -21.2233 -184.733 -26.9 1.4 0.9 2.7
2011.5836 -27.3643 -184.511 -32.3 1.4 0.9 2.8
2012.6712 -26.4309 -209.046 -48.1 3.2 2.0 5.6
2012.6740 -21.6655 -207.381 -37.1 1.8 1.0 3.1
2012.6767 -25.5466 -206.715 -16.9 2.6 1.5 4.0
2013.6575 -30.705 -230.362 -58.3 3.0 1.9 5.6
2013.6603 -27.8556 -228.918 -48.6 1.4 0.9 2.8
2013.6630 -25.3501 -231.472 -49.2 1.4 0.9 2.8
2013.6658 -26.7256 -230.695 -58.4 1.6 0.9 2.9
2013.6685 -26.0378 -229.251 -49.2 1.5 0.9 2.8
2013.6712 -29.1329 -231.361 -54.5 1.5 0.9 2.8
2013.6740 -43.8222 -224.7 -43.6 1.7 1.0 3.0
2014.6767 -20.9285 -258.227 -56.4 1.6 1.0 3.0
2014.6795 -24.4658 -258.005 -56.6 1.5 0.9 2.8
2014.6822 -23.3358 -258.449 -57.2 1.6 0.9 2.8
2014.6849 -28.0521 -255.785 -66.7 1.4 0.9 2.8
2015.6849 -28.4451 -269.884 -44 2.0 1.3 3.6
2015.6877 -30.1155 -271.549 -40.1 1.4 0.9 2.9
2015.6904 -31.2454 -270.106 -24.1 2.5 1.4 4.4
2016.7014 -35.6669 -282.54 -8.2 1.4 0.9 2.7
2016.7041 -34.2914 -289.312 -29.4 1.4 0.9 2.7
2016.7068 -33.1123 -290.422 -34.7 1.6 1.0 3.0
2018.4658 -49.9632 -337.161 -28.6 3.1 1.7 5.3
2018.4685 -40.8254 -332.498 -43.7 1.4 0.9 2.8
2018.4712 -44.0678 -327.835 -41.9 1.4 0.9 2.8
2018.4740 -40.3832 -331.943 -33.6 1.4 0.9 2.8
2021.6137 -46.819 -17.2077 -447.8 159.4 205.2 314.2
