1996.6986 0 0 0 6.5 3.8 13.4
1996.7014 -17.048 20.097 -148.8 6.2 4.9 14.8
1996.7041 -18.7257 9.99299 -138 7.5 4.1 18.0
1996.7068 -16.7232 18.0984 -137.9 7.6 4.3 17.1
1996.7096 -9.84993 10.104 -142.1 7.7 4.5 15.9
1996.7123 -11.7441 9.77092 -126.2 7.1 4.8 16.3
1996.7151 -21.3776 11.3254 -104.4 8.6 4.7 20.1
1996.7178 -25.4908 29.5348 -135.8 7.8 4.9 17.9
1996.7205 -11.5818 41.6374 -142.5 8.7 6.1 22.1
1997.7671 60.7232 -2.22066 -108.8 16.3 12.8 45.7
1997.7699 17.8056 -32.4217 -82.9 5.9 4.0 10.4
1997.7726 10.9865 -42.1926 -68.1 5.7 4.0 10.8
1997.7753 16.9938 -33.7541 -99.2 6.7 4.3 13.1
1997.7781 36.4772 -31.6445 -52.6 6.9 4.8 13.1
1997.7808 31.7146 -23.428 -75.8 6.5 4.7 13.6
1997.7836 -4.70848 -41.4154 -139.7 7.1 4.4 14.8
1997.7863 -13.7466 -34.0872 -126.7 7.5 4.6 14.8
1997.7890 7.57687 -16.655 -95.4 7.2 4.8 14.1
1997.7918 21.0529 -34.0872 -84.3 6.5 4.7 12.4
1997.7945 38.2632 -36.0858 -63.1 7.6 4.8 13.7
1997.7973 -5.30381 -35.0865 -140.5 6.6 4.4 12.7
1997.8000 3.35547 -10.6592 -101.5 7.2 4.7 15.6
1997.8027 14.0172 -20.3191 -86.2 6.0 4.1 11.4
1997.8055 38.5879 -19.5418 -91 6.6 4.3 13.0
1997.8082 12.9889 -30.3121 -90.2 6.1 3.9 13.5
1997.8110 1.51537 -42.9698 -47.1 6.2 4.0 10.4
1997.8137 5.19557 -30.6452 -110.5 7.1 4.5 14.6
1997.8164 -17.5892 -19.6529 -110.2 6.7 4.4 14.8
1997.8192 -2.1107 -28.8686 -77 6.9 4.7 14.5
1997.8219 -17.6974 -58.9586 -122 6.8 4.5 13.7
1997.8247 -15.0455 -14.2122 -176.2 6.8 4.7 14.1
1997.8274 22.5141 -38.7506 11.4 7.8 4.6 13.3
1997.8301 -7.68511 -28.6466 -110.9 6.5 4.5 14.1
1997.8329 13.909 -41.7485 -85.7 6.2 4.4 11.9
1997.8356 -4.87084 -44.4133 -107.8 6.5 4.2 12.0
1997.8384 60.5608 -16.877 -99.6 6.9 4.8 14.9
1997.8411 -52.984 -44.8574 -114.9 22.5 11.6 43.5
