2002.5233 0 0 0 1.2 0.9 2.7
2002.5260 -0.270023 2.66597 3.4 1.2 0.9 2.7
2003.6110 -30.0401 3.66571 6.9 3.5 2.4 6.5
2003.6137 -24.6397 8.55333 13.9 1.3 0.9 2.8
2003.6164 -29.7701 5.44303 12.8 1.2 0.9 2.7
2003.6192 -24.3696 9.44199 14.3 1.2 0.9 2.7
2003.6219 -11.476 9.9974 17.5 2.2 1.3 4.2
2004.6575 -39.6935 9.9974 9.2 1.3 0.8 2.5
2004.6603 -39.491 9.33091 11.9 1.3 0.8 2.6
2004.6630 -45.4315 8.55333 18.2 1.4 0.9 2.7
2005.3945 -57.3125 11.4415 17.3 3.5 1.7 5.4
2005.3973 -54.4773 10.2196 17.3 1.2 0.9 2.6
2005.4000 -55.1523 10.1085 19 1.2 0.9 2.6
2005.4027 -55.0173 11.1082 6.5 1.2 0.9 2.6
2005.4055 -56.5024 8.99766 16.3 1.4 1.0 3.0
2012.8658 -864.818 -910.986 -267.5 1.1 0.8 2.5
2012.8685 -863.333 -910.652 -259.1 1.1 0.8 2.5
2012.8712 -859.08 -909.764 -262.3 1.2 0.8 2.6
2012.8740 -860.16 -914.651 -265.3 1.3 0.9 2.6
2012.8767 -855.3 -909.541 -262.8 1.1 0.8 2.5
2012.8795 -855.502 -931.202 -251.8 1.2 0.9 2.6
2012.8822 -854.085 -914.984 -263.7 1.1 0.8 2.5
2012.8849 -848.279 -915.873 -265 1.1 0.8 2.5
2012.8877 -845.444 -918.206 -262.3 1.1 0.8 2.5
2012.8904 -846.929 -920.761 -267.8 1.2 0.8 2.5
2012.8932 -851.182 -924.204 -270.2 1.2 0.8 2.5
2012.8959 -860.025 -920.761 -252.8 1.1 0.8 2.5
2012.8986 -857.122 -909.653 -260.9 1.1 0.8 2.5
2012.9014 -851.925 -910.652 -265.5 1.1 0.8 2.5
2012.9041 -848.212 -912.985 -265 1.1 0.8 2.5
2012.9068 -855.57 -913.763 -260.2 1.1 0.8 2.5
2012.9096 -852.6 -917.428 -257.8 1.1 0.8 2.5
2012.9123 -851.249 -914.873 -264.1 1.1 0.8 2.5
2012.9151 -850.979 -915.429 -260.1 1.1 0.8 2.5
2012.9178 -853.275 -914.984 -260.1 1.1 0.8 2.5
2012.9205 -854.962 -914.54 -267.9 1.1 0.8 2.5
2012.9233 -845.376 -910.541 -265.3 1.2 0.8 2.6
2012.9260 -853.882 -915.429 -278.3 1.1 0.8 2.5
2012.9288 -855.705 -914.207 -263.7 1.1 0.8 2.5
