2004.2219 0 0 0 2.0 1.5 5.6
2004.2301 1.3504 -1.10983 -5.1 1.1 0.9 3.2
2004.2329 4.40656 -4.5503 7.5 1.9 1.3 5.0
2011.9726 -57.001 -187.339 -0.7 1.2 1.0 3.1
2011.9753 -55.6151 -189.337 9.2 1.1 0.9 2.9
2011.9781 -58.5647 -191.335 0.5 1.0 0.9 2.8
2011.9808 -55.7928 -189.559 7.4 1.0 0.9 2.9
2011.9836 -55.7928 -191.002 4.1 1.1 0.9 2.8
2011.9863 -59.382 -190.669 2.6 1.0 0.9 2.8
2011.9890 -56.6457 -190.225 7.6 1.0 0.8 2.8
2011.9918 -62.6869 -191.557 7.3 1.1 1.0 2.9
2011.9945 -59.4175 -191.002 1.4 1.2 1.0 3.1
2011.9973 -58.92 -188.893 -0.2 1.2 1.0 2.9
2012.0000 -57.6052 -189.892 -2.7 1.1 0.9 2.9
2012.0027 -54.6556 -190.003 -0.4 1.1 0.9 2.9
2012.0055 -57.9605 -189.004 6.1 1.1 0.9 2.9
2012.0082 -58.4225 -191.002 3.4 1.6 1.1 3.4
2012.0110 -59.8795 -190.558 -1.7 1.0 0.8 2.8
2012.0137 -62.6159 -192.888 5.3 1.1 0.9 3.0
2012.0164 -57.8895 -189.892 -2.2 1.2 1.0 3.0
2012.0192 -57.9961 -190.336 0.1 1.1 0.9 3.0
2012.0219 -57.9961 -190.447 -3.2 1.1 0.9 2.9
2012.0247 -55.7928 -191.224 -1.4 1.2 1.0 2.9
2012.0274 -55.3663 -190.114 1 1.1 1.0 3.0
2012.0301 -54.1226 -190.225 -3.6 1.0 0.9 2.9
2012.0329 -55.9705 -189.337 -1.2 1.1 0.9 3.0
2012.0356 -54.2292 -191.002 -12.9 1.1 0.9 2.9
2012.0384 -53.9804 -193.221 -14.3 1.0 0.9 2.9
2012.0411 -53.9449 -192.666 -7.4 1.0 0.9 2.8
2012.0438 -54.0515 -194.22 -2.5 1.2 1.0 3.0
2012.0466 -52.7366 -193.887 -12.1 1.1 0.9 2.9
2012.0493 -56.9655 -193.332 -4 1.1 0.9 3.0
2012.0521 -59.3109 -193.11 -0.3 1.0 0.9 2.9
2012.0548 -57.3919 -193.554 1 1.1 0.9 2.9
2012.0575 -58.1737 -191.668 1.8 1.2 0.9 3.0
2012.0603 -57.0721 -188.227 -1.5 1.5 1.3 3.8
2012.0630 -49.2185 -187.894 -0.6 1.2 1.1 3.2
2012.0658 -54.2647 -186.895 6.3 1.8 1.3 3.6
2012.0685 -48.7565 -189.559 1.3 1.4 1.0 3.4
2012.0712 -54.6201 -190.336 -6.1 1.2 0.9 3.0
2012.0740 -53.1986 -192.444 1.1 1.1 0.9 3.1
2012.0767 -53.5895 -190.669 -0.3 1.0 0.8 2.8
2012.0795 -54.2292 -186.451 -1.4 1.1 0.9 3.0
2012.0822 -56.2548 -187.561 -9.2 1.1 0.9 2.9
2012.0849 -52.7722 -186.34 -0.5 1.1 0.9 2.9
2012.0877 -52.5234 -188.56 -0.1 1.2 0.9 3.1
2012.0904 -54.3358 -186.562 1.1 1.1 0.9 2.9
2012.0932 -54.5845 -188.338 -0.2 1.2 0.9 3.0
2012.0959 -55.5085 -190.003 -7.5 1.3 1.0 3.2
2012.0986 -55.5796 -192.333 3.9 1.2 1.0 3.1
2012.1014 -62.5448 -194.886 -4.8 1.2 1.0 3.0
2012.1041 -65.5654 -192.333 -3.5 1.4 1.1 3.2
2012.1068 -61.1233 -190.669 -5.9 1.3 1.0 3.0
2012.1096 -58.9556 -192.888 -0.5 1.2 1.0 3.0
2012.1123 -66.4538 -194.775 2.1 1.1 0.9 2.9
2012.1151 -60.6969 -192.333 -5.2 1.0 0.9 2.9
2012.1178 -61.301 -190.003 2.6 1.1 0.9 3.0
2012.1205 -59.3109 -193.776 -7.7 1.4 1.2 3.5
2012.1233 -60.4126 -192.333 -9 1.5 1.3 3.4
2012.1260 -53.6961 -197.661 8.1 2.8 2.2 5.4
2012.1288 -62.5448 -195.108 2.8 1.1 0.9 3.0
2012.1315 -60.8035 -194.664 -9.5 1.1 0.9 2.9
2012.1342 -60.7679 -192.777 0.6 1.1 0.9 2.9
2012.1370 -57.9605 -193.332 -2.4 1.4 1.1 3.5
2012.1397 -58.4225 -194.886 4.6 1.4 1.2 3.3
2012.1425 -61.6564 -193.11 -4.7 1.2 1.0 3.2
2012.1452 -61.5142 -193.887 1.3 1.3 1.0 3.3
2012.1479 -60.1638 -193.998 -4.1 1.1 0.9 3.0
2012.1507 -58.6002 -192.666 -3.1 1.1 0.9 2.9
2012.1534 -54.3713 -192.222 -5 1.2 1.0 3.0
2012.1562 -56.7167 -189.337 -4.8 1.1 0.9 3.0
2012.1589 -50.7821 -189.67 1.7 1.4 1.1 3.5
2012.1616 -55.544 -192.888 0.2 1.1 0.9 3.1
2012.1644 -53.8027 -190.447 2.1 1.0 0.8 2.8
2012.1671 -51.0664 -191.557 -0.6 1.4 1.2 3.5
2012.1699 -55.1887 -194.553 9.4 1.6 1.2 3.3
2012.1726 -57.7473 -192.555 4.1 1.4 1.1 3.5
2012.1753 -56.2903 -191.779 3.3 1.5 1.2 3.4
2012.1781 -56.1837 -194.442 0.3 1.3 1.1 3.3
2012.1808 -55.1176 -189.781 11.5 1.3 1.0 3.1
2012.1836 -54.2292 -195.552 4 1.7 1.4 3.6
2012.1863 -56.6812 -193.554 1.3 1.2 1.0 3.0
2012.1890 -56.9655 -192.777 -1.9 1.6 1.4 3.9
2012.1918 -52.5234 -195.441 4.2 1.8 1.5 3.7
2012.1945 -57.7118 -194.331 5.1 1.3 1.0 3.1
2012.1973 -55.4019 -195.219 -2.9 1.2 1.1 3.1
2012.2000 -54.6201 -193.554 2.7 1.3 1.1 3.2
2012.2027 -56.3969 -192 7 1.5 1.1 3.2
2012.2055 -53.9804 -197.661 3.8 2.4 1.8 4.1
2012.2082 -55.4019 -191.446 3.3 1.6 1.2 3.5
2012.2110 -53.4118 -193.998 9 1.4 1.1 3.3
2012.2137 -54.4068 -193.998 -4.2 1.4 1.1 3.2
2012.2164 -53.2341 -195.885 3.1 1.3 1.0 3.2
2012.2192 -57.8539 -193.221 0.2 1.1 0.9 2.9
2012.2219 -53.6961 -192.222 0.9 1.1 0.9 3.0
2012.2247 -54.3713 -196.551 3.5 1.0 0.8 2.8
2012.2274 -54.1226 -195.33 -0.3 1.1 0.9 2.9
2012.2301 -57.3209 -199.325 5.1 1.2 1.0 3.1
2012.2329 -61.6919 -195.108 1.8 1.1 0.9 3.0
2012.2356 -59.2043 -196.218 5.4 1.1 0.9 2.9
2012.2384 -59.6663 -196.884 2.3 1.5 1.4 3.5
2012.2411 -58.1382 -194.775 1.5 1.4 1.1 3.5
2012.2438 -60.8745 -194.775 0.4 1.0 0.9 2.8
2012.2466 -58.8134 -196.218 5.8 1.0 0.9 2.8
2012.2493 -62.296 -193.998 -0.7 1.1 0.9 2.9
2012.2521 -58.92 -195.774 4.8 1.3 1.1 3.3
2012.2548 -56.6812 -198.881 3.2 1.4 1.2 3.3
2012.2575 -60.0217 -196.329 -2.1 1.3 1.0 3.1
2012.2603 -60.3415 -197.439 -2.3 1.1 1.0 3.0
2012.2630 -63.0423 -199.214 4.8 1.3 1.2 3.5
2012.2658 -63.6464 -197.772 1.5 1.0 0.8 2.8
2012.2685 -62.4382 -200.768 -6.9 1.1 1.0 3.1
2012.2712 -61.0878 -197.994 -1.1 1.0 0.9 2.9
2012.2740 -63.753 -198.438 -6.1 1.0 0.9 2.9
2012.2767 -62.1539 -200.879 -2 1.0 0.8 2.8
2012.2795 -62.6869 -197.439 1.1 1.1 0.9 2.9
2012.2822 -63.22 -196.44 -1.5 1.3 1.2 3.2
2012.2849 -64.7481 -201.101 1.4 1.3 1.1 3.4
2012.2877 -64.5704 -196.995 -2.8 1.2 1.0 3.0
2012.2904 -62.6869 -201.767 3.4 1.1 1.0 3.0
2012.2932 -64.5348 -199.769 3.9 1.1 0.9 2.9
2012.2959 -63.1489 -197.439 -1.6 1.3 1.1 3.2
2012.2986 -62.5803 -199.325 0.3 1.2 1.1 3.2
2012.3014 -64.0018 -197.883 -3.6 1.0 0.9 2.9
2012.3041 -65.8497 -200.657 4.5 1.2 1.0 3.3
2012.3068 -63.4687 -197.661 -3.7 1.0 0.9 2.9
2012.3096 -62.758 -197.883 -0.6 1.3 1.1 3.3
2012.3123 -63.753 -196.662 -1.3 1.3 1.0 3.3
2012.3151 -64.5704 -198.438 0.3 1.4 1.2 3.4
2012.3178 -64.6059 -197.883 -3.1 2.0 1.5 4.0
2012.3205 -64.2505 -200.324 2.8 1.1 1.0 3.1
2012.3233 -62.6159 -200.879 -1.1 1.2 1.0 3.1
2012.3260 -66.1695 -198.77 1.7 1.2 1.0 3.0
2012.3288 -62.1183 -198.659 -1.5 1.1 0.9 2.9
2012.3315 -61.4076 -199.325 2.8 1.0 0.9 2.8
2012.3342 -61.6919 -196.329 -0.2 1.1 0.9 3.0
2012.3370 -61.0878 -197.328 1.5 1.1 0.9 3.0
2012.3397 -60.9101 -198.992 2.4 1.3 1.1 3.4
2012.3425 -60.9456 -197.772 3.4 1.0 0.9 2.8
2012.3452 -62.9001 -198.659 5.7 1.0 0.9 2.9
2012.3479 -62.9357 -196.995 4.6 1.1 0.9 2.9
2012.3507 -60.9812 -200.102 0.1 1.0 0.9 2.9
2012.3534 -62.5448 -200.324 9 1.1 0.9 2.9
2012.3562 -67.3067 -198.438 1.4 1.8 1.3 3.6
2012.3589 -64.4638 -197.883 -1.1 1.2 1.0 3.0
2012.3616 -67.2001 -199.547 0.5 1.3 1.1 3.1
2012.3644 -65.9208 -197.328 -0.1 1.1 0.9 2.9
2012.3671 -63.9307 -198.327 1 1.4 1.2 3.3
2012.3699 -60.9812 -200.213 4.4 1.0 0.9 2.9
2012.3726 -62.9712 -199.325 0.5 1.0 0.9 2.9
2012.3753 -60.5192 -196.44 -0.6 1.2 1.0 3.1
2012.3781 -63.9307 -200.102 0.4 1.1 0.9 2.9
2012.3808 -61.7985 -197.217 0.5 1.1 1.0 3.0
2012.3836 -64.0373 -199.103 5.6 1.0 1.0 3.0
2012.3863 -69.2612 -202.1 1.6 1.2 1.1 3.2
2012.3890 -64.5704 -199.214 -6.8 1.0 0.9 2.9
2012.3918 -65.21 -196.995 -5.7 1.7 1.3 3.6
2012.3945 -65.4588 -199.547 -4.5 1.2 1.1 3.2
2012.3973 -63.6109 -198.659 -13.5 1.2 1.1 3.1
2012.4000 -61.1944 -201.656 -2.7 1.1 1.1 3.1
2012.4027 -64.5348 -199.658 -0.2 1.0 0.9 2.8
2012.4055 -62.758 -199.769 3.3 1.0 0.9 2.9
2012.4082 -61.6208 -198.881 2.8 1.0 0.9 2.9
2012.4110 -66.667 -200.324 0.6 1.0 0.9 2.8
2012.4137 -69.6521 -200.657 -0.1 1.0 0.9 2.9
2012.4164 -68.5505 -201.434 5.3 1.1 0.9 2.9
2012.4192 -65.8497 -201.101 -5.4 1.0 0.8 2.8
2012.4219 -63.8596 -201.323 -3 1.1 0.9 3.0
2012.4247 -65.8497 -199.436 -9.7 1.3 1.2 3.3
2012.4274 -63.5398 -202.322 -6.4 1.2 1.0 3.1
2012.4301 -66.3117 -201.767 -2.4 1.4 1.1 3.2
2012.4329 -61.8696 -202.544 8.3 1.5 1.3 3.3
2012.4356 -66.7026 -202.1 -1.6 1.2 1.0 3.0
2012.4384 -66.8803 -204.542 3 1.1 1.0 3.1
2012.4411 -65.5654 -204.431 -2.7 1.0 0.9 2.9
2012.4438 -68.0174 -203.099 -5.6 1.0 0.9 2.9
2012.4466 -66.667 -204.098 1.6 1.8 1.5 3.8
2012.4493 -65.3877 -200.657 -0.3 1.2 1.0 3.0
2012.4521 -65.7076 -202.544 -4.6 1.0 0.8 2.8
2012.4548 -64.3927 -202.544 -4.8 1.0 0.9 2.9
2012.4575 -66.134 -202.322 -2.4 1.0 0.9 2.9
2012.4603 -66.2406 -199.991 6 1.1 0.9 2.9
2012.4630 -63.291 -204.985 -2.7 1.7 1.5 3.6
2012.4658 -63.4332 -201.989 -0.3 1.5 1.2 3.4
2012.4685 -64.3572 -200.768 -4.5 1.0 0.9 2.8
2012.4712 -59.3465 -199.325 -11.1 1.0 0.9 2.8
2012.4740 -60.2704 -199.325 -8.6 1.0 0.8 2.8
2012.4767 -59.2399 -199.658 -7.6 1.1 0.9 3.0
2012.4795 -59.9506 -198.327 -4.2 1.1 0.9 2.9
2012.4822 -59.2399 -197.439 -1.4 1.0 0.8 2.8
2012.4849 -60.6969 -196.218 -0.5 1.4 1.1 3.2
2012.4877 -59.3109 -198.992 -1.2 1.2 1.1 3.1
2012.4904 -59.8795 -196.44 -0.7 1.1 1.0 3.1
2012.4932 -61.3365 -198.105 -4.1 1.2 1.0 3.0
2012.4959 -60.2349 -199.325 -5.6 1.0 0.8 2.8
2012.4986 -64.4993 -199.436 -5 1.6 1.2 3.5
2012.5014 -63.3621 -198.105 0.5 1.2 1.1 3.3
2012.5041 -67.0224 -198.548 3.5 1.8 1.5 3.9
2012.5068 -60.4836 -199.991 0.2 1.1 0.9 2.9
2012.5096 -59.0622 -196.884 -19.1 1.1 1.0 3.0
2012.5123 -63.5043 -201.878 -0.4 1.0 0.9 3.0
2012.5151 -57.1432 -200.657 -3.9 1.1 0.9 3.0
2012.5178 -56.5035 -200.546 -7.7 1.1 0.9 3.0
2012.5205 -61.9051 -201.323 1.5 1.0 0.9 2.9
2012.5233 -53.9093 -199.991 -0.7 2.1 1.8 4.5
2012.5260 -57.4985 -200.546 -2.6 1.4 1.1 3.2
2012.5288 -58.6713 -201.767 -2.1 1.3 1.0 3.0
2012.5315 -60.4836 -201.434 0.9 1.1 1.0 3.1
2012.5342 -57.9605 -201.767 8.9 1.0 0.9 2.9
2012.5370 -57.6407 -200.102 -0.7 1.1 1.0 3.1
2012.5397 -55.8994 -198.105 -6.5 1.7 1.4 3.8
2012.5425 -52.9854 -199.325 -9 1.9 1.5 4.0
2012.5452 -58.5291 -200.546 -6.7 1.3 1.1 3.3
2012.5479 -56.3614 -199.769 -6.3 1.0 0.9 2.8
2012.5507 -55.1531 -198.659 -0.6 1.0 0.9 2.9
2012.5534 -55.1531 -201.656 -4.2 1.3 1.0 3.2
2012.5562 -52.4168 -199.658 -8.6 1.0 0.8 2.8
2012.5589 -53.3052 -198.105 -2.7 1.1 0.9 2.9
2012.5616 -52.4168 -200.324 -4.4 1.2 0.9 3.1
2012.5644 -51.9193 -199.769 -3.4 1.2 0.9 3.0
2012.5671 -55.1176 -197.55 -2.5 1.0 0.9 2.8
2012.5699 -56.1837 -199.547 -8 1.0 0.8 2.8
2012.5726 -57.5341 -199.436 -8.7 0.9 0.8 2.7
2012.5753 -52.7011 -201.323 -2.8 1.2 1.0 3.1
2012.5781 -53.7316 -199.88 -1.6 1.1 0.9 2.9
2012.5808 -58.387 -196.329 -0.6 1.5 1.4 3.5
2012.5836 -56.6457 -198.992 -1.4 1.0 0.8 2.8
2012.5863 -58.1737 -199.436 1.4 1.1 0.9 2.9
2012.5890 -61.1588 -201.212 -1.9 1.2 0.9 2.9
2012.5918 -57.5341 -203.765 -8.9 1.1 1.0 2.9
2012.5945 -56.7167 -203.21 -4.5 1.0 0.9 2.8
2012.5973 -58.6713 -201.434 2.5 1.0 0.9 2.9
2012.6000 -61.5497 -205.096 -12.3 1.4 1.1 3.2
2012.6027 -51.4928 -200.657 -7.2 1.1 0.9 2.8
2012.6055 -50.8532 -200.324 -13 1.1 0.9 3.0
2012.6082 -53.5184 -199.547 -10.8 1.2 1.0 3.1
2012.6110 -55.4374 -203.321 -11.9 1.0 0.8 2.8
2012.6137 -56.2903 -203.876 -7.1 1.1 0.9 2.9
2012.6164 -53.9804 -199.325 -13.3 1.0 0.9 2.8
2012.6192 -51.4928 -195.996 -1 1.1 0.9 2.8
2012.6219 -56.006 -200.435 -11 1.2 1.0 3.1
2012.6247 -52.8432 -200.102 -2.5 1.1 0.9 2.8
2012.6274 -61.3365 -202.877 -3.1 1.3 1.1 3.0
2012.6301 -53.3407 -199.214 -8.9 1.2 1.0 3.0
2012.6329 -56.9655 -198.659 -13.5 1.2 1.0 3.0
2012.6356 -57.3209 -201.323 -4.4 1.1 0.9 3.0
2012.6384 -56.3258 -197.106 -6.2 1.3 1.1 3.1
2012.6411 -55.2597 -198.992 -8.2 1.1 0.9 2.9
2012.6466 -57.1076 -199.214 -7.2 1.5 1.3 3.4
2012.6493 -57.5696 -199.436 -0.7 1.2 1.0 3.1
2012.6521 -53.2697 -200.435 -9.5 1.1 0.9 2.9
2012.6548 -54.7622 -197.439 -3.3 1.1 0.9 2.9
2012.6575 -51.1375 -199.436 -8 1.0 0.9 2.8
2012.6603 -55.011 -198.216 -4.7 1.1 0.9 2.9
2012.6630 -53.5184 -198.548 -11.3 1.0 0.9 2.8
2012.6658 -53.0564 -199.769 -5.4 1.0 0.8 2.8
2012.6685 -55.011 -198.881 -2.5 1.0 0.8 2.7
2012.6712 -57.4275 -199.103 -6.6 1.2 0.9 2.9
2012.6740 -55.2597 -200.879 -2.3 1.6 1.3 3.6
2012.6767 -55.1887 -200.213 3.5 1.4 1.3 3.4
2012.6795 -54.5845 -200.213 1.5 1.1 1.0 3.0
2012.6822 -60.0927 -202.322 -11.7 1.3 1.2 3.3
2012.6849 -54.0159 -203.543 -6.8 1.0 0.8 2.8
2012.6877 -59.9151 -207.316 -10.4 1.5 1.3 3.4
2012.6904 -58.1382 -202.655 -7.5 1.4 1.3 3.3
2012.6932 -55.5085 -202.655 -8.2 1.1 0.9 2.9
2012.6959 -53.0564 -202.433 -10.5 1.0 0.8 2.7
2012.6986 -56.8589 -202.211 -6.6 1.1 0.9 2.8
2012.7014 -57.1432 -202.988 -8.4 1.1 0.9 2.9
2012.7041 -55.3663 -204.542 -13.2 1.1 0.9 2.8
2012.7068 -53.8027 -203.432 -6.6 1.0 0.8 2.8
2012.7096 -55.3308 -204.875 -6.1 1.2 0.9 2.9
2012.7123 -56.3614 -201.989 -7.5 1.1 0.9 2.8
2012.7151 -57.5341 -204.985 -3.2 1.1 0.9 2.8
2012.7178 -57.9605 -201.545 -7.6 1.3 1.1 3.1
2012.7205 -57.2853 -207.427 -9.9 1.3 1.0 3.3
2012.7233 -61.6208 -206.095 1.8 1.1 0.9 3.0
2012.7260 -59.5952 -204.764 -5.7 1.1 0.9 2.8
2012.7288 -55.544 -206.095 -11.3 1.1 0.9 2.9
2012.7315 -59.2399 -205.651 -4.2 1.0 0.8 2.7
2012.7342 -62.1183 -207.094 -9.8 1.0 0.9 2.8
2012.7370 -61.2655 -206.872 -6.7 1.1 0.9 2.9
2012.7397 -58.7068 -208.759 -6.9 1.0 0.9 2.8
2012.7425 -59.0977 -206.65 -0.5 1.0 0.8 2.8
2012.7452 -56.7523 -204.875 -7.5 1.0 0.9 2.8
2012.7479 -58.7423 -205.873 -8.4 1.1 0.9 2.9
2012.7507 -56.8234 -207.205 -3.9 1.2 1.1 3.1
2012.7534 -56.7878 -202.655 -13.9 1.3 1.2 3.4
2012.7562 -55.9349 -204.431 -7.2 1.1 0.9 2.9
2012.7589 -56.3969 -202.877 -11.6 1.1 0.9 2.8
2012.7616 -58.6713 -205.984 -11.1 1.0 0.9 2.8
2012.7644 -62.0473 -207.316 -10.3 1.2 1.0 3.0
2012.7671 -62.1894 -205.873 -12.3 1.3 1.0 3.2
2012.7699 -58.458 -205.54 -14.2 1.1 0.9 3.0
2012.7726 -60.6258 -210.091 -12.1 1.4 1.2 3.6
2012.7753 -61.4076 -210.757 -15 1.6 1.2 3.7
2012.7781 -59.4531 -210.868 -13 1.2 1.0 3.1
2012.7808 -59.5241 -207.538 -7.4 1.1 0.9 2.9
2012.7836 -59.0622 -208.204 -11.5 1.4 1.2 3.3
2012.7863 -61.4787 -210.868 -5.2 2.0 1.6 4.0
2012.7890 -60.9456 -204.542 -10 1.6 1.3 3.5
2012.7918 -61.3365 -206.761 -8.1 1.2 0.9 2.9
2012.7945 -58.9556 -205.096 -5.4 1.2 1.0 3.1
2012.7973 -61.8696 -210.646 -10.8 1.1 0.9 3.0
2012.8000 -61.1233 -207.205 -6.5 1.1 0.9 2.8
2012.8027 -61.301 -208.759 -8.5 1.0 0.8 2.8
2012.8055 -57.4275 -206.095 -3.2 1.0 0.9 2.9
2012.8082 -61.301 -207.205 -9.8 1.1 0.9 2.9
2012.8110 -61.4431 -208.759 -11.2 1.1 0.9 2.9
2012.8137 -59.2399 -208.981 -14.4 1.3 1.1 3.3
2012.8164 -61.1944 -209.425 -10 1.3 1.0 3.1
2012.8192 -61.0167 -210.646 -8.7 1.1 0.9 3.0
2012.8219 -65.7076 -210.646 -10.3 1.3 1.1 3.1
2012.8247 -62.6159 -210.313 -13.9 1.3 1.1 3.2
2012.8274 -63.0423 -211.201 -7.2 1.1 1.0 2.9
2012.8301 -60.6258 -208.87 -12.2 1.1 0.9 2.9
2012.8329 -62.4382 -212.31 -12.6 1.0 0.9 2.8
2012.8356 -63.3266 -213.42 -11.6 1.0 0.9 2.8
2012.8384 -64.7125 -208.759 -7.5 2.0 1.4 4.1
2012.8411 -61.7274 -212.754 -2.2 1.0 0.8 2.8
2012.8438 -60.7679 -208.315 -1.1 1.0 0.9 2.8
2012.8466 -58.6357 -207.982 2.7 1.1 1.0 2.9
2012.8493 -60.9456 -211.533 -5.2 1.3 1.1 3.3
2012.8521 -60.6258 -208.537 -3.3 1.1 1.0 3.0
2012.8548 -59.6308 -210.535 -2.9 1.2 1.0 3.0
2012.8575 -62.4026 -210.979 -4.8 1.0 0.9 2.9
2012.8603 -62.5092 -208.315 -11.6 1.0 0.9 2.8
2012.8630 -61.7985 -210.424 -6.7 1.0 0.9 2.8
2012.8658 -63.6109 -209.536 -14.2 1.0 0.9 2.9
2012.8685 -61.5142 -212.088 -12.2 1.1 0.9 2.8
2012.8712 -59.4531 -210.424 -9 1.6 1.2 3.4
2012.8740 -58.92 -208.759 -15.3 1.4 1.2 3.6
2012.8767 -58.6713 -210.313 -10.8 1.1 0.9 3.0
2012.8795 -59.5597 -209.647 -12.4 1.1 0.9 2.9
2012.8822 -60.0572 -208.204 -0.1 1.1 0.9 2.8
2012.8849 -63.8596 -206.428 -2.2 1.1 0.9 2.9
2012.8877 -61.834 -205.762 5.4 1.2 1.0 2.9
2012.8904 -59.3109 -205.762 2.8 1.6 1.4 3.5
2012.8932 -58.2448 -204.542 -15.9 1.3 1.1 3.3
2012.8959 -58.8489 -206.317 -9.6 1.0 0.9 2.8
2012.8986 -61.763 -205.651 1 1.1 1.0 2.9
2012.9014 -55.8994 -206.761 -3.2 1.4 1.2 3.2
2012.9041 -64.5704 -207.316 -2.7 1.0 0.9 2.8
2012.9068 -66.1695 -208.315 -8.7 1.0 0.9 2.8
2012.9096 -63.0068 -208.426 -1.8 1.0 0.9 2.8
2012.9123 -63.1844 -212.643 -8.4 0.9 0.8 2.7
2012.9151 -64.5704 -212.532 4.7 1.0 0.9 2.7
2012.9178 -65.7076 -212.31 7 1.0 0.9 2.8
2012.9205 -65.9918 -214.53 3.5 1.0 0.8 2.7
2012.9233 -66.0274 -213.753 -4.3 1.1 1.0 3.0
2012.9260 -63.6109 -213.42 -4.9 1.2 1.0 3.0
2012.9288 -66.3828 -211.644 4.7 1.0 0.9 2.8
2012.9315 -66.0985 -213.642 2.4 1.0 0.8 2.7
2012.9342 -70.7538 -213.642 7 1.0 0.9 2.9
2012.9370 -65.8497 -212.421 -3.6 1.0 0.9 2.8
2012.9397 -66.7737 -213.864 -0.5 1.0 0.9 2.8
2012.9425 -66.5249 -212.31 -2.1 1.1 0.9 2.9
2012.9452 -68.4794 -212.088 7.9 1.0 0.9 2.8
2012.9479 -68.7282 -215.085 5.7 1.0 0.8 2.7
2012.9507 -65.0679 -212.865 6.5 1.0 0.9 2.9
2012.9534 -66.9158 -209.98 5.9 1.1 0.9 2.8
2012.9562 -67.4489 -215.085 1.8 1.0 0.9 2.8
2012.9589 -68.1241 -214.863 0.1 1.2 1.0 3.0
2012.9616 -68.7282 -212.643 6.3 1.1 1.0 3.0
2012.9644 -69.0125 -212.199 -2.2 1.3 1.0 3.1
2012.9671 -71.0025 -211.201 -0.1 1.1 0.9 2.9
2012.9699 -63.753 -214.197 -5.1 1.0 0.9 2.8
2012.9726 -64.7481 -211.977 0.5 1.1 1.0 3.0
2012.9753 -69.048 -212.421 0.6 1.1 0.9 2.9
2012.9781 -69.7232 -214.863 0.9 1.0 0.9 2.8
2012.9808 -69.3323 -213.198 -2.6 1.0 0.9 2.8
2012.9836 -72.6728 -215.64 -1 1.1 0.9 2.8
2012.9863 -67.7687 -213.42 5 1.0 0.9 2.8
2012.9890 -68.0885 -214.53 4.4 1.0 0.9 2.8
2012.9918 -70.4339 -215.085 -0.3 1.0 0.8 2.8
2012.9945 -67.5199 -213.531 3.2 1.0 0.9 2.8
2012.9973 -68.1951 -211.866 -3 1.1 0.9 2.8
2013.0000 -66.1695 -212.31 -2.1 1.0 0.9 2.8
2013.0027 -67.2356 -215.085 7.4 1.0 0.8 2.8
2013.0027 -71.3579 -214.863 5.8 1.0 0.8 2.7
2013.0055 -71.0381 -216.306 3.1 1.2 1.0 2.9
2013.0082 -70.505 -213.753 0.9 1.0 0.9 2.7
2013.0110 -70.2918 -214.974 0.8 1.0 0.8 2.8
2013.0137 -71.2158 -212.421 2.4 1.0 0.8 2.8
2013.0164 -71.7133 -213.198 3.7 1.0 0.8 2.8
2013.0192 -72.3529 -214.197 0.1 1.0 0.8 2.7
2013.0219 -70.0786 -213.198 -1.7 1.0 0.8 2.8
2013.0247 -66.1695 -214.419 -8 1.0 0.9 2.8
2013.0274 -62.8646 -212.532 -6.5 1.0 0.9 2.8
2013.0301 -66.134 -213.309 -2.1 1.1 0.9 2.9
2013.0329 -72.8149 -213.198 -3.5 1.1 0.9 2.9
2013.0356 -69.5811 -213.309 -11.9 1.4 1.0 3.0
2013.0384 -75.8 -211.644 -3.6 1.2 0.9 2.9
2013.0411 -71.5356 -216.306 -10.4 1.1 0.9 2.9
2013.0438 -65.139 -213.642 -15 1.0 0.9 2.9
2013.0466 -62.3316 -217.083 -10.9 1.3 1.1 3.2
2013.0493 -68.6926 -216.639 -7.6 1.1 0.9 2.9
2013.0521 -66.0985 -214.086 -6.8 1.0 0.8 2.7
2013.0548 -69.3678 -215.64 -6.1 1.2 1.0 3.0
2013.0575 -69.7943 -217.194 -7.4 1.1 0.9 2.8
2013.0603 -73.2058 -214.53 0.9 1.0 0.8 2.8
2013.0630 -70.1852 -215.529 -8.2 1.0 0.9 2.8
2013.0658 -66.9869 -215.64 -10.3 1.0 0.9 2.8
2013.0685 -69.6877 -217.305 -6.4 1.1 0.9 2.8
2013.0712 -71.0381 -216.861 -3.1 1.5 1.3 3.3
2013.0740 -67.058 -217.86 -1 1.0 0.9 2.7
2013.0767 -64.7481 -215.64 -0.7 1.0 0.8 2.7
2013.0795 -65.672 -213.642 1.3 1.0 0.9 2.8
2013.0822 -67.5199 -215.418 1.3 0.9 0.8 2.7
2013.0849 -68.9769 -213.198 -4.7 1.0 0.8 2.7
2013.0877 -67.6265 -210.424 -2.7 1.1 0.9 2.9
2013.0904 -68.4083 -214.419 -4.6 1.2 1.0 2.9
2013.0932 -70.4339 -216.417 1.1 1.0 0.9 2.8
2013.0959 -69.1546 -214.419 -1.8 1.1 0.9 2.8
2013.0986 -67.7332 -212.643 -7.2 1.1 1.0 3.0
2013.1014 -67.7687 -214.197 4.2 1.1 0.9 2.9
2013.1041 -67.5555 -213.42 6.8 1.2 1.0 3.1
2013.1068 -65.0324 -211.866 8 1.2 1.0 3.0
2013.1096 -67.129 -213.42 1.9 1.0 0.8 2.7
2013.1123 -66.7737 -216.195 7.9 1.1 0.9 3.1
2013.1151 -70.7182 -215.64 6.8 1.0 0.8 2.7
2013.1178 -68.7637 -213.087 3.3 1.1 0.9 2.9
2013.1205 -67.6976 -213.864 4.3 1.4 1.1 3.1
2013.1233 -66.134 -215.529 4.1 1.3 1.1 3.2
2013.1260 -68.9769 -214.308 -1.3 1.0 0.9 2.8
2013.1288 -68.7282 -215.085 1.3 1.2 1.0 3.0
2013.1315 -67.0224 -215.751 -4.7 1.5 1.3 3.4
2013.1342 -66.667 -213.198 -3.9 1.0 0.9 2.8
2013.1370 -65.3877 -213.975 0.8 1.2 1.0 3.0
2013.1397 -68.9414 -214.53 6.8 1.1 0.9 3.0
2013.1425 -71.7133 -215.085 6.2 1.1 0.9 2.9
2013.1452 -74.0942 -213.309 0.2 1.5 1.1 3.4
2013.1479 -78.1454 -213.975 11.5 1.2 1.0 3.0
2013.1507 -76.9016 -214.974 4.3 1.1 0.9 2.9
2013.1534 -74.343 -216.084 -1.8 1.0 0.9 2.8
2013.1562 -74.8405 -215.862 0.3 1.2 1.0 2.9
2013.1589 -72.6728 -211.977 2.5 1.0 0.9 2.8
2013.1616 -69.2612 -214.308 8.6 1.1 0.9 2.9
2013.1644 -75.2314 -217.305 1.2 1.6 1.3 3.5
2013.1671 -72.7438 -216.195 5.4 1.2 1.0 2.9
2013.1699 -70.967 -215.085 1.7 1.2 0.9 2.9
2013.1726 -71.5711 -215.418 1.6 1.0 0.9 2.8
2013.1753 -73.6678 -214.419 2.2 1.0 0.9 2.8
2013.1781 -74.5562 -215.085 2.8 1.0 0.8 2.8
2013.1808 -70.9315 -215.751 9.5 1.1 0.9 3.0
2013.1836 -76.0843 -217.194 8.9 1.0 0.9 2.8
2013.1863 -72.7438 -218.747 -1.8 1.1 0.9 2.9
2013.1890 -72.9926 -218.081 -3.5 1.0 0.9 2.8
2013.1918 -71.6422 -217.305 -1.9 1.0 0.9 2.8
2013.1945 -72.3174 -217.194 -5 1.0 0.9 2.9
2013.1973 -68.3373 -216.417 -3.5 1.0 0.9 2.8
2013.2000 -65.5299 -216.417 -0.2 1.0 1.0 2.9
2013.2027 -70.2207 -220.079 4.2 1.1 0.9 2.9
2013.2055 -71.5001 -218.192 2.5 1.3 1.1 3.3
2013.2082 -72.7083 -214.974 8 1.7 1.5 4.1
2013.2110 -72.2819 -216.084 -1.7 0.9 0.8 2.8
2013.2137 -68.2307 -218.303 -3.7 1.0 0.8 2.7
2013.2164 -69.1191 -217.416 -3.3 1.3 1.1 3.0
2013.2192 -71.1091 -216.639 -1 1.3 1.1 3.2
2013.2219 -71.1091 -215.307 -4.8 1.0 0.9 2.8
2013.2247 -70.4339 -215.529 4.4 1.1 1.0 3.0
2013.2274 -71.2513 -218.081 0.9 1.0 1.0 3.0
2013.2301 -71.429 -218.525 3.6 1.0 0.9 2.9
2013.2329 -72.3529 -218.858 4.1 1.0 0.9 2.7
2013.2356 -72.9926 -220.745 -10.5 1.2 1.2 3.1
2013.2384 -72.8149 -216.75 -6.6 1.0 0.9 2.9
2013.2411 -67.591 -218.414 2.1 1.6 1.3 3.7
2013.2438 -67.4133 -219.746 -4.1 1.2 1.0 3.1
2013.2466 -69.4745 -219.191 1.1 1.0 0.9 2.8
2013.2493 -71.9265 -219.746 4.3 1.1 1.0 3.0
2013.2521 -72.4595 -219.413 -8.6 1.0 0.9 2.8
2013.2548 -71.8554 -218.525 -6.3 1.0 1.0 2.9
2013.2575 -71.429 -221.855 -0.4 1.2 1.1 3.1
2013.2603 -71.962 -220.967 -0.4 1.0 0.9 2.8
2013.2630 -72.9215 -220.856 2.5 1.1 1.0 3.0
2013.2658 -72.0686 -217.749 4.5 1.2 1.0 3.0
2013.2685 -70.8959 -221.744 2.8 1.1 1.0 2.9
2013.2712 -70.2563 -218.414 6.2 1.0 0.9 2.9
2013.2740 -69.972 -222.188 9.3 1.1 0.9 3.0
2013.2767 -68.7282 -220.967 3.3 1.1 0.9 2.9
2013.2795 -71.9976 -221.744 -3.1 1.0 0.9 2.9
2013.2822 -69.6521 -220.523 -1.7 1.1 0.9 2.9
2013.2849 -72.8149 -219.635 -7.2 1.1 0.9 3.0
2013.2877 -70.2207 -222.188 -0.5 1.0 0.9 2.8
2013.2904 -70.1497 -221.855 1 1.0 0.9 2.8
2013.2932 -71.6422 -222.965 -1.6 1.1 0.9 2.9
2013.2959 -71.2158 -222.632 3.9 1.7 1.4 4.2
2013.3096 -79.0694 -213.642 -6.7 2.4 1.9 5.8
2013.3123 -74.6984 -217.305 -11.1 1.6 1.3 3.5
2013.3151 -68.3728 -219.968 0 1.3 1.0 3.1
2013.3178 -71.6067 -220.301 -3.1 1.6 1.2 3.5
2013.3205 -71.6422 -221.411 -4.2 1.0 0.9 2.8
2013.3233 -68.0885 -220.523 -2.6 1.1 1.0 2.9
2013.3260 -71.1091 -221.3 -1.9 1.1 1.0 2.9
2013.3288 -70.1497 -221.189 -4.1 1.1 1.0 2.9
2013.3315 -68.3373 -224.629 8.7 1.9 1.6 4.1
2013.3342 -71.1802 -221.411 7.2 1.3 1.2 3.2
2013.3370 -71.0381 -223.409 4.2 1.1 1.0 2.9
2013.3397 -70.1852 -219.968 4.7 1.1 1.0 2.9
2013.3425 -71.7133 -222.188 1.4 1.2 1.1 3.0
2013.3452 -70.0075 -221.744 -5.1 1.1 0.9 2.9
2013.3479 -73.1703 -223.076 -0.2 1.1 1.0 2.9
2013.3507 -71.891 -219.524 -1 1.1 1.0 2.9
2013.3534 -71.9976 -218.747 -8.8 1.1 0.9 2.9
2013.3562 -69.6877 -218.747 -2.9 1.1 1.0 2.9
2013.3589 -71.429 -218.747 -2.5 1.0 0.9 2.8
2013.3616 -70.3629 -219.08 -5.5 1.0 0.9 2.9
2013.3644 -70.043 -221.633 -5.4 1.0 0.9 2.8
2013.3671 -71.5711 -220.523 0.5 1.2 1.1 3.1
2013.3699 -67.8042 -216.528 -1.1 1.1 1.0 2.9
2013.3726 -68.8703 -219.191 -1.6 1.0 0.9 2.8
2013.3753 -71.962 -220.301 -0.2 1.2 1.0 3.0
2013.3781 -72.6728 -221.078 -8.7 1.3 1.2 3.3
2013.3808 -71.1447 -222.854 -1.8 1.3 1.1 3.2
2013.3836 -69.51 -219.857 -1 1.1 1.0 2.9
2013.3863 -70.1852 -222.965 -0.4 1.1 1.0 2.9
2013.3890 -73.3124 -223.187 -6.6 1.1 1.0 3.0
2013.3918 -72.3885 -222.188 -4.7 1.1 0.9 2.9
2013.3945 -69.6877 -222.41 -0.1 1.5 1.2 3.4
2013.3973 -69.9364 -226.516 4.6 2.1 1.7 4.1
2013.4000 -71.6777 -220.19 1.5 1.3 1.1 3.2
2013.4027 -69.8298 -223.964 -8.5 1.3 1.2 3.2
2013.4055 -73.9876 -223.409 -10.3 1.2 1.1 3.1
2013.4082 -71.2158 -223.076 0.7 1.0 0.9 2.8
2013.4110 -69.51 -223.631 -1.8 1.0 0.9 2.8
2013.4137 -69.4034 -222.521 -0.3 1.1 1.0 3.0
2013.4164 -70.5761 -223.076 -2.6 1.4 1.2 3.4
2013.4192 -70.3984 -220.745 -2.6 1.6 1.4 3.4
2013.4219 -73.7389 -223.076 0.5 1.2 1.1 3.1
2013.4247 -67.8753 -222.077 0.7 1.1 1.0 3.0
2013.4274 -68.4794 -220.856 -3.9 1.0 0.9 2.8
2013.4301 -72.1397 -223.187 -2.9 1.4 1.4 3.4
2013.4329 -70.7182 -221.078 -9.5 1.4 1.2 3.6
2013.4356 -70.505 -223.964 -6 1.1 1.0 3.0
2013.4384 -75.8355 -226.738 -6.6 1.1 1.0 3.0
2013.4411 -69.9364 -225.85 -5.4 1.1 1.0 3.0
2013.4438 -73.4901 -227.737 -0.7 1.1 1.0 3.0
2013.4466 -70.3629 -224.408 -6.6 1.0 1.0 2.9
2013.4493 -73.3124 -223.076 -2.8 1.0 0.9 2.8
2013.4521 -71.2158 -219.524 -4.5 1.0 0.8 2.8
2013.4548 -72.1753 -222.188 -11.1 1.0 0.9 2.8
2013.4575 -68.9059 -221.411 -6.3 1.0 0.9 2.8
2013.4603 -72.1753 -219.524 -2.7 1.1 1.0 3.0
2013.4630 -67.2001 -218.636 2.4 1.2 1.1 3.0
2013.4658 -69.2612 -218.525 6.7 1.0 0.9 2.9
2013.4685 -70.5406 -217.416 -8 1.3 1.0 3.1
2013.4712 -66.9513 -213.42 0.4 1.3 1.1 3.2
2013.4740 -61.9407 -218.414 3.7 1.3 1.2 3.3
2013.4767 -65.139 -214.53 -1.7 1.2 1.1 3.2
2013.4795 -65.1034 -216.75 -8.5 1.6 1.3 3.6
2013.4822 -67.9819 -217.527 0.6 1.2 1.0 3.0
2013.4849 -67.6621 -216.417 -11 1.0 0.9 2.8
2013.4877 -64.1439 -223.409 -3.6 1.1 0.9 2.9
2013.4904 -69.51 -222.41 -5.2 1.5 1.2 3.7
2013.4932 -65.7431 -218.858 -5.4 1.7 1.5 3.9
2013.4959 -66.9513 -217.416 -4.7 1.2 0.9 3.0
2013.4986 -65.8497 -219.08 0.4 1.1 1.0 3.0
2013.5014 -71.8199 -222.188 1.3 1.0 0.9 2.8
2013.5041 -68.8703 -221.078 -7.3 1.1 0.9 2.9
2013.5068 -70.3984 -219.302 -3.4 1.0 0.8 2.8
2013.5096 -67.7332 -217.194 -2.9 1.1 1.0 3.1
2013.5123 -68.3728 -219.302 0.5 1.7 1.4 4.0
2013.5151 -68.5505 -218.525 -5.5 1.1 0.9 2.8
2013.5178 -63.4687 -218.858 2.3 1.2 1.0 3.0
2013.5205 -65.3522 -224.408 -4.7 1.2 1.0 3.0
2013.5233 -63.1844 -221.411 1.6 1.9 1.6 4.0
2013.5260 -66.0274 -219.968 -7.5 1.9 1.6 3.8
2013.5288 -68.9414 -221.189 13.2 1.2 1.0 3.0
2013.5315 -70.505 -218.858 -5.7 1.1 0.9 3.0
2013.5342 -59.8084 -219.857 7.1 2.2 2.0 4.7
2013.5370 -67.7687 -220.523 0 1.5 1.3 3.7
2013.5397 -66.9869 -220.19 -0.3 1.1 0.9 2.9
2013.5425 -65.7431 -221.411 -9.2 1.0 0.9 2.8
2013.5452 -67.058 -219.08 -0.8 1.2 1.0 3.1
2013.5479 -62.8291 -220.301 -5.6 1.3 1.0 3.0
2013.5507 -65.139 -218.747 -7.1 1.0 0.8 2.8
2013.5534 -66.5249 -218.969 -12.6 1.0 0.9 2.8
2013.5562 -65.6009 -219.857 -13.4 1.0 0.9 2.9
2013.5589 -64.3572 -220.19 -2.7 1.0 0.9 2.8
2013.5616 -61.1588 -223.631 -11.1 1.1 0.9 2.9
2013.5644 -62.9001 -219.635 -7.2 1.1 0.9 3.0
2013.5671 -65.4233 -224.075 1.5 1.4 1.1 3.2
2013.5699 -59.8795 -218.636 6.7 1.4 1.1 3.2
2013.5726 -71.5711 -222.299 -8.4 1.2 1.0 3.1
2013.5753 -64.2861 -222.41 -4.7 1.1 0.9 2.9
2013.5781 -64.1084 -225.184 -1.6 1.2 1.1 3.0
2013.5808 -68.8348 -226.516 -5.1 1.1 0.9 3.0
2013.5836 -70.7182 -223.409 -8.5 1.1 0.9 3.0
2013.5863 -71.1802 -223.52 -1.2 1.0 0.9 2.8
2013.5890 -67.4489 -224.74 -2.7 1.0 0.9 2.8
2013.5918 -67.8398 -223.964 -9.4 1.2 1.0 3.1
2013.5945 -64.5348 -227.404 -12.1 1.4 1.1 3.3
2013.5973 -69.048 -229.069 -4.1 1.1 0.9 2.9
2013.6000 -69.8654 -226.96 -6.6 1.0 0.9 2.8
2013.6027 -70.7182 -225.628 -3.1 1.0 0.9 2.9
2013.6055 -71.0736 -225.628 -4.1 1.1 0.9 3.0
2013.6082 -68.0885 -230.401 -3.5 1.1 0.9 2.9
2013.6110 -72.6728 -229.513 -6.9 1.0 0.9 2.8
2013.6137 -70.6116 -229.513 -6.6 1.1 0.9 2.8
2013.6164 -69.4034 -226.627 -9.3 1.1 0.9 3.0
2013.6192 -66.0629 -226.072 -8.9 1.1 1.1 3.1
2013.6219 -65.7076 -224.408 -10.9 1.2 1.0 3.1
2013.6247 -69.1546 -225.073 -3.1 1.2 1.1 3.0
2013.6274 -68.9059 -226.294 -1.5 1.2 1.0 2.9
2013.6301 -67.6621 -224.186 -7.8 1.1 0.9 3.0
2013.6329 -68.9769 -227.293 -11.9 1.0 0.9 2.9
2013.6356 -65.9208 -224.962 -1.5 1.1 0.9 3.0
2013.6384 -67.6976 -225.628 -5.3 1.3 1.1 3.1
2013.6411 -67.3067 -224.186 -2.4 1.2 1.0 3.0
2013.6438 -65.4233 -225.961 -11.4 1.3 1.1 3.2
2013.6466 -64.7836 -224.629 -8 1.1 0.9 3.0
2013.6493 -53.8027 -216.306 -15.7 1.4 1.1 3.3
2013.6521 -65.7431 -223.853 -9.2 1.1 0.9 3.0
2013.6548 -71.1091 -225.739 -5.3 1.2 1.0 3.0
2013.6575 -67.0224 -224.962 -1.7 1.4 1.2 3.4
2013.6603 -66.9869 -227.959 -4.2 1.1 1.0 3.0
2013.6630 -66.8803 -224.851 -9 1.1 0.9 2.9
2013.6658 -65.9563 -227.959 -8.5 1.3 1.0 3.2
2013.6685 -69.51 -230.623 -13.7 1.3 1.0 3.2
2013.6712 -66.0274 -225.073 -0.9 1.2 1.1 3.2
2013.6740 -73.0637 -227.293 -1.7 1.0 0.9 2.9
2013.6767 -71.3579 -225.406 -0.1 1.1 0.9 3.0
2013.6795 -69.2968 -227.404 -5.8 1.0 0.9 2.8
2013.6822 -67.8398 -226.072 -9.9 1.1 0.9 2.9
2013.6849 -72.2819 -228.958 -3.4 1.0 0.8 2.8
2013.6877 -69.2612 -230.512 -3.6 1.1 0.9 2.9
2013.6904 -71.1802 -228.514 -1.8 1.0 0.9 3.0
2013.6932 -69.6877 -230.401 -7.8 1.1 0.9 3.0
2013.6959 -71.8199 -231.732 -4.5 1.2 1.0 3.0
2013.6986 -72.1042 -230.401 -8.6 1.1 0.9 2.9
2013.7014 -67.3422 -230.29 -5.9 1.1 1.0 3.0
2013.7041 -68.9059 -232.176 -17.4 1.1 0.9 3.0
2013.7068 -70.6472 -232.842 -5.6 0.9 0.8 2.8
2013.7096 -69.1902 -232.287 -10.1 1.1 0.9 2.9
2013.7123 -69.7587 -231.621 -7 1.3 1.0 3.2
2013.7151 -69.8298 -231.732 -9.8 1.1 0.9 3.0
2013.7178 -73.6678 -231.954 0.3 1.2 1.1 3.3
2013.7205 -69.9364 -231.066 -9.2 1.2 1.0 3.0
2013.7233 -76.0132 -231.51 -2.8 1.1 0.9 2.9
2013.7260 -71.1802 -228.07 -5.6 1.1 0.9 2.9
2013.7288 -70.8604 -229.069 -12.2 1.0 0.9 2.8
2013.7315 -68.2307 -227.404 -13.5 1.1 1.0 3.1
2013.7342 -72.3529 -229.957 -5.1 1.1 0.9 2.9
2013.7370 -70.505 -229.846 -2.7 0.9 0.9 2.8
2013.7397 -70.7182 -232.065 -2.1 1.0 0.9 2.8
2013.7425 -73.2769 -232.842 1.2 0.9 0.8 2.8
2013.7452 -70.7893 -232.398 -7.1 1.0 0.9 2.9
2013.7479 -70.505 -231.954 -11 1.0 0.9 2.9
2013.7507 -71.891 -232.953 -3.7 1.0 0.9 2.9
2013.7534 -75.0893 -233.73 -2.8 1.3 1.1 3.2
2013.7562 -72.6372 -232.287 -5.8 1.0 0.8 2.8
2013.7589 -71.1802 -234.285 -2.1 1.0 0.8 2.8
2013.7616 -73.348 -228.292 0.8 2.9 2.0 6.9
2013.8055 -73.7744 -234.396 -21.1 3.3 2.5 7.5
2013.8082 -73.0992 -236.616 -6.6 1.2 1.0 3.1
2013.8110 -75.7645 -234.951 -2.4 1.2 1.1 3.2
2013.8137 -72.6372 -234.285 -3.3 1.0 0.9 2.8
2013.8164 -71.7133 -235.173 -8.8 1.1 0.9 2.9
2013.8192 -72.6017 -234.174 -4.5 1.1 1.0 2.9
2013.8219 -76.9016 -232.62 -6.6 1.1 0.9 2.9
2013.8247 -76.2264 -236.616 -1.6 1.0 0.9 2.8
2013.8274 -74.9471 -233.175 0.1 1.2 1.1 3.2
2013.8301 -72.6372 -230.956 -10.7 1.7 1.5 4.1
2013.8329 -72.1042 -231.51 -6.3 1.0 0.9 2.8
2013.8356 -70.5406 -228.181 -7.7 1.4 1.3 3.4
2013.8384 -69.048 -232.287 -8.3 1.1 1.0 3.0
2013.8411 -72.0686 -234.285 -8.8 1.2 1.1 3.1
2013.8438 -77.4347 -233.841 3.5 1.3 1.1 3.2
2013.8466 -72.8504 -235.173 -13.5 1.2 1.0 3.1
2013.8493 -74.4141 -231.954 -6.3 1.0 0.9 2.9
2013.8521 -75.5512 -231.51 -6.3 1.4 1.2 3.5
2013.8548 -75.267 -231.177 -1.9 1.0 0.9 2.8
2013.8575 -72.5662 -231.177 -2.3 1.5 1.2 3.5
2013.8603 -77.0793 -234.063 -15.4 1.4 1.2 3.4
2013.8630 -71.5001 -232.176 -10.4 1.6 1.4 3.7
2013.8658 -73.0637 -235.506 -1 0.9 0.8 2.8
2013.8685 -73.3835 -232.731 0.1 1.1 1.0 3.0
2013.8712 -76.4041 -239.279 1.5 1.0 0.9 3.0
2013.8740 -72.0331 -234.507 -10.4 1.4 1.2 3.2
2013.8767 -75.1959 -233.73 -15 1.3 1.1 3.1
2013.8795 -76.3331 -234.507 -12.8 1.2 1.0 3.0
2013.8822 -71.6067 -233.952 -10.6 1.0 0.9 2.9
2013.8849 -71.6777 -236.838 -9.6 1.0 0.9 3.0
2013.8877 -73.5256 -237.614 -4.9 1.1 1.0 3.0
2013.8904 -70.6116 -232.176 -8 1.0 0.9 2.8
2013.8932 -72.2108 -235.173 -1 0.9 0.8 2.8
2013.8959 -80.9528 -235.617 7.3 1.3 1.1 3.3
2013.8986 -76.2264 -235.284 1.4 1.0 0.9 2.8
2013.9014 -75.338 -234.285 -1.9 1.0 0.9 2.9
2013.9041 -74.0942 -235.617 1.8 1.0 0.8 2.8
2013.9068 -76.2264 -235.617 -1.9 0.9 0.8 2.8
2013.9096 -76.6174 -236.505 -2.3 1.0 0.9 2.8
2013.9123 -73.1703 -236.061 1 1.2 1.0 3.1
2013.9151 -74.6984 -238.28 10.9 1.2 1.0 3.1
2013.9178 -76.8306 -240.056 -1.4 1.1 1.0 3.0
2013.9205 -76.2264 -239.723 -7 1.0 0.9 2.9
2013.9233 -78.7851 -237.393 -5.8 1.2 1.0 3.1
2013.9260 -75.9422 -239.945 -2.1 1.1 0.9 2.9
2013.9288 -74.4851 -239.723 0.8 1.1 0.9 3.1
2013.9315 -79.7091 -237.725 4.4 1.0 0.9 2.9
2013.9342 -81.0239 -236.949 -4.7 1.1 0.9 2.9
2013.9370 -74.4496 -239.168 0.9 1.2 1.0 3.3
2013.9397 -82.0189 -237.171 -3.3 1.1 0.9 3.0
2013.9425 -74.9471 -234.84 -6.6 1.1 0.9 2.9
2013.9452 -72.6728 -235.617 3.8 1.0 0.8 2.8
2013.9479 -73.1347 -235.062 6.3 1.0 0.9 2.9
2013.9507 -72.886 -235.062 0.8 1.0 0.8 2.8
2013.9534 -75.0182 -235.95 7 1.4 1.2 3.3
2013.9562 -72.7794 -237.503 9.9 1.1 0.9 2.9
2013.9589 -72.4951 -234.84 3.5 1.1 0.9 2.9
2013.9616 -74.9116 -238.169 0.1 1.0 0.9 2.8
2013.9644 -73.0992 -237.503 -3 1.0 0.9 2.9
2013.9671 -71.3934 -237.06 -0.2 1.1 0.9 2.9
2013.9699 -74.805 -234.396 4.2 1.1 1.0 2.9
2013.9726 -76.0132 -236.172 2.2 1.1 0.9 2.9
2013.9753 -77.6835 -234.618 -1.5 1.0 0.8 2.8
2013.9781 -75.2314 -234.84 -4.8 1.0 0.8 2.8
2013.9808 -71.6777 -240.611 -0.1 1.0 0.8 2.8
2013.9836 -68.586 -238.169 -10 1.3 1.0 3.3
2013.9863 -71.7133 -232.509 -3.8 1.2 1.0 3.1
2013.9890 -69.3323 -235.728 -5.2 1.0 0.8 2.8
2013.9918 -72.9926 -237.947 4.9 1.1 0.9 3.0
2013.9945 -74.8405 -236.616 -2.5 1.0 0.9 2.9
2013.9973 -72.4951 -236.061 -3.3 1.2 0.9 3.0
2014.0000 -80.0644 -238.169 6.1 1.1 0.9 2.9
2014.0027 -79.4248 -236.727 -3.5 1.2 1.0 3.2
2014.0055 -77.6124 -235.839 -0.8 1.4 1.2 3.3
2014.0082 -78.0388 -236.283 -10.6 1.3 1.0 3.2
2014.0110 -74.5918 -236.505 -2 1.1 0.9 3.0
2014.0137 -76.9727 -237.614 2.6 1.1 0.9 2.9
2014.0164 -79.4958 -235.728 3.3 1.0 0.9 2.9
2014.0192 -78.3942 -232.065 -0.9 1.2 1.0 3.1
2014.0219 -77.6479 -235.95 1.4 1.0 0.8 2.9
2014.0247 -75.1603 -238.502 2.8 1.2 1.0 3.0
2014.0274 -75.5868 -233.952 -3 1.1 0.9 2.9
2014.0301 -74.9116 -236.283 -8.6 1.0 0.8 2.8
2014.0329 -73.8455 -236.616 -2.4 1.1 0.9 3.0
2014.0356 -75.6934 -233.286 0.1 1.1 0.9 2.9
2014.0384 -71.3224 -233.73 -4.5 1.2 1.0 3.1
2014.0411 -72.1753 -236.394 -9.1 1.0 0.8 2.8
2014.0438 -73.7744 -232.731 -0.9 1.1 0.9 2.9
2014.0466 -71.7843 -232.731 1.6 1.0 0.9 3.0
2014.0493 -76.795 -238.058 3.7 1.0 0.8 2.8
2014.0521 -75.6579 -235.284 1.7 1.0 0.8 2.8
2014.0548 -79.7091 -235.506 -3.8 1.0 0.9 2.9
2014.0575 -79.8157 -238.169 3.1 1.2 1.0 3.1
2014.0603 -83.0495 -233.508 -4.1 1.2 1.0 3.1
2014.0630 -79.0339 -236.061 -5.1 1.0 0.8 2.8
2014.0658 -80.3843 -235.728 5.3 1.1 0.9 3.0
2014.0685 -80.633 -235.506 -2.3 1.1 0.9 3.0
2014.0712 -81.2016 -238.724 2 1.1 1.0 3.0
2014.0740 -82.1966 -237.282 1.6 1.1 0.9 2.9
2014.0767 -78.8917 -235.506 3.8 1.2 1.1 3.0
2014.0795 -76.6529 -236.727 -5.4 1.1 0.9 2.9
2014.0822 -78.4653 -239.945 -5.5 1.0 0.8 2.8
2014.0849 -77.3992 -239.39 0 1.1 0.9 2.9
2014.0877 -75.5157 -239.945 -7.5 1.1 0.9 3.0
2014.0904 -76.9727 -240.611 -2.6 1.1 0.9 3.0
2014.0932 -77.0083 -244.384 -7.4 1.2 1.0 3.1
2014.0959 -80.5619 -241.166 -0.8 1.0 0.9 2.8
2014.0986 -77.6124 -241.277 -7.9 1.0 0.9 2.9
2014.1014 -78.8206 -242.165 -6.9 1.4 1.1 3.4
2014.1041 -76.0488 -241.832 -3.9 1.3 0.9 3.1
2014.1068 -71.0736 -240.722 -4.5 1.5 1.4 3.5
2014.1096 -75.9422 -242.498 5.4 1.7 1.4 3.7
2014.1123 -75.9422 -240.5 -3.5 1.4 1.1 3.3
2014.1151 -72.9215 -238.28 -4.5 1.1 0.9 2.9
2014.1178 -74.5562 -238.391 3.3 1.3 1.0 3.1
2014.1205 -73.1703 -236.838 -2.4 1.0 0.8 2.8
2014.1233 -75.3736 -238.502 7 1.1 0.9 2.8
2014.1260 -75.9066 -237.947 0.7 1.0 0.9 2.9
2014.1288 -73.2414 -240.167 3.4 1.4 1.1 3.2
2014.1315 -76.4397 -239.279 8.8 1.0 0.9 2.8
2014.1342 -77.9322 -238.502 4 1.3 1.0 3.2
2014.1370 -73.3835 -235.95 2.4 1.5 1.2 3.8
2014.1397 -74.4496 -236.838 2.2 1.7 1.4 3.7
2014.1425 -71.6067 -237.836 3.5 1.4 1.2 3.4
2014.1452 -74.9116 -239.834 4 1.3 1.1 3.3
2014.1479 -78.0033 -241.61 3.7 1.5 1.1 3.4
2014.1507 -81.3082 -239.501 -6.2 1.2 0.9 3.0
2014.1534 -74.5562 -240.722 -1.6 1.2 0.9 3.0
2014.1562 -79.3537 -240.278 -11.7 1.0 0.9 2.9
2014.1589 -77.719 -240.389 3.1 1.4 1.2 4.0
2014.1616 -78.2165 -239.168 -3.2 1.3 1.0 3.3
2014.1644 -79.2471 -241.166 -1 1.3 1.0 3.3
2014.1671 -80.9173 -241.388 -4.3 1.0 0.9 2.9
2014.1699 -75.9066 -242.054 0.2 1.3 1.2 3.5
2014.1726 -74.5562 -240.278 -1.5 1.2 1.1 3.3
2014.1753 -78.4297 -237.836 -1.5 1.3 1.0 3.2
2014.1781 -77.0438 -237.393 5 1.2 1.1 3.2
2014.1808 -78.7496 -241.277 -0.3 1.1 1.0 3.0
2014.1836 -77.1149 -239.834 -3.9 1.2 1.0 3.1
2014.1863 -77.8967 -234.729 2.8 1.1 0.9 3.0
2014.1890 -80.1355 -236.283 3.8 1.2 1.0 3.2
2014.1918 -74.9827 -235.284 5.2 1.1 0.9 3.0
2014.1945 -82.1256 -238.058 11 1.2 1.0 3.1
2014.1973 -79.9933 -240.167 -0.8 1.3 1.2 3.4
2014.2000 -80.2776 -238.502 0.5 1.3 1.1 3.2
2014.2027 -78.9983 -240.167 2.5 1.1 0.9 3.0
2014.2055 -82.3032 -239.168 0.2 1.1 0.9 2.9
2014.2082 -79.4248 -241.499 5.4 1.1 0.9 2.9
2014.2110 -79.2471 -242.165 -0.5 1.2 1.1 3.3
2014.2137 -78.8562 -243.83 -2.7 1.1 1.0 3.0
2014.2164 -79.4248 -241.055 -2.1 1.2 0.9 3.2
2014.2192 -82.1966 -245.161 5.3 1.4 1.1 3.4
2014.2219 -79.0339 -241.388 -1.7 1.1 0.9 3.0
2014.2247 -79.2115 -242.054 1.2 1.1 0.9 3.0
2014.2274 -80.9528 -241.055 1.5 1.1 0.9 3.0
2014.2301 -80.1355 -240.056 -5.8 1.1 1.0 3.1
2014.2329 -79.7091 -240.056 5.2 1.3 1.0 3.2
2014.2356 -82.2677 -239.057 5.5 1.2 1.1 3.3
2014.2384 -79.7091 -240.167 8.2 1.2 1.0 3.1
2014.2411 -80.3843 -241.832 1.2 1.1 1.0 3.0
2014.2438 -79.7446 -242.054 -7.3 1.1 0.9 3.0
2014.2466 -79.3537 -241.499 -4 1.4 1.1 3.3
2014.2493 -79.6735 -241.166 -3.4 1.2 1.0 3.1
2014.2521 -79.3537 -240.056 1.3 1.2 1.0 3.0
2014.2548 -78.0744 -241.388 4.7 1.2 1.0 3.2
2014.2575 -78.0744 -239.279 3 1.2 1.0 3.1
2014.2603 -78.181 -240.944 0 1.2 1.1 3.3
2014.2630 -78.4653 -240.056 4.5 1.0 0.9 2.9
2014.2658 -79.2115 -238.28 1.3 1.2 1.0 3.0
2014.2685 -80.4198 -239.501 5.5 1.1 1.0 3.1
2014.2712 -77.3281 -242.498 4.2 1.3 1.0 3.2
2014.2740 -75.6579 -243.608 0.2 1.1 0.9 3.0
2014.2767 -81.3082 -245.05 -2.4 1.5 1.1 3.5
2014.2795 -77.1504 -243.608 12 1.7 1.6 3.9
2014.2822 -81.4504 -243.164 8.2 1.4 1.3 3.5
2014.2849 -79.7801 -246.16 2.4 1.2 1.0 3.2
2014.2877 -79.9933 -238.28 -2.8 1.2 1.0 3.2
2014.2904 -82.4098 -238.613 -7.5 1.2 1.0 3.0
2014.2932 -79.7091 -239.057 0.7 1.2 1.0 3.1
2014.2959 -80.3132 -239.279 -2.3 1.1 0.9 2.9
2014.2986 -80.1355 -242.72 -6 1.3 1.1 3.2
2014.3014 -78.7496 -243.386 -2.1 1.1 0.9 2.9
2014.3041 -79.4958 -243.497 -0.9 1.2 1.1 3.2
2014.3068 -79.0694 -241.166 -7.5 1.0 0.9 2.9
2014.3096 -80.3487 -240.056 -9 1.1 1.0 3.0
2014.3123 -80.9528 -241.61 -8.8 1.3 1.1 3.2
2014.3151 -78.9272 -240.389 -6.7 1.1 1.0 3.0
2014.3178 -80.4909 -238.058 -2.3 1.2 1.1 3.0
2014.3205 -82.5165 -242.276 -1.7 1.0 0.9 2.8
2014.3233 -81.9834 -241.499 1.6 1.3 1.1 3.2
2014.3260 -85.4305 -240.944 -3 1.0 0.9 2.9
2014.3288 -79.5314 -242.498 -1.1 1.4 1.1 3.4
2014.3315 -80.2066 -242.942 -3.5 1.1 0.9 2.9
2014.3342 -79.0694 -242.276 -9.5 1.0 0.8 2.8
2014.3370 -84.5065 -242.387 -4.4 1.0 0.9 2.8
2014.3397 -80.5975 -240.056 3.1 1.2 1.1 3.2
2014.3425 -79.5314 -237.503 -6.3 1.3 1.1 3.2
2014.3452 -78.9628 -239.945 -1.9 1.0 0.9 2.8
2014.3479 -78.181 -240.167 4.6 1.1 1.0 2.9
2014.3507 -82.5165 -240.278 0.6 1.6 1.5 3.6
2014.3534 -81.5214 -238.169 0.1 1.2 1.0 3.0
2014.3562 -80.6685 -239.057 -11.2 1.1 1.0 2.9
2014.3589 -82.4098 -242.942 -1.2 1.2 1.1 3.0
2014.3616 -81.4859 -243.386 -0.4 1.1 1.0 3.1
2014.3644 -78.9983 -245.272 -8.4 1.0 1.0 2.9
2014.3671 -75.9777 -241.61 -7.8 1.0 0.8 2.8
2014.3699 -80.633 -244.162 -11 1.0 0.9 2.9
2014.3726 -79.4958 -245.161 -8.4 1.0 0.9 2.9
2014.3753 -80.8107 -243.941 -6.4 1.0 0.9 2.8
2014.3781 -81.0595 -242.165 -3.1 1.1 0.9 2.9
2014.3808 -78.9983 -239.945 -2.7 1.1 0.9 2.9
2014.3836 -81.4504 -242.276 -6.5 1.1 0.9 3.0
2014.3863 -83.1561 -242.165 -10 1.0 0.9 2.9
2014.3890 -80.1355 -239.834 -6.5 1.1 1.0 3.0
2014.3918 -81.5214 -240.056 -1.7 1.2 1.0 3.2
2014.3945 -81.3082 -238.169 1.7 1.1 0.9 2.9
2014.3973 -80.6685 -239.723 -3.1 1.0 0.9 2.9
2014.4000 -79.8867 -237.06 -2.9 1.0 0.9 2.9
2014.4027 -80.9884 -238.835 -1.5 1.0 0.8 2.9
2014.4055 -81.0595 -239.501 2.5 1.0 0.9 2.9
2014.4082 -82.6941 -238.724 0.8 1.1 1.0 3.1
2014.4110 -79.8512 -241.943 2.3 1.3 1.0 3.1
2014.4137 -82.7297 -239.945 -4.9 1.0 0.9 2.9
2014.4164 -82.9784 -241.943 -2.1 1.0 0.9 2.8
2014.4192 -80.3487 -241.388 -5 1.0 0.8 2.8
2014.4219 -80.9884 -242.831 -2.1 1.0 0.8 2.8
2014.4247 -81.2727 -240.056 -1.4 1.1 1.0 2.9
2014.4274 -79.3181 -241.166 -7.9 1.1 0.9 2.9
2014.4301 -81.095 -240.278 -2.1 1.0 0.9 2.8
2014.4329 -82.2677 -241.832 2 1.1 0.9 2.9
2014.4356 -79.1049 -239.501 3.1 1.1 0.9 2.9
2014.4384 -82.2322 -241.832 0.7 1.1 1.0 3.1
2014.4411 -78.6429 -241.388 -9.2 1.0 0.8 2.8
2014.4438 -80.7396 -243.497 -4.4 1.1 0.9 3.0
2014.4466 -80.7041 -243.386 -3.2 1.0 0.9 2.8
2014.4493 -80.7396 -242.72 2 1.1 0.9 2.9
2014.4521 -81.1661 -242.831 -3.8 1.1 1.0 3.0
2014.4548 -81.2016 -243.497 -3.6 1.1 0.9 2.9
2014.4575 -82.6941 -242.498 -8.3 1.1 0.9 3.0
2014.4603 -80.8818 -243.275 -3.5 1.2 0.9 3.0
2014.4630 -83.9379 -244.384 5.7 1.6 1.2 3.4
2014.4658 -82.1611 -244.495 3.7 1.2 1.0 3.0
2014.4685 -81.5925 -243.053 -2.4 1.2 1.0 3.1
2014.4712 -83.085 -239.834 -6.8 1.1 1.0 3.0
2014.4740 -82.4454 -245.272 -7.2 1.1 0.9 2.8
2014.4767 -78.9628 -245.605 -1.6 1.0 0.9 2.8
2014.4795 -85.2883 -244.495 5.5 1.1 1.0 2.9
2014.4822 -78.714 -244.606 -2.5 1.1 0.9 2.9
2014.4849 -80.3843 -244.162 -4.6 1.2 0.9 3.1
2014.4877 -77.7901 -242.276 -6.5 1.1 0.9 2.9
2014.4904 -80.3132 -246.826 -3.5 1.3 1.0 3.1
2014.4932 -84.471 -245.605 0.7 1.1 0.9 2.9
2014.4959 -79.3537 -248.491 -1 1.0 0.8 2.8
2014.4986 -81.5925 -249.379 -4.1 1.0 0.9 2.8
2014.5014 -84.9685 -248.158 -10.5 1.0 0.8 2.8
2014.5041 -81.3082 -247.714 -0.1 1.2 1.1 3.2
2014.5068 -80.4198 -247.603 -2.2 1.0 0.9 2.8
2014.5096 -84.3999 -249.49 -1.9 1.0 0.8 2.7
2014.5123 -80.6685 -248.158 -1.1 1.0 0.8 2.7
2014.5151 -78.9983 -247.381 -5.4 1.1 0.9 2.8
2014.5178 -83.7958 -249.934 -12.1 1.1 0.9 2.9
2014.5205 -81.2727 -243.053 -4.8 1.1 0.9 2.9
2014.5233 -82.8008 -244.162 0.2 1.2 1.0 3.0
2014.5260 -84.009 -241.832 -12.1 1.1 0.9 2.9
2014.5288 -81.3082 -250.267 9.2 1.5 1.1 3.3
2014.5315 -77.0083 -247.27 -4.6 1.1 0.9 2.8
2014.5342 -77.3281 -247.381 -11.4 1.0 0.8 2.7
2014.5370 -81.2016 -246.049 -2.6 1.1 0.9 2.9
2014.5397 -78.0744 -247.492 -7 1.1 1.0 2.9
2014.5425 -80.9884 -244.939 -12 1.0 0.9 2.8
2014.5452 -76.6884 -243.719 -5.9 1.0 0.9 2.8
2014.5479 -75.5512 -246.16 -3.8 1.0 0.8 2.8
2014.5507 -78.2165 -242.72 -5.6 1.0 0.8 2.8
2014.5534 -76.4752 -246.382 -2.6 1.1 0.9 2.9
2014.5562 -77.0438 -247.159 -4.9 1.0 0.9 2.8
2014.5589 -80.4909 -246.715 -2.6 1.0 0.8 2.8
2014.5616 -80.1355 -249.157 -8.1 1.1 0.9 2.9
2014.5644 -79.2471 -247.381 -9.8 1.1 0.9 2.9
2014.5671 -80.8107 -250.821 -7.5 1.1 1.0 3.0
2014.5699 -80.1 -247.381 -7.8 1.1 0.9 2.8
2014.5726 -81.3082 -250.599 -6.3 1.1 1.0 2.9
2014.5753 -79.2115 -244.606 -9.3 1.0 0.9 2.8
2014.5781 -75.9066 -249.157 -6.9 1.1 0.9 2.8
2014.5808 -80.3132 -246.16 -14.9 1.0 0.8 2.7
2014.5836 -78.1454 -248.713 -8.7 1.1 0.9 3.0
2014.5863 -79.7801 -249.601 -9.5 1.3 1.1 3.0
2014.5890 -75.338 -248.38 -8.3 1.1 0.9 3.0
2014.5918 -78.9272 -248.38 -4.6 1.3 1.1 3.2
2014.5945 -77.2215 -246.271 -1.8 1.3 1.0 3.2
2014.5973 -78.3587 -245.605 -8.7 1.3 1.1 3.1
2014.6000 -83.1206 -247.714 -6 1.2 0.9 2.9
2014.6027 -81.9479 -251.82 -4.6 1.2 1.0 3.0
2014.6055 -85.0396 -248.38 -6 1.1 0.9 2.8
2014.6082 -82.2677 -251.154 -3.1 1.2 1.0 3.1
2014.6110 -83.2627 -249.712 -3.4 1.0 0.9 2.9
2014.6137 -84.6487 -251.709 -5.6 1.2 1.0 3.0
2014.6164 -81.4504 -250.378 -0.1 1.1 0.9 2.9
2014.6192 -81.1305 -250.821 -3.4 1.1 0.9 2.9
2014.6219 -88.4156 -251.154 0.1 1.1 0.9 3.0
2014.6247 -84.6487 -253.707 -1.5 1.0 0.8 2.8
2014.6274 -84.1156 -249.712 -1.7 1.0 0.9 2.9
2014.6301 -84.0445 -254.373 -0.9 1.0 0.8 2.8
2014.6329 -83.4049 -254.04 -9 1.3 1.0 3.1
2014.6356 -81.8768 -256.926 -5.6 1.1 0.9 2.9
2014.6384 -82.9074 -256.038 -3.8 1.5 1.3 3.4
2014.6411 -79.8157 -252.708 -3.2 1.1 0.9 2.9
2014.6438 -80.5975 -255.039 -2.1 1.1 0.9 2.9
2014.6466 -81.4148 -254.04 -5 1.1 1.0 3.1
2014.6493 -80.7752 -250.489 -0.4 1.1 0.9 3.0
2014.6521 -80.171 -250.045 -7.5 1.1 0.9 3.0
2014.6548 -81.8413 -249.823 -6 1.7 1.3 3.8
2014.6575 -79.8512 -249.934 -4.6 1.7 1.4 3.8
2014.6603 -78.3231 -249.046 -13 1.3 1.1 3.2
2014.6630 -79.4248 -250.489 -4.3 1.2 1.0 3.1
2014.6658 -76.9727 -248.491 -6.1 1.3 1.0 3.2
2014.6685 -77.1859 -251.265 -14 1.3 1.0 3.1
2014.6712 -76.8306 -250.045 -10.1 1.2 1.1 3.1
2014.6740 -72.1753 -250.156 -10.7 1.3 1.1 3.2
2014.6767 -72.6728 -252.486 -4.7 1.2 1.1 3.2
2014.6795 -78.9628 -251.931 4.1 1.4 1.1 3.3
2014.6822 -77.2215 -251.154 -6.4 1.0 0.9 2.9
2014.6849 -76.4041 -246.937 -5.1 1.1 1.0 3.0
2014.6877 -73.0281 -250.489 -1.3 1.0 0.9 2.9
2014.6904 -76.6529 -252.93 -4.8 1.1 0.9 2.9
2014.6932 -80.2066 -252.708 -5 1.1 0.9 2.9
2014.6959 -82.0189 -250.045 -6.7 1.3 1.1 3.2
2014.6986 -81.628 -249.379 -4.5 1.5 1.3 3.5
2014.7014 -81.3082 -249.49 -9.6 1.0 0.9 2.9
2014.7041 -83.2627 -250.71 -0.5 1.0 0.8 2.8
2014.7068 -83.7602 -254.706 5.5 1.0 0.9 2.8
2014.7096 -86.2123 -254.04 -7.3 1.2 0.9 3.0
2014.7123 -82.6941 -253.596 -3 1.0 0.9 2.9
2014.7151 -85.3949 -251.709 2 1.1 0.9 2.8
2014.7178 -81.7702 -251.265 5.9 1.3 1.1 3.3
2014.7205 -84.0801 -255.816 -1.9 1.1 1.0 2.9
2014.7233 -83.4049 -255.705 -1.9 1.1 0.9 2.9
2014.7260 -84.009 -257.258 4.8 1.6 1.3 3.6
2014.7288 -82.3032 -254.151 -4.4 1.4 1.2 3.3
2014.7315 -83.6536 -257.48 -0.8 1.5 1.5 3.5
2014.7342 -80.5975 -259.922 -6.6 1.3 1.0 3.1
2014.7370 -85.2528 -256.149 6.8 1.5 1.2 3.2
2014.7397 -85.2528 -258.146 4.4 1.5 1.3 3.7
2014.7425 -85.8569 -256.593 -3.4 1.3 1.1 3.2
2014.7452 -82.7297 -258.368 -7.4 1.3 1.1 3.3
2014.7479 -81.2371 -260.81 -1.1 1.7 1.4 3.7
2014.7507 -81.4859 -259.034 -3.9 1.5 1.2 3.4
2014.7534 -84.933 -259.145 -8.3 1.3 1.1 3.2
2014.7562 -84.2933 -255.261 -8 1.1 1.0 3.0
2014.7589 -80.9528 -254.928 -9.3 1.1 1.0 3.1
2014.7616 -81.1661 -253.707 -10.3 1.1 1.0 3.0
2014.7644 -78.7496 -253.818 -6.5 1.0 0.9 2.8
2014.7671 -81.2016 -254.706 -9.3 1.0 0.9 2.8
2014.7699 -78.3587 -252.153 -3.4 1.3 1.1 3.1
2014.7726 -79.0694 -256.26 1.3 1.5 1.4 3.6
2014.7753 -78.5363 -255.816 1.8 1.1 1.0 3.0
2014.7781 -82.3743 -254.262 2.4 1.3 1.2 3.3
2014.7808 -79.7446 -252.486 -0.8 1.2 1.0 3.0
2014.7836 -81.628 -255.039 4.6 1.0 0.9 2.8
2014.7863 -81.9479 -257.036 -3.2 1.3 1.2 3.3
2014.7890 -81.2371 -251.931 -0.1 1.0 0.9 2.9
2014.7918 -80.8462 -255.039 -4.3 1.1 1.0 2.9
2014.7945 -82.5165 -252.486 -13 1.2 1.1 3.0
2014.7973 -81.9834 -254.151 1.6 1.8 1.2 3.3
2014.8000 -79.4248 -257.147 4.5 1.5 1.3 3.3
2014.8027 -82.8008 -257.702 0.7 1.8 1.4 3.6
2014.8055 -84.2578 -255.705 -2.1 1.4 1.2 3.3
2014.8082 -85.1462 -254.262 2.1 1.6 1.3 3.4
2014.8110 -82.9784 -251.82 6.2 1.3 1.0 3.1
2014.8137 -80.3843 -252.597 -1.5 1.4 1.2 3.4
2014.8164 -74.6273 -252.375 0.2 1.4 1.2 3.2
2014.8192 -76.0843 -252.375 -3.7 1.4 1.2 3.3
2014.8219 -76.3331 -255.261 -9.9 1.7 1.6 3.7
2014.8247 -80.1355 -255.261 -6.8 1.5 1.4 3.7
2014.8274 -76.3686 -255.816 -0.8 1.2 1.1 3.1
2014.8301 -74.3075 -253.929 -2.8 1.2 1.0 3.0
2014.8329 -77.1504 -251.82 -4.6 1.3 1.1 3.0
2014.8356 -73.6323 -251.154 -11.6 1.1 1.0 3.0
2014.8384 -78.5719 -255.039 1.4 1.2 1.0 3.0
2014.8411 -80.0289 -254.262 3 1.1 1.0 2.9
2014.8438 -78.6429 -253.374 -1.6 1.5 1.2 3.5
2014.8466 -77.8967 -252.708 -0.5 1.2 1.0 2.9
2014.8493 -80.4553 -252.375 -4.3 1.1 1.0 3.0
2014.8521 -76.9016 -254.151 -6.2 1.4 1.1 3.2
2014.8548 -78.4297 -254.484 -0.8 1.2 1.0 3.1
2014.8575 -78.9628 -253.263 0.9 1.2 1.0 2.9
2014.8603 -76.795 -255.372 3.7 1.5 1.2 3.5
2014.8630 -79.0694 -252.93 -6.3 1.1 1.0 3.0
2014.8658 -80.2776 -256.371 -7.2 1.1 0.9 2.9
2014.8685 -82.3743 -256.038 -12.7 1.0 0.9 2.8
2014.8712 -79.3537 -257.591 0.1 1.4 1.1 3.2
2014.8740 -79.7091 -255.594 6.2 1.5 1.2 3.5
2014.8767 -75.5868 -258.257 -6.6 2.3 1.5 4.1
2014.8795 -79.2471 -258.146 3.2 1.2 1.0 3.0
2014.8822 -81.0239 -254.262 -10.1 1.4 1.2 3.2
2014.8849 -81.0239 -257.369 7.2 1.2 1.0 3.0
2014.8877 -90.9387 -253.596 1.4 1.7 1.3 3.5
2014.8904 -83.4404 -255.483 -2.6 1.4 1.2 3.3
2014.8932 -86.4966 -252.153 -3.3 1.4 1.1 3.2
2014.8959 -77.4702 -253.485 -2.3 1.5 1.2 3.4
2014.8986 -79.1049 -255.594 0.6 1.5 1.1 3.3
2014.9014 -76.5463 -255.261 0.2 1.2 1.0 3.1
2014.9041 -79.9933 -255.705 -3.2 1.3 1.0 3.1
2014.9068 -77.1859 -255.15 -7.4 1.1 1.0 2.9
2014.9096 -78.1454 -255.594 -7.4 1.1 0.9 3.0
2014.9123 -78.1454 -253.263 -11.1 1.2 1.0 3.0
2014.9151 -77.8967 -254.373 -4.6 1.3 1.0 3.0
2014.9178 -76.4397 -255.261 -5.8 1.3 1.0 3.0
2014.9205 -81.8768 -252.042 -14.6 1.6 1.3 3.5
2014.9233 -77.257 -252.042 -0.6 1.0 0.9 2.8
2014.9260 -78.1099 -253.485 -10.9 1.2 1.0 2.9
2014.9288 -79.6024 -258.146 2.9 1.4 1.1 3.1
2014.9315 -75.9422 -256.926 -7.6 1.6 1.4 3.4
2014.9342 -74.1653 -254.817 -1.7 1.6 1.4 3.6
2014.9370 -76.3686 -255.594 1.4 1.3 1.1 3.0
2014.9397 -80.5975 -254.04 2.8 1.8 1.3 3.4
2014.9425 -76.1198 -255.039 3.9 1.1 0.9 2.9
2014.9452 -76.0843 -257.036 -1.3 1.1 0.9 2.9
2014.9479 -80.0644 -258.257 5.1 1.5 1.2 3.3
2014.9507 -80.7396 -259.478 4.3 1.3 1.1 3.0
2014.9534 -78.5363 -255.927 -3.9 1.5 1.1 3.1
2014.9562 -78.8206 -256.038 -0.7 1.5 1.1 3.1
2014.9589 -79.8867 -256.371 12.8 1.3 1.0 3.1
2014.9616 -78.7496 -258.701 2.2 1.2 1.0 3.0
2014.9644 -83.014 -257.036 -0.4 1.2 0.9 2.9
2014.9671 -80.4553 -256.149 -0.1 1.4 1.1 3.0
2014.9699 -83.3693 -255.483 -2.1 1.3 1.0 3.1
2014.9726 -80.3487 -257.036 0.2 1.8 1.5 3.8
2014.9753 -79.5669 -255.927 -1.9 1.4 1.1 3.3
2014.9781 -75.0893 -256.815 9.1 1.2 1.0 3.1
2014.9808 -76.0488 -261.92 -8 1.7 1.4 3.6
2014.9836 -81.2371 -257.924 4 1.1 1.0 2.9
2014.9863 -73.1347 -256.593 -7.6 1.7 1.5 3.6
2014.9890 -76.4397 -255.705 -2.8 1.1 0.9 2.8
2014.9918 -80.7752 -253.929 1.5 1.4 1.2 3.1
2014.9945 -81.8413 -256.371 -9.6 1.4 1.1 3.2
2014.9973 -78.252 -258.923 -6.9 1.3 1.2 3.2
2015.0000 -85.3239 -256.371 -1.6 1.1 1.0 2.8
2015.0027 -82.1256 -255.261 -2.5 1.0 0.9 2.7
2015.0055 -78.6429 -255.594 -4.8 1.3 1.1 3.1
2015.0082 -79.9578 -255.594 -0.1 1.1 0.9 2.8
2015.0110 -76.1554 -254.817 -6.5 1.6 1.4 3.8
2015.0137 -78.714 -260.81 -6 1.5 1.2 3.3
2015.0164 -79.5669 -259.811 -5.4 1.4 1.1 3.2
2015.0192 -76.724 -257.258 -3.2 1.3 1.0 3.2
2015.0219 -81.2016 -257.258 -3.6 1.3 1.0 3.1
2015.0247 -83.014 -259.7 -7 1.2 1.0 3.0
2015.0274 -80.7752 -259.922 -6.1 1.2 1.0 3.0
2015.0301 -76.9016 -256.815 -3.4 1.4 1.0 3.2
2015.0329 -79.9223 -257.147 3.7 1.2 1.0 3.0
2015.0356 -75.8355 -255.927 0.8 1.3 1.0 3.1
2015.0384 -81.9479 -256.482 4.5 1.2 0.9 3.0
2015.0411 -81.2727 -255.039 -2.6 1.2 1.0 2.9
2015.0438 -81.3437 -256.26 0.7 1.3 1.0 3.0
2015.0466 -84.4354 -255.15 8.4 1.1 0.9 2.9
2015.0493 -80.9528 -259.034 4.1 1.1 0.9 2.9
2015.0521 -81.2727 -256.149 -9.1 1.1 0.9 2.8
2015.0548 -82.3743 -256.704 0.3 1.1 0.9 2.9
2015.0575 -80.4198 -256.704 -6 1.3 1.0 3.1
2015.0603 -77.257 -258.257 1.8 1.3 1.0 3.1
2015.0630 -78.3231 -257.036 1.1 1.2 1.0 3.0
2015.0658 -81.9834 -258.701 17.3 1.1 1.0 3.0
2015.0685 -76.6529 -255.261 -1.8 1.1 0.9 3.0
2015.0712 -78.9983 -257.369 -2.5 1.5 1.1 3.2
2015.0740 -75.3736 -260.81 -3.7 1.2 1.1 2.9
2015.0767 -80.4909 -259.034 -3.5 1.3 1.0 3.1
2015.0795 -75.3025 -258.59 6.4 1.3 1.1 3.1
2015.0822 -78.7496 -261.032 5.4 1.1 1.0 3.0
2015.0849 -78.7851 -258.59 -4 1.2 1.0 3.0
2015.0877 -79.9578 -260.033 1.7 1.3 1.0 3.1
2015.0904 -84.6131 -264.361 2.1 1.7 1.6 3.7
2015.0932 -79.4248 -260.921 4.6 1.7 1.4 3.6
2015.0959 -75.4802 -257.147 1.5 1.3 1.0 3.0
2015.0986 -79.7801 -256.26 3.3 1.3 1.0 3.1
2015.1014 -82.8718 -259.478 -2.1 1.2 1.0 3.1
2015.1041 -78.3942 -260.588 3.4 1.3 1.2 3.5
2015.1068 -80.2776 -258.257 7.9 1.5 1.2 3.3
2015.1096 -77.0793 -256.815 0.2 1.2 1.0 2.9
2015.1123 -78.6785 -256.149 2.5 1.3 1.0 3.1
2015.1151 -76.2264 -258.701 -1.4 1.2 1.0 3.1
2015.1178 -76.8661 -257.258 4.8 1.2 1.0 3.1
2015.1205 -81.1661 -258.923 4.6 1.1 0.9 2.9
2015.1233 -79.3181 -258.257 -3.4 1.0 0.9 2.8
2015.1260 -79.9578 -258.257 0.3 1.2 1.1 3.2
2015.1288 -83.2272 -260.921 -2.9 1.1 0.9 2.9
2015.1315 -81.4859 -255.261 8.2 1.9 1.6 4.0
2015.1342 -82.8363 -263.584 0 1.4 1.2 3.5
2015.1370 -86.4255 -259.145 0.9 1.3 1.1 3.1
2015.1397 -84.471 -261.143 8.2 1.2 1.0 3.2
2015.1425 -83.7602 -257.813 9.6 1.2 1.0 2.9
2015.1452 -85.0751 -259.7 1.3 1.2 1.0 3.1
2015.1479 -86.4966 -256.038 -5.4 1.4 1.2 3.3
2015.1507 -84.1512 -260.144 -2.9 1.4 1.2 3.4
2015.1534 -81.1305 -258.701 -3 1.2 1.0 3.0
2015.1562 -88.7354 -258.59 3.6 1.1 1.0 3.0
2015.1589 -84.5065 -260.921 0.1 1.0 0.9 2.8
2015.1616 -84.1156 -256.371 2.4 1.5 1.3 3.4
2015.1644 -79.638 -260.366 -6 1.3 1.1 3.5
2015.1671 -85.466 -259.811 4.5 1.4 1.1 3.4
