2013.1836 0 0 0 1.2 0.8 2.4
2017.2082 -28.8267 -35.5548 1.9 1.2 0.8 2.4
2017.3671 -33.6188 -37.4436 0 1.9 1.0 2.8
2018.1973 -35.0196 -42.7769 1.5 1.2 0.8 2.4
2018.2000 -33.1028 -44.6657 2.6 1.4 0.8 2.6
2018.2027 -34.1349 -43.6657 -3.6 1.3 0.8 2.6
2018.2055 -31.702 -42.1102 2.9 1.3 0.8 2.5
2018.2082 -33.7663 -43.2213 4.4 1.2 0.8 2.4
2018.2110 -31.9232 -42.3324 -3.8 1.2 0.8 2.5
2018.2137 -34.1349 -42.9991 -1.5 1.4 0.8 2.5
2018.2164 -34.3561 -42.5546 1.6 1.2 0.8 2.4
2018.2192 -30.08 -40.4436 8.3 1.2 0.8 2.4
2018.2219 -37.1577 -43.9991 1.8 1.3 0.8 2.5
2018.2247 -37.5263 -42.5546 3.1 1.2 0.8 2.4
2018.2274 -34.7247 -43.6657 -2.1 1.2 0.8 2.4
2018.2301 -34.8722 -43.2213 -0.7 1.2 0.8 2.4
2018.2329 -35.9043 -44.5546 -1.2 1.2 0.8 2.4
2018.2356 -39.5906 -42.3324 6.7 1.2 0.8 2.4
2018.2384 -36.3467 -43.1102 -3.4 1.2 0.8 2.4
2018.2411 -37.1577 -43.7768 4.2 1.2 0.8 2.4
2018.2438 -32.2918 -42.6657 -0.2 1.2 0.8 2.4
2018.2466 -33.1028 -43.1102 2 1.2 0.8 2.4
2018.2493 -39.5906 -43.3324 -1.7 1.2 0.8 2.4
2018.2521 -33.3239 -45.5546 1 1.2 0.8 2.4
2018.2548 -33.84 -43.5546 1.7 1.2 0.8 2.5
2018.2575 -36.7153 -43.7768 -1.7 1.2 0.8 2.4
2018.2603 -37.0839 -41.4436 -2.1 1.3 0.8 2.5
2018.2630 -39.0008 -43.3324 5.6 1.2 0.8 2.5
2018.2658 -41.5075 -43.8879 4.1 1.3 0.8 2.4
2018.2685 -37.9687 -43.9991 0.9 1.2 0.8 2.4
2018.2712 -38.8534 -45.5546 4.5 1.4 0.8 2.6
2018.2740 -37.8949 -45.3324 3.3 1.2 0.8 2.4
2018.2767 -37.4526 -44.4435 2.7 1.2 0.8 2.4
2018.2795 -36.8628 -42.2213 -2.9 1.2 0.8 2.5
2018.2822 -34.0612 -45.6657 -6.5 1.2 0.9 2.6
2018.2849 -37.1577 -44.7768 2.8 1.2 0.9 2.6
2018.2877 -35.6832 -40.6658 4.3 1.2 0.8 2.5
2018.2904 -40.549 -43.1102 6.2 1.2 0.8 2.4
2018.2932 -44.3828 -44.6657 1.1 1.2 0.8 2.5
2018.2959 -36.8628 -43.6657 -3.2 1.2 0.8 2.5
2018.2986 -34.3561 -44.2213 -1.1 1.2 0.8 2.5
2018.3014 -38.411 -46.3323 3.4 1.3 0.8 2.5
2018.3041 -35.462 -45.2212 -3.1 1.2 0.8 2.4
2018.3068 -40.3279 -41.7769 0.3 1.2 0.8 2.4
2018.3096 -36.273 -43.2213 -2.5 1.2 0.8 2.4
2018.3123 -39.2957 -43.2213 -1.7 1.2 0.8 2.4
2018.3151 -38.2636 -43.8879 -1.8 1.2 0.8 2.4
2018.3178 -40.9914 -44.999 1.4 1.3 0.8 2.5
2018.3205 -38.4847 -45.2212 3 1.2 0.8 2.5
2018.3233 -33.3977 -43.4435 4.5 1.2 0.8 2.4
2018.3288 -40.9177 -42.7769 -2.9 1.2 0.8 2.4
2018.3315 -39.4432 -43.5546 2.8 1.2 0.8 2.5
2018.3342 -40.4753 -44.999 0.7 1.2 0.8 2.4
2018.3397 -34.7247 -43.8879 -5.6 1.2 0.8 2.5
2018.3425 -37.4526 -44.7768 2.2 1.2 0.8 2.5
2018.3452 -35.462 -45.2212 5.3 1.2 0.8 2.4
2018.3479 -39.4432 -45.999 5.4 1.2 0.8 2.4
2018.3507 -38.8534 -45.3324 0.4 1.2 0.8 2.4
2018.3534 -39.4432 -48.2212 7.5 1.2 0.8 2.5
2018.3562 -36.5679 -46.6657 6.3 1.1 0.8 2.4
2018.3589 -36.5679 -44.999 3.9 1.2 0.8 2.5
2018.3616 -41.8024 -45.8879 2.8 1.2 0.8 2.5
2018.3644 -37.3051 -45.1101 4.1 1.2 0.8 2.4
2018.3671 -42.4659 -45.2212 5 1.2 0.8 2.4
2018.3699 -37.6 -46.7768 7.7 1.2 0.8 2.4
2018.3726 -39.7381 -45.2212 8.6 1.3 0.8 2.6
2018.3753 -36.5679 -43.9991 5.1 1.1 0.8 2.4
2018.3781 -41.5075 -45.1101 6.7 1.2 0.8 2.5
2018.3808 -39.1483 -46.7768 8.9 1.2 0.8 2.5
2018.3836 -34.3561 -45.6657 9.5 1.2 0.8 2.5
2018.3863 -36.9365 -45.4435 12.6 1.1 0.8 2.4
2018.3890 -38.1161 -45.8879 11 1.1 0.8 2.4
2018.3918 -39.8855 -47.5545 7.7 1.1 0.8 2.4
2018.3945 -40.844 -47.6656 8.5 1.2 0.8 2.4
2018.3973 -40.6965 -46.8879 8.9 1.2 0.8 2.5
2018.4000 -36.3467 -45.7768 9.2 1.2 0.8 2.4
2018.4027 -37.8212 -45.7768 11.4 1.2 0.8 2.4
2018.4055 -38.1161 -45.999 11.1 1.2 0.8 2.4
2018.4082 -42.3922 -49.5545 1.9 1.2 0.8 2.4
2018.4110 -40.4016 -44.5546 6.2 1.2 0.8 2.5
2018.4137 -42.5396 -45.2212 9.1 1.2 0.8 2.5
2018.4164 -41.1389 -46.1101 7.4 1.2 0.8 2.5
2018.4247 -41.4338 -44.4435 5.7 1.2 0.8 2.4
2018.4274 -38.4847 -45.7768 13.4 1.2 0.8 2.5
2018.4301 -39.5169 -45.7768 6.2 1.2 0.8 2.5
2018.4329 -37.0102 -46.8879 8.9 1.2 0.8 2.5
2018.4356 -37.6 -47.1101 11.8 1.2 0.8 2.4
2018.4384 -36.5679 -43.5546 8.9 1.2 0.8 2.4
2018.4411 -37.6 -46.4434 7 1.2 0.8 2.5
2018.4438 -37.0102 -46.999 5.3 1.2 0.8 2.4
2018.4466 -40.549 -45.5546 11.5 1.2 0.8 2.4
2018.4493 -35.1671 -47.999 13.5 1.2 0.8 2.5
2018.4521 -39.2957 -46.999 9.3 1.2 0.8 2.5
2018.4548 -38.4847 -45.999 8.9 1.2 0.8 2.5
2018.4575 -39.5169 -44.2213 -1.6 1.2 0.8 2.5
2018.4603 -40.033 -45.5546 8.4 1.2 0.8 2.4
2018.4630 -38.411 -45.6657 10.6 1.2 0.8 2.5
2018.4658 -39.1483 -47.7767 8.8 1.2 0.8 2.4
2018.4685 -40.7702 -48.3323 10.9 1.2 0.8 2.4
2018.4712 -44.5302 -47.8879 8 1.2 0.8 2.4
2018.4740 -45.2675 -48.3323 4.8 1.2 0.8 2.5
2018.4767 -36.789 -48.7767 10.5 1.2 0.8 2.4
2018.4795 -39.8118 -46.2212 9.5 1.2 0.8 2.4
2018.4822 -38.1161 -45.6657 10.5 1.2 0.8 2.4
2018.4849 -40.1804 -46.5546 8.2 1.2 0.8 2.4
2018.4877 -38.1898 -45.1101 4.2 1.2 0.8 2.5
2018.4904 -46.5208 -45.6657 3.9 1.3 0.9 2.8
2018.4932 -40.2541 -46.3323 11 3.0 1.3 4.1
2018.4959 -36.7153 -47.999 8.3 1.2 0.8 2.4
2018.4986 -42.5396 -45.6657 19.1 1.3 0.8 2.5
2018.5014 -39.7381 -44.8879 4.4 1.2 0.8 2.4
2018.5041 -43.4243 -45.5546 3.2 1.2 0.8 2.4
2018.5068 -38.8534 -46.1101 9.6 1.2 0.8 2.4
2018.5096 -39.9592 -45.4435 8.9 1.2 0.8 2.4
2018.5123 -45.0463 -45.7768 4 1.2 0.8 2.4
2018.5151 -39.0745 -48.2212 13.9 1.2 0.8 2.4
2018.5178 -41.6549 -48.5545 5.5 1.2 0.8 2.4
2018.5205 -45.4887 -50.6656 -0.1 1.2 0.8 2.4
2018.5233 -44.1616 -49.2212 2.3 1.2 0.8 2.4
2018.5260 -47.7742 -49.8878 5.2 1.2 0.8 2.4
2018.5288 -45.931 -51.11 7 1.2 0.8 2.4
2018.5315 -50.502 -50.6656 4.9 1.3 0.8 2.5
2018.5342 -46.5208 -49.7767 3.9 1.2 0.8 2.4
2018.5370 -46.3734 -52.11 9.8 1.2 0.8 2.5
2018.5397 -46.2996 -52.4433 13.5 1.2 0.8 2.4
2018.5425 -45.12 -51.4433 8.5 1.2 0.8 2.4
2018.5452 -43.2032 -52.11 13.5 1.2 0.8 2.4
2018.5479 -44.8989 -48.3323 7.3 1.2 0.8 2.4
2018.5507 -49.6173 -46.2212 12 1.3 0.8 2.5
2018.5534 -46.0047 -49.5545 10.8 1.3 0.8 2.5
2018.5562 -44.3091 -49.8878 12.2 1.2 0.8 2.4
2018.5616 -45.12 -51.9989 0.3 1.2 0.8 2.5
2018.5644 -47.553 -50.7767 2.3 1.3 0.8 2.5
2018.5671 -46.8157 -48.8878 4.4 1.2 0.8 2.4
2018.5699 -44.0879 -49.6656 7.7 1.2 0.8 2.4
2018.5726 -44.7514 -51.11 6.2 1.2 0.8 2.4
2018.5753 -65.0259 -40.3325 -6.2 6.0 3.0 9.1
2018.5781 -42.6871 -48.3323 2.1 1.4 0.9 2.8
2018.5808 -46.6683 -53.6655 -0.5 1.3 0.8 2.5
2018.5836 -46.742 -51.3322 17.4 1.2 0.8 2.5
2018.5863 -42.7608 -50.2211 5.5 1.2 0.8 2.5
2018.5890 -42.982 -50.11 5.6 1.2 0.8 2.4
2018.5918 -44.8251 -50.4434 8.4 1.2 0.8 2.4
2018.5945 -49.3961 -50.3322 8.8 1.2 0.8 2.4
2018.5973 -41.5075 -51.9989 19.1 1.2 0.8 2.4
2018.6000 -45.12 -51.8878 9.6 1.2 0.8 2.4
2018.6027 -41.9498 -51.6656 5.4 1.2 0.8 2.4
2018.6055 -46.1522 -49.2212 -0.5 1.2 0.8 2.4
2018.6082 -45.4887 -50.9989 6.7 1.2 0.8 2.4
2018.6110 -44.604 -50.7767 12.4 1.2 0.8 2.4
2018.6137 -44.604 -52.3322 16.7 1.2 0.8 2.4
2018.6164 -45.931 -50.4434 7.3 1.2 0.8 2.4
2018.6192 -43.8667 -47.999 -0.7 1.2 0.8 2.4
2018.6219 -47.3318 -50.11 7.4 1.3 0.8 2.4
2018.6247 -49.3961 -47.6656 -1.1 1.3 0.8 2.5
2018.6274 -37.8949 -51.3322 18.9 1.4 0.8 2.5
2018.6301 -47.7742 -50.5545 11.5 1.2 0.8 2.4
2018.6329 -49.8385 -51.8878 9.5 1.2 0.8 2.4
2018.6356 -44.0879 -52.7766 1.4 1.3 0.8 2.5
2018.6384 -46.5945 -49.1101 5.3 1.2 0.8 2.4
2018.6411 -44.8251 -50.6656 11.1 1.3 0.8 2.5
2018.6438 -43.4243 -53.2211 6.8 1.3 0.8 2.6
2018.6466 -44.9726 -50.6656 13.1 1.2 0.8 2.4
2018.6493 -44.0879 -52.2211 6.4 1.2 0.8 2.4
2018.6521 -46.742 -50.9989 13.7 1.4 0.9 2.6
2018.6548 -47.7004 -49.9989 6.2 1.2 0.8 2.4
2018.6575 -44.604 -52.3322 12 1.2 0.8 2.4
2018.6603 -41.8024 -52.2211 16.3 1.2 0.8 2.4
2018.6630 -50.6494 -51.4433 5.1 1.2 0.8 2.4
2018.6658 -45.7836 -49.1101 4.7 1.2 0.8 2.4
2018.6685 -45.2675 -50.5545 8.6 1.2 0.8 2.4
2018.6712 -41.9498 -50.6656 7.1 1.3 0.8 2.5
2018.6740 -45.7098 -48.9989 9.4 1.3 0.8 2.5
2018.6767 -45.6361 -50.4434 13.7 1.2 0.8 2.4
2018.6795 -45.0463 -51.6656 14.5 1.2 0.8 2.5
2018.6822 -47.4793 -51.8878 12.5 1.2 0.8 2.5
2018.6849 -42.8345 -51.3322 12.9 1.2 0.8 2.5
2018.6877 -51.4604 -49.4434 7.5 1.2 0.8 2.4
2018.6904 -46.8894 -52.3322 17 1.2 0.8 2.5
2018.6932 -48.2902 -50.3322 9.7 1.2 0.8 2.4
2018.6959 -47.1106 -51.6656 13.8 1.2 0.8 2.5
2018.6986 -50.0596 -50.2211 6.8 1.2 0.8 2.4
2018.7014 -46.2259 -50.6656 12 1.2 0.8 2.4
2018.7041 -44.9726 -49.9989 2.6 1.3 0.8 2.5
2018.7068 -44.5302 -51.5544 8.8 1.2 0.8 2.4
2018.7096 -45.7098 -52.8877 17.7 1.2 0.8 2.4
2018.7123 -46.4471 -51.5544 16 1.2 0.8 2.4
2018.7151 -44.3091 -48.7767 5.9 1.2 0.8 2.4
2018.7178 -47.1843 -48.4434 12.2 1.2 0.8 2.4
2018.7205 -44.8251 -50.9989 16 1.2 0.8 2.4
2018.7233 -44.4565 -52.7766 17.7 1.2 0.8 2.4
2018.7260 -41.1389 -53.7766 17.5 1.2 0.8 2.4
2018.7288 -41.5075 -50.3322 13 1.2 0.8 2.4
2018.7315 -46.9632 -49.7767 13.4 1.2 0.8 2.4
2018.7342 -45.2675 -50.11 6 1.2 0.8 2.4
2018.7370 -44.4565 -50.3322 5.2 1.2 0.8 2.4
2018.7397 -45.6361 -51.11 11.4 1.2 0.8 2.5
2018.7425 -46.5945 -50.2211 8.7 1.2 0.8 2.4
2018.7452 -47.7742 -50.7767 10.3 1.3 0.8 2.5
2018.7479 -45.1938 -50.3322 15.2 1.2 0.8 2.5
2018.7507 -46.4471 -51.2211 12.7 1.2 0.9 2.5
2018.7534 -42.3185 -50.7767 4.2 1.3 0.8 2.5
2018.7562 -45.5624 -49.9989 17.4 1.2 0.8 2.4
2018.7589 -48.5851 -51.11 7.1 1.2 0.8 2.5
2018.7616 -44.0879 -51.5544 8.3 1.2 0.8 2.5
2018.7644 -45.931 -49.1101 7.8 1.2 0.8 2.4
2018.7671 -46.8157 -50.8878 8.2 1.2 0.8 2.5
2018.7699 -45.0463 -51.8878 12.1 1.2 0.8 2.4
2018.7726 -44.8989 -49.2212 9.2 1.2 0.8 2.4
2018.7753 -45.12 -51.6656 21.2 1.2 0.8 2.5
2018.7781 -46.5945 -51.9989 3.4 1.2 0.8 2.4
2018.7808 -45.931 -52.2211 9.5 1.2 0.8 2.5
2018.7836 -46.2996 -50.9989 4.9 1.2 0.8 2.5
2018.7863 -46.9632 -52.3322 10.5 1.2 0.8 2.5
2018.7890 -45.1938 -51.9989 8.6 1.2 0.8 2.5
2018.7918 -42.982 -49.3323 3.7 1.2 0.8 2.5
2018.7945 -45.1938 -50.6656 7.6 1.3 0.8 2.5
2018.7973 -45.8573 -50.8878 6.2 1.2 0.8 2.5
2018.8000 -47.2581 -50.4434 3.7 1.5 0.9 2.7
2018.8027 -43.9404 -51.2211 5.9 1.2 0.8 2.5
2018.8055 -47.7004 -50.9989 10.7 1.2 0.8 2.5
2018.8082 -44.0879 -50.2211 7.8 1.4 0.9 2.5
2018.8110 -43.8667 -50.4434 8.4 1.2 0.8 2.5
2018.8137 -46.2259 -50.8878 9.1 1.4 0.8 2.6
2018.8164 -42.8345 -53.4433 13.7 1.2 0.8 2.4
2018.8192 -45.5624 -52.6655 7.2 1.2 0.8 2.4
2018.8219 -45.6361 -49.3323 4.9 1.2 0.8 2.5
2018.8247 -45.931 -51.5544 1.8 1.2 0.8 2.5
2018.8274 -49.3961 -50.3322 5.5 1.6 1.0 3.0
2018.8301 -45.7098 -50.3322 4.3 1.3 0.9 2.7
2018.8329 -45.0463 -54.3322 13 1.2 0.8 2.4
2018.8356 -47.7004 -48.7767 12 1.3 0.8 2.5
2018.8384 -51.313 -52.4433 -0.1 1.2 0.8 2.5
2018.8411 -47.553 -52.11 5.7 1.2 0.8 2.4
2018.8438 -52.124 -54.7766 -2.7 1.2 0.8 2.4
2018.8466 -47.0369 -51.9989 11.9 1.2 0.8 2.4
2018.8493 -47.1106 -52.5544 9.9 1.2 0.8 2.4
2018.8521 -49.0275 -49.7767 -1.2 1.2 0.8 2.4
2018.8548 -45.7098 -49.7767 1.6 1.2 0.8 2.4
2018.8575 -43.2032 -51.5544 1.4 1.3 0.8 2.5
2018.8603 -48.0691 -52.11 7.6 1.3 0.9 2.6
2018.8630 -50.0596 -52.9989 3.7 1.6 0.9 2.7
2018.8658 -45.4887 -51.11 5.5 1.3 1.0 2.7
2018.8685 -46.2996 -50.9989 12.9 1.5 0.9 2.7
2018.8712 -45.3412 -50.6656 3 1.3 0.8 2.5
2018.8740 -48.8063 -54.5544 2.8 1.3 0.8 2.5
2018.8767 -45.2675 -49.9989 7.4 1.4 0.9 2.5
2018.8795 -48.2165 -51.4433 4.4 1.2 0.8 2.5
2018.8822 -44.3091 -50.6656 3.7 1.3 0.9 2.6
2018.8849 -44.1616 -51.2211 10.3 1.3 0.8 2.5
2018.8877 -46.5208 -53.2211 9.5 1.2 0.8 2.4
2018.8904 -48.8063 -52.9989 12.1 1.2 0.9 2.5
2018.8932 -50.6494 -51.11 10.4 1.2 0.8 2.5
2018.8959 -49.3961 -51.5544 8 1.2 0.8 2.5
2018.8986 -47.3318 -51.3322 9.8 1.2 0.8 2.5
2018.9014 -45.931 -51.8878 5.8 1.3 0.8 2.5
2018.9041 -50.2071 -50.9989 1.8 1.2 0.8 2.5
2018.9068 -45.931 -51.11 3.6 1.3 0.8 2.5
2018.9096 -47.8479 -51.9989 6.2 1.2 0.8 2.5
2018.9123 -52.64 -51.4433 10.9 1.2 0.8 2.5
2018.9151 -47.9216 -49.9989 10 1.3 0.9 2.7
2018.9178 -48.88 -50.8878 12.7 1.3 0.8 2.5
2018.9205 -45.8573 -50.9989 6 1.4 0.9 2.5
2018.9233 -45.4887 -50.8878 5.1 1.2 0.8 2.5
2018.9260 -46.2996 -52.4433 10.8 1.2 0.8 2.5
2018.9288 -46.0785 -50.8878 8.5 1.2 0.8 2.5
2018.9315 -47.0369 -51.11 9.7 1.2 0.8 2.5
2018.9342 -47.7004 -49.7767 9.6 1.2 0.9 2.6
2018.9370 -44.3828 -50.5545 14 1.2 0.8 2.5
2018.9397 -44.604 -51.2211 9.4 1.2 0.8 2.5
2018.9425 -44.3091 -52.5544 13.9 1.2 0.8 2.5
2018.9452 -42.5396 -51.5544 6.7 1.2 0.8 2.4
2018.9479 -46.5208 -50.7767 0.5 1.3 0.8 2.5
2018.9507 -47.7004 -53.2211 0.2 1.2 0.8 2.4
2018.9534 -46.1522 -53.4433 4 1.3 0.8 2.5
2018.9562 -47.8479 -51.9989 10 1.2 0.8 2.4
2018.9589 -46.4471 -51.11 10.6 1.2 0.8 2.5
2018.9616 -46.0785 -50.7767 3.2 1.2 0.8 2.5
2018.9644 -49.1012 -51.7767 -3.7 1.2 0.8 2.5
2018.9671 -49.9122 -52.6655 4.9 1.2 0.8 2.5
2018.9699 -44.2353 -50.8878 14.9 1.2 0.8 2.5
2018.9726 -45.1938 -53.5544 5.5 1.2 0.8 2.5
2018.9753 -47.4055 -53.11 6.1 1.3 0.8 2.5
2018.9781 -46.9632 -49.9989 1.5 1.2 0.8 2.5
2018.9808 -42.171 -51.4433 -6 1.4 0.8 2.6
2018.9836 -47.553 -50.7767 7.6 1.2 0.8 2.6
2018.9863 -44.2353 -52.2211 11.9 1.3 0.8 2.5
2018.9890 -46.3734 -51.5544 10.5 1.3 0.8 2.5
2018.9918 -44.604 -52.11 8.6 1.2 0.8 2.5
2018.9945 -49.3961 -51.8878 -1.8 1.2 0.8 2.5
2018.9973 -46.1522 -52.6655 8.9 1.2 0.8 2.5
2019.0000 -46.5208 -50.9989 3.6 1.2 0.8 2.5
2019.0027 -46.2996 -50.7767 6.4 1.2 0.8 2.5
2019.0055 -44.9726 -50.6656 6.6 1.2 0.8 2.5
2019.0082 -46.0785 -51.8878 -0.7 1.3 0.8 2.5
2019.0110 -47.7742 -53.5544 -4.9 1.2 0.8 2.5
2019.0137 -46.6683 -50.6656 3.7 1.3 0.9 2.7
2019.0164 -45.4887 -51.11 10.5 1.7 0.9 2.8
2019.0192 -47.9216 -50.8878 6.6 1.8 0.9 2.8
2019.0219 -42.0973 -50.5545 7.7 1.5 0.8 2.6
2019.0247 -47.9953 -50.3322 10.2 1.3 0.8 2.5
2019.0274 -47.4793 -49.8878 6.4 1.3 0.8 2.5
2019.0301 -42.171 -50.11 9.1 1.3 0.8 2.5
2019.0329 -43.6455 -50.11 3.2 1.3 0.8 2.5
2019.0356 -44.604 -49.5545 0.2 1.3 0.8 2.5
2019.0384 -48.9538 -49.4434 2.6 1.3 0.8 2.5
2019.0411 -45.7836 -48.9989 2 1.2 0.8 2.5
2019.0438 -44.9726 -49.7767 0.3 1.3 0.8 2.5
2019.0466 -43.5718 -51.2211 8.6 1.2 0.8 2.5
2019.0493 -45.12 -50.8878 6.5 1.3 0.8 2.5
2019.0521 -42.2447 -47.999 3.7 1.3 0.8 2.5
2019.0548 -44.0879 -48.6656 1.2 1.4 0.8 2.6
2019.0575 -44.7514 -51.5544 3.4 1.3 0.8 2.6
2019.0603 -46.5208 -50.9989 4.9 1.3 0.9 2.6
2019.0630 -47.1106 -50.3322 4.3 1.3 0.8 2.5
2019.0658 -43.4981 -49.6656 3.1 1.3 0.8 2.5
2019.0685 -46.0785 -49.3323 8.1 1.3 0.8 2.5
2019.0712 -44.8251 -51.6656 -1 1.3 0.8 2.5
2019.0740 -45.7836 -50.8878 1.6 1.3 0.8 2.6
2019.0767 -47.1106 -49.5545 9.2 1.3 0.8 2.5
2019.0795 -44.0141 -49.3323 11 1.3 0.8 2.5
2019.0822 -45.5624 -49.6656 6.9 1.3 0.8 2.5
2019.0849 -48.7326 -50.2211 10.1 1.3 0.8 2.5
2019.0877 -43.6455 -52.4433 8 1.3 0.8 2.5
2019.0904 -45.1938 -50.6656 9.9 1.2 0.8 2.4
2019.0932 -48.7326 -49.9989 15.3 1.2 0.8 2.5
2019.0959 -46.6683 -50.4434 14 1.2 0.8 2.5
2019.0986 -45.2675 -48.3323 9.9 1.3 0.8 2.5
2019.1014 -45.6361 -50.7767 9.1 1.3 0.8 2.5
2019.1041 -44.0141 -51.5544 11.1 1.2 0.8 2.4
2019.1068 -46.2259 -49.8878 9 1.3 0.8 2.5
2019.1096 -44.8251 -49.4434 13.8 1.3 0.8 2.5
2019.1123 -45.7098 -47.999 3 1.3 0.8 2.5
2019.1151 -47.4055 -48.2212 4.8 1.2 0.8 2.5
2019.1178 -45.12 -47.5545 1.8 1.3 0.8 2.6
2019.1205 -49.3961 -50.8878 8.1 1.2 0.8 2.4
2019.1233 -46.0047 -51.6656 12.3 1.3 0.8 2.5
2019.1260 -47.0369 -49.5545 8 1.3 0.8 2.5
2019.1288 -45.2675 -50.2211 1 1.3 0.9 2.6
2019.1315 -48.5851 -50.5545 12.3 1.2 0.8 2.5
2019.1342 -46.8157 -49.9989 5.4 1.2 0.8 2.5
2019.1370 -42.8345 -50.2211 6.1 1.2 0.8 2.5
2019.1397 -43.9404 -50.5545 11 1.2 0.8 2.4
2019.1425 -45.6361 -49.1101 8 1.2 0.8 2.5
2019.1452 -47.9216 -50.9989 1.5 1.2 0.8 2.5
2019.1479 -44.4565 -50.9989 11.7 1.2 0.8 2.5
2019.1507 -47.8479 -50.5545 2.4 1.2 0.8 2.5
2019.1534 -43.9404 -49.2212 1.4 1.2 0.8 2.4
2019.1562 -45.931 -50.8878 5.6 1.2 0.8 2.5
2019.1589 -45.12 -50.2211 6.8 1.2 0.8 2.5
2019.1616 -45.5624 -50.3322 7.9 1.2 0.8 2.5
2019.1644 -47.1106 -49.4434 5.6 1.2 0.8 2.5
2019.1671 -43.1294 -49.7767 7.3 1.2 0.8 2.5
2019.1699 -45.4887 -51.3322 6.5 1.2 0.8 2.5
2019.1726 -43.8667 -49.3323 8 1.2 0.8 2.5
2019.1753 -46.3734 -51.3322 4.4 1.2 0.8 2.5
2019.1781 -43.9404 -51.11 3.5 1.2 0.8 2.4
2019.1808 -40.3279 -51.9989 2.3 1.2 0.8 2.5
2019.1836 -41.8024 -48.9989 7.6 1.2 0.8 2.5
2019.1863 -44.8989 -50.8878 9 1.2 0.8 2.5
2019.1890 -44.7514 -51.7767 4.3 1.2 0.8 2.5
2019.1918 -44.604 -51.4433 5.3 1.2 0.8 2.5
2019.1945 -44.0141 -49.8878 4.7 1.2 0.8 2.4
2019.1973 -42.0973 -50.3322 3.6 1.2 0.8 2.5
2019.2000 -43.6455 -52.4433 1.6 1.2 0.8 2.5
2019.2027 -46.6683 -54.4433 3.4 1.2 0.8 2.5
2019.2055 -45.4149 -50.6656 -0.4 1.2 0.8 2.5
2019.2082 -42.7608 -50.9989 6.8 1.4 0.8 2.6
2019.2110 -42.9083 -51.11 2.5 1.2 0.8 2.4
2019.2137 -45.7098 -52.6655 2.3 1.2 0.8 2.4
2019.2164 -43.1294 -51.5544 8.5 1.2 0.8 2.5
2019.2192 -44.1616 -52.11 2.2 1.2 0.8 2.5
2019.2219 -43.1294 -53.3322 2.2 1.2 0.8 2.5
2019.2247 -43.0557 -50.8878 9.9 1.2 0.8 2.4
2019.2274 -43.3506 -50.3322 -1 1.2 0.8 2.5
2019.2301 -47.2581 -50.9989 0.4 1.2 0.8 2.4
2019.2329 -48.2902 -52.4433 2.4 1.2 0.8 2.5
2019.2356 -46.0047 -52.3322 4.8 1.2 0.8 2.5
2019.2384 -46.5208 -50.5545 6.7 1.2 0.8 2.5
2019.2411 -47.3318 -52.4433 6.9 1.2 0.8 2.4
2019.2438 -45.4887 -52.2211 0.2 1.3 0.9 2.6
2019.2466 -43.4981 -51.5544 -2 1.2 0.8 2.5
2019.2493 -47.6267 -52.2211 4.1 1.2 0.8 2.5
2019.2521 -47.9953 -55.3321 9.7 1.2 0.8 2.5
2019.2548 -48.6589 -51.11 2.8 1.2 0.8 2.5
2019.2575 -46.5945 -52.5544 -0.5 1.2 0.8 2.5
2019.2603 -43.3506 -53.5544 11.5 1.2 0.8 2.5
2019.2630 -43.0557 -54.5544 8 1.2 0.8 2.5
2019.2658 -46.1522 -50.6656 5.4 1.2 0.9 2.6
2019.2685 -45.931 -50.9989 0.2 1.2 0.8 2.5
2019.2712 -46.6683 -54.5544 1.7 1.2 0.8 2.6
2019.2740 -49.9122 -54.4433 9.8 1.3 0.9 2.6
2019.2767 -46.5945 -51.7767 7.5 1.2 0.8 2.5
2019.2795 -44.1616 -52.9989 2.5 1.2 0.8 2.6
2019.2822 -48.2165 -52.3322 10.5 1.2 0.8 2.5
2019.2877 -43.7192 -51.9989 8.1 1.2 0.8 2.5
2019.2904 -44.4565 -54.1099 6.8 1.2 0.8 2.5
2019.2932 -44.5302 -53.7766 13.5 1.2 0.8 2.5
2019.2959 -43.7192 -53.7766 5.6 1.3 0.8 2.5
2019.2986 -48.88 -53.9988 4.9 1.2 0.8 2.5
2019.3014 -48.5114 -51.3322 -4.1 1.2 0.8 2.5
2019.3041 -44.3091 -52.3322 6.3 1.2 0.8 2.5
2019.3068 -48.2902 -53.11 2.3 1.2 0.8 2.5
2019.3096 -47.6267 -54.2211 3.9 1.2 0.8 2.5
2019.3123 -48.2165 -52.11 1.6 1.2 0.8 2.5
2019.3151 -48.1428 -51.2211 2.4 1.2 0.8 2.5
2019.3178 -49.2487 -53.3322 6.8 1.1 0.8 2.5
2019.3205 -45.0463 -51.11 -0.9 1.2 0.8 2.4
2019.3233 -47.6267 -52.7766 5.7 1.2 0.8 2.4
2019.3260 -47.7004 -53.6655 6.7 1.2 0.8 2.4
2019.3288 -44.1616 -54.6655 13 1.3 0.9 2.6
2019.3315 -48.5851 -54.2211 8.4 1.1 0.8 2.4
2019.3342 -47.553 -54.3322 8.5 1.3 0.8 2.6
2019.3370 -44.4565 -53.5544 7.6 1.2 0.8 2.6
2019.3397 -46.0785 -55.6655 8.7 1.3 0.9 2.5
2019.3425 -47.4055 -53.6655 10.8 1.2 0.8 2.5
2019.3452 -47.7004 -54.3322 14.4 1.2 0.8 2.5
2019.3479 -46.1522 -53.7766 3.4 1.4 1.0 2.9
2019.3507 -45.3412 -54.2211 10.1 1.2 0.9 2.5
2019.3534 -45.5624 -54.8877 7 1.3 0.9 2.7
2019.3562 -46.0047 -57.221 9.5 1.2 0.8 2.5
2019.3589 -46.4471 -54.7766 6.2 1.2 0.8 2.4
2019.3616 -44.4565 -53.5544 7 1.2 0.8 2.5
2019.3644 -44.0141 -55.8877 10.5 1.2 0.8 2.5
2019.3671 -44.7514 -54.6655 7.6 1.3 0.8 2.5
2019.3699 -47.1106 -54.9988 9.7 1.2 0.8 2.4
2019.3726 -45.5624 -55.4432 14.7 1.2 0.8 2.5
2019.3753 -44.0879 -53.4433 14.8 1.2 0.8 2.5
2019.3781 -46.0047 -55.3321 13.9 1.2 0.8 2.5
2019.3808 -46.6683 -54.2211 11.6 1.2 0.8 2.5
2019.3836 -47.1843 -56.3321 7.1 1.4 0.8 2.5
2019.3863 -48.6589 -53.3322 14.5 1.2 0.8 2.5
2019.3890 -48.7326 -55.221 5.9 1.2 0.8 2.5
2019.3918 -47.3318 -53.4433 7.7 1.2 0.8 2.5
2019.3945 -50.6494 -51.9989 5.2 1.2 0.8 2.5
2019.3973 -45.4149 -54.1099 7 1.2 0.8 2.5
2019.4000 -45.0463 -55.4432 8.7 1.2 0.8 2.5
2019.4027 -46.4471 -54.1099 10.2 1.2 0.8 2.5
2019.4055 -45.931 -56.7766 14.8 1.2 0.8 2.5
2019.4082 -46.5945 -57.1099 11.4 1.2 0.8 2.5
2019.4110 -46.8894 -55.5544 5.7 1.2 0.8 2.4
2019.4137 -46.2259 -54.7766 8.2 1.2 0.8 2.5
2019.4164 -44.604 -56.221 7.5 1.2 0.8 2.5
2019.4192 -43.1294 -56.6654 7 1.4 0.8 2.5
2019.4219 -48.7326 -59.3321 16 1.2 0.8 2.5
2019.4247 -46.9632 -57.5543 5.4 1.2 0.8 2.4
2019.4274 -45.4887 -56.7766 8.3 1.2 0.8 2.5
2019.4301 -40.4016 -56.6654 11.3 1.3 0.8 2.6
2019.4329 -46.6683 -56.6654 9.1 1.4 0.9 2.6
2019.4356 -48.4377 -56.7766 8.7 1.2 0.8 2.5
2019.4384 -39.8118 -56.3321 9.7 1.2 0.8 2.4
2019.4411 -46.5208 -57.1099 12.5 1.2 0.8 2.5
2019.4438 -48.6589 -55.7766 9.2 1.2 0.8 2.5
2019.4466 -47.9953 -56.5543 4.3 1.2 0.8 2.5
2019.4493 -49.7647 -57.3321 15.4 1.2 0.8 2.5
2019.4521 -42.5396 -56.3321 14.6 1.2 0.8 2.4
2019.4548 -45.7098 -57.9987 13.1 1.2 0.8 2.4
2019.4575 -46.5208 -55.5544 5.4 1.2 0.8 2.5
2019.4603 -47.1106 -57.5543 11.9 1.2 0.8 2.5
2019.4630 -51.6816 -54.3322 6.3 1.2 0.8 2.5
2019.4658 -45.0463 -54.7766 16.6 1.3 0.9 2.6
2019.4685 -53.5247 -55.5544 2.1 1.3 0.9 2.5
2019.4712 -47.553 -63.8875 15.9 1.3 0.8 2.5
2019.4740 -47.4793 -55.5544 9.4 1.2 0.8 2.5
2019.4767 -49.3961 -57.7765 9.5 1.4 0.9 2.6
2019.4795 -47.9953 -56.3321 10.5 1.2 0.8 2.4
2019.4822 -49.1749 -57.221 9.8 1.2 0.8 2.5
2019.4849 -47.2581 -55.5544 8.7 1.3 0.9 2.5
2019.4877 -49.9122 -57.7765 9.5 1.2 0.8 2.5
2019.4904 -45.3412 -54.6655 4.4 1.2 0.8 2.5
2019.4932 -50.7969 -54.5544 2.2 1.2 0.8 2.4
2019.4959 -50.6494 -54.5544 5.9 1.2 0.8 2.4
2019.4986 -51.6079 -57.5543 6 1.2 0.8 2.4
2019.5014 -50.1334 -57.7765 -3.1 1.2 0.8 2.4
2019.5041 -50.502 -56.9988 6.1 1.2 0.8 2.4
2019.5068 -49.9122 -57.221 7.7 1.4 0.9 2.6
2019.5096 -47.9216 -54.6655 -4.2 1.2 0.8 2.4
2019.5123 -46.2996 -56.221 9.9 1.2 0.8 2.4
2019.5151 -50.0596 -56.9988 3.4 1.2 0.8 2.4
2019.5178 -45.4887 -54.8877 14.3 1.2 0.8 2.4
2019.5205 -48.6589 -56.4432 10.2 1.3 0.8 2.4
2019.5233 -44.5302 -58.1099 8.5 1.3 0.8 2.5
2019.5260 -47.2581 -56.7766 13.3 1.2 0.8 2.4
2019.5288 -48.0691 -54.3322 7.8 1.2 0.8 2.4
2019.5315 -51.313 -56.221 7.9 1.3 0.8 2.5
2019.5342 -46.6683 -54.1099 8.3 1.2 0.8 2.5
2019.5370 -45.4149 -54.5544 5.5 1.2 0.8 2.5
2019.5397 -50.502 -57.1099 10.8 1.2 0.8 2.5
2019.5425 -37.0102 -55.221 6.2 1.3 0.8 2.5
2019.5452 -50.5757 -56.6654 11.5 1.3 0.8 2.5
2019.5479 -52.64 -56.221 11.3 1.3 0.8 2.5
2019.5507 -46.8894 -54.2211 4.9 1.2 0.8 2.5
2019.5534 -46.2259 -59.2209 3.3 1.3 0.9 2.5
2019.5562 -39.6643 -54.3322 5.3 1.3 0.8 2.5
2019.5589 -49.7647 -54.3322 13.5 1.3 0.8 2.5
2019.5616 -46.5945 -53.11 8.9 1.3 0.8 2.5
2019.5644 -48.2165 -55.1099 4.9 1.2 0.8 2.4
2019.5671 -47.7742 -56.221 0.3 1.3 0.8 2.4
2019.5699 -44.2353 -54.4433 6.1 1.2 0.8 2.4
2019.5726 -50.2071 -56.9988 9.4 1.2 0.8 2.4
2019.5753 -48.1428 -55.3321 7.2 1.2 0.8 2.5
2019.5781 -56.0314 -54.3322 9.2 1.2 0.8 2.4
2019.5808 -49.1749 -56.6654 7.2 1.3 0.8 2.5
2019.5836 -47.9216 -56.6654 5.9 1.2 0.8 2.4
2019.5863 -48.7326 -55.7766 6.7 1.3 0.8 2.5
2019.5890 -49.8385 -53.9988 5 1.3 0.8 2.4
2019.5918 -49.2487 -56.9988 14.2 1.3 0.8 2.5
2019.5945 -45.8573 -54.5544 4.3 1.2 0.8 2.5
2019.5973 -51.1655 -54.4433 8.5 1.2 0.8 2.5
2019.6000 -48.0691 -57.1099 5.7 1.3 0.8 2.5
2019.6027 -47.4055 -55.5544 14 1.3 0.8 2.5
2019.6055 -48.4377 -56.6654 6.1 1.2 0.8 2.4
2019.6082 -44.604 -54.8877 8.1 1.3 0.8 2.6
2019.6110 -50.502 -57.9987 8.2 1.3 0.8 2.6
2019.6137 -49.1749 -54.9988 4.4 1.2 0.8 2.4
2019.6164 -51.4604 -56.5543 8.4 1.3 0.8 2.5
2019.6192 -50.7232 -56.9988 12.8 1.3 0.9 2.5
2019.6219 -45.7098 -56.1099 20.4 1.2 0.8 2.4
2019.6247 -50.6494 -59.3321 11.1 1.3 0.8 2.5
2019.6274 -48.88 -58.4432 9.5 1.2 0.8 2.4
2019.6301 -51.3867 -56.4432 4.4 1.2 0.8 2.4
2019.6329 -52.7138 -56.7766 11.3 1.3 0.8 2.5
2019.6356 -53.0087 -58.7765 11.2 1.2 0.8 2.5
2019.6384 -51.5342 -59.5543 23.9 1.2 0.8 2.4
2019.6411 -51.7553 -57.8876 6.3 1.2 0.8 2.5
2019.6438 -46.0047 -60.1098 14.1 1.2 0.8 2.5
2019.6466 -48.2902 -59.1098 9.1 1.3 0.9 2.6
2019.6493 -47.6267 -58.6654 14.6 1.2 0.8 2.4
2019.6521 -52.2714 -58.4432 11.9 1.2 0.8 2.4
2019.6548 -48.1428 -58.221 11.6 1.2 0.8 2.4
2019.6575 -48.4377 -58.8876 12.9 1.2 0.8 2.5
2019.6603 -49.2487 -59.1098 7.6 1.2 0.8 2.5
2019.6630 -52.0502 -59.2209 12.1 1.2 0.8 2.5
2019.6658 -49.8385 -60.5542 10.3 1.2 0.8 2.4
2019.6685 -53.1561 -60.4431 8.7 1.2 0.8 2.4
2019.6712 -53.3773 -58.8876 -0.6 1.2 0.8 2.4
2019.6740 -52.7138 -58.5543 8.8 1.7 1.1 3.3
2019.6795 -55.1467 -59.8876 11 1.2 0.8 2.5
2019.6822 -50.0596 -58.3321 11.1 1.2 0.8 2.5
2019.6849 -44.9726 -59.9987 14.1 1.2 0.8 2.4
2019.6877 -49.6173 -60.7765 2.3 1.2 0.8 2.5
2019.6904 -55.2204 -59.2209 11.6 1.2 0.8 2.5
2019.6932 -53.9671 -58.9987 8.4 1.4 0.8 2.5
2019.6959 -48.364 -60.2209 6.6 1.2 0.8 2.4
2019.6986 -46.742 -61.2209 19.2 1.2 0.8 2.5
2019.7014 -58.1695 -60.8876 5.2 1.2 0.8 2.4
2019.7041 -56.2526 -58.7765 19.4 1.2 0.8 2.5
2019.7068 -52.0502 -57.3321 5.6 1.2 0.8 2.4
2019.7096 -51.6079 -56.221 8 1.2 0.8 2.4
2019.7123 -49.4698 -57.5543 3.4 1.3 0.8 2.4
2019.7151 -49.9122 -57.8876 6.4 1.2 0.8 2.4
2019.7178 -50.2071 -57.4432 4.4 1.2 0.8 2.4
2019.7205 -49.8385 -57.3321 5 1.2 0.9 2.5
2019.7233 -48.7326 -56.6654 5.8 1.2 0.9 2.6
2019.7260 -49.691 -60.6654 17.6 1.2 0.8 2.5
2019.7288 -49.9859 -60.2209 19.5 1.2 0.8 2.5
2019.7315 -52.4189 -58.4432 9.8 1.2 0.8 2.4
2019.7342 -52.7138 -59.8876 5.2 1.2 0.8 2.4
2019.7370 -46.8157 -58.4432 2.8 1.2 0.8 2.5
2019.7397 -50.2071 -59.4432 12.4 1.2 0.8 2.4
2019.7425 -50.4283 -56.5543 8.5 1.2 0.8 2.6
2019.7452 -49.0275 -57.4432 8.4 1.2 0.8 2.5
2019.7479 -48.5851 -57.1099 9.4 1.2 0.8 2.4
2019.7507 -47.553 -57.7765 8.2 1.2 0.8 2.5
2019.7534 -49.0275 -58.3321 9.4 1.3 0.8 2.5
2019.7562 -49.6173 -58.6654 12 1.3 0.9 2.5
2019.7589 -51.8291 -59.9987 12.5 1.3 0.8 2.6
2019.7616 -47.553 -59.1098 9.6 1.2 0.8 2.4
2019.7644 -48.8063 -58.4432 2.6 1.2 0.8 2.4
2019.7671 -50.1334 -59.6654 14.9 1.2 0.8 2.5
2019.7699 -57.0636 -58.6654 5.5 1.2 0.8 2.5
2019.7726 -52.3451 -59.2209 8.4 1.2 0.8 2.5
2019.7753 -47.4055 -59.2209 9 1.2 0.9 2.5
2019.7781 -50.1334 -60.7765 13.2 1.2 0.8 2.5
2019.7808 -52.2714 -60.332 7.5 1.2 0.8 2.5
2019.7836 -50.2071 -58.5543 12.4 1.2 0.8 2.5
2019.7863 -52.1977 -59.8876 4.2 1.2 0.8 2.5
2019.7890 -51.0918 -58.7765 8 1.2 0.8 2.5
2019.7918 -51.3867 -60.7765 10.3 1.2 0.8 2.5
2019.7945 -51.1655 -59.2209 11.7 1.2 0.8 2.5
2019.7973 -54.7781 -58.1099 5.4 1.3 0.9 2.7
2019.8000 -53.451 -60.8876 8.9 1.2 0.8 2.5
2019.8027 -51.7553 -58.5543 3.4 1.2 0.8 2.4
2019.8055 -52.9349 -59.2209 8.5 1.2 0.8 2.5
2019.8082 -57.4322 -61.332 9.6 1.2 0.8 2.4
2019.8110 -54.4095 -57.3321 0.9 1.2 0.8 2.5
2019.8137 -50.2808 -60.8876 3.7 1.2 0.8 2.4
2019.8164 -57.8008 -59.9987 16.1 1.2 0.8 2.4
2019.8192 -54.262 -59.7765 6 1.2 0.8 2.5
2019.8219 -51.3867 -60.332 2.7 1.2 0.8 2.5
2019.8247 -48.2902 -61.2209 4 1.2 0.8 2.5
2019.8274 -50.1334 -60.9987 11.3 1.2 0.8 2.5
2019.8301 -51.5342 -61.2209 4.8 1.2 0.8 2.5
2019.8329 -54.9255 -60.5542 12.2 1.2 0.8 2.6
2019.8356 -53.0087 -61.2209 4.4 1.2 0.8 2.5
2019.8384 -52.3451 -60.8876 2.1 1.2 0.8 2.5
2019.8411 -52.4926 -59.9987 5.4 1.2 0.8 2.4
2019.8438 -53.451 -57.9987 -1.8 1.2 0.8 2.4
2019.8466 -54.9255 -57.9987 6.1 1.3 0.8 2.6
2019.8493 -53.3773 -60.8876 -2.9 2.8 1.4 4.1
2019.8521 -53.8934 -59.6654 5.7 1.2 0.8 2.5
2019.8548 -51.8291 -59.9987 -0.6 1.2 0.8 2.5
2019.8575 -51.0918 -58.1099 6 1.2 0.8 2.5
2019.8603 -51.2393 -57.7765 8.2 1.2 0.8 2.5
2019.8630 -53.6722 -59.4432 10.3 1.2 0.8 2.5
2019.8658 -54.0408 -59.5543 6.3 1.3 0.8 2.5
2019.8685 -52.5663 -60.2209 9.2 1.2 0.8 2.5
2019.8712 -55.2204 -59.9987 -1.3 1.2 0.8 2.5
2019.8740 -49.2487 -58.4432 2.7 1.2 0.8 2.5
2019.8767 -53.8934 -59.2209 9.8 1.2 0.8 2.5
2019.8795 -49.0275 -57.3321 4.6 1.3 0.8 2.5
2019.8822 -53.6722 -57.9987 -3.6 1.2 0.8 2.5
2019.8849 -54.9255 -59.1098 16.1 1.2 0.8 2.5
2019.8877 -51.8291 -58.1099 6.7 1.3 0.8 2.5
2019.8904 -51.7553 -59.3321 4.4 1.2 0.8 2.5
2019.8932 -51.9765 -59.7765 14.3 1.2 0.8 2.5
2019.8959 -51.2393 -59.3321 7.1 1.4 0.9 2.6
2019.8986 -58.6855 -58.7765 2.9 1.2 0.8 2.5
2019.9014 -54.3357 -58.8876 7.9 1.2 0.8 2.5
2019.9041 -54.5569 -58.1099 6.6 1.2 0.8 2.5
2019.9068 -51.313 -59.8876 7.2 1.4 0.8 2.6
2019.9096 -53.6722 -60.2209 8.2 1.2 0.9 2.6
2019.9123 -53.5985 -58.8876 7.9 1.3 0.9 2.5
2019.9151 -55.5153 -60.7765 6.5 1.2 0.8 2.5
2019.9178 -52.8612 -60.332 6.5 1.2 0.8 2.4
2019.9205 -51.4604 -60.7765 8.9 1.2 0.8 2.5
2019.9233 -53.7459 -59.5543 6.7 1.2 0.8 2.5
2019.9260 -53.9671 -60.5542 8.7 1.2 0.8 2.5
2019.9288 -51.1655 -59.8876 8 1.2 0.8 2.5
2019.9315 -53.8196 -59.5543 11.9 1.2 0.8 2.5
2019.9342 -53.7459 -57.7765 5.2 1.2 0.8 2.5
2019.9370 -52.8612 -59.2209 12.6 1.2 0.8 2.5
2019.9397 -50.2808 -58.9987 3.9 1.2 0.8 2.5
2019.9425 -54.9255 -59.1098 1.4 1.2 0.8 2.4
2019.9452 -55.5891 -58.4432 2.6 1.2 0.8 2.5
2019.9479 -53.9671 -57.8876 10.5 1.2 0.8 2.5
2019.9507 -54.6306 -59.2209 2.7 1.2 0.8 2.5
2019.9534 -53.2298 -59.5543 2.8 1.3 0.9 2.7
2019.9562 -55.5891 -59.5543 9.8 1.4 0.9 2.6
2019.9589 -54.1883 -59.6654 7.6 1.2 0.8 2.5
2019.9616 -53.3773 -61.4431 10.3 1.2 0.8 2.5
2019.9644 -52.9349 -58.9987 3.2 1.3 0.8 2.6
2019.9671 -51.4604 -58.4432 9.6 1.3 0.8 2.6
2019.9699 -54.1883 -59.8876 5.5 1.3 0.8 2.6
2019.9726 -51.1655 -60.7765 4.7 1.2 0.8 2.5
2019.9753 -53.3036 -60.332 8.2 1.3 0.9 2.6
2019.9781 -50.4283 -58.221 7.6 1.3 0.8 2.5
2019.9808 -54.1145 -58.7765 1.9 1.3 0.8 2.5
2019.9836 -53.6722 -60.6654 8.4 1.2 0.8 2.5
2019.9863 -56.1051 -60.6654 6.1 1.3 0.8 2.5
2019.9890 -54.7044 -58.9987 5.2 1.2 0.8 2.5
2019.9918 -53.6722 -59.4432 5.8 1.3 0.8 2.6
2019.9945 -55.6628 -58.221 4 1.2 0.8 2.5
2019.9973 -52.4926 -58.1099 6 1.2 0.8 2.5
2020.0000 -53.5247 -60.6654 1 1.2 0.8 2.5
2020.0027 -63.1828 -60.6654 -7.1 1.3 0.8 2.5
2020.0055 -51.6079 -59.3321 2.6 1.2 0.8 2.5
2020.0082 -55.9577 -59.2209 5.2 1.3 0.8 2.5
2020.0110 -55.3679 -58.3321 3.2 1.3 0.8 2.6
2020.0137 -58.1695 -59.5543 6.6 1.3 0.8 2.5
2020.0164 -54.4832 -57.6654 2 1.3 0.8 2.5
2020.0192 -50.6494 -59.2209 1.4 1.3 0.8 2.6
2020.0219 -62.0032 -58.9987 8.3 1.2 0.8 2.5
2020.0247 -51.4604 -59.1098 10 1.3 0.8 2.6
2020.0274 -52.9349 -57.9987 4.6 1.3 0.8 2.6
2020.0301 -50.8706 -61.5542 0.7 1.2 0.8 2.5
2020.0329 -52.8612 -60.9987 9.2 1.2 0.8 2.5
2020.0356 -53.3773 -59.8876 7.3 1.2 0.8 2.5
2020.0384 -53.6722 -59.1098 4.4 1.2 0.8 2.5
2020.0411 -49.8385 -58.3321 7.4 1.2 0.8 2.5
2020.0438 -52.0502 -59.7765 12.9 1.3 0.8 2.5
2020.0466 -51.1655 -58.1099 8.2 1.3 0.8 2.5
2020.0493 -53.7459 -57.7765 8.4 1.2 0.8 2.5
2020.0521 -53.9671 -58.8876 1.2 1.2 0.8 2.5
2020.0548 -54.5569 -58.1099 6.8 1.2 0.8 2.5
2020.0575 -53.3773 -60.4431 13.5 1.2 0.8 2.5
2020.0603 -50.2071 -59.4432 -0.1 1.2 0.8 2.5
2020.0630 -56.4 -59.7765 4.5 1.2 0.8 2.5
2020.0658 -53.8196 -59.5543 1.8 1.3 0.8 2.6
2020.0685 -55.073 -58.7765 5.1 1.2 0.8 2.5
2020.0712 -51.6079 -58.5543 6.1 1.3 0.9 2.5
2020.0740 -52.8612 -61.5542 9.5 1.2 0.8 2.5
2020.0767 -53.8196 -58.9987 6.7 1.2 0.8 2.5
2020.0795 -53.6722 -59.8876 0.5 1.2 0.8 2.5
2020.0822 -55.1467 -58.3321 -5.1 1.2 0.8 2.5
2020.0849 -47.1843 -58.6654 -2.8 1.3 0.8 2.5
2020.0877 -53.0824 -56.6654 -11.7 1.2 0.8 2.5
2020.0904 -53.451 -57.221 3.1 1.2 0.8 2.5
2020.0932 -55.2204 -59.6654 4.9 1.2 0.8 2.5
2020.0959 -56.6949 -57.7765 2.6 1.2 0.8 2.5
2020.0986 -54.9255 -60.2209 6.2 1.3 0.8 2.5
2020.1014 -53.451 -59.7765 6.4 1.2 0.9 2.5
2020.1041 -56.8424 -59.5543 6.2 1.2 0.8 2.5
2020.1068 -55.073 -57.9987 -2.5 1.2 0.8 2.5
2020.1096 -51.7553 -56.5543 1.5 1.2 0.9 2.6
2020.1123 -53.8196 -57.221 10.9 1.6 0.9 3.0
2020.1178 -55.073 -56.3321 9.6 1.2 0.8 2.5
2020.1205 -50.9444 -60.8876 8 1.3 0.8 2.5
2020.1233 -51.0918 -59.9987 13.3 1.3 0.8 2.6
2020.1260 -55.7365 -59.9987 6.3 1.2 0.8 2.5
2020.1288 -54.9255 -57.6654 3.1 1.2 0.8 2.5
2020.1315 -54.3357 -58.1099 7 1.2 0.8 2.5
2020.1342 -49.9859 -58.4432 -0.5 1.2 0.9 2.6
2020.1370 -52.1977 -58.3321 8.7 1.2 0.8 2.5
2020.1397 -53.1561 -59.7765 7.3 1.3 0.9 2.6
2020.1425 -51.2393 -58.4432 5.5 1.2 0.8 2.6
2020.1452 -56.0314 -59.3321 4.3 1.2 0.8 2.5
2020.1479 -55.2204 -60.332 3.6 1.2 0.9 2.6
2020.1507 -56.5475 -59.1098 -5 1.2 0.8 2.5
2020.1534 -52.4926 -58.7765 7.1 1.2 0.8 2.5
2020.1562 -52.1977 -58.221 6.6 1.2 0.8 2.5
2020.1589 -51.7553 -58.9987 8.5 1.2 0.8 2.5
2020.1616 -55.884 -59.8876 -0.1 1.2 0.8 2.5
2020.1644 -55.2204 -61.5542 2.5 1.2 0.8 2.5
2020.1671 -53.451 -59.2209 8.1 1.2 0.8 2.5
2020.1699 -54.1145 -61.2209 6.9 1.2 0.8 2.5
2020.1726 -56.9898 -59.1098 7.1 1.3 0.8 2.6
2020.1753 -57.0636 -58.8876 2.2 1.3 0.9 2.7
2020.1781 -56.2526 -59.9987 7.6 1.2 0.8 2.5
2020.1808 -52.7875 -59.2209 7.6 1.2 0.8 2.5
2020.1836 -53.5247 -58.9987 8.2 1.2 0.8 2.5
2020.1863 -50.9444 -59.2209 6.3 1.2 0.8 2.5
2020.1890 -58.2432 -60.1098 10.3 1.3 0.8 2.6
2020.1918 -52.0502 -59.3321 9.5 1.2 0.8 2.6
2020.1945 -56.6212 -57.9987 6.1 1.2 0.8 2.6
2020.1973 -53.2298 -59.1098 10.2 1.3 0.8 2.7
2020.2000 -55.9577 -58.4432 9.7 1.2 0.8 2.6
2020.2027 -57.8746 -59.3321 10.1 1.2 0.8 2.7
2020.2055 -60.16 -58.1099 10.7 1.3 0.9 2.7
2020.2082 -55.884 -59.4432 5.5 1.2 0.8 2.6
2020.2110 -56.6949 -60.1098 7.2 1.2 0.9 2.6
2020.2137 -54.4095 -57.8876 11.4 1.2 0.9 2.7
2020.2164 -53.1561 -60.1098 12.8 1.4 1.0 3.0
2020.2192 -53.5985 -59.3321 -0.7 1.4 0.9 2.7
2020.2219 -56.1789 -59.9987 5.4 1.2 0.9 2.6
2020.2247 -58.3169 -58.7765 -2.1 1.2 0.9 2.7
2020.2274 -54.9255 -61.2209 8.9 1.3 0.9 2.7
2020.2301 -55.8102 -59.3321 7.1 1.3 0.9 2.7
2020.2329 -53.0087 -58.221 5.5 1.2 0.8 2.6
2020.2356 -55.7365 -58.5543 6 1.2 0.8 2.6
2020.2384 -56.4738 -60.2209 6.6 1.2 0.8 2.6
2020.2411 -56.7687 -58.5543 5.2 1.2 0.8 2.6
2020.2438 -57.2847 -61.332 13.7 1.2 0.8 2.7
2020.2466 -60.0863 -58.221 0.5 1.2 0.8 2.6
2020.2493 -56.4738 -58.8876 5.6 1.2 0.8 2.6
2020.2521 -58.5381 -58.7765 8.5 1.3 0.8 2.6
2020.2548 -57.211 -59.1098 10.4 1.2 0.8 2.6
2020.2575 -57.6534 -58.8876 9.6 1.2 0.8 2.6
2020.2603 -54.9993 -59.5543 4.3 1.4 0.8 2.7
2020.2630 -57.211 -60.2209 6.3 1.2 0.8 2.6
2020.2658 -59.5702 -60.6654 4.6 1.2 0.8 2.6
2020.2685 -56.6949 -57.9987 2.8 1.2 0.8 2.6
2020.2712 -59.1279 -59.2209 3.8 1.2 0.8 2.6
2020.2740 -55.5891 -61.332 6.2 1.2 0.8 2.6
2020.2767 -57.5059 -61.5542 4.3 1.2 0.9 2.7
2020.2795 -57.5797 -60.1098 4.2 1.2 0.8 2.6
2020.2822 -59.0542 -61.4431 4.6 1.2 0.9 2.7
2020.2849 -55.6628 -60.332 6.8 1.2 0.9 2.6
2020.2877 -58.022 -62.332 5.8 1.2 0.9 2.7
2020.2904 -55.6628 -60.6654 4 1.2 0.9 2.6
2020.2932 -56.6212 -62.4431 11 1.2 0.8 2.7
2020.2959 -56.4738 -60.7765 13.1 1.2 0.9 2.6
2020.2986 -55.8102 -63.332 6.1 1.2 0.9 2.6
2020.3014 -58.6118 -63.1097 11.9 1.2 0.9 2.6
2020.3041 -54.1145 -63.5542 8.5 1.2 0.9 2.7
2020.3068 -56.2526 -62.8875 10.9 1.2 0.9 2.6
2020.3096 -55.9577 -63.2209 3.6 1.2 0.9 2.7
2020.3123 -57.1373 -61.5542 9.7 1.3 0.9 2.7
2020.3151 -57.8746 -60.6654 7.5 1.3 0.9 2.7
2020.3178 -55.3679 -63.4431 3.4 1.2 0.8 2.6
2020.3205 -55.2204 -63.1097 10.9 1.2 0.8 2.6
2020.3233 -57.2847 -62.4431 6.2 1.3 0.9 2.7
2020.3260 -57.7271 -61.332 4.4 1.3 0.9 2.7
2020.3288 -55.2204 -62.7764 8.6 1.2 0.8 2.6
2020.3315 -57.5797 -63.1097 5.7 1.2 0.8 2.6
2020.3342 -53.3773 -63.7764 6.8 1.2 0.8 2.7
2020.3370 -54.0408 -63.2209 9.5 1.2 0.8 2.7
2020.3397 -55.073 -65.9986 8 1.2 0.8 2.6
2020.3425 -56.9898 -61.4431 4.8 1.2 0.8 2.7
2020.3452 -55.5891 -61.8876 3.1 1.2 0.9 2.7
2020.3479 -54.7781 -64.5542 1.9 1.2 0.8 2.7
2020.3507 -55.4416 -62.7764 6 1.2 0.8 2.6
2020.3534 -57.1373 -64.7764 13.4 1.3 0.8 2.7
2020.3562 -54.4095 -61.7764 6.4 1.3 0.9 2.8
2020.3589 -54.5569 -62.1098 7.2 1.3 0.8 2.8
2020.3616 -56.4 -62.6653 11.4 1.2 0.8 2.6
2020.3644 -51.6079 -65.6653 10.5 1.2 0.8 2.7
2020.3671 -56.6949 -64.8875 12.9 1.4 0.8 2.7
2020.3699 -56.8424 -64.1097 5.3 1.2 0.8 2.6
2020.3726 -55.1467 -62.7764 5.9 1.3 0.8 2.7
2020.3753 -53.1561 -63.2209 -2.6 1.3 0.8 2.6
2020.3781 -57.0636 -64.1097 9.1 1.3 0.8 2.7
2020.3808 -53.8934 -65.2208 13.8 1.2 0.8 2.7
2020.3836 -58.5381 -60.8876 10.2 1.3 0.8 2.7
2020.3863 -56.6949 -64.7764 6.9 1.3 0.8 2.7
2020.3890 -56.6949 -63.7764 11.2 1.3 0.9 2.7
2020.3918 -56.6949 -64.1097 8.7 1.3 0.8 2.7
2020.3945 -54.3357 -63.8875 11.2 1.3 0.8 2.6
2020.3973 -56.0314 -63.9986 11.9 1.2 0.8 2.6
2020.4000 -54.4095 -63.332 9.8 1.4 0.8 2.7
2020.4027 -55.1467 -62.7764 16.1 1.4 0.8 2.6
2020.4055 -59.0542 -61.9987 7.3 1.3 0.8 2.6
2020.4082 -54.1883 -65.6653 7.5 1.3 0.8 2.7
2020.4110 -52.7875 -65.443 13.9 1.2 0.8 2.6
2020.4137 -50.502 -64.9986 13.3 1.3 0.8 2.6
2020.4164 -51.2393 -62.7764 12.8 1.3 0.8 2.6
2020.4192 -55.073 -64.3319 11.9 1.3 0.8 2.6
2020.4219 -53.451 -64.3319 6.9 1.3 0.8 2.6
2020.4247 -55.8102 -62.9986 4.2 1.5 0.9 2.8
2020.4274 -55.3679 -64.6653 15.8 1.4 0.9 3.0
2020.4301 -54.7781 -64.7764 9.5 1.3 0.9 2.7
2020.4329 -54.262 -61.2209 15.8 1.3 0.9 2.7
2020.4356 -56.6949 -64.3319 16.6 1.3 0.8 2.7
2020.4384 -57.0636 -62.4431 12.5 1.3 0.8 2.7
2020.4411 -53.7459 -65.443 13.5 1.3 0.8 2.7
2020.4438 -56.4738 -63.8875 4.5 1.3 0.8 2.7
2020.4466 -58.3169 -65.3319 9.7 1.3 0.8 2.7
2020.4493 -55.6628 -62.6653 9.1 1.3 0.8 2.7
2020.4521 -54.0408 -63.1097 6.3 1.3 0.8 2.6
2020.4548 -55.6628 -64.4431 15 1.3 0.8 2.6
2020.4575 -53.1561 -63.5542 14.8 1.3 0.8 2.7
2020.4603 -56.6212 -61.7764 6.4 1.3 0.8 2.7
2020.4630 -54.0408 -61.6653 2.7 1.3 0.8 2.7
2020.4658 -53.5247 -63.5542 7.6 1.3 0.8 2.7
2020.4685 -53.9671 -64.5542 18 1.3 0.8 2.7
2020.4712 -59.8651 -64.7764 13 1.3 0.8 2.7
2020.4740 -54.9993 -65.7764 14.8 1.4 0.9 2.7
2020.4767 -56.9898 -63.9986 19 1.3 0.8 2.7
2020.4795 -57.8746 -64.1097 17.8 1.3 0.8 2.6
2020.4822 -57.4322 -62.8875 14.7 1.4 0.8 2.8
2020.4849 -55.9577 -64.6653 2.9 1.3 0.8 2.7
2020.4877 -55.5153 -67.8874 17.3 1.3 0.8 2.7
2020.4904 -51.3867 -63.5542 10.8 1.4 0.8 2.7
2020.4932 -52.9349 -64.5542 8.3 1.5 0.9 2.8
2020.4959 -55.884 -62.8875 9.6 1.3 0.8 2.7
2020.4986 -54.8518 -60.9987 8.6 1.4 0.9 2.8
2020.5014 -50.2808 -65.1097 10.4 1.3 0.8 2.6
2020.5041 -54.262 -64.8875 10.1 1.3 0.8 2.7
2020.5068 -53.7459 -62.6653 13.8 1.3 0.8 2.6
2020.5096 -56.6212 -63.9986 10.1 1.3 0.8 2.6
2020.5123 -54.5569 -62.2209 10 1.3 0.8 2.6
2020.5151 -57.5797 -63.9986 8.3 1.3 0.8 2.6
2020.5178 -57.0636 -65.1097 10.9 1.4 0.9 2.8
2020.5205 -55.6628 -64.1097 8.5 1.4 0.8 2.6
2020.5233 -57.9483 -64.2208 12.6 1.4 0.8 2.8
2020.5260 -52.9349 -64.4431 19.2 1.4 0.9 2.8
2020.5288 -54.1145 -66.3319 17.2 1.4 0.9 2.8
2020.5315 -54.3357 -61.332 15.1 1.4 0.9 2.7
2020.5342 -56.2526 -64.3319 5.8 1.4 0.9 2.8
2020.5370 -53.8934 -61.332 4 1.4 0.9 2.8
2020.5397 -56.4738 -65.5541 13.1 1.4 0.9 2.7
2020.5425 -55.8102 -63.7764 2.6 1.4 0.9 2.7
2020.5452 -48.7326 -62.6653 1.4 1.4 0.9 2.7
2020.5479 -55.4416 -64.5542 11.6 1.4 0.9 2.8
2020.5507 -53.2298 -65.1097 16.1 1.4 0.9 2.8
2020.5534 -53.3773 -64.3319 10.5 1.4 0.9 2.7
2020.5562 -54.4095 -68.2208 16.3 1.4 0.9 2.7
2020.5589 -58.9067 -65.443 11.3 1.4 0.9 2.8
2020.5616 -53.5247 -64.6653 6.4 1.4 0.9 2.8
2020.5644 -54.7044 -64.8875 15 1.4 0.9 2.7
2020.5671 -55.2204 -64.7764 10.6 1.4 0.9 2.8
2020.5699 -54.0408 -65.6653 7.8 1.4 0.9 2.8
2020.5726 -53.9671 -65.7764 10.4 1.4 0.9 2.9
2020.5753 -52.124 -65.443 9.3 1.4 0.9 2.9
2020.5781 -61.1185 -65.1097 -1.2 1.4 0.9 2.8
2020.5808 -56.3263 -67.5541 6.8 1.4 0.9 2.8
2020.5836 -56.7687 -67.9985 2 1.4 0.9 2.8
2020.5863 -54.0408 -66.443 16.4 1.4 0.9 2.8
2020.5890 -52.7138 -64.2208 15.5 1.4 0.9 2.8
2020.5918 -55.5153 -64.9986 1.4 1.4 0.9 2.8
2020.5945 -55.4416 -65.6653 12.8 1.4 0.9 2.8
2020.5973 -58.022 -66.443 9.9 1.4 0.9 2.8
2020.6000 -58.022 -66.443 20.7 1.4 0.9 2.8
2020.6027 -50.5757 -64.5542 9.8 1.5 0.9 2.9
2020.6055 -57.8008 -66.1097 4.2 1.4 0.9 2.8
2020.6082 -54.7781 -66.8874 13.4 1.4 0.9 2.7
2020.6110 -57.1373 -63.4431 10.5 1.4 0.9 2.9
2020.6137 -55.884 -66.8874 14.7 1.4 0.9 2.8
2020.6164 -59.4228 -64.3319 7.8 1.3 0.9 2.8
2020.6192 -57.1373 -65.2208 7.3 1.3 0.9 2.8
2020.6219 -53.6722 -64.4431 12.1 1.3 0.9 2.7
2020.6247 -56.9161 -65.1097 3.5 1.4 0.9 2.9
2020.6274 -56.9898 -64.2208 4.1 1.4 0.9 2.8
2020.6301 -54.5569 -63.6653 7.1 1.4 0.9 2.8
2020.6329 -54.9993 -65.3319 9 1.3 0.9 2.8
2020.6356 -53.0087 -64.2208 6.3 1.3 0.9 2.8
2020.6384 -58.2432 -66.3319 15.4 1.4 0.9 2.8
2020.6411 -57.8008 -66.7763 15 1.4 0.9 2.8
2020.6438 -59.3491 -64.5542 11.3 1.4 0.9 2.7
2020.6466 -57.2847 -63.9986 16.9 1.3 0.9 2.7
2020.6493 -57.4322 -65.8875 6 1.3 0.9 2.7
2020.6521 -56.4 -66.2208 6.8 1.3 0.9 2.7
2020.6548 -58.5381 -65.6653 15.4 1.3 0.9 2.7
2020.6575 -58.0957 -64.9986 7.8 1.3 0.9 2.7
2020.6603 -54.1883 -61.4431 10.5 1.4 0.9 2.8
2020.6630 -52.9349 -63.7764 16.5 1.3 0.9 2.7
2020.6658 -55.4416 -66.5541 7.9 1.3 0.9 2.7
2020.6685 -59.1279 -66.5541 11.5 1.3 0.9 2.7
2020.6712 -55.1467 -64.9986 4.4 1.3 0.9 2.7
2020.6740 -50.2808 -63.9986 8.2 1.3 0.9 2.7
2020.6767 -56.9161 -67.1097 9.9 1.3 0.9 2.7
2020.6795 -54.9255 -65.3319 8.9 1.3 0.9 2.7
2020.6822 -56.3263 -66.9986 13.9 1.3 0.9 2.7
2020.6849 -57.8746 -63.7764 13.2 1.3 0.9 2.6
2020.6877 -56.2526 -64.1097 11.8 1.3 0.9 2.7
2020.6904 -54.0408 -66.1097 15.1 1.3 0.9 2.7
2020.6932 -55.2942 -65.9986 11.9 1.3 0.9 2.7
2020.6959 -56.4738 -63.9986 6.9 1.4 0.9 2.7
2020.6986 -56.6212 -66.6652 12.5 1.5 0.9 2.8
2020.7014 -54.8518 -65.7764 5.6 1.4 0.9 2.7
2020.7041 -58.833 -64.4431 3.3 1.3 0.9 2.7
2020.7068 -57.4322 -65.8875 4.4 1.3 0.9 2.7
2020.7096 -57.1373 -63.5542 14.1 1.4 0.9 2.8
2020.7123 -54.4832 -61.8876 -5 1.3 0.9 2.8
2020.7151 -57.7271 -63.2209 8.2 1.3 0.9 2.8
2020.7178 -60.8973 -66.8874 15.3 1.3 0.9 2.8
2020.7205 -54.262 -63.1097 9.4 1.3 0.9 2.8
2020.7233 -54.9993 -63.2209 9.4 1.4 0.9 2.7
2020.7260 -56.5475 -64.9986 6.1 1.3 0.9 2.7
2020.7288 -53.3036 -63.8875 11.3 1.3 0.9 2.8
2020.7315 -58.6855 -68.5541 14.1 1.3 0.9 2.8
2020.7342 -60.971 -66.6652 2.7 1.3 0.9 2.7
2020.7370 -49.4698 -63.4431 9.3 1.3 0.9 2.7
2020.7397 -55.7365 -65.6653 1.7 1.3 0.9 2.7
2020.7425 -54.1883 -65.2208 11.6 1.3 0.9 2.7
2020.7452 -55.1467 -64.1097 0.9 1.3 0.9 2.6
2020.7479 -57.9483 -64.4431 3.4 1.3 0.9 2.6
2020.7507 -58.9067 -64.3319 5.2 1.3 0.9 2.7
2020.7534 -57.5059 -63.8875 5.8 1.3 0.9 2.7
2020.7562 -56.2526 -64.4431 -1.8 1.3 0.9 2.7
2020.7589 -55.8102 -63.4431 4.9 1.3 0.8 2.6
2020.7616 -60.2338 -66.3319 -2.4 1.3 0.9 2.7
2020.7644 -59.4965 -64.9986 4 1.3 0.9 2.7
2020.7671 -56.1789 -64.3319 3.9 1.3 0.9 2.7
2020.7699 -57.5797 -63.8875 6.1 1.4 0.9 2.7
2020.7726 -58.1695 -64.5542 15.4 1.3 0.9 2.7
2020.7753 -58.5381 -65.6653 7 1.3 0.8 2.6
2020.7781 -57.211 -65.7764 8.6 1.3 0.8 2.6
2020.7808 -57.7271 -65.5541 11.7 1.3 0.8 2.6
2020.7836 -61.1922 -63.1097 13.2 1.3 0.8 2.6
2020.7863 -56.1051 -64.7764 -7.4 1.3 0.8 2.6
2020.7890 -59.5702 -62.7764 0.2 1.3 0.8 2.6
2020.7918 -61.3397 -64.5542 5.6 1.3 0.8 2.6
2020.7945 -62.9616 -64.8875 -3.1 1.3 0.8 2.6
2020.7973 -55.2204 -65.443 7.1 1.3 0.8 2.6
2020.8000 -58.3906 -67.7763 16.3 1.3 0.8 2.6
2020.8027 -55.5153 -61.5542 4.3 1.3 0.8 2.6
2020.8055 -57.0636 -63.2209 6 1.4 0.9 2.8
2020.8082 -62.2244 -63.9986 10.5 1.3 0.8 2.6
2020.8110 -57.8008 -63.2209 3.7 1.3 0.9 2.6
2020.8137 -55.884 -63.2209 0 1.3 0.9 2.6
2020.8164 -61.5608 -65.6653 5.1 1.3 0.8 2.6
2020.8192 -57.6534 -63.4431 11 1.5 0.8 2.7
2020.8219 -59.2753 -64.6653 6.9 1.3 0.8 2.6
2020.8247 -56.6212 -65.2208 5.2 1.3 0.8 2.6
2020.8274 -56.5475 -64.4431 3.7 1.3 0.8 2.6
2020.8301 -58.2432 -66.6652 2.9 1.3 0.9 2.7
2020.8329 -63.6989 -66.5541 4.4 1.3 0.9 2.7
2020.8356 -60.3812 -63.6653 8.1 1.3 0.9 2.7
2020.8384 -58.1695 -65.1097 3.5 1.3 0.9 2.7
2020.8411 -55.3679 -65.8875 2.1 1.3 0.8 2.6
2020.8438 -53.8934 -66.8874 5.4 1.3 0.8 2.6
2020.8466 -65.2471 -65.2208 13.9 1.3 0.9 2.7
2020.8493 -60.3812 -66.3319 -3.7 1.4 0.8 2.8
2020.8521 -57.3585 -66.1097 8.6 1.3 0.8 2.6
2020.8548 -58.9067 -63.8875 9.1 1.5 0.9 2.7
2020.8575 -57.0636 -67.6652 6.2 1.3 0.8 2.6
2020.8603 -60.6024 -67.6652 13.8 1.3 0.8 2.7
2020.8630 -60.7498 -67.443 7.3 1.3 0.8 2.7
2020.8658 -58.6855 -67.2208 8.3 1.3 0.8 2.7
2020.8685 -59.644 -67.3319 11.4 1.5 0.9 2.8
2020.8712 -57.5059 -69.1096 6 1.4 0.9 2.8
2020.8740 -63.4777 -67.7763 6 1.4 0.8 2.7
2020.8767 -65.2471 -66.8874 -1.2 1.3 0.8 2.7
2020.8795 -61.6346 -66.2208 8.7 1.5 1.0 3.0
2020.8822 -58.833 -67.6652 10.5 1.4 0.9 2.8
2020.8849 -61.5608 -66.5541 1.2 1.4 0.9 2.8
2020.8877 -62.5193 -67.1097 11.9 1.4 0.9 2.7
2020.8904 -60.6761 -68.1096 9.6 1.7 0.9 3.0
2020.8932 -57.7271 -67.443 12 1.4 0.9 2.9
2020.8959 -60.0863 -67.8874 -1.2 1.5 0.9 2.8
2020.8986 -55.5153 -68.6652 6.9 1.4 0.9 2.8
2020.9014 -62.3718 -69.5541 12.3 1.4 0.9 2.8
2020.9041 -59.2753 -69.6652 11.5 1.4 0.8 2.7
2020.9068 -58.7593 -68.443 13.2 1.4 0.9 2.7
2020.9096 -61.4871 -67.6652 7.3 1.4 0.8 2.7
2020.9123 -61.4134 -69.4429 2 1.4 0.9 2.8
2020.9151 -56.7687 -67.9985 -4.3 1.6 0.9 3.0
2020.9178 -62.6667 -66.7763 7.4 1.4 0.9 2.8
2020.9205 -60.2338 -66.8874 5.6 1.4 0.8 2.8
2020.9233 -60.2338 -67.1097 0.8 1.4 0.9 2.7
2020.9260 -59.4965 -68.2208 2.6 1.4 0.9 2.7
2020.9288 -61.1922 -69.3318 1 1.4 0.9 2.8
2020.9315 -60.5287 -68.5541 0.9 1.4 0.8 2.8
2020.9342 -60.3812 -67.5541 3.3 1.4 0.8 2.8
2020.9370 -61.1922 -68.6652 4.9 1.4 0.9 2.8
2020.9397 -57.5059 -72.6651 5.2 1.4 0.8 2.8
2020.9425 -60.6024 -68.8874 0.9 1.4 0.8 2.8
2020.9452 -61.4871 -67.1097 -6.5 1.4 0.8 2.7
2020.9479 -63.6989 -67.8874 12.2 1.4 0.8 2.7
2020.9507 -61.8557 -67.6652 0.3 1.4 0.8 2.8
2020.9534 -61.4871 -67.9985 0.4 1.4 0.8 2.7
2020.9562 -61.5608 -66.7763 8.2 1.4 0.8 2.8
2020.9589 -63.4777 -67.9985 3.8 1.4 0.8 2.7
2020.9616 -62.2981 -68.6652 18.1 1.6 0.9 2.8
2020.9644 -63.92 -63.9986 -2.2 2.8 1.5 4.3
2020.9671 -58.833 -67.9985 9.1 1.4 0.8 2.8
2020.9699 -60.0863 -65.9986 9.1 1.5 0.9 2.9
2020.9726 -68.5648 -70.4429 9.9 1.5 0.9 2.8
2020.9753 -61.6346 -66.443 0.4 1.4 0.8 2.8
2020.9781 -57.6534 -68.1096 3.4 1.4 0.9 2.8
2020.9808 -59.2753 -67.443 -1.6 1.4 0.8 2.7
2020.9836 -60.3075 -66.443 1.3 1.5 0.9 2.9
2020.9863 -59.644 -69.3318 -1.2 1.5 0.9 2.9
2020.9890 -63.5514 -68.5541 4.5 1.4 0.8 2.7
2020.9918 -57.4322 -69.4429 11 1.5 0.9 2.8
2020.9945 -62.2981 -68.9985 4.7 1.4 0.8 2.7
2020.9973 -62.2981 -66.8874 -3.4 1.4 0.8 2.7
2021.0000 -62.7404 -67.2208 5.7 1.5 0.9 2.8
2021.0027 -61.4871 -67.443 1.4 1.4 0.8 2.8
2021.0027 -59.7914 -68.6652 6.4 1.4 0.8 2.7
2021.0055 -60.6761 -67.5541 4.1 1.4 0.9 2.7
2021.0082 -60.971 -69.8874 9.6 1.4 0.8 2.7
2021.0110 -62.0769 -67.9985 3.8 1.4 0.8 2.7
2021.0137 -59.7914 -65.6653 4.3 1.4 0.8 2.8
2021.0164 -57.4322 -68.1096 2 1.5 0.9 2.9
2021.0192 -58.2432 -67.5541 3.8 1.4 0.8 2.6
2021.0219 -59.2753 -65.3319 7.2 1.4 0.8 2.7
2021.0247 -59.3491 -64.8875 1.8 1.4 0.9 2.7
2021.0274 -62.8879 -66.2208 1 1.5 0.9 2.8
2021.0301 -64.6573 -66.443 -1 1.4 0.8 2.7
2021.0329 -60.3812 -68.3319 -5.2 1.4 0.8 2.7
2021.0356 -60.3075 -67.5541 3.6 1.4 0.8 2.7
2021.0384 -59.8651 -65.1097 4.7 1.4 0.8 2.7
2021.0411 -58.4644 -63.2209 5.2 1.4 0.8 2.7
2021.0438 -61.1185 -66.9986 4 1.4 0.9 2.8
2021.0466 -57.4322 -68.443 5.5 1.4 0.8 2.7
2021.0493 -60.6024 -66.1097 2.4 1.4 0.9 2.7
2021.0521 -62.2244 -65.2208 4.3 1.4 0.8 2.7
2021.0548 -58.5381 -65.9986 -1.2 1.5 0.9 2.9
2021.0575 -57.8746 -67.443 3.8 1.4 0.9 2.8
2021.0603 -57.3585 -68.1096 5.6 1.4 0.9 2.7
2021.0630 -59.8651 -66.5541 13.4 1.4 0.9 2.7
2021.0658 -58.9804 -68.5541 8.5 1.5 0.9 2.8
2021.0685 -56.4738 -67.2208 13.8 1.4 0.9 2.7
2021.0712 -59.5702 -67.7763 2.5 1.4 0.9 2.9
2021.0740 -59.1279 -67.6652 2.3 1.4 0.9 2.7
2021.0767 -56.3263 -66.5541 -3 1.4 0.9 2.7
2021.0795 -55.884 -67.2208 10.8 1.4 0.9 2.7
2021.0822 -58.2432 -66.6652 5.1 1.4 0.9 2.7
2021.0849 -60.8973 -65.6653 6.1 1.4 0.9 2.7
2021.0877 -60.4549 -65.1097 2 1.4 0.9 2.7
2021.0904 -59.3491 -64.9986 2.9 1.4 0.9 2.7
2021.0932 -58.022 -66.9986 0 1.4 0.9 2.7
2021.0959 -61.1922 -65.3319 3.7 1.5 0.9 2.7
2021.0986 -63.6989 -64.8875 0.7 1.4 0.9 2.7
2021.1014 -65.6895 -64.1097 2.3 1.3 0.9 2.7
2021.1041 -62.6667 -66.443 5.2 1.3 0.9 2.7
2021.1068 -61.0447 -64.9986 5.2 1.3 0.8 2.7
2021.1096 -60.8973 -65.5541 8.6 1.4 0.8 2.7
2021.1123 -61.9295 -65.3319 4.3 1.3 0.9 2.7
2021.1151 -63.2565 -66.2208 12.8 1.3 0.9 2.7
2021.1178 -61.6346 -63.332 0.9 1.3 0.9 2.7
2021.1205 -62.3718 -65.2208 7.7 1.3 0.9 2.7
2021.1233 -66.5004 -67.2208 7.8 1.3 0.9 2.7
2021.1260 -64.8785 -66.9986 6.6 1.3 0.9 2.8
2021.1288 -63.6989 -66.3319 0.7 1.4 0.9 2.8
2021.1315 -61.4134 -66.3319 0.8 1.4 0.9 2.8
2021.1342 -65.6157 -67.5541 -2.5 1.4 0.9 2.8
2021.1370 -63.5514 -67.2208 5.4 1.3 0.9 2.7
2021.1397 -64.4361 -66.9986 10.3 1.3 0.9 2.7
2021.1425 -64.6573 -68.2208 7 1.4 0.9 2.8
2021.1452 -67.5326 -68.5541 3.8 1.3 0.9 2.7
2021.1479 -59.8651 -68.6652 1.6 1.3 0.9 2.7
2021.1507 -60.8236 -67.6652 1.6 1.3 0.9 2.7
2021.1534 -66.4267 -69.1096 4 1.4 0.9 2.8
2021.1562 -60.4549 -66.5541 5.1 1.4 0.9 2.8
2021.1589 -59.1279 -66.7763 14.9 1.5 0.9 2.8
2021.1616 -62.2981 -68.6652 8.5 1.4 0.9 2.8
2021.1644 -64.9522 -66.5541 6.4 1.4 0.9 2.8
2021.1671 -64.5099 -66.1097 13 1.3 0.9 2.7
2021.1699 -63.0353 -65.7764 12.1 1.3 0.9 2.7
2021.1726 -66.5004 -66.3319 -0.9 1.3 0.9 2.7
2021.1753 -66.7216 -64.1097 5.4 1.4 0.9 2.8
2021.1781 -65.7632 -68.1096 1.1 1.5 0.9 2.9
2021.1808 -63.0353 -65.8875 -2.8 1.4 0.9 2.8
2021.1836 -61.4871 -65.9986 1.7 1.4 0.9 2.9
2021.1863 -65.0997 -66.5541 -2.7 1.3 0.9 2.7
2021.1890 -63.92 -66.6652 -1.5 1.3 0.9 2.7
2021.1918 -63.9938 -63.8875 0.2 1.3 0.9 2.7
2021.1945 -64.8048 -64.7764 10.3 1.4 0.9 2.8
2021.1973 -63.6989 -62.6653 11.2 1.3 0.9 2.8
2021.2000 -63.4777 -62.8875 1.3 1.3 0.9 2.7
2021.2027 -60.5287 -65.8875 0.8 1.3 0.9 2.7
2021.2055 -66.5742 -67.3319 5.6 1.6 1.0 2.9
2021.2082 -65.2471 -65.3319 2 1.5 0.9 2.8
2021.2110 -62.8142 -64.5542 2.5 1.5 1.0 3.0
2021.2137 -63.2565 -63.6653 -0.3 1.4 0.9 2.8
2021.2164 -65.0259 -65.5541 5.6 1.3 0.9 2.7
2021.2192 -65.1734 -64.7764 5.3 1.4 0.9 2.8
2021.2219 -62.7404 -66.1097 1.5 1.3 0.9 2.7
2021.2247 -63.6989 -64.6653 -2.9 1.3 0.9 2.7
2021.2274 -63.3302 -67.1097 1.7 1.4 0.9 2.7
2021.2301 -62.2244 -66.443 0.4 1.3 0.9 2.6
2021.2329 -63.5514 -67.8874 -5 1.3 0.9 2.7
2021.2356 -63.3302 -66.1097 1.9 1.3 0.9 2.7
2021.2384 -68.7859 -68.9985 -3.3 1.3 0.9 2.7
2021.2411 -66.0581 -67.3319 -5 1.4 0.9 2.7
2021.2438 -63.6989 -67.2208 2.8 1.3 0.9 2.7
2021.2466 -64.1412 -65.9986 -6.1 1.3 0.9 2.6
2021.2493 -64.5099 -65.9986 5.4 1.4 0.9 2.8
2021.2521 -60.16 -69.8874 5.1 1.3 0.9 2.7
2021.2548 -65.6157 -66.7763 2.7 1.4 0.9 2.7
2021.2575 -59.7177 -66.3319 7.5 1.3 0.9 2.6
2021.2603 -64.2149 -68.8874 11.3 1.3 0.9 2.6
2021.2630 -65.4683 -67.9985 5.8 1.5 0.9 2.8
2021.2658 -61.7083 -70.4429 10.3 1.3 0.9 2.7
2021.2685 -61.3397 -67.8874 5.3 1.4 0.9 2.8
2021.2712 -66.0581 -68.7763 6.7 1.5 1.0 2.9
2021.2740 -66.8691 -67.9985 5.1 1.3 0.9 2.7
2021.2767 -61.2659 -67.6652 1.4 1.3 0.9 2.7
2021.2795 -63.4777 -68.3319 -1.5 1.3 0.9 2.7
2021.2822 -64.3624 -67.443 3.7 1.4 0.9 2.7
2021.2849 -62.7404 -68.3319 9.3 1.3 0.9 2.8
2021.2877 -62.7404 -68.7763 3.6 1.4 0.9 2.8
2021.2904 -64.8785 -70.2207 3.3 1.5 0.9 2.8
2021.2932 -61.782 -68.2208 -0.4 1.4 0.9 2.8
2021.2959 -65.3946 -69.3318 0.7 1.4 0.9 2.8
2021.2986 -67.3851 -68.6652 6 1.5 1.0 3.1
2021.3014 -62.7404 -69.5541 2.1 1.4 0.9 2.8
2021.3041 -67.2377 -67.443 2.2 1.4 0.9 2.8
2021.3068 -61.6346 -67.7763 0.1 1.4 0.9 2.9
2021.3096 -62.3718 -69.5541 2.2 1.4 0.9 2.9
2021.3123 -63.9938 -68.9985 8.2 1.4 0.9 2.7
2021.3151 -63.8463 -70.1096 4.7 1.4 0.9 2.9
2021.3178 -66.2055 -70.8874 7.7 1.4 0.8 2.7
2021.3205 -65.542 -70.554 14.6 2.3 1.2 3.9
2021.3233 -67.6063 -70.3318 8.8 2.0 1.2 3.8
2021.3260 -60.8236 -69.2207 10.6 1.8 1.1 3.6
2021.3288 -60.6024 -67.2208 8 1.8 1.1 3.5
2021.3315 -63.3302 -70.9985 11.4 1.8 1.1 3.6
2021.3342 -63.8463 -72.7762 8.3 1.9 1.1 3.5
2021.3370 -62.0769 -69.3318 0.4 1.8 1.1 3.5
2021.3397 -64.2149 -71.1096 8.2 1.8 1.1 3.6
2021.3425 -64.2887 -70.2207 10.3 1.9 1.2 3.7
2021.3452 -60.7498 -71.3318 10.7 1.9 1.1 3.6
2021.3479 -65.6157 -70.4429 17.2 1.8 1.1 3.5
2021.3507 -61.8557 -72.6651 10.9 2.4 1.2 3.8
2021.3534 -59.7177 -71.4429 3.3 1.8 1.1 3.6
2021.3562 -63.5514 -71.9984 9.3 1.9 1.1 3.6
2021.3589 -63.6251 -70.4429 12.8 1.9 1.1 3.6
2021.3616 -62.5193 -72.1096 9.2 2.1 1.1 3.6
2021.3644 -63.1828 -71.4429 6.5 1.8 1.1 3.5
2021.3671 -65.6895 -70.7763 -2.3 1.7 1.0 3.1
2021.3699 -66.5004 -69.4429 11 1.4 0.9 2.8
2021.3726 -65.0997 -72.6651 0.1 1.5 0.9 2.8
2021.3753 -63.92 -71.6651 9 1.4 0.9 2.7
2021.3781 -70.0393 -73.554 -2.2 1.8 1.1 3.5
2021.3808 -62.2981 -71.4429 5.7 1.9 1.2 3.7
2021.3836 -66.0581 -70.554 7.3 2.1 1.3 4.0
2021.3863 -65.3946 -70.554 8.5 2.1 1.2 3.8
2021.3890 -63.1091 -71.554 6.9 1.9 1.1 3.6
2021.3945 -69.6706 -69.7763 6.1 2.5 1.2 3.8
2021.3973 -65.7632 -70.4429 20.2 1.8 1.1 3.6
2021.4000 -62.4455 -69.3318 7.4 1.7 1.0 3.2
2021.4027 -59.644 -70.3318 9.6 1.4 0.8 2.7
2021.4055 -62.1506 -69.8874 14.9 1.5 0.9 2.9
2021.4082 -64.9522 -69.6652 5.6 1.8 1.1 3.5
2021.4110 -65.7632 -73.2206 8 1.8 1.1 3.5
2021.4137 -71.735 -72.2207 17.1 2.4 1.2 3.7
2021.4164 -64.5836 -69.1096 0.6 1.8 1.1 3.5
2021.4192 -61.6346 -70.554 14.6 1.8 1.1 3.5
2021.4219 -59.9389 -72.3318 6.6 1.8 1.1 3.6
2021.4247 -64.0675 -70.4429 13.8 1.8 1.1 3.6
2021.4274 -67.6063 -73.2206 4.9 1.8 1.1 3.5
2021.4301 -64.731 -70.6651 13.9 1.9 1.1 3.6
2021.4329 -62.8142 -70.6651 0.7 1.8 1.1 3.5
2021.4356 -61.3397 -70.6651 7.1 1.8 1.1 3.5
2021.4384 -59.3491 -68.7763 10.2 2.3 1.1 3.7
2021.4411 -62.8879 -69.4429 9.8 1.9 1.1 3.6
2021.4438 -62.5193 -70.2207 13.8 1.9 1.1 3.7
2021.4466 -64.0675 -69.4429 8.4 1.9 1.1 3.7
