2019.0027 0 0 0 1.2 0.8 2.4
2019.0055 3.16204 0.666647 -0.6 1.3 0.8 2.4
2019.0082 -0.0735351 -2.66659 -15.9 1.2 0.8 2.4
2019.0110 -1.32365 -3.44434 -15.7 1.4 0.9 2.6
2019.0137 -0.0735351 -1.33329 -6.3 1.2 0.8 2.4
2019.0164 -3.08851 0.222216 0.4 1.2 0.8 2.4
2019.0219 -2.8679 0.666647 1.2 1.2 0.8 2.4
2019.0247 -14.7807 15.7773 -16.3 1.3 0.9 2.5
2019.0274 2.35315 -0.999971 -5.2 1.3 0.8 2.4
2019.0301 1.47072 1.11108 2.9 1.6 0.9 2.6
2019.0329 4.63276 -1.4444 7.5 2.8 1.2 3.9
2019.0630 0.220607 1.88883 -6.9 1.5 1.0 3.0
2019.0685 1.39718 0.222216 -2.5 1.4 0.8 2.5
2019.0712 0.441215 0 -5.5 1.3 0.7 2.4
2019.0740 2.35315 0.111108 2.4 1.3 0.8 2.4
2019.0767 -0.220607 1.99994 1.7 1.3 0.8 2.4
2019.0795 -0.441215 1.33329 2.1 1.2 0.8 2.4
2019.0822 -1.54425 0.444432 0.6 1.4 0.9 2.5
2019.0849 -0.955967 1.55551 6.8 1.3 0.8 2.4
2019.0877 -1.8384 -0.555539 -6.8 1.2 0.8 2.3
2019.0904 1.69133 0.777755 2.6 1.2 0.8 2.3
2019.0932 -1.47072 1.88883 2.4 1.2 0.8 2.4
2019.0959 -2.94143 -0.111107 1 1.2 0.7 2.3
2019.0986 -1.0295 1.4444 2.4 1.2 0.8 2.4
2019.1014 -3.45619 0.888863 1.6 1.3 0.8 2.4
2019.1041 2.27961 0.333324 3.4 1.2 0.8 2.3
2019.1068 1.98547 2.44437 -0.8 1.4 0.9 2.6
2019.1096 5.29458 1.77773 3.4 1.4 0.9 2.4
2019.1123 3.38265 1.77773 -0.8 1.2 0.7 2.3
2019.1151 -3.97094 0.333324 3 1.3 0.8 2.4
2019.1178 -2.79436 1.88883 -1.4 1.4 0.8 2.5
2019.1205 2.20608 1.22219 0.1 1.4 0.8 2.4
2019.1233 1.10304 0.333324 7 1.3 0.8 2.4
2019.1260 -0.220607 0.999971 5.5 1.4 0.9 2.6
2019.1288 4.19154 0 1.5 1.2 0.8 2.3
2019.1315 -2.72083 1.4444 3.2 1.2 0.8 2.4
2019.1342 -0.955967 1.66662 -4.3 1.2 0.8 2.3
2019.1370 2.35315 0.555539 -2 1.2 0.8 2.3
2019.1397 1.98547 0 -0.2 1.2 0.8 2.4
2019.1425 2.35315 -0.111107 -0.2 1.3 0.8 2.3
2019.1452 2.50022 0.333324 2.9 1.3 0.8 2.4
2019.1479 -0.220607 0.777755 1 1.2 0.8 2.4
2019.1507 1.54425 0.555539 -1.3 1.4 0.9 2.5
2019.1534 1.25011 2.66659 -8.4 1.2 0.7 2.3
2019.1562 0.294142 0.555539 -3.9 1.2 0.8 2.3
2019.1589 2.64729 2.22216 -2.1 1.2 0.8 2.4
2019.1616 3.67679 0.333324 -0.4 1.3 0.8 2.5
2019.1644 2.57376 1.77773 1.7 1.3 0.9 2.6
2019.1671 2.64729 2.33327 -1.9 1.2 0.8 2.4
2019.1699 -2.72083 0.222216 -1.1 1.2 0.8 2.5
2019.1726 1.91193 1.77773 -1.5 1.2 0.8 2.4
2019.1753 -1.25011 0.777755 -5.4 1.2 0.8 2.4
2019.1781 1.25011 -1.11108 -1.5 1.2 0.8 2.4
2019.1808 0.220607 -1.66662 0.3 1.2 0.8 2.4
2019.1836 3.52972 0.222216 -3.5 1.2 0.8 2.3
2019.1863 3.75033 0.777755 -1.4 1.2 0.8 2.3
2019.1890 2.059 0.777755 -1.6 1.3 0.9 2.6
2019.1918 -0.0735351 -1.22219 2 1.2 0.8 2.4
2019.1945 4.26508 2.8888 -4.9 1.2 0.8 2.4
2019.1973 3.30911 0.888863 -5.3 1.2 0.8 2.3
2019.2000 5.07398 0.555539 -7.3 1.3 0.8 2.5
2019.2027 2.42668 0.999971 -9.9 1.6 1.0 2.6
2019.2055 -0.514752 0.777755 -3.7 1.3 0.8 2.4
2019.2192 2.64729 0.222216 6.9 1.1 0.8 2.3
2019.2219 0.0735351 0.777755 12.6 1.2 0.8 2.4
2019.2247 -0.588287 3.66656 3.7 1.1 0.8 2.3
2019.2329 -0.36768 0.111108 -4.3 1.3 0.9 2.5
2019.2356 0.955967 0.555539 -0.3 1.2 0.8 2.4
2019.2384 1.76486 0.555539 -2.3 1.2 0.8 2.4
2019.2411 -3.08851 1.66662 -0.7 1.3 0.8 2.4
2019.2438 -0.220607 0.777755 -2.3 1.2 0.8 2.4
2019.2466 3.23558 0.222216 1.7 1.2 0.8 2.4
2019.2493 -2.13254 0.111108 1.8 1.2 0.8 2.5
2019.2521 0.220607 -1.77773 4.4 1.4 0.9 2.6
2019.2548 -1.10304 -2.7777 -3.9 1.5 1.0 2.7
2019.2575 -1.47072 0.333324 -1.6 1.5 1.0 2.9
2019.2603 -0.588287 -0.999971 -4 1.3 0.9 2.6
2019.2630 1.25011 -3.33324 -3.7 1.1 0.8 2.3
2019.2658 -1.17657 -0.555539 -1.6 1.2 0.9 2.5
2019.2685 -2.50022 -1.88883 -5.4 1.1 0.8 2.4
2019.2712 -0.661822 -0.555539 -2.5 1.3 0.8 2.5
2019.2740 -4.33862 -1.88883 -0.2 1.4 0.8 2.5
2019.2767 1.39718 0.333324 0 1.1 0.8 2.3
2019.2795 0.441215 -0.777755 -3.1 1.2 0.8 2.5
2019.2822 -2.50022 -1.33329 -2.8 1.1 0.8 2.4
2019.2849 -1.61779 -1.88883 -0.7 1.2 0.9 2.5
2019.2877 1.47072 -0.444432 -0.3 1.2 0.8 2.4
2019.2904 -0.147072 -2.8888 1.6 1.3 0.8 2.4
2019.2932 -0.441215 -2.33327 0.5 1.2 0.8 2.4
2019.3151 -0.882429 -1.77773 -5.8 1.2 0.8 2.5
2019.3178 -2.20608 -3.55545 -0.6 1.2 0.8 2.3
2019.3205 -1.98547 -2.66659 -0.9 1.1 0.8 2.3
2019.3233 -0.514752 -0.666647 0.2 1.1 0.8 2.3
2019.3260 -0.808894 -1.66662 0.2 1.1 0.8 2.3
2019.3315 -0.514752 -0.333323 2.1 1.2 0.8 2.3
2019.3589 -0.588287 -3.55545 0.1 1.2 0.8 2.3
2019.3616 -0.955967 -2.66659 -0.9 1.1 0.8 2.4
2019.3644 0.588287 -5.55539 4.8 1.2 0.8 2.4
2019.3671 1.76486 -3.55545 3.4 1.3 0.8 2.4
2019.3699 1.10304 -1.66662 5.5 1.2 0.8 2.4
2019.3973 0.220607 -3.44434 2 1.1 0.8 2.4
2019.4000 3.97094 -3.77767 2 1.2 0.8 2.4
2019.4027 0.661822 -2.8888 3.3 1.2 0.8 2.4
2019.4055 -0.661822 -2.11105 2.3 1.4 0.8 2.5
2019.4082 -3.82386 -2.99991 3.6 1.1 0.8 2.3
2019.4110 0.735359 -4.11099 5 1.2 0.8 2.4
2019.4137 0.882429 -3.11102 2.6 1.2 0.8 2.4
2019.4164 2.13254 -1.77773 3.8 1.2 0.8 2.4
2019.4192 2.20608 -3.66656 3.5 1.2 0.8 2.4
2019.4219 -2.20608 -3.33324 4.2 1.2 0.8 2.4
2019.4247 -1.39718 -2.8888 4.1 1.4 0.8 2.4
2019.4274 -0.294145 -5.99982 6.3 1.2 0.8 2.3
2019.4301 0.514752 -3.33324 5.2 1.2 0.8 2.4
2019.4329 -0.735359 -3.55545 -2.3 1.2 0.8 2.3
2019.4356 -0.955967 -2.99991 1.1 1.2 0.8 2.3
2019.4384 0.588287 -4.44431 4.1 1.2 0.8 2.3
2019.4411 0.36768 -3.33324 1.4 1.2 0.8 2.4
2019.4438 1.32365 -5.22207 4.6 1.2 0.8 2.4
2019.4466 0.514752 -4.66653 4.8 1.2 0.8 2.4
2019.4493 -2.42668 -3.77767 13.4 1.6 1.1 2.8
2019.4521 4.04447 -4.66653 -1.1 1.5 1.0 2.6
2019.4548 0.441215 -1.77773 4.5 1.4 1.0 2.7
2019.4575 -1.76486 -5.33318 6.9 1.6 0.9 2.8
2019.4603 0.588287 -4.11099 3.4 1.2 0.8 2.4
2019.4630 3.45618 -4.66653 -9.1 1.8 1.0 2.8
2019.4658 -2.72083 -4.33321 10.3 1.3 0.9 2.6
2019.4685 -10.3686 -4.2221 0.6 1.4 0.9 2.6
2019.4712 -4.04447 -12.333 7.9 1.5 0.9 2.6
2019.4740 1.47072 -3.88878 4.6 1.5 0.9 2.6
2019.4767 0.514752 -3.55545 -3.5 1.5 0.9 2.7
2019.4795 -3.30911 -4.44431 2.5 1.8 1.0 3.0
2019.4822 -1.17657 -4.55542 6.1 1.2 0.8 2.4
2019.4849 2.57376 -2.44437 8.1 1.2 0.8 2.4
2019.4877 -2.79436 -3.22213 -1.2 1.4 0.8 2.5
2019.4904 0.0735351 -4.77764 3.4 1.3 0.8 2.4
2019.4932 -1.25011 -4.11099 3.6 1.2 0.8 2.3
2019.4959 -4.9269 -3.55545 2.3 1.2 0.8 2.3
2019.4986 -3.67679 -7.1109 5.8 1.3 0.8 2.4
2019.5014 -1.32365 -3.99988 2 1.2 0.8 2.3
2019.5041 -5.51519 -4.44431 0.7 1.2 0.8 2.3
2019.5068 -1.8384 -4.55542 2.6 1.3 0.8 2.4
2019.5096 -5.07398 -4.55542 4 1.2 0.8 2.4
2019.5123 1.17657 -3.99988 2.8 1.2 0.8 2.4
2019.5151 -0.661822 -3.88878 1.7 1.2 0.8 2.3
2019.5178 -1.10304 -2.99991 2.9 1.3 0.8 2.3
2019.5205 -3.52972 -1.99994 1.3 1.2 0.8 2.3
2019.5233 -4.26508 -3.11102 -5.4 1.2 0.8 2.3
2019.5260 -6.61823 -1.99994 -3.4 1.6 1.0 2.7
2019.5288 -0.955967 -5.11096 -0.3 1.2 0.8 2.3
2019.5562 -1.32365 -3.77767 8.3 1.5 0.9 2.6
2019.5589 0.514752 -2.33327 7.3 1.2 0.8 2.4
2019.5616 5.44166 -1.11108 2 1.3 0.8 2.5
2019.5644 -2.13254 -1.11108 -2.9 1.3 0.8 2.4
2019.5671 -6.61823 -3.99988 -0.9 1.3 0.8 2.4
2019.5699 -2.79436 -3.22213 -1.5 1.2 0.8 2.4
2019.5726 -3.38265 -4.44431 2.7 1.3 0.8 2.4
2019.5753 -1.98547 -5.55539 2.9 1.4 0.9 2.5
2019.5781 -1.47072 -3.88878 4.3 1.2 0.8 2.3
2019.5808 0.36768 -2.7777 3.1 1.3 0.9 2.5
2020.3616 1.61779 -3.44434 12 1.2 0.8 2.5
2020.8055 -2.35315 -7.88866 7.3 1.3 0.8 2.6
2020.8082 -4.9269 -6.44426 8.5 1.2 0.8 2.5
2021.1562 -6.98591 -10.5552 12 1.4 0.8 2.6
2021.1808 -10.5156 -5.88872 3.5 1.3 0.9 2.6
2021.1836 -7.86834 -7.22201 8.8 1.3 0.9 2.8
2021.1863 -9.48613 -8.88863 6.4 1.3 0.8 2.5
2021.8877 -11.9863 -15.9995 11.2 1.5 0.8 2.7
2022.0849 -15.2219 -16.5551 10.5 1.3 0.8 2.6
2022.0877 -16.9133 -15.6662 11.6 1.4 0.8 2.7
2022.0904 -16.5456 -15.6662 7.7 1.3 0.8 2.7
2022.1151 -14.3395 -16.5551 10.7 1.3 0.8 2.7
2022.1671 -13.9718 -14.2218 5.5 1.5 0.9 2.9
