1997.3808 0 0 0 1.7 1.3 3.7
1997.3836 -3.6136 4.21934 -0.4 1.6 1.1 3.2
1997.3863 -11.5526 0.555177 -0.8 2.7 1.6 4.9
1998.4301 -19.1083 -18.3208 48.9 1.6 1.2 3.1
1998.4329 -22.2839 -24.6498 48.5 1.5 1.1 2.9
1998.4356 -30.3871 -29.6464 45.9 3.6 2.4 5.7
1999.4548 -43.0347 -50.521 47.1 1.6 1.1 3.1
1999.4575 -36.7383 -51.2983 47.1 1.6 1.1 3.1
1999.4603 -44.1297 -54.0742 39.7 1.6 1.0 3.1
1999.4630 -38.2166 -52.8528 36.3 1.5 1.0 3.0
1999.4658 -35.5338 -50.1879 42 1.6 1.1 3.1
2000.4493 -47.9624 -64.8446 61 1.8 1.2 3.3
2000.4521 -50.6452 -48.8555 16.9 1.8 1.3 3.3
2001.4685 -92.2016 -96.4896 8 12.8 5.2 12.7
2001.4712 -65.7019 -83.3875 38.8 1.7 1.1 3.3
2001.4740 -66.3041 -79.9454 38.7 1.6 1.1 3.1
2001.4767 -66.7421 -81.0557 37.6 1.6 1.1 3.3
2001.4795 -65.4828 -83.7206 39.7 1.7 1.1 3.3
2001.4822 -69.2607 -78.2799 43.7 4.7 3.7 8.9
2002.4219 -70.082 -85.164 58.2 1.6 1.2 3.7
2002.4247 -66.5779 -88.162 64.1 1.6 1.2 3.7
2002.4274 -69.9725 -85.8303 60 1.7 1.2 3.6
2003.4959 -86.7812 -117.142 70 1.4 1.0 3.0
2003.4986 -87.8762 -123.582 60.7 1.4 1.0 3.1
2006.4329 -148.377 -152.007 89 2.3 1.2 3.8
2008.3918 -181.447 -173.992 96.9 1.5 0.9 2.8
2008.3945 -178.983 -172.105 115.9 1.5 0.9 2.7
2012.7644 -199.35 -269.149 128.1 1.5 1.0 3.0
2013.7726 -257.716 -248.053 141.8 1.9 1.2 3.5
2013.7753 -257.825 -251.939 147.7 1.4 1.0 2.9
2013.7781 -261.931 -253.382 158.7 1.5 1.0 2.9
2013.7808 -262.15 -253.938 166.8 1.7 1.0 3.3
2014.3890 -266.64 -259.6 152.3 1.8 1.1 3.4
2014.3918 -266.64 -260.045 163 1.6 1.0 3.0
2014.3945 -267.242 -261.377 159.6 1.5 1.0 3.0
2014.3973 -267.133 -263.598 151.3 1.5 1.0 3.0
2014.4000 -265.764 -261.488 152.2 1.5 1.0 3.2
2015.4877 -287.5 -265.152 163.7 2.0 1.3 3.9
2016.7151 -298.56 -286.693 176.9 1.5 1.0 3.1
2016.7178 -294.563 -288.581 180.4 1.5 1.0 3.2
2016.7205 -290.128 -288.803 172.9 1.5 1.1 3.3
2019.3863 -338.419 -326.999 189.4 1.6 1.0 3.3
2019.3890 -335.244 -326.888 193.7 1.6 1.1 3.3
2019.3918 -337.653 -329.331 197.8 1.6 1.1 3.4
2019.3945 -334.97 -328.553 198.7 1.6 1.1 3.4
2019.3973 -338.255 -327.443 194 1.9 1.2 3.7
2020.5507 -359.608 -340.656 216.9 1.8 1.2 3.5
2021.4822 -391.583 -353.203 241.9 1.5 1.1 3.2
2021.4849 -380.14 -353.425 231.8 1.5 1.1 3.2
2021.4877 -382.549 -349.761 234.7 1.4 1.0 3.1
2021.4904 -384.192 -352.648 233 1.5 1.1 3.2
2021.4932 -382.823 -347.873 213.6 1.7 1.2 3.6
