2005.5753 0 0 0 1.3 1.0 2.9
2005.5781 -6.58885 -1.66532 0.5 1.2 0.9 2.7
2005.5808 1.4586 -1.66532 -5 1.2 0.9 2.6
2005.5836 0 -1.33225 -6.6 1.2 0.9 2.6
2005.5863 -0.251483 -0.222042 -0.4 1.1 0.9 2.6
2005.5890 -3.01779 -2.33144 3.5 1.2 0.9 2.8
2007.5479 6.03558 -41.5219 -5.5 1.2 0.9 2.8
2007.5507 2.8669 -45.4076 -2.9 1.1 0.8 2.6
2007.5534 4.17461 -42.6321 -11.4 1.1 0.8 2.6
2007.5562 3.82254 -46.9619 -6.5 1.1 0.8 2.6
2007.5589 4.67758 -46.0738 -3.1 1.1 0.8 2.6
2007.5616 4.52669 -46.2958 -5.6 1.2 0.9 2.6
2007.5644 2.36394 -46.5179 1.6 1.1 0.9 2.8
2009.5233 4.77817 -85.2642 0.9 1.3 0.9 2.9
2009.5260 8.651 -86.1524 -12.8 1.1 0.9 2.5
2009.5288 8.34922 -87.3736 -5.7 1.1 0.9 2.6
2009.5315 5.98529 -87.8177 -7.2 1.1 0.9 2.6
2009.5342 7.09181 -86.5965 -1.4 1.1 0.9 2.6
2009.5370 6.48825 -87.3736 -7.4 1.1 0.9 2.6
2009.5397 4.97935 -86.8185 -2.2 1.1 0.9 2.6
2009.5425 5.58291 -88.3728 -7.4 1.2 0.9 2.6
2009.5452 6.79003 -87.9287 -5.3 1.1 0.9 2.6
2009.5479 4.42609 -88.5949 -5.3 1.1 0.9 2.6
