2001.7753 0 0 0 2.6 2.2 6.1
2001.7781 2.11362 -0.3331 0.8 1.7 1.3 4.0
2001.7808 -0.325174 1.6655 -18.8 1.4 1.1 3.5
2001.7836 1.95104 0.111034 -8.7 1.4 1.1 3.5
2001.7863 0.487759 -0.6662 -3.9 1.5 1.1 3.5
2001.7890 -11.2727 1.11033 -17 1.4 1.0 3.4
2001.7918 -0.216783 -0.888267 -4.5 1.4 1.1 3.5
2001.7945 4.22725 -1.55447 1.9 1.7 1.4 4.3
2006.4822 -16.367 -117.473 9.8 1.2 0.9 2.6
2006.4849 -14.5786 -116.363 5.2 1.2 0.9 2.6
2014.5315 -31.4876 -313.669 11.5 1.2 0.8 2.4
2014.5342 -36.9071 -313.78 15.1 1.2 0.8 2.4
2014.5370 -37.8284 -315.224 9.6 1.2 0.8 2.4
2014.5397 -34.8477 -314.558 12.5 1.2 0.8 2.4
2014.5425 -36.2026 -313.558 16.4 1.2 0.8 2.5
2014.5452 -30.4579 -312.892 13.8 1.2 0.8 2.4
2014.5479 -39.1291 -320.22 14.9 1.2 0.8 2.4
2014.5507 -35.4438 -313.78 13.8 1.2 0.8 2.4
2014.5534 -33.2218 -312.115 16.1 1.2 0.8 2.4
2014.5562 -33.9806 -312.67 17.2 1.2 0.8 2.4
2014.5589 -33.6012 -313.78 9.5 1.2 0.8 2.4
2014.5616 -35.3354 -312.448 7.4 1.3 0.9 2.7
