2005.6411 0 0 0 1.4 0.9 2.8
2006.6082 -13.057 -20.2132 8.7 7.1 4.0 7.8
2006.6110 -2.92227 -24.3225 45.4 5.3 2.9 6.9
2007.5890 13.6787 -26.5437 -13.7 1.3 0.9 2.6
2007.5918 15.0466 -27.6543 -3.5 1.5 1.1 3.0
2008.5397 20.0207 -42.5365 -25.8 1.4 1.0 3.0
2008.5425 19.8963 -41.2038 -34.8 1.4 1.0 2.8
2009.5425 15.4196 -49.8666 -33.4 1.3 0.9 2.7
2009.5452 16.0414 -49.5334 -17 1.3 0.9 2.7
2009.5479 32.518 -64.4156 -13.5 5.2 2.5 6.4
2010.5260 29.7201 -65.3041 -22.9 1.4 0.9 2.6
2010.5288 27.9792 -62.9718 -20.4 1.4 0.9 2.6
