2007.2603 0 0 0 1.2 0.9 2.5
2007.2630 -3.65089 1.55452 -11.2 1.2 0.8 2.5
2007.2658 -4.97848 0.888297 -7.5 1.1 0.8 2.4
2007.2685 -2.82114 0.444149 -6 1.2 0.8 2.4
2007.2712 -5.80823 1.44348 -20 1.1 0.8 2.4
2007.2740 -4.53595 0.333112 -22.1 1.2 0.9 2.5
2007.2767 -3.20836 -1.33244 -24.5 1.1 0.8 2.4
2007.2795 -1.60418 1.66556 -11 1.2 0.8 2.4
2007.2822 -3.92747 2.998 -11 1.2 0.8 2.4
2007.2849 -1.88076 2.22074 -13.9 1.2 0.9 2.4
2007.2877 -5.14443 0.333112 -13.3 1.2 0.8 2.4
2007.2904 -3.20836 1.22141 -10.6 1.2 0.8 2.4
2007.2932 -2.21266 0.888297 -10.9 1.3 0.9 2.4
2007.2959 -0.885064 0.888297 -13.7 1.2 0.8 2.4
2007.2986 -4.42532 2.44282 -8.4 1.2 0.8 2.4
2007.3014 -3.65089 1.44348 -10.1 1.2 0.8 2.4
2007.3041 -5.58696 2.88697 -8.7 1.2 0.8 2.4
2007.3068 -4.59127 0.999335 -8.8 1.2 0.8 2.4
2007.3096 -3.54025 -0.333111 -6 1.2 0.9 2.4
2007.3123 -4.75722 0.999335 -8.4 1.2 0.8 2.4
2007.3151 -6.91456 0.999335 -16.2 1.2 0.9 2.4
2007.3178 -6.41671 2.77593 -9.4 1.2 0.8 2.4
2007.3205 -8.51874 2.44282 -6.8 1.2 0.8 2.4
2007.3233 -5.42101 0.444149 -11.4 1.2 0.8 2.4
2007.3260 -4.53595 -1.33244 -3.1 1.2 0.8 2.4
2007.3288 -4.64658 0.333112 -11.8 1.2 0.8 2.4
2007.3315 -8.18684 2.77593 -13.6 1.2 0.8 2.4
2007.3342 -5.53165 1.77659 -10.4 1.2 0.9 2.5
2007.3370 -4.31468 0.888297 -12.3 1.2 0.9 2.4
2007.3397 -1.3276 -0.333111 -12.3 1.2 0.8 2.4
2007.3425 -5.91886 -1.11037 -12 1.2 0.8 2.4
2007.3452 -4.81253 0 -8.9 1.2 0.8 2.4
2007.3479 -6.30608 1.55452 -8.5 1.2 0.8 2.4
2007.3507 -8.13152 3.8863 -4.4 2.7 2.3 5.1
2007.4192 -3.0424 0 -17.8 2.9 2.3 5.6
2007.4219 -6.30608 2.66489 -12.9 1.2 0.8 2.4
2007.4247 -5.08911 2.10971 -10 1.2 0.8 2.4
2007.4274 -11.7824 0.222074 -18.7 1.2 0.8 2.5
2007.4301 -6.96987 2.66489 -15.5 1.2 0.8 2.4
2007.4329 -11.008 2.66489 -12.6 1.2 0.8 2.4
2007.4356 -6.74861 3.55319 -8.8 1.2 0.8 2.4
2007.4384 -5.91886 3.10904 -8.4 1.2 0.8 2.4
2007.4411 -7.68899 3.77526 -7.8 1.2 0.8 2.4
2007.4438 -6.85924 2.77593 -10.6 1.2 0.8 2.5
2007.4466 -7.52304 2.22074 -13.2 1.2 0.8 2.5
2007.4493 -7.41241 2.33178 -15.8 1.2 0.8 2.4
2007.4521 -8.96127 1.66556 -11.7 1.2 0.8 2.4
2007.4548 -9.4038 2.33178 -9.1 1.2 0.8 2.4
2007.4575 -7.74431 1.33245 -6.9 1.2 0.8 2.4
2007.4603 -8.62937 3.10904 -7.3 1.2 0.8 2.4
2007.4630 -7.46772 3.33111 -9.2 1.2 0.8 2.4
2007.4658 -10.1229 3.55319 -10.9 1.2 0.8 2.4
2007.4685 -7.46772 1.77659 -9.4 1.2 0.8 2.4
2007.4712 -8.57405 4.99667 -10.6 1.2 0.8 2.4
2007.4740 -9.90165 4.99667 -10 1.2 0.8 2.4
2007.4767 -6.19544 5.55186 -2.2 1.2 0.8 2.4
2007.4795 -7.85494 2.10971 -11.2 1.2 0.9 2.4
2007.4822 -10.1229 2.66489 -8.8 1.2 0.8 2.4
2007.4849 -9.45912 2.66489 -9.5 1.2 0.8 2.4
2007.4877 -10.3995 1.33245 -8.1 1.2 0.8 2.4
2007.4904 -12.059 4.66356 -9.2 1.2 0.8 2.4
2007.4932 -9.29317 1.22141 -9.6 1.2 0.8 2.4
2007.4959 -11.2292 -0.111037 -11.8 1.2 0.8 2.4
2007.4986 -12.2249 2.22074 -13.1 1.2 0.8 2.4
2007.5014 -10.2889 3.99734 -9.2 1.2 0.8 2.4
2007.5041 -9.29317 4.10837 -8.7 1.2 0.8 2.4
2007.5068 -13.2206 3.44215 -10.2 1.2 0.8 2.4
2007.5096 -9.90165 0.222074 -9.1 1.2 0.8 2.4
2007.5123 -10.842 2.10971 -11.1 1.2 0.8 2.4
2007.5151 -12.0037 2.44282 -17.1 1.5 0.9 2.8
2007.5178 -10.3995 1.88763 -8.4 1.2 0.8 2.5
2007.5205 -11.1186 1.88763 -9 1.2 0.8 2.4
2007.5233 -10.2889 1.44348 -6.9 1.2 0.8 2.4
2007.5260 -11.3399 1.22141 -10.1 1.3 0.9 2.6
2007.5288 -10.5654 2.22074 2.6 1.2 0.8 2.5
2007.5315 -11.6165 3.77526 -10.8 1.2 0.8 2.4
2007.5342 -13.1653 3.33111 -8.6 1.2 0.9 2.5
2007.5370 -12.9441 1.44348 -4.4 1.2 0.8 2.4
2007.5397 -8.29747 1.77659 -9.5 1.2 0.8 2.4
2007.5425 -10.6761 1.77659 -4.7 1.2 0.8 2.4
2007.5452 -10.7314 1.88763 -11.9 1.2 0.8 2.4
2007.5479 -13.0547 4.7746 -3.3 1.2 0.8 2.4
2007.5507 -14.4376 2.10971 -3.1 1.2 0.9 2.5
2007.5534 -12.2249 2.55385 -10.2 1.2 0.8 2.4
2007.5562 -14.9354 1.11037 -10.4 1.2 0.8 2.4
2007.5589 -13.11 2.33178 -6 1.2 0.8 2.4
2007.5616 -10.6761 2.66489 -9.6 1.2 0.8 2.4
2007.5644 -14.4929 3.22008 -10.1 1.2 0.8 2.4
2007.5671 -13.8844 3.33111 -7.6 1.2 0.9 2.4
2007.5699 -12.3356 2.33178 -6.6 1.2 0.8 2.4
2007.5726 -13.5525 1.99867 -5.1 1.1 0.8 2.4
2007.5753 -12.7228 2.998 -13.8 1.1 0.9 2.4
2007.5781 -15.212 2.55385 -7.7 1.1 0.9 2.4
2007.5808 -16.5949 1.77659 -12.6 1.2 0.9 2.5
2007.5836 -14.9354 4.55252 -4.7 1.2 0.9 2.4
2007.5863 -20.8543 1.44348 -12.4 1.1 0.8 2.4
2007.5890 -15.1567 4.66356 -5.5 1.1 0.9 2.4
2007.5918 -16.2077 4.66356 -8.2 1.1 0.9 2.4
2007.5945 -15.3227 4.7746 -3.8 1.1 0.9 2.4
2007.5973 -14.9354 2.33178 -6.9 1.2 0.9 2.4
2007.6000 -14.4376 3.77526 -4.1 1.2 0.9 2.4
2007.6027 -14.1057 6.32912 -1 1.1 0.9 2.4
2007.6055 -14.2716 4.99667 -4.5 1.1 0.9 2.4
2007.6082 -18.697 5.21875 -7.7 1.2 0.9 2.4
2007.6110 -15.8758 5.10771 -2 1.1 0.9 2.4
2007.6137 -14.6035 4.33045 -4.8 1.1 0.9 2.4
2007.6164 -15.0461 4.44149 -3.2 1.2 0.9 2.4
2007.6192 -11.6165 5.10771 -0.4 1.2 0.9 2.6
2007.6219 -19.4714 2.55385 5.9 1.2 0.9 2.6
2007.6247 -21.5181 4.21941 -4.2 1.2 0.9 2.5
2007.6274 -18.7523 2.44282 -2.4 1.2 0.9 2.5
2007.6301 -19.6927 3.33111 7.8 1.2 0.9 2.5
2007.6329 -21.9606 2.88697 -9.2 1.2 0.9 2.5
2007.6356 -16.263 3.22008 1 1.2 0.9 2.5
2007.6384 -15.4886 3.33111 -1 1.1 0.9 2.5
2007.6411 -19.0842 4.7746 1.8 1.2 0.9 2.5
2007.6438 -19.6373 3.44215 2.1 1.1 0.9 2.4
2007.6466 -20.3565 3.8863 -1.5 1.2 0.9 2.6
2007.6493 -17.3141 4.7746 -1 1.2 0.9 2.5
2007.6521 -20.0799 4.66356 3.3 1.2 0.9 2.5
2007.6548 -18.7523 5.99601 -1.1 1.2 0.9 2.5
2007.6575 -17.2587 5.66289 -1.5 1.2 0.9 2.5
2007.6603 -20.9096 5.55186 2.6 1.2 0.9 2.5
2007.6630 -19.1395 3.55319 6.8 1.2 0.9 2.5
2007.6658 -17.0375 3.77526 -0.4 1.2 0.9 2.5
2007.6685 -19.4161 5.44082 1.4 1.2 0.9 2.5
2007.6712 -19.2501 3.77526 3.2 1.2 0.9 2.5
2007.6740 -20.799 5.44082 0.6 1.2 0.9 2.5
2007.6767 -17.3141 5.21875 -2 1.2 0.9 2.5
2007.6795 -20.3565 4.10837 -0.2 1.2 0.9 2.5
2007.6822 -18.697 4.7746 4 1.2 0.9 2.5
2007.6849 -21.3522 4.88563 4.1 1.2 0.9 2.5
2007.6877 -18.531 4.88563 -1.1 1.2 0.9 2.5
2007.6904 -17.4247 4.7746 -2.7 1.2 0.9 2.5
2007.6932 -19.1395 5.77393 -2.4 1.2 0.9 2.5
2007.6959 -19.3054 6.32912 0.3 1.2 0.9 2.5
2007.6986 -23.067 7.66156 0.9 1.2 0.9 2.5
2007.7014 -20.5777 4.66356 -1.6 1.2 0.9 2.5
2007.7041 -20.5224 3.55319 -2.4 1.2 0.9 2.5
2007.7068 -19.748 6.44015 -6.5 1.3 0.9 2.5
2007.7096 -18.9182 4.44149 3.5 1.2 0.9 2.5
2007.7123 -18.9182 5.66289 -1.8 1.2 0.9 2.5
2007.7151 -21.2415 5.44082 -2 1.2 0.9 2.5
2007.7178 -22.5691 5.10771 -2.8 1.1 0.8 2.4
2007.7205 -19.2501 5.10771 -1.1 1.1 0.8 2.4
2007.7233 -17.2034 6.21808 1.8 1.1 0.8 2.4
2007.7260 -19.3054 7.10638 3.9 1.1 0.8 2.4
2007.7288 -18.4757 5.99601 2.1 1.2 0.8 2.4
2007.7315 -9.84633 10.6596 12.8 1.1 0.8 2.4
2007.7342 -19.3608 5.55186 -3.2 1.2 0.8 2.5
2007.7370 -22.1266 7.55053 -4.6 1.2 0.8 2.4
2007.7397 -20.1352 6.99534 0.7 1.2 0.9 2.5
2007.7425 -21.6287 7.66156 9.5 1.2 0.9 2.5
2007.7452 -23.3435 6.66223 4.4 1.2 0.9 2.5
2007.7479 -17.2587 8.77193 13.5 1.2 0.8 2.4
2007.7507 -22.7351 5.99601 1.7 1.2 0.9 2.4
2007.7534 -22.016 5.77393 5.1 1.2 0.9 2.5
2007.7562 -19.4161 4.88563 2 1.2 0.9 2.5
2007.7589 -27.3263 7.99467 -1 1.2 0.8 2.5
2007.7616 -23.952 7.55053 4.8 1.2 0.8 2.5
2007.7644 -23.4542 8.21675 0.8 1.2 0.8 2.4
2007.7671 -19.2501 8.54986 6.6 1.2 0.8 2.4
2007.7699 -21.4628 8.99401 6.6 1.3 0.9 2.6
2007.7726 -21.5181 9.54919 7.7 1.3 0.9 2.6
2007.7753 -23.8967 9.10505 6.8 1.3 0.9 2.6
2007.7781 -22.8457 8.54986 6.3 1.2 0.8 2.4
2007.7808 -22.1266 10.4375 4.3 1.2 0.9 2.4
2007.7836 -23.0117 9.8823 1.3 1.2 0.9 2.4
2007.7863 -25.6115 9.43816 8.5 1.2 0.9 2.4
2007.7890 -25.6668 8.88297 1.8 1.2 0.9 2.5
2007.7918 -24.118 8.99401 3.2 1.2 0.9 2.4
2007.7945 -24.1733 7.55053 4.8 1.2 0.9 2.5
2007.7973 -24.6158 8.6609 6.1 1.2 0.9 2.5
2007.8000 -26.1094 9.99334 10.7 1.2 0.9 2.4
2007.8027 -28.8199 10.6596 11.1 1.2 0.9 2.4
2007.8055 -24.0073 10.8816 4.4 1.2 0.9 2.4
2007.8082 -26.386 9.8823 9.9 1.2 0.8 2.4
2007.8110 -23.8967 12.6582 2.5 1.2 0.9 2.4
2007.8137 -22.2925 12.8803 -0.6 1.2 0.9 2.4
2007.8164 -24.9477 10.8816 3.5 1.2 0.9 2.5
2007.8192 -27.7689 9.99334 4.9 1.2 0.9 2.5
2007.8219 -25.8881 9.10505 7.5 1.2 0.9 2.5
2007.8247 -23.7308 8.99401 2.8 1.2 0.9 2.5
2007.8274 -26.3306 10.1044 -1.9 1.2 0.9 2.4
2007.8301 -28.8752 9.66023 8.2 1.2 0.9 2.4
2007.8329 -22.4032 7.88364 4.3 1.2 0.9 2.5
2007.8356 -23.8414 12.2141 6 1.1 0.8 2.5
2007.8384 -26.5519 10.3265 3.1 1.1 0.8 2.5
2007.8411 -22.0713 9.66023 1.7 1.2 0.9 2.6
2007.8438 -24.2286 13.1024 -7.9 1.1 0.8 2.4
2007.8466 -25.2243 10.8816 4.4 1.2 0.8 2.5
2007.8493 -23.7308 11.1037 7.3 1.1 0.8 2.5
2007.8521 -25.8328 9.8823 5 1.1 0.8 2.5
2007.8548 -28.1008 9.8823 8.1 1.2 0.9 2.5
2007.8575 -26.6625 10.7706 7.3 1.2 0.9 2.5
2007.8603 -27.7135 10.2154 5.2 1.1 0.8 2.4
2007.8630 -28.322 10.8816 -0.8 1.1 0.8 2.4
2007.8658 -24.8371 9.32712 8.5 1.1 0.8 2.4
2007.8685 -28.8752 8.10571 11.8 1.3 0.9 2.7
2007.8712 -28.488 10.6596 8 1.1 0.8 2.4
2007.8740 -26.5519 10.6596 1.5 1.2 0.8 2.4
2007.8767 -27.6582 9.8823 0.7 1.1 0.8 2.4
2007.8795 -25.3349 10.5485 6.9 1.1 0.8 2.4
2007.8822 -28.5433 12.5472 -0.1 1.1 0.8 2.5
2007.8849 -28.488 11.4368 -13.3 1.2 0.9 2.5
2007.8877 -28.488 13.8796 5.1 1.3 0.9 2.5
2007.8904 -29.8156 11.881 -0.8 1.2 0.8 2.4
2007.8932 -28.6539 12.6582 -5.7 1.2 0.8 2.4
2007.8959 -26.386 11.3258 5.3 1.2 0.9 2.5
2007.8986 -27.5476 10.6596 3.5 1.2 0.9 2.5
2007.9014 -27.1604 9.32712 5.2 1.1 0.8 2.4
2007.9041 -22.1266 13.8796 -16.5 1.1 0.8 2.4
2007.9068 -30.756 10.7706 -6.1 1.2 0.8 2.4
2007.9096 -27.9348 8.21675 -10 1.2 0.8 2.4
2007.9123 -27.3817 10.9927 -5.6 1.2 0.8 2.5
2007.9151 -22.5691 10.3265 3.5 1.8 1.2 3.6
2008.4110 -42.7596 25.9827 -13.4 2.6 2.5 5.5
2008.4137 -44.8063 24.5392 -11.8 1.2 0.8 2.4
2008.4164 -46.7424 22.6516 -6.4 1.2 0.8 2.4
2008.4192 -44.0872 23.3178 -9.1 1.1 0.8 2.4
2008.4219 -46.5211 22.6516 -4.2 1.2 0.8 2.4
2008.4247 -44.5298 23.984 -8.6 1.2 0.9 2.5
2008.4274 -47.1849 23.4288 -8.5 1.2 0.9 2.4
2008.4301 -47.5722 22.3185 -12.9 1.2 0.9 2.4
2008.4329 -45.5808 22.2074 -14 1.2 0.9 2.5
2008.4356 -44.5298 21.2081 -10.1 1.2 0.9 2.5
2008.4384 -48.2913 21.0971 -3.9 1.2 0.9 2.5
2008.4411 -44.8063 22.3185 -12.1 1.2 0.9 2.4
2008.4438 -46.4658 23.0957 -11.3 1.2 0.9 2.4
2008.4466 -43.6447 22.8736 -6.7 1.2 0.8 2.4
2008.4493 -48.9551 24.9834 -9.5 1.2 0.9 2.4
2008.4521 -47.019 23.3178 -9.3 1.2 0.8 2.4
2008.4548 -47.5168 22.0964 -6.7 1.2 0.9 2.4
2008.4575 -46.9637 23.7619 -9.5 1.2 0.9 2.4
2008.4603 -45.6914 24.6502 -10.2 1.2 0.8 2.4
2008.4630 -45.0829 22.2074 -6.3 1.2 0.9 2.4
2008.4658 -49.3423 25.2054 -15.1 1.2 0.8 2.4
2008.4685 -43.3128 23.5399 -12.9 1.2 0.8 2.4
2008.4712 -44.4191 25.0944 -8.5 1.2 0.8 2.4
2008.4740 -42.9809 23.3178 -8.8 1.2 0.8 2.4
2008.4767 -45.1382 22.3185 -10.2 1.2 0.8 2.4
2008.4795 -38.7215 27.3151 -20.4 1.2 0.8 2.4
2008.4822 -48.0147 22.2074 -10 1.2 0.8 2.4
2008.4849 -46.9084 24.6502 -5.3 1.2 0.8 2.4
2008.4877 -47.9594 24.3171 -10.2 1.2 0.8 2.5
2008.4904 -49.6189 23.6509 -11.4 1.1 0.8 2.4
2008.4932 -47.8487 22.3185 -13.1 1.1 0.8 2.4
2008.4959 -48.4572 22.5405 -9.9 1.2 0.8 2.4
2008.4986 -49.121 22.6516 -7.5 1.2 0.8 2.4
2008.5014 -43.4234 27.9814 -19.6 1.2 0.9 2.4
2008.5041 -48.2913 23.5399 -9.3 1.2 0.8 2.5
2008.5068 -48.8444 26.0937 -8.6 1.1 0.8 2.4
2008.5096 -48.5125 22.7626 -9 1.2 0.8 2.4
2008.5123 -48.7891 23.7619 -2.4 1.2 0.8 2.4
2008.5151 -47.4062 21.9854 -8.9 1.2 0.8 2.4
2008.5178 -48.236 22.5405 -4 1.1 0.8 2.4
2008.5205 -50.7805 24.8723 -10.2 1.1 0.8 2.4
2008.5233 -48.5679 25.9827 -12.9 1.1 0.8 2.4
2008.5260 -51.7209 24.0951 -12.3 1.2 0.9 2.4
2008.5288 -51.389 24.2061 -9.3 1.2 0.9 2.4
2008.5315 -50.7805 25.8717 -6.5 1.2 0.9 2.4
2008.5342 -53.657 24.6502 -5 1.1 0.9 2.4
2008.5370 -51.7762 24.2061 -11 1.1 0.9 2.4
2008.5397 -50.5039 23.873 -10.6 1.1 0.9 2.4
2008.5425 -50.1167 24.7613 -9.6 1.1 0.9 2.4
2008.5452 -52.7166 23.2068 -7.3 1.1 0.9 2.4
2008.5479 -47.5722 25.9827 -3.2 1.1 0.9 2.4
2008.5507 -49.0104 24.8723 -9.7 1.1 0.9 2.4
2008.5534 -50.7805 24.9834 -3.4 1.1 0.9 2.4
2008.5562 -49.5082 26.0937 -13.5 1.1 0.9 2.3
2008.5589 -50.9465 23.873 -6.5 1.1 0.9 2.3
2008.5616 -51.3337 26.4268 -10.1 1.1 0.9 2.4
2008.5644 -48.5125 27.2041 -20.2 1.1 0.9 2.3
2008.5671 -53.657 26.6489 -12.7 1.1 0.9 2.4
2008.5699 -54.2655 26.3158 -9.1 1.1 0.9 2.3
2008.5726 -52.7719 26.982 -6.8 1.1 0.9 2.3
2008.5753 -55.759 27.3151 -3 1.2 0.9 2.4
2008.5781 -54.9293 28.8697 -9.8 1.2 0.9 2.4
2008.5808 -53.491 27.8703 -6 1.1 0.9 2.4
2008.5836 -54.5974 28.5365 -7.5 1.1 0.9 2.4
2008.5863 -53.2144 28.3145 -2.7 1.1 0.9 2.3
2008.5890 -52.9379 27.5372 -7.4 1.1 0.9 2.4
2008.5918 -53.8229 24.9834 2.4 1.2 0.9 2.4
2008.5945 -54.7633 26.2048 -9.8 1.1 0.8 2.3
2008.5973 -52.9379 24.6502 -6 1.1 0.9 2.4
2008.6000 -55.0952 24.6502 -9.6 1.1 0.9 2.4
2008.6027 -55.0952 27.7593 -11 1.1 0.9 2.5
2008.6055 -56.0356 26.982 -5.7 1.1 0.9 2.4
2008.6082 -53.9889 24.0951 -7.6 1.1 0.9 2.4
2008.6110 -56.4228 26.2048 -9.3 1.1 0.9 2.4
2008.6137 -54.0442 26.4268 -6.2 1.1 0.9 2.4
2008.6164 -54.2655 27.9814 -7.5 1.1 0.9 2.4
2008.6192 -56.7547 24.2061 -0.8 1.1 0.9 2.4
2008.6219 -57.5291 25.8717 -4 1.1 0.9 2.4
2008.6247 -56.2015 25.9827 -8.1 1.1 0.9 2.4
2008.6274 -55.3165 26.3158 -7.6 1.1 0.9 2.4
2008.6301 -55.3718 25.6496 -8.9 1.1 0.9 2.4
2008.6329 -57.861 25.6496 -4.8 1.2 0.9 2.4
2008.6356 -54.8186 23.2068 -4.7 1.1 0.9 2.4
2008.6384 -59.9077 25.5385 -1.7 1.1 0.9 2.4
2008.6411 -57.3079 24.6502 -8.8 1.1 0.9 2.4
2008.6438 -57.5291 25.4275 -5.9 1.1 0.9 2.4
2008.6466 -56.976 23.6509 -1.9 1.1 0.9 2.4
2008.6493 -58.8014 23.7619 -4.8 1.1 0.9 2.4
2008.6521 -55.0952 24.6502 -5.9 1.1 0.9 2.4
2008.6548 -58.4695 23.984 -4.6 1.1 0.9 2.4
2008.6575 -56.2015 25.0944 -2.5 1.1 0.9 2.4
2008.6603 -57.1419 26.5379 -2.7 1.2 0.9 2.4
2008.6630 -56.976 25.9827 -0.3 1.2 0.9 2.4
2015.5589 -296.607 109.372 -21.7 1.2 0.9 2.6
2015.5616 -300.147 107.151 -18.1 1.1 0.8 2.5
2015.5644 -302.194 107.706 -16.8 1.1 0.8 2.5
2015.5671 -301.198 107.484 -19.9 1.1 0.8 2.5
2015.5699 -301.641 108.927 -24.2 1.2 0.8 2.5
