2018.9452 0 0 0 1.3 1.0 2.9
2018.9479 -0.89964 0.444117 -5.9 1.1 0.8 2.5
2018.9507 -0.5292 2.22059 -6.7 1.1 0.8 2.5
2018.9534 -1.8522 2.44264 0.1 1.2 0.8 2.5
2018.9562 -0.47628 3.775 -3 1.1 0.8 2.5
2018.9589 -0.2646 2.77573 -4.5 1.2 0.8 2.5
2018.9616 -2.32848 1.8875 -4.6 1.1 0.8 2.5
2018.9644 0.5292 4.88529 -11.4 1.1 0.8 2.5
2018.9671 -2.96352 3.775 -11.4 1.1 0.8 2.5
2018.9699 -2.43432 4.99632 -5.6 1.2 0.8 2.5
2018.9726 -2.1168 4.44117 -8.4 1.2 0.8 2.5
2018.9753 -4.07484 2.44264 -7.5 1.1 0.8 2.5
2018.9781 0.370441 3.99706 -12.5 1.1 0.8 2.5
2018.9808 -2.80476 4.88529 -12.2 1.3 0.8 2.6
2019.0301 -6.66792 3.775 -8.4 1.3 0.9 2.6
2019.0329 -6.98544 3.66397 -1.8 1.2 0.8 2.5
2019.0356 -8.62596 -1.66544 -0.7 1.1 0.8 2.5
2019.0384 -5.0274 0.11103 -7.3 1.1 0.8 2.5
2019.0411 -5.13324 2.77573 -10.8 1.1 0.8 2.5
2019.0438 -8.2026 -0.444116 -3.7 1.1 0.8 2.4
2019.0466 -6.615 2.33162 -2.9 1.1 0.8 2.5
2019.0493 -15.0822 -2.77573 6 1.1 0.8 2.5
2019.0521 -5.50368 -0.111029 0.9 1.1 0.8 2.5
2019.0548 -8.4672 -1.11029 -6.8 1.2 0.9 2.6
2019.0575 -7.30296 -0.999263 -5.9 1.1 0.8 2.5
2019.0603 -7.72632 -1.11029 -2.8 1.2 0.8 2.6
2019.0630 -8.41428 -1.11029 0.5 1.1 0.8 2.5
2019.0658 -7.30296 -1.66544 -4.6 1.1 0.8 2.6
2019.0685 -3.1752 1.33235 -0.1 1.1 0.8 2.6
2019.0712 -6.0858 0.666176 -5.9 1.1 0.9 2.6
2019.0740 -5.292 -1.77647 -8.2 1.1 0.9 2.5
2019.0767 -9.10224 0.666176 -1.7 1.1 0.8 2.5
2019.0795 -14.1826 -8.21617 -14.6 1.2 0.8 2.6
2019.0822 -8.7318 -2.6647 0.5 1.1 0.8 2.5
2019.0849 -10.0548 -1.33235 4 2.2 1.4 4.4
2019.1288 -4.60404 -1.22132 -1 1.1 0.8 2.5
2019.1315 -8.14968 -0.555146 1.1 1.1 0.8 2.5
2019.1342 -11.8541 -0.777205 -19.8 1.1 0.8 2.5
2019.1370 -10.1606 -6.10661 5.4 1.1 0.9 2.5
2019.1397 -10.3194 -0.777205 -18.7 1.1 0.9 2.6
2019.1425 -10.584 -0.444116 -16.9 1.1 0.8 2.5
2019.1452 -10.7957 -0.777205 -23.3 1.1 0.8 2.4
2019.1479 -11.1661 -1.8875 -27.1 1.1 0.8 2.5
2019.1507 -11.5895 -2.33162 -23.1 1.1 0.8 2.5
2019.1534 -11.8541 0 -27.2 1.1 0.8 2.5
2019.1562 -9.04932 1.44338 -21.8 1.1 0.8 2.5
2019.1589 -10.5311 0.666176 -20.6 1.1 0.8 2.5
2019.1616 -7.72632 -0.999263 -21.7 1.2 0.8 2.5
2019.1644 -10.4252 -1.44338 -24.3 1.2 0.9 2.5
2019.1671 -8.89056 -1.66544 -21.3 1.1 0.8 2.5
2019.1699 -8.14968 -0.888234 -27.2 1.1 0.8 2.5
2019.1726 -8.78472 -0.666175 -27 1.1 0.8 2.5
2019.1753 -8.62596 -1.11029 -24.3 1.1 0.8 2.5
2019.1781 -9.04932 -0.333088 -19.1 1.1 0.8 2.5
2019.1808 -7.1442 -1.11029 -23.9 1.1 0.8 2.5
2019.1836 -8.36136 -1.33235 -18.6 1.1 0.8 2.5
2019.1863 -7.6734 -0.666175 -22.7 1.1 0.8 2.5
2019.1890 -8.9964 -1.77647 -17.1 1.1 0.8 2.5
2019.1918 -8.9964 -0.888234 -16.6 1.1 0.8 2.5
2019.1945 -7.83216 -1.66544 -22.8 1.1 0.8 2.5
2019.1973 -5.71536 -2.10956 -17.8 1.1 0.8 2.5
2019.2000 -7.1442 -2.99779 -14.2 1.1 0.8 2.5
2019.2027 -5.92704 -4.66323 -14.9 1.1 0.9 2.5
2019.2055 -7.46172 -3.88603 -15 1.1 0.8 2.5
2019.2082 -7.77924 -2.55367 -12 1.1 0.9 2.5
2019.2110 -8.30844 -6.66176 -2.7 1.1 0.8 2.5
2019.2137 -11.0603 -6.55073 -5.9 1.1 0.8 2.5
2019.2164 -7.88508 -5.66249 0.7 1.1 0.8 2.5
2019.2192 -6.40332 -6.55073 1.5 1.1 0.8 2.5
2019.2219 -9.47268 -5.21838 8.2 1.1 0.9 2.6
2019.2247 -9.5256 -5.10735 1.8 1.1 0.8 2.5
2019.2274 -12.9125 -7.10588 -7.9 1.1 0.8 2.5
2019.2301 -12.9125 -5.32941 -7.8 1.1 0.8 2.5
2019.2329 -9.89604 -3.88603 -9.8 1.1 0.8 2.5
2019.2356 -9.94896 -3.66397 -10.6 1.1 0.8 2.5
2019.2384 -9.41976 -1.33235 -16.5 1.1 0.8 2.5
2019.2411 -9.57852 -1.8875 -19 1.1 0.8 2.5
2019.2438 -9.7902 -0.111029 -23.3 1.1 0.9 2.6
2019.2466 -10.0548 0.222059 -23.1 1.1 0.8 2.6
2019.2493 -8.2026 -0.333088 -20.6 1.7 1.1 3.4
2019.2959 -5.23908 1.33235 -10.4 1.3 0.9 2.9
2019.2986 -4.12776 1.8875 -13.4 1.2 0.8 2.6
2019.3014 -6.40332 2.10956 -12.1 1.1 0.8 2.5
2019.3041 -4.07484 2.33162 -3.3 1.1 0.8 2.5
2019.3068 -4.65696 -0.777205 -9 1.1 0.8 2.5
2019.3096 -6.0858 0.222059 -13 1.1 0.8 2.5
2019.3123 -5.8212 2.33162 -9.8 1.1 0.8 2.5
2019.3151 -7.56756 2.44264 -10.2 1.2 0.9 2.5
2019.3178 -2.48724 2.22059 -15.3 1.1 0.8 2.5
2019.3205 -2.85768 2.44264 -14.2 1.2 0.8 2.5
2019.3233 -2.54016 2.99779 -12.9 1.2 0.8 2.5
2019.3260 -4.55112 1.66544 -16.6 1.1 0.8 2.5
2019.3288 -4.07484 2.10956 -13.6 1.1 0.8 2.5
2019.3315 -2.32848 3.33088 -13.8 1.1 0.8 2.5
2019.3342 -2.3814 3.66397 -14.1 1.2 0.8 2.6
2019.3370 -4.39236 2.99779 -18.2 1.2 0.8 2.6
2019.3397 -1.95804 1.44338 -17.7 1.2 0.8 2.6
2019.3425 -4.55112 1.8875 -12.9 1.1 0.8 2.5
2019.3452 -3.49272 4.10809 -11.2 1.1 0.8 2.5
2019.3479 -2.06388 2.44264 -8.9 1.1 0.8 2.5
2019.3507 -4.12776 2.10956 -14.4 1.1 0.8 2.6
2019.3534 -1.95804 3.21985 -12.1 1.1 0.8 2.5
2019.3562 -3.54564 2.55367 -16.2 1.1 0.8 2.5
2019.3589 -3.38688 4.21911 -11.5 1.2 0.8 2.5
2019.3616 -5.0274 4.88529 -14.6 1.1 0.8 2.5
2019.3644 -3.65148 2.77573 -12.5 1.1 0.8 2.5
2019.3671 1.69344 9.88161 -7.3 1.3 1.0 2.7
2019.3699 -3.54564 3.44191 -15 1.1 0.8 2.5
2019.3726 -3.65148 4.66323 -14.4 1.1 0.8 2.5
2019.3753 -6.40332 3.775 -14.3 1.1 0.8 2.5
2019.3781 -3.65148 3.10882 -16.6 1.2 0.9 2.5
2019.3808 -4.97448 3.21985 -12.2 1.1 0.8 2.5
2019.3836 -9.10224 2.10956 -17 1.1 0.8 2.5
2019.3863 -5.08032 2.88676 -15.1 1.1 0.8 2.5
2019.3890 -4.7628 1.55441 -22.7 1.1 0.8 2.5
2019.3918 -5.60952 3.775 -18.9 1.1 0.8 2.5
2019.3945 -6.29748 2.88676 -19.3 1.1 0.8 2.5
2019.3973 -4.81572 2.99779 -23.5 1.1 0.8 2.5
2019.4000 -7.88508 2.33162 -22.6 1.1 0.8 2.5
2019.4027 -3.54564 2.55367 -18.3 1.1 0.8 2.5
2019.4055 -7.19712 4.88529 -18.8 1.1 0.8 2.5
2019.4082 -5.50368 7.43896 -14.7 1.2 0.9 2.6
2019.4110 -6.66792 4.10809 -17.9 1.1 0.8 2.5
2019.4137 -6.72084 4.44117 -18.5 1.1 0.8 2.5
2019.4164 -5.13324 4.66323 -17.7 1.1 0.8 2.5
2019.4192 -7.35588 6.55073 -16 1.1 0.8 2.5
2019.4219 -8.7318 3.33088 -17.5 1.1 0.8 2.5
2019.4247 -7.03836 3.55294 -17.8 1.1 0.8 2.5
2019.4274 -9.04932 2.6647 -15 1.2 0.9 2.7
2019.4301 -5.60952 2.88676 -15.9 1.1 0.8 2.6
2019.4329 -11.4836 4.44117 -16.7 1.1 0.8 2.5
2019.4356 -9.89604 4.33014 -21.8 1.1 0.8 2.5
2019.4384 -5.13324 3.88603 -17.5 1.1 0.8 2.5
2019.4411 -8.25552 4.5522 -23.6 1.1 0.8 2.6
2019.4438 -7.6734 6.66176 -18.8 1.1 0.8 2.6
2019.4466 -9.89604 7.43896 -18.4 1.1 0.8 2.6
2019.4493 -11.8541 4.99632 -19.2 1.2 0.8 2.6
2019.4521 -7.938 3.775 -15.4 1.2 0.8 2.6
2019.4548 -6.93252 6.10661 -17.2 1.2 0.8 2.6
2019.4575 -7.72632 5.44044 -16.1 1.1 0.8 2.6
2019.4603 -5.5566 4.44117 -17 1.2 0.8 2.6
2019.4630 -8.4672 3.775 -22 1.1 0.8 2.6
2019.4658 -8.94348 4.88529 -20.5 1.2 0.9 2.6
2019.4685 -13.9709 2.55367 -18.5 1.2 0.9 2.7
2019.4712 0.211681 1.22132 -14.1 1.2 0.8 2.6
2019.4740 -11.0074 7.43896 -20 1.1 0.8 2.6
2019.4767 -9.68436 7.32793 -15 1.1 0.8 2.6
2019.4795 -7.72632 6.21764 -17 1.1 0.8 2.6
2019.4822 -8.78472 5.66249 -19.7 1.1 0.8 2.5
2019.4849 -10.9544 5.32941 -14.8 1.1 0.8 2.6
2019.4877 -13.6534 3.88603 -18.9 1.1 0.8 2.6
2019.4904 -7.99092 6.10661 -21 1.1 0.8 2.6
2019.4932 -10.9015 5.99558 -16 1.1 0.8 2.5
2019.4959 -12.2245 3.775 -16.3 1.1 0.8 2.5
2019.4986 -8.83764 6.32867 -23.5 1.1 0.8 2.5
2019.5014 -9.41976 2.6647 -13.9 1.1 0.8 2.5
2019.5041 -8.9964 3.44191 -18.9 1.1 0.8 2.5
2019.5068 -9.47268 3.775 -16 1.1 0.8 2.5
2019.5096 -14.6588 5.88455 -20.5 1.1 0.8 2.5
2019.5123 -7.35588 6.21764 -19.2 1.1 0.8 2.5
2019.5151 -13.7592 4.44117 -9.2 1.1 0.8 2.5
2019.5178 -8.78472 3.775 -13.7 1.1 0.8 2.6
2019.5205 -9.73728 3.99706 -7.6 1.1 0.8 2.5
2019.5233 -4.7628 1.44338 -9.5 1.3 0.9 2.6
2019.5260 -7.56756 -0.888234 -2.9 1.1 0.8 2.5
2019.5288 -12.3304 1.8875 -11.5 1.1 0.8 2.5
2019.5315 -9.10224 1.55441 -8.6 1.2 0.9 2.6
2019.5342 -10.3723 1.8875 -10.9 1.2 0.9 2.6
2019.5370 -7.83216 1.22132 -8.7 1.1 0.8 2.5
2019.5397 -12.1716 0.888235 -6.6 1.2 0.9 2.7
2019.5425 -6.0858 -1.99853 -17.5 1.1 0.8 2.6
2019.5452 -14.1826 2.88676 -9.9 1.1 0.8 2.6
2019.5479 -7.72632 2.6647 -9.7 1.2 0.9 2.7
2019.5507 -6.50916 0.666176 -7.3 1.1 0.8 2.5
2019.5534 -9.73728 3.33088 -21.1 1.1 0.8 2.5
2019.5562 -16.2464 4.21911 -6.9 1.1 0.9 2.6
2019.5589 -9.261 2.6647 -6.3 1.1 0.9 2.6
2019.5616 -9.7902 0.999264 -9.8 1.2 0.9 2.6
2019.5644 -10.584 0.666176 -13.3 1.1 0.8 2.5
2019.5671 -11.8012 0.555147 -7.3 1.1 0.9 2.5
2019.5699 -9.68436 1.99853 -7.9 1.1 0.9 2.5
2019.5726 -11.8012 -0.222059 -7.8 1.1 0.9 2.5
2019.5753 -12.3304 1.44338 -7.3 1.1 0.9 2.5
2019.8822 -16.7227 -1.33235 -15.1 1.3 0.9 2.7
2019.8849 -15.9818 0.444117 -4.6 1.2 0.8 2.6
2019.8877 -13.23 -1.22132 -11.6 1.2 0.8 2.5
2019.8904 -14.3942 -1.11029 -13.9 1.2 0.9 2.6
2019.8932 -12.1187 -3.775 -1.1 1.2 0.8 2.6
2019.8959 -17.4107 -5.32941 -2 1.2 0.8 2.6
2019.8986 -13.4946 -4.33014 -9.1 1.2 0.8 2.5
2019.9014 -22.2793 -8.54926 -16.6 1.2 0.8 2.5
2019.9041 -16.9873 -4.88529 -9.7 1.2 0.8 2.5
2019.9068 -13.3358 -4.99632 -0.4 1.2 0.8 2.5
2019.9096 -13.3358 -6.55073 -22.9 1.3 0.9 2.9
2019.9123 -15.241 -5.66249 -7.9 1.2 0.8 2.6
2019.9151 -10.9544 -1.8875 -11.5 1.2 0.8 2.6
2019.9178 -14.5001 -5.44044 -9.5 1.1 0.8 2.5
2019.9205 -18.522 -3.99705 -7.7 1.1 0.8 2.6
2019.9233 -17.9399 -3.10882 -10.5 1.2 0.8 2.6
2019.9260 -16.0348 -2.22059 -6.6 1.2 0.8 2.6
2019.9288 -14.9764 -1.66544 -6.2 1.1 0.8 2.6
2019.9315 -17.887 -3.21985 -2.6 1.1 0.8 2.5
2019.9342 -15.7172 -3.775 -1.3 1.1 0.8 2.5
2019.9370 -9.7902 -1.66544 -6.9 1.2 0.9 2.7
2019.9397 -10.0019 -1.44338 -5.3 1.1 0.8 2.6
2019.9425 -19.21 -3.44191 -8.2 1.2 0.8 2.6
2019.9452 -15.876 -5.21838 -11.4 1.1 0.8 2.6
2019.9479 -14.7118 -6.21764 -3.8 1.1 0.8 2.5
2019.9507 -15.4526 -7.43896 -8.4 1.1 0.8 2.6
2019.9534 -14.2355 -5.55147 -9 1.2 0.9 2.6
2019.9562 -14.0767 -7.10588 -7.7 1.1 0.8 2.5
2019.9589 -14.9764 -6.55073 -3.8 1.1 0.8 2.5
2019.9616 -13.0712 -7.43896 -5.3 1.1 0.8 2.5
2019.9644 -14.2884 -6.77279 -2.9 1.2 0.8 2.6
2019.9671 -15.0293 -4.44117 -0.8 1.1 0.8 2.6
2019.9699 -12.7008 -7.54999 -4.1 1.1 0.8 2.6
2019.9726 -15.3468 -9.21543 1.1 1.1 0.8 2.5
2019.9753 -17.5165 -5.21838 -9.4 2.9 1.8 5.2
2019.9781 -27.4655 -17.9867 13.6 1.5 1.1 3.3
2019.9808 -15.4526 -10.6588 3.3 1.3 0.9 2.8
2019.9836 -29.6881 -17.0985 -9.4 2.0 1.3 4.0
2020.0932 -21.6972 -12.8794 -8.3 1.1 0.9 2.6
2020.0959 -21.5384 -13.7676 2.2 1.1 0.8 2.5
2020.0986 -22.1735 -14.7669 -2 1.1 0.9 2.5
2020.1014 -24.5549 -12.7684 -0.8 1.1 0.9 2.5
2020.1041 -23.7611 -11.9912 -0.9 1.1 0.8 2.5
2020.1068 -21.6972 -12.7684 -9.9 1.1 0.9 2.5
2020.1096 -21.4326 -14.2118 0.7 1.1 0.9 2.5
2020.1123 -23.4436 -11.6581 -13.1 1.1 0.9 2.6
2020.1151 -20.7976 -10.9919 -12.5 1.1 0.9 2.5
2020.1178 -22.8614 -11.325 -3.4 1.1 0.8 2.5
2020.1205 -23.3377 -12.2132 -11.4 1.1 0.9 2.5
2020.1233 -22.3322 -11.9912 -10.7 1.1 0.9 2.5
2020.1260 -21.6443 -12.2132 -8.9 1.1 0.8 2.5
2020.1288 -25.1899 -12.8794 -6.6 1.1 0.9 2.5
2020.1315 -23.4965 -12.7684 -8.9 1.1 0.8 2.5
2020.1342 -23.8669 -14.7669 1 1.1 0.9 2.5
2020.1370 -24.9253 -17.0985 5.8 1.1 0.9 2.5
2020.1397 -25.4016 -18.0978 5.6 1.1 0.9 2.6
2020.1425 -17.7282 -15.9882 7.6 1.1 0.9 2.6
2020.1452 -20.48 -16.7654 7.2 1.1 0.8 2.5
2020.1479 -19.4746 -15.6551 3 1.1 0.8 2.5
2020.1507 -17.9928 -14.1007 0.8 1.1 0.8 2.5
2020.1534 -22.7556 -14.4338 -4.5 1.1 0.8 2.5
2020.1562 -25.5074 -13.1015 -5.9 1.1 0.8 2.5
2020.1589 -24.502 -14.5448 -6.7 1.1 0.8 2.5
2020.1616 -24.9253 -14.2118 -7.4 1.1 0.8 2.5
2020.1644 -25.7191 -14.1007 -8.2 1.1 0.8 2.5
2020.1671 -26.2483 -15.5441 2.6 1.1 0.8 2.5
2020.1699 -27.6242 -16.8765 7.8 1.1 0.8 2.5
2020.1726 -23.9198 -16.3213 10.1 1.1 0.8 2.5
2020.1753 -22.9144 -17.6537 9.7 1.1 0.8 2.5
2020.1781 -24.1315 -15.8772 2 1.1 0.8 2.5
2020.1808 -29.0002 -15.211 2.1 1.1 0.8 2.5
2020.1836 -28.6826 -14.7669 -4.4 1.1 0.8 2.5
2020.1863 -26.4071 -16.8765 -1.5 1.1 0.8 2.5
2020.1890 -26.0896 -15.9882 -11.5 1.1 0.8 2.5
2020.1918 -26.7775 -15.4331 -16 1.1 0.9 2.6
2020.1945 -33.4454 -13.1015 -13.7 1.1 0.8 2.5
2020.1973 -31.117 -12.5463 -15.8 1.1 0.8 2.6
2020.2000 -31.5403 -14.3228 -13.3 1.1 0.8 2.6
2020.2027 -31.3816 -15.322 -9.8 1.3 1.0 3.0
2020.2055 -29.106 -16.5434 -9.9 1.3 1.1 3.0
2020.2082 -29.741 -20.8735 -7.4 1.5 1.2 3.5
2020.2110 -24.3961 -17.5426 -0.6 4.1 1.7 5.2
2020.2137 -27.0421 -15.7662 -5.3 2.8 2.2 6.0
2020.4356 -25.7191 -10.1037 -21.8 1.3 1.1 3.1
2020.4384 -26.2483 -10.3257 -25.6 1.2 0.9 2.7
2020.4411 -25.8779 -11.325 -24.2 1.2 0.9 2.7
