2001.1918 0 0 0 1.3 0.9 2.7
2001.1945 -5.26215 2.88772 -5.8 1.3 0.9 2.7
2001.1973 0.950989 7.99676 7.4 1.3 0.8 2.7
2001.2000 -6.78373 10.8845 0.3 1.3 0.8 2.7
2001.2027 0 11.2177 6.1 1.3 0.8 2.7
2001.3863 -6.21314 8.32995 0.6 1.3 0.8 2.7
2001.3890 -3.99416 9.77381 7.5 1.3 0.8 2.7
2001.3918 -4.81835 9.44061 9.4 1.3 0.8 2.6
2001.4000 -3.42357 10.7734 9.8 1.3 0.8 2.6
2001.4027 -3.74056 10.6623 18.5 1.3 0.8 2.7
2001.4055 2.72617 9.77381 4.3 1.4 0.9 2.9
2001.4082 -0.126799 9.77381 9.2 1.7 1.0 3.0
2001.4110 -0.507195 7.99676 -4.3 1.3 0.9 2.8
2001.4438 -5.26215 10.9955 5.9 1.3 0.8 2.6
2001.5479 -10.9681 11.2177 7.9 1.2 0.9 2.7
2001.5507 -11.4119 11.9951 8.4 1.3 0.9 2.9
2001.5534 -15.9132 10.2181 10.9 1.2 0.8 2.7
2001.5562 -6.46674 10.3291 15.4 1.2 0.8 2.7
2001.5589 0.380396 11.3287 3.6 1.2 0.9 2.8
2001.5616 -9.31971 9.99594 4.6 1.2 0.9 2.7
2001.5644 -10.0171 10.5513 0.7 1.2 0.9 2.7
2001.5671 -12.2361 12.6615 5.9 1.3 0.9 2.8
2001.5699 -13.4407 10.5513 5.4 1.3 0.9 2.9
2001.5726 -16.04 10.107 9.4 1.3 0.9 2.7
2001.5753 -19.0198 8.32995 14.4 1.2 0.9 2.8
2001.5781 -15.723 11.5509 9.6 1.3 1.0 3.0
2001.5808 -8.30532 12.7726 16.1 1.7 1.3 3.6
2001.5836 -11.4753 13.1058 9.1 1.2 0.9 2.8
2001.5863 -10.7779 14.3275 1.9 1.2 0.9 2.8
2001.5890 -12.1727 14.3275 2.9 1.2 0.9 2.8
2001.5918 -11.9825 14.7718 -4.3 1.2 0.9 2.8
2001.5945 -9.8903 10.6623 3 1.2 0.9 2.8
2001.5973 -11.8557 11.1066 0.3 1.2 0.9 2.8
2001.6000 -14.3283 11.5509 6.9 1.2 0.9 2.8
2001.6027 -9.9537 12.3283 12.5 1.3 1.0 2.8
2001.6055 -11.2217 13.7722 6.8 1.3 1.0 3.0
2001.6082 -10.4609 13.5501 -1.3 1.2 0.9 2.8
2001.6110 -6.91053 13.1058 7.9 1.2 0.9 2.8
2001.6137 -12.5531 9.66275 9.8 1.2 0.9 2.8
2001.6164 -9.57331 13.439 -0.4 1.2 0.9 2.8
2001.6192 -9.57331 10.2181 14.1 1.2 0.9 2.8
2001.6247 -14.0113 13.439 7 1.2 0.9 2.7
2001.6274 -13.1871 12.6615 16.2 1.2 0.9 2.7
2001.6301 -12.3629 14.3275 13 1.4 1.0 2.9
2001.6329 -11.6655 11.3287 14.3 1.2 0.9 2.7
2001.6356 -11.1583 10.107 10.8 1.3 1.0 2.9
2001.6384 -14.4551 16.1046 10.9 1.4 1.0 3.0
2001.6411 -13.1871 16.4378 11 1.2 0.9 2.7
2001.6438 -15.406 15.3271 13.5 1.2 0.9 2.8
2001.6466 -9.8903 11.2177 10.2 1.3 0.9 2.8
2001.6493 -12.2361 13.6611 13.6 1.2 0.9 2.9
2001.6521 -12.8067 14.9939 15.6 1.3 0.9 2.8
2001.6548 -14.0747 16.4378 11.5 1.2 0.9 2.7
2001.6575 -14.3283 13.439 12.9 1.3 0.9 2.9
2001.6603 -12.1093 13.5501 0.8 1.3 0.9 2.9
2001.6630 -15.723 14.3275 10 1.3 0.9 2.9
2001.6658 -10.0805 14.3275 10.7 1.3 1.0 3.1
2001.6685 -17.5616 16.2156 5.9 1.3 0.9 2.9
2001.6712 -15.2158 15.5492 -0.6 1.3 0.9 2.9
2001.6740 -15.4694 14.8829 0.6 1.3 0.9 2.8
2001.6767 -14.9623 14.1054 9.8 1.3 0.9 2.9
2001.6795 -15.406 17.6595 -2.7 1.4 1.0 2.9
2001.6822 -21.6826 15.3271 0.9 1.2 0.9 2.8
2001.6849 -27.5153 15.6603 6.6 1.2 0.9 2.7
2001.6877 -16.1668 16.5488 21.2 1.3 0.9 2.8
2001.6904 -12.8701 17.7706 10.8 1.3 0.9 2.8
2001.6932 -14.6453 15.216 5.4 1.2 0.8 2.7
2001.6959 -18.0688 18.3259 5.2 1.3 0.9 2.7
2001.6986 -22.7604 16.3267 8.8 1.3 0.9 2.8
2001.7014 -18.7028 16.2156 9.7 1.3 0.9 2.8
2001.7041 -15.1524 14.7718 8 1.2 0.8 2.7
2001.7068 -16.1668 16.6599 2.4 1.2 0.9 2.7
2001.7096 -17.1178 15.216 -1.3 1.2 0.9 2.6
2001.7123 -17.1812 20.4362 -2 1.2 0.9 2.6
2001.7151 -15.2158 16.771 8.7 1.2 0.9 2.7
2001.7178 -19.7172 18.3259 6.4 1.4 0.9 2.8
2001.7205 -18.7662 16.6599 3.1 1.3 0.9 2.8
2001.7233 -15.9132 15.6603 2.2 1.3 0.9 2.7
2001.7260 -18.1956 16.3267 9.4 1.2 0.8 2.6
2001.7288 -19.5904 14.9939 10.3 1.2 0.9 2.7
2001.7315 -13.3773 15.5492 8.3 1.5 1.0 3.0
2001.7342 -18.259 16.6599 9.1 1.7 1.2 3.6
2001.7370 -18.5126 22.4353 6 3.8 1.7 5.0
2001.7397 -29.7977 17.2152 6 7.4 3.0 7.7
2001.7425 -29.5441 19.8808 11.2 3.1 1.4 4.2
2001.7452 -40.4488 25.1009 21.7 2.7 1.3 3.8
2001.7479 -23.014 17.4374 -0.3 2.8 1.3 4.4
2001.7507 -23.7114 17.8816 6.3 3.9 1.6 4.9
2001.7534 -25.6767 20.8804 12.5 2.8 1.3 4.0
2001.7562 -30.0513 22.6575 11.2 3.1 1.7 4.7
2001.7589 -30.2415 19.8808 10.5 3.4 1.6 4.6
2001.7616 -25.9937 21.9911 2.5 2.5 1.3 3.8
2001.7644 -20.0342 19.5476 2.8 1.4 0.9 2.8
2001.7671 -27.7689 21.9911 8.1 2.5 1.3 3.8
2001.7699 -29.1003 24.6567 15.1 3.2 1.8 4.6
2001.7726 -31.9533 21.3247 8.6 2.5 1.2 3.8
2001.7753 -26.3741 18.3259 13.7 1.3 0.9 2.7
2001.7781 -21.429 17.5484 13.5 1.2 0.8 2.7
2001.7808 -21.1754 19.4366 5.2 1.3 0.9 2.6
2001.7836 -21.8094 20.103 5.8 1.3 0.9 2.7
2001.7863 -22.6336 17.1042 21.6 1.3 0.9 2.7
2001.7890 -21.746 16.2156 18.7 1.2 0.8 2.6
2001.7918 -21.1754 16.4378 13.4 1.3 0.9 2.7
2002.0027 -17.6884 21.4357 29.4 1.2 0.9 2.7
2002.0219 -17.8152 27.2112 40.8 1.9 1.1 3.3
2002.0411 -23.1408 18.6591 28.3 1.3 0.9 2.8
2002.0603 -23.965 23.1017 23.1 1.5 0.9 2.8
2002.0795 -28.0225 17.2152 4.7 1.2 0.8 2.6
2002.0959 -41.5266 14.5497 -0.1 2.3 1.3 4.0
2002.1123 -22.9506 21.4357 -6.3 1.3 0.9 2.7
2002.1288 -23.7748 19.9919 5.8 1.2 0.8 2.6
2002.1452 -30.1147 16.771 8.8 1.3 0.9 2.7
2002.1479 -34.1723 19.9919 7.7 1.2 0.8 2.6
2002.1507 -32.5873 21.7689 8.1 1.3 0.8 2.6
2002.1534 -32.2703 21.88 9.2 1.3 0.8 2.6
2002.1562 -28.5931 15.6603 7.1 1.3 0.9 2.7
2002.1589 -32.2069 16.6599 12.4 1.3 0.9 2.7
2002.1616 -34.9965 23.6571 5.3 1.3 0.8 2.6
2002.1644 -31.8899 17.9927 3 1.3 0.9 2.6
2002.1808 -31.0023 22.2132 10.5 1.3 0.8 2.6
2002.2000 -33.8553 23.8792 0.9 1.3 0.8 2.6
2002.2192 -34.3625 19.9919 8.9 1.3 0.8 2.6
2002.2384 -33.9821 21.5468 6.5 1.4 0.9 2.7
2002.2575 -41.0194 20.103 21.9 1.4 0.8 2.6
2002.2767 -39.3076 22.6575 5.4 1.4 0.8 2.7
2002.2959 -38.103 22.9907 6.2 1.4 0.9 2.8
2002.3151 -38.6102 21.3247 18.2 1.3 0.8 2.7
2002.3288 -37.0252 25.3231 5.5 1.5 0.9 2.7
2002.3479 -39.1174 22.4353 10.9 1.4 0.9 2.7
2002.3644 -39.3076 23.7681 11.4 1.3 0.8 2.6
2002.3808 -42.2874 23.4349 8.8 1.3 0.8 2.6
2002.3973 -39.688 22.8796 10.4 1.4 0.9 2.7
2002.4110 -41.3364 24.9899 5 1.3 0.9 2.7
2002.4137 -39.6246 24.4345 4.1 1.4 0.9 2.8
2002.4164 -41.8436 26.6559 9.9 1.4 0.9 2.8
2002.4192 -40.005 25.9895 5.1 1.3 0.8 2.7
2002.4219 -42.0338 25.7673 10.6 1.3 0.8 2.7
2002.4247 -39.4978 25.8784 10.8 1.3 0.9 2.7
2002.4274 -36.4546 24.6567 7 1.4 0.9 2.8
2002.4301 -36.201 24.1013 13.7 1.4 0.9 2.8
2002.4329 -40.2586 24.2124 9.4 1.3 0.9 2.8
2002.4356 -37.9762 23.6571 5.3 1.4 0.8 2.7
2002.4384 -36.6448 24.7677 5.8 1.4 0.9 2.7
2002.4411 -36.835 26.4337 -0.6 1.4 0.9 2.8
2002.4438 -37.6592 24.4345 5.8 1.4 0.9 2.7
2002.4466 -43.0482 23.546 16.7 1.4 0.9 2.8
2002.4493 -42.0972 25.4341 12.9 1.4 0.9 2.8
2002.4521 -41.59 29.2104 9.7 1.4 1.0 2.9
2002.4548 -40.322 22.9907 14.9 1.4 0.9 2.7
2002.4575 -40.956 22.8796 7.8 1.3 0.9 2.8
2002.4603 -40.639 23.8792 3.8 1.3 0.9 2.7
2002.4630 -43.3018 26.6559 2.2 1.3 0.9 2.7
2002.4658 -41.7168 26.9891 6.7 1.4 0.9 2.8
2002.4685 -37.6592 23.4349 3.4 1.3 0.9 2.7
2002.4712 -38.5468 25.212 2.1 1.3 0.9 2.8
2002.4740 -39.8148 22.6575 3.7 1.3 0.9 2.7
2002.4767 -42.4776 23.3239 1.5 1.3 0.8 2.7
2002.4795 -38.8638 23.7681 -1.4 1.3 0.9 2.7
2002.4822 -39.4978 24.2124 3.7 1.2 0.8 2.6
2002.4849 -40.7658 26.4337 -1.5 1.4 0.9 2.8
2002.4877 -42.6044 26.1005 3.3 1.4 0.9 2.9
2002.4904 -37.3422 24.8788 -6 1.4 0.9 2.8
2002.4932 -41.2096 23.546 1.6 1.3 0.9 2.8
2002.4959 -39.4344 25.4341 2.9 1.3 0.9 2.8
2002.4986 -42.4142 24.6567 10.2 1.3 0.9 2.8
2002.5014 -38.6736 25.5452 7.4 1.3 0.9 2.7
2002.5041 -39.6246 26.2116 4.2 1.3 0.9 2.7
2002.5068 -42.9214 25.7673 -2.9 1.3 0.9 2.8
2002.5096 -39.9416 26.5448 0.9 1.3 0.9 2.7
2002.5123 -42.0338 25.9895 5.3 1.3 0.9 2.7
2003.0027 -61.3072 36.7629 -20.1 1.4 0.9 2.8
2003.0082 -56.1084 33.8751 -9.6 1.4 0.9 2.8
2003.0110 -58.6444 29.4325 -6.5 1.4 0.9 2.7
2003.0137 -63.3994 31.6538 -14.6 1.4 1.0 2.9
2003.0164 -62.7654 32.7645 -17.5 1.4 0.9 2.8
2003.0192 -66.6327 33.8751 -24 1.4 0.9 2.8
2003.0219 -64.6674 31.6538 -27.6 1.3 0.9 2.7
2003.0247 -67.0765 34.4305 -22.4 1.4 1.0 2.8
2003.0274 -67.0131 30.9874 -16.2 1.4 0.9 2.8
2003.0301 -64.4772 29.8768 -16.2 1.4 0.9 2.7
2003.0329 -63.5262 33.653 -15.4 1.4 0.9 2.7
2003.0356 -63.019 33.653 -16.1 1.3 0.9 2.7
2003.0384 -64.604 30.21 -25.8 1.3 0.9 2.7
2003.0411 -88.6957 26.6559 -87.3 1.4 0.9 2.7
2003.0438 -65.8085 28.2108 4.1 1.4 0.9 2.8
2003.0466 -53.1287 36.8739 23.7 1.4 0.9 2.8
2003.0493 -57.947 33.4309 10.4 1.4 1.0 2.8
2003.0521 -55.1575 33.3198 2.7 1.4 1.0 2.8
2003.0548 -59.215 32.4313 12.6 1.4 0.9 2.7
2003.0575 -55.411 31.7649 19.4 1.4 1.0 2.8
2003.0603 -59.0882 29.9878 7 1.4 0.9 2.8
2003.0630 -62.1314 32.7645 6.2 1.4 0.9 2.8
2003.0658 -60.166 33.9862 6 1.4 0.9 2.8
2003.0685 -58.9614 36.0965 10.3 1.4 1.0 2.8
2003.0712 -57.8202 32.7645 16.1 1.4 0.9 2.8
2003.0740 -62.8922 28.3218 5.3 1.4 0.9 2.8
2003.0767 -50.8463 27.5444 8 1.4 1.0 2.8
2003.0795 -58.2006 33.653 11.2 1.4 1.0 2.8
2003.0822 -54.3333 31.2096 -0.6 1.4 1.0 2.9
2003.0849 -63.653 28.8772 7 1.4 0.9 2.7
2003.0877 -56.996 26.7669 1.3 1.4 1.0 2.8
2003.0904 -60.0392 30.6542 4.2 1.4 0.9 2.8
2003.0932 -59.5954 30.9874 4.2 1.4 0.9 2.8
2003.0959 -59.4686 30.8764 -11.7 1.5 1.0 2.9
2003.0986 -47.2959 26.9891 5.2 1.4 0.9 2.8
2003.1014 -51.4803 26.9891 7 1.4 0.9 2.8
2003.1041 -61.8778 32.6534 13.4 1.4 0.9 2.8
2003.1068 -56.8692 31.4317 18.8 1.4 0.9 2.8
2003.1096 -71.1975 34.6526 8.8 1.4 1.0 2.9
2003.1123 -58.3908 31.2096 11.7 1.5 0.9 3.0
2003.1151 -67.4569 33.653 12.8 1.5 1.0 3.0
2003.1178 -58.7712 29.7657 12.2 1.5 0.9 2.9
2003.1205 -60.0392 23.1017 3.1 1.4 0.9 2.8
2003.1233 -68.7249 29.9878 8 1.5 0.9 2.8
2003.1260 -58.4542 26.7669 8 1.4 0.9 2.8
2003.1288 -55.6012 24.4345 8.3 1.4 0.9 2.8
2003.1315 -59.0248 27.4333 7.1 1.5 1.0 2.9
2003.1342 -52.3679 26.7669 11.9 1.5 0.9 2.8
2003.1370 -58.264 30.8764 17.6 1.5 0.9 2.8
2003.1397 -66.8863 32.4313 11.5 1.4 0.9 2.7
2003.1425 -66.3791 33.9862 8.8 1.4 0.9 2.7
2003.1452 -64.3504 30.321 8.9 1.5 0.9 2.7
2003.1479 -69.4223 28.9882 9.9 1.4 0.9 2.7
2003.1507 -68.6615 28.7661 14.7 1.5 0.9 2.7
2003.1534 -71.0073 30.5432 10.5 1.4 0.9 2.7
2003.1562 -70.6269 31.3206 8.2 1.4 0.9 2.7
2003.1589 -73.4799 29.6546 3.8 1.5 0.9 2.7
2003.1616 -65.8085 33.0977 -11.9 1.4 0.9 2.7
2003.1644 -61.8144 35.7633 2.7 1.5 0.9 2.8
2003.1671 -65.6183 34.4305 11.3 1.4 0.9 2.8
2003.1699 -68.3445 31.987 7.6 1.5 0.9 2.8
2003.1726 -71.8315 31.0985 18.6 1.5 0.9 2.8
2003.1753 -59.7856 31.0985 9.2 1.4 0.9 2.7
2003.1781 -64.0968 31.4317 17.2 1.4 0.9 2.7
2003.1808 -63.1458 35.2079 15.4 1.5 1.0 2.8
2003.1836 -65.8719 34.6526 11.9 1.5 1.0 2.8
2003.1863 -63.97 34.3194 12.1 1.4 0.9 2.7
2003.1890 -69.4223 34.6526 10.3 1.4 0.9 2.8
2003.1918 -65.6183 33.0977 5.9 1.4 0.9 2.7
2003.1945 -62.5752 35.4301 5.4 1.5 0.9 2.8
2003.1973 -69.2955 32.7645 16.3 1.5 0.9 2.8
2003.2000 -67.4569 36.0965 8.5 1.5 0.9 2.9
2003.2027 -63.653 33.7641 11.1 1.5 0.9 2.9
2003.2055 -64.1602 35.8743 15.5 1.5 0.9 2.9
2003.2082 -64.3504 35.4301 12.3 1.5 0.9 2.9
2003.2110 -69.1687 34.3194 8.9 1.5 0.9 2.9
2003.2137 -66.5693 32.8756 7.3 1.5 0.9 2.8
2003.2164 -66.8863 33.7641 3.1 1.5 0.9 2.9
2003.2192 -64.287 34.0973 6.4 1.5 0.9 2.8
2003.2219 -63.3994 33.653 7.9 1.6 0.9 2.9
2003.2247 -64.921 31.5428 13.6 1.4 0.9 2.8
2003.2274 -66.8863 32.6534 1.5 1.4 0.9 2.8
2003.2301 -65.3014 35.0969 4.2 1.5 1.0 2.9
2003.2329 -67.0765 32.5424 6.2 1.4 0.9 2.7
2003.2356 -61.3072 34.7637 10.6 1.5 0.9 2.9
2003.2384 -63.8432 31.5428 15.9 1.5 0.9 2.8
2003.2411 -68.9785 30.4321 17 1.5 0.9 2.9
2003.2438 -64.4772 33.7641 14.2 1.4 0.9 2.8
2003.2466 -60.4196 35.2079 6.7 1.4 0.9 2.8
2003.2493 -67.4569 35.8743 0.1 1.5 0.9 2.8
2003.2521 -64.287 36.3186 9.9 1.4 0.9 2.7
2003.2575 -66.7595 33.3198 6.4 1.4 0.9 2.8
2003.2603 -68.4713 32.8756 5.7 1.4 0.9 2.8
2003.2630 -65.3647 34.2083 0.7 1.4 0.9 2.7
2003.2658 -64.287 31.987 10 1.4 0.9 2.7
2003.2685 -68.4079 33.7641 10 1.4 0.9 2.7
2003.2712 -68.5347 34.8747 10.6 1.5 0.9 2.8
2003.2740 -71.3243 33.2087 10.3 1.4 0.9 2.8
2003.2767 -64.7942 34.0973 11.3 1.4 0.9 2.7
2003.2795 -65.8085 33.3198 11.8 1.4 0.9 2.7
2003.2822 -69.7393 34.3194 6.9 1.4 0.8 2.7
2003.2849 -69.2955 34.8747 8.2 1.4 0.8 2.7
2003.2877 -67.2667 36.2075 5.4 1.4 0.8 2.7
2003.2904 -67.7739 34.7637 6.9 1.4 0.8 2.7
2003.2932 -68.7883 36.2075 0.1 1.4 0.9 2.7
2003.2959 -72.1485 35.319 6.1 1.5 0.9 2.8
2003.2986 -71.2609 35.4301 17.6 1.4 0.8 2.7
2003.3014 -80.3904 31.2096 10.8 1.4 0.8 2.6
2003.3041 -83.5604 33.2087 -2.9 1.4 0.8 2.7
2003.3068 -64.0968 29.4325 -2 1.4 0.9 2.7
2003.3096 -68.4713 34.4305 4.9 1.3 0.8 2.6
2003.3123 -73.6701 35.319 6.4 1.4 0.9 2.7
2003.3151 -72.7825 34.9858 5.5 1.3 0.8 2.6
2003.3178 -70.6269 38.651 12.1 1.4 0.9 2.7
2003.3205 -67.0765 35.7633 5.1 1.4 0.8 2.7
2003.3233 -67.8373 37.4293 11 1.3 0.9 2.7
2003.3260 -70.3733 37.4293 7.2 1.4 0.8 2.6
2003.3288 -69.3589 38.9842 11.3 1.4 0.9 2.8
2003.3315 -69.1053 35.7633 13.2 1.4 0.8 2.8
2003.3342 -70.6903 37.7625 15.9 1.4 0.8 2.7
2003.3370 -70.8805 37.0961 9.1 1.4 0.8 2.6
2003.3397 -72.0217 36.4297 14.1 1.4 0.8 2.7
2003.3425 -73.9871 37.6514 6.6 1.3 0.8 2.6
2003.3452 -72.7825 37.4293 11.8 1.3 0.8 2.6
2003.3479 -67.6471 40.8723 16.5 1.3 0.8 2.7
2003.3507 -68.6615 36.3186 2.7 1.4 0.9 2.7
2003.3534 -66.7595 36.985 16.5 1.4 0.9 2.8
2003.3562 -76.0792 35.6522 10.5 1.3 0.8 2.6
2003.3589 -73.6701 38.3178 4 1.3 0.8 2.6
2003.3616 -68.9785 38.7621 8.3 1.3 0.8 2.6
2003.3644 -72.7825 38.3178 8.8 1.3 0.8 2.6
2003.3671 -70.1197 37.2071 5.1 1.3 0.8 2.6
2003.3699 -73.4799 39.3174 6.3 1.4 0.9 2.6
2003.3726 -70.1831 40.6502 8.9 1.3 0.8 2.6
2003.3753 -65.0478 38.9842 7.9 1.3 0.9 2.7
2003.3781 -72.3387 38.2067 9.3 1.3 0.8 2.6
2003.3808 -69.7393 36.5407 10.9 1.3 0.8 2.6
2003.3890 -74.1139 37.4293 1 1.3 0.8 2.6
2003.3918 -73.2897 37.5403 6.4 1.3 0.8 2.6
2003.3945 -76.206 36.7629 4.9 1.3 0.8 2.6
2003.3973 -71.7681 36.7629 9.6 1.3 0.9 2.6
2003.4000 -71.8315 38.0957 -0.6 1.3 0.9 2.6
2003.4027 -71.9583 37.7625 3.6 1.4 0.9 2.8
2003.4055 -72.2753 40.8723 10.2 1.4 0.9 2.7
2003.4082 -72.0851 39.5395 7.8 1.4 0.9 2.7
2003.4110 -78.0446 40.0948 11.7 1.3 0.9 2.7
2003.4137 -67.1399 39.6506 6.4 1.2 0.8 2.6
2003.4164 -70.8171 38.5399 13.1 1.3 0.9 2.7
2003.4192 -71.3877 39.4284 14 1.3 0.9 2.7
2003.4219 -69.9929 37.0961 1.6 1.2 0.9 2.7
2003.4247 -74.4943 33.5419 5.2 1.3 0.9 2.7
2003.4274 -71.1341 37.5403 5.8 1.2 0.9 2.7
2003.4301 -59.849 38.3178 9.4 1.3 0.9 2.8
2003.4329 -73.1629 35.319 4.3 1.3 0.9 2.7
2003.4356 -73.4165 38.0957 5.7 1.3 0.9 2.7
2003.4384 -73.0361 37.6514 2.1 1.2 0.9 2.7
2003.4411 -77.4106 36.4297 3.7 1.2 0.9 2.6
2003.4438 -74.6211 35.2079 10.6 1.2 0.9 2.7
2003.4466 -73.9237 37.9846 12.9 1.2 0.9 2.7
2003.4493 -71.8315 37.2071 8.7 1.2 0.9 2.7
2003.4521 -67.2667 38.0957 14 1.2 0.9 2.6
2003.4548 -69.6125 38.651 10.4 1.2 0.9 2.6
2003.4575 -69.9295 35.319 17.6 1.2 0.9 2.7
2003.4603 -69.8661 40.5391 14.9 1.3 0.9 2.7
2003.4630 -75.8256 37.5403 13.5 1.2 0.9 2.6
2003.4658 -74.6845 38.8731 12.3 1.2 0.9 2.7
2003.4685 -71.7047 36.985 3.6 1.2 0.9 2.7
2003.4712 -70.1197 39.6506 5.9 1.3 0.9 2.7
2003.4740 -73.7969 39.4284 8.3 1.2 0.9 2.7
2003.4767 -74.1139 39.3174 12.9 1.2 0.9 2.6
2003.4795 -70.0563 40.5391 15.5 1.2 0.9 2.7
2003.4822 -76.9034 36.985 15.9 1.3 0.9 2.7
2003.4849 -72.3387 39.5395 8.6 1.3 0.9 2.7
2003.4877 -71.3877 38.7621 15.5 1.3 0.9 2.7
2003.4904 -75.7622 39.5395 12.2 1.3 0.9 2.7
2003.4932 -75.889 37.8735 12.1 1.3 0.9 2.6
2003.4959 -75.0649 38.8731 5.7 1.3 0.9 2.7
2003.5178 -70.6903 36.0965 6.6 1.2 0.9 2.7
2003.5205 -72.4655 38.3178 9.2 1.2 0.9 2.6
2003.5233 -78.0446 37.0961 17.8 1.3 0.9 2.6
2003.5260 -73.6067 40.5391 19.6 1.3 0.9 2.8
2003.5288 -74.4309 39.7616 7 1.3 0.9 2.7
2003.5315 -71.7681 40.8723 7.1 1.3 0.9 2.7
2003.5342 -67.5203 37.4293 20.7 1.3 0.9 2.7
2003.5370 -73.7335 41.6498 12.4 1.3 0.9 2.7
2003.5397 -71.7681 39.5395 9.2 1.3 0.9 2.7
2003.5425 -74.3675 38.2067 13.4 1.3 0.9 2.9
2003.5452 -76.0158 39.7616 9.4 1.3 0.9 2.7
2003.5479 -73.2263 40.317 16.6 1.3 0.9 2.7
2003.5507 -77.0936 35.6522 10.4 1.3 0.9 2.6
2003.5534 -84.448 39.2063 0.3 1.4 0.9 2.7
2003.5562 -76.0158 36.7629 7 1.3 0.9 2.7
2003.5589 -74.9381 40.9834 9.8 1.2 0.9 2.6
2003.5616 -76.6498 39.4284 9.8 1.2 0.9 2.6
2003.5644 -76.0158 41.8719 13.8 1.2 0.9 2.7
2003.5671 -77.0302 42.9826 16.4 1.3 0.9 2.7
2003.5699 -75.6354 43.0936 16.5 1.2 0.9 2.7
2003.5726 -78.9956 40.428 16 1.3 0.9 2.7
2003.5753 -73.9237 41.7608 6.2 1.3 0.9 2.8
2003.5781 -78.8688 39.4284 7.4 1.3 0.9 2.7
2003.5808 -74.1773 38.9842 8 1.3 0.9 2.7
2003.5836 -76.5864 42.8715 -4.3 1.3 0.9 2.7
2003.5863 -83.6238 37.2071 8.5 1.3 0.9 2.7
2003.5890 -75.0015 41.8719 6.3 1.3 0.9 2.7
2003.5918 -76.0158 40.8723 10.1 1.3 0.9 2.7
2003.5945 -75.8256 40.5391 10.1 1.2 0.9 2.7
2003.5973 -76.3328 40.7612 -0.7 1.2 0.9 2.7
2003.6000 -75.3819 39.6506 2.9 1.2 0.9 2.7
2003.6027 -75.3819 42.094 11.9 1.2 0.9 2.6
2003.6055 -76.9034 41.4276 0.8 1.2 0.9 2.6
2003.6082 -78.3616 42.4272 1.6 1.2 0.9 2.7
2003.6110 -78.4884 42.2051 1.5 1.2 0.9 2.7
2003.6137 -84.9552 42.4272 2.8 1.2 0.9 2.6
2003.6164 -78.5518 40.8723 5.5 1.2 0.9 2.6
2003.6192 -79.2492 42.094 8 1.2 0.9 2.6
2003.6219 -73.6067 43.76 -0.3 1.2 0.9 2.6
2003.6247 -78.2982 42.5383 -0.1 1.3 0.9 2.6
2003.6274 -79.8198 43.5379 1.1 1.2 0.9 2.6
2003.6301 -79.8832 42.5383 8.3 1.3 0.9 2.6
2003.6329 -78.742 41.4276 6.5 1.2 0.9 2.6
2003.6356 -77.6642 41.983 1 1.3 0.9 2.6
2003.6384 -73.7335 41.8719 -3.5 1.3 0.9 2.6
2003.6411 -81.3414 39.9838 7.9 1.3 0.9 2.6
2003.6438 -83.6872 43.8711 4.2 1.3 0.9 2.6
2003.6466 -78.6786 40.7612 3.9 1.3 0.9 2.6
2003.6493 -80.1368 42.5383 4.1 1.3 0.9 2.6
2003.6521 -79.693 43.3158 2.6 1.3 0.9 2.6
2003.6548 -81.595 43.8711 1.4 1.3 0.9 2.7
2003.6575 -84.3212 43.76 9.1 1.3 0.9 2.7
2003.6603 -78.0446 43.3158 -0.5 1.3 0.9 2.6
2003.6630 -78.2348 43.76 5.9 1.3 0.9 2.7
2003.6658 -80.644 45.0928 8 1.3 0.9 2.6
2003.6849 -82.6094 40.0948 -0.8 1.3 0.9 2.7
2003.6877 -82.6094 42.6494 12.7 1.3 0.9 2.7
2003.6904 -79.693 41.983 -0.1 1.3 0.9 2.7
2003.6932 -80.7708 42.9826 4.8 1.3 0.9 2.7
2003.6959 -83.814 42.9826 1 1.3 0.9 2.7
2003.6986 -84.5748 42.2051 3.8 1.3 0.9 2.7
2003.7014 -80.7708 42.2051 5.6 1.3 0.9 2.7
2003.7041 -79.3126 42.2051 6.3 1.3 0.9 2.7
2003.7068 -82.7996 40.9834 18.5 1.3 0.9 2.7
2003.7096 -86.3499 42.6494 11 1.3 0.8 2.7
2003.7123 -86.1597 42.4272 2.9 1.3 0.8 2.6
2003.7151 -83.4336 42.3162 5.9 1.3 0.8 2.6
2003.7178 -82.1656 42.4272 2.8 1.3 0.8 2.7
2003.7205 -81.595 39.6506 18.3 1.3 0.8 2.7
2003.7233 -86.6035 41.3166 9.5 1.3 0.8 2.7
2003.7260 -81.7218 40.0948 9.9 1.4 0.8 2.7
2003.7288 -86.4767 42.9826 11.4 1.4 0.9 2.7
2003.7315 -83.18 40.2059 13 1.3 0.9 2.7
2003.7342 -80.961 40.317 19.3 1.4 0.9 2.7
2003.7370 -83.3068 40.7612 6.9 1.4 0.9 2.7
2003.7397 -83.6238 40.428 10.2 1.4 0.9 2.7
2003.7425 -84.0042 39.5395 9.8 1.4 0.9 2.8
2003.7452 -81.6584 40.428 13.1 1.4 0.9 2.9
2003.7479 -82.546 41.6498 11.4 1.4 0.9 2.8
2003.7507 -81.1512 39.9838 8.2 1.4 0.9 2.8
2003.7534 -84.6382 42.094 7.7 1.4 0.9 2.7
2003.7562 -86.7303 41.3166 3.8 1.4 0.9 2.7
2003.7589 -86.9205 41.3166 7.7 1.4 0.9 2.7
2003.7616 -86.0963 41.5387 2.2 1.4 0.9 2.7
2003.7644 -88.7591 41.0944 7.7 1.4 0.9 2.8
2003.7671 -87.3009 42.6494 2.9 1.4 0.9 2.9
2003.7699 -85.399 42.2051 0.6 1.4 0.9 2.8
2003.7726 -86.0963 43.4268 4.4 1.4 0.9 2.7
2003.7753 -86.9839 41.0944 5.1 1.4 0.9 2.7
2003.7781 -85.6525 43.3158 6.7 1.3 0.9 2.7
2003.7808 -84.0676 43.76 12.9 1.4 0.9 2.7
2003.7836 -83.9408 42.4272 5.9 1.4 0.9 2.7
2003.7863 -83.3068 43.0936 17.2 1.4 0.9 2.8
2003.7890 -85.7159 42.094 17.2 1.3 0.8 2.6
2003.7918 -87.5545 43.8711 12.9 1.3 0.8 2.7
2003.7945 -86.4133 43.3158 13.6 1.3 0.8 2.7
2003.7973 -86.3499 42.3162 12.3 1.3 0.8 2.6
2003.8000 -83.497 42.9826 8.1 1.3 0.8 2.6
2003.8027 -85.5891 45.0928 11 1.3 0.8 2.6
2003.8055 -86.5401 41.6498 9.4 1.3 0.8 2.6
2003.8082 -84.6382 43.2047 6.6 1.4 0.9 2.8
2003.8110 -83.497 42.7604 18.8 1.3 0.9 2.7
2003.8137 -81.595 42.7604 12.1 1.3 0.9 2.7
2003.8164 -85.8427 40.428 16.9 1.3 0.8 2.7
2003.8192 -81.2146 42.5383 14.1 1.3 0.8 2.6
2003.8219 -84.0042 42.7604 16.9 1.3 0.8 2.7
2003.8247 -86.4767 43.2047 15 1.3 0.8 2.6
2003.8274 -80.7708 44.9818 27.3 1.4 0.9 2.8
2003.8301 -87.2375 44.5375 17.5 1.4 0.9 2.8
2003.8329 -86.7303 39.3174 24.5 1.3 0.8 2.6
2003.8548 -88.8225 46.2035 18.2 1.3 0.8 2.7
2003.8575 -90.7879 43.8711 13.2 1.3 0.8 2.6
2003.8603 -91.7389 44.7596 8.6 1.3 0.8 2.7
2003.8630 -85.7159 46.4256 6.2 1.3 0.8 2.7
2003.8658 -86.7303 46.0924 5.9 1.3 0.8 2.6
2003.8685 -87.6813 44.9818 6.9 1.4 0.9 2.8
2003.8712 -77.7276 42.7604 34.3 1.4 0.9 2.9
2003.8740 -90.6611 45.9813 20.3 1.3 0.9 2.7
2003.8767 -88.3153 45.0928 15.3 1.3 0.9 2.7
2003.8795 -91.6121 43.76 11.1 1.4 0.9 2.8
2003.8822 -90.0271 45.0928 9.1 1.4 0.9 2.8
2003.8849 -86.0963 44.6486 7.6 1.3 0.9 2.7
2003.8877 -87.2375 43.9822 14.9 1.4 0.9 2.8
2003.8904 -89.8369 47.092 10.4 1.4 0.9 2.7
2003.8932 -90.0271 43.0936 21.5 1.4 0.9 2.7
2003.8959 -83.0532 43.5379 5.2 1.3 0.9 2.7
2003.8986 -89.2029 44.5375 2.4 1.3 0.9 2.7
2003.9014 -92.6265 45.3149 6.8 1.3 0.9 2.8
2003.9041 -88.6957 44.8707 -1.6 1.3 0.8 2.6
2003.9068 -88.3153 41.2055 1.5 1.3 0.9 2.7
2003.9096 -86.7937 38.5399 0.5 1.3 0.9 2.6
2003.9123 -91.0415 43.4268 0.2 1.3 0.9 2.7
2003.9151 -85.9695 41.0944 -2.4 1.3 0.9 2.6
2003.9178 -86.8571 40.8723 12.3 1.3 0.9 2.7
2003.9205 -88.5689 45.5371 9.2 1.4 0.9 2.9
2003.9233 -94.8455 41.3166 11 1.3 0.9 2.7
2003.9260 -84.8918 35.8743 26.9 1.3 0.9 2.7
2003.9288 -90.2807 41.5387 18.6 1.3 0.9 2.8
2003.9315 -100.742 59.0871 3.8 1.3 0.8 2.7
2003.9342 -100.044 59.6425 5.1 1.3 0.9 2.7
2003.9370 -94.7821 61.3085 11.8 1.3 0.9 2.7
2003.9397 -100.868 57.0879 8.3 1.3 0.9 2.7
2003.9425 -99.4736 57.5322 7.2 1.3 0.8 2.7
2003.9452 -94.7821 58.5318 6.4 1.3 0.8 2.6
2003.9479 -102.897 59.3093 8.7 1.3 0.8 2.7
2003.9507 -98.586 59.3093 11.1 1.3 0.8 2.7
2003.9534 -101.312 60.6421 6.9 1.3 0.8 2.7
2003.9562 -102.136 61.0863 11 1.3 0.9 2.7
2003.9589 -102.897 58.5318 14.1 1.3 0.9 2.7
2003.9616 -98.0788 60.0867 22.8 1.3 0.9 2.7
2003.9644 -97.7618 57.6433 23.1 1.3 0.9 2.8
2003.9671 -104.609 59.3093 8.4 1.3 0.9 2.7
2003.9699 -101.249 59.0871 14.6 1.3 0.9 2.7
2003.9726 -104.038 59.3093 17.2 1.3 0.9 2.7
2003.9753 -103.468 58.7539 8.5 1.3 0.9 2.6
2003.9781 -107.082 59.0871 13.4 1.3 0.9 2.7
2003.9808 -106.321 62.6413 25.6 1.3 0.8 2.6
2003.9836 -100.868 64.5294 24.4 1.3 0.9 2.7
2003.9863 -98.6494 60.531 18.7 1.3 0.9 2.6
2003.9890 -100.425 59.3093 22.1 1.3 0.9 2.7
2003.9918 -100.488 59.4203 11.4 1.3 0.9 2.6
2003.9945 -100.108 61.5306 10.5 1.3 0.9 2.7
2003.9973 -97.5716 54.5334 20.9 1.3 0.9 2.7
2004.0000 -97.001 59.3093 15.6 1.3 0.9 2.6
2004.0027 -97.4448 62.4191 13.4 1.3 0.9 2.7
2004.0055 -98.8396 64.3072 25.9 1.4 0.9 2.6
2004.0082 -102.453 63.863 16.8 1.4 0.9 2.6
2004.0110 -99.6004 63.7519 15.2 1.4 0.9 2.7
2004.0137 -93.2605 63.7519 35.1 1.4 0.9 2.8
2004.0164 -98.269 63.3076 21.1 1.4 0.9 2.7
2004.0192 -99.7272 61.8638 25.9 1.4 0.9 2.7
2004.0219 -103.214 62.5302 32.6 1.4 0.9 2.7
2004.0247 -102.327 59.1982 17.7 1.4 0.9 2.7
2004.0274 -101.502 61.3085 11.5 1.4 0.9 2.7
2004.0301 -100.615 62.5302 6.7 1.4 0.9 2.8
2004.0329 -99.0298 60.531 8.1 1.3 0.9 2.7
2004.0356 -97.952 61.6417 5.7 1.3 0.9 2.6
2004.0384 -97.8886 61.9749 14.7 1.3 0.9 2.7
2004.0411 -97.1912 59.7535 12.2 1.3 0.9 2.7
2004.0438 -102.01 60.9753 14.9 1.4 0.9 2.8
2004.0466 -98.3324 55.3109 16 1.3 0.9 2.7
2004.0493 -98.1422 59.0871 7.4 1.3 0.9 2.7
2004.0521 -94.1481 61.5306 19.6 1.3 0.9 2.7
2004.0548 -98.7762 62.4191 21.1 1.3 0.9 2.8
2004.0575 -100.932 55.6441 14.4 1.3 0.9 2.7
2004.0603 -99.9174 59.6425 14 1.3 0.9 2.7
2004.0630 -96.684 58.3097 10.9 1.2 0.8 2.6
2004.0658 -94.3383 57.4211 12 1.2 0.8 2.6
2004.0685 -99.1566 62.4191 10.6 1.2 0.8 2.6
2004.0712 -96.2402 63.863 9.9 1.2 0.8 2.6
2004.0740 -96.7474 61.9749 16.3 1.3 0.9 2.7
2004.0767 -96.2402 64.1962 14.3 1.3 0.9 2.7
2004.0795 -99.7906 64.8626 9.1 1.3 0.9 2.7
2004.0822 -102.327 63.1966 7.6 1.2 0.8 2.6
2004.0849 -94.2749 54.9777 14.3 1.2 0.8 2.6
2004.0877 -99.6638 60.6421 14.6 1.2 0.8 2.6
2004.0904 -101.629 61.9749 17.9 1.2 0.8 2.6
2004.0932 -105.433 60.8642 10 1.3 0.9 2.6
2004.0959 -102.77 62.3081 4.1 1.3 0.9 2.6
2004.0986 -104.482 57.0879 21.4 1.2 0.8 2.5
2004.1014 -105.243 64.5294 20.5 1.3 0.9 2.6
2004.1041 -102.263 64.7515 5.8 1.3 0.9 2.6
2004.1068 -100.678 60.9753 18.4 1.3 0.9 2.6
2004.1096 -100.805 61.7527 17.5 1.3 0.9 2.6
2004.1123 -97.952 62.3081 15.2 1.2 0.9 2.6
2004.1151 -93.8311 58.7539 21.6 1.3 0.9 2.6
2004.1178 -94.8455 63.863 18.7 1.3 0.9 2.6
2004.1205 -96.6206 64.9736 16.8 1.3 0.9 2.7
2004.1233 -101.312 61.1974 25.6 1.3 0.9 2.7
2004.1260 -109.301 62.3081 18.1 1.3 0.9 2.8
2004.1288 -99.537 62.7523 2.8 1.3 0.9 2.7
2004.1315 -101.946 61.0863 14.4 1.3 0.9 2.6
2004.1342 -97.1912 62.4191 14.3 1.3 0.9 2.7
2004.1370 -106.891 63.4187 8.4 2.1 1.5 4.3
2004.1507 -100.044 71.7487 20.9 1.6 1.0 3.3
2004.1534 -101.502 63.3076 7.3 1.3 0.9 2.6
2004.1562 -101.629 62.8634 9.3 1.3 0.9 2.6
2004.1589 -97.6984 62.197 5.8 1.3 0.9 2.6
2004.1616 -98.7762 62.6413 11.3 1.3 0.9 2.6
2004.1644 -101.629 64.3072 10.8 1.3 0.9 2.7
2004.1671 -100.678 63.863 5.6 1.3 0.9 2.7
2004.1699 -104.863 63.974 7.7 1.3 0.9 2.7
2004.1726 -102.136 67.6392 11.6 1.3 0.9 2.8
2004.1753 -102.01 66.1954 11.2 1.3 0.9 2.7
2004.1781 -103.595 66.7507 6.2 1.3 0.9 2.7
2004.1808 -105.623 65.7511 1.5 1.3 0.9 2.7
2004.1836 -100.678 65.64 1.8 1.3 0.9 2.7
2004.1863 -101.946 66.7507 17.9 1.3 0.9 2.7
2004.1890 -106.701 67.0839 24.6 1.3 0.9 2.7
2004.1918 -113.675 68.861 20 1.3 0.9 2.6
2004.1945 -109.871 66.3064 13.8 1.3 0.9 2.7
2004.1973 -116.782 64.4183 9.4 1.3 0.9 2.6
2004.2000 -104.102 65.8622 8.9 1.5 0.9 3.1
2004.2027 -110.695 63.6408 7 1.3 0.9 2.7
2004.2055 -104.355 63.974 16.4 1.3 0.9 2.7
2004.2082 -104.863 65.8622 17.4 1.3 0.9 2.7
2004.2110 -106.891 64.6404 12 1.3 0.9 2.9
2004.2137 -107.842 66.8618 10.6 1.4 0.9 2.8
2004.2164 -108.413 62.0859 24.6 1.3 0.9 2.8
2004.2192 -105.687 61.1974 16.5 1.3 0.9 2.8
2004.2219 -109.364 63.863 17.3 1.3 0.9 2.7
2004.2247 -106.638 64.7515 13 1.3 0.9 2.7
2004.2274 -105.687 62.8634 6.6 1.3 0.9 2.8
2004.2301 -107.208 63.0855 12.3 1.3 0.9 2.8
2004.2329 -103.975 64.0851 11.9 1.4 0.9 2.8
2004.2356 -105.814 63.7519 16.8 1.3 0.9 2.8
2004.2384 -103.721 62.8634 13.1 1.3 0.9 2.7
2004.2411 -107.208 59.0871 16 1.3 0.9 2.7
2004.2438 -109.047 60.0867 18.6 1.4 0.9 2.8
2004.2466 -107.082 62.0859 13.2 1.4 0.9 2.8
2004.2493 -102.644 61.9749 11.7 1.3 0.9 2.7
2004.2521 -94.8455 60.0867 36.6 1.4 0.9 2.7
2004.2548 -99.9174 57.9765 39.7 1.3 0.9 2.6
2004.2575 -104.229 62.9745 21.9 1.3 0.9 2.6
2004.2603 -113.675 63.5298 10.8 2.7 1.3 4.3
2004.2740 -106.891 85.1877 9.7 4.1 2.8 5.8
2004.2767 -109.744 60.9753 10.8 1.3 0.9 2.6
2004.2795 -107.525 65.0847 11.1 1.3 0.9 2.6
2004.2822 -109.744 65.64 12.4 1.3 0.9 2.6
2004.2849 -108.413 63.974 10.2 1.3 0.9 2.6
2004.2877 -107.842 66.7507 10.3 1.3 0.9 2.7
2004.2904 -109.11 67.306 12.2 1.3 0.9 2.6
2004.2932 -107.208 65.4179 9.9 1.3 0.9 2.6
2004.2959 -111.519 66.3064 12.3 1.3 0.9 2.6
2004.2986 -109.871 68.7499 9.6 1.3 0.9 2.5
2004.3014 -113.358 67.9724 12.9 1.3 0.9 2.5
2004.3041 -111.519 70.9712 13.5 1.3 0.9 2.6
2004.3068 -109.11 70.638 11.2 1.3 0.9 2.6
2004.3096 -110.568 70.1937 15.1 1.3 0.9 2.6
2004.3123 -112.787 70.7491 15.9 1.3 0.9 2.6
2004.3151 -109.935 67.195 20.6 1.3 0.9 2.5
2004.3178 -115.704 66.7507 14.2 1.3 0.9 2.6
2004.3205 -108.603 65.529 8.6 1.3 0.9 2.6
2004.3233 -108.223 69.5273 11.5 1.3 0.9 2.6
2004.3260 -113.358 68.861 13.4 1.3 0.9 2.6
2004.3288 -111.773 69.5273 19.7 1.3 0.9 2.6
2004.3315 -110.885 69.1941 15.2 1.3 0.9 2.6
2004.3534 -107.652 70.1937 11.6 1.3 0.9 2.6
2004.3562 -112.47 68.7499 13.4 1.3 0.9 2.8
2004.3589 -114.246 70.0827 7.6 1.3 0.9 2.7
2004.3616 -113.738 67.8614 4.7 1.3 0.9 2.6
2004.3644 -110.125 70.5269 7.5 1.3 0.9 2.7
2004.3671 -117.669 67.5282 11.3 1.3 0.9 2.7
2004.3699 -114.309 66.8618 15.5 1.3 0.9 2.7
2004.3726 -116.401 70.0827 1.4 1.3 0.9 2.7
2004.3753 -114.372 69.9716 -2.1 1.3 0.9 2.6
2004.3781 -113.295 70.0827 3.7 1.2 0.9 2.6
2004.3808 -111.139 71.8597 4.3 1.3 0.9 2.6
2004.3836 -111.456 69.7495 12.7 1.3 0.9 2.6
2004.3863 -112.407 70.0827 16 1.3 0.9 2.6
2004.3890 -113.548 70.7491 14 1.3 0.9 2.7
2004.3918 -114.563 72.5261 12.3 1.2 0.9 2.6
2004.3945 -115.07 72.8593 9.3 1.2 0.9 2.6
2004.3973 -110.695 70.0827 11.5 1.3 0.9 2.6
2004.4000 -110.949 68.7499 12.5 1.3 0.9 2.7
2004.4027 -114.943 70.3048 7.3 1.2 0.9 2.6
2004.4055 -118.05 71.8597 7.8 1.3 0.9 2.6
2004.4082 -117.733 69.9716 8.2 1.3 0.9 2.6
2004.4110 -112.534 74.0811 15.7 1.2 0.9 2.6
2004.4137 -109.871 73.1925 14.1 1.2 0.9 2.6
2004.4164 -112.344 69.4163 14.3 1.3 0.9 2.6
2004.4192 -114.499 71.3044 16.4 1.3 0.9 2.6
2004.4219 -114.753 70.8601 16.4 1.2 0.9 2.5
2004.4247 -111.9 68.5278 9.8 1.2 0.9 2.5
2004.4274 -116.148 70.9712 14.9 1.3 0.9 2.6
2004.4301 -115.831 71.3044 10 1.3 0.9 2.6
2004.4329 -113.929 72.5261 10.2 1.2 0.9 2.6
2004.4356 -114.943 71.7487 13 1.2 0.9 2.6
2004.4384 -114.88 72.304 12.7 1.2 0.9 2.5
2004.4411 -113.992 70.8601 10.6 1.2 0.9 2.6
2004.4438 -116.845 71.0823 15.2 1.2 0.9 2.6
2004.4466 -112.47 69.7495 12 1.2 0.9 2.6
2004.4493 -114.943 71.6376 15 1.2 0.9 2.6
2004.4521 -114.563 70.8601 10.7 1.2 0.9 2.6
2004.4548 -112.534 70.8601 10.4 1.3 0.9 2.6
2004.4575 -108.73 70.4159 27.8 1.3 0.9 2.7
2004.4603 -114.88 69.3052 15.5 1.2 0.9 2.7
2004.4630 -116.465 71.5265 11.4 1.3 0.9 2.6
2004.4658 -111.773 68.861 12.6 1.2 0.9 2.7
2004.4685 -115.006 68.7499 14.9 1.2 0.9 2.5
2004.4712 -114.689 69.7495 15.8 1.2 0.9 2.6
2004.4740 -114.436 71.1933 14.3 1.2 0.9 2.5
2004.4767 -112.09 71.5265 11.4 1.2 0.9 2.5
2004.4795 -115.704 69.3052 12.4 1.2 0.9 2.6
2004.4822 -113.485 69.3052 11.3 1.2 0.9 2.5
2004.4849 -115.831 71.1933 13.1 1.3 0.9 2.6
2004.4877 -110.822 71.4155 14.1 1.2 0.9 2.6
2004.4904 -113.168 71.3044 19.4 1.2 0.9 2.6
2004.4932 -112.724 71.9708 11.6 1.2 0.9 2.6
2004.4959 -116.084 72.0819 24.2 1.3 0.9 2.6
2004.4986 -114.689 71.6376 14.3 1.2 0.9 2.6
2004.5014 -115.894 69.4163 12.7 1.2 0.9 2.6
2004.5041 -115.957 70.4159 17.4 1.2 0.9 2.6
2004.5068 -113.485 70.8601 9.9 1.2 0.9 2.6
2004.5096 -116.148 70.3048 8.4 1.2 0.9 2.6
2004.5123 -112.027 72.304 26.8 1.2 0.9 2.6
2004.5151 -117.099 69.6384 3.7 1.2 0.9 2.6
2004.5178 -115.704 72.6372 17.8 1.3 0.9 2.7
2004.5205 -117.416 69.6384 22.7 1.2 0.9 2.6
2004.5233 -108.92 72.5261 18.8 1.2 0.9 2.6
2004.5260 -126.101 72.304 17.7 1.2 0.9 2.5
2004.5288 -117.859 71.3044 15.5 1.2 0.9 2.5
2004.5315 -116.655 73.7479 12.7 1.2 0.9 2.5
2004.5342 -114.753 71.4155 6.3 1.2 0.9 2.5
2004.5370 -115.767 72.4151 11.5 1.2 0.9 2.5
2004.5397 -118.874 71.5265 14.2 1.2 0.9 2.5
2004.5425 -118.747 74.7475 7.9 1.3 0.9 2.7
2004.5452 -115.767 74.4143 11.8 1.2 0.8 2.5
2004.5479 -119.381 71.0823 9.5 1.2 0.9 2.5
2004.5507 -119.318 74.9696 7.2 1.2 0.9 2.6
2004.5534 -124.39 71.6376 14.9 1.2 0.9 2.6
2004.5562 -118.176 72.9704 4.7 1.2 0.8 2.5
2004.5589 -115.323 73.0815 13.4 1.2 0.9 2.5
2004.5616 -114.816 73.3036 4.4 1.2 0.9 2.5
2004.5644 -116.084 74.3032 12.4 1.2 0.9 2.6
2004.5671 -119.888 71.1933 9.6 1.2 0.9 2.5
2004.5699 -117.225 73.5257 8.5 1.2 0.8 2.5
2004.5726 -119.952 74.3032 10.7 1.2 0.9 2.5
2004.5753 -123.819 72.8593 13 1.2 0.9 2.5
2004.5781 -118.557 74.8585 5.5 1.2 0.9 2.5
2004.5808 -119.635 74.1921 4.3 1.2 0.9 2.5
2004.5836 -118.303 74.1921 4.6 1.2 0.9 2.5
2004.5863 -122.614 74.9696 8.8 1.2 0.8 2.5
2004.5890 -120.078 73.0815 13.9 1.2 0.9 2.5
2004.5918 -115.323 72.6372 6.8 1.2 0.9 2.6
2004.5945 -115.323 70.8601 7.3 1.2 0.9 2.6
2004.5973 -118.747 74.1921 5.7 1.3 0.9 2.6
2004.6000 -115.704 74.8585 2 1.3 0.9 2.6
2004.6027 -114.689 72.8593 3.1 1.2 0.9 2.5
2004.6055 -113.612 72.8593 5 1.2 0.9 2.5
2004.6082 -117.986 73.6368 16.7 1.2 0.9 2.5
2004.6110 -115.006 72.4151 4.6 1.3 0.8 2.6
2004.6137 -116.528 76.0802 5.6 1.2 0.8 2.5
2004.6164 -122.868 72.9704 16.2 1.2 0.8 2.5
2004.6192 -120.078 75.636 6.8 1.3 0.9 2.6
2004.6219 -119.761 75.8581 7.6 1.3 0.8 2.6
2004.6247 -111.836 71.9708 6 1.3 0.9 2.6
2004.6274 -124.58 74.7475 -0.7 1.4 0.8 2.7
2004.6301 -121.473 75.0806 7.2 1.3 0.8 2.5
2004.6329 -117.733 75.747 9.5 1.3 0.8 2.6
2004.6356 -119.698 76.1913 9.6 1.3 0.8 2.5
2004.6384 -121.41 73.97 0 1.3 0.8 2.6
2004.6411 -111.456 70.638 14.3 1.3 0.8 2.6
2004.6438 -119.064 76.3024 0.6 1.3 0.8 2.5
2004.6466 -123.629 76.4134 3.6 1.3 0.8 2.6
2004.6493 -120.078 76.1913 9.7 1.3 0.8 2.6
2004.6521 -121.346 73.8589 0.6 1.3 0.8 2.6
2004.6548 -121.537 75.636 3.5 1.3 0.8 2.6
2004.6575 -121.537 75.636 1 1.3 0.8 2.6
2004.6603 -125.658 75.3028 -1.9 1.3 0.9 2.6
2004.6630 -117.225 76.4134 6.9 1.3 0.9 2.6
2004.6658 -117.542 72.8593 9.7 1.3 0.8 2.6
2004.6685 -125.087 78.5237 11.7 1.3 0.8 2.6
2004.6712 -125.341 77.8573 0.1 1.3 0.8 2.5
2004.6740 -120.903 77.8573 -0.6 1.4 0.8 2.6
2004.6767 -123.502 78.3016 7.3 1.3 0.8 2.5
2004.6795 -120.522 76.7466 14.2 1.3 0.8 2.6
2004.6822 -126.672 75.4138 19.6 1.3 0.8 2.5
2004.6849 -126.355 79.9676 6.1 1.3 0.8 2.6
2004.6877 -123.185 78.6348 11.4 1.3 0.8 2.6
2004.6904 -122.361 74.5253 18.5 1.3 0.8 2.5
2004.6932 -120.015 76.5245 22.5 1.3 0.8 2.5
2004.6959 -123.819 74.4143 11.6 1.3 0.8 2.5
2004.6986 -124.39 75.3028 6 1.3 0.8 2.5
2004.7014 -126.355 75.4138 9.4 1.3 0.8 2.6
2004.7041 -125.087 75.0806 10.8 1.3 0.8 2.6
2004.7068 -125.784 76.8577 3.1 1.3 0.8 2.5
2004.7096 -122.107 76.3024 8 1.3 0.8 2.6
2004.7123 -123.439 76.7466 13.7 1.3 0.8 2.6
2004.7151 -121.346 76.4134 17.8 1.3 0.8 2.6
2004.7178 -126.165 76.3024 15.2 1.3 0.8 2.6
2004.7205 -127.433 76.0802 10.5 1.3 0.8 2.6
2004.7233 -121.537 76.9688 11.4 1.3 0.8 2.5
2004.7260 -123.439 76.0802 15 1.4 0.9 2.7
2004.7370 -125.214 75.0806 14.8 1.3 0.8 2.6
2004.7397 -124.516 73.6368 7.6 1.3 0.8 2.6
2004.7425 -126.292 74.0811 13.1 1.3 0.8 2.6
2004.7452 -127.179 77.5241 7 1.3 0.8 2.6
2004.7479 -126.735 77.8573 10.9 1.3 0.8 2.6
2004.7507 -127.179 76.9688 8 1.3 0.8 2.6
2004.7534 -126.862 74.9696 12.4 1.3 0.8 2.6
2004.7562 -126.799 74.8585 13.7 1.3 0.8 2.6
2004.7589 -128.003 73.0815 7.6 1.3 0.8 2.6
2004.7616 -126.292 75.636 10.1 1.3 0.8 2.6
2004.7644 -128.067 74.3032 6.6 1.3 0.8 2.6
2004.7671 -127.306 75.8581 11.1 1.3 0.8 2.6
2004.7699 -122.931 73.7479 19.5 1.3 0.8 2.6
2004.7726 -125.721 73.3036 7.3 1.3 0.8 2.6
2004.7753 -127.243 75.1917 5.7 1.3 0.8 2.6
2004.7836 -126.799 74.8585 10.2 1.3 0.8 2.6
2004.7863 -124.453 75.636 8.5 1.3 0.8 2.6
2004.7890 -123.565 69.8605 16.1 1.3 0.8 2.5
2004.7918 -129.779 74.4143 6.6 1.2 0.8 2.6
