1998.6301 0 0 0 23.6 14.5 25.6
1998.6329 -11.4813 2.88674 -7.9 1.4 1.0 2.9
1998.6356 -17.5906 1.11028 -3.1 1.6 1.1 3.0
1998.6384 -13.1666 4.10805 -3.5 1.4 1.0 2.8
1998.6411 -8.21595 17.8756 5.7 13.9 10.0 16.9
1999.6795 -15.1153 -28.0902 -27.3 13.3 8.0 15.3
1999.6822 -15.0099 -26.0917 -10.2 1.4 0.9 2.8
1999.6849 -18.4332 -26.4248 -11.3 1.6 1.1 3.1
1999.6877 -17.5379 -26.8689 -10.6 1.5 1.0 3.1
1999.6904 -17.1166 -28.0902 -10.3 1.4 1.0 2.9
1999.6932 -20.2239 -27.424 -7.1 1.5 1.0 3.0
1999.6959 -19.6972 -30.7549 -12.5 1.4 1.0 2.9
1999.6986 -24.7532 -25.7586 -7.3 1.6 1.0 3.0
1999.7014 -21.3825 -29.5336 -3.7 1.8 1.2 3.3
1999.7041 -19.5392 -25.6476 -3.4 1.8 1.3 3.5
2000.7068 -34.9178 -53.8488 7.5 8.6 5.7 11.9
2000.7096 -26.2805 -55.2922 -6.1 1.3 1.0 2.9
2000.7123 -25.0165 -53.8488 -3.3 1.6 1.1 3.1
2000.7151 -21.3825 -55.2922 -1.3 1.5 1.1 3.1
2000.7178 -26.3332 -53.8488 -10.2 1.6 1.1 3.1
2000.7205 -24.7005 -50.9621 -3.1 1.9 1.5 3.9
2002.6603 -37.2351 -105.366 -15.1 3.0 2.8 6.6
2002.6630 -30.5992 -112.139 -9.9 1.3 0.9 2.6
2002.6658 -30.1778 -113.804 -31.1 1.4 1.0 2.9
2002.6685 -30.5992 -108.808 -18.4 1.2 0.8 2.6
2002.6712 -28.8085 -110.251 -8.4 1.2 0.9 2.6
2002.6740 -29.4932 -110.362 -8 1.2 0.9 2.7
2002.6767 -30.1778 -107.587 -10.6 1.7 1.2 3.3
2002.6795 -29.7565 -115.803 12 2.3 1.5 4.4
