1998.6493 0 0 0 8.2 2.9 11.7
1998.6521 0.366868 4.22019 -17.4 1.8 1.4 4.3
1998.6548 -1.2229 14.3264 -31.9 7.0 5.0 13.7
1998.6575 4.21899 7.3298 -18.8 1.6 1.2 3.9
1998.6603 4.15785 8.1072 -33.5 2.0 1.4 4.6
1999.4164 -5.38074 -5.55288 -30.8 1.6 1.2 3.9
1999.4192 -1.2229 -8.21826 -23.2 1.6 1.0 3.4
1999.4219 -7.03165 -6.99663 -37 2.1 1.3 4.3
2001.4082 -38.6435 -31.5404 -9.9 1.7 1.2 3.9
2001.4110 -36.8703 -26.7649 -14.5 1.6 1.1 3.6
2001.4137 -37.7875 -29.8745 -19.9 1.7 1.1 3.7
2001.4164 -38.7047 -29.6524 -18 1.6 1.2 3.8
2001.4192 -25.4362 -15.3259 14.3 70.8 10.9 41.6
