2008.4137 0 0 0 1.3 0.9 2.8
2008.4164 5.60913 2.33155 3.5 1.3 0.9 2.8
2008.4192 6.90754 2.5536 5.5 1.3 0.9 2.8
2008.4219 8.93306 1.44334 6.4 1.4 1.0 3.0
2008.4247 6.07656 2.88668 13.1 1.3 1.0 2.9
2008.4274 -0.830982 10.9916 7.4 1.3 0.9 2.9
2008.4301 -3.53167 10.9916 7.2 1.3 1.0 2.9
2008.4329 -1.50616 9.77031 2.5 1.3 0.9 2.8
2008.4356 -4.77815 11.9908 -4.7 1.4 1.0 3.0
2008.4384 -10.3873 12.546 -2.1 1.3 1.0 2.9
2008.4411 -4.41459 9.88133 5.5 1.3 1.0 2.9
2008.4438 -4.25878 10.9916 -5 1.3 0.9 2.9
2008.4466 -1.29841 17.6532 -4.9 2.1 1.5 4.1
2008.4493 -5.29751 14.3224 1.6 1.3 1.0 3.0
2008.4521 -10.1795 13.9893 0.8 1.3 0.9 2.9
2008.4548 1.45422 14.4334 12.4 1.4 1.0 2.9
2008.4575 6.23237 15.7657 -6.8 1.4 0.9 2.9
2008.4603 4.20685 13.4342 -1.1 1.3 0.9 2.9
2008.4630 3.11618 16.0988 4.1 1.3 1.0 2.9
2008.4658 10.5431 16.6539 3.1 1.3 0.9 2.9
2008.4685 6.95948 17.8752 -0.7 1.3 1.0 2.9
2008.4712 7.94627 22.6493 0.9 1.6 1.3 3.4
2008.4740 6.8556 9.65928 9.4 1.3 0.9 2.8
2008.4767 7.9982 3.77489 2.9 1.3 0.9 2.8
2008.4795 1.09066 6.88362 8.8 1.3 0.9 2.9
2008.4822 -3.37586 14.2114 2.8 1.4 1.0 2.9
2008.4849 -6.23237 20.4288 4.4 1.3 0.9 2.9
2008.4877 -4.31072 23.0934 6.8 1.3 1.0 3.0
2008.4904 2.80456 20.7619 -8.2 1.3 1.0 2.9
2008.4932 -5.713 21.4281 4.7 1.3 1.0 2.8
2008.4959 -2.33714 18.7634 6.1 1.3 1.0 2.9
2008.4986 -1.03873 17.2091 10.1 1.4 1.0 2.9
2008.5014 -0.155809 16.0988 1 1.4 1.0 2.9
2008.5041 -1.76584 18.7634 8.6 1.3 0.9 2.9
2008.5068 0.0519358 15.8767 8.5 1.3 1.0 2.9
2008.5096 -3.89523 15.8767 8.5 1.3 0.9 2.9
2008.5123 -0.467427 16.2098 2 1.3 0.9 2.9
2008.5151 -2.18133 13.7672 1.8 1.3 0.9 2.9
2008.5178 2.80456 16.5429 5 1.3 0.9 2.9
2008.5205 -0.727109 17.9862 5.7 1.3 0.9 2.9
2008.5233 0.207745 15.9878 7.8 1.6 1.2 3.4
2008.5260 -4.51847 22.7604 -1.6 1.3 1.0 2.9
2008.5288 -0.5713 27.8676 -3.4 1.4 1.0 3.0
2008.5315 -3.47974 26.5353 0.2 1.5 1.0 3.0
2008.5342 -0.103873 25.425 6.3 1.4 1.0 3.0
2008.5370 -0.986791 23.5376 2.3 1.4 1.0 3.0
2008.5397 -3.84329 26.0912 -1.6 1.4 1.0 2.9
2008.5425 -3.27199 23.0934 -3 1.3 1.0 2.9
2008.5452 -6.44011 26.4242 3.6 1.3 1.0 2.9
2008.5479 -11.1144 33.1968 8.8 1.4 1.0 3.0
2008.5507 -9.86791 34.6402 12.4 1.4 1.0 2.9
2008.5534 -13.6593 37.3048 4.5 1.3 1.0 2.9
2008.5562 -14.4903 42.7451 -5 2.2 1.7 3.9
2008.5589 -15.2174 39.1922 5 1.4 1.0 2.9
2008.5616 -12.3089 37.1938 3.5 1.4 1.0 2.8
2008.5644 -15.2174 41.7459 1.2 1.4 1.0 2.8
2008.5671 -15.4251 41.4128 3.3 1.3 1.0 2.8
2008.5699 -16.4638 40.5246 6.7 1.3 1.1 2.8
2008.5726 -16.6716 41.8569 9.3 1.3 1.0 2.8
2008.5753 -12.7764 37.0828 12.2 1.5 1.1 2.8
2008.5781 -15.8925 39.8584 10.5 1.4 1.0 2.9
2008.5808 -12.5167 36.4166 8.3 1.4 1.0 2.9
2008.5836 -8.98499 36.6386 3.4 1.3 1.0 2.8
2008.5863 -13.8151 41.0797 5.7 1.4 1.0 2.9
2008.5890 -15.529 32.4196 8.6 1.3 1.0 2.8
2008.5918 -15.0616 37.1938 4.7 1.4 1.0 2.9
2008.5945 -18.3855 35.3063 -2.9 1.3 1.0 2.8
2008.5973 -12.9841 38.082 -1.4 1.3 1.0 2.8
2008.6000 -14.2825 38.5261 1.8 1.3 1.0 2.8
2008.6027 -12.2051 36.3056 4.2 1.4 1.0 3.0
2008.6055 -12.0492 37.4158 6.9 1.3 1.0 2.8
2008.6082 -17.0351 38.7481 4.9 1.3 1.0 2.8
2008.6110 -10.8028 38.9702 2.8 1.3 1.0 2.9
2008.6137 -13.1918 33.5299 5.1 1.3 1.0 2.8
2008.6164 -13.5035 31.9755 3.2 1.3 1.0 2.8
2008.6192 -11.9973 27.0904 14.1 1.6 1.3 3.3
2008.6219 -13.2957 26.9794 5.7 1.3 1.0 2.8
2008.6247 -16.36 32.7527 2.4 1.3 1.0 2.8
2008.6274 -14.6461 28.6448 5.1 1.3 1.0 2.8
2008.6301 -14.4903 27.7565 -3.4 1.3 1.0 2.8
2008.6329 -16.4638 26.3132 7.1 1.4 1.1 2.9
2008.6356 -14.2306 25.8691 5.3 1.3 1.0 2.8
2008.6384 -14.2825 29.9771 6.4 1.3 1.0 2.8
2008.6411 -13.036 27.2014 5.2 1.3 1.0 2.8
2008.6438 -16.7235 28.5337 5.4 1.3 1.0 2.8
2008.6466 -13.2957 28.6448 8.1 1.3 1.0 2.8
2008.6493 -11.2702 25.0919 10.6 1.3 1.0 2.9
2008.6521 -13.5035 27.8676 10.8 1.3 1.0 2.8
2008.6548 -13.919 30.1991 11.2 1.3 1.0 2.8
2008.6575 -15.6848 32.7527 9.6 1.4 1.0 2.8
2008.6603 -17.6584 30.6432 4.6 1.4 1.0 2.8
2008.6630 -16.8274 32.5307 3 1.4 1.0 2.8
2008.6658 -20.1513 33.1968 -3.8 1.3 0.9 2.8
2008.6685 -15.0616 27.9786 3.3 1.3 1.0 2.8
2008.6712 -13.2438 23.8706 3.5 1.3 1.0 2.9
2008.6740 -11.7376 24.7588 9.1 1.3 0.9 2.8
2008.6767 -13.2957 23.2045 7.3 1.3 1.0 2.8
2008.6795 -16.308 23.2045 11.6 1.7 1.1 3.5
2008.6822 -12.5686 25.314 2.7 1.6 1.1 3.2
2008.6849 -14.2306 26.2022 4.6 1.3 0.9 2.9
2008.6877 -11.7376 23.7596 5.9 1.3 0.9 2.8
2008.6904 -15.7367 23.8706 2.6 1.3 0.9 2.9
2008.6932 -17.2948 25.425 4.9 1.4 0.9 2.9
2008.6959 -15.1135 25.8691 9.4 2.2 1.3 4.4
2008.6986 -16.4638 27.2014 3.2 1.4 1.0 2.9
2008.7014 -20.4629 31.1984 7.2 1.4 1.0 2.9
2008.7041 -19.4242 31.5314 5.4 1.4 1.0 2.8
2008.7068 -18.5932 32.7527 4.9 1.3 1.0 2.8
2008.7096 -21.6055 33.863 0.6 1.6 1.1 3.1
2008.7123 -15.477 25.9801 4.8 1.5 1.1 2.9
2008.7151 -21.3459 29.4219 5.8 1.4 1.0 2.9
2008.7178 -17.6584 22.8714 10.5 1.4 1.0 2.9
2008.7205 -11.2183 20.5398 17.5 1.4 0.9 2.8
2008.7233 -17.3987 22.6493 5.3 1.3 0.9 2.8
2008.7260 -15.2174 26.0912 7.5 1.3 1.0 2.8
2008.7315 -15.8925 24.7588 7.6 1.3 0.9 2.8
2008.7342 -13.5035 21.4281 6.1 1.3 0.9 2.8
2008.7370 -14.6461 23.3155 7 1.4 0.9 2.8
2008.7397 -14.5941 23.2045 4.7 1.4 0.9 2.8
2008.7425 -15.9445 23.4265 0.3 1.4 1.0 2.8
2008.7452 -18.6971 22.3163 6.4 1.3 0.9 2.8
2008.7479 -13.6593 18.9855 8.8 1.6 1.1 3.3
2008.7534 -25.345 27.2014 41.9 3.6 1.9 5.8
2008.7562 -29.9673 16.0988 50 1.4 1.0 2.9
2008.7589 -22.9039 18.6524 53 1.6 1.0 3.1
2008.7616 -21.7613 16.0988 11 1.4 0.9 2.9
2008.7644 -21.5536 19.9847 9 1.3 0.9 2.8
2008.7671 -16.4119 18.7634 11.1 1.3 0.9 2.8
2008.7699 -16.2561 18.8745 9.5 1.4 0.9 2.8
2008.7726 -18.749 17.4311 3.5 1.3 1.0 2.9
2008.7753 -20.2033 19.3186 6.9 1.3 0.9 2.8
2008.7781 -18.5413 25.2029 6.2 1.3 0.9 2.8
2008.7808 -19.5281 30.3102 13.6 1.7 1.0 3.2
2008.7836 -19.8916 28.0896 5.7 1.4 1.0 2.8
2008.7863 -21.7094 29.9771 5.5 1.4 0.9 2.8
2008.7890 -18.9568 26.4242 9.2 1.4 0.9 2.8
2008.7918 -18.9568 26.2022 8.4 2.2 1.3 4.1
2008.7945 -21.6575 28.0896 11.7 1.4 1.0 2.9
2008.7973 -21.19 25.6471 9.9 1.4 1.0 2.8
2008.8000 -21.1381 26.6463 13.2 1.5 1.0 2.8
2008.8027 -21.9691 24.5368 10.3 1.4 1.0 2.9
2008.8055 -21.8652 24.5368 5.9 1.5 1.0 3.0
2008.8082 -20.3071 22.5383 10.5 1.4 1.0 2.9
2008.8110 -21.9172 24.3147 11.6 1.4 0.9 2.9
2008.8137 -19.632 25.6471 10.7 1.5 1.0 3.0
2008.8274 -13.088 35.8615 24.4 3.2 2.6 6.0
2008.8301 -21.6575 24.7588 20.1 1.5 1.0 2.9
2008.8329 -21.6575 24.0927 10.1 1.6 1.1 3.2
2008.8356 -24.8775 25.0919 9.1 1.5 1.1 3.1
2008.8384 -27.1627 23.7596 17.9 1.4 0.9 2.8
2008.8411 -26.3837 24.2037 17.2 1.4 1.0 2.8
2008.8438 -28.8247 24.0927 27.6 1.3 1.0 2.9
2008.8466 -28.3573 25.536 30 1.4 0.9 2.8
2008.8493 -27.0069 25.9801 27.7 1.4 1.0 2.8
2008.8521 -29.8115 26.6463 35.5 1.5 1.0 3.0
2008.8548 -26.8511 26.6463 32.2 1.5 1.1 3.1
2008.8575 -27.9418 29.4219 26.4 1.4 1.0 2.8
2008.8603 -26.6953 26.7573 28.4 1.4 1.0 2.8
2009.6274 -32.4602 11.3247 11.3 1.3 1.0 2.9
2009.6301 -32.2006 13.2121 14.5 1.3 1.0 2.9
2009.6329 -39.7313 15.7657 9.3 1.5 1.1 3.0
2009.6356 -30.7983 14.1003 7.2 1.4 1.0 2.9
2009.6384 -31.837 12.546 9.3 1.4 1.0 2.9
2009.6411 -36.3035 18.4303 3.2 1.4 1.0 2.8
2009.6438 -31.2138 11.4357 12.1 1.4 1.0 2.8
2009.6466 -33.8625 15.0996 13.2 1.4 1.0 2.9
2009.6493 -31.837 14.4334 20.7 1.4 1.0 2.9
2009.6521 -33.3432 10.1034 14.9 1.4 1.0 2.9
2009.6548 -31.1099 14.2114 9.5 1.4 1.0 2.8
2009.6575 -27.5782 13.2121 12 1.4 1.0 2.8
2009.6603 -28.0456 13.3231 16.4 1.4 1.0 2.8
2009.6630 -28.5131 15.8767 10.9 1.5 1.0 2.9
2009.6658 -30.0712 12.1019 10 1.4 1.0 2.9
2009.6685 -25.4488 11.8798 7.2 1.4 1.0 2.9
2009.6712 -29.0844 12.768 15.1 1.4 1.1 2.8
2009.6740 -26.8511 11.1026 17 1.9 1.2 3.9
2009.6904 -29.5518 1.44334 18.3 1.3 1.0 2.8
2009.6932 -27.4743 -1.22129 20.3 1.4 1.0 2.8
2009.6959 -33.447 5.32926 18.2 1.4 1.1 2.9
2009.6986 -27.2147 0.555131 21.5 1.3 0.9 2.9
2009.7014 -28.6689 3.10873 20.1 1.3 0.9 2.8
2009.7041 -30.5905 8.8821 16.9 1.3 1.0 2.8
2009.7068 -26.8511 5.21823 16.7 1.3 1.0 2.8
2009.7096 -24.9295 1.22129 15.5 1.3 1.0 2.9
2009.7123 -27.8898 3.33079 16.4 1.4 1.0 3.0
2009.7151 -33.5509 4.55207 16.2 1.3 1.0 3.0
2009.7178 -29.2402 2.99771 17.7 1.3 1.0 3.0
2009.7205 -29.3441 2.77565 12.9 1.3 1.0 2.9
2009.7233 -29.0844 4.219 18.1 1.3 1.0 2.9
2009.7260 -29.0844 6.99465 21.2 1.4 1.0 3.1
2009.7288 -28.6689 4.88515 19.1 1.3 1.0 2.9
2009.7315 -28.3053 2.66463 21 1.3 1.0 2.9
2009.7342 -28.7208 1.66539 22.7 1.3 1.0 2.9
2009.7370 -29.8634 3.44181 16 1.3 0.9 2.9
2009.7397 -28.5131 5.99541 10.4 1.3 1.0 2.9
2009.7425 -27.734 8.32696 13.4 1.4 1.0 2.9
2009.7452 -27.6821 8.21594 11.9 1.4 1.0 2.9
2009.7479 -23.8388 6.66157 15.5 1.3 1.0 2.9
2009.7507 -24.9295 8.32696 14.1 1.3 1.0 2.8
2009.7534 -25.9163 9.54825 10.9 1.3 1.0 2.8
2009.7562 -23.6311 8.54902 13.4 1.3 1.0 2.9
2009.7589 -24.3062 6.21747 13.9 1.3 1.0 2.9
2009.7616 -28.7208 8.21594 18 1.4 1.0 2.9
2009.7644 -24.4101 9.43723 18.7 1.3 1.0 2.8
2009.7671 -26.7472 9.54825 20.1 1.3 1.0 2.9
2009.7699 -24.8256 7.2167 18.5 1.4 1.0 2.8
2009.7726 -24.9295 10.9916 8.6 1.4 1.0 2.9
2009.7753 -32.7719 6.88362 24.9 1.3 1.0 2.8
2009.7781 -29.6037 14.3224 11.7 1.3 0.9 2.9
2009.7808 -28.2534 11.2136 10.5 1.3 0.9 2.8
2009.7836 -27.6821 12.879 14.5 1.4 1.0 2.8
2009.7863 -25.8124 13.2121 23 2.5 1.4 4.7
2009.7918 -28.7728 12.657 20.7 1.3 0.9 3.0
2009.7945 -29.0324 11.7688 20.5 1.3 0.9 3.0
2009.7973 -28.6169 9.77031 21.5 1.4 0.9 3.0
2009.8000 -28.8247 8.43799 16.9 1.3 0.9 3.0
2009.8027 -26.8511 5.77336 19.6 1.3 0.9 3.0
2009.8055 -28.0976 7.99389 29.1 1.3 0.9 3.0
2009.8082 -30.3828 8.66004 21.4 1.4 0.9 3.0
2009.8110 -28.7208 9.43723 24.8 1.4 1.0 3.0
2009.8137 -29.5518 12.2129 23.4 1.4 1.0 3.0
2009.8164 -27.4224 8.54902 22.7 1.4 1.0 3.0
2009.8192 -26.1759 10.3254 23.8 1.4 1.0 3.0
2009.8219 -30.5386 9.54825 17.4 1.4 1.0 2.9
2009.8247 -26.1759 11.4357 23.3 1.3 0.9 2.9
2009.8274 -26.3317 13.7672 18.8 1.3 0.9 3.0
2009.8301 -28.9286 12.9901 16.2 1.4 1.0 3.0
2009.8329 -30.7983 11.5467 22.3 1.4 1.0 3.0
2009.8356 -30.6944 11.5467 19.8 1.4 1.0 2.9
2009.8384 -32.8757 8.66004 21.7 1.4 1.0 3.0
2009.8411 -33.6028 8.77107 18.2 1.3 1.0 2.9
2009.8438 -28.7208 8.77107 25.7 1.3 1.0 3.0
2009.8466 -27.2666 9.10415 26 1.3 1.0 3.0
2009.8493 -29.7076 7.32773 24.2 1.4 1.0 3.0
2009.8521 -29.1882 7.32773 21 1.4 1.0 3.0
2009.8548 -28.6689 8.21594 21.6 1.4 1.0 3.0
2009.8575 -28.0456 8.77107 13.2 1.4 1.0 3.0
2009.8603 -31.5773 10.9916 20.5 1.3 1.0 3.0
2009.8630 -28.9286 11.6578 23 2.2 1.4 4.1
2010.0384 -35.2129 15.3216 16.3 1.4 1.0 3.1
2010.0411 -37.6539 14.4334 21.9 1.4 1.0 3.1
2010.0438 -38.4849 14.5444 25.2 1.4 1.0 3.1
2010.0466 -39.212 15.5437 32.7 1.6 1.0 3.2
2010.0493 -37.8097 14.9885 29.8 1.4 1.0 3.1
2010.0521 -39.5755 13.1011 23.7 1.4 1.0 3.1
2010.0548 -38.0174 13.5452 23 1.3 1.0 3.0
2010.0575 -37.7578 14.3224 24.4 1.3 1.0 3.1
2010.0603 -40.043 13.5452 28 2.0 1.6 4.2
2010.0822 -38.6407 13.5452 13.8 1.3 1.0 3.0
2010.0849 -41.2375 12.4349 13.8 1.3 0.9 3.0
2010.0877 -39.8352 10.2144 11.3 1.4 1.1 3.2
2010.0904 -41.7569 10.5475 6.9 1.5 1.1 3.2
2010.0932 -33.8106 9.65928 15.6 1.5 1.1 3.3
2010.0959 -31.3696 8.99312 1.7 1.3 1.0 3.1
2010.0986 -30.3308 8.54902 10.9 1.3 1.0 3.1
2010.1014 -29.6557 7.2167 18.6 1.3 1.0 3.0
2010.1041 -30.175 11.1026 7.3 1.3 1.0 3.0
2010.1068 -32.9796 13.1011 7.4 1.3 1.0 3.0
2010.1096 -35.3167 10.1034 -2.4 1.4 1.0 3.0
2010.1123 -39.4717 12.4349 10 2.1 1.8 4.1
2010.1205 -31.3696 9.88133 -4.5 1.3 0.9 3.0
2010.1233 -32.5122 7.32773 -13.5 1.4 1.0 3.0
2010.1260 -29.9673 8.54902 -18.6 1.4 1.0 3.0
2010.1288 -40.1468 7.32773 -4.7 1.4 1.0 3.1
2010.1315 -34.2261 3.88592 -17.1 1.4 1.0 3.0
2010.1342 -34.278 3.77489 -21.4 1.4 1.0 3.0
2010.1370 -45.2885 -16.0988 5.5 1.4 1.1 3.2
2010.1397 -38.0174 -8.32697 6.3 1.3 0.9 2.9
2010.1425 -33.6548 -8.99312 0.4 1.4 1.0 3.0
2010.1452 -33.499 -9.99236 5.3 1.4 1.0 3.0
2010.1479 -32.668 -15.6547 11.6 1.3 1.0 2.9
2010.1507 -31.1099 -15.3216 13.6 1.3 1.0 2.9
2010.1534 -26.0721 -14.3224 12.4 1.3 1.0 2.9
2010.1562 -34.3819 -10.4365 17.2 1.3 1.0 2.9
2010.1589 -32.3564 -13.1011 6.6 1.4 0.9 2.9
2010.1616 -32.3564 -12.4349 10 1.3 1.0 2.9
2010.1644 -33.2912 -15.4326 8.3 1.3 1.0 2.9
2010.1671 -33.2912 -14.3224 10.8 1.3 1.0 3.0
2010.1699 -30.4867 -15.3216 -5.3 1.4 1.0 2.9
2010.1726 -26.955 -24.7588 -3.9 1.3 1.0 2.9
2010.1753 -34.9013 -16.0988 18 1.4 1.0 3.0
2010.1781 -51.469 -7.77183 10.4 1.4 1.0 2.9
2010.1808 -46.6389 -3.44181 14 1.4 1.0 2.9
2010.1836 -35.7322 1.22129 22.5 1.6 1.1 3.1
2010.1863 -32.1486 5.66234 17.4 2.1 1.2 3.7
2010.1890 -36.2516 5.55131 17.4 1.4 1.0 3.0
2010.1918 -38.5887 6.43952 16.3 1.3 1.0 2.9
2010.1945 -36.4593 4.6631 20.2 1.3 1.0 2.8
2010.1973 -36.3555 1.44334 17.4 1.3 1.0 2.9
2010.2000 -36.9787 2.88668 9 1.3 1.0 2.9
2010.2027 -33.8106 3.88592 12.9 1.4 1.1 3.0
2010.2055 -34.1741 2.44258 7.8 1.4 1.0 2.9
2010.2082 -35.4726 1.22129 5.9 1.3 1.0 2.9
2010.2110 -35.94 -1.33231 9.7 1.3 1.0 2.9
2010.2137 -35.3687 -5.21823 12.8 1.4 1.0 2.9
2010.2164 -34.5377 -3.33079 16.4 1.5 1.1 3.1
2010.2192 -34.7454 -0.333079 9.3 1.4 1.0 3.0
2010.2219 -35.4726 -2.33155 17.1 1.4 1.0 2.9
2010.2247 -35.109 -4.219 13.6 1.3 1.0 2.9
2010.2274 -34.4338 -3.99694 13.2 1.3 1.0 2.9
2010.2301 -34.9013 -0.999236 13.1 1.5 1.1 3.3
2010.2329 -31.6812 -3.21976 13.1 1.3 0.9 2.9
2010.2356 -35.4206 -6.10644 20.5 1.3 0.9 2.9
2010.2384 -33.9145 -7.32773 22.8 1.4 1.0 2.9
2010.2411 -36.2516 -5.77336 24.4 1.3 0.9 2.9
2010.2438 -37.55 -8.66004 11.6 1.5 1.0 3.1
2010.2466 -30.9021 -4.99618 20.8 2.4 1.6 4.2
2010.2493 -35.1609 -8.66004 20.4 1.4 0.9 2.9
2010.2521 -36.4593 -9.10415 15.1 1.4 1.0 2.9
2010.2548 -34.5377 -10.7695 20 1.3 1.0 2.8
2010.2575 -30.6425 -13.3231 19.6 1.3 1.0 2.8
2010.2603 -44.7692 -18.3193 7.7 2.4 1.5 4.4
2010.2630 -39.6794 -12.1019 11.7 2.3 1.5 3.9
2010.2658 -36.3035 -13.8783 14.7 1.5 1.0 3.1
2010.2685 -32.5122 -12.879 13.1 1.7 1.2 3.5
2010.2712 -32.4083 -17.3201 14 1.3 1.0 2.9
2010.2740 -32.8238 -16.765 7.4 1.3 1.0 2.9
2010.2767 -27.6821 -20.0957 12.7 1.4 1.0 2.9
2010.2795 -22.6962 -20.5398 10.3 2.0 1.4 3.8
2010.3507 -28.4092 -16.5429 11.9 1.3 1.0 2.9
2010.3534 -24.6178 -18.3193 13.6 1.3 1.0 2.9
2010.3562 -20.411 -19.6516 16.6 1.3 1.0 2.9
2010.3589 -25.9682 -18.0973 17.3 1.3 1.0 3.0
2010.3616 -25.6566 -15.5437 17.6 1.3 1.0 2.9
2010.3644 -27.9937 -15.6547 20.7 1.3 1.0 2.8
2010.3671 -25.4488 -15.9878 15.3 1.3 1.0 2.9
2010.3699 -26.4356 -14.1003 19.4 1.3 1.0 2.9
2010.3726 -33.447 -12.9901 14.8 1.3 1.0 2.9
2010.3753 -30.0712 -13.7672 12.6 1.3 1.0 2.9
2010.3781 -25.7604 -15.9878 11.9 1.4 1.0 2.9
2010.3808 -21.1381 -13.3231 21.8 1.9 1.3 4.2
2010.3836 -27.9418 -17.8752 9 1.4 1.1 3.3
2010.3863 -23.8907 -17.098 5.9 1.3 1.0 2.9
2010.3890 -20.8265 -15.8767 12.1 1.3 1.0 2.9
2010.3918 -25.5527 -19.7627 11.4 1.3 1.0 2.9
2010.3945 -25.0853 -19.6516 17.4 1.4 1.0 2.9
2010.3973 -26.955 -18.9855 14.2 1.4 1.0 2.9
2010.4000 -22.4365 -18.5414 10.5 1.8 1.3 3.9
2010.5479 -48.7683 17.5421 15.7 1.4 1.0 3.1
2010.5507 -50.9496 16.4319 23.7 1.9 1.3 4.3
2010.5589 -48.976 20.2068 11.6 1.3 1.0 3.0
2010.5616 -53.3387 26.0912 11.1 1.3 1.0 2.9
2010.5644 -51.1054 30.0881 7.6 1.3 1.0 2.9
2010.5671 -46.7427 28.7558 10.4 1.3 1.0 2.9
2010.5699 -54.3255 29.9771 8.9 1.3 1.1 2.9
2010.5726 -50.5341 25.6471 12.1 1.3 1.0 2.9
2010.5753 -48.8721 25.9801 11.1 1.3 1.0 2.9
2010.5781 -46.1714 23.7596 9.4 1.3 1.0 2.9
2010.5808 -45.6521 17.9862 17.2 1.3 1.0 2.9
2010.5836 -53.027 21.5391 16.6 1.3 1.0 2.9
2010.5863 -52.8712 19.4296 17.2 1.3 1.0 2.9
2010.5890 -56.6107 16.765 19.3 1.3 1.0 2.9
2010.5918 -47.1063 7.54978 24.1 2.2 1.7 5.1
2010.6329 -44.1459 23.0934 18.1 1.3 1.0 2.8
2010.6356 -50.0667 22.2052 7.9 1.3 1.0 2.8
2010.6384 -47.4179 20.0957 19.3 1.3 1.0 2.8
2010.6411 -51.9883 16.5429 14.6 1.3 1.0 2.8
2010.6849 -51.7286 16.0988 19.1 1.4 1.0 2.8
2010.6877 -54.4293 18.9855 18.2 1.6 1.1 3.2
2010.6932 -52.5077 19.7627 19 1.4 1.1 3.0
2010.6959 -46.7947 15.7657 28.9 1.9 1.6 4.2
2010.7562 -46.1714 -2.99771 27.6 1.4 1.0 2.9
2010.7589 -49.1838 1.22129 23.5 1.4 1.0 2.9
2010.7616 -52.1441 0.666157 22.4 1.3 1.0 2.8
2010.7644 -50.4302 4.10797 24.6 1.4 1.0 2.7
2010.7671 -47.7815 3.44181 32.6 1.4 1.1 2.9
2010.7699 -49.2357 2.88668 26.1 1.3 1.0 2.7
2010.7726 -49.8589 1.88745 25.6 1.4 1.1 2.9
2010.7753 -49.5473 2.1095 22.7 1.3 1.0 2.8
2010.7781 -45.6001 -0.444105 25.1 1.8 1.1 3.1
2010.7808 -49.7551 2.66463 22.4 1.4 1.0 2.8
2010.7836 -46.3273 -1.66539 26.3 3.3 2.1 6.0
