1998.5397 0 0 0 6.0 3.1 8.2
1998.5425 -5.84994 2.33205 -16.3 1.8 1.2 3.8
2000.3836 -49.5177 7.66246 -11.7 3.1 1.7 5.2
2000.3863 -47.745 7.77351 -2.2 2.9 1.7 5.1
2001.3808 -116.644 23.9868 -1.4 63.6 25.0 29.7
2001.3836 -65.6493 8.21771 -2.3 1.4 1.0 2.9
2001.3863 -64.8812 7.88456 -8.6 1.5 1.0 3.0
2001.3890 -68.6039 6.99616 -7.4 1.5 1.0 3.1
2002.4877 -85.0901 1.9989 12.6 1.5 1.0 3.4
2002.4904 -86.9219 4.44201 7.5 1.4 1.0 3.1
2002.4932 -88.0446 1.9989 9.9 1.4 1.0 3.1
2002.4959 -86.39 4.44201 8.7 1.5 1.2 3.6
2003.3890 -109.672 4.10886 31.7 1.4 1.1 3.2
2007.5068 -188.675 -9.43926 62.7 1.4 0.9 2.6
2007.5096 -186.607 -10.4387 63.5 1.4 0.9 2.6
2007.5123 -184.775 -8.77296 61.2 1.7 1.0 3.1
