1995.7342 0 0 0 2.0 1.6 4.5
1995.7370 -1.99639 2.11033 -0.5 1.9 1.2 3.7
1995.7534 -2.31839 -2.55461 -1.3 1.9 1.5 4.4
1995.7562 -2.31839 4.66494 -2.8 1.4 1.0 2.9
1995.7589 11.5919 9.88522 -3.7 4.4 3.0 5.7
2002.4219 -113.021 -65.7534 18.9 2.1 1.5 4.2
2002.4247 -113.601 -66.4198 -2.4 2.3 1.3 3.9
2002.5041 -112.249 -67.1973 7.2 1.8 1.7 4.1
2002.5068 -112.699 -65.8645 4.2 1.3 0.9 2.7
2002.5096 -115.662 -67.6416 5.7 1.9 1.1 3.5
2006.4658 -174.33 -99.9629 8.5 2.0 2.0 4.4
2006.4685 -174.845 -98.4079 12.6 1.8 1.1 3.6
2006.5425 -180.319 -100.74 2.9 2.0 1.5 4.0
2006.5452 -176.648 -101.962 13.8 1.3 0.9 2.6
2006.5479 -173.815 -100.74 8.6 1.5 1.0 3.1
2011.4575 -255.087 -151.61 25.3 1.6 1.2 3.4
2011.4603 -249.548 -147.612 14.2 1.6 1.2 3.6
2011.5342 -256.246 -153.388 30.7 1.6 1.2 3.5
