2000.5918 0 0 0 1.4 0.9 2.8
2000.5945 3.70023 0.111081 -4.8 1.4 0.9 2.9
2000.5973 4.50755 1.33298 -10.4 1.4 0.9 2.8
2000.6000 2.96018 -1.7773 -2.7 1.6 1.0 3.1
2000.6137 7.40046 3.77676 -1.3 1.7 1.1 3.5
2000.6164 0.605492 -2.11055 -1.4 1.6 1.0 3.1
2000.6192 -0.269109 1.7773 -7.1 2.0 1.3 3.8
2000.6219 30.6783 1.66622 0.9 3.2 2.3 5.9
2007.3918 -105.221 -65.2047 20.8 1.1 0.9 2.5
2007.3945 -107.912 -63.8718 10.9 1.1 0.9 2.5
2007.3973 -108.047 -63.6496 29.2 1.1 0.9 2.5
2007.4000 -108.72 -60.8726 26.2 1.1 0.8 2.5
2007.4027 -111.007 -62.7609 26.7 2.2 1.6 4.6
2007.4055 -108.585 -65.2047 25.3 2.1 1.5 4.2
2007.4110 -108.316 -64.9826 27.7 3.3 1.9 5.7
2007.4137 -112.756 -64.4272 23.6 2.5 1.7 4.8
2011.3945 -186.29 -90.8645 31.8 1.5 0.9 2.7
2011.3973 -183.935 -89.9759 31.1 1.5 1.1 3.1
2017.2055 -331.608 -137.297 59.1 4.7 1.9 5.8
2017.2082 -323.871 -137.297 49.5 1.1 0.8 2.3
2017.2110 -326.159 -136.963 44.6 1.2 0.9 2.6
2017.2137 -323.535 -136.963 45.4 1.5 1.0 3.0
