1998.7041 0 0 0 1.7 1.1 3.3
1998.7068 1.15279 0.555225 0.2 1.5 1.0 3.0
1998.7096 -1.26807 1.99881 0.9 1.6 1.0 3.1
1998.7123 -2.24794 1.11045 -3.7 1.9 1.3 3.7
2001.6356 -40.6935 -44.5291 65.5 2.0 1.1 3.7
2001.6384 -30.0878 -44.418 60.4 2.3 1.1 3.7
2001.6411 -32.6816 -44.8622 65.2 1.7 1.0 3.3
2001.6438 -37.2351 -42.6413 70.1 1.9 1.2 3.6
2003.6027 -58.3888 -66.4049 114.3 1.6 1.0 3.4
2003.6055 -63.5764 -65.9608 117.7 1.6 1.1 3.4
2003.6082 -61.2131 -66.7381 124.3 1.5 1.0 3.3
2003.6110 -63.0576 -68.0706 116.9 1.5 1.0 3.4
2003.6137 -61.1555 -70.4026 118.1 1.6 1.1 3.4
2003.6164 -58.7923 -67.6264 123.8 1.5 1.0 3.3
2004.6110 -64.0951 -75.8438 161.4 1.7 1.1 3.5
2004.6137 -71.7035 -77.8426 155.2 1.5 1.0 3.1
2004.6164 -67.7841 -77.3984 166 1.5 1.0 3.0
2007.5726 -109.054 -119.484 233.1 1.4 0.9 2.8
2007.5753 -108.305 -120.595 222.4 1.4 0.9 2.8
2007.5781 -110.322 -118.485 239 1.3 0.9 2.7
