2000.5288 0 0 0 11.3 4.3 10.1
2000.5315 -9.37573 -3.21994 -0.2 1.4 1.0 2.8
2000.5342 -3.87961 -1.55445 -0.1 1.7 1.1 3.2
2000.5370 -8.56748 -4.77439 3.6 1.8 1.1 3.2
2000.5397 -8.78301 -3.66407 1.2 2.2 1.6 4.1
2000.5425 -6.68156 -3.66407 -6.4 1.5 1.0 3.0
2000.5452 -3.77185 -2.99787 0.2 1.3 0.9 2.8
2000.5479 -1.99369 -2.44271 -1.8 1.6 1.2 3.4
2001.5452 -27.8578 6.32885 -12.2 2.1 1.8 4.5
2002.5425 -56.6316 8.77156 23.2 6.9 4.3 13.0
2002.5452 -60.6728 14.7673 27.8 1.7 1.4 4.6
2002.5479 -59.1641 15.5445 29 1.8 1.5 5.0
2003.5233 -95.9127 98.3747 44.1 1.4 1.0 2.9
2003.5260 -89.0156 102.15 49 2.1 1.3 3.8
2004.5315 -118.328 120.248 51.5 1.1 0.8 2.6
2004.5342 -120.753 121.58 53.6 1.1 0.8 2.6
2004.5370 -122.908 124.911 55.5 1.1 0.8 2.6
2004.5397 -119.837 121.58 57.5 1.1 0.8 2.5
2004.5425 -116.496 120.692 52 1.2 0.9 2.7
2004.5452 -119.298 120.359 70.3 1.3 0.9 2.7
2004.5479 -121.615 120.914 61.2 1.2 0.9 2.7
2006.5041 -176.522 149.228 79.9 2.3 2.0 5.1
2006.5068 -171.781 155.001 77.4 1.2 0.8 2.7
2006.5096 -174.906 155.556 79.6 1.3 0.9 2.7
2006.5123 -170.649 154.668 84.8 1.2 0.8 2.6
2006.5151 -171.942 157.333 88.7 1.2 0.8 2.6
2006.5178 -168.709 157 82.5 1.5 0.9 3.0
2007.5315 -200.339 173.211 97.8 1.1 0.8 2.4
2007.5342 -196.136 169.546 97.2 1.2 0.9 2.5
2007.5370 -201.955 172.877 92.5 1.1 0.8 2.4
2007.5397 -200.932 172.1 95.8 1.1 0.8 2.4
2007.5425 -205.943 174.543 97.7 1.2 0.9 2.5
2008.6740 -231.322 190.643 89.9 2.0 1.3 4.0
