2006.5068 0 0 0 1.4 0.9 3.1
2006.5096 -2.97343 -3.44202 -5.7 1.4 0.9 3.0
2006.5123 -2.70312 -3.10892 -2.4 1.3 0.9 2.9
2006.5151 -3.67624 -0.222066 1.4 1.3 0.9 3.0
2006.5178 -3.02749 -1.11033 -2.8 1.3 0.9 2.9
2006.5205 -3.2978 0.777231 -0.5 1.3 0.9 2.9
2006.5233 -4.54124 -0.222066 -1 2.0 1.3 4.1
2008.5507 -39.7358 -0.444131 40.8 1.2 0.9 2.7
2008.5534 -41.3036 -1.77653 37.5 1.2 0.9 2.6
2008.5562 -42.2227 0.222066 45 1.2 0.9 2.6
2008.5589 -40.4927 0.555165 43.7 1.2 0.9 2.7
2008.5616 -39.3033 -2.22066 48.6 1.3 0.9 2.8
2008.5644 -40.8171 1.88756 46.8 1.2 0.9 2.6
2008.5671 -43.1418 0 30.2 1.9 1.2 3.7
2008.5890 -40.2765 0.777231 49.8 1.2 0.9 2.6
2008.5918 -43.5202 4.21925 46.8 1.3 0.9 2.8
2008.6137 -41.2496 2.33169 48.5 1.2 0.9 2.8
2008.6164 -41.0333 2.55376 49.2 1.2 0.9 2.8
