1995.6767 0 0 0 2.1 1.5 4.5
1995.6795 -2.25338 1.9997 -9.7 2.0 1.3 4.0
1995.7726 -3.87299 -3.77721 -2.9 2.0 1.7 4.6
1995.7753 1.5492 -0.99985 15.8 1.9 1.2 3.7
1995.7781 -8.591 -6.11019 9.2 2.1 1.7 4.7
1995.7836 -9.85852 0.888755 5.4 2.0 1.6 4.3
1995.7863 -21.5479 0.333283 12.5 2.2 1.2 3.7
2002.4137 -108.866 -63.546 12.6 2.1 1.5 4.2
2002.4164 -109.641 -66.9899 -4.6 1.8 1.1 3.5
2002.4329 -106.613 -68.6563 -1.9 2.1 1.5 4.1
2002.4356 -105.486 -73.5445 3.7 1.8 1.1 3.5
2002.4411 -104.571 -67.8786 6 1.9 1.5 3.8
2002.4438 -103.585 -69.1007 -3.1 1.8 1.1 3.6
2006.4575 -167.102 -119.426 -20.6 2.8 1.9 4.6
2006.4603 -165.201 -108.095 -3 1.3 0.9 2.8
2006.4767 -167.243 -111.428 -9.3 2.1 1.8 4.3
2006.4795 -171.327 -110.983 -15.9 1.5 1.0 3.1
2006.4849 -171.116 -102.984 -8.8 2.4 2.0 4.5
2006.4877 -166.609 -105.54 -10.2 1.6 1.0 3.3
2011.4493 -238.928 -160.531 -10.6 1.7 1.2 3.6
2011.4521 -239.421 -156.421 -18.9 1.7 1.2 3.6
2011.4685 -236.252 -159.531 -17.7 1.8 1.3 3.6
