1998.5753 0 0 0 9.0 5.4 12.9
1998.5781 -52.6249 -10.3244 -64.7 2.7 1.4 5.4
1998.5808 -48.6103 -8.54819 -53.4 3.6 1.7 5.9
1998.5836 -43.4833 -9.3253 -37.4 2.8 1.4 5.0
1998.5863 -40.7746 -10.7685 -49.2 2.9 1.6 6.0
1999.3808 -55.3335 -22.4251 -38.3 31.6 18.7 35.5
1999.3836 -42.4192 -27.0878 -59 2.8 1.4 5.0
1999.3863 -51.319 -32.4165 -53.9 2.5 1.4 4.9
1999.3890 -54.2694 -25.2005 -49.7 8.4 3.4 11.0
2000.3534 -55.8172 -59.2822 -40.1 10.5 5.8 18.6
2000.3562 -66.942 -49.7349 -84.2 3.0 1.7 5.8
2000.3589 -67.7642 -58.3941 -70.3 2.6 1.6 5.8
2000.3616 -64.9105 -55.5077 -47.9 7.5 3.6 13.3
2001.4110 -18.0414 -67.7194 -84.9 24.3 7.3 23.0
2001.4137 -77.7282 -71.938 -66.6 3.0 1.6 6.4
2001.4164 -63.7497 -69.3846 -56.7 3.2 1.6 7.5
2001.4192 -55.4303 -72.049 -66.8 3.7 1.9 8.1
2001.4219 -71.1984 -74.4913 -69.3 3.2 1.5 6.5
2001.4247 -77.97 -79.8201 -70.3 3.2 1.6 7.7
2001.4274 -52.1412 -63.6118 -79.3 5.6 4.1 11.8
2002.6356 -64.8621 -116.455 -11.4 11.0 9.0 24.5
2002.6384 -70.618 -110.349 -65.8 3.7 1.9 7.4
2002.6411 -81.0656 -109.239 -52.7 2.3 1.3 4.9
2002.6438 -60.5573 -104.91 -45.5 4.8 2.7 10.0
2002.8603 -50.3032 -143.21 -54.7 2.6 1.5 5.9
2002.8630 -41.4518 -145.43 -40.7 2.8 1.8 6.1
2003.4384 -61.96 -163.415 129.2 3.3 1.7 6.0
2003.7644 -57.365 -177.403 -36.4 3.3 1.9 7.8
2003.7671 -63.5562 -177.07 -55.4 3.7 2.3 8.0
2003.7699 -47.4979 -176.403 -47.2 3.7 1.9 7.5
2004.3699 -59.1547 -189.281 -13.2 2.2 1.3 4.8
2004.3726 -60.5573 -189.836 -44.8 2.2 1.3 4.8
2004.8192 -60.3639 -197.829 -35.2 2.2 1.3 4.4
2004.8219 -52.8668 -196.275 -28.8 2.0 1.2 4.2
2004.8247 -58.5259 -201.382 -22.7 2.0 1.2 4.2
2004.8274 -60.3639 -199.384 -17.9 1.9 1.2 4.0
2004.8301 -62.4921 -200.383 -14.5 2.0 1.2 4.2
2004.8329 -68.2479 -198.94 -25.7 2.3 1.4 4.8
2004.8356 -58.284 -197.718 -18.6 2.0 1.2 4.4
2004.8384 -64.2333 -200.605 -23 1.9 1.2 4.3
2004.8411 -67.9094 -201.715 -24.8 1.9 1.1 4.2
2006.3753 -68.8767 -247.342 -6.4 5.6 2.0 9.1
2006.3781 -78.5988 -243.346 -40.6 2.4 1.3 4.4
2006.3808 -73.6168 -239.238 -29.3 2.2 1.2 4.5
2007.4274 -70.9566 -233.243 -30.6 6.0 3.4 11.1
2007.4301 -72.5044 -254.003 21.4 2.8 1.8 5.8
2007.4849 -73.4717 -260.109 -2.3 2.4 1.4 4.7
2007.4877 -68.78 -258 4.5 2.4 1.4 4.5
2007.4904 -45.5631 -260.331 14.5 4.4 2.3 8.3
2008.2630 -89.7719 -281.535 -39.9 2.4 1.3 4.9
2008.2658 -94.1734 -280.425 -42.4 2.2 1.3 4.6
2008.2685 -99.107 -285.421 -40.4 3.3 2.4 7.1
2009.4027 -84.4997 -301.74 1.2 2.2 1.3 4.7
2009.4055 -82.9036 -298.742 8.6 2.3 1.4 4.5
2009.4082 -89.3366 -301.962 10.7 2.3 1.4 5.0
2009.4110 -81.1623 -297.41 -4.1 2.3 1.4 4.7
2010.3452 -107.572 -320.39 -50.2 2.4 1.4 5.3
2010.3479 -98.0913 -316.727 -32.5 2.5 1.4 5.4
2010.3507 -104.863 -318.503 -31.2 2.5 1.4 5.2
2011.5836 -98.9619 -344.814 -5.4 2.5 1.5 4.9
2011.5863 -113.376 -349.921 -0.5 2.4 1.4 4.7
2011.5890 -109.796 -346.368 7.9 3.4 2.4 6.6
2012.3397 -107.088 -368.571 -26.3 2.2 1.2 4.3
2012.3425 -113.279 -369.792 -43.5 2.2 1.2 4.3
2012.3452 -106.072 -366.573 -26.5 2.6 1.3 4.9
2013.4904 -118.067 -388.887 1 3.1 1.6 6.1
2013.4932 -113.472 -387.444 0.7 3.8 2.5 7.3
2013.4959 -120.196 -391.884 2.4 2.6 1.6 5.4
2013.4986 -112.263 -380.45 7.8 2.9 1.7 5.8
2013.6767 -108.297 -395.77 26.9 2.8 1.6 5.5
2013.6795 -107.475 -395.437 15.3 2.4 1.4 5.1
2013.6822 -114.198 -396.88 9.5 2.5 1.4 5.0
2013.6849 -116.229 -397.99 22.4 2.4 1.4 4.9
2013.6877 -104.911 -392.55 21.2 3.2 1.7 6.7
2014.4329 -113.618 -412.311 -16.1 3.3 2.2 6.5
2014.4356 -112.699 -416.197 -1.5 2.9 2.1 5.6
2014.4384 -123.727 -416.086 -26.2 2.4 1.6 5.2
2015.4438 -123.001 -423.191 -0.5 2.7 1.5 5.4
2015.4466 -127.548 -435.624 -10.6 2.4 1.5 4.7
2015.4493 -114.295 -418.861 -4 2.8 1.8 5.7
2016.3863 -144.864 -460.27 15.7 2.6 1.8 5.1
2016.3890 -137.463 -457.606 9.7 3.0 2.1 5.5
2016.3918 -123.727 -448.28 15.9 2.5 1.6 5.1
2016.3945 -135.383 -455.385 27.4 2.6 1.7 5.1
2017.3863 -146.702 -466.376 8.8 2.7 1.6 5.1
2017.3890 -137.705 -464.711 4.2 2.6 1.6 5.0
2017.3918 -142.494 -468.818 -11.8 2.7 1.6 5.0
2017.3945 -138.189 -467.264 9.2 2.9 2.0 5.9
2018.4356 -140.172 -503.566 22.2 3.0 1.8 5.6
2018.4384 -144.622 -495.351 29 3.0 1.9 5.5
2018.4411 -147.185 -494.574 14.8 3.0 1.9 5.6
2018.4438 -148.975 -509.561 31.4 3.6 2.5 6.8
2019.4329 -139.64 -512.114 22.9 6.1 3.1 9.1
2019.4356 -162.421 -526.102 5.7 2.7 1.7 5.0
2019.4384 -150.668 -511.448 5.2 2.7 1.8 5.3
2019.4411 -163.002 -519.219 8.7 3.1 2.1 6.1
2021.4493 -172.482 -567.4 38.5 3.4 2.5 6.4
2021.4521 -174.368 -575.504 66.8 3.3 2.4 6.6
2021.4548 -170.257 -571.063 59 3.7 2.6 7.6
2021.4575 -174.368 -570.397 52.5 3.7 2.5 7.1
2021.4603 -169.677 -563.181 33.7 3.3 2.5 6.4
2021.4630 -163.147 -566.845 62.4 4.3 3.4 8.3
