1995.7589 0 0 0 2.0 1.6 4.4
1995.7616 -5.79009 -3.88785 -5.3 1.4 1.0 2.8
1995.7644 -1.27921 -1.2219 -11.5 1.4 1.0 2.8
1995.7671 -6.66534 -0.222163 -9.2 2.4 1.3 4.0
2002.4274 -107.117 -68.9816 13.7 2.0 1.5 4.1
2002.4301 -106.645 -72.8695 0.8 1.7 1.1 3.5
2002.4329 -100.182 -69.6481 -2.5 2.1 1.6 4.3
2002.4356 -104.02 -73.0916 0 1.3 0.9 2.7
2002.4384 -101.529 -71.6476 -4.4 1.8 1.0 3.5
2006.4712 -169.596 -113.859 -13.6 2.2 1.9 4.3
2006.4740 -171.818 -111.859 -1 1.4 1.0 3.0
2006.4767 -159.901 -111.97 -13.6 2.3 1.9 4.4
2006.4795 -165.287 -113.747 -9.8 1.3 0.9 2.6
2006.4822 -165.96 -114.858 -9.6 1.4 1.0 3.0
2011.4575 -237.461 -168.289 -4.9 1.7 1.3 3.6
2011.4603 -242.713 -168.289 -3.6 1.6 1.2 3.5
2011.4685 -236.721 -162.846 7.2 1.6 1.2 3.5
