2011.7781 0 0 0 1.4 0.9 2.6
2011.7808 -2.52549 0.333119 -0.4 1.3 0.9 2.5
2011.7836 -5.83669 -1.77664 3.3 1.3 0.9 2.6
2012.4493 -3.70405 -15.4345 -9.6 1.3 0.9 2.6
2012.4521 -7.07138 -14.5462 -8.5 1.3 0.9 2.6
2012.4548 -6.28567 -18.6547 -4.2 1.4 0.9 2.7
2012.8164 -9.76523 -15.7677 5.8 1.3 0.9 2.7
2012.8192 -9.70911 -16.2118 5.2 1.3 0.9 2.6
2012.8219 -14.1428 -15.2125 4.8 1.4 1.0 2.8
2013.4438 -26.9947 -37.0873 17.7 1.4 0.9 2.7
2013.4466 -28.1171 -39.086 13.4 1.4 0.9 2.7
2013.4493 -32.1018 -37.3094 11.7 1.4 1.0 3.0
2013.8301 -21.8876 -47.0809 22.8 1.3 1.0 2.7
2013.8329 -23.2906 -48.1913 22.4 1.3 0.9 2.6
2013.8356 -24.0202 -47.303 19.5 1.3 0.9 2.7
2014.4082 -31.3722 -51.4114 -7.5 1.5 0.9 3.1
2014.4110 -29.1835 -48.0802 -0.6 1.5 1.0 3.1
