2011.7781 0 0 0 1.2 0.8 2.4
2011.7808 -1.17865 0.444159 1.8 1.1 0.8 2.4
2011.7836 -2.30118 -3.10912 5.5 1.1 0.8 2.4
2012.4493 -0.785768 -26.8716 14.4 1.1 0.8 2.4
2012.4521 -3.08695 -26.5385 12.3 1.1 0.8 2.4
2012.4548 -1.17865 -27.0937 15.2 1.2 0.9 2.4
2012.8164 -4.37785 -36.7542 21.3 1.1 0.9 2.5
2012.8192 -0.841895 -35.4217 21 1.2 0.9 2.5
2012.8219 -1.68379 -34.3113 20.4 1.2 0.9 2.6
2013.4438 -18.1288 -48.1913 26.8 1.2 0.9 2.5
2013.4466 -22.675 -32.3126 21.6 1.2 0.9 2.5
2013.4493 -26.211 -24.0956 22.8 1.2 0.9 2.7
2013.8301 -11.3936 -60.9609 33.1 1.2 0.9 2.6
2013.8329 -8.64345 -61.5161 33.8 1.1 0.9 2.5
2013.8356 -7.74543 -61.405 33.7 1.2 0.9 2.4
2014.4055 -24.6956 -68.7337 43.8 4.1 2.1 5.9
2014.4082 -22.8434 -65.8466 32.7 1.2 0.8 2.5
2014.4110 -23.9659 -65.5135 39.6 1.2 0.8 2.5
