1999.5151 0 0 0 10.6 4.2 11.0
1999.5178 -20.0394 -2.88826 -6.4 1.5 0.9 2.9
1999.5205 -20.0394 -6.88739 -4 1.6 1.0 3.1
2000.6082 -33.9709 -10.7754 1.7 2.0 1.4 3.7
2000.6110 -35.8239 -22.4395 -3 1.9 1.2 3.5
2000.6137 -35.2749 -27.5495 -8.2 1.7 1.1 3.4
2004.4411 -67.4615 -69.096 22.9 1.4 1.0 3.0
2004.4438 -72.4713 -70.7623 24.3 1.2 0.8 2.5
2004.4466 -66.2948 -70.9845 35.2 1.2 0.8 2.5
2005.6411 -80.844 -81.5378 37.3 1.3 0.9 2.8
2005.6438 -79.8145 -83.6484 41.9 1.3 0.8 2.6
2005.6466 -75.8341 -86.5367 44.7 1.3 1.0 2.9
2012.4767 -159.835 -155.966 62.8 1.3 0.8 2.5
2012.4795 -154.207 -159.187 54.2 1.3 0.8 2.3
2012.4822 -156.678 -156.966 72.7 1.3 0.8 2.4
2012.4849 -158.737 -156.855 69.7 1.3 0.8 2.4
