2005.5068 0 0 0 1.7 1.3 4.7
2005.5096 -0.197634 6.77213 6.9 1.6 1.2 4.5
2005.5123 -2.9151 6.99416 2.8 1.7 1.2 4.5
2005.5151 -0.0494093 9.99166 -16.9 1.8 1.3 4.7
2007.4904 -31.6214 -28.0877 49.8 2.8 3.3 8.5
2007.4932 -31.8684 -29.864 32 1.6 1.3 4.4
2007.4959 -31.4238 -32.8615 36.6 1.6 1.3 4.4
2007.4986 -25.2477 -33.4166 50.9 1.6 1.2 4.4
2007.5014 -20.2575 -33.3055 36.7 2.6 2.3 6.9
2008.4630 -37.4516 -38.5234 22.1 1.4 1.0 3.1
2008.4658 -27.3229 -44.1854 18.2 1.5 1.0 3.2
2008.4685 -28.8051 -37.3022 16.7 1.3 1.0 3.1
2009.4603 -43.3806 -57.8406 25.7 1.4 1.0 3.2
2009.4630 -44.5664 -57.3966 30.4 1.4 1.0 3.2
2009.4658 -43.1336 -59.95 24.7 1.4 1.0 3.4
2009.4685 -49.0132 -64.6128 17 2.5 1.6 5.4
2010.4603 -55.8315 -73.8273 44.2 1.4 1.0 3.3
2010.4630 -53.1141 -76.0477 33.6 1.3 1.0 3.3
2010.4658 -48.9144 -79.3782 40.6 1.3 1.0 3.2
2010.4685 -46.7404 -74.3824 34.4 1.3 1.0 3.2
2010.4712 -52.5212 -76.2697 32.2 1.3 1.0 3.2
2010.4740 -54.3987 -76.8248 41.8 1.3 1.0 3.2
2011.5781 -69.073 -100.916 31.3 1.4 1.0 3.2
2011.5808 -65.1697 -101.027 31.4 1.3 1.0 3.1
2011.5836 -65.4168 -96.364 43.7 1.3 1.0 3.1
2012.6740 -74.4091 -120.455 40.4 1.8 1.1 3.5
2012.6767 -67.5907 -107.91 49.4 2.7 1.6 4.7
2013.6603 -88.1446 -145.767 32 1.5 1.0 3.2
2013.6630 -91.455 -144.768 22 1.4 0.9 3.1
2013.6658 -91.6526 -144.657 7 1.6 1.0 3.4
2013.6685 -93.5302 -144.99 19.8 1.5 1.0 3.3
2013.6712 -84.3402 -142.881 41.5 1.4 1.0 3.2
2013.6740 -94.4195 -119.345 60.3 1.4 1.0 3.1
2013.6767 -90.9609 -137.33 46.4 1.7 1.1 3.6
2014.6767 -94.716 -161.643 42.3 1.5 1.0 3.4
2014.6795 -96.1982 -162.087 41.4 1.4 1.0 3.3
2014.6822 -90.5163 -162.531 34.6 1.5 1.0 3.3
2014.6849 -100.694 -162.642 49.1 1.4 1.0 3.2
2015.6849 -107.76 -182.514 29 1.9 1.3 4.1
2015.6877 -107.562 -182.514 30.2 1.4 1.0 3.4
2015.6904 -116.258 -179.85 62.7 2.5 1.8 5.4
2016.7014 -116.752 -186.733 91.3 1.3 0.9 3.2
2016.7041 -121.742 -199.5 62 1.3 0.9 3.2
2016.7068 -122.533 -202.498 45.7 1.4 1.0 3.5
2017.6959 -134.885 -223.591 41.3 1.3 0.9 3.2
2017.6986 -135.972 -219.261 54.2 1.4 1.0 3.4
2017.7014 -132.415 -200.277 53.9 1.5 1.0 3.6
2018.4685 -139.282 -227.033 60 1.3 0.9 3.1
2018.4712 -146.792 -236.802 71.4 1.3 0.9 3.2
2018.4740 -143.334 -237.135 65.5 1.3 1.0 3.2
2018.4767 -143.087 -236.469 66.6 1.6 1.0 3.4
2021.6110 -170.953 -307.299 64.2 1.7 1.4 4.5
2021.6137 -221.449 -277.435 128.8 2.9 2.4 7.2
