1995.6082 0 0 0 3.3 2.2 6.2
1996.4384 -13.1612 5.10753 41.2 2.9 2.3 6.8
1996.4411 -6.01191 4.55237 27 3.0 2.3 7.0
1997.3699 -26.3766 0.9993 49.8 3.3 3.0 8.7
1997.3753 -31.197 -4.88547 35.9 3.1 2.4 6.9
1997.6740 -40.4044 3.55307 104.2 73.0 28.9 63.4
1998.4192 -47.2829 -1.88757 34.9 3.1 2.6 8.0
1998.4219 -42.7333 -1.88757 42.2 3.0 2.7 8.1
2001.6630 -81.2962 -32.9769 108.5 3.3 1.8 5.6
2002.4110 -115.418 -35.3086 54.3 9.8 3.4 10.8
2002.4137 -104.098 -30.5342 47.8 1.6 1.2 3.8
2002.4164 -104.586 -31.3114 58.3 1.7 1.2 3.9
2002.4192 -99.0612 -33.421 61.6 1.9 1.4 4.3
