2006.4822 0 0 0 1.3 0.9 2.7
2006.4849 1.84205 1.44343 -1.9 1.2 0.9 2.6
2014.5315 -4.38842 -205.523 30.2 1.2 0.8 2.5
2014.5342 -9.21026 -208.188 46.5 1.2 0.8 2.4
2014.5370 -9.8604 -210.186 40.7 1.2 0.8 2.4
2014.5397 -6.12211 -206.522 45.4 1.2 0.8 2.4
2014.5425 -8.34341 -206.189 44.4 1.2 0.8 2.5
2014.5452 -5.4178 -206.522 46.7 1.2 0.8 2.4
2014.5479 -13.1653 -214.072 46 1.2 0.8 2.4
2014.5507 -9.15608 -210.186 41.8 1.2 0.8 2.4
2014.5534 -7.69328 -207.188 46.3 1.2 0.8 2.4
2014.5562 -7.04314 -206.411 45.6 1.2 0.8 2.4
2014.5589 -8.50595 -208.077 43.8 1.2 0.8 2.4
2014.5616 -9.80622 -208.41 40.5 1.2 0.8 2.4
