1997.6027 0 0 0 15.9 5.4 26.4
1997.6055 54.6883 7.10519 -20.1 3.5 2.4 8.4
1997.6082 83.2192 -12.8782 -68.2 8.2 5.8 16.7
1998.3781 1.18673 -0.999168 6.4 8.8 5.2 21.2
1998.3808 59.5836 6.99417 -31.7 3.6 2.1 8.3
1999.3836 46.6779 -19.5393 58.4 19.6 8.9 37.0
1999.3863 31.0032 -19.4283 3.4 2.6 1.7 6.5
1999.3890 37.0358 -30.9742 13.4 2.7 1.8 6.7
1999.3918 40.2993 -30.4191 -32.1 3.9 2.6 9.8
2000.4247 31.8933 -60.1721 26.8 3.6 2.5 7.9
2000.4274 15.3286 -45.5176 -9.1 3.2 2.2 7.2
2003.4274 3.11516 -165.307 -15 2.5 1.4 5.5
2003.4301 10.6311 -166.084 -31.9 3.0 1.9 7.5
2003.7644 -5.73584 -172.523 -9.8 2.3 1.3 4.9
2003.7671 -15.378 -173.744 -19.7 2.5 1.5 5.3
2003.7699 -17.6031 -177.741 -35.6 2.6 1.4 5.2
2004.4274 -16.2186 -185.512 -4.2 2.3 1.2 4.8
2004.4301 -8.50487 -186.955 -28.6 2.2 1.2 4.6
2004.4329 -4.99414 -186.067 -27.8 2.2 1.2 4.6
2004.4356 -15.4274 -189.287 -36.6 2.3 1.2 4.7
2004.4384 -18.0481 -193.172 -10.2 2.3 1.3 4.9
