2002.4740 0 0 0 72.0 38.8 109.7
2002.4767 -27.6799 -13.1027 7.4 1.9 1.3 5.5
2002.4795 -35.3563 -14.102 -31.4 1.9 1.3 6.0
2002.4822 -24.6542 -16.4339 -9.1 1.9 1.3 5.5
2002.4849 -27.4558 -15.3235 1.6 2.0 1.4 6.3
2002.4877 -27.3437 -16.767 -15.1 2.0 1.3 6.3
2002.4904 -21.9646 -17.1001 -3.7 5.9 3.8 13.5
2003.7123 -55.3598 -3.10911 6.6 2.0 1.5 5.7
2003.7151 -54.5193 -2.99807 16 1.9 1.3 5.5
2003.7178 -40.4552 -3.22015 46.1 2.7 1.6 7.0
2007.4521 -124.616 37.1982 66.8 2.1 1.2 5.2
2007.4548 -130.107 36.9762 66.3 2.0 1.2 5.1
2007.4575 -122.262 39.6411 73.8 2.0 1.2 5.3
2007.4603 -122.767 35.8658 52.7 2.3 1.2 6.0
2012.6986 -211.802 85.1673 89.4 1.8 1.1 4.7
2012.7014 -214.94 81.503 71.6 1.8 1.2 5.2
2012.7041 -214.94 86.0556 99.1 2.1 1.2 5.8
2014.4438 -257.02 100.824 64.3 1.9 1.2 5.2
2014.4466 -255.059 101.934 69.1 2.0 1.2 5.2
2014.4493 -252.033 104.155 70 2.1 1.3 5.8
2014.4521 -245.981 107.93 51 2.0 1.4 5.8
