2006.5068 0 0 0 1.2 0.8 2.6
2006.5096 -5.28778 -0.777217 3.2 1.3 0.9 2.6
2006.5123 -2.93766 0.777216 8.3 1.2 0.8 2.6
2006.5151 -4.43319 0.666185 16.6 1.2 0.8 2.6
2006.5178 -8.33226 -2.66474 24.6 1.2 0.8 2.6
2008.5151 -39.2578 8.9935 43.9 1.1 0.8 2.4
2008.5178 -45.1331 5.88464 28.4 1.1 0.8 2.4
2008.5205 -39.151 7.5501 33.9 1.1 0.8 2.4
2008.5233 -47.0025 6.1067 41.3 1.1 0.8 2.4
2008.5260 -38.1895 6.43979 42.7 1.2 0.9 2.4
2008.5288 -37.3349 7.88319 32.5 1.2 0.9 2.4
2008.5315 -37.1747 7.88319 39.1 1.6 1.4 3.1
2008.5342 -42.783 6.77288 48.7 1.1 0.8 2.4
2008.5370 -42.8898 6.55082 41.3 1.1 0.9 2.4
2008.5397 -42.4625 8.66041 36.3 1.8 1.8 3.9
2008.5425 -43.691 10.881 42 1.1 0.8 2.4
2008.5452 -40.2192 7.32804 50 1.4 1.1 2.8
2008.5479 -42.2488 10.3259 37.5 1.9 1.5 3.5
