1999.5616 0 0 0 1.4 1.0 3.2
1999.5644 -1.7337 0.888365 -6.3 1.4 1.1 3.2
1999.5671 0.866849 1.88778 -3.4 1.5 1.1 3.3
1999.5699 2.8317 0 -10 1.4 1.0 3.2
1999.5726 -10.3444 3.6645 7.4 22.5 12.0 23.2
2001.6822 -41.3198 9.32783 75.1 11.8 6.5 16.0
2001.6849 -57.0964 25.7626 20 1.6 1.1 3.7
2001.6877 -61.4306 24.8742 25.1 1.6 1.1 3.7
2001.6904 -57.7899 28.2056 30.5 1.8 1.1 3.8
2001.6932 -53.1667 27.9835 32.4 1.5 1.1 3.5
2001.6959 -60.2171 26.3178 41.7 2.0 1.3 4.4
2003.3699 -109.165 54.7455 58 1.2 1.0 3.2
2003.3726 -106.622 52.4135 52.6 1.2 1.0 3.1
2003.3753 -105.409 53.524 45.6 1.2 1.0 3.1
2003.3781 -107.142 56.6332 44.5 1.2 1.1 3.1
2007.6329 -241.273 106.493 137.1 2.9 2.7 6.3
2007.6356 -237.979 106.271 145 1.3 1.1 3.3
2007.6384 -238.383 107.936 140.3 1.2 1.1 3.3
2007.6411 -238.21 105.937 136.5 1.3 1.1 3.3
