1996.7123 0 0 0 2.4 1.4 4.1
1996.7178 -9.20491 -3.6642 2.5 2.2 1.4 3.9
1996.7205 7.33086 1.44347 5.4 1.9 1.2 3.5
1996.7233 9.92146 -1.11036 -5.8 2.0 1.3 3.6
1996.7260 6.77966 -3.99731 -6.4 1.9 1.2 3.5
1996.7479 -3.52763 5.88493 7.1 2.2 1.4 3.7
1996.7507 -2.5906 4.33042 -4.9 1.8 1.2 3.6
1996.7562 7.71669 0.999328 11.6 2.5 1.7 4.6
1996.7699 4.57489 -0.33311 15.8 4.0 1.9 5.7
1996.7781 1.54334 2.99798 0.4 3.0 1.6 5.2
1996.7808 -10.4175 1.11036 24.8 2.3 1.6 4.4
1996.9315 -3.96858 0.999328 16.7 3.7 1.6 5.1
1996.9342 -6.00799 0.555182 -9.1 2.7 1.5 4.2
1996.9370 -3.63787 6.21804 2.3 2.8 1.5 4.3
1996.9397 14.6617 0.888292 21.7 2.8 1.5 4.3
1996.9425 4.40954 7.55048 -2.9 3.2 1.8 4.6
1996.9452 5.18121 -1.33244 31.5 5.9 2.8 7.1
1996.9479 7.77181 -2.33177 1.9 3.5 1.6 4.7
1996.9507 11.3546 2.4428 8.3 3.5 1.8 5.3
1996.9534 8.21276 1.55451 8.1 3.5 1.7 4.6
1996.9562 -5.62216 0.333109 23.9 3.1 1.5 4.5
1996.9589 -4.68513 -0.111037 21 3.3 1.8 4.5
1996.9616 -1.92917 6.66219 13.3 2.7 1.3 4.0
1996.9644 14.1105 -1.44347 4.3 3.0 1.8 5.0
1996.9671 4.2993 3.22006 -5.8 3.0 1.5 4.3
1996.9699 -10.1419 2.77591 -1.4 3.4 1.6 4.4
1996.9726 -6.72454 -1.77658 4.7 3.5 1.7 5.5
1996.9753 -0.110239 0.555182 24.4 3.6 1.8 5.2
1996.9781 9.26003 5.55182 5.7 3.2 1.7 4.5
1996.9808 -2.70084 8.32773 -4.9 3.3 1.8 4.9
1996.9836 5.40168 3.99731 -12.4 2.8 1.6 4.6
1996.9863 -5.84264 1.33244 5.5 3.3 1.6 4.7
1996.9890 -0.826787 0.777255 -1.3 3.2 1.8 4.5
1996.9918 3.85834 0.111036 11 3.2 1.6 4.7
1996.9945 -1.10238 -2.88695 7.1 2.8 1.6 4.6
1996.9973 7.60645 3.6642 -0.8 2.8 1.5 4.0
1997.0000 22.7642 5.32975 18.9 3.9 2.1 4.5
1997.0027 4.68513 5.10768 -4.8 3.1 1.5 4.3
1997.0027 3.03156 -1.77658 -15.4 3.6 1.7 4.9
1997.0055 19.5673 5.44079 27.9 3.2 1.7 4.9
1997.0082 -10.1419 18.5431 2.5 3.4 2.5 5.5
1997.0137 -3.69299 -3.77524 -19.4 2.9 1.5 4.2
1997.0164 -7.99229 -14.4347 10.7 2.5 1.4 4.1
1997.0192 -2.5906 -6.32908 3.4 2.8 1.6 4.2
1997.0219 7.38597 6.77322 16.1 3.2 1.6 4.6
1997.0247 0.165357 3.22006 -5 2.7 1.8 5.1
1997.0274 4.07882 2.10969 24.3 3.4 1.8 4.7
1997.0301 -5.51192 5.99597 0.1 3.4 1.8 4.2
1997.0329 -17.087 4.44146 -2 2.9 1.6 4.4
1997.0356 3.14179 3.88628 13.1 2.6 1.6 4.2
1997.0384 -14.331 -8.88292 -18.5 3.2 1.7 4.6
1997.0411 14.7719 3.6642 0.2 3.8 2.1 5.1
1997.0438 0.330715 5.10768 33.8 4.3 2.8 6.0
1997.0466 -14.2759 -4.77457 2.3 2.8 1.7 4.5
1997.0493 -18.5201 2.55384 9.3 3.4 2.5 5.6
1997.0521 -23.7564 8.77188 8.2 2.6 1.5 4.2
1997.0548 -18.5752 0.777255 -5.6 2.8 1.6 4.1
1997.0603 -10.4727 2.77591 1.6 2.6 1.5 4.2
1997.0630 -9.53562 -0.666219 -6.2 2.5 1.5 4.3
1997.0658 1.65358 0.666219 -9.6 3.0 1.7 4.4
1997.0685 10.5829 0 1.1 2.9 1.7 4.4
1997.0712 -17.6933 1.99866 -5.6 2.8 1.7 4.3
1997.0740 -3.58275 1.33244 8.2 3.0 1.6 4.7
1997.0767 -1.65358 1.33244 17.3 2.7 1.5 4.6
1997.0795 3.63787 -2.10969 25.6 2.8 1.7 4.7
1997.0822 2.81108 -0.222073 12.1 2.8 1.5 4.1
1997.0849 -4.90561 1.55451 26.6 3.2 1.8 5.1
1997.0877 -15.4885 -1.44347 4.8 2.9 1.6 4.2
1997.0904 -7.55133 1.33244 1.3 3.0 1.7 4.3
1997.0932 -10.0868 -3.10902 24.2 3.3 1.9 4.7
1997.0959 -10.5278 6.55115 21.7 3.8 2.0 5.7
1997.0986 -7.55133 4.44146 -1.3 3.1 1.8 4.8
1997.1014 -4.46466 -7.99463 8.1 2.8 1.7 4.4
1997.1041 -7.49621 1.55451 -10.1 2.7 1.5 4.1
1997.1068 -11.8506 -2.99798 1.2 2.7 1.7 4.2
1997.1096 8.76395 3.44213 22.6 2.9 1.7 4.5
1997.1123 0.661431 18.6541 1 3.4 1.9 5.7
1997.1151 14.5515 3.6642 -5.2 3.2 1.8 5.1
1997.1178 -9.64586 -3.33109 6.5 3.2 1.7 4.7
1997.1205 -4.0237 0.777255 7.8 2.6 1.6 4.2
1997.1233 5.01585 -0.777256 -14.3 3.0 1.6 4.5
1997.1260 8.15764 0 10.2 3.0 1.6 5.0
1997.1288 9.31515 -0.444146 9.4 2.8 1.5 4.2
1997.1315 3.25203 -5.10768 -3.8 3.0 1.6 4.4
1997.1342 2.92132 -0.444146 12.1 2.7 1.6 4.4
1997.1370 -6.28359 3.33109 -5.1 2.9 1.7 4.6
1997.1397 -8.43324 0.666219 11.9 2.8 1.5 4.2
1997.1425 10.3624 -6.32908 21.8 2.8 1.5 4.4
1997.1452 12.5672 -0.222073 -4.8 3.0 1.6 4.6
1997.1479 0.606311 -4.99664 0.9 2.7 1.5 4.3
1997.1507 2.92132 0.888292 9.5 2.6 1.5 4.0
1997.1534 4.0237 -0.666219 -4.4 2.8 1.5 4.3
1997.1562 -1.54334 -0.222073 1.5 2.7 1.5 4.2
1997.1589 7.66157 -8.88292 4.3 2.9 1.8 4.5
1997.1616 10.2522 5.7739 12.1 2.9 1.6 4.7
1997.1644 7.88205 -1.33244 13.3 2.8 1.6 4.5
1997.1671 2.70084 -0.444146 -5.6 2.7 1.5 4.3
1997.1699 -5.18121 0.666219 -5.1 2.8 1.6 4.2
1997.1726 4.74025 -0.444146 4.4 2.8 1.5 4.3
1997.1753 9.64586 -2.22073 2.3 3.2 1.7 4.4
1997.1781 10.4175 6.10701 3.1 2.9 1.6 4.6
1997.1808 -1.70869 0.111036 -3.6 2.9 1.6 4.2
1997.1836 -6.11823 -2.4428 10.1 2.5 1.5 4.3
1997.1863 -3.19691 2.66487 10.6 2.6 1.4 4.1
1997.1890 9.26003 5.21871 -5.9 2.5 1.4 4.1
1997.1918 22.7642 6.44012 -6 3.0 1.5 4.2
1997.1945 11.4097 0.999328 0.2 2.7 1.5 4.0
1997.1973 3.08668 -2.33177 -2.9 2.5 1.4 4.0
1997.2000 4.07882 2.4428 2.5 2.6 1.4 4.0
1997.2027 7.11038 5.10768 7.6 2.8 1.5 4.4
1997.2055 1.65358 2.77591 -2.9 2.6 1.4 4.0
1997.2082 -5.62216 3.77524 -0.4 2.2 1.3 4.0
1997.2110 -3.80323 -2.10969 6.8 2.7 1.5 4.0
1997.2137 -1.81893 -1.2214 -9.9 2.7 1.5 4.2
1997.2164 -2.97644 -3.10902 15 2.7 1.6 4.2
1997.2274 8.21276 2.77591 10 2.7 1.4 4.4
1997.2301 -3.36227 -1.11036 -4.7 2.5 1.4 4.1
1997.2329 -4.46466 2.10969 7.1 2.6 1.3 4.1
1997.2356 -1.81893 6.21804 26 2.7 1.4 4.2
1997.2384 -0.165357 3.10902 28.6 2.6 1.4 4.2
1997.2411 1.54334 1.77658 6 2.7 1.4 4.2
1997.2438 8.15764 -5.55182 1.6 2.6 1.5 4.2
1997.2493 -4.85049 2.77591 12.2 2.6 1.5 4.3
1997.2521 6.8899 3.33109 11.3 2.6 1.5 4.6
1997.2548 -13.89 1.77658 3.9 3.2 1.5 4.7
1997.2575 -2.09453 5.32975 12.7 3.6 1.7 5.1
1997.2603 -10.3624 1.33244 -1.8 2.9 1.6 4.7
1997.2630 9.4805 0.999328 18.7 3.1 1.6 4.7
1997.2658 -8.21276 2.10969 -2.5 4.1 1.8 5.2
1997.2685 3.58275 3.6642 -5.7 3.4 1.5 4.7
1997.2712 -10.4175 1.33244 7.5 3.3 1.5 4.5
1997.2740 -2.20477 2.66487 -12.8 2.9 1.4 4.3
1997.2767 6.66942 0.666219 17.8 3.7 1.8 5.0
1997.2795 -3.58275 3.33109 5 3.0 1.6 4.6
1997.2822 -1.48822 2.33177 11.2 3.0 1.4 4.3
1997.2849 12.8979 4.5525 -1.3 3.8 1.5 4.8
1997.2877 7.60645 1.55451 11.7 3.5 1.4 4.5
1997.2904 7.82693 -3.33109 19.4 3.0 1.4 4.3
1997.2932 -0.165357 -3.44213 29.8 3.1 1.5 4.6
1997.2959 11.3546 1.88762 10.4 3.7 1.6 4.9
1997.2986 16.0948 2.33177 -3.8 3.1 1.4 4.4
1997.3014 9.92146 4.5525 14.6 4.0 1.7 5.3
1997.3041 14.9924 -0.666219 16.4 3.6 1.7 5.0
1997.3068 -7.60645 -10.1043 9.5 3.4 1.5 4.5
1997.3096 -0.330715 -0.33311 15 3.4 1.5 4.7
1997.3123 8.43324 2.4428 19.8 3.9 1.6 5.1
1997.3151 -0.551193 1.55451 24.2 3.2 1.5 4.8
1997.3178 -3.25203 5.55182 -6 3.4 1.5 4.5
1997.3205 -19.5122 -2.55384 14.8 3.7 1.9 4.7
1997.3233 1.04726 0 24 3.1 1.5 4.3
1997.3260 -2.64572 -2.10969 22.3 2.9 1.4 4.2
1997.3288 4.85049 -3.88628 22.4 3.2 1.7 4.9
1997.3315 6.94502 -0.999329 16.2 3.0 1.5 4.4
1997.3342 2.25989 -1.77658 -5.9 3.5 1.5 4.6
1997.3370 7.99229 3.88628 21 3.5 1.5 4.7
1997.3397 8.92931 -4.5525 19.3 3.1 1.7 4.6
1997.3425 19.1815 -1.77658 8.6 3.1 1.5 4.6
1997.3452 7.60645 1.44347 8.1 3.1 1.4 4.6
1997.3479 7.77181 -5.88493 8.5 3.4 1.8 4.7
1997.3507 -6.8899 -0.555183 5.1 3.6 1.6 4.9
1997.3534 0.881907 -2.99798 17.9 3.2 1.5 4.7
1997.3562 -2.03941 -5.7739 25.6 3.0 1.5 4.6
1997.3589 -2.5906 -0.999329 5.5 2.8 1.4 4.2
1997.3616 9.64586 3.22006 -2.1 2.8 1.4 4.2
1997.3644 3.47251 4.5525 13 3.5 1.6 4.8
1997.3671 4.96073 1.88762 -1.5 2.8 1.4 4.1
1997.3699 12.8428 2.77591 16.6 5.2 2.0 5.6
1997.3726 -0.992146 -3.44213 0.2 3.1 1.5 4.3
1997.3753 4.90561 -0.444146 2.9 3.2 1.5 4.5
1997.3781 15.8192 3.44213 3.8 3.0 1.5 4.4
1997.3808 -4.24418 -0.999329 -5.8 3.5 1.6 4.7
1997.3836 10.3073 -5.10768 20.3 3.6 1.6 4.7
1997.3863 3.03156 -2.10969 17.7 3.0 1.7 4.5
1997.3890 8.76395 2.88695 1.9 2.8 1.4 4.3
1997.3945 4.63001 1.88762 6.6 2.7 1.6 4.4
1997.3973 0.881907 2.4428 19 2.4 1.4 4.1
1997.4000 -1.70869 3.10902 14.9 2.8 1.6 4.7
1997.4027 -2.75596 5.7739 21.2 3.2 1.7 4.7
1997.4055 11.1341 4.5525 11.6 2.5 1.6 4.5
1997.4082 20.5595 12.9913 10.5 3.7 1.8 4.7
1997.4110 15.4885 5.10768 2.5 4.4 1.9 5.1
1997.4137 -1.1575 0.222073 21.2 3.1 1.6 4.6
1997.4164 -7.71669 2.88695 10.3 2.6 1.4 4.1
1997.4192 5.56704 4.10835 8.3 3.0 1.5 4.4
1997.4219 22.1579 0.888292 -8.6 3.4 1.6 4.4
1997.4247 17.2523 1.44347 12.4 4.2 1.8 5.1
1997.4274 11.7955 0.666219 -10.5 4.5 2.7 7.3
1997.4301 -7.33085 2.55384 10.5 3.0 1.7 4.8
1997.4329 3.96858 6.9953 21.2 3.7 1.6 4.9
1997.4356 8.5986 -1.55451 26.2 4.2 1.8 5.2
1997.4384 -5.89776 11.7699 3.2 3.4 2.4 5.0
1997.4411 16.5358 4.10835 1.2 3.3 1.8 4.7
1997.4438 2.70084 -3.6642 16.6 3.2 1.6 4.6
1997.4466 -6.44895 5.66286 5.4 3.3 1.9 4.7
1997.4493 12.7325 -1.77658 31.6 3.3 1.5 4.6
1997.4521 14.331 4.8856 -6.4 2.9 1.7 4.6
1997.4548 6.50407 -2.88695 9.4 2.7 1.5 4.1
1997.4575 -14.9373 -3.99731 11.7 2.6 1.5 4.2
1997.4603 5.51192 -3.88628 12.6 2.6 1.5 4.1
1997.4630 24.032 -2.33177 30.7 4.0 1.8 5.5
1997.4658 9.20491 -0.555183 12 2.8 1.5 4.2
1997.4685 11.9609 0.111036 -6.6 2.8 1.5 4.0
1997.4712 -13.1184 -2.66488 3.1 3.0 1.6 4.7
1997.4740 -0.110239 -2.88695 -17.4 4.6 2.1 6.3
1997.4767 15.5436 2.66487 18.5 4.1 2.3 6.5
1997.4795 16.8665 -4.88561 -2.8 4.3 2.3 6.4
1997.4822 -1.76381 -2.22073 13.8 3.0 1.7 4.6
1997.4877 0.165357 -7.55048 -4.6 4.0 1.9 5.0
1997.4904 4.68513 -2.22073 6.7 2.5 1.5 4.1
1997.4932 9.70098 -3.55317 11.3 2.9 1.7 4.3
1997.4959 9.92146 -1.55451 21.3 2.9 1.5 4.3
1997.4986 -10.5278 2.55384 11.2 2.9 1.8 4.6
1997.5014 -5.89776 0.888292 2.4 3.4 1.7 4.8
1997.5041 -3.41739 -2.55384 -1.1 3.1 1.6 4.6
1997.5068 14.2208 -4.21939 10.1 3.0 1.6 4.3
1997.5096 -1.21262 -3.44213 15.1 2.8 1.5 4.3
1997.5123 -14.7719 0.444146 13.8 2.8 1.6 4.5
1997.5151 -10.5829 -3.33109 9.7 2.8 1.6 4.3
1997.5178 5.01585 2.55384 14 2.8 1.6 4.2
1997.5205 -2.14965 0.555182 17.4 3.0 1.5 4.0
1997.5233 -6.77966 -1.66555 19.2 2.9 1.5 4.2
1997.5260 -2.75596 5.21871 9.9 3.5 1.8 4.8
1997.5288 9.20491 -2.88695 20.7 6.0 2.3 6.3
1997.5315 -12.7877 9.21603 11.9 6.0 2.7 6.4
1997.5342 5.40168 2.99798 24.3 5.8 2.5 6.6
1997.5370 -7.55133 1.33244 6.1 3.4 1.8 4.5
1997.5397 -17.0318 2.33177 19.1 3.4 1.6 4.6
1997.5425 -3.74811 2.22073 8 2.7 1.4 4.1
1997.5452 -7.11038 -0.777256 -11.6 3.3 1.8 4.6
1997.5479 6.22847 -4.99664 18.8 3.0 1.6 4.4
1997.5507 -5.84264 -0.999329 -6.5 3.1 1.8 4.4
1997.5534 -12.2916 2.99798 7.6 3.1 1.5 4.2
1997.5562 -30.4258 3.6642 6.1 3.7 2.3 5.3
1997.5589 -11.7404 -0.33311 -2.9 2.7 1.6 4.5
1997.5616 4.07882 6.10701 1.7 3.5 1.8 4.9
1997.5644 -0.0551186 -2.55384 7.2 2.7 1.5 4.3
1997.5671 -7.99229 1.55451 0.5 2.8 1.5 4.3
1997.5699 -21.6067 4.5525 9.5 2.9 1.6 4.4
1997.5726 -17.1972 3.6642 9.9 2.6 1.5 4.1
1997.5753 -0.992146 5.10768 -4.4 3.3 1.7 4.6
1997.5781 -13.394 4.77457 11.7 5.1 2.8 6.3
1997.5808 -17.4177 1.66555 11.4 3.4 1.9 5.2
1997.5836 -19.5673 4.21939 4.2 2.5 1.7 4.2
1997.5863 -6.22847 -0.444146 5 3.2 1.8 4.8
1997.5890 -10.2522 9.4381 10 2.8 1.6 4.3
1997.5918 0.937026 -0.777256 26.3 3.6 1.6 4.8
1997.5945 -15.0475 -5.7739 15.4 2.9 1.7 4.5
1997.5973 -23.8115 8.10566 -7.8 2.7 1.7 4.2
1997.6000 -4.57489 2.55384 19 2.6 1.6 4.2
1997.6027 -6.6143 7.10633 -0.5 2.8 1.7 4.5
1997.6055 -12.2365 1.99866 22.7 2.5 1.5 4.1
1997.6082 -19.0712 -3.99731 19.5 2.6 1.6 4.2
1997.6110 -8.65372 -4.77457 19.7 2.6 1.6 4.2
1997.6137 -7.27574 1.88762 24.1 3.0 1.6 4.3
1997.6164 -7.66157 6.9953 6.9 2.5 1.5 4.0
1997.6192 -11.4648 2.77591 9.2 2.6 1.7 4.5
1997.6219 -24.1422 -5.7739 3.9 3.6 2.0 5.3
1997.6247 -9.31515 -1.77658 6.9 2.4 1.4 3.8
1997.6274 -2.70084 0.555182 5.6 3.2 1.6 4.6
1997.6301 -6.11823 5.55182 0.4 2.9 1.5 4.7
1997.6329 -2.97644 1.33244 13.4 2.8 1.5 4.6
1997.6356 -13.0081 -3.10902 6.2 2.6 1.4 4.3
1997.6384 -7.11038 -3.6642 -7.4 2.7 1.5 4.5
1997.6411 -6.39383 -7.88359 1 2.9 1.6 4.5
1997.6438 -1.21262 2.22073 11.4 2.7 1.4 4.2
1997.6466 -3.08668 0.222073 -2.7 2.8 1.5 4.7
1997.6493 -1.59846 0.444146 -1.6 2.9 1.5 4.4
1997.6521 -27.0084 -2.33177 1.3 3.3 1.5 4.6
1997.6548 -11.7955 -2.88695 1.4 2.8 1.5 4.6
1997.6575 4.46466 -0.111037 11.6 3.8 1.6 4.9
1997.6603 -6.00799 7.21737 11 3.2 1.5 4.7
1997.6630 -7.22062 1.55451 1.2 2.9 1.5 4.5
1997.6658 -7.99229 -2.4428 -0.5 2.9 1.6 4.3
1997.6685 -11.1341 -1.11036 -3.5 2.8 1.5 4.4
1997.6712 3.96858 1.44347 5 2.9 1.5 4.5
1997.6740 -1.76381 1.44347 9.5 2.9 1.5 4.5
1997.6767 -10.638 0.777255 18 3.0 1.5 4.7
1997.6795 -15.5987 -0.888292 -8.1 2.8 1.4 4.5
1997.6822 -18.8508 -0.555183 0.6 2.9 1.4 4.4
1997.6849 -2.8662 -1.55451 7.7 3.3 1.5 4.5
1997.6877 -3.91346 -1.55451 16 3.1 1.5 4.5
1997.6904 8.43324 0.333109 14.1 3.4 1.5 4.7
1997.6932 -12.4569 -0.777256 12.7 3.2 1.5 4.4
1997.6959 -9.53562 3.33109 -12.8 3.1 1.7 4.7
1997.6986 -8.70884 3.10902 17.5 2.6 1.6 4.4
1997.7014 -13.9452 1.66555 0.4 2.6 1.4 4.0
1997.7041 -7.93717 0.222073 8.2 2.9 1.5 4.3
1997.7068 -9.42538 2.10969 5.7 2.9 1.6 4.4
1997.7096 -12.953 1.2214 -3.9 3.1 1.6 4.5
1997.7123 -17.4728 3.6642 -14.5 2.9 1.5 4.4
1997.7151 1.7087 0.555182 21.1 3.5 1.9 4.8
1997.7178 -16.205 0.888292 -3.7 3.0 1.6 4.5
1997.7205 -1.48822 -2.66488 10.1 2.8 1.6 4.5
1997.7233 -21.8823 1.2214 11.5 3.6 1.6 4.7
1997.7260 -16.4255 3.99731 -3.7 2.9 1.5 4.6
1997.7288 -8.21276 2.77591 6.9 3.1 1.7 5.2
1997.7315 -3.08668 -1.33244 7.3 3.1 1.5 4.9
1997.7342 -12.6774 -1.77658 -1.1 3.3 1.7 4.8
1997.7370 -9.97658 6.77322 9.7 2.7 1.7 4.9
1997.7397 -22.4886 -0.222073 -8.5 3.2 1.6 4.6
1997.7425 -13.3388 6.21804 -6 3.3 1.5 4.5
1997.7452 -11.2994 6.66219 0.6 3.4 1.7 5.0
1997.7479 -7.05526 4.44146 4.1 2.9 1.5 4.5
1997.7507 8.65372 1.44347 -0.3 3.3 1.6 4.7
1997.7534 -16.9216 -1.99866 7.5 3.1 1.6 4.7
1997.7562 -14.3861 3.88628 14 3.0 1.5 4.6
1997.7589 2.42525 1.99866 20.3 3.0 1.5 4.5
1997.7616 -15.2129 0.666219 5.4 3.3 1.6 4.7
1997.7644 -9.70098 -2.33177 -2.9 3.9 1.9 5.7
1997.7671 -13.1184 2.55384 -0.3 3.2 1.6 4.7
1997.7699 -32.5755 0.111036 4.9 5.4 2.1 5.4
1997.7726 -17.3074 7.66152 8.1 6.1 3.0 6.6
1997.7753 -17.1972 5.66286 -8.8 7.8 3.1 7.7
1997.7781 -7.05526 8.88292 -15.5 8.9 4.2 8.9
1997.7808 11.9609 -5.21871 -19.9 6.2 2.7 7.0
1997.7836 4.24418 -2.22073 1.1 4.1 2.1 6.0
1997.7863 -3.52763 -1.2214 -13 5.7 2.5 6.6
1997.7890 3.41739 7.66152 1.1 6.2 2.8 7.3
1997.7918 -30.536 5.10768 -2.4 6.0 2.7 6.5
1997.7945 -23.0949 15.5451 -6.5 4.5 2.0 5.8
1997.7973 -12.6774 -4.77457 2.2 4.3 2.0 5.7
1997.8000 -23.0398 17.6548 2.6 7.5 3.6 8.1
1997.8027 -11.6853 1.77658 0.4 3.9 1.7 5.1
1997.8055 -15.709 5.32975 5.2 4.2 2.2 6.1
1997.8082 -18.6303 6.10701 -19.5 3.2 1.7 4.8
1997.8110 -28.9927 -5.66286 14.6 4.0 2.1 5.7
1997.8137 -17.1421 -5.21871 26.4 3.0 1.5 4.5
1997.8164 -7.11038 6.9953 -12.2 4.4 2.0 5.7
1997.8192 -7.82693 -0.999329 3.5 3.6 2.2 5.4
1997.8219 -13.6144 -7.43944 -6.8 3.1 1.5 4.4
1997.8247 -20.0634 10.6595 -3.7 3.3 2.1 5.6
1997.8274 -13.8349 -0.888292 7.5 3.7 1.6 4.7
1997.8301 -9.53562 4.99664 -2.2 5.1 2.3 6.0
1997.8329 -5.89776 -3.99731 9.4 3.4 1.8 5.0
1997.8356 -28.9376 -6.10701 -4.2 3.9 1.7 5.6
1997.8384 -28.4966 7.99463 -9.3 4.1 2.3 5.1
1997.8411 -15.268 2.77591 3.6 4.5 2.2 5.7
1997.8438 -20.1185 -6.55115 -11.8 4.3 2.4 6.3
1997.8466 -17.1972 -10.8816 23.9 4.2 2.0 5.9
1997.8493 -2.75596 1.66555 -6.2 3.7 2.0 5.8
1997.8521 -21.1658 -1.88762 -15 4.0 1.8 5.3
1997.8548 -24.0871 -0.444146 10.5 3.2 1.8 4.8
1997.8575 -13.8349 -3.33109 10.3 4.3 1.9 5.4
1997.8603 2.97644 -7.55048 21.7 3.1 1.6 4.6
1997.8630 -26.347 -1.77658 5 4.0 2.3 5.8
1997.8658 -24.8588 -8.43877 6.8 3.7 2.0 5.3
1997.8685 -11.079 -3.22006 7.8 4.1 1.8 5.4
1997.8712 -16.5358 1.77658 10.8 3.5 1.7 5.1
1997.8740 -15.1578 4.33042 9.5 3.7 2.1 5.5
1997.8767 -16.3153 11.1036 -9.8 4.8 2.5 5.9
1997.8795 -20.8351 16.7665 16.6 4.1 2.4 5.6
1997.8822 -33.6227 -2.22073 14.6 4.0 2.2 5.7
1997.8849 -24.1422 -6.55115 13.2 4.3 2.1 5.5
1997.8877 -17.1972 3.33109 -1.1 4.2 2.0 5.0
1997.8904 0.275596 -5.66286 -7 4.7 2.1 5.7
1997.8932 -8.76395 -5.7739 7.6 7.0 3.7 9.5
1997.8959 -7.33085 3.22006 -10 5.4 3.1 7.4
1997.8986 -21.9374 0.555182 -10.8 3.8 2.1 5.4
1997.9014 -21.3863 -0.33311 0.3 3.5 1.9 4.9
1997.9041 -1.70869 -2.99798 10.6 4.9 2.1 6.0
1997.9068 5.01585 -4.5525 21.6 3.8 2.0 5.8
1997.9096 -22.4886 -11.2147 7 4.9 2.6 6.4
1997.9123 -33.5676 -0.999329 27.6 4.3 2.1 5.7
1997.9151 -17.1421 -6.9953 15.9 4.4 2.2 5.7
1997.9178 -7.93717 -2.22073 3 3.8 1.9 5.8
1997.9205 -11.7404 -9.10499 2.1 3.7 2.0 5.4
1997.9233 17.3074 3.55317 -21.4 5.3 2.7 6.4
1997.9260 -14.0554 -7.43944 11.7 4.9 2.2 6.0
1997.9288 -15.6539 -2.33177 11.6 6.2 3.4 7.7
1997.9315 -5.18121 -8.10566 3 3.7 2.2 5.8
1997.9342 -1.92917 -15.212 37.6 3.5 1.8 5.2
1997.9370 -3.96858 -1.99866 9.3 3.4 1.9 5.4
1997.9397 -22.5989 -0.33311 6.9 3.9 2.1 5.1
1997.9425 -10.4727 -13.7685 17.6 3.8 2.2 6.2
1997.9452 -26.1816 -7.77255 29.4 3.5 1.7 5.6
1997.9479 -13.1735 -10.3264 20.8 3.4 1.8 5.3
1997.9507 -7.55133 -6.66219 1.4 3.6 2.0 5.5
1997.9534 3.69299 -6.88426 28.9 3.8 2.2 5.8
1997.9562 3.52763 -6.55115 11.5 3.5 1.8 5.1
1997.9589 -9.92146 -1.66555 15.3 3.2 1.6 4.6
1997.9616 -5.23632 -2.77591 0.8 4.4 2.4 6.0
1997.9644 -7.49621 -2.55384 25.8 3.2 1.8 4.8
1997.9671 -29.3785 -4.88561 -0.8 3.9 1.8 5.1
1997.9699 -5.95287 -10.9926 -11.4 5.4 2.6 6.2
1997.9726 -23.591 -0.444146 17.8 4.6 2.8 5.8
1997.9753 -31.8589 5.88493 19.3 4.6 2.4 7.0
1997.9781 -10.0868 -7.77255 1.6 4.1 2.2 5.6
1997.9808 -11.9057 -4.10835 9.6 4.3 2.4 6.2
1997.9836 -14.0003 2.88695 24.5 4.7 3.0 6.7
1997.9863 -8.5986 2.4428 7.7 5.5 2.9 6.4
1997.9890 -9.42538 3.22006 10.3 4.0 2.2 5.9
1997.9918 -28.8273 5.7739 12.7 3.8 2.4 5.2
1997.9945 -46.4104 -2.88695 13.6 3.3 1.9 4.9
1997.9973 -2.92132 -16.9886 -20.8 4.4 2.0 5.4
1998.0000 -15.1578 0.666219 21.4 4.2 2.2 5.8
1998.0027 -7.49621 3.10902 21.8 4.1 2.9 5.7
1998.0055 6.17335 -15.7672 -2.4 3.4 1.9 5.1
1998.0082 -13.5593 -1.11036 3.8 3.4 2.0 5.3
1998.0110 -2.25989 -2.99798 12.3 4.8 2.8 6.4
1998.0137 -45.1978 20.3197 8.5 3.6 2.2 5.6
1998.0164 -4.57489 -1.66555 14 4.5 3.0 6.7
1998.0192 -13.0081 -3.10902 20.9 3.5 2.3 5.4
1998.0219 -16.3704 -0.444146 2.2 3.9 2.4 5.8
1998.0247 9.26003 3.10902 10.7 4.2 2.7 6.5
1998.0274 -14.4964 1.33244 0.4 3.7 2.1 5.7
1998.0301 -1.98429 -2.88695 -1.4 3.5 2.1 5.2
1998.0329 -11.9609 -3.10902 21 4.7 2.5 6.6
1998.0356 28.3313 -21.319 8.8 4.9 3.1 7.5
1998.0384 -22.7091 -10.9926 -7.3 3.8 2.0 5.1
1998.0411 -17.9689 -3.6642 18.3 3.8 2.4 5.8
1998.0438 -63.332 10.5485 -19.7 4.2 2.1 5.1
1998.0466 -16.7562 -0.666219 8.5 3.7 2.1 5.1
1998.0493 -15.5987 -5.44079 9.6 4.1 3.3 6.7
1998.0521 -23.0398 -5.44079 5.6 4.2 2.2 5.1
1998.0548 -23.9769 -8.10566 16.9 3.9 2.7 5.8
1998.0575 -18.5752 0.222073 29.6 5.1 2.2 5.5
1998.0603 -12.7877 -3.10902 1.2 3.8 2.6 6.0
1998.0630 -23.4257 6.88426 -18.6 3.8 2.5 6.1
1998.0658 -18.2445 4.21939 -1 3.7 2.5 5.6
1998.0685 -25.5202 -5.66286 6.3 4.7 2.3 5.7
1998.0712 -18.8508 1.66555 14.6 6.3 2.7 6.5
1998.0740 -24.2525 -1.33244 -6.6 4.5 3.3 6.4
1998.0767 -14.1656 3.33109 9.3 4.6 2.5 5.9
1998.0795 3.30715 -7.43944 8.4 5.7 2.9 7.0
1998.0822 -8.48836 -3.77524 6.4 4.6 2.3 5.5
1998.0849 7.82693 -11.2147 40.3 4.6 2.2 6.1
1998.0877 -23.6461 3.77524 22.6 4.1 3.0 6.7
1998.0904 -17.4728 -2.77591 -3 3.2 2.1 5.2
1998.0932 -19.3468 -5.55182 14.7 3.3 2.0 5.4
1998.0959 -23.8115 -4.77457 9 3.5 2.1 5.7
1998.0986 -19.2366 1.66555 13 4.0 2.3 6.0
1998.1014 -15.9295 -1.33244 31.4 3.8 2.4 5.6
1998.1041 -25.0792 -0.666219 8 3.5 2.0 5.5
1998.1068 -21.1658 -0.444146 10.7 3.2 1.9 4.9
1998.1096 -16.4806 4.5525 0.3 3.4 1.9 4.8
1998.1123 -47.623 2.10969 17.3 4.1 2.0 5.5
1998.1151 -26.347 -7.43944 -6.7 5.0 3.1 6.7
1998.1178 -23.9217 1.77658 10 3.7 2.1 5.2
1998.1205 -25.6304 1.88762 12 4.0 2.1 5.7
1998.1233 -13.7798 -4.44146 15.3 3.6 2.1 5.2
1998.1260 0.71655 -0.888292 -3.1 3.6 2.2 5.6
1998.1288 -32.0794 2.4428 1 3.5 1.9 5.2
1998.1315 -30.6463 -8.43877 15 4.9 2.1 5.8
1998.1342 -51.5365 -7.21737 22.2 5.3 2.3 6.5
1998.1370 -16.1499 -6.21804 1.5 4.3 2.1 5.7
1998.1397 -17.9689 -2.22073 18.9 3.7 2.4 5.9
1998.1425 -20.0083 0.666219 26 3.7 1.9 5.0
1998.1452 -37.9771 -2.55384 0.1 3.5 1.9 5.0
1998.1479 -17.2523 -1.77658 10.3 4.2 2.2 5.8
1998.1507 -21.8823 2.77591 13.1 4.2 2.3 5.6
1998.1534 -15.4885 0.777255 -6.4 4.2 2.3 5.4
1998.1562 5.01585 -5.88493 25.5 8.5 3.0 8.0
1998.1589 0.71655 2.4428 20 3.9 2.2 5.5
1998.1616 -32.2447 -2.88695 1.4 4.9 2.3 6.1
1998.1644 -14.9373 -0.111037 -5.8 3.5 2.2 5.3
1998.1671 -20.2839 -5.66286 10.2 3.7 2.0 5.6
1998.1699 -1.48822 -0.777256 9.3 5.1 2.2 5.6
1998.1726 -25.6304 -1.99866 -10.7 4.7 2.1 5.4
1998.1753 -31.3077 0.333109 8.6 3.9 1.8 5.0
1998.1781 -28.8273 3.77524 8.4 4.8 3.0 7.3
1998.1808 -18.4098 0.555182 12.8 3.8 2.1 5.3
1998.1918 -32.1896 2.99798 20.6 4.5 2.5 5.7
1998.1945 -18.4098 -1.88762 17.7 3.8 2.1 5.5
1998.1973 -22.1028 -1.66555 17.3 5.7 2.5 6.4
1998.2000 -21.4414 -7.43944 19.8 9.1 4.4 9.7
1998.2027 -24.3627 31.0902 -18.5 10.5 6.3 11.3
1998.2055 -28.1108 3.22006 1.8 3.5 1.8 4.9
1998.2082 -32.9062 -0.33311 12.6 3.6 1.8 5.1
1998.2110 -29.7644 2.22073 11.8 3.3 1.7 4.9
1998.2137 -36.1031 -2.55384 23.1 3.7 1.8 5.2
1998.2164 -33.733 5.7739 21.8 3.6 2.2 5.0
1998.2192 -35.6621 3.99731 3.4 3.9 2.2 5.4
1998.2219 -34.7251 2.77591 16.2 4.4 2.0 5.1
1998.2247 -34.1739 -2.4428 22.3 3.9 2.0 5.3
1998.2274 -30.536 4.44146 2.1 3.8 1.8 5.2
1998.2301 -30.3707 -12.103 17.9 4.2 2.2 5.7
1998.2356 -28.6069 1.11036 18.2 3.8 1.8 5.2
1998.2384 -35.9928 1.33244 18.9 3.8 1.8 4.8
1998.2411 -19.0161 2.55384 3.7 8.8 3.2 8.2
1998.2438 -23.9217 0.333109 37.3 9.7 4.2 9.1
1998.2466 -49.8829 -9.54914 30.2 5.8 2.2 6.1
1998.2493 5.01585 5.32975 16.4 4.0 1.9 5.2
1998.2521 -19.1815 8.66084 4 3.7 1.9 5.2
1998.2548 -37.7567 1.99866 24.4 4.1 2.1 5.5
1998.2575 -40.8985 -7.77255 24.1 5.3 2.4 6.3
1998.2603 -38.3078 0.888292 -8 3.7 1.8 5.1
1998.2630 -14.5515 4.8856 -3.5 4.3 2.1 5.4
1998.2658 -32.9613 8.77188 6 5.4 2.7 6.7
1998.2685 -48.2844 4.66353 -5.7 5.0 2.3 5.5
1998.2712 -37.6464 7.66152 25.2 4.4 2.2 5.6
1998.2740 -18.7957 2.88695 11.5 4.7 2.3 5.6
1998.2767 -44.0954 10.9926 16.8 5.9 3.3 6.7
1998.2795 -21.0004 7.77255 4.6 5.8 2.6 6.3
1998.2822 -29.8746 1.66555 24.4 4.1 1.9 5.1
1998.2849 -33.5125 -0.111037 7.4 5.3 2.2 6.0
1998.2877 -33.292 5.66286 10.6 5.1 2.4 6.1
1998.2904 -22.654 0.333109 -10.4 4.5 2.1 5.1
1998.2932 -33.1818 2.88695 -4.1 5.0 2.8 6.2
1998.2959 -29.7644 -0.777256 14.2 4.2 2.1 5.4
1998.2986 -31.8589 -6.9953 -4.8 4.7 2.3 6.3
1998.3014 -34.67 6.88426 33.6 5.5 2.3 6.3
1998.3041 -23.2603 -7.77255 -6.1 4.9 2.1 5.8
1998.3068 -38.2527 6.21804 14 5.1 2.6 6.2
1998.3096 -22.4335 -1.55451 4.6 5.0 2.3 5.6
1998.3123 -25.906 -1.99866 11.6 4.7 2.5 5.8
1998.3151 -41.1189 -2.55384 10.3 4.7 2.3 5.6
1998.3178 -22.9296 -0.888292 2.9 4.6 2.2 6.1
1998.3205 -31.0872 -1.99866 11.1 4.0 2.1 5.8
1998.3233 -43.93 -2.77591 17.7 5.1 2.4 6.1
1998.3260 -31.8589 3.33109 -7.6 4.7 2.0 5.5
1998.3288 -33.0164 0.333109 6.4 4.1 1.8 5.0
1998.3315 -26.8431 -1.11036 5.1 3.5 1.8 4.8
1998.3342 -17.8586 -2.99798 13.4 7.0 2.5 6.8
1998.3370 -33.0715 9.77121 2.7 5.3 2.5 6.4
1998.3397 -15.0475 -6.32908 8.3 7.3 4.1 9.4
1998.3425 -25.1344 11.2147 5.1 6.1 3.0 6.5
1998.3452 -28.7722 8.88292 5.1 3.8 2.8 5.7
1998.3479 -36.985 -3.22006 12.9 3.5 1.7 4.7
1998.3507 -39.4102 3.55317 4.2 4.2 1.8 4.8
1998.3534 -34.1739 2.88695 17 4.4 2.4 5.8
1998.3562 -44.4261 -3.22006 18.5 5.5 2.2 6.0
1998.3589 -47.8435 7.43944 -8.7 3.8 2.3 5.4
1998.3616 -26.8982 2.10969 9 4.1 2.4 5.4
1998.3644 -39.1346 3.88628 10.4 3.9 2.1 5.4
1998.3671 -27.4494 4.8856 9.3 3.8 2.0 5.5
1998.3699 -42.6071 13.2133 4.7 5.7 2.9 6.2
1998.3726 -33.8983 4.10835 3.9 4.4 2.9 6.3
1998.3753 -31.9691 -3.10902 11.6 4.3 1.9 5.1
1998.3781 -24.7485 -2.99798 16.6 4.6 2.6 6.4
1998.3808 -35.3314 5.66286 12.1 3.8 2.3 5.2
1998.3836 -25.7958 1.99866 14.8 4.0 2.3 5.2
1998.3863 -56.2767 4.21939 13.8 3.9 2.0 5.1
1998.3890 -24.528 0.888292 16.2 3.7 1.8 5.0
1998.3918 -32.1896 -2.22073 25 5.0 2.1 5.9
1998.3945 -29.9297 -1.11036 9.8 3.6 2.0 5.3
1998.3973 -25.5753 5.44079 13.7 4.1 1.9 5.1
1998.4000 -44.9222 11.3257 2.6 4.2 2.7 6.3
1998.4027 -26.7328 -1.55451 15.9 3.6 2.0 5.0
1998.4055 -26.4021 2.33177 14.9 3.3 1.8 4.9
1998.4082 -35.1109 3.22006 18.4 3.6 2.2 5.5
1998.4110 -40.8985 6.21804 8 5.0 2.6 6.4
1998.4137 -35.0007 3.33109 -9 3.5 2.2 5.4
1998.4192 -30.9219 3.77524 13.9 3.5 2.0 5.3
1998.4219 -25.0241 5.7739 22.8 4.3 2.1 5.6
1998.4247 -27.5596 3.44213 14.2 3.9 2.2 5.4
1998.4274 -32.5755 1.2214 23.2 3.8 2.3 5.5
1998.4301 -25.3548 6.55115 4.7 3.5 2.3 5.3
1998.4329 -5.07097 -4.99664 0.7 4.8 2.6 6.3
1998.4356 -30.7565 8.2167 2.1 3.2 2.0 4.7
1998.4384 -38.9693 7.66152 9.8 3.9 2.3 5.7
1998.4411 -20.7248 5.32975 14.8 3.2 2.0 4.8
1998.4438 -25.5202 1.33244 2.3 4.1 2.6 6.1
1998.4466 -25.6856 10.1043 4.2 4.5 2.3 5.3
1998.4493 -21.276 4.10835 7.9 3.2 2.1 5.0
1998.4521 -30.5912 0.666219 7.8 4.0 2.1 5.5
1998.4548 -43.4891 8.77188 10.9 5.5 2.6 6.2
1998.4575 -24.1973 6.10701 1.2 6.1 2.7 7.5
1998.4603 -28.8273 -0.777256 -12.9 5.5 2.7 6.3
1998.4630 -38.1976 5.55182 -2.9 6.9 3.3 7.7
1998.4658 -47.8435 1.2214 7.7 11.7 4.5 10.4
1998.4685 -8.5986 -13.4354 46.8 11.7 5.5 11.7
1998.4712 -74.2456 10.2154 -14.7 8.1 3.3 8.6
1998.4740 -37.922 3.44213 11.2 4.1 2.2 5.7
1998.4767 -29.2683 5.66286 11.7 5.0 2.5 6.7
1998.4795 -42.6623 -4.77457 3.7 5.7 2.9 6.5
1998.4822 -35.4968 7.32841 29.3 5.0 3.2 6.1
1998.4849 -30.3156 4.77457 -2.5 5.7 3.9 8.1
1998.4877 -50.4892 -17.6548 2.2 11.3 4.7 10.9
1998.4904 -10.2522 -3.88628 11.2 9.0 4.2 8.8
1998.4932 -43.5442 5.44079 -10.5 7.7 4.2 9.3
1998.4959 -55.1192 1.77658 -19.8 9.6 4.4 10.7
1998.4986 -27.6147 8.66084 -1.3 4.3 2.2 6.3
1998.5014 -42.9379 3.10902 3.7 4.1 2.0 5.4
1998.5041 -38.2527 1.44347 -1.9 3.6 2.1 5.3
1998.5068 -39.1898 2.22073 16 4.6 2.3 6.3
1998.5096 -31.3628 3.33109 2.8 4.2 2.0 5.5
1998.5123 -23.3154 12.5471 -7.2 5.9 2.1 6.2
1998.5151 -34.7251 -0.777256 11 4.0 2.2 5.3
1998.5178 -19.898 0 -8.4 3.9 2.2 5.7
1998.5205 -33.0164 -0.33311 3.2 4.1 2.2 5.1
1998.5233 -36.6543 7.66152 26.4 5.5 2.6 6.5
1998.5260 -33.4022 1.66555 -2.4 4.9 2.1 5.8
1998.5288 -35.3314 10.4374 -2.8 3.5 1.8 4.7
1998.5315 -31.0321 3.99731 18.2 3.6 1.9 4.9
1998.5342 -35.9377 1.44347 2.8 4.4 2.1 6.0
1998.5370 -38.3078 6.44012 20.9 3.9 1.9 5.2
1998.5863 -19.5673 3.99731 10.7 3.5 1.9 5.4
1998.5973 -30.1502 11.1036 27.6 3.8 2.3 6.0
1998.7315 -24.032 4.77457 -13.5 4.5 2.2 6.0
1998.7342 -61.5682 14.7679 -6.2 10.2 3.5 8.8
1998.7370 -45.2529 7.66152 5.3 5.0 2.5 5.8
1998.7397 -49.497 4.66353 10.7 4.4 2.2 5.7
1998.7425 -49.4419 9.88225 -8.5 3.8 2.1 5.2
1998.7452 -22.8745 8.2167 3.8 4.3 3.0 6.5
1998.7479 -20.7248 11.2147 -4.4 3.5 2.3 5.9
1998.7507 -19.0161 -2.33177 30.5 3.9 2.3 5.6
1998.7534 -34.8353 3.10902 -5.8 4.1 2.2 6.1
1998.7562 -36.2684 6.10701 4.6 3.9 2.2 5.4
1998.7589 -43.1583 4.77457 -1.7 4.8 2.4 6.2
1998.7644 -40.1268 10.3264 17.8 3.4 1.9 5.0
1998.7671 -15.268 7.10633 -4.8 4.5 2.3 6.0
1998.7699 -28.3313 2.33177 12.6 5.1 2.3 6.0
1998.7726 -45.0324 -3.77524 25.4 4.0 2.0 5.4
1998.7753 -33.733 6.10701 -1.4 3.9 2.0 5.7
1998.7781 -36.4338 6.77322 -3 4.2 2.0 5.9
1998.7808 -25.1895 8.88292 0.7 4.0 2.0 5.4
1998.7836 -39.6858 -0.777256 -0.3 4.4 2.3 6.0
1998.7863 -31.4731 -1.99866 13.3 3.7 2.2 6.1
1998.7890 -51.6467 6.9953 -9.3 4.3 2.1 5.9
1998.7918 -33.6778 -1.2214 3.4 4.7 2.0 5.6
1998.7945 -29.3234 11.4368 14.1 3.6 1.9 5.4
1998.7973 -43.8749 1.2214 -17 4.4 2.1 6.2
1998.8000 -66.9698 -4.5525 -23.7 10.4 5.2 11.0
1998.8027 -30.6463 -2.55384 -11.1 3.6 1.8 5.0
1998.8055 -42.9379 5.99597 10.3 4.8 2.1 5.7
1998.8082 -16.7562 -0.999329 -3.5 3.4 1.8 5.0
1998.8110 -31.914 5.7739 18.9 3.6 1.8 5.5
1998.8137 -49.7175 -1.44347 -0.8 4.8 2.8 6.6
1998.8164 -35.4968 22.5404 -22.6 3.7 2.0 5.5
1998.8192 -54.568 0.666219 3.7 3.7 1.9 5.3
1998.8219 -50.4892 17.7658 18.5 3.7 2.1 5.4
1998.8247 -34.8905 5.55182 -0.9 3.9 2.1 5.8
1998.8274 -29.3234 11.8809 8.8 3.1 1.9 5.0
1998.8301 -33.8983 4.8856 -1.2 3.1 1.9 5.0
1998.8329 -37.8669 14.9899 -14.7 4.2 2.5 6.0
1998.8356 -32.0794 11.5478 -13.3 4.4 2.2 5.9
1998.8384 -53.631 15.323 -6.8 3.8 2.2 5.5
1998.8411 -40.7882 17.0996 12.6 4.8 2.4 6.2
1998.8438 -43.9851 11.9919 -1.8 3.6 2.0 5.6
1998.8466 -47.6781 3.55317 -13 4.0 1.9 5.7
1998.8493 -45.2529 15.8782 -11.6 6.2 3.5 7.1
1998.8521 -48.0088 18.6541 -3.9 4.8 2.6 6.6
1998.8548 -27.7801 11.9919 9.8 6.8 2.5 6.8
1998.8575 -20.3941 10.7705 1.2 6.7 3.4 8.7
1998.8603 -44.7017 10.6595 2.6 4.4 2.4 6.4
1998.8630 -36.2133 10.9926 -4.9 3.5 2.2 5.8
1998.8658 -50.7648 10.5485 -3.9 3.9 2.1 5.8
1998.8685 -32.2999 2.66487 8.7 6.1 2.9 8.2
1998.8712 -30.9219 2.33177 8.1 5.2 2.8 6.4
1998.8740 -44.0402 12.214 5 3.7 2.0 5.4
1998.8767 -54.0719 8.10566 -9 3.7 2.0 5.3
1998.8795 -31.3628 11.1036 1.3 4.6 2.5 6.5
1998.8822 -29.599 2.77591 6.1 4.0 2.2 6.1
1998.8849 -35.1109 8.10566 25.5 4.3 2.3 6.4
1998.8877 -48.8907 6.77322 1 4.0 1.8 5.3
1998.8904 -56.9933 7.77255 -0.8 4.4 2.1 5.5
1998.8932 -33.6227 4.8856 4.2 4.2 2.7 6.4
1998.8959 -36.9299 -1.33244 17.3 3.5 2.3 5.6
1998.8986 -28.2762 12.9913 -1.7 3.5 2.0 5.6
1998.9014 -41.2292 11.8809 8.3 3.8 2.2 5.8
1998.9041 -38.1976 7.55048 1 3.3 1.8 4.9
1998.9068 -35.9377 11.1036 -4 3.3 2.0 5.3
1998.9096 -34.8353 9.54914 -8 3.9 2.1 5.6
1998.9123 -42.4969 6.32908 -26.1 4.9 2.3 6.2
1998.9151 -33.2369 13.7685 19.9 5.0 2.9 7.1
1998.9178 -35.2763 6.9953 2.4 4.1 2.3 5.5
1998.9205 -49.8278 20.2086 0.3 4.3 2.9 6.5
1998.9233 -24.4178 3.55317 16.7 3.6 2.0 5.2
1998.9260 -31.6935 12.6582 -7.3 3.7 2.7 5.9
1998.9288 -17.9137 11.4368 -13.4 4.9 2.7 6.1
1998.9315 -46.7411 11.1036 2 4.1 2.1 5.6
1998.9342 -47.7884 13.2133 15.3 3.9 2.4 6.0
1998.9370 -29.7644 17.2107 -10.5 4.8 2.3 6.7
1998.9397 -39.7409 8.32773 3.4 3.4 2.1 5.3
1998.9425 -47.3474 5.21871 9.9 4.8 2.7 6.1
1998.9452 -37.4259 30.313 26.2 5.4 3.0 6.6
1998.9479 -25.1344 2.88695 -5 3.7 2.1 5.7
1998.9507 -44.2056 10.4374 6.7 4.4 2.6 5.9
1998.9534 -29.8195 7.77255 -4.3 4.6 2.1 6.6
1998.9562 -40.6229 10.5485 25.9 4.3 2.3 5.7
1998.9589 -23.0949 4.8856 11.5 4.6 2.8 6.1
1998.9616 -12.3467 4.21939 5.3 4.3 2.1 5.2
1998.9644 -20.6697 11.5478 -17 6.0 2.3 6.4
1998.9671 -42.552 17.7658 11.4 4.1 2.2 5.7
1998.9699 -35.7172 -0.444146 -8.4 4.4 2.1 6.4
1998.9726 -19.2917 7.77255 -16.9 4.1 2.6 5.7
1998.9753 -67.4108 3.44213 -8.3 10.7 4.8 12.3
1998.9781 -49.497 9.10499 -24.1 4.4 2.8 6.6
1998.9808 -53.8515 9.21603 -40.7 4.6 3.0 7.2
1998.9836 -61.6784 17.5438 -8.4 5.2 3.0 7.3
1998.9863 -55.946 25.6494 -6.4 5.9 2.6 6.5
1998.9890 -53.0798 28.6474 -9.2 3.6 2.1 5.7
1998.9918 -44.5914 12.325 -1.5 4.7 2.2 5.4
1998.9945 -50.7648 9.10499 6.9 7.7 3.7 8.0
1998.9973 -41.2292 -3.44213 -69.1 7.3 2.9 8.0
1999.0000 -74.0251 13.7685 -16.6 4.1 2.6 6.4
1999.0027 -61.4028 15.7672 1.2 4.4 2.6 7.5
1999.0055 -36.5992 7.21737 -4.7 4.2 2.4 6.6
1999.0082 -35.7172 19.8755 7.5 4.2 2.6 6.6
1999.0110 -49.1112 4.10835 -7.4 4.5 2.6 6.1
1999.0137 -36.8748 10.2154 -15.2 5.0 2.8 6.2
1999.0164 -35.6621 4.10835 -10.4 5.2 2.8 6.5
1999.0192 -54.568 7.21737 12.2 4.3 2.2 6.7
1999.0219 -21.8272 8.77188 -0.4 3.7 2.3 5.7
1999.0247 -31.4179 2.33177 19.8 6.0 3.3 8.9
1999.0274 -54.2924 19.5424 10.1 4.7 2.4 6.9
1999.0301 -25.1344 12.214 5.1 5.8 2.5 7.1
1999.0329 -42.1111 6.44012 -22.4 5.3 2.2 6.2
1999.0356 -48.2844 17.3217 2.2 4.7 2.3 7.1
1999.0384 -48.0088 6.77322 9.9 4.8 2.7 7.4
1999.0411 -14.1105 11.8809 9.4 4.6 2.7 6.7
1999.0438 -35.5519 5.55182 16.8 4.5 2.6 5.6
1999.0466 -41.5599 4.21939 -2.7 4.3 1.9 5.2
1999.0493 -46.7962 13.3244 -22.8 4.8 2.3 6.2
1999.0521 -40.6229 8.54981 -9.2 3.8 2.1 5.5
1999.0548 -43.93 8.77188 3 5.0 2.5 6.2
1999.0575 -20.4492 -0.111037 -11 4.4 2.7 6.5
1999.0603 -43.2135 0 18.2 4.5 2.6 6.0
1999.0630 -34.7802 6.10701 21.8 4.5 2.4 6.5
1999.0658 -46.245 2.77591 16.5 4.7 2.5 6.8
1999.0685 -53.5208 4.21939 -13.1 3.8 2.1 5.5
1999.0712 -60.576 10.3264 -7.9 4.3 3.0 7.4
1999.0740 -28.1659 10.1043 0.2 4.9 2.9 6.8
1999.0767 -36.1582 0.111036 2.5 5.1 2.4 6.3
1999.0795 -47.7332 0.444146 14.6 4.0 2.2 6.1
1999.0822 -51.4262 3.99731 -25.8 5.6 3.1 7.3
1999.0849 -48.7805 1.11036 -17.4 3.7 2.1 5.5
1999.0877 -45.6387 -4.99664 6.7 4.1 2.0 5.3
1999.0904 -27.4494 -0.33311 -17.4 4.6 2.4 6.0
1999.0932 -38.1976 1.11036 19 3.4 2.1 5.6
1999.0959 -48.8356 -3.10902 -4.5 4.4 2.2 6.1
1999.0986 -42.8827 -1.2214 -15.1 4.2 2.4 5.9
1999.1014 -41.2843 1.33244 4.6 4.2 2.5 5.7
1999.1041 -34.8353 -8.99395 -5.2 4.3 2.4 6.1
1999.1068 -21.8272 2.4428 7.1 3.6 1.9 5.4
1999.1096 -24.3076 -5.66286 -0.1 4.4 1.9 5.6
1999.1123 -43.0481 -0.999329 -6.6 4.0 2.3 5.8
1999.1151 -49.938 2.99798 13.9 3.6 2.2 5.6
1999.1178 -40.237 7.32841 -3.2 4.4 2.3 6.3
1999.1370 -33.8983 21.0969 -35 7.2 5.5 10.3
1999.1397 -40.7882 6.21804 -3.1 3.3 1.9 4.9
1999.1425 -37.6464 1.77658 2.2 4.1 2.0 5.4
1999.1452 -41.2843 17.3217 5.9 3.6 2.1 6.2
1999.1671 23097.2 4545.17 9690.2 1.7 1.3 3.5
1999.1699 23105 4552.5 9688.3 1.5 1.0 3.0
1999.1726 23101.3 4549.72 9691.7 1.6 1.0 2.9
