2007.7041 0 0 0 1.3 0.9 2.6
2007.7068 1.92917 -2.22073 -5.6 1.2 0.9 2.5
2007.7123 2.86619 -0.777255 -11.9 1.2 0.9 2.5
2007.7151 6.6143 3.55317 -9.3 4.5 2.4 5.9
2007.7178 -1.59846 2.10969 -6.3 1.2 0.9 2.5
2007.7205 1.32286 1.55451 -8.8 1.2 0.9 2.4
2007.7233 4.35441 1.44347 -14.6 1.2 0.9 2.5
2007.7260 3.19691 0.33311 -2.8 1.2 0.9 2.5
2007.7288 2.315 0.999329 -8.9 1.2 0.9 2.5
2007.7315 7.7718 0.33311 -3.6 1.2 0.9 2.5
2007.7342 4.35441 1.44347 -9.6 1.2 0.9 2.5
2007.7370 -0.771668 4.21939 -11.6 1.3 0.9 2.6
2007.7397 4.68513 0.999329 -13.5 1.3 0.9 2.5
2007.7425 5.1812 1.33244 -5.8 1.2 0.9 2.5
2007.7452 -0.275596 5.21871 -9 1.2 0.9 2.6
2007.7479 0.937025 1.55451 -4.6 1.2 0.9 2.5
2007.7507 0.881906 0.33311 -7.8 1.3 0.9 2.5
2007.7534 2.03941 0 -14.4 1.2 0.9 2.6
2007.7562 5.34656 -0.777255 -10.1 1.3 1.0 2.7
2007.7589 2.315 -0.999328 -12.8 1.2 0.9 2.5
2007.7616 1.87405 1.99866 -7 1.2 0.9 2.5
2007.7644 2.25988 4.5525 -7.3 1.2 0.9 2.5
2007.7671 -1.04726 4.77457 -10.1 1.2 0.9 2.5
2007.7699 2.70084 1.88762 -5 1.3 0.9 2.7
2007.7726 3.41739 2.77591 -7.2 1.5 1.0 2.8
2007.7753 1.59846 3.22006 -12.3 1.3 0.9 2.7
2007.7781 1.59846 1.88762 -5.9 1.3 0.9 2.5
2007.7808 -6.77965 4.99664 -7.8 1.2 0.9 2.5
2007.7836 -3.03155 2.10969 -11.1 1.2 0.9 2.4
2007.7863 0.881906 9.54914 -6.5 1.4 1.0 2.8
2007.7890 1.48822 9.66017 -12.5 1.3 0.9 2.5
2007.7918 -1.37798 4.99664 -8.5 1.2 0.9 2.5
2007.7945 -2.42524 3.22006 -9.8 1.3 0.9 2.5
2007.7973 -2.75596 3.55317 -9.4 1.2 0.9 2.5
2007.8000 -2.09453 3.10902 -5.9 1.2 0.9 2.5
2007.8027 -5.95287 4.77457 -5.9 1.2 0.9 2.5
2007.8055 -1.81893 4.88561 -10.7 1.2 0.9 2.5
2007.8082 -0.826788 2.4428 -8.2 1.2 0.9 2.5
2007.8110 5.29144 10.7705 -5.6 1.2 0.9 2.5
2007.8137 0.826786 7.43944 -6.3 1.2 0.9 2.5
2007.8164 -4.0237 6.44012 -3.7 1.3 0.9 2.6
2007.8192 -1.32286 5.55182 -6.6 1.3 0.9 2.7
2007.8219 -2.70084 3.88628 -7.5 1.2 0.9 2.6
2007.8247 -3.19691 5.10768 -3.1 1.2 0.9 2.5
2007.8274 -5.62215 4.33042 -9.5 1.2 0.9 2.5
2007.8301 -9.75609 5.88493 -3.8 1.6 1.1 2.8
2007.8329 4.79536 10.8816 -5.2 1.2 0.9 2.5
2007.8356 -1.32286 9.99328 -8.4 1.2 0.9 2.6
2007.8384 2.53548 11.9919 -9.6 1.2 0.9 2.6
2007.8411 4.85048 9.10499 -7 1.2 0.9 2.5
2007.8438 -2.09453 7.32841 -6.4 1.2 0.9 2.5
2007.8466 -0.385835 9.4381 -8.9 1.2 0.9 2.5
2007.8493 -0.496073 2.55384 -7.8 1.2 0.9 2.5
2007.8521 -2.53548 6.21804 -7.7 1.2 0.9 2.5
2007.8548 3.96858 8.77188 -2.4 1.2 0.9 2.6
2007.8575 2.92131 7.21737 -8.7 1.3 0.9 2.6
2007.8603 -4.13394 6.21804 -6.8 1.2 0.9 2.5
2007.8630 -7.66156 2.99799 -10.2 1.2 0.9 2.5
2007.8658 -2.81108 4.21939 -10.9 1.2 0.9 2.5
2007.8685 -3.08667 4.88561 -9.5 1.2 0.9 2.5
2007.8712 6.3387 9.32706 -3.2 1.2 0.9 2.5
2007.8740 -2.5906 4.33042 -12.8 1.2 0.9 2.5
2007.8767 0 -3.77524 -14.2 1.2 0.9 2.5
2007.8795 -4.40953 0.666219 -8 1.2 0.9 2.5
2007.8822 -7.38596 4.21939 -11.3 1.2 0.9 2.5
2007.8849 2.25988 9.21603 -5.2 1.2 0.9 2.5
2007.8877 -9.31513 9.21603 -8.4 1.4 0.9 2.6
2007.8904 -6.6143 7.21737 -12.4 1.6 1.0 2.7
2007.8932 -8.81906 5.88493 -9 1.4 0.9 2.6
2007.8959 -1.59846 8.2167 -5.5 2.0 1.6 3.8
2007.8986 1.81893 8.43877 -4.3 1.3 0.9 2.7
2007.9014 -0.551192 3.33109 -9.3 1.2 0.9 2.5
2007.9041 -11.7404 6.32908 -8.7 1.3 0.9 2.6
2007.9068 -9.14978 4.77457 -21 1.2 0.9 2.5
2007.9096 -3.7481 3.77524 -18.7 1.2 0.9 2.5
2007.9123 -2.75596 3.44213 -20.3 1.2 0.9 2.5
2007.9151 0.220476 3.99731 -15.1 1.2 0.9 2.5
2007.9178 -0.66143 3.99731 -21.6 1.2 0.9 2.5
2007.9205 -2.03941 4.88561 -13.4 1.2 0.9 2.5
2007.9233 -9.03954 5.66286 -19.4 1.5 1.1 3.0
2007.9260 -6.83477 1.77658 -17.2 1.2 0.9 2.5
2007.9288 -3.36227 5.66286 -20.8 1.2 0.9 2.5
2007.9315 -0.385835 2.33177 -20.1 1.2 0.9 2.5
2007.9342 -5.73239 6.32908 -16.8 1.2 0.9 2.5
2007.9370 -3.14179 7.88359 -14 1.2 0.9 2.5
2007.9397 -4.07882 3.55317 -15.9 1.2 0.9 2.5
2007.9425 -1.59846 6.55115 -13.2 1.2 0.9 2.5
2007.9452 -2.81108 9.4381 -16.6 1.2 0.9 2.5
2007.9479 -6.94501 6.9953 -25.4 1.3 1.0 2.6
2007.9507 -1.81893 10.5485 -18.9 1.2 0.9 2.5
2007.9534 -1.37798 9.32706 -19.1 1.2 0.9 2.5
2007.9562 4.0237 -1.99866 -11.9 1.2 0.9 2.5
2007.9589 1.4331 -0.555182 -18.8 1.2 0.9 2.5
2007.9616 3.91346 1.33244 -19.5 1.3 0.9 2.6
2007.9644 -3.14179 1.2214 -16.1 1.2 0.9 2.6
2007.9671 -6.00799 2.88695 -18.9 1.2 0.9 2.5
2007.9699 -6.88989 7.32841 -17.6 1.2 0.9 2.5
2007.9726 -3.41739 7.55048 -20.2 1.2 0.9 2.6
2007.9753 -8.81906 -0.444146 -21.7 1.2 0.9 2.6
2007.9781 -1.87405 7.88359 -7 1.2 0.9 2.5
2007.9808 -3.03155 5.66286 -10.5 1.2 0.9 2.5
2007.9836 -7.44108 6.77322 -14.7 1.2 0.9 2.5
2007.9863 -8.43323 6.55115 -19.2 1.2 0.9 2.5
2007.9890 -7.16549 5.66286 -11.8 1.2 0.9 2.6
2007.9918 -7.99228 6.10701 -21.7 1.2 0.9 2.6
2007.9945 -8.43323 7.77255 -19.8 1.2 0.9 2.6
2007.9973 -8.26787 7.88359 -22.9 1.2 0.9 2.5
2008.0000 -7.16549 8.66084 -9.4 1.2 0.9 2.5
2008.0027 -3.19691 9.21603 -15 1.2 0.9 2.5
2008.0055 -6.55918 6.44012 -11.2 1.1 0.9 2.4
2008.0082 -6.06311 6.55115 -18.2 1.1 0.9 2.4
2008.0110 -6.88989 6.9953 -20.1 1.1 0.9 2.4
2008.0137 -5.62215 6.21804 -15.3 1.2 0.9 2.5
2008.0164 -6.72454 6.88426 -18.1 1.2 0.9 2.5
2008.0192 -3.25203 9.77121 -13.5 1.2 0.9 2.5
2008.0219 -1.59846 10.2154 -15.3 1.2 0.9 2.6
2008.0247 -6.83477 6.44012 -16.5 1.2 0.9 2.5
2008.0274 -4.24417 11.9919 -16.6 1.1 0.9 2.5
2008.0301 -3.52763 12.5471 -17.3 1.1 0.9 2.5
2008.0329 2.37012 14.1016 -14.3 1.1 0.9 2.5
2008.0356 1.32286 6.55115 -13.7 1.2 0.9 2.5
2008.0384 1.54334 2.66488 -15.4 1.1 0.9 2.4
2008.0411 -9.2049 8.2167 -18.5 1.2 0.9 2.6
2008.0438 -7.82692 10.1043 -12.6 1.2 0.9 2.6
2008.0466 -2.97643 9.32706 -19.9 1.2 0.9 2.6
2008.0712 1.81893 0.666219 -6.8 1.2 0.9 2.5
2008.0740 -2.25988 2.77591 -17.3 1.1 0.9 2.4
2008.0767 -10.638 9.99328 -12.8 1.1 0.9 2.4
2008.0795 -7.60644 9.54914 -13.1 1.3 1.0 2.6
2008.0822 -9.37025 8.10566 -14.6 1.2 0.9 2.5
2008.0849 -5.84263 10.1043 -13.5 1.1 0.9 2.4
2008.0877 -8.37811 9.77121 -20.2 1.2 0.9 2.5
2008.0904 -7.27573 9.99328 -24.1 1.1 0.9 2.5
2008.0932 -3.03155 4.21939 -18.8 1.2 0.9 2.5
2008.0959 -3.03155 2.77591 -18.2 1.1 0.9 2.4
2008.0986 -1.70869 2.77591 -15 1.2 0.9 2.5
2008.1014 -6.44894 6.77322 -14.3 1.2 0.9 2.5
2008.1041 -1.32286 -0.444146 -24.1 1.3 1.0 2.7
2008.1123 -67.6863 -7.88359 -9.4 3.7 2.3 4.8
2008.1151 -9.53561 15.101 -16.5 1.8 1.2 3.3
2008.1836 -11.6853 9.32706 -9.8 1.1 0.9 2.4
2008.1863 -4.57489 12.8802 -17.4 1.2 0.9 2.5
2008.1890 -11.2994 7.66152 -13.4 1.4 0.9 2.7
2008.1945 -9.09466 14.6568 -23.8 1.2 0.9 2.4
2008.1973 -8.0474 15.6561 -24.1 1.1 0.9 2.4
2008.2000 -3.25203 15.101 -22.3 1.1 0.9 2.4
2008.2027 -1.92917 5.99597 -24.1 1.2 0.9 2.5
2008.2055 -12.7325 11.7699 -22.1 1.2 1.0 2.6
2008.2082 -11.7404 10.3264 -15.2 1.1 0.9 2.5
2008.2110 -9.92144 8.10566 -23.1 1.2 0.9 2.5
2008.2137 -11.7955 8.99395 -27.3 1.2 0.9 2.5
2008.2164 -7.55132 11.8809 -24.4 1.3 0.9 2.6
2008.2192 -12.2364 9.99328 -23.8 1.2 0.9 2.5
2008.2219 -14.2759 10.1043 -16.5 1.2 0.9 2.6
2008.2247 -11.6853 8.43877 -25.2 1.2 0.9 2.5
2008.2274 -8.32299 10.7705 -26.3 1.2 0.9 2.5
2008.2301 -15.7641 11.1036 -26.5 1.2 0.9 2.5
2008.2329 -15.268 10.5485 -28.5 1.3 0.9 2.5
2008.2356 -14.9924 10.9926 -21.7 1.3 0.9 2.5
2008.2384 -12.6774 11.2147 -26.4 1.3 0.9 2.5
2008.2411 -12.7876 12.4361 -26.7 1.4 1.1 2.7
2008.2438 -10.0317 11.5478 -21.2 1.2 0.9 2.5
2008.2466 -12.1262 11.7699 -17.9 1.2 0.9 2.5
2008.2493 -13.394 10.9926 -14.1 1.2 0.9 2.5
2008.2521 -17.4728 12.4361 -15.1 1.2 0.9 2.5
2008.2548 -17.1421 11.5478 -18.5 1.2 0.9 2.5
2008.2575 -16.9216 13.8796 -18.2 1.2 0.9 2.5
2008.2603 -10.8585 11.2147 -16 1.2 0.9 2.5
2008.2630 -15.3231 11.4368 -17.5 1.2 0.9 2.5
2008.2658 -9.64585 11.7699 -19.8 1.3 0.9 2.7
2008.2685 -15.4885 8.77188 -19.5 1.2 0.9 2.5
2008.2712 -14.2759 11.8809 -15.4 1.2 0.9 2.5
2008.2740 -11.4097 12.5471 -14.7 1.2 0.9 2.5
2008.2767 -11.2443 12.5471 -17.6 1.2 0.9 2.5
2008.2795 -11.5199 12.7692 -18.7 1.2 0.9 2.4
2008.2822 0.275596 0.999329 -9.5 1.2 0.9 2.5
2008.2849 -7.27573 1.55451 -15.5 1.2 0.9 2.5
2008.2877 -9.81121 9.4381 -15.4 1.2 0.9 2.5
2008.2904 -10.8585 12.325 -22.9 1.2 0.9 2.5
2008.2932 -11.6853 5.44079 -17.3 1.3 0.9 2.5
2008.2959 -6.22846 3.44213 -16.8 1.2 0.9 2.4
2008.2986 -10.9687 11.7699 -16.8 1.2 0.9 2.4
2008.3014 -11.2994 12.7692 -15.7 1.2 0.9 2.4
2008.3041 -7.00013 11.7699 -19.6 1.2 0.9 2.4
2008.3068 -7.00013 12.9913 -21.5 1.3 0.9 2.6
2008.3096 -7.93716 13.4354 -10.6 1.2 0.9 2.5
2008.3123 -8.15763 10.9926 -17 1.3 0.9 2.6
2008.3151 -6.94501 11.9919 -16.1 1.3 0.9 2.5
2008.3178 -15.3782 13.7685 -14.6 1.2 0.9 2.5
2008.3205 -16.8665 12.6582 -14 1.3 0.9 2.5
2008.3233 -17.4176 12.9913 -18.8 1.2 0.9 2.5
2008.3260 -16.4255 12.6582 -19.8 1.3 0.9 2.5
2008.3288 -13.7798 14.4347 -11.6 1.2 0.9 2.5
2008.3315 -16.646 10.5485 -13.9 1.2 0.9 2.5
2008.3342 -16.2601 13.8796 -20.7 1.3 0.9 2.5
2008.3370 -17.4176 12.103 -18.4 1.2 0.9 2.5
2008.3397 -17.6932 11.8809 -21.4 1.2 0.9 2.5
2008.3425 -15.3782 11.7699 -16.4 1.2 0.9 2.5
2008.3452 -17.9688 11.5478 -16 1.2 0.9 2.4
2008.3479 -14.4963 13.6575 -21.6 1.2 0.9 2.4
2008.3507 -17.8035 12.9913 -20 1.2 0.9 2.4
2008.3534 -15.5987 12.4361 -14.9 1.3 0.9 2.5
2008.3562 -15.5987 11.6588 -18.5 1.2 0.9 2.5
2008.3589 -13.2837 13.3244 -15.8 1.2 0.9 2.5
2008.3616 -13.7798 12.7692 -18 1.2 0.9 2.5
2008.3644 -20.5043 14.5458 -12.7 1.2 0.9 2.5
2008.3671 -16.4806 16.2113 -18.8 1.2 0.9 2.4
2008.3699 -12.2364 10.6595 -13.2 1.2 0.9 2.5
2008.3726 -18.4649 13.8796 -14.5 1.2 0.9 2.5
2008.3753 -11.4648 16.3224 -17.8 1.2 0.9 2.5
2008.3781 -3.25203 7.66152 -17.8 1.4 1.0 2.9
2008.3836 -6.88989 15.4341 -17.4 1.2 0.9 2.5
2008.3863 -4.85048 6.55115 -14.2 1.2 0.9 2.5
2008.3890 -10.7482 13.2133 -12.1 1.2 0.9 2.5
2008.3918 -9.09466 15.8782 -15 1.2 0.9 2.5
2008.3945 -11.6301 16.4334 -13.9 1.2 0.9 2.5
2008.3973 -11.4648 16.9886 -16.8 1.2 0.9 2.5
2008.4000 -19.6775 19.5424 -26.3 1.2 0.9 2.5
2008.4027 -7.38596 12.325 -19.7 1.2 0.9 2.4
2008.4055 -5.51191 6.77322 -20.1 1.2 0.9 2.5
2008.4082 -4.35441 3.99731 -17.2 1.2 0.9 2.5
2008.4137 -14.3861 11.6588 -17.9 1.2 0.9 2.5
2008.4164 -15.268 14.2127 -16.6 1.2 0.9 2.5
2008.4192 -14.331 13.5464 -12.1 1.2 0.9 2.5
2008.4219 -16.7011 13.7685 -14.6 1.2 0.9 2.5
2008.4247 -5.84263 20.7638 -48.4 1.8 1.2 3.4
2008.4301 -20.5594 9.54914 -15.6 1.2 0.9 2.6
2008.4329 -21.1657 12.8802 -16.6 1.2 0.9 2.6
2008.4356 -17.1421 11.7699 -19 1.3 0.9 2.6
2008.4384 -13.6695 12.8802 -13.7 1.2 0.9 2.6
2008.4411 -13.6144 11.6588 -14.5 1.2 0.9 2.5
2008.4438 -13.7247 13.2133 -19.5 1.3 1.0 2.6
2008.4466 -13.89 12.7692 -15.4 1.2 0.9 2.5
2008.4493 -14.1105 11.6588 -15.3 1.2 0.9 2.6
2008.4521 -15.268 11.7699 -13.4 1.2 0.9 2.5
2008.4548 -14.2207 14.6568 -19.5 1.3 0.9 2.5
2008.4575 -12.4018 13.7685 -16 1.3 0.9 2.5
2008.4603 -13.1735 13.6575 -19 1.2 0.9 2.5
2008.4630 -12.8428 12.103 -16.9 1.2 0.9 2.5
2008.4712 -12.5672 12.325 -13.4 1.2 0.9 2.5
2008.4740 -14.0003 10.6595 -6.4 1.2 0.9 2.5
2008.4767 -12.7325 12.6582 -16.9 1.2 0.9 2.5
2008.4795 -15.4334 13.8796 -13.9 1.2 0.9 2.5
2008.4822 -16.9216 13.9906 -17.2 1.2 0.9 2.5
2008.4849 -13.9451 14.3237 -14.5 1.2 0.9 2.5
2008.4877 -12.1813 17.6548 -17.1 1.2 0.9 2.6
2008.4904 -15.3231 16.8775 -29.3 1.2 0.9 2.5
2008.4932 -19.7327 12.7692 -15 1.2 0.9 2.5
2008.4959 -18.024 12.8802 -13.1 1.2 0.9 2.5
2008.4986 -14.331 12.325 -16.9 1.2 0.9 2.5
2008.5014 -14.4412 12.5471 -16.2 1.3 0.9 2.5
2008.5041 -17.1972 12.7692 -12.6 1.3 0.9 2.6
2008.5068 -18.4098 12.8802 -6.4 1.3 0.9 2.5
2008.5096 -21.5516 14.3237 -15.2 1.2 0.9 2.5
2008.5123 -15.7641 15.4341 -14.5 1.2 0.9 2.5
2008.5151 -16.7562 14.3237 -12.7 1.3 0.9 2.5
2008.5178 -16.3153 16.9886 -10.8 1.3 0.9 2.5
2008.5205 -15.9294 17.0996 -13.8 1.2 0.9 2.5
2008.5233 -15.6538 18.4321 -11.2 1.2 0.9 2.5
2008.5260 -16.4255 16.3224 -10.7 1.3 0.9 2.5
2008.5288 -16.8665 17.7658 -16.2 1.3 0.9 2.5
2008.5315 -16.4806 20.7638 -17.3 1.3 0.9 2.6
2008.5342 -19.9531 17.8769 -10.6 1.2 0.9 2.5
2008.5370 -16.4806 18.6541 -15.2 1.2 0.9 2.5
2008.5397 -15.5436 16.7665 -19.3 1.2 0.9 2.5
2008.5425 -18.2996 18.6541 -18.9 1.2 0.9 2.4
2008.5452 -19.6775 15.6561 -9 1.2 0.9 2.4
2008.5479 -20.5594 15.101 -18.9 1.2 0.9 2.5
2008.5507 -19.4571 14.9899 -13.1 1.2 0.9 2.6
2008.5534 -19.3468 15.323 -10.6 1.2 0.9 2.5
2008.5562 -17.8586 16.8775 -16.4 1.3 1.0 2.6
2008.5589 -17.1972 16.9886 -13.8 1.2 0.9 2.4
2008.5616 -16.5909 16.5444 -15.4 1.2 0.9 2.5
2008.5644 -22.5988 17.3217 -18.1 1.2 0.9 2.5
2008.5699 -10.6931 14.8789 -15.6 1.4 1.0 2.6
2008.5726 -24.9139 22.6514 -10 1.5 1.0 2.8
2008.5753 -7.71668 1.66555 -8.4 2.3 1.6 3.2
2008.5781 4.13394 16.7665 -10.4 1.7 1.1 2.8
2008.5808 -21.3311 20.2086 -11.2 3.5 2.8 5.4
2008.5863 -23.3705 12.103 -8.3 1.2 0.9 2.4
2008.5890 -20.7248 14.7679 -12.3 1.2 0.9 2.5
2008.5918 -22.654 15.9893 -11.9 1.2 0.9 2.6
2008.5945 -24.1973 16.3224 -15.9 1.8 1.2 3.4
2008.5973 -17.6381 16.8775 -17.4 1.3 0.9 2.5
2008.6000 -25.0241 15.9893 -20.6 1.2 0.9 2.5
2008.6027 -65.5367 -4.8856 -2.1 1.5 1.2 2.9
2008.6055 -20.8902 18.5431 -18.6 1.2 0.9 2.5
2008.6082 -23.15 16.2113 -18.9 1.2 0.9 2.5
2008.6110 -18.4649 14.1016 -16.6 1.2 0.9 2.5
2008.6137 -20.7248 13.5464 -11 1.7 1.0 3.1
2008.6164 -23.3154 16.8775 -13.8 1.2 0.9 2.4
2008.6192 -24.3075 13.6575 -11.8 1.2 0.9 2.6
2008.6219 -24.5831 13.4354 -12.6 1.2 0.9 2.5
2008.6247 -22.5988 14.9899 -10.5 1.2 0.9 2.5
2008.6274 -24.6383 15.323 -10 1.2 0.9 2.5
2008.6301 -19.2917 15.6561 -14.9 1.2 0.9 2.5
2008.6329 -22.3784 13.4354 -9.5 1.2 0.9 2.5
2008.6356 -21.6067 17.2107 -12.4 1.2 0.9 2.5
2008.6384 -21.4413 14.9899 -12.7 1.3 1.0 2.7
2008.6411 -30.5911 14.9899 -14.1 1.2 0.9 2.5
2008.6438 -19.6224 13.9906 -9.9 1.2 0.9 2.5
2008.6466 -23.3705 12.7692 -9.8 1.2 0.9 2.4
2008.6493 -22.8744 11.7699 -17.8 1.2 0.9 2.5
2008.6521 -25.8509 13.4354 -13.8 1.2 0.9 2.5
2008.6548 -21.3862 14.7679 -13.6 1.2 0.9 2.5
2008.6575 -24.8036 14.5458 -11.8 1.2 0.9 2.6
2008.6603 -23.591 17.0996 -15 1.2 0.9 2.5
2008.6630 -21.0555 13.9906 -11 1.2 0.9 2.4
2008.6658 -25.3548 12.5471 -21 1.2 0.9 2.5
2008.6685 -20.0082 15.7672 -10.4 1.3 0.9 2.5
2008.6712 -26.2918 15.212 -11.2 1.2 0.9 2.5
2008.6740 -27.3391 14.9899 -7.7 1.2 0.9 2.5
2008.6767 -22.4886 21.319 -2.3 1.2 0.9 2.5
2008.6795 -22.8744 16.8775 -16.2 1.4 1.0 2.8
2008.6822 -21.7169 17.0996 -13.7 1.2 1.0 2.5
2008.6849 -22.4335 16.6555 -11.4 1.3 1.0 2.6
2008.6877 -27.78 16.4334 -14.8 1.2 0.9 2.5
2008.6904 -22.0477 19.8755 -15.2 1.2 1.0 2.5
2008.6932 -29.3785 17.0996 -7 1.2 0.9 2.5
2008.6959 -28.8824 20.3197 -15.7 1.3 0.9 2.5
2008.6986 -15.3782 16.9886 -12.4 1.7 1.1 3.0
2008.7014 -14.7719 19.4314 -0.4 1.2 0.9 2.5
2008.7041 -19.0712 19.2093 -8.7 1.2 0.9 2.5
2008.7068 -25.8509 18.5431 -13.5 1.3 1.0 2.6
2008.7096 -20.1736 23.3177 -14.7 1.3 1.0 2.6
2008.7123 -20.2287 15.9893 -9.7 1.3 0.9 2.6
2008.7151 -25.1343 18.6541 -22.4 1.6 1.0 2.9
2008.7178 -22.1579 19.2093 -2.9 1.3 0.9 2.5
2008.7205 -15.4334 20.7638 -11.9 1.2 0.9 2.5
2008.7233 -21.6618 18.7652 -14.1 1.2 0.9 2.5
2008.7260 -20.2838 18.21 -9.1 1.3 0.9 2.5
2008.7288 -24.1973 18.5431 -14.3 1.2 0.9 2.5
2008.7315 -22.654 17.7658 -11.5 1.2 0.9 2.5
2008.7342 -20.0082 16.3224 -10.6 1.2 0.9 2.5
2008.7370 -18.961 20.8749 -11.7 1.2 0.9 2.5
2008.7397 -27.3942 19.6535 -10.3 1.3 0.9 2.5
2008.7425 -22.8193 16.5444 -13.7 1.2 0.9 2.5
2008.7452 -25.5202 15.8782 -15.2 1.4 1.1 3.0
2008.7479 -18.7405 12.8802 -10.5 1.2 0.9 2.5
2008.7507 -18.7956 11.8809 -16.2 1.2 0.9 2.5
2009.1863 -39.1346 29.8688 -28.3 6.8 3.7 8.3
2009.1890 -31.473 27.7591 -4 9.6 6.0 11.5
2009.1945 -34.6699 26.2046 -15.3 8.0 5.0 9.5
2009.2027 -20.7248 14.1016 -39.8 9.0 5.0 9.4
2009.2055 -24.528 24.206 -30.3 7.8 5.7 11.5
2009.2082 -34.7251 32.4226 -19.9 7.8 4.5 9.1
2009.2192 -30.977 21.9852 -25.2 3.8 1.9 4.9
2009.2219 -36.2133 26.6488 -24.5 3.6 2.5 5.6
2009.2247 -32.3549 28.0922 -24.4 8.1 4.7 9.2
2009.2301 -40.4574 33.533 -17.5 6.0 3.4 7.0
2009.2329 -32.9061 26.5377 -19.9 6.5 3.9 8.2
2009.2384 -35.166 24.317 -10.2 6.1 3.4 7.2
2009.9671 -46.0796 29.7578 -5.4 8.4 4.5 9.2
2010.1836 -68.2926 24.317 -16.1 6.9 3.5 7.8
2010.6329 -61.7886 30.7571 -8.6 1.2 0.9 2.6
2010.6356 -67.4658 37.1972 -3.8 1.3 0.9 2.6
2010.6384 -67.4658 39.529 -5.3 1.2 0.9 2.6
2010.6411 -65.5918 36.1979 -5.9 1.2 0.9 2.5
2010.6438 -69.7257 37.5303 -6.5 1.3 0.9 2.6
2010.6466 -69.8911 38.5297 -10.3 1.2 0.9 2.6
2010.6493 -65.9776 39.3069 -8.8 1.5 1.1 3.2
2010.8055 -68.017 35.9758 6.4 1.8 1.2 3.6
2010.8082 -74.1904 39.8621 -6 1.2 0.8 2.5
2010.8110 -75.8439 38.9738 -6 1.3 0.9 2.5
2010.8137 -70.6076 37.5303 -2.7 1.2 0.8 2.5
2010.8164 -72.9226 33.3109 -4.3 1.2 0.8 2.5
2010.8192 -72.9226 38.3076 -6.5 1.2 0.8 2.5
2010.8219 -72.8675 39.9731 3.3 1.2 0.9 2.6
2010.8247 -69.6706 41.1945 -0.6 1.2 0.8 2.5
2010.8274 -65.2059 42.3049 -2.1 1.3 0.9 2.5
2010.8301 -65.5918 40.8614 -6.9 3.5 1.7 5.4
2010.8356 -65.7571 35.6427 -6.5 2.9 2.2 5.5
2010.8384 -73.3085 39.0848 -8.2 1.2 0.9 2.5
2010.8411 -74.1904 38.4186 -4.1 1.3 0.9 2.6
2010.8438 -71.1037 35.7537 -1.2 2.1 1.2 3.6
2010.8466 -70.8832 42.0828 1.7 1.2 0.8 2.5
2010.8493 -80.3637 38.0855 -3.9 1.2 0.8 2.5
2010.8521 -81.6314 39.1959 -9.2 1.3 0.9 2.6
2010.8548 -76.0644 39.3069 -10 1.2 0.8 2.5
2010.8575 -68.6784 43.7484 -9 1.2 0.8 2.6
2010.8603 -67.4107 44.7477 -8.3 1.1 0.8 2.4
2010.8630 -79.9779 37.7524 -2.8 1.2 0.9 2.5
2010.8658 -77.2219 38.5297 -7.8 1.2 0.9 2.5
2010.8685 -66.7493 40.6393 -9.6 1.2 0.9 2.5
2010.8712 -66.0878 46.4132 -2 1.5 1.2 3.1
2010.8740 -65.702 43.6373 -13.3 1.2 0.9 2.5
2010.8767 -64.5445 31.3123 -10.4 1.2 0.9 2.5
2010.8795 -63.9933 29.6467 -9.7 1.2 0.9 2.5
2010.8822 -65.4264 33.0889 -9.2 1.2 0.9 2.4
2010.8849 -66.9146 27.315 -13 1.2 0.9 2.5
2010.8877 -74.1904 39.0848 -8.4 1.2 0.9 2.5
2010.8904 -70.6627 38.3076 -7.9 1.2 0.9 2.6
2010.8932 -78.3794 38.7517 -8.5 1.2 0.9 2.6
2010.8959 -78.5448 38.1965 -3.6 1.3 0.9 2.5
2010.8986 -77.9936 37.6414 -1.2 1.2 0.9 2.6
2010.9014 -72.4265 39.8621 -5.9 1.2 0.9 2.5
2010.9041 -70.332 33.6441 -12.7 1.2 0.9 2.5
2010.9068 -66.7493 26.4267 -7.7 1.1 0.9 2.5
2010.9096 -71.269 32.7558 -9.1 1.2 0.9 2.5
2010.9123 -67.5209 25.5384 -12.7 1.2 0.9 2.4
2010.9151 -69.7808 28.3143 -7.4 1.2 0.9 2.4
2010.9178 -69.0092 28.7584 -7.6 1.1 0.9 2.4
2010.9205 -66.9698 30.0909 -4.9 1.1 0.9 2.4
2010.9233 -72.151 35.9758 -7.3 1.1 0.9 2.5
2010.9260 -70.9383 44.6367 -8.1 1.2 0.9 2.5
2010.9288 -68.8989 43.1932 -11 1.2 0.9 2.5
2010.9315 -72.2612 43.7484 -7.3 1.2 0.9 2.5
2010.9342 -73.1431 42.4159 -11.1 1.2 0.9 2.5
2010.9370 -64.765 33.3109 -10.7 1.2 0.9 2.5
2010.9397 -73.1982 41.5276 -9.6 1.2 0.9 2.4
2010.9425 -78.1038 40.4173 -11.8 1.2 0.9 2.5
2010.9452 -76.5054 43.1932 -6.9 1.2 0.9 2.5
2010.9479 -70.332 38.8628 -13 1.2 0.9 2.5
2010.9507 -68.1824 31.3123 -8.2 1.1 0.9 2.4
2010.9534 -70.2218 31.9785 -10.1 1.2 0.9 2.5
2010.9562 -66.8044 29.7578 -6.5 1.1 0.9 2.4
2010.9589 -73.0329 42.3049 -6.6 1.1 0.9 2.4
2010.9616 -67.6312 33.7551 -9.5 1.2 0.9 2.5
2010.9644 -69.0092 31.2012 -9.1 1.1 0.9 2.5
2010.9671 -71.2139 35.7537 -10 1.3 1.0 2.8
2010.9699 -71.71 41.6387 -9.1 1.1 0.8 2.4
2010.9726 -70.5525 43.7484 -5 1.3 1.0 2.7
2010.9753 -69.8911 43.6373 -4.2 1.1 0.8 2.4
2010.9781 -71.2139 42.527 -12 1.2 0.9 2.5
2010.9808 -72.3163 41.7497 -15.4 1.2 0.9 2.5
2010.9836 -75.1825 39.529 -10.3 1.1 0.8 2.4
2010.9863 -79.5369 41.8607 -9.5 1.1 0.8 2.5
2010.9890 -78.7101 43.9704 -6.7 1.1 0.8 2.4
2010.9918 -75.8439 44.8587 -9 1.1 0.9 2.5
2010.9945 -81.0251 44.3036 -11.4 1.2 0.9 2.5
2010.9973 -83.3953 43.0822 -8 1.2 0.9 2.5
2011.0000 -81.907 48.745 -6 1.2 0.8 2.5
2011.0027 -76.0644 46.5243 -4.9 1.2 0.8 2.5
2011.0055 -79.7023 46.1912 -1.7 1.2 0.9 2.6
2011.0082 -83.5055 43.6373 -4.3 1.1 0.8 2.5
2011.0110 -90.4505 48.745 -11.1 1.3 0.9 2.6
2011.0137 -79.5369 42.1939 -7.4 1.2 0.9 2.5
2011.0164 -76.6707 45.3029 -11.8 1.3 0.9 2.6
2011.0192 -75.5683 41.0835 -12 1.2 0.9 2.5
2011.0219 -71.9856 34.8655 -6.9 1.1 0.8 2.5
2011.0247 -72.647 35.9758 -11.9 1.1 0.8 2.4
2011.0274 -74.5762 36.531 -14 1.2 0.9 2.5
2011.0301 -72.5919 42.1939 -12.1 1.2 0.9 2.5
2011.0329 -70.6627 38.4186 -12.4 1.1 0.8 2.4
2011.0356 -75.1274 38.6407 -14.3 1.2 0.9 2.5
2011.0384 -80.4739 39.7511 -12.6 3.7 1.7 5.3
2011.0411 -76.8912 41.7497 -19.4 1.1 0.8 2.4
2011.0438 -68.6233 32.3116 -15.4 1.2 0.9 2.4
2011.0466 -73.8596 35.9758 -12.3 1.1 0.8 2.4
2011.0493 -76.6707 44.4146 -12.9 1.9 1.8 4.2
2011.0521 -78.1038 44.4146 -12.3 2.0 1.3 3.8
2011.0548 -79.1511 43.9704 -14 1.1 0.8 2.4
2011.0575 -77.4424 43.4153 -14.4 1.1 0.8 2.4
2011.0603 -76.8361 43.3042 -12.8 1.2 0.9 2.5
2011.0630 -81.6866 41.1945 -4.2 1.2 0.9 2.5
2011.0658 -79.3164 46.0801 -5.7 1.1 0.8 2.4
2011.0685 -79.1511 46.6353 -14 1.3 0.9 2.6
2011.0712 -77.718 47.5236 -9.7 1.2 0.9 2.6
2011.0740 -76.0644 47.7457 -17.1 1.1 0.8 2.4
2011.0767 -75.6235 48.3009 -17.3 1.1 0.8 2.4
2011.0795 -76.34 45.1918 -8.3 1.1 0.8 2.5
2011.0822 -81.0803 46.8574 -6.4 1.3 1.0 2.6
2011.0849 -88.0804 45.636 -5.8 1.3 0.9 2.5
2011.0877 -86.5922 43.5263 -3.7 1.2 0.8 2.5
2011.0904 -80.3637 46.0801 -6.5 1.2 0.9 2.5
2011.0932 -76.4502 49.5223 -15.4 1.1 0.8 2.4
2011.0959 -76.0093 47.1905 -10.5 1.2 0.8 2.4
2011.0986 -78.5999 46.6353 -12.4 1.1 0.8 2.4
2011.1014 -79.2062 44.5256 -14.5 1.1 0.8 2.4
2011.1041 -77.277 45.8581 -19.6 1.1 0.8 2.4
2011.1068 -79.2062 45.0808 -14.9 1.2 0.8 2.5
2011.1096 -84.3874 48.5229 -12.1 1.1 0.8 2.4
2011.1123 -81.0251 47.4126 -14.7 1.1 0.8 2.4
2011.1151 -80.033 45.9691 -14.7 1.1 0.8 2.4
2011.1178 -77.6077 37.7524 -10.1 1.1 0.8 2.4
2011.1205 -79.5369 45.747 -13 1.2 0.8 2.4
2011.1233 -77.7731 44.9698 -19.8 1.1 0.8 2.4
2011.1260 -69.5604 36.0869 -16.8 1.2 0.8 2.5
2011.1288 -71.3242 37.8634 -16.3 1.2 0.8 2.5
2011.1315 -73.6943 45.747 -17.1 1.1 0.8 2.4
2011.1342 -79.3164 45.636 -14.8 1.2 0.8 2.5
2011.1370 -72.7573 40.9725 -16.6 1.1 0.8 2.4
2011.1397 -72.3163 35.5317 -9.1 1.2 0.8 2.4
2011.1425 -67.2453 37.1972 -10.2 1.1 0.8 2.4
2011.1452 -70.1115 40.9725 -17.8 1.1 0.8 2.4
2011.1479 -70.4974 36.9751 -14.7 1.1 0.8 2.5
2011.1507 -74.025 40.9725 -6.6 1.1 0.8 2.4
2011.1534 -75.6235 46.6353 -10.4 1.1 0.8 2.4
2011.1562 -63.2768 34.8655 -6 1.2 0.8 2.5
2011.1589 -68.1273 36.0869 -16.1 1.1 0.8 2.4
2011.1616 -71.7651 38.8628 -20.8 1.2 0.9 2.5
2011.1644 -72.2061 37.3083 -10.6 1.2 0.9 2.5
2011.1671 -74.6313 34.6434 -9 1.1 0.8 2.4
2011.1699 -78.2141 39.3069 -16 1.1 0.8 2.4
2011.1726 -81.9622 46.1912 -12.7 1.2 0.8 2.5
2011.1753 -80.3086 43.4153 -12.4 1.1 0.8 2.4
2011.1781 -83.0645 44.7477 -11.2 1.2 0.8 2.4
2011.1808 -84.5528 44.1925 -8.8 1.3 0.9 2.6
2011.1836 -84.4976 44.6367 -15.9 1.1 0.8 2.4
2011.1863 -84.4425 44.5256 -12.4 1.1 0.8 2.4
2011.1890 -83.1748 44.7477 -15.7 1.3 0.9 2.6
2011.1918 -86.2063 45.1918 -11.6 1.7 1.0 2.9
2011.1945 -79.8676 43.7484 -10 1.2 0.8 2.4
2011.1973 -82.9543 43.0822 -9.2 1.2 0.8 2.4
2011.2000 -74.025 35.7537 -13.6 1.2 0.9 2.6
2011.2027 -80.3637 35.0875 -15.2 1.5 1.0 2.9
2011.2055 -86.3717 43.8594 -17 1.2 0.9 2.6
2011.2082 -86.9229 44.1925 -16.9 1.7 1.0 3.0
2011.2110 -80.5291 44.6367 -12 1.4 0.9 2.5
2011.2137 -76.781 45.747 -17.5 1.3 0.8 2.5
2011.2164 -80.3637 43.8594 -10.3 2.0 1.2 3.4
2011.2192 -84.3323 44.1925 -14.2 1.4 0.9 2.7
2011.2219 -84.1118 44.9698 -10.1 1.2 0.9 2.5
2011.2247 -83.4504 43.9704 -10.5 1.7 1.1 2.8
2011.2274 -85.0488 45.525 -10 1.8 1.2 3.0
2011.2329 -83.5606 42.9711 -4.2 4.6 2.3 5.4
2011.2356 -83.6157 47.7457 -14 3.0 2.0 4.4
2011.2384 -80.0881 50.9657 -16.5 3.4 2.4 4.7
2011.2411 -76.8361 48.0788 -3.1 5.1 3.3 6.3
2011.2438 -84.8835 45.636 -9.1 1.2 0.9 2.5
2011.2466 -88.7969 44.0815 -12.2 1.4 0.9 2.5
2011.2493 -81.0251 44.9698 -16.3 1.2 0.8 2.4
2011.2521 -86.041 45.1918 -15.6 1.2 0.8 2.4
2011.2548 -84.6079 45.3029 -12.2 1.2 0.9 2.5
2011.2575 -85.8756 43.5263 -4.9 1.2 0.9 2.5
2011.2603 -88.4662 44.7477 -4.8 1.3 0.9 2.5
2011.2630 -86.0961 46.9684 -17.1 1.5 1.0 2.8
2011.2658 -88.7969 45.4139 -6.7 1.2 0.8 2.4
2011.2685 -86.3717 47.5236 -9.2 1.3 0.9 2.5
2011.2712 -76.2298 48.1898 -12.2 1.3 0.8 2.5
2011.2740 -77.4424 48.856 -12.4 1.3 0.9 2.5
2011.2767 -78.9857 50.7437 -13.9 1.3 0.9 2.7
2011.2795 -83.7811 48.856 -13.2 1.4 0.9 2.7
2011.2822 -79.9779 50.0774 -12.7 1.2 0.8 2.4
2011.2849 -81.8519 49.4112 -18.4 1.2 0.8 2.4
2011.2877 -84.1669 48.1898 -10.8 1.1 0.8 2.4
2011.2904 -83.8913 48.9671 -11.5 1.1 0.8 2.4
2011.2932 -82.5685 47.0795 -11.2 1.1 0.8 2.4
2011.2959 -81.9622 46.8574 -15.4 1.2 0.8 2.4
2011.2986 -82.0173 47.0795 -12.8 1.2 0.9 2.4
2011.3014 -83.6709 48.3009 -10.6 1.1 0.8 2.4
2011.3041 -81.907 45.8581 -6.3 1.3 0.9 2.7
2011.3068 -87.5843 48.3009 -10.7 1.1 0.8 2.4
2011.3096 -90.5056 48.745 -9.8 1.1 0.8 2.4
2011.3123 -88.5213 46.5243 -8.5 1.1 0.8 2.4
2011.3151 -86.9229 45.747 -13 1.3 0.9 2.5
2011.3178 -84.7181 45.747 -7.5 1.4 0.9 2.8
2011.3205 -84.7181 46.6353 -11.1 1.8 1.4 3.8
2011.3233 -88.6867 47.0795 -10.7 1.2 0.8 2.4
2011.3260 -88.6316 46.4132 -10.6 1.1 0.8 2.4
2011.3288 -87.5843 48.0788 -6.8 1.3 0.9 2.5
2011.3315 -83.9464 47.8567 -8.3 1.1 0.8 2.4
2011.3342 -82.6236 45.636 -15.2 1.2 0.8 2.4
2011.3370 -86.2063 45.747 -12.8 1.2 0.9 2.5
2011.3397 -84.4976 47.0795 -10.2 1.2 0.8 2.5
2011.3425 -82.0724 45.0808 -15.4 1.2 0.8 2.5
2011.3452 -83.5606 45.636 -7 1.2 0.8 2.5
2011.3479 -84.8835 49.0781 -10.9 1.1 0.8 2.4
2011.3507 -85.9307 48.9671 -16.5 1.7 1.3 3.4
2011.3589 -88.0804 44.9698 -12.1 3.0 1.5 4.7
2011.3671 -69.9462 49.0781 -14.4 4.4 2.9 6.8
2011.3699 -84.4425 47.4126 -17.5 1.3 1.0 2.7
2011.3726 -86.8678 45.3029 -5.9 1.5 1.0 2.6
2011.3753 -81.0251 45.3029 -11.9 1.3 1.0 2.7
2011.3781 -81.7417 47.3015 -12 1.6 1.0 2.8
2011.3808 -90.1198 49.1892 -9.8 1.8 1.1 3.0
2011.3836 -91.7182 48.634 -14.7 2.2 1.3 3.1
2011.3863 -86.4268 50.2995 -11.7 1.7 1.1 2.8
2011.3890 -86.3166 49.8554 -16.8 1.2 1.0 2.7
2011.3918 -85.104 45.747 -11.2 1.2 0.8 2.5
2011.3945 -84.663 47.6346 -13.5 1.3 0.9 2.6
2011.3973 -86.7024 45.4139 -6.3 1.2 0.9 2.5
2011.4000 -85.2142 45.0808 -11.8 1.5 1.0 2.7
2011.4027 -86.3717 44.8587 -12.9 1.5 1.0 2.8
2011.4055 -82.5685 44.4146 -9.3 1.6 1.1 3.1
2011.4082 -86.6473 41.5276 -6.1 1.4 1.0 2.7
2011.4110 -85.8756 44.3036 -12.5 1.6 1.0 2.7
2011.4137 -84.7732 45.4139 -8.5 1.4 1.0 2.7
2011.4164 -82.6787 43.9704 -7.2 1.5 1.0 2.8
2011.4192 -90.1198 46.8574 -7.6 2.0 1.3 3.2
2011.4219 -79.7574 48.0788 -1.9 2.7 1.4 3.9
2011.4247 -78.3794 43.1932 -11.6 4.1 2.8 6.5
2011.4274 -84.1118 43.1932 -11.1 2.5 1.7 3.8
2011.4301 -83.0645 41.8607 -5.8 4.3 2.7 5.1
2011.4329 -81.8519 43.5263 -7.5 1.7 1.4 3.4
2011.4356 -86.2063 47.3015 -12.4 1.2 0.9 2.5
2011.4384 -82.9543 44.9698 -13.8 1.4 1.1 2.7
2011.4411 -84.0567 45.9691 -8.4 1.2 0.9 2.5
2011.4438 -83.0094 46.9684 -10.4 1.3 0.9 2.5
2011.4466 -85.4347 43.9704 -8 1.3 0.9 2.6
2011.4493 -80.1432 45.525 -5.4 1.5 0.9 2.6
2011.4521 -83.1197 46.7464 -2 1.5 1.1 2.7
2011.4548 -83.1748 44.8587 -2.3 1.8 1.1 3.1
2011.4575 -81.7417 47.9678 -12.9 1.3 0.9 2.6
2011.4603 -79.3716 44.6367 -11.4 1.2 0.9 2.5
2011.4630 -84.1118 44.4146 -9.9 1.6 1.1 2.8
2011.4658 -83.726 44.3036 -7.7 1.4 1.0 2.7
2011.4685 -82.1275 47.1905 -10.7 1.4 1.0 2.7
2011.4712 -84.222 46.8574 -9.3 1.4 1.0 2.7
2011.4740 -83.726 46.7464 -11.3 1.3 1.0 2.7
2011.4767 -86.7024 48.745 -19.6 1.3 1.0 2.7
2011.4795 -86.7575 44.1925 -2.2 1.3 1.0 2.7
2011.4822 -80.4188 44.9698 -7.6 1.2 0.9 2.5
2011.4849 -84.6079 46.5243 -15.2 1.8 1.2 3.1
2011.4877 -88.1906 47.7457 -5.4 1.4 1.1 2.8
2011.4904 -85.2693 43.9704 -4.7 1.2 0.9 2.6
2011.4932 -86.8126 45.0808 -5.8 1.2 0.9 2.6
2011.4959 -86.3717 44.3036 -5.7 1.6 1.0 2.8
2011.4986 -86.4819 45.747 -14.6 1.6 1.1 2.9
2011.5014 -84.0016 44.7477 -11.5 1.6 1.1 2.9
2011.5041 -90.0647 48.745 -16.7 2.1 1.4 4.1
2011.5315 -93.923 47.7457 -25.7 4.6 2.4 5.9
2011.5342 -89.4032 47.6346 -14.8 1.2 0.9 2.5
2011.5370 -88.9072 43.0822 -7.3 1.2 0.9 2.5
2011.5397 -89.6788 45.636 -5.7 1.3 0.9 2.6
2011.5425 -87.419 46.7464 -9.9 1.4 0.9 2.6
2011.5452 -85.3795 47.5236 -14.1 1.7 1.1 2.9
2011.5479 -89.6788 48.1898 -10.7 1.3 1.0 2.6
2011.5507 -88.6867 44.9698 -7.4 1.3 0.9 2.5
2011.5534 -92.8757 46.1912 -9.5 1.1 0.8 2.4
2011.5562 -87.0882 45.1918 -8.2 1.1 0.8 2.4
2011.5589 -92.7655 44.4146 -11.4 1.4 0.9 2.6
2011.5616 -88.9072 47.3015 -1.3 1.6 1.2 3.0
2011.5644 -92.9309 47.6346 -6.9 1.5 1.0 2.7
2011.5671 -91.7182 46.6353 -9 1.3 0.9 2.5
2011.5699 -84.3874 49.5223 -11.6 1.4 1.0 2.7
2011.5726 -83.726 46.6353 -4.5 1.4 0.9 2.6
2011.5753 -92.3246 50.1885 -10.2 1.2 0.9 2.5
2011.5781 -89.2379 46.5243 -7.3 1.2 0.9 2.5
2011.5808 -91.2773 51.1878 -14.5 1.7 1.1 2.9
2011.5836 -83.6709 47.6346 -2 2.0 1.5 3.4
2011.5863 -91.0568 47.8567 0 1.5 0.9 2.6
2011.5890 -102.852 50.7437 -1.5 1.4 1.0 2.7
2011.5918 -96.3483 45.1918 -2.2 1.6 1.0 2.7
2011.5945 -88.5213 47.5236 -8.1 1.4 1.0 2.7
2011.5973 -91.1119 51.4099 -10.1 1.4 1.0 2.7
2011.6000 -91.608 46.8574 -2.8 1.2 0.8 2.4
2011.6027 -93.7025 50.0774 -13.8 1.4 0.9 2.5
2011.6055 -92.2143 44.1925 -4.4 1.4 0.9 2.6
2011.6082 -91.3875 45.8581 -8 1.2 0.8 2.4
2011.6110 -83.1748 39.9731 -23.8 1.3 1.0 2.7
2011.6137 -86.8126 39.1959 -11 1.4 1.0 2.6
2011.6164 -88.356 46.0801 -6.5 1.2 0.8 2.4
2011.6192 -91.3875 46.6353 -8.4 1.4 0.9 2.7
2011.6219 -85.4347 46.3022 -5.8 1.7 1.2 3.1
2011.6274 -91.1119 47.8567 -13.4 1.2 0.9 2.5
2011.6301 -93.6474 45.3029 -5.9 1.3 0.9 2.6
2011.6329 -96.5136 50.0774 -11.7 1.4 1.0 2.7
2011.6356 -93.2616 47.0795 -7.7 1.2 0.8 2.4
2011.6384 -92.6553 46.5243 -6 1.3 0.9 2.6
2011.6411 -92.3797 47.9678 -8.3 1.2 0.9 2.5
2011.6438 -90.0647 44.9698 -4.6 1.4 1.0 2.7
2011.6466 -97.8365 43.1932 -9.6 1.2 0.8 2.4
2011.6493 -91.1671 45.9691 -10.7 2.0 1.2 3.3
2011.6521 -100.537 45.8581 -8.7 1.6 1.0 2.9
2011.6548 -95.6868 45.636 -7.7 1.8 1.1 3.0
2011.6575 -94.0884 43.3042 -10.4 1.4 1.0 2.8
2011.6603 -90.3954 43.8594 -8.9 1.4 0.9 2.7
2011.6630 -94.4191 45.636 -11.5 1.2 0.9 2.5
2011.6658 -96.6238 44.7477 -7.8 1.3 0.9 2.6
2011.6685 -86.1512 38.1965 -6.8 1.3 0.9 2.6
2011.6712 -96.3483 46.1912 1.1 1.6 1.1 3.1
2011.6740 -87.8048 47.6346 -3.3 1.8 1.2 3.3
2011.7014 -93.6474 45.747 2.4 1.2 0.9 2.5
2011.7041 -90.5056 46.9684 -2.7 1.1 0.8 2.4
2011.7068 -92.2694 47.6346 -3.1 1.3 0.9 2.5
2011.7096 -96.9546 47.5236 -4.9 1.3 0.9 2.5
2011.7123 -94.1986 47.6346 1 1.6 1.0 2.9
2011.7151 -91.9387 45.8581 -5.1 1.2 0.9 2.5
2011.7178 -98.7735 49.3002 -9.3 1.5 1.0 2.8
2011.7205 -95.4663 46.1912 3.3 1.3 0.9 2.5
2011.7233 -94.5293 44.3036 -2.5 1.3 0.9 2.6
2011.7260 -94.6396 46.0801 -3.5 1.4 0.9 2.5
2011.7288 -87.419 42.749 -10.9 1.2 0.9 2.4
2011.7315 -87.2536 46.0801 -9 1.6 1.0 2.8
2011.7397 -88.5213 45.8581 -8.4 1.2 0.8 2.4
2011.7425 -88.1355 47.0795 -7.1 1.4 1.0 2.7
2011.7452 -92.8757 44.8587 -10.3 1.2 0.9 2.4
2011.7479 -95.3561 45.1918 -7.6 1.2 0.9 2.6
2011.7507 -101.529 46.6353 -3.6 1.3 0.9 2.6
2011.7534 -101.805 47.1905 3.5 1.4 0.9 2.6
2011.7562 -100.262 48.0788 -8.8 1.4 0.9 2.6
2011.7589 -89.0174 46.5243 -8.1 1.3 0.9 2.6
2011.7616 -92.8206 45.1918 -8.9 1.5 0.9 2.7
2011.7644 -98.9389 48.3009 -7.9 1.2 0.8 2.5
2011.7671 -94.4742 48.3009 -6.2 1.2 0.8 2.5
2011.7699 -95.3561 48.745 -15.3 1.2 0.8 2.5
2011.7726 -93.3718 46.8574 -13.2 1.3 0.9 2.5
2011.7753 -95.7419 45.747 -6.1 1.2 0.8 2.5
2011.7781 -92.1592 45.4139 -6.3 1.2 0.8 2.5
2011.7808 -88.4662 41.9718 -12.6 1.2 0.8 2.5
2011.7836 -91.8285 40.1952 -6.8 1.2 0.9 2.5
2011.7863 -97.0097 50.5216 -3.6 1.2 0.9 2.5
2011.7890 -101.915 48.856 4.1 1.3 0.8 2.5
2011.7918 -97.4506 48.3009 -4.8 1.3 0.9 2.5
2011.7945 -94.9703 49.0781 -1.7 1.1 0.8 2.4
2011.7973 -88.8521 39.7511 -11.4 1.3 0.9 2.5
2011.8000 -93.2065 42.8601 0.8 1.1 0.8 2.4
2011.8027 -91.3324 50.5216 -9.4 1.2 0.9 2.6
2011.8055 -97.2853 50.9657 -7.5 1.7 1.0 3.0
2011.8082 -93.0411 49.5223 -4.5 1.2 0.9 2.5
2011.8110 -94.0332 48.1898 -8.8 1.2 0.8 2.5
2011.8137 -94.4191 51.743 -6.1 1.2 0.8 2.4
2011.8164 -95.3561 50.7437 0.3 1.8 1.2 3.1
2011.8192 -97.2853 47.7457 -3.1 1.2 0.9 2.5
2011.8219 -96.3483 48.856 -6.9 1.2 0.8 2.5
2011.8247 -95.4112 49.4112 -8.9 1.2 0.9 2.5
2011.8274 -92.8206 48.745 -2.2 1.2 1.0 2.8
2011.8301 -97.0648 49.6333 -5.9 1.2 0.9 2.5
2011.8329 -93.4821 41.1945 -7.3 1.1 0.8 2.5
2011.8356 -94.2537 50.7437 -13.1 1.5 1.0 2.9
2011.8384 -91.2773 40.4173 -11.6 1.3 0.9 2.6
2011.8411 -91.1671 40.9725 -9.8 1.1 0.8 2.4
2011.8438 -80.4739 59.2935 -18.8 3.8 2.9 6.8
2011.8548 -84.8835 48.1898 -9.3 1.2 0.9 2.6
2011.8575 -87.5843 37.0862 -5.3 1.2 0.9 2.5
2011.8603 -93.2616 46.9684 -6.4 1.3 0.9 2.6
2011.8630 -83.9464 42.4159 -16 1.3 1.0 2.6
2011.8658 -89.6788 48.3009 -17.5 1.2 0.9 2.6
2011.8685 -87.0882 40.8614 -7.2 1.1 0.9 2.5
2011.8712 -85.3795 40.4173 -3.4 1.3 0.9 2.6
2011.8740 -91.1671 43.5263 -7.4 1.2 0.9 2.5
2011.8767 -86.1512 40.3062 -18 1.2 0.9 2.5
2011.8795 -87.5843 40.1952 -17 1.1 0.9 2.5
2011.8822 -88.1906 41.7497 -12.3 1.2 0.9 2.6
2011.8849 -89.1828 39.4179 -6.5 1.1 0.9 2.5
2011.8877 -93.3167 49.3002 -15 1.1 0.9 2.5
2011.8904 -94.364 48.634 -14.1 1.2 0.9 2.5
2011.8932 -91.8285 54.2968 -14.8 1.2 0.9 2.5
2011.8959 -91.9387 52.7423 -17.7 1.2 0.9 2.5
2011.8986 -91.9938 50.7437 -7.9 1.2 0.9 2.5
2011.9014 -98.1672 51.743 -10.4 1.1 0.9 2.5
2011.9041 -97.616 51.2988 -18.5 1.1 0.9 2.4
2011.9068 -97.5058 50.9657 -9 1.3 0.9 2.6
2011.9096 -104.341 50.6326 -20.5 1.2 0.9 2.5
2011.9123 -96.7341 51.632 -11.5 1.2 0.9 2.5
2011.9151 -94.4742 55.6293 -2.3 1.2 0.9 2.6
2011.9178 -95.6868 50.0774 -14.2 1.1 0.9 2.4
2011.9205 -98.553 51.0768 -5.7 1.2 0.9 2.5
2011.9233 -96.8994 52.1871 -10.2 1.2 0.9 2.5
2011.9260 -106.766 54.0748 -6.7 1.1 0.9 2.5
2011.9288 -94.0332 51.0768 -17.4 1.4 1.0 2.7
2011.9315 -95.0254 51.1878 -14 1.1 0.9 2.5
2011.9342 -96.4034 50.4106 -10.7 1.2 0.9 2.5
2011.9370 -101.144 52.6313 -9.5 1.1 0.9 2.5
2011.9397 -100.648 52.1871 -9.5 1.2 0.9 2.5
2011.9425 -93.3718 49.3002 -9.4 1.1 0.9 2.5
2011.9452 -103.789 53.8527 -2 1.4 1.0 2.6
2011.9479 -96.1829 54.852 -10.4 1.2 0.9 2.6
2011.9507 -94.1435 55.0741 -3.7 1.2 0.9 2.5
2011.9534 -98.2223 53.9637 -2.3 1.1 0.8 2.4
2011.9562 -95.8522 53.5196 -5.5 1.2 0.9 2.5
2011.9589 -95.3561 54.9631 -5.1 1.1 0.9 2.5
2011.9616 -91.2222 56.8507 -4.9 1.1 0.8 2.4
2011.9644 -101.364 53.7417 -2.5 2.0 1.3 3.1
2011.9671 -94.9703 55.2962 -4.9 1.2 0.9 2.5
2011.9699 -92.7655 54.741 -10.5 1.1 0.9 2.5
2012.4329 -117.183 49.6333 -23.8 1.1 0.8 2.4
2012.4356 -115.75 47.5236 -29.1 1.1 0.8 2.4
2012.4384 -120.931 47.5236 -24.7 1.1 0.8 2.4
2012.4411 -116.853 47.9678 -25.7 1.1 0.8 2.4
2012.4438 -117.018 47.6346 -26.4 1.1 0.8 2.4
2012.4466 -117.955 48.4119 -25.5 1.1 0.9 2.4
2012.4493 -116.908 48.9671 -23.6 1.2 0.9 2.5
2012.4521 -118.727 49.1892 -24.9 1.1 0.8 2.4
2012.4548 -117.294 49.3002 -27.4 1.5 1.0 2.9
2012.4575 -118.341 49.3002 -28.8 1.1 0.8 2.4
2012.4603 -115.971 47.7457 -27.2 1.1 0.8 2.4
2012.4630 -116.522 48.3009 -27.2 1.3 1.0 2.6
2012.4658 -118.451 47.1905 -30.4 1.2 0.9 2.4
2012.4685 -116.797 48.5229 -24.1 1.2 0.9 2.4
2012.4712 -118.12 48.4119 -21.9 1.1 0.8 2.3
2012.4740 -117.404 45.747 -27 1.1 0.8 2.4
2012.4767 -112.167 46.0801 -25.9 1.3 0.9 2.6
2012.4795 -107.813 50.9657 -30.4 2.2 1.9 4.9
2012.4822 -113.711 46.0801 -13.5 1.5 1.3 3.4
2012.4849 -118.506 49.4112 -19.3 1.1 0.8 2.4
2012.4877 -119.168 49.5223 -20.2 1.1 0.8 2.3
2012.4904 -115.144 48.745 -20.8 1.3 0.9 2.5
2012.4932 -118.12 47.7457 -20.9 1.1 0.8 2.3
2012.4959 -114.317 44.9698 -28.9 1.5 1.0 3.0
2012.5699 -119.553 46.3022 -21.3 1.1 0.8 2.3
2012.5726 -119.057 47.0795 -24.1 1.1 0.8 2.3
2012.5753 -119.664 49.8554 -18.6 1.1 0.8 2.4
2012.5781 -122.089 47.7457 -19.5 1.5 0.9 2.7
2012.5808 -119.112 48.1898 -18 1.2 0.8 2.5
2012.5836 -115.971 51.743 -22.7 1.2 0.8 2.5
2012.5863 -118.01 48.4119 -21.1 1.1 0.8 2.4
2012.5890 -121.813 50.0774 -15.2 1.2 0.9 2.4
2012.5918 -121.483 48.745 -19.4 1.1 0.8 2.3
2012.5945 -119.333 47.7457 -18 1.1 0.8 2.3
2012.5973 -121.648 48.4119 -18.3 1.2 0.8 2.5
2012.6000 -115.475 47.9678 -16.3 1.2 0.8 2.4
2012.6027 -124.735 47.9678 -25.7 1.1 0.8 2.3
2012.6055 -117.183 47.8567 -20.7 1.2 0.8 2.4
2012.6082 -118.947 48.0788 -20.9 1.1 0.8 2.3
2012.6110 -119.609 50.1885 -23.2 1.1 0.8 2.3
2012.6137 -124.073 48.0788 -24.1 1.2 0.9 2.4
2012.6164 -120.821 47.7457 -24.3 1.1 0.8 2.3
2012.6192 -117.349 47.9678 -17.2 1.1 0.8 2.4
2012.6219 -118.947 48.3009 -18.2 1.1 0.8 2.4
2012.6247 -117.955 52.5203 -25.7 1.1 0.8 2.4
2012.6274 -120.601 48.3009 -17.5 1.3 0.9 2.6
2012.6301 -118.286 47.7457 -20.1 1.1 0.8 2.4
2012.6329 -117.514 48.4119 -19.8 1.3 0.9 2.6
2012.6356 -122.971 44.7477 -18.8 1.5 1.0 2.7
2012.6384 -123.191 49.6333 -14.5 1.2 0.9 2.5
2012.6411 -121.317 51.4099 -23.6 1.2 0.9 2.6
2012.6438 -115.86 44.8587 -25 1.1 0.9 2.5
2012.6466 -119.223 47.7457 -12.9 1.1 0.8 2.4
2012.6493 -116.577 46.8574 -21.7 1.1 0.8 2.4
2012.6521 -121.924 48.634 -16.5 1.2 0.8 2.4
2012.6548 -119.057 49.5223 -19.7 1.1 0.8 2.4
2012.6575 -122.089 47.7457 -17.3 1.1 0.8 2.4
2012.6603 -118.01 51.5209 -24.9 1.2 0.8 2.4
2012.6630 -115.034 48.4119 -19.7 1.2 0.8 2.4
2012.6658 -125.727 48.0788 -25.7 1.3 0.9 2.6
2012.6685 -123.467 50.6326 -17.9 1.1 0.8 2.3
2012.6712 -118.065 51.1878 -18.6 1.2 0.9 2.5
2012.6740 -117.349 45.8581 -11.9 1.2 0.8 2.4
2012.6767 -119.112 49.4112 -17.1 1.8 1.0 2.8
2012.6795 -118.12 48.856 -23 1.1 0.8 2.4
2012.6822 -118.672 47.0795 -14.7 1.8 1.1 3.1
2012.6849 -120.105 46.6353 -17 1.1 0.8 2.4
2012.6877 -119.388 50.1885 -12.7 1.2 0.8 2.4
2012.6904 -119.498 47.1905 -19.3 1.1 0.8 2.4
2012.6932 -116.026 48.5229 -25.7 1.1 0.8 2.4
2012.6959 -115.805 46.1912 -24.5 1.1 0.8 2.4
2012.6986 -122.254 47.9678 -17.5 1.1 0.8 2.4
2012.7014 -123.522 51.2988 -15.1 1.3 0.9 2.5
2012.7041 -122.254 48.745 -24.4 1.1 0.8 2.4
2012.7068 -121.042 46.6353 -24.1 1.5 1.1 3.2
2012.8192 -123.136 51.2988 -24.5 1.2 0.9 2.6
2012.8219 -126.278 51.1878 -23.3 1.5 1.0 3.0
2012.8247 -124.9 51.2988 -24.4 1.3 0.9 2.7
2012.8274 -124.349 50.9657 -27.8 1.1 0.9 2.5
2012.8301 -124.624 51.1878 -24.6 1.1 0.9 2.5
2012.8329 -120.215 51.854 -25.1 1.3 0.9 2.8
2012.8356 -126.388 51.0768 -22.3 1.2 0.9 2.6
2012.8384 -128.758 52.0761 -22.8 1.4 1.1 3.0
2012.8411 -126.113 50.4106 -23.4 1.2 0.9 2.6
2012.8438 -125.782 51.743 -24.7 1.1 0.9 2.5
2012.8466 -125.617 52.1871 -27.8 1.1 0.9 2.5
2012.8493 -125.341 50.8547 -29.8 1.2 0.9 2.5
2012.8521 -127.876 52.5203 -26.3 1.1 0.9 2.6
2012.8548 -123.798 53.4085 -28.1 1.1 0.9 2.5
2012.8575 -127.105 55.0741 -20.9 1.1 0.9 2.5
2012.8603 -128.813 52.4092 -22.4 1.1 0.9 2.5
2012.8630 -128.262 54.2968 -20 1.2 0.9 2.7
2012.8658 -130.247 53.0754 -22.8 1.1 0.9 2.5
2012.8685 -130.136 49.5223 -28.2 1.3 0.9 2.6
2012.8712 -126.774 53.7417 -26.3 1.5 1.1 3.1
2012.9425 -131.625 50.7437 -14 1.8 1.2 3.7
2012.9452 -131.68 51.854 -19.1 1.1 0.8 2.5
2012.9479 -128.428 54.9631 -28 1.2 0.9 2.6
2012.9507 -126.994 52.0761 -24.3 1.2 0.9 2.5
2012.9534 -128.372 52.7423 -22 1.2 0.9 2.5
2012.9562 -134.436 51.743 -22.7 1.1 0.9 2.4
2012.9589 -127.766 52.2982 -34.2 1.1 0.8 2.5
2012.9616 -130.191 52.1871 -22.9 1.1 0.8 2.5
2012.9644 -126.609 51.854 -24.6 1.2 0.9 2.5
2012.9671 -126.443 53.0754 -24.5 1.1 0.9 2.5
2012.9699 -128.097 54.0748 -21.6 1.1 0.8 2.4
2012.9726 -126.443 55.7403 -22.6 1.2 0.9 2.5
2012.9753 -127.491 55.2962 -23.9 1.1 0.9 2.5
2012.9781 -125.727 55.4072 -22.2 1.1 0.8 2.5
2012.9808 -127.876 55.5182 -24.5 1.2 0.9 2.5
2012.9836 -130.963 54.6299 -19.6 1.1 0.8 2.4
2012.9863 -130.026 54.6299 -21.4 1.1 0.8 2.5
2012.9890 -133.002 55.7403 -22.5 1.1 0.8 2.5
2012.9918 -137.192 53.0754 -13.1 1.2 0.8 2.5
2012.9945 -134.546 56.5176 -18.6 1.2 0.8 2.5
2012.9973 -133.058 56.6286 -19.1 1.2 0.8 2.5
2013.0000 -134.711 54.9631 -24.5 1.2 0.9 2.5
2013.0027 -132.506 55.1851 -22.2 1.2 0.9 2.5
2013.0027 -136.64 55.7403 -15.5 1.6 1.0 2.7
2013.0055 -131.404 54.4079 -21 1.2 0.8 2.4
2013.0082 -129.309 55.6293 -21.7 1.2 0.8 2.4
2013.0110 -133.829 54.5189 -20.8 1.2 0.8 2.5
2013.0137 -133.058 57.4059 -26.6 1.2 0.8 2.5
2013.0164 -132.837 56.7396 -21.1 1.2 0.8 2.5
2013.0192 -133.443 56.2955 -18.5 1.2 0.8 2.5
2013.0219 -132.341 56.7396 -20 1.2 0.8 2.5
2013.0247 -129.089 54.741 -29.5 1.2 0.8 2.5
2013.0274 -133.884 54.852 -28.6 1.2 0.9 2.5
2013.0301 -130.908 55.8513 -24 1.2 0.8 2.5
2013.0329 -135.317 57.961 -16.7 1.2 0.8 2.5
2013.0356 -129.365 54.852 -21.8 1.3 0.9 2.5
2013.0384 -129.585 55.1851 -16.9 1.2 0.8 2.5
2013.0411 -131.404 55.8513 -27.8 1.2 0.9 2.5
2013.0438 -133.223 54.2968 -28 1.2 0.8 2.5
2013.0466 -134.656 53.5196 -29.4 1.3 0.9 2.5
2013.0493 -128.758 57.2948 -30.9 1.2 0.9 2.5
2013.0521 -131.845 58.4052 -26.1 1.2 0.8 2.5
2013.0548 -132.562 56.1845 -32 1.3 0.9 2.6
2013.0575 -139.121 59.8487 -27.1 1.3 0.9 2.6
2013.0603 -135.593 58.7383 -27.9 1.2 0.8 2.5
2013.0630 -136.585 55.8513 -26.5 1.2 0.8 2.5
2013.0658 -135.317 57.1838 -29.3 1.3 0.9 2.6
2013.0685 -131.9 56.5176 -28.8 1.2 0.8 2.5
2013.0712 -133.223 54.5189 -34.1 1.2 0.9 2.6
2013.0740 -136.42 57.4059 -33.3 1.4 0.9 2.8
2013.0767 -131.955 58.1831 -32.9 1.2 0.8 2.4
2013.0795 -134.215 58.5162 -32.7 1.2 0.8 2.4
2013.0822 -134.38 58.1831 -27.3 1.2 0.8 2.5
2013.0849 -141.105 61.0701 -33.7 1.2 0.8 2.5
2013.0877 -141.491 60.0707 -29.3 1.2 0.9 2.5
2013.0904 -142.262 60.5149 -24.1 1.5 1.0 2.9
2013.0932 -140.058 60.7369 -25.6 1.2 0.8 2.5
2013.0959 -134.711 58.7383 -24.3 1.2 0.9 2.6
2013.0986 -136.034 57.6279 -25.5 1.3 0.9 2.7
2013.1014 -138.514 58.0721 -27.6 1.5 1.0 2.8
2013.1041 -134.105 57.5169 -28.8 1.6 1.1 2.9
2013.1068 -137.357 60.5149 -18.1 1.2 0.8 2.5
2013.1096 -140.388 59.9597 -21.4 1.2 0.8 2.5
2013.1123 -136.31 57.2948 -21.3 1.4 0.9 2.6
2013.1151 -138.018 56.2955 -22.7 1.4 0.9 2.7
2013.1178 -136.806 57.2948 -32.3 1.2 0.8 2.5
2013.1205 -134.38 56.9617 -22.4 1.4 0.9 2.7
2013.1233 -138.459 60.0707 -23.9 1.4 0.9 2.6
2013.1260 -136.585 57.739 -34.2 1.2 0.8 2.5
2013.1288 -137.467 58.5162 -25.9 1.2 0.8 2.5
2013.1315 -137.908 59.6266 -32.2 1.2 0.8 2.5
2013.1342 -136.144 60.2928 -33.5 1.2 0.8 2.4
2013.1370 -133.223 59.5155 -29.6 1.2 0.8 2.4
2013.1397 -131.239 57.6279 -29.2 1.2 0.9 2.5
2013.1425 -135.538 57.6279 -20.2 1.7 1.2 3.7
2013.1479 -136.475 57.0727 -25.1 1.5 1.0 3.0
2013.1507 -136.53 59.8487 -25.1 1.6 1.2 3.3
2013.1589 -136.42 57.961 -28.7 1.2 0.8 2.5
2013.1616 -137.192 55.9624 -22.6 1.2 0.8 2.5
2013.1644 -136.971 56.5176 -26.3 1.3 0.9 2.5
2013.1671 -136.255 60.6259 -28 1.2 0.8 2.5
2013.1699 -137.357 59.2935 -26.7 1.2 0.8 2.5
2013.1726 -138.9 60.2928 -32.1 1.2 0.8 2.5
2013.1753 -135.042 56.2955 -30.2 1.3 0.9 2.5
2013.1781 -136.31 57.5169 -29.9 1.2 0.8 2.5
2013.1808 -136.585 56.5176 -25.2 1.2 0.8 2.5
2013.1836 -137.798 60.959 -25.1 1.2 0.9 2.6
2013.1863 -135.373 58.0721 -34.8 1.2 0.8 2.5
2013.1890 -135.097 58.9604 -32.4 1.2 0.8 2.5
2013.1918 -140.444 57.0727 -31.9 1.2 0.8 2.5
2013.1945 -130.687 59.1824 -33 1.2 0.8 2.5
2013.1973 -134.821 58.6273 -31.8 1.2 0.8 2.5
2013.2000 -139.396 59.4045 -32.5 1.2 0.8 2.4
2013.2027 -136.585 59.1824 -32.9 1.2 0.8 2.5
2013.2055 -136.64 59.1824 -32.4 1.2 0.8 2.5
2013.2082 -133.774 59.6266 -35 1.7 1.2 3.1
2013.2110 -133.774 62.4025 -29.3 1.2 0.8 2.5
2013.2137 -136.089 60.7369 -30.9 1.1 0.8 2.4
2013.2164 -133.719 61.1811 -33.9 1.2 0.8 2.5
2013.2192 -136.971 61.8473 -28.8 1.2 0.8 2.5
2013.2219 -138.239 63.1798 -30 1.2 0.8 2.5
2013.2247 -137.632 61.8473 -20.7 1.2 0.9 2.6
2013.2274 -140.333 60.7369 -23.2 1.2 0.8 2.5
2013.2301 -137.577 59.9597 -24.2 1.1 0.8 2.4
2013.2329 -135.924 60.0707 -29.2 1.3 0.9 2.6
2013.2356 -135.703 57.85 -25.8 1.4 0.9 2.6
2013.2384 -141.766 59.2935 -32.1 1.3 0.9 2.6
2013.2411 -138.073 59.6266 -33 1.4 1.0 2.9
2013.2438 -136.365 60.1818 -28.3 1.2 0.9 2.5
2013.2466 -138.404 58.8493 -20.9 1.2 0.9 2.5
2013.2493 -136.861 59.8487 -27.3 1.2 0.9 2.5
2013.2521 -136.64 61.6252 -29.6 1.2 0.9 2.6
2013.2548 -137.632 60.5149 -28.3 1.2 0.8 2.5
2013.2575 -135.924 60.959 -29.3 1.2 0.9 2.6
2013.2603 -137.908 60.6259 -28.4 1.2 0.8 2.5
2013.2630 -136.751 59.5155 -29.8 1.2 0.8 2.5
2013.2658 -138.955 58.8493 -24 1.2 0.8 2.5
2013.2685 -137.522 59.6266 -24.6 1.2 0.9 2.5
2013.2712 -138.9 57.5169 -23.7 1.2 0.8 2.5
2013.2740 -138.129 59.1824 -25.4 1.3 0.8 2.6
2013.2767 -137.412 58.8493 -28.5 1.2 0.8 2.6
2013.2795 -135.317 59.9597 -32.5 1.2 0.8 2.6
2013.2822 -135.924 58.9604 -31.9 1.2 0.8 2.6
2013.2849 -133.554 60.0707 -31.1 1.2 0.8 2.6
2013.2877 -137.467 61.5142 -30.8 1.2 0.8 2.5
2013.2904 -135.703 61.6252 -31.8 1.2 0.8 2.5
2013.2932 -137.302 59.8487 -35.7 1.2 0.8 2.5
2013.2959 -135.262 59.4045 -31.2 1.2 0.8 2.5
2013.2986 -137.963 58.9604 -32.9 1.2 0.9 2.6
2013.3014 -137.908 60.1818 -34.5 1.3 0.9 2.7
2013.3041 -139.176 61.2921 -34.6 1.3 0.9 2.7
2013.3068 -136.806 61.0701 -34.5 1.6 1.0 3.0
2013.3096 -139.176 62.6246 -32 1.2 0.9 2.6
2013.3123 -138.294 63.7349 -28.1 1.3 1.0 2.8
2013.3151 -135.814 60.0707 -32.2 1.4 0.9 2.8
2013.3178 -137.632 59.6266 -30.4 1.2 0.9 2.6
2013.3205 -138.845 60.0707 -31.2 1.2 0.8 2.5
2013.3233 -138.294 58.8493 -36.6 1.2 0.9 2.6
2013.3260 -140.719 59.0714 -32.1 1.2 0.8 2.5
2013.3288 -138.845 60.1818 -34.2 1.2 0.9 2.6
2013.3315 -138.349 61.7363 -29.2 1.6 1.0 2.9
2013.3342 -140.94 61.6252 -25.4 1.2 0.9 2.6
2013.3370 -141.766 63.0687 -23.1 1.2 0.9 2.6
2013.3397 -142.869 63.1798 -24.9 1.2 0.9 2.6
2013.3425 -140.223 61.5142 -30.5 1.2 0.9 2.6
2013.3452 -138.955 60.6259 -28.5 1.2 0.9 2.6
2013.3479 -138.79 61.5142 -30.4 1.2 0.9 2.6
2013.3507 -140.444 61.8473 -28.9 1.3 0.9 2.6
2013.3534 -138.459 63.957 -25.8 1.4 1.0 2.8
2013.3562 -140.829 63.2908 -25.6 1.2 0.9 2.6
2013.3589 -137.688 62.4025 -29.1 1.2 0.9 2.6
2013.3616 -141.766 61.2921 -27.5 1.3 0.9 2.7
2013.3644 -141.381 61.8473 -30.2 1.2 0.9 2.6
2013.3671 -138.349 64.2901 -30.7 1.2 0.9 2.6
2013.3699 -140.223 62.8466 -31.7 1.2 0.9 2.5
2013.3726 -141.27 63.0687 -26.5 1.2 0.9 2.5
2013.3753 -144.688 62.6246 -26.1 1.2 0.9 2.5
2013.3781 -140.223 61.9584 -33 1.3 0.9 2.6
2013.3808 -139.617 63.5129 -36.9 1.3 0.9 2.7
2013.3836 -137.026 62.0694 -29.5 1.1 0.9 2.5
2013.3863 -138.294 63.846 -30.2 1.1 0.9 2.5
2013.3890 -140.995 63.5129 -30.6 1.2 0.9 2.5
2013.3918 -138.239 63.2908 -28.8 1.2 0.9 2.6
2013.3973 -138.404 64.9563 -31.1 1.2 0.9 2.6
2013.4000 -140.885 64.9563 -33.6 1.6 1.1 3.1
2013.4027 -143.42 60.959 -27.7 1.4 1.2 3.2
2013.4055 -139.782 60.5149 -32.5 1.1 0.8 2.5
2013.4110 -142.042 63.2908 -22.2 1.6 1.3 3.6
2013.4137 -137.908 61.4032 -32.7 1.1 0.9 2.6
2013.4164 -141.822 61.4032 -20.8 1.5 1.2 3.1
2013.4192 -142.593 63.0687 -24.2 1.2 0.9 2.5
2013.4219 -141.546 62.9577 -30.3 1.2 0.9 2.5
2013.4247 -138.9 64.5122 -25.9 1.1 0.9 2.6
2013.4274 -139.507 61.9584 -25.4 1.2 0.9 2.6
2013.4301 -142.593 63.1798 -28.4 1.1 0.9 2.6
2013.4329 -141.381 60.2928 -27.9 1.4 1.0 2.8
2013.4356 -140.829 61.6252 -27.9 1.1 0.8 2.5
2013.4384 -140.995 62.1804 -36.5 1.1 0.9 2.5
2013.4411 -141.766 63.0687 -36.9 1.2 0.9 2.6
2013.4438 -141.877 60.5149 -28.9 1.3 1.0 2.9
2013.4466 -140.664 60.5149 -34.6 1.2 0.9 2.6
2013.4658 -147.168 63.0687 -23.7 1.2 0.9 2.6
2013.4685 -141.436 61.0701 -26.9 1.2 0.9 2.6
2013.4712 -142.428 61.2921 -24.4 1.2 0.9 2.6
2013.4740 -140.664 61.0701 -29.1 1.1 0.8 2.5
2013.4767 -141.822 58.7383 -24.1 1.7 1.1 3.3
2013.4795 -143.089 61.0701 -30.3 1.2 0.9 2.5
2013.4822 -143.751 58.9604 -23.3 1.2 0.9 2.6
2013.4849 -146.672 57.5169 -26.1 1.1 0.8 2.5
2013.4877 -142.483 58.6273 -27.2 1.5 1.0 3.1
2013.4904 -142.373 60.4038 -25.1 1.3 0.9 2.7
2013.4932 -140.444 61.9584 -20 1.7 1.3 3.3
2013.4959 -144.798 59.8487 -19.9 1.2 0.8 2.5
2013.4986 -144.908 58.9604 -19.6 1.1 0.8 2.5
2013.5014 -141.436 60.2928 -19.5 1.2 0.8 2.5
2013.5041 -141.822 59.4045 -23.7 1.2 0.8 2.5
2013.5068 -141.987 60.959 -25.2 1.2 0.8 2.5
2013.5096 -139.507 62.6246 -22.2 1.2 0.9 2.5
2013.5123 -143.31 61.0701 -21.1 1.8 1.1 3.0
2013.5151 -146.507 63.1798 -22.6 1.2 0.8 2.5
2013.5178 -143.806 60.7369 -23.2 1.2 0.8 2.5
2013.5205 -141.932 59.5155 -28.5 1.3 0.9 2.6
2013.5233 -147.058 58.8493 -32.4 2.2 1.3 4.1
2013.5452 -138.68 61.1811 -22.8 1.2 0.8 2.5
2013.5479 -144.302 61.0701 -22.5 1.4 1.0 3.0
2013.5507 -138.9 61.8473 -27.3 1.2 0.8 2.5
2013.5534 -144.688 61.0701 -32.4 1.2 0.9 2.5
2013.5562 -144.963 62.4025 -29.8 1.2 0.8 2.5
2013.5589 -140.885 59.8487 -26.6 1.2 0.8 2.5
2013.5616 -143.2 57.1838 -24 1.2 0.8 2.6
2013.5644 -145.9 58.5162 -24.5 1.2 0.9 2.6
2013.5671 -146.011 58.0721 -16.6 1.2 0.8 2.6
2013.5726 -149.428 57.1838 -21.9 1.7 1.1 3.5
2013.5753 -145.349 60.6259 -15 1.4 1.0 2.7
2013.5781 -140.94 60.1818 -19.3 1.4 0.9 2.6
2013.5808 -143.089 61.6252 -17.6 1.2 0.9 2.6
2013.5836 -144.412 61.1811 -22.2 1.2 0.8 2.6
2013.5863 -140.829 56.2955 -18.8 1.2 0.8 2.5
2013.5890 -154.003 61.2921 -21.7 1.2 0.8 2.6
2013.5918 -144.081 62.9577 -23.4 1.2 0.8 2.5
2013.5945 -141.105 59.8487 -20.7 1.2 0.9 2.6
2013.5973 -143.971 59.1824 -24.6 1.2 0.8 2.6
2013.6000 -144.137 59.2935 -23.8 1.2 0.8 2.5
2013.6027 -145.018 60.6259 -22.6 1.2 0.9 2.6
2013.6055 -149.042 62.4025 -14.1 1.2 0.8 2.6
2013.6110 -149.593 60.959 -16.9 1.3 0.9 2.7
2013.6137 -146.286 60.5149 -22.6 1.2 0.9 2.7
2013.6164 -144.633 61.1811 -25.9 1.3 0.9 2.7
2013.6192 -142.814 61.2921 -23.1 1.6 1.1 3.3
2013.6219 -141.766 61.7363 -18.4 1.3 0.9 2.6
2013.6274 -147.333 63.4018 -21.5 1.2 0.8 2.6
2013.6301 -147.278 59.1824 -12.7 2.2 1.2 3.9
2013.6329 -147.333 63.0687 -24 2.0 1.2 3.7
2013.6356 -149.428 61.0701 -16.8 1.5 0.9 2.8
2013.6384 -149.152 61.2921 -16.2 1.3 0.9 2.7
2013.6411 -149.428 61.8473 -14 1.2 0.8 2.5
2013.6438 -151.082 61.2921 -21 1.4 1.0 3.0
2013.7096 -147.058 58.1831 -32.7 2.5 2.0 5.6
2013.9616 -154.278 66.5108 -24.8 1.9 1.2 3.8
2013.9644 -155.932 65.6226 -22.4 1.2 0.8 2.5
2013.9671 -155.601 63.2908 -25.5 1.1 0.8 2.5
2013.9699 -155.767 63.846 -22.1 1.2 0.9 2.5
2013.9726 -156.373 64.7343 -26.5 1.2 0.9 2.6
2013.9753 -154.995 64.4012 -27.7 1.2 0.9 2.6
2013.9781 -156.704 63.5129 -15 1.2 0.8 2.5
2013.9808 -156.097 65.5115 -20.9 1.2 0.8 2.5
2013.9836 -150.696 61.5142 -27.1 1.3 0.9 2.6
2013.9863 -155.215 64.1791 -24.2 1.2 0.8 2.5
2013.9890 -154.995 64.1791 -26.4 1.2 0.8 2.5
2013.9918 -155.712 68.3985 -19.2 1.2 0.8 2.5
2013.9945 -153.507 67.066 -25.8 1.2 0.8 2.5
2013.9973 -152.68 65.6226 -24.3 1.2 0.8 2.5
2014.0000 -155.822 66.2888 -22.4 1.2 0.8 2.5
2014.0027 -154.223 66.6219 -22.4 1.3 0.9 2.6
2014.0055 -153.838 66.1777 -25 1.2 0.8 2.6
2014.0082 -153.617 65.5115 -23.6 1.2 0.9 2.6
2014.0110 -157.145 65.9557 -20.7 1.2 0.8 2.5
2014.0137 -164.42 69.5088 -20.7 1.2 0.9 2.6
2014.0164 -159.46 67.1771 -19.5 1.2 0.9 2.6
2014.0192 -156.153 67.3991 -25.3 1.2 0.9 2.6
2014.0219 -159.184 68.2874 -27.8 1.2 0.8 2.5
2014.0247 -157.31 65.6226 -26 1.2 0.8 2.6
2014.0274 -155.546 67.3991 -23.7 1.2 0.9 2.6
2014.0301 -158.908 68.3985 -26 1.2 0.8 2.5
2014.0329 -159.294 64.9563 -27.7 1.3 0.9 2.6
2014.0356 -157.145 67.2881 -19 1.2 0.8 2.6
2014.0384 -158.964 64.5122 -24.1 1.2 0.8 2.6
2014.0411 -160.066 65.5115 -13.5 1.2 0.9 2.6
2014.0438 -158.688 71.0633 -16.4 1.8 1.3 3.8
2014.0466 -169.602 70.175 -12.5 1.2 0.9 2.6
2014.0493 -159.956 67.066 -18 1.2 0.8 2.6
2014.0521 -155.932 67.6212 -26.7 1.2 0.8 2.5
2014.0548 -162.657 68.3985 -15.6 1.2 0.8 2.5
2014.0575 -163.318 69.2868 -23.9 1.2 0.9 2.6
2014.0603 -166.57 68.3985 -22.6 1.2 0.9 2.6
2014.0630 -162.216 69.6199 -24 1.2 0.8 2.6
2014.0658 -168.058 72.0627 -18.4 1.5 0.9 2.9
2014.0685 -157.09 68.2874 -23.1 1.2 0.8 2.6
2014.0712 -162.932 70.064 -18.7 1.2 0.8 2.5
2014.0740 -161.499 66.7329 -21.5 1.1 0.8 2.5
2014.0767 -157.861 69.6199 -20.7 1.2 0.8 2.5
2014.0795 -161.058 68.5095 -26.2 1.1 0.8 2.5
2014.0822 -158.853 67.9543 -30.9 1.1 0.8 2.5
2014.0849 -159.074 64.068 -29.7 1.3 0.9 2.7
2014.0877 -157.696 64.7343 -30.5 1.2 0.8 2.5
2014.0904 -159.515 64.9563 -28.2 1.2 0.9 2.6
2014.0932 -160.562 64.5122 -29 1.2 0.9 2.7
2014.0959 -158.688 66.0667 -28.9 1.2 0.8 2.5
2014.0986 -156.097 64.7343 -34.8 1.2 0.9 2.6
2014.1014 -158.082 66.6219 -26.6 1.2 0.9 2.6
2014.1041 -160.286 65.1784 -27.5 1.2 0.9 2.6
2014.1068 -159.846 67.3991 -29 1.3 0.9 2.6
2014.1096 -160.672 67.8433 -24.9 1.3 0.9 2.6
2014.1123 -158.357 67.5102 -26.7 1.2 0.9 2.5
2014.1151 -158.798 68.1764 -26.3 1.2 0.8 2.5
2014.1178 -160.672 68.0654 -25 1.2 0.8 2.5
2014.1205 -159.074 69.0647 -26.8 1.2 0.8 2.5
2014.1233 -161.444 68.7316 -20.2 1.2 0.9 2.5
2014.1260 -159.405 68.7316 -29.6 1.2 0.9 2.5
2014.1288 -158.964 68.7316 -21.2 1.2 0.9 2.5
2014.1315 -158.908 69.5088 -24.5 1.2 0.8 2.5
2014.1342 -162.271 68.6205 -20.6 1.3 0.9 2.6
2014.1370 -159.294 69.6199 -24.7 1.9 1.1 3.2
2014.1397 -159.515 70.064 -24.7 1.5 1.0 2.9
2014.1425 -158.798 70.2861 -29.2 1.2 0.9 2.6
2014.1452 -156.593 69.953 -22.3 1.2 0.8 2.5
2014.1479 -157.42 67.9543 -24.6 1.3 0.9 2.6
2014.1507 -162.381 68.9536 -25.4 1.2 0.9 2.5
2014.1534 -160.562 68.7316 -26.1 1.2 0.9 2.5
2014.1562 -161.223 71.0633 -29.1 1.2 0.9 2.6
2014.1589 -160.121 67.6212 -23.7 1.3 0.9 2.7
2014.1616 -162.271 68.5095 -26.3 1.3 0.9 2.8
2014.1644 -160.231 68.3985 -22.5 1.3 0.9 2.6
2014.1671 -160.893 67.066 -20.2 1.2 0.9 2.5
2014.1699 -160.893 67.3991 -21 1.3 0.9 2.6
2014.1726 -160.838 68.2874 -24.4 1.3 0.9 2.6
2014.1753 -161.444 70.2861 -24.8 1.8 1.4 3.8
2014.1781 -159.184 68.3985 -20.6 1.2 0.9 2.6
2014.1808 -165.082 66.3998 -19.4 1.2 1.0 2.6
2014.1836 -159.074 67.1771 -22.7 1.2 0.9 2.6
2014.1863 -162.161 72.6179 -25.7 2.8 2.2 5.4
2014.2329 -159.294 73.7282 -22.8 2.3 1.7 4.2
2014.2384 -160.011 69.953 -17.5 1.2 0.9 2.6
2014.2411 -157.31 69.8419 -20.8 1.3 0.9 2.6
2014.2438 -161.775 67.9543 -26.1 1.2 0.9 2.6
2014.2466 -160.948 70.9523 -25.9 1.3 0.9 2.6
2014.2493 -162.381 69.3978 -24.2 1.3 0.9 2.7
2014.2521 -158.357 69.5088 -22.1 1.3 0.9 2.6
2014.2548 -157.475 69.5088 -23.1 1.3 0.9 2.6
2014.2575 -159.625 69.953 -23.3 1.3 0.9 2.6
2014.2603 -160.948 69.8419 -26.8 1.3 0.9 2.7
2014.2630 -163.979 71.0633 -21.5 1.3 0.9 2.6
2014.2658 -158.027 70.3971 -25.4 1.2 0.9 2.6
2014.2685 -161.168 69.5088 -22.6 1.3 0.9 2.6
2014.2712 -160.231 69.3978 -24.1 1.2 0.9 2.6
2014.2740 -159.019 70.7302 -30.3 1.2 0.9 2.6
2014.2767 -160.783 71.2854 -31.5 1.3 0.9 2.7
2014.2795 -161.554 71.6185 -23.8 1.6 1.2 3.0
2014.2822 -162.822 73.5061 -29.1 1.3 1.0 2.7
2014.2849 -162.491 71.6185 -24.2 1.2 0.9 2.6
2014.2877 -160.727 71.0633 -21.3 1.3 0.9 2.6
2014.2904 -161.72 73.173 -21.5 2.9 1.7 4.7
2014.2932 -163.098 70.9523 -23.7 1.2 0.9 2.6
2014.2959 -162.491 71.8406 -21.5 1.2 0.9 2.6
2014.2986 -161.389 71.1744 -22.9 1.2 0.9 2.6
2014.3014 -164.696 69.3978 -22.8 1.3 1.0 2.8
2014.3041 -160.342 71.8406 -25.9 1.5 1.0 3.0
2014.3068 -160.286 72.3958 -25.2 1.3 0.9 2.6
2014.3096 -161.609 70.2861 -21.7 1.3 1.0 2.7
2014.3123 -162.987 71.3965 -20.9 1.2 0.9 2.6
2014.3151 -162.05 73.2841 -13.3 1.4 1.0 2.9
2014.3178 -160.452 69.953 -22.5 1.2 0.9 2.5
2014.3205 -165.357 71.7296 -22.2 1.3 0.9 2.6
2014.3233 -164.255 73.5061 -23.4 1.2 0.9 2.6
2014.3260 -164.035 70.2861 -25.3 1.2 0.9 2.6
2014.3288 -159.79 71.7296 -29 1.5 1.2 2.9
2014.3315 -163.042 71.9516 -21.9 1.2 0.9 2.6
2014.3342 -160.452 72.0627 -26.8 1.2 0.9 2.5
2014.3370 -162.436 71.1744 -25.5 1.2 0.9 2.5
2014.3397 -166.68 73.173 -22.4 1.6 1.0 2.9
2014.3425 -166.625 73.6172 -22.7 1.2 0.9 2.6
2014.3452 -162.05 72.8399 -19 1.1 0.9 2.5
2014.3479 -165.578 74.6165 -19.2 1.1 0.9 2.5
2014.3507 -163.098 71.6185 -21.9 1.3 1.0 2.8
2014.3562 -163.208 71.8406 -24.8 1.2 0.9 2.6
2014.3589 -163.373 74.8386 -22.1 1.2 0.9 2.6
2014.3616 -162.381 73.3951 -21.7 1.1 0.9 2.6
2014.3644 -165.027 73.2841 -24.5 1.1 0.9 2.6
2014.3671 -162.657 73.062 -20.8 1.1 0.9 2.5
2014.3699 -162.271 72.7289 -22.5 1.2 0.9 2.7
2014.3726 -163.924 72.3958 -25.9 1.1 0.9 2.5
2014.3781 -170.759 71.8406 -25.1 1.1 0.9 2.6
2014.3808 -162.822 71.1744 -28.2 1.2 0.9 2.6
2014.3863 -164.641 72.1737 -25.4 1.3 0.9 2.7
2014.3890 -163.373 70.2861 -21.9 1.2 0.9 2.6
2014.3918 -164.42 71.6185 -18.7 1.2 0.9 2.7
2014.3945 -165.798 70.6192 -28.1 1.5 1.0 3.2
2014.3973 -162.877 70.064 -22.8 1.2 0.9 2.6
2014.4000 -165.909 72.1737 -26 1.2 1.0 2.7
2014.4027 -166.515 73.6172 -19.8 1.2 0.9 2.6
2014.4055 -167.672 71.9516 -21.9 1.2 0.9 2.6
2014.4082 -168.775 71.1744 -24.2 1.2 0.9 2.6
2014.4110 -168.113 72.6179 -19.6 1.2 1.0 2.7
2014.4137 -163.373 72.8399 -22.5 1.1 0.9 2.5
2014.4164 -166.239 72.7289 -23.6 1.2 0.9 2.5
2014.4192 -165.909 73.5061 -28.1 1.1 0.9 2.5
2014.4219 -165.964 71.2854 -24 1.2 0.9 2.7
2014.4247 -167.397 72.951 -22.1 1.2 0.9 2.6
2014.4274 -166.846 71.3965 -22.9 1.3 0.9 2.7
2014.4301 -165.082 73.3951 -16.9 1.1 0.8 2.5
2014.4329 -166.294 72.2847 -20.1 1.5 1.0 3.0
2014.4356 -163.979 73.5061 -24.6 1.4 1.1 2.8
2014.4438 -164.641 73.173 -21.6 1.2 0.9 2.7
2014.4466 -161.058 73.062 -27.2 1.2 0.9 2.6
2014.4493 -165.853 74.1724 -17.8 1.2 0.9 2.6
2014.4521 -167.397 73.5061 -22.2 1.2 0.9 2.5
2014.4548 -166.294 71.5075 -24.7 1.2 0.9 2.6
2014.4575 -169.216 73.062 -19.3 1.2 0.9 2.5
2014.4603 -166.846 66.955 -8.4 1.6 1.1 3.4
2014.4630 -167.397 74.7275 -21.3 1.1 0.8 2.5
2014.4658 -166.846 73.8393 -16.2 1.1 0.8 2.5
2014.4685 -165.853 70.8413 -21.2 1.2 0.8 2.6
2014.4712 -165.137 72.5068 -19.1 1.2 0.8 2.5
2014.4740 -168.389 70.8413 -22.6 1.1 0.8 2.6
2014.4767 -164.972 69.6199 -17.6 1.1 0.8 2.5
2014.4795 -167.011 71.6185 -26.9 1.1 0.8 2.5
2014.4822 -164.586 69.3978 -19.5 1.2 0.8 2.5
2014.4849 -164.145 69.8419 -16.5 1.7 1.1 3.5
2014.4877 -164.365 69.1757 -20.3 1.2 0.8 2.5
2014.4904 -164.476 69.0647 -21.2 1.3 0.9 2.6
2014.4932 -171.035 70.064 -19.5 1.2 0.8 2.5
2014.4959 -164.972 70.6192 -18.8 1.1 0.8 2.5
2014.5014 -166.019 69.2868 -21.1 1.2 0.8 2.5
2014.5041 -165.909 69.3978 -16.6 1.2 0.9 2.6
2014.5068 -166.515 68.8426 -17.1 1.2 0.9 2.5
2014.5096 -166.294 72.7289 -19.4 1.2 0.8 2.5
2014.5123 -165.027 70.8413 -23.3 1.1 0.8 2.5
2014.5151 -168.279 74.0613 -17.5 1.2 0.8 2.5
2014.5178 -165.413 70.6192 -15.8 1.3 0.9 2.6
2014.5205 -163.814 70.5082 -17.7 1.3 0.9 2.5
2014.5233 -170.594 73.8393 -12.7 1.2 0.9 2.6
2014.5260 -174.452 74.5055 -19.3 1.2 0.9 2.6
2014.5288 -164.586 70.5082 -21 1.1 0.8 2.5
2014.5315 -164.972 69.953 -19.2 1.1 0.8 2.5
2014.5342 -165.468 70.5082 -26.8 1.2 0.8 2.5
2014.5370 -164.586 73.2841 -20 1.2 0.9 2.7
2014.5397 -169.106 76.7262 -35.5 4.1 3.0 7.8
2014.5425 -168.389 71.3965 -24 1.2 0.8 2.5
2014.5452 -166.625 69.8419 -19.8 1.2 0.8 2.5
2014.5479 -168.995 70.2861 -15.7 1.2 0.8 2.5
2014.5507 -165.743 71.8406 -14.1 1.2 0.8 2.5
2014.5534 -163.704 72.3958 -16.5 1.2 0.9 2.6
2014.5562 -167.562 72.951 -21.6 1.1 0.8 2.5
2014.5589 -167.397 72.2847 -18.4 1.1 0.8 2.5
2014.5616 -168.609 72.0627 -24.8 1.1 0.8 2.5
2014.5671 -164.696 71.5075 -17.6 1.3 0.9 2.7
2014.5699 -166.625 71.3965 -15.1 1.5 1.1 3.2
2014.5726 -167.893 69.953 -24.5 1.1 0.8 2.5
2014.5753 -165.027 71.5075 -24.6 1.1 0.8 2.5
2014.5781 -168.995 69.953 -19.1 1.1 0.8 2.5
2014.5808 -164.696 69.8419 -21 1.2 0.8 2.5
2014.5836 -167.452 71.6185 -23.2 1.2 0.8 2.6
2014.5863 -170.759 70.064 -28.3 1.2 0.8 2.6
2014.5890 -172.082 71.3965 -12.6 1.2 0.9 2.6
2014.5918 -167.617 70.064 -20.3 1.2 0.8 2.5
2014.5945 -169.822 69.5088 -21.9 1.2 0.9 2.6
2014.5973 -172.523 71.6185 -20.8 1.4 0.9 2.8
2014.6000 -170.318 75.8379 -14.7 1.3 0.9 2.7
2014.6055 -174.617 74.3944 -21.6 1.2 0.9 2.6
2014.6082 -173.46 69.6199 -15 1.2 0.9 2.6
2014.6110 -170.153 69.1757 -11.5 1.2 0.8 2.6
2014.6137 -171.972 71.6185 -21.4 1.2 0.9 2.6
2014.6164 -172.137 73.173 -11.4 1.1 0.8 2.5
2014.6192 -170.373 71.3965 -17.5 1.2 0.8 2.6
2014.6219 -174.948 69.3978 -16.7 1.2 0.9 2.6
2014.6247 -173.405 72.2847 -13.6 1.1 0.8 2.5
2014.6274 -165.743 73.6172 -15 1.2 0.8 2.6
2014.6301 -165.413 70.5082 -20.7 1.2 0.8 2.5
2014.6329 -171.641 70.175 -17.7 1.2 0.8 2.5
2014.6356 -170.594 69.7309 -19.3 1.3 0.9 2.6
2014.6384 -166.405 70.5082 -19.3 1.3 0.9 2.6
2014.6411 -170.759 69.7309 -20.4 1.2 0.8 2.6
2014.6466 -168.113 71.6185 -15.1 1.3 1.0 2.7
2014.6493 -176.161 70.5082 -5.7 1.5 1.0 2.9
2014.6521 -177.208 71.9516 -15.6 1.3 0.9 2.8
2014.6548 -170.043 70.175 -19.3 1.7 1.0 3.0
2014.6575 -172.027 71.1744 -17.2 1.2 0.9 2.6
2014.6603 -173.239 71.2854 -12.9 1.2 0.9 2.6
2014.6630 -166.019 69.953 -12.6 1.3 0.9 2.6
2014.6658 -165.688 73.062 -12 1.3 0.9 2.7
2014.6685 -169.822 72.951 -27.6 1.9 1.4 3.4
2014.6712 -172.247 72.0627 -20.4 1.2 0.9 2.7
2014.6740 -175.995 73.2841 -14.1 1.2 0.8 2.6
2014.6767 -171.421 71.8406 -16.8 1.2 0.9 2.6
2014.6795 -177.649 72.0627 -15 1.2 0.8 2.6
2014.6822 -169.767 72.3958 -13.8 1.1 0.8 2.5
2014.6849 -169.767 72.6179 -17.4 1.2 0.9 2.7
2014.6877 -169.877 72.5068 -5.2 1.1 0.8 2.5
2014.6904 -172.358 71.9516 -18 1.1 0.8 2.6
2014.6932 -174.562 72.6179 -11.5 1.1 0.8 2.6
2014.6959 -171.31 72.951 -26.7 1.5 1.1 2.9
2014.6986 -176.326 75.2827 -9.6 1.2 0.9 2.6
2014.7014 -177.594 73.9503 -8.7 1.2 0.9 2.7
2014.7041 -172.743 71.8406 -19.7 1.2 0.9 2.7
2014.7068 -173.184 71.7296 -6.7 1.1 0.8 2.5
2014.7096 -177.925 73.9503 -12.5 1.1 0.8 2.5
2014.7123 -172.854 71.5075 -12.7 1.1 0.8 2.6
2014.7151 -176.326 76.7262 -15.5 1.1 0.8 2.6
2014.7178 -170.208 72.951 -20.4 1.3 0.9 2.7
2014.7205 -172.137 72.951 -5.7 1.3 0.9 2.7
2014.7233 -172.633 73.3951 -23.6 1.2 1.0 2.7
2014.7260 -167.066 71.1744 -18.5 1.1 0.9 2.6
2014.7288 -175.554 73.5061 -17.1 1.1 0.8 2.6
2014.7315 -168.003 72.5068 -13.3 1.2 0.9 2.7
2014.7342 -164.806 71.2854 -19.9 1.1 0.8 2.6
2014.7370 -168.609 73.062 -14.8 1.6 1.0 3.0
2014.7452 -170.373 77.7255 -34.1 3.2 2.8 6.5
2014.7479 -172.358 72.3958 -20.5 1.2 0.9 2.7
2014.7507 -173.57 73.173 -20.9 1.2 0.9 2.6
2014.7534 -177.153 74.5055 -19.4 1.1 0.9 2.6
2014.7562 -172.468 71.8406 -15.4 1.2 0.9 2.7
2014.7589 -174.066 70.9523 -17 1.1 0.9 2.6
2014.7616 -170.373 74.5055 -26 1.1 0.9 2.6
2014.7644 -171.696 73.8393 -13.8 1.1 0.9 2.6
2014.7671 -170.594 73.2841 -21.3 1.2 0.9 2.7
2014.7699 -170.924 73.8393 -16.4 1.3 0.9 2.7
2014.7726 -171.972 73.6172 -18.5 1.4 1.0 2.8
2014.7753 -176.216 71.8406 -7.5 1.1 0.9 2.6
2014.7781 -175.058 71.5075 -16.7 2.0 1.5 4.2
2014.7808 -173.405 70.6192 -19.2 1.2 0.9 2.7
2014.7836 -162.491 75.0607 -10.3 4.9 2.7 7.1
2014.7863 -176.161 76.7262 -31.3 4.6 2.3 6.4
2014.7890 -174.617 72.1737 -17.3 1.5 1.2 3.1
2014.7918 -177.373 72.3958 -15.3 1.3 0.9 2.8
2014.7945 -172.192 74.5055 -21.4 1.8 1.4 3.8
2014.7973 -172.302 73.2841 -13.4 1.3 1.0 3.0
2014.8000 -173.239 69.8419 -15.6 1.9 1.5 4.1
2014.8027 -177.318 72.1737 -12.1 1.4 1.0 2.8
2014.8055 -174.838 72.8399 -11.4 1.3 1.0 2.9
2014.8082 -173.846 69.6199 -19.5 2.1 1.6 4.4
2014.8110 -178.145 72.1737 -7.1 1.8 1.4 4.0
2014.8137 -175.224 74.1724 -18.6 1.2 0.9 2.6
2014.8164 -174.893 72.8399 -23.8 1.3 0.9 2.7
2014.8192 -170.539 73.6172 -15 3.3 2.0 5.7
2014.8219 -172.027 72.1737 -13.9 1.3 1.0 2.8
2014.8247 -184.484 69.3978 -20.3 2.7 2.1 5.5
2014.8274 -169.381 79.3911 -24.1 3.0 2.0 5.6
2014.8301 -175.94 72.6179 -20.8 1.4 1.0 2.8
2014.8329 -177.263 73.3951 -15.9 1.1 0.9 2.5
2014.8356 -165.633 78.3917 -25.5 3.0 2.0 5.6
2014.8384 -177.098 75.9489 -12.3 1.1 0.9 2.5
2014.8411 -181.121 72.3958 -29.5 3.0 2.1 5.7
2014.8438 -174.452 78.5028 -24.6 1.7 1.3 3.3
2014.8466 -176.877 76.2821 -17.5 1.2 0.9 2.6
2014.8493 -175.885 73.6172 -16 1.1 0.9 2.6
2014.8521 -175.775 74.2834 -20.7 1.2 0.9 2.6
2014.8548 -174.948 76.3931 -16.8 3.0 2.2 5.7
2014.8575 -172.909 76.06 -20.3 1.4 1.0 3.0
2014.8603 -176.436 77.1703 -10.6 1.3 1.0 2.8
2014.8630 -178.751 78.0586 -15.4 1.1 0.9 2.6
2014.8658 -175.224 75.6158 -16 1.1 0.9 2.5
2014.8685 -175.995 73.9503 -14.3 1.1 0.9 2.6
2014.8712 -175.665 74.7275 -16.4 1.2 0.9 2.6
2014.8740 -176.051 74.1724 -17.6 1.2 0.9 2.6
2014.8767 -177.814 77.6145 -20.5 1.3 0.9 2.6
2014.8795 -179.082 78.0586 -11.6 1.2 0.9 2.6
2014.8822 -181.948 75.7269 -14.5 1.2 0.9 2.6
2014.8849 -174.507 78.7249 -15 1.2 0.9 2.7
2014.8877 -180.846 76.7262 -15.2 1.3 0.9 2.6
2014.8904 -179.082 75.8379 -17 1.2 0.9 2.6
2014.8932 -181.121 78.2807 -13.7 1.2 0.9 2.7
2014.8959 -180.295 76.06 -15.1 1.2 0.9 2.7
2014.8986 -179.358 75.5048 -16.5 1.2 0.9 2.7
2014.9014 -175.83 76.5041 -13.3 1.6 1.2 3.4
2014.9041 -172.413 76.06 -10.3 1.6 1.2 3.4
2014.9068 -175.389 75.8379 -17.2 1.2 0.9 2.5
2014.9096 -177.043 77.3924 -14.9 1.2 0.9 2.6
2014.9123 -178.641 74.3944 -15.7 1.1 0.9 2.6
2014.9151 -172.082 74.9496 -15.6 1.3 0.9 2.8
2014.9178 -175.665 74.2834 -13 1.2 0.9 2.7
2014.9205 -179.633 76.5041 -12.5 1.2 0.9 2.5
2014.9233 -177.043 78.7249 -18.6 1.1 0.9 2.5
2014.9260 -177.814 79.8352 -16.8 1.2 0.9 2.6
2014.9288 -173.184 76.3931 -20.5 1.2 0.9 2.6
2014.9315 -176.822 76.171 -14.8 1.2 0.9 2.6
2014.9342 -177.869 77.1703 -11.7 1.2 0.9 2.6
2014.9370 -181.066 79.169 -17.5 1.2 0.9 2.6
2014.9397 -180.791 76.2821 -15.2 1.2 0.9 2.6
2014.9425 -178.09 76.171 -19.3 1.4 1.1 3.1
2014.9452 -174.452 73.7282 -20.9 1.3 0.9 2.7
2014.9479 -179.688 74.0613 -22.4 1.7 1.3 3.4
2014.9507 -177.869 76.3931 -15.8 1.5 1.0 3.0
2014.9589 -183.216 79.5021 -31.9 3.0 2.9 6.0
2014.9616 -179.358 77.0593 -20.7 1.2 0.8 2.5
2014.9644 -181.121 76.3931 -22.5 1.2 0.9 2.6
2014.9671 -177.925 76.7262 -19.5 1.2 0.9 2.6
2014.9699 -180.074 76.6152 -22.1 1.2 0.9 2.7
2014.9726 -180.625 75.9489 -16.5 1.5 1.0 3.0
2014.9753 -180.57 75.1717 -15.1 1.3 0.9 2.7
2014.9781 -181.232 77.7255 -17.2 1.2 0.9 2.5
2014.9808 -171.531 73.7282 -22 1.6 1.2 3.5
2014.9890 -177.043 73.173 -27.1 1.3 0.9 2.7
2014.9918 -179.303 75.7269 -25.2 1.2 0.9 2.6
2014.9945 -180.405 77.5035 -18.3 1.3 0.9 2.7
2014.9973 -185.255 78.7249 -19.9 1.2 0.8 2.5
2015.0000 -179.468 78.2807 -23.6 1.2 0.8 2.5
2015.0027 -179.744 79.3911 -30.9 1.2 0.8 2.5
2015.0055 -176.106 76.2821 -27 1.2 0.8 2.5
2015.0082 -183.547 79.7242 -20.1 1.2 0.8 2.5
2015.0110 -176.877 78.5028 -23.8 1.4 1.0 2.8
2015.0137 -181.121 77.3924 -25.1 1.2 0.9 2.6
2015.0164 -180.46 75.5048 -18.5 1.2 0.9 2.5
2015.0192 -181.232 75.3938 -21 1.4 1.0 2.7
2015.0219 -184.925 77.3924 -18.2 1.2 0.9 2.5
2015.0247 -187.791 77.2814 -20.1 1.2 0.9 2.6
2015.0274 -180.956 74.9496 -22.1 1.2 0.9 2.5
2015.0301 -182.114 74.7275 -19.3 1.2 0.9 2.5
2015.0329 -180.736 77.1703 -20.3 1.2 0.9 2.6
2015.0384 -183.767 76.171 -17.5 1.2 0.9 2.5
2015.0411 -183.822 75.8379 -19.7 1.2 0.9 2.5
2015.0438 -182.775 74.1724 -19.9 1.2 0.8 2.5
2015.0466 -181.562 77.0593 -15.9 1.2 0.9 2.5
2015.0493 -179.688 75.2827 -20.5 1.2 0.9 2.5
2015.0521 -175.995 72.951 -22.4 2.1 1.5 4.2
2015.0548 -184.759 78.7249 -22.8 1.8 1.3 3.6
2015.0630 -187.295 74.5055 -18.6 2.1 1.3 3.9
2015.0658 -183.547 73.173 -15.7 1.3 0.9 2.7
2015.0685 -182.224 74.3944 -22.2 1.3 0.9 2.6
2015.0712 -180.295 76.2821 -25.9 1.3 0.9 2.6
2015.0740 -179.413 76.8372 -28.7 1.2 0.9 2.6
2015.0767 -180.625 76.9483 -15.6 1.4 0.9 2.6
2015.0795 -183.657 75.7269 -14.4 1.2 0.8 2.5
2015.0822 -184.649 76.9483 -22.5 1.2 0.8 2.5
2015.0849 -180.24 75.7269 -19.6 1.3 0.9 2.6
2015.0877 -179.523 76.9483 -16.6 1.7 1.2 3.6
2015.0904 -183.271 74.3944 -17.6 1.3 0.9 2.7
2015.0932 -184.484 73.2841 -16 1.3 0.9 2.7
2015.0959 -182.003 76.7262 -10.3 1.4 1.0 2.9
2015.0986 -183.602 75.8379 -23.2 1.2 0.9 2.6
2015.1014 -184.208 80.1683 -26.8 1.3 0.9 2.7
2015.1041 -180.019 76.6152 -24.4 1.3 0.9 2.6
2015.1068 -179.964 77.7255 -24.4 1.2 0.9 2.5
2015.1096 -183.712 79.058 -22 1.2 0.8 2.5
2015.1123 -181.562 79.6131 -20.2 1.2 0.9 2.6
2015.1151 -180.846 76.9483 -23.1 1.3 0.9 2.7
2015.1178 -183.436 79.9463 -19.8 1.2 0.9 2.6
2015.1205 -182.169 77.5035 -11.8 1.2 0.9 2.6
2015.1233 -186.909 78.3917 -16.4 1.3 0.9 2.7
2015.1260 -181.121 82.278 -20 1.2 0.8 2.5
2015.1288 -187.626 81.9449 -18 1.2 0.9 2.6
2015.1315 -187.019 79.28 -12.3 1.3 0.9 2.7
2015.1342 -185.035 76.6152 -19.7 1.2 0.9 2.6
2015.1370 -186.192 79.169 -13.2 1.2 0.9 2.6
2015.1397 -187.846 81.7228 -18 1.2 0.9 2.5
2015.1425 -189.885 81.5008 -10.8 1.2 0.8 2.6
2015.1452 -189.059 81.9449 -15.9 1.2 0.9 2.5
2015.1479 -181.783 79.5021 -21.9 1.5 0.9 2.8
2015.1507 -186.523 81.5008 -14.5 2.1 1.4 3.5
2015.1616 -184.594 79.7242 -15.4 1.2 0.8 2.5
2015.1644 -186.633 80.6125 -14.2 1.4 0.9 2.7
2015.1671 -186.468 82.7222 -16.8 1.5 1.0 2.9
2015.1699 -186.689 82.9442 -17.8 1.2 0.8 2.5
2015.1726 -183.767 79.7242 -13.2 1.2 0.9 2.6
2015.1753 -185.807 78.9469 -15.1 1.2 0.9 2.6
2015.1781 -187.405 80.9456 -14 1.5 1.0 2.8
2015.1808 -184.208 80.1683 -7.1 1.3 0.9 2.8
2015.1836 -182.114 80.7235 -19.3 1.2 0.8 2.6
2015.1863 -186.523 80.3904 -21.9 1.2 0.8 2.5
2015.1890 -182.003 81.5008 -21.9 1.1 0.8 2.5
2015.1918 -181.618 80.6125 -22.1 1.2 0.8 2.5
2015.1945 -180.295 79.8352 -18.5 1.3 0.9 2.7
2015.1973 -185.311 80.2794 -14.1 1.2 0.8 2.6
2015.2000 -181.893 82.278 -24.5 1.1 0.8 2.6
2015.2027 -183.933 82.056 -20.3 1.1 0.8 2.5
2015.2055 -185.035 81.8339 -19.4 1.2 0.8 2.5
2015.2082 -179.523 79.058 -15.2 2.0 1.3 3.5
2015.2110 -182.059 80.7235 -12.9 1.4 0.9 2.8
2015.2137 -183.767 82.278 -23.3 1.4 0.9 2.8
2015.2164 -183.933 81.5008 -20.9 1.3 0.9 2.7
2015.2192 -183.933 82.5001 -23.8 1.2 0.9 2.5
2015.2219 -182.499 80.6125 -21 1.2 0.9 2.6
2015.2247 -182.775 81.2787 -18.9 1.2 0.9 2.6
2015.2274 -185.2 79.9463 -19.1 1.2 0.9 2.6
2015.2301 -183.712 81.7228 -19.4 1.2 0.8 2.6
2015.2329 -182.775 80.9456 -21.2 1.3 0.9 2.7
2015.2356 -184.704 80.2794 -19.8 1.2 0.9 2.7
2015.2384 -185.862 82.9442 -24.3 1.3 0.9 2.7
2015.2411 -183.712 81.0566 -23.8 1.3 0.9 2.8
2015.2438 -182.389 82.5001 -19.9 1.2 0.9 2.7
2015.2466 -180.681 81.6118 -28.8 1.3 0.9 2.7
2015.2493 -187.074 81.0566 -18.6 1.2 0.9 2.6
2015.2521 -185.421 80.9456 -22.6 1.2 0.9 2.6
2015.2548 -184.429 79.8352 -16.9 1.2 0.9 2.6
2015.2575 -184.484 81.0566 -17.5 1.1 0.9 2.6
2015.2603 -179.854 80.2794 -20.4 1.4 1.0 2.9
2015.2658 -186.413 82.6111 -14.1 1.3 1.1 3.0
2015.2685 -184.98 78.8359 -19 1.1 0.9 2.5
2015.2712 -186.137 81.6118 -17.6 1.1 0.9 2.5
2015.2740 -183.436 81.7228 -21.8 1.4 1.0 2.7
2015.2767 -187.185 82.8332 -22.5 1.5 1.0 2.8
2015.2795 -184.374 83.3884 -24.7 1.1 0.9 2.5
2015.2822 -186.744 83.3884 -22.8 1.1 0.9 2.6
2015.2849 -183.271 81.2787 -20.9 1.2 0.9 2.5
2015.2877 -187.295 81.8339 -18 1.4 1.0 2.7
2015.2904 -185.366 81.5008 -18.7 1.5 1.0 2.8
2015.2932 -182.389 83.4994 -21.9 1.2 0.9 2.6
2015.2959 -190.051 86.1643 -19.4 1.1 0.9 2.5
2015.2986 -185.09 79.7242 -17.7 1.2 0.9 2.7
2015.3014 -185.751 81.8339 -17.7 1.1 0.9 2.5
2015.3041 -186.137 81.9449 -26 1.2 0.9 2.5
2015.3068 -189.334 83.8325 -21.8 1.1 0.8 2.5
2015.3096 -184.208 81.2787 -24.5 1.1 0.8 2.5
2015.3123 -185.421 82.7222 -26.3 1.1 0.8 2.5
2015.3151 -186.633 83.0553 -26.1 1.1 0.8 2.5
2015.3178 -188.507 82.6111 -23.7 1.1 0.9 2.5
2015.3205 -188.011 81.7228 -19.8 1.1 0.8 2.5
2015.3233 -185.035 83.7215 -24 1.1 0.9 2.5
2015.3260 -187.405 85.165 -19.6 1.1 0.9 2.5
2015.3288 -186.689 82.5001 -24 1.1 0.9 2.6
2015.3315 -189.444 82.278 -24.4 1.2 1.0 2.6
2015.3342 -187.956 84.0546 -24.4 1.2 0.9 2.6
2015.3370 -188.507 82.9442 -22.2 1.4 1.0 2.8
2015.3397 -189.444 82.9442 -25.9 1.1 0.9 2.5
2015.3425 -185.807 83.8325 -24 1.1 0.9 2.5
2015.3452 -190.767 83.0553 -22.6 1.2 0.9 2.7
2015.3479 -193.303 85.6091 -23.1 1.1 0.8 2.5
2015.3507 -192.145 85.8312 -14.1 1.1 0.8 2.5
2015.3534 -188.783 84.1656 -19.3 1.2 0.9 2.6
2015.3562 -189.555 81.9449 -14.2 1.2 0.9 2.6
2015.3589 -192.366 83.9436 -22.2 1.7 1.1 3.3
2015.3616 -191.263 85.0539 -27.1 1.9 1.7 4.3
2015.3644 -191.374 82.9442 -19.5 1.4 1.1 2.8
2015.3671 -190.382 83.0553 -23.4 1.1 0.8 2.5
2015.3699 -186.413 83.6105 -18.6 1.1 0.8 2.5
2015.3726 -187.736 83.6105 -20.1 1.1 0.8 2.5
2015.3753 -178.31 87.4967 -25.1 3.5 2.8 6.5
2015.3781 -185.2 86.4974 -18.7 1.8 1.3 3.9
2015.3808 -187.074 82.5001 -22 1.4 1.0 3.0
2015.3836 -186.854 83.7215 -18.9 1.1 0.8 2.5
2015.3863 -187.46 84.7208 -22.2 1.1 0.8 2.5
2015.3890 -191.649 83.1663 -22 1.1 0.9 2.5
2015.3918 -190.712 83.1663 -19.9 1.1 0.8 2.5
2015.3945 -194.13 83.2774 -8.1 1.2 0.9 2.6
2015.3973 -190.712 86.3864 -15.5 3.3 2.6 6.2
2015.4027 -176.657 83.7215 -3.1 3.2 1.9 5.3
2015.4055 -186.633 83.2774 -20.4 1.2 0.8 2.5
2015.4082 -190.547 81.8339 -18.2 1.2 0.9 2.6
2015.4164 -195.893 85.387 -16.6 1.1 0.8 2.5
2015.4192 -192.366 82.278 -18.1 1.2 0.9 2.5
2015.4219 -192.2 84.1656 -16.5 1.1 0.8 2.5
2015.4247 -197.933 85.8312 -9.8 1.1 0.8 2.5
2015.4274 -192.697 81.9449 -17.5 1.2 0.8 2.6
2015.4301 -191.87 85.276 -16.1 2.0 1.3 4.0
2015.4795 -188.563 84.3877 -18.6 2.2 1.5 3.9
2015.4849 -192.421 83.9436 -16.1 1.2 0.9 2.6
2015.4877 -190.492 83.9436 -15.8 1.2 0.9 2.6
2015.4904 -189.279 85.165 -13.2 1.1 0.8 2.5
2015.4932 -189.941 83.8325 -15.3 1.1 0.8 2.5
2015.4959 -193.578 84.9429 -13.5 1.2 0.9 2.6
2015.4986 -191.539 86.3864 -18.6 1.2 0.8 2.5
2015.5014 -186.799 83.0553 -16.5 1.2 0.8 2.5
2015.5041 -198.153 85.8312 -21.8 1.1 0.8 2.5
2015.5068 -196.886 85.9422 -17.5 1.9 1.3 3.5
2015.5096 -188.397 86.0533 -15.3 1.2 0.9 2.6
2015.5123 -192.752 85.0539 -17.3 1.2 0.8 2.5
2015.5151 -192.972 83.8325 -10.5 1.9 1.2 3.3
2015.5178 -196.555 81.0566 -19.2 1.5 1.0 3.2
2015.5205 -190.492 85.4981 -23.2 1.1 0.8 2.5
2015.5233 -186.303 85.6091 -7.1 1.1 0.8 2.5
2015.5260 -188.728 84.0546 -17.4 1.3 0.9 2.7
2015.5288 -189.555 83.7215 -20.6 1.2 0.8 2.5
2015.5315 -189.83 84.6098 -14.6 1.4 0.9 2.8
2015.5342 -192.145 83.7215 -16.8 1.3 0.9 2.7
2015.5397 -194.901 91.1609 1.2 3.0 1.9 5.5
2015.5425 -196.445 86.9416 -17.1 1.4 0.9 2.8
2015.5452 -192.641 85.0539 -20.8 1.3 0.9 2.6
2015.5479 -192.641 85.8312 -18.5 1.2 0.9 2.7
2015.5507 -189.885 86.8305 -19 1.2 0.9 2.7
2015.5534 -190.437 84.8319 -20.4 1.3 0.9 2.7
2015.5562 -194.35 81.2787 -13.6 1.2 0.9 2.6
2015.5589 -190.822 85.6091 -15.6 1.3 0.9 2.7
2015.5616 -197.382 83.4994 -20.4 1.2 0.8 2.5
2015.5644 -195.673 84.1656 -19.3 1.2 0.9 2.6
2015.5671 -192.035 85.4981 -15.5 1.2 0.8 2.5
2015.5699 -193.082 83.4994 -13.7 1.3 0.9 2.7
2015.5726 -193.358 84.2767 -20.6 1.2 0.9 2.6
2015.5753 -193.248 84.3877 -21.6 1.2 0.9 2.6
2015.5781 -196.224 82.6111 -23.9 1.5 1.1 3.3
2015.5808 -192.586 85.276 -18.8 1.2 0.8 2.5
2015.5836 -191.759 84.1656 -15.8 1.2 0.8 2.6
2015.5863 -191.759 84.0546 -16.9 1.2 0.8 2.6
2015.5890 -191.925 85.165 -13.5 1.1 0.8 2.5
2015.5918 -196.059 81.6118 -12 1.2 0.9 2.5
2015.5945 -190.547 82.3891 -21 1.2 0.8 2.6
2015.5973 -191.704 80.5014 -20.5 1.2 0.9 2.5
2015.6000 -191.925 82.056 -13.3 1.3 0.9 2.6
2015.6027 -191.649 82.6111 -7.6 1.4 1.0 2.8
2015.6055 -187.736 80.9456 -7.5 1.2 0.9 2.6
2015.6082 -195.342 86.4974 -17 1.2 0.9 2.6
2015.6110 -193.909 84.6098 -16 1.2 0.9 2.5
2015.6137 -193.358 81.8339 -15 1.2 0.8 2.5
2015.6164 -194.46 84.0546 -14.5 1.2 0.9 2.6
2015.6192 -196.941 85.165 -14.4 1.2 0.9 2.6
2015.6219 -193.358 84.2767 -10.5 1.4 0.9 2.8
2015.6247 -194.13 85.0539 -12.2 1.3 1.0 2.8
2015.6274 -194.019 85.387 -10.4 1.4 0.9 2.7
2015.6301 -197.216 83.8325 -10.6 1.2 0.9 2.6
2015.6356 -194.791 85.8312 -12.7 1.2 0.9 2.5
2015.6384 -193.689 86.0533 -15.5 1.7 1.4 3.5
2015.6411 -192.09 84.8319 -17.7 1.3 1.0 2.8
2015.6438 -192.145 82.9442 -13.3 1.4 0.9 2.7
2015.6466 -193.689 83.7215 -15.2 1.1 0.9 2.5
2015.6493 -194.791 83.0553 -14.3 1.2 0.9 2.6
2015.6521 -192.752 83.1663 -14.6 1.4 0.9 2.7
2015.6548 -194.019 82.7222 -11.8 2.9 1.9 4.3
2015.7068 -198.098 85.387 -10.2 1.1 0.8 2.5
2015.7096 -197.547 84.2767 -8.5 1.1 0.8 2.5
2015.7123 -196.114 84.3877 -7.3 1.1 0.8 2.5
2015.7151 -193.689 86.0533 -9.9 1.3 0.9 2.6
2015.7178 -192.311 86.3864 -11.2 1.2 0.9 2.6
2015.7205 -194.846 85.7202 -16.4 1.7 1.2 3.3
2015.7233 -197.437 85.6091 -18.5 1.1 0.8 2.5
2015.7260 -196.83 85.387 -8.3 1.2 0.9 2.7
2015.7288 -195.508 85.9422 -13.2 1.1 0.9 2.5
2015.7315 -195.067 84.8319 -16.1 1.1 0.8 2.5
2015.7342 -193.303 83.9436 -15.7 1.2 0.9 2.6
2015.7370 -196.114 85.7202 -12.8 1.1 0.9 2.5
2015.7397 -201.791 85.276 -12.4 1.1 0.9 2.6
2015.7425 -198.098 86.1643 -6.8 1.2 0.9 2.7
2015.7452 -197.106 81.6118 -0.6 1.2 0.9 2.6
2015.7479 -198.76 85.0539 -14.5 1.1 0.9 2.6
2015.7507 -198.153 86.2753 -9.8 1.2 0.9 2.7
2015.7534 -198.484 87.3857 -17.2 1.2 0.9 2.6
2015.7562 -196.665 84.9429 -4.9 1.1 0.9 2.5
2015.7589 -197.106 86.8305 -13.9 1.3 1.0 2.7
2015.7616 -200.082 84.3877 -14.9 1.2 0.9 2.6
2015.7644 -198.925 87.4967 -16.1 1.1 0.9 2.5
2015.7671 -193.413 86.3864 -15.5 1.7 1.1 3.1
2015.7699 -199.366 86.8305 -9.9 1.2 0.9 2.7
2015.7726 -198.76 82.9442 -11.7 1.1 0.9 2.6
2015.7753 -196.941 85.8312 -15.5 1.1 0.9 2.5
2015.7781 -202.949 85.4981 -9.3 1.1 0.9 2.5
2015.7808 -189.996 84.9429 -15 1.1 0.9 2.6
2015.7836 -197.933 85.4981 -18.8 1.2 0.9 2.6
2015.7863 -196.169 87.7188 -9.3 1.2 0.9 2.6
2015.7890 -198.043 87.0526 -14.6 1.1 0.9 2.5
2015.7918 -200.468 88.274 -13.1 1.2 0.9 2.6
2015.7945 -198.539 86.0533 -11 1.2 0.9 2.6
2015.7973 -200.138 88.6071 -11 1.3 0.9 2.7
2015.8000 -199.917 87.8298 -10 1.1 0.9 2.5
2015.8027 -201.35 85.165 -13.5 1.1 0.9 2.6
2015.8055 -199.531 85.8312 -15.8 1.1 0.9 2.5
2015.8082 -197.492 86.3864 -17.7 1.1 0.9 2.5
2015.8110 -200.248 87.9409 -16.5 1.1 0.9 2.5
2015.8137 -204.547 87.7188 -6.3 1.1 0.9 2.5
2015.8164 -202.563 90.1616 -14.1 1.2 1.0 2.8
2015.8301 -205.374 88.9402 -11.9 1.2 0.9 2.7
2015.8329 -202.453 88.6071 -18.5 1.1 0.9 2.5
2015.8356 -197.106 88.6071 -17.7 1.1 0.9 2.5
2015.8384 -200.082 87.1636 -17.9 1.1 0.9 2.5
2015.8411 -205.484 88.7181 -17.3 1.4 1.2 3.1
2015.8438 -198.649 79.169 -10.6 2.1 2.2 5.0
2015.8466 -201.13 88.385 -13.4 1.1 0.9 2.6
2015.8493 -203.5 88.4961 -16.7 1.1 0.9 2.6
2015.8521 -199.201 85.6091 -18.1 1.5 1.0 2.9
2015.8548 -198.594 86.6084 -21.9 1.1 0.9 2.6
2015.8575 -202.673 87.1636 -10.1 1.2 0.9 2.6
2015.8603 -202.122 86.6084 -11.5 1.2 0.9 2.7
2015.8630 -201.405 87.2747 -13.3 1.1 0.9 2.6
2015.8658 -202.122 87.2747 -17 1.2 1.0 2.9
2015.8685 -199.807 86.3864 -25.9 1.1 0.9 2.6
2015.8712 -198.815 86.7195 -22.1 1.1 0.9 2.6
2015.8740 -201.13 87.9409 -20.8 1.1 0.9 2.6
2015.8767 -202.453 87.7188 -13 1.1 0.9 2.6
2015.8795 -199.862 87.0526 -17.3 1.1 0.9 2.6
2015.8822 -198.319 88.385 -17.8 1.1 0.9 2.6
2015.8849 -201.626 86.6084 -13.3 1.1 0.9 2.6
2015.8877 -202.563 89.3844 -11.7 1.1 0.9 2.6
2015.8904 -203.39 89.0512 -14.4 1.1 0.9 2.6
2015.8932 -198.76 88.274 -15.7 1.1 0.9 2.6
2015.8959 -202.397 87.3857 -17.2 1.2 0.9 2.6
2015.8986 -206.256 86.8305 -11.2 1.1 0.8 2.6
2015.9014 -201.901 90.0506 -15.8 1.1 0.8 2.6
2015.9041 -215.185 91.383 -18.8 1.6 1.4 3.8
2015.9068 -211.823 84.3877 -20.2 1.7 1.4 3.8
2015.9096 -203.555 85.387 -24.3 1.3 0.9 2.8
2015.9123 -204.933 88.0519 -15.1 1.1 0.9 2.6
2015.9151 -202.342 89.2733 -17.9 1.4 1.0 2.8
2015.9178 -200.799 88.8292 -21.9 1.3 1.1 3.2
2015.9205 -204.106 89.7175 -17.6 1.1 0.8 2.6
2015.9233 -206.256 89.3844 -21.6 1.1 0.8 2.6
2015.9260 -202.232 87.7188 -20.1 1.1 0.9 2.6
2015.9288 -200.799 87.9409 -21.1 1.5 1.3 3.5
2015.9315 -199.862 88.4961 -21.6 1.2 0.9 2.6
2015.9342 -199.862 88.274 -21.1 1.2 0.9 2.7
2015.9370 -202.122 87.4967 -24.3 1.2 0.9 2.8
2015.9425 -209.453 91.0499 -22.3 1.8 1.4 4.0
2015.9452 -199.421 90.9389 -25.3 1.8 1.3 3.7
2015.9479 -204.768 86.8305 -18.1 1.2 0.9 2.6
2015.9507 -206.201 89.9395 -21.9 1.1 0.9 2.6
2015.9534 -202.012 85.6091 -16.7 1.4 0.9 2.8
2015.9562 -203.61 87.6078 -18.9 1.1 0.8 2.6
2015.9589 -202.949 88.9402 -17.8 1.2 0.9 2.7
2015.9644 -204.216 88.8292 -19.8 1.1 0.8 2.6
2015.9671 -206.201 93.2706 -17.1 1.4 1.1 3.4
2015.9699 -201.295 90.9389 -17.6 2.5 1.6 4.0
2015.9726 -208.185 88.274 -18.9 1.5 1.0 2.9
2015.9753 -203.445 89.4954 -23.7 1.2 0.9 2.6
2015.9781 -199.972 90.7168 -23.8 1.1 0.8 2.5
2015.9808 -201.13 91.4941 -22.4 1.1 0.8 2.5
2015.9836 -206.09 90.4947 -22.1 1.1 0.8 2.5
2015.9863 -206.531 89.6064 -13 1.1 0.8 2.6
2015.9890 -209.673 91.8272 -14.9 1.1 0.8 2.5
2015.9918 -206.752 90.7168 -4.1 1.9 1.5 4.3
2015.9945 -204.823 91.383 -17.5 1.5 1.1 3.4
2015.9973 -207.689 92.1603 -16.2 1.2 0.9 2.6
2016.0000 -214.028 94.7141 -14.6 1.8 1.7 4.1
2016.0027 -205.209 96.7128 -13.6 2.9 1.7 4.6
2016.0055 -211.327 91.4941 -15.8 2.1 1.7 4.7
2016.0082 -204.382 90.7168 -14.4 1.2 0.8 2.5
2016.0137 -205.594 93.6037 -9.3 1.4 0.9 2.7
2016.0164 -195.287 90.3837 -24.2 2.0 1.4 4.1
2016.0219 -205.319 95.3803 -21.2 3.2 1.8 5.3
