2007.7041 0 0 0 1.3 0.9 2.6
2007.7068 15.6537 4.21939 15.3 1.4 1.0 2.6
2007.7096 -0.44095 2.66487 14.2 1.3 0.9 2.5
2007.7123 -1.70868 -0.777256 13.1 1.2 0.9 2.4
2007.7151 0.661424 0.999328 18.3 1.6 1.0 3.1
2007.7178 -3.85831 1.66555 20.4 1.2 0.9 2.5
2007.7205 3.58272 0.111036 12.7 1.2 0.9 2.5
2007.7233 2.81106 1.99866 8.6 1.2 0.9 2.4
2007.7260 -0.93702 5.99597 18.4 1.2 0.9 2.5
2007.7288 1.54332 -0.111037 12 1.2 0.9 2.5
2007.7315 4.79533 1.99866 16.6 1.2 0.9 2.5
2007.7342 4.02367 0.777255 12.7 1.2 0.9 2.5
2007.7370 -0.992138 2.55384 8.9 1.2 0.9 2.5
2007.7397 3.14177 1.11036 10.8 1.2 0.9 2.5
2007.7425 2.92129 0.666218 17.7 1.2 0.9 2.5
2007.7452 -0.771664 2.33177 13.4 1.2 0.9 2.5
2007.7479 0.606306 0.222073 16 1.2 0.9 2.5
2007.7507 1.04726 0.111036 13 1.2 0.9 2.5
2007.7534 3.19689 -1.66555 8 1.2 0.9 2.6
2007.7562 1.15749 0.777255 14.6 1.3 0.9 2.7
2007.7589 4.90557 0.888291 16 1.2 0.9 2.5
2007.7616 2.97641 2.33177 14.5 1.2 0.9 2.5
2007.7644 1.48821 2.4428 12.6 1.2 0.9 2.5
2007.7671 -0.44095 3.6642 14.7 1.2 0.9 2.4
2007.7699 7.77174 0.111036 20.6 1.3 0.9 2.7
2007.7726 2.97641 -0.111037 16.1 1.5 1.1 2.8
2007.7753 2.75594 0.222073 11.6 1.3 0.9 2.7
2007.7781 0.165356 0.555182 15.9 1.2 0.9 2.5
2007.7808 -5.23628 4.33042 15.2 1.3 1.0 2.5
2007.7836 -2.6457 3.88628 3.5 1.5 1.0 2.6
2007.7863 9.48043 11.9919 5.7 1.5 1.1 3.0
2007.7890 -1.65356 1.77658 10.6 1.2 0.9 2.5
2007.7918 -0.165356 2.33177 12.5 1.2 0.9 2.5
2007.7945 -1.32285 1.44347 12.3 1.2 0.9 2.5
2007.7973 -0.551188 0.999328 12.6 1.4 0.9 2.6
2007.8000 -1.98428 2.22073 14.6 1.2 0.9 2.5
2007.8027 -4.29926 1.66555 16.3 1.2 0.9 2.5
2007.8055 -2.09451 2.10969 11.5 1.2 0.9 2.5
2007.8082 -2.31499 3.33109 17.5 1.2 0.9 2.5
2007.8110 -0.49607 -1.33244 15.8 1.2 0.9 2.5
2007.8137 5.95283 7.99463 14.6 1.4 1.0 2.7
2007.8164 2.70082 2.22073 16.7 1.3 0.9 2.6
2007.8192 -0.0551197 2.77591 16.9 1.3 0.9 2.6
2007.8219 -1.87404 2.22073 15.7 1.2 0.9 2.5
2007.8247 3.91343 0.222073 27 1.2 0.9 2.5
2007.8274 -4.02367 0.888291 17.5 1.2 0.9 2.4
2007.8301 -5.95283 4.21939 17.1 1.6 1.1 2.8
2007.8329 -0.551188 1.99866 19.3 1.2 0.9 2.5
2007.8356 -3.5276 5.32975 14.5 1.2 0.9 2.5
2007.8384 -3.5276 3.77524 11.7 1.2 0.9 2.6
2007.8411 -3.69296 1.77658 15.4 1.2 0.9 2.5
2007.8438 -1.37797 2.77591 17.7 1.2 0.9 2.5
2007.8466 3.85831 5.99597 7.2 1.2 0.9 2.5
2007.8493 -1.43309 3.33109 16.3 1.2 0.9 2.5
2007.8521 -2.42523 2.77591 14.9 1.2 0.9 2.5
2007.8548 -2.20475 0.333109 18.2 1.2 0.9 2.6
2007.8575 5.23628 1.55451 14.7 1.3 1.0 2.6
2007.8603 -4.79533 3.88628 18.2 1.2 0.9 2.5
2007.8630 -6.11818 0 17.8 1.2 0.9 2.5
2007.8658 -2.92129 1.99866 11.3 1.2 0.9 2.5
2007.8685 -1.21261 0.777255 19.2 1.2 0.9 2.6
2007.8712 9.25995 8.2167 21.3 1.2 0.9 2.5
2007.8740 -4.07879 2.66487 14.9 1.2 0.9 2.5
2007.8767 -2.03939 2.55384 11.9 1.2 0.9 2.5
2007.8795 -2.53546 2.22073 14.4 1.2 0.9 2.5
2007.8822 -4.74021 0.777255 17 1.2 0.9 2.5
2007.8849 -5.2914 -1.11036 16.9 1.2 0.9 2.4
2007.8877 -5.73235 7.10633 16.3 1.3 0.9 2.6
2007.8904 -7.16544 1.2214 14.6 1.5 1.0 2.7
2007.8932 -3.91343 5.21871 12.3 1.4 0.9 2.6
2007.8959 0 4.66353 12.5 1.9 1.6 3.8
2007.8986 -2.53546 3.10902 16.2 1.3 0.9 2.7
2007.9014 -0.385832 0.999328 17 1.2 0.9 2.5
2007.9041 -9.20483 4.21939 10.3 1.3 0.9 2.6
2007.9068 -6.11818 2.33177 2.4 1.2 0.9 2.5
2007.9123 -2.81106 1.11036 3.9 1.4 1.0 2.8
2007.9151 0.275594 2.66487 9.5 1.2 0.9 2.4
2007.9178 1.04726 4.5525 0.4 1.2 0.9 2.5
2007.9205 -0.165356 3.77524 10.9 1.2 0.9 2.5
2007.9233 -4.02367 6.10701 8.7 1.2 0.9 2.5
2007.9260 -4.96069 1.11036 4.4 1.2 0.9 2.5
2007.9288 -4.46462 0.888291 0.2 1.2 0.9 2.4
2007.9315 -1.92916 3.10902 1.3 1.2 0.9 2.5
2007.9342 -4.90557 3.88628 10.5 1.2 0.9 2.5
2007.9370 -3.08665 3.88628 15.6 1.2 0.9 2.5
2007.9397 -0.165356 4.21939 7.7 1.2 0.9 2.5
2007.9425 -16.2049 12.6582 2.8 4.1 2.2 6.4
2007.9452 -1.32285 7.10633 10.3 1.2 0.9 2.5
2007.9479 -6.1733 3.99731 -2.4 1.3 1.0 2.6
2007.9507 -0.165356 5.44079 4.8 1.2 0.9 2.5
2007.9534 -4.46462 5.7739 7.8 1.2 0.9 2.5
2007.9562 -0.826782 6.21804 6.6 1.2 0.9 2.5
2007.9589 -2.86618 5.88493 3.6 1.2 0.9 2.5
2007.9616 0.220474 5.32975 2.2 1.3 0.9 2.6
2007.9644 -4.74021 5.88493 2.7 1.2 0.9 2.5
2007.9671 -5.78747 3.55317 2.6 1.2 0.9 2.5
2007.9699 -6.66937 5.44079 9 1.2 0.9 2.6
2007.9726 -4.68509 5.7739 -2.3 1.2 0.9 2.5
2007.9753 -7.27568 3.10902 -1.3 1.2 0.9 2.5
2007.9781 -2.09451 5.7739 14.9 1.2 0.9 2.5
2007.9808 -3.03153 3.6642 15 1.2 0.9 2.5
2007.9836 -4.24414 4.21939 10.4 1.2 0.9 2.5
2007.9863 -6.66937 5.21871 7.2 1.2 0.9 2.5
2007.9890 -5.34652 3.44213 11.2 1.2 0.9 2.6
2007.9918 -6.83473 3.88628 -0.9 1.2 0.9 2.6
2007.9945 -5.40164 5.99597 2.7 1.1 0.9 2.5
2007.9973 -7.16544 6.66219 1.4 1.2 0.9 2.6
2008.0000 -5.51188 6.88426 13.8 1.2 0.9 2.5
2008.0027 -2.20475 7.43944 6.3 1.1 0.9 2.5
2008.0055 -4.96069 6.44011 9.8 1.1 0.9 2.5
2008.0082 -5.40164 4.77457 4.4 1.1 0.9 2.5
2008.0110 -5.89771 5.44079 3.5 1.1 0.9 2.5
2008.0137 -2.75594 4.8856 7.7 1.2 0.9 2.5
2008.0164 -4.29926 5.44079 4.2 1.1 0.9 2.5
2008.0192 -5.23628 5.44079 7.1 1.1 0.9 2.5
2008.0247 -6.66937 5.32975 7.4 1.5 1.2 3.3
2008.0274 -5.78747 5.32975 6.8 1.1 0.9 2.5
2008.0301 -6.39378 4.5525 5.7 1.1 0.9 2.5
2008.0329 -5.51188 7.66152 7.7 1.1 0.9 2.5
2008.0356 -6.83473 8.10566 4.3 1.1 0.9 2.5
2008.0384 -5.34652 7.21737 5.6 1.1 0.9 2.5
2008.0411 -7.49615 7.55048 4.2 1.2 1.0 2.6
2008.0438 -7.22056 7.32841 8.8 1.2 0.9 2.6
2008.0466 -6.72449 7.88359 1.7 1.1 0.9 2.6
2008.0493 -6.22842 6.9953 3.9 1.1 0.9 2.5
2008.0521 -3.14177 8.54981 0.9 1.1 0.9 2.5
2008.0548 -5.62211 7.10633 4.6 1.1 0.9 2.4
2008.0575 -8.32293 9.54914 4.5 1.2 0.9 2.5
2008.0603 -12.4017 7.77255 4.6 1.1 0.9 2.5
2008.0630 -9.14971 8.54981 8.5 1.1 0.9 2.4
2008.0658 -9.20483 10.7705 3.4 1.1 0.9 2.5
2008.0685 -7.22056 7.66152 -0.5 1.1 0.9 2.4
2008.0712 -7.0552 7.99463 6.4 1.1 0.9 2.4
2008.0740 -8.65365 9.77121 5.3 1.1 0.9 2.5
2008.0767 -11.2442 7.43944 5.8 1.1 0.9 2.5
2008.0795 -8.2127 7.43944 6 1.3 0.9 2.6
2008.0822 -9.03948 6.77322 6.4 1.2 0.9 2.5
2008.0849 -8.59853 7.66152 1.1 1.1 0.9 2.4
2008.0877 -10.0316 8.88292 3.6 1.1 0.9 2.5
2008.0904 -8.37805 7.32841 -0.7 1.1 0.9 2.5
2008.0932 -11.9608 9.66017 -1.5 1.1 0.9 2.5
2008.0986 -8.54341 8.54981 3 1.2 0.9 2.5
2008.1014 -11.2442 9.32706 3.5 1.2 0.9 2.5
2008.1041 -8.65365 6.77322 6.5 1.2 0.9 2.5
2008.1068 -9.48043 9.21603 3.9 1.1 0.9 2.5
2008.1096 -8.87412 10.6595 5.3 1.2 0.9 2.5
2008.1123 -7.82686 8.66084 9.4 1.1 0.9 2.5
2008.1151 -8.819 6.55115 12.2 1.1 0.9 2.5
2008.1178 -6.88985 12.8802 10.8 2.3 1.8 4.7
2008.1205 -10.5277 6.9953 9.7 1.1 0.9 2.5
2008.1233 -13.3387 5.88493 10.9 1.2 0.9 2.6
2008.1260 -12.0159 7.55048 7.1 1.2 0.9 2.5
2008.1288 -9.37019 4.99664 9.3 1.2 0.9 2.5
2008.1315 -11.9057 7.88359 10.6 1.1 0.9 2.5
2008.1342 -8.32293 4.99664 11.6 1.2 0.9 2.5
2008.1370 -7.44103 8.2167 9.8 1.3 0.9 2.5
2008.1397 -9.64578 7.77255 8.6 1.2 0.9 2.6
2008.1425 -5.78747 6.66219 9.9 1.1 0.8 2.4
2008.1452 -5.67723 6.88426 6.5 1.1 0.8 2.4
2008.1479 -8.48829 9.10499 1.1 1.1 0.9 2.4
2008.1507 -6.61425 8.88292 1.4 1.1 0.9 2.5
2008.1534 -8.32293 7.66152 4.2 1.1 0.9 2.5
2008.1562 -7.11032 7.32841 3.2 1.1 0.9 2.4
2008.1589 -8.10246 8.2167 3.7 1.1 0.9 2.4
2008.1616 -7.00008 7.21737 6.6 1.1 0.9 2.5
2008.1644 -7.55127 8.32773 7.5 1.2 0.9 2.5
2008.1671 -10.4726 6.9953 3.6 1.1 0.9 2.5
2008.1699 -9.7009 3.88628 2.4 1.1 0.9 2.4
2008.1726 -7.99222 10.5485 5.1 1.1 0.9 2.5
2008.1753 -6.94496 6.32908 10.2 1.1 0.9 2.4
2008.1781 -14.0002 9.32706 6.2 1.2 0.9 2.5
2008.1808 -12.7876 8.99395 3.8 1.2 0.9 2.4
2008.1836 -7.11032 7.43944 8.1 1.1 0.9 2.4
2008.1863 -7.60639 8.77188 6.1 1.1 0.9 2.5
2008.1890 -7.60639 5.66286 6.8 1.5 1.0 2.8
2008.1945 -11.7954 7.32841 2.3 1.1 0.9 2.4
2008.1973 -11.2993 7.66152 -2.3 1.1 0.9 2.4
2008.2000 -8.48829 8.43877 -4.6 2.1 1.3 3.8
2008.2027 -9.03948 10.3264 -3.7 1.3 1.0 2.5
2008.2055 -13.2836 8.43877 1.5 1.3 1.0 2.6
2008.2082 -10.8033 9.54914 2.1 1.1 0.9 2.5
2008.2110 -10.9686 7.88359 -2.6 1.2 0.9 2.5
2008.2137 -11.6852 7.43944 -3.8 1.2 0.9 2.5
2008.2164 -9.0946 7.88359 -1 1.3 0.9 2.5
2008.2192 -11.2442 8.66084 -2.1 1.2 0.9 2.5
2008.2219 -8.48829 7.10633 -2.1 1.2 0.9 2.5
2008.2247 -10.3072 6.55115 -2.4 1.2 0.9 2.5
2008.2274 -11.2993 6.77322 -3.3 1.2 0.9 2.5
2008.2301 -11.7403 10.2154 -1.4 1.2 0.9 2.4
2008.2329 -12.5671 6.88426 -6.9 1.3 0.9 2.5
2008.2356 -13.5592 6.9953 -3.9 1.3 0.9 2.5
2008.2384 -14.386 8.10566 -7.6 1.3 0.9 2.5
2008.2411 -14.7167 6.44011 -2.5 1.3 0.9 2.5
2008.2438 -9.25995 7.66152 0.1 1.2 0.9 2.5
2008.2466 -11.7954 8.99395 3.9 1.2 0.9 2.5
2008.2493 -12.9529 8.88292 5.7 1.2 0.9 2.4
2008.2521 -17.4726 9.54914 4.9 1.3 0.9 2.6
2008.2548 -14.0553 9.77121 -0.3 1.3 0.9 2.5
2008.2575 -7.44103 6.55115 11.6 1.2 0.9 2.4
2008.2603 -10.5828 8.54981 4.8 1.2 0.9 2.4
2008.2630 -16.701 7.66152 7.2 1.2 0.9 2.4
2008.2658 -12.7324 7.66152 2.3 1.2 0.9 2.4
2008.2685 -13.008 8.43877 -1.4 1.2 0.9 2.4
2008.2712 -12.2364 7.66152 3.8 1.2 0.9 2.4
2008.2740 -11.7403 9.10499 3 1.2 0.9 2.4
2008.2767 -15.323 6.77322 2.8 1.2 0.9 2.4
2008.2795 -13.7797 8.10566 -0.2 1.2 0.9 2.4
2008.2822 -6.66937 5.88493 3.8 1.2 0.9 2.5
2008.2849 -14.4411 6.9953 1.4 1.2 0.9 2.4
2008.2877 -13.5592 7.66152 1.3 1.2 0.9 2.4
2008.2904 -14.5514 8.88292 -0.8 1.2 0.9 2.5
2008.2932 -15.8742 6.88426 1.6 1.2 0.9 2.4
2008.2959 -13.449 7.32841 0.1 1.2 0.9 2.4
2008.2986 -15.3781 8.54981 -0.3 1.2 0.9 2.4
2008.3014 -14.9372 8.32773 4.6 1.2 0.9 2.4
2008.3041 -11.7954 9.32706 3.1 1.2 0.9 2.4
2008.3068 -11.4647 8.88292 1.6 1.3 1.0 2.5
2008.3096 -12.7876 8.54981 3.8 1.2 0.9 2.4
2008.3151 -12.2364 7.55048 2.3 1.2 0.9 2.5
2008.3178 -16.9215 8.99395 4.8 1.2 0.9 2.4
2008.3205 -19.1813 9.66017 6.3 1.2 0.9 2.5
2008.3233 -13.5592 10.1043 -0.1 1.2 0.9 2.4
2008.3260 -16.26 7.88359 -1.4 1.2 0.9 2.4
2008.3288 -12.3466 10.3264 6.1 1.2 0.9 2.5
2008.3342 -12.512 10.4374 5.1 1.7 1.3 3.4
2008.3370 -14.8269 9.77121 4.8 1.2 0.9 2.4
2008.3397 -15.5986 8.10566 -1.4 1.2 0.9 2.4
2008.3425 -12.2364 8.77188 3.9 1.3 0.9 2.6
2008.3452 -15.323 7.66152 1.1 1.3 1.0 2.6
2008.3479 -12.7324 10.2154 0.5 1.2 0.9 2.5
2008.3507 -15.7088 10.5485 1.5 1.2 0.9 2.4
2008.3534 -13.5592 12.325 8 1.2 0.9 2.5
2008.3562 -16.4254 7.10633 -0.1 1.3 1.0 2.6
2008.3589 -14.5514 10.2154 4.9 1.2 0.9 2.5
2008.3616 -14.2206 8.10566 0.6 1.2 0.9 2.4
2008.3644 -20.0632 10.7705 8.6 1.2 0.9 2.4
2008.3671 -14.9372 9.54914 2 1.2 0.9 2.4
2008.3699 -14.2206 7.77255 5.7 1.2 0.9 2.5
2008.3726 -14.2206 10.5485 7.4 2.2 1.9 4.6
2008.3753 -13.2836 8.88292 7.1 1.6 1.2 3.2
2008.3781 -8.76388 8.54981 5.1 1.4 1.0 2.9
2008.4192 -14.4411 10.3264 5.8 1.2 0.9 2.5
2008.4219 -15.5986 10.7705 3.1 1.2 0.9 2.5
2008.4247 -14.9923 11.2147 4.9 1.2 0.9 2.5
2008.4274 -15.1025 11.7699 6.3 1.2 0.9 2.5
2008.4301 -16.0947 11.6588 2.3 1.2 0.9 2.6
2008.4329 -19.512 10.8816 1 1.2 0.9 2.5
2008.4356 -15.1577 8.2167 0.4 1.2 1.0 2.6
2008.4384 -14.8269 9.32706 2.4 1.2 0.9 2.6
2008.4438 -11.7954 11.3257 2.3 1.4 1.0 2.7
2008.4466 -15.8191 9.77121 -1.8 1.2 0.9 2.5
2008.4493 -14.4962 10.1043 1.4 1.2 0.9 2.5
2008.4521 -14.6065 9.32706 3.8 1.2 0.9 2.5
2008.4548 -15.5986 13.5464 0.8 1.3 0.9 2.5
2008.4575 -14.9372 11.5478 5.9 1.3 0.9 2.5
2008.4603 -13.3939 11.1036 -4.6 1.2 0.9 2.5
2008.4630 -13.2285 10.3264 1.2 1.2 0.9 2.5
2008.4658 -16.5907 11.6588 -2.4 1.2 0.9 2.5
2008.4685 -19.5672 7.32841 13.9 1.2 0.9 2.5
2008.4740 -7.3308 12.9913 8.7 1.2 0.9 2.5
2008.4767 -12.2364 11.2147 1.9 1.2 0.9 2.5
2008.4795 -18.1341 13.6575 6.3 1.6 1.0 3.1
2008.4822 -14.8269 11.7699 2.9 1.2 0.9 2.5
2008.4849 -13.7797 11.9919 2.2 1.3 0.9 2.5
2008.4877 -11.8505 13.6575 5 1.2 0.9 2.6
2008.4904 -13.8348 14.9899 -6.9 1.2 0.9 2.5
2008.4932 -16.8112 10.1043 0.8 1.2 0.9 2.5
2008.4959 -14.8269 11.5478 5.3 1.2 0.9 2.5
2008.4986 -13.3939 9.54914 1.7 1.2 0.9 2.5
2008.5014 -13.2285 11.1036 3.1 1.2 0.9 2.5
2008.5041 -14.386 11.2147 4.3 1.2 0.9 2.6
2008.5068 -18.6301 10.5485 6.3 1.2 0.9 2.5
2008.5096 -18.3545 12.5471 2.5 1.2 0.9 2.5
2008.5123 -15.0474 14.5458 2.3 1.2 0.9 2.5
2008.5151 -17.4726 11.1036 4.9 1.2 0.9 2.5
2008.5178 -17.1419 9.99328 9.7 1.2 0.9 2.5
2008.5205 -16.6459 12.4361 3.3 1.2 0.9 2.5
2008.5233 -18.2994 11.8809 8 1.2 0.9 2.5
2008.5260 -19.0711 11.7699 6.4 1.3 0.9 2.5
2008.5288 -18.7404 11.7699 3.4 1.3 0.9 2.5
2008.5315 -18.8506 13.7685 1.7 1.2 0.9 2.5
2008.5342 -18.6853 11.7699 4.8 1.5 1.2 3.0
2008.5370 -16.7561 12.6582 3.8 1.3 0.9 2.5
2008.5397 -21.6617 10.3264 0.9 1.2 0.9 2.5
2008.5425 -21.6066 11.4368 -0.2 1.2 0.9 2.5
2008.5452 -20.0081 12.4361 9.3 1.2 0.9 2.4
2008.5479 -22.3231 16.1003 4.2 1.2 0.9 2.5
2008.5507 -17.0868 11.9919 5.7 1.2 0.9 2.5
2008.5534 -18.7955 12.214 8.2 1.2 0.9 2.5
2008.5562 -18.9609 13.2133 4.8 1.2 0.9 2.5
2008.5589 -18.7955 13.6575 7.7 1.2 0.9 2.4
2008.5616 -16.6459 13.7685 7.2 1.2 0.9 2.5
2008.5644 -20.0632 14.8789 6.6 1.2 0.9 2.4
2008.5671 -19.0711 13.1023 7.4 1.2 0.9 2.4
2008.5699 -23.205 11.3257 -1.3 1.1 0.9 2.4
2008.5726 -22.8192 11.9919 3.3 1.2 0.9 2.4
2008.5753 -20.2837 12.8802 3.9 1.2 0.9 2.5
2008.5781 -14.4411 12.7692 4.8 1.3 1.0 2.6
2008.5836 -23.3152 14.8789 -6.5 1.2 0.9 2.5
2008.5863 -22.9845 10.5485 10.4 1.2 0.9 2.5
2008.5890 -19.0711 12.8802 5 1.1 0.9 2.5
2008.5918 -19.7876 14.7678 8.4 1.2 0.9 2.6
2008.5945 -22.9294 13.7685 7.2 1.2 0.9 2.4
2008.5973 -22.3782 14.9899 7.7 1.2 0.9 2.5
2008.6000 -21.9373 14.8789 2.9 1.2 0.9 2.5
2008.6027 -21.1656 10.9926 0.8 1.2 0.9 2.5
2008.6055 -19.2364 16.5444 -0.4 1.2 0.9 2.5
2008.6082 -22.5436 13.2133 1.3 1.1 0.9 2.5
2008.6110 -18.5199 12.8802 3.5 1.2 0.9 2.5
2008.6137 -21.2758 12.6582 9.3 1.2 0.9 2.5
2008.6164 -21.827 14.2127 2.3 1.1 0.9 2.5
2008.6192 -22.3231 11.4368 4.8 1.2 0.9 2.5
2008.6219 -24.3074 12.325 4.6 1.2 0.9 2.5
2008.6247 -21.3861 13.3244 7.9 1.1 0.9 2.5
2008.6274 -19.6223 12.9913 6.4 1.2 0.9 2.5
2008.6301 -18.1341 12.9913 5.5 1.2 0.9 2.4
2008.6329 -20.1735 10.3264 6.2 1.2 0.9 2.5
2008.6356 -19.6774 14.4347 2.4 1.2 0.9 2.5
2008.6384 -20.2837 11.2147 3.2 1.2 0.9 2.4
2008.6411 -26.898 13.6575 -1.5 1.2 0.9 2.5
2008.6438 -18.7955 12.325 5 1.2 0.9 2.5
2008.6466 -21.7168 11.2147 7.3 1.1 0.9 2.4
2008.6493 -22.4885 9.66017 0 1.2 0.9 2.5
2008.6521 -24.9688 11.2147 2.5 1.2 0.9 2.4
2008.6548 -24.6932 12.103 6.2 1.2 0.9 2.4
2008.6575 -25.079 13.6575 2.9 1.2 0.9 2.6
2008.6603 -21.6066 14.7678 3.4 1.3 1.0 2.5
2008.6630 -20.2837 12.6582 9.4 1.2 0.9 2.5
2008.6658 -20.2837 13.3244 4.3 1.2 0.9 2.5
2008.6685 -22.4333 12.7692 9.1 1.2 0.9 2.5
2012.2384 -111.009 46.7464 0.5 2.2 1.8 4.5
2012.2411 -109.852 51.743 2.4 1.3 0.9 2.5
2012.2438 -111.671 51.743 -4.6 1.3 1.0 2.6
2012.2466 -106.986 51.0768 -1.5 1.1 0.8 2.3
2012.2493 -108.419 51.1878 -2.5 1.1 0.8 2.4
2012.2521 -105.497 51.743 -4 1.2 0.8 2.4
2012.2548 -103.182 52.5203 -1.9 1.1 0.8 2.4
2012.2575 -103.678 53.1865 -3.7 1.1 0.8 2.3
2012.2603 -108.804 54.4079 -4.7 1.1 0.8 2.4
2012.2630 -106.324 52.5203 0 1.3 0.9 2.5
2012.2658 -109.245 53.9637 0 1.3 0.9 2.5
2012.2685 -107.151 54.2968 3.4 1.2 0.9 2.4
2012.2740 -106.214 49.3002 -10.3 2.1 1.3 3.7
2012.2767 -105.718 51.4099 -3.5 1.1 0.8 2.3
2012.2795 -103.568 52.1871 -8.6 1.1 0.8 2.4
2012.2822 -104.119 54.6299 -2.6 1.2 0.9 2.4
2012.2849 -107.206 55.5182 -4.2 1.2 0.8 2.4
2012.2877 -104.119 55.1851 -0.6 1.1 0.8 2.3
2012.2904 -107.757 54.5189 4.6 1.6 1.1 2.7
2012.2932 -110.072 51.743 -2.4 1.2 0.9 2.5
2012.2959 -108.419 52.9644 -5.3 1.1 0.8 2.3
2012.2986 -106.765 55.8513 -0.8 1.8 1.4 3.6
2012.3041 -106.655 51.5209 -4 1.3 0.9 2.5
2012.3068 -107.426 52.2982 -0.3 1.3 0.9 2.5
2012.3096 -105.497 53.6306 -6.2 1.7 1.1 3.0
2012.3123 -103.844 53.2975 -2 1.7 1.3 3.2
2012.3151 -106.875 54.4079 -3.7 1.3 0.9 2.6
2012.3178 -104.395 52.4092 -3.5 1.2 0.9 2.5
2012.3205 -106.875 51.9651 -2.7 1.1 0.9 2.4
2012.3233 -108.529 54.2968 -7.8 1.2 0.8 2.5
2012.3260 -107.426 51.5209 -2.6 1.1 0.8 2.4
2012.3288 -108.363 53.6306 -2.5 1.1 0.8 2.3
2012.3315 -108.419 52.9644 -3.1 1.1 0.8 2.3
2012.3342 -105.332 53.0754 -4.2 1.1 0.8 2.4
2012.3370 -105.773 52.9644 3.8 1.4 0.9 2.7
2012.3397 -107.757 52.6313 1.6 1.1 0.8 2.3
2012.3425 -108.419 54.0748 -1.3 1.3 0.9 2.4
2012.3452 -107.592 53.9637 -2.2 1.1 0.8 2.3
2012.3479 -111.23 54.0748 -3 1.9 1.3 3.5
2012.3507 -104.505 53.9637 -2.9 1.2 0.9 2.6
2012.3534 -104.836 51.743 -2.1 1.1 0.8 2.3
2012.3562 -105.938 52.0761 0.8 1.2 0.8 2.4
2012.3589 -113.49 53.2975 3.3 1.1 0.8 2.3
2012.3616 -109.135 52.9644 4.8 1.1 0.8 2.4
2012.3644 -106.489 52.0761 1.1 1.1 0.8 2.3
2012.3671 -105.167 52.1871 1.9 1.2 0.8 2.4
2012.3699 -107.096 53.9637 -6 1.1 0.8 2.3
2012.3726 -106.545 53.6306 -4.6 1.1 0.8 2.3
2012.3753 -106.324 54.5189 -2.5 1.1 0.8 2.4
2012.3781 -109.245 54.5189 -0.7 1.1 0.8 2.3
2012.3808 -106.379 55.5182 -2.1 1.1 0.8 2.4
2012.3836 -109.576 54.2968 2.2 1.1 0.8 2.4
2012.3863 -112.387 56.6286 -2 1.1 0.8 2.4
2012.3890 -109.19 53.8527 -1 1.1 0.8 2.3
2012.3918 -107.482 53.2975 -0.5 1.2 0.9 2.5
2012.3945 -110.293 54.6299 -2 1.1 0.8 2.4
2012.3973 -109.907 54.2968 -3.7 1.1 0.8 2.4
2012.4000 -112.718 55.4072 3.8 1.1 0.9 2.4
2012.4027 -112.608 54.0748 1.9 1.2 0.8 2.4
2012.4055 -109.411 53.8527 -2.8 1.1 0.9 2.5
2012.4082 -110.899 54.4079 1.8 1.1 0.8 2.3
2012.4110 -111.23 54.2968 4.2 1.3 0.9 2.5
2012.4137 -112.056 55.8513 5.7 1.1 0.8 2.4
2012.4164 -111.395 55.1851 5.2 1.1 0.8 2.3
2012.4192 -109.797 55.5182 0.2 1.1 0.8 2.3
2012.4219 -112.056 56.4065 -1 1.1 0.8 2.4
2012.4247 -107.261 57.1838 -0.4 1.3 0.9 2.5
2012.4274 -108.915 54.741 -0.5 1.2 0.9 2.5
2012.4301 -107.867 56.1845 -3.9 1.4 1.0 2.8
2012.4329 -111.45 55.2962 0.8 1.1 0.8 2.4
2012.4356 -109.245 55.6293 -3 1.1 0.8 2.4
2012.4384 -111.009 55.9624 0.3 1.2 0.9 2.6
2012.4411 -109.962 55.2962 -0.3 1.5 1.0 2.9
2012.4438 -112.993 54.6299 0.6 1.1 0.8 2.4
2012.4466 -112.993 54.5189 -1.7 1.1 0.8 2.4
2012.4493 -113.379 56.5176 0.4 1.2 0.8 2.5
2012.4521 -114.151 54.6299 0.3 1.2 0.9 2.6
2012.4548 -110.458 56.0734 -2.4 1.4 0.9 2.8
2012.4575 -111.119 55.4072 -1.3 1.1 0.8 2.4
2012.4603 -110.734 53.7417 1.1 1.1 0.8 2.4
2012.4630 -112.277 54.1858 -1.8 1.3 1.0 2.7
2012.4658 -111.064 54.4079 -5.2 1.1 0.8 2.4
2012.4685 -109.797 55.5182 0.1 1.2 0.8 2.4
2012.4712 -111.505 56.2955 4.4 1.1 0.8 2.3
2012.4740 -113.049 55.6293 0.8 1.1 0.8 2.4
2012.4767 -109.025 54.2968 1.2 1.1 0.8 2.4
2012.4795 -108.419 54.9631 -1.1 1.2 0.8 2.4
2012.4822 -109.741 55.5182 4.1 1.1 0.8 2.3
2012.4849 -115.308 55.6293 4.7 1.1 0.8 2.4
2012.4877 -114.041 56.2955 5.2 1.1 0.8 2.3
2012.4904 -110.017 55.7403 7.8 1.1 0.8 2.4
2012.4932 -112.773 57.2948 2.3 1.1 0.9 2.4
2012.4959 -109.3 53.5196 2.7 1.1 0.8 2.3
2012.4986 -114.592 55.9624 -3.4 1.2 0.9 2.5
2012.5014 -110.513 54.852 5.5 1.1 0.8 2.3
2012.5041 -112.167 56.8507 -0.3 1.1 0.8 2.4
2012.5068 -111.119 55.5182 -0.7 1.1 0.8 2.3
2012.5096 -108.529 55.7403 7.9 1.5 1.0 2.8
2012.5123 -115.474 55.0741 3 1.7 1.1 2.9
2012.5151 -113.379 56.6286 6.2 1.8 1.2 3.0
2012.5178 -112.497 53.5196 4 1.6 1.1 2.8
2012.5205 -108.915 57.739 4.8 2.0 1.3 3.1
2012.5233 -107.041 56.9617 3.6 1.8 1.2 3.0
2012.5260 -109.521 55.2962 3.4 1.1 0.8 2.3
2012.5288 -110.513 56.6286 5.5 1.1 0.8 2.4
2012.5315 -111.946 55.5182 4.6 1.1 0.8 2.4
2012.5342 -115.749 55.0741 6.4 1.1 0.8 2.4
2012.5370 -112.277 55.8513 6.2 1.2 0.8 2.4
2012.5397 -108.584 60.1818 10.4 2.3 1.3 3.7
2012.5425 -110.072 58.9604 6.6 1.5 1.0 2.7
2012.5452 -110.954 55.9624 4.5 1.2 0.9 2.4
2012.5479 -112.112 55.2962 2 1.1 0.8 2.3
2012.5507 -113.655 54.2968 4 1.1 0.8 2.4
2012.5534 -113.434 55.5182 3 1.1 0.8 2.4
2012.5562 -112.608 57.1838 8.3 1.6 1.0 2.9
2012.5589 -113.434 56.1845 3.4 1.2 0.8 2.4
2012.5616 -113.214 56.9617 2.1 1.1 0.8 2.4
2012.5644 -111.615 57.2948 3.2 1.1 0.8 2.4
2012.5671 -110.568 57.0727 2.4 1.3 0.9 2.6
2012.5699 -114.151 52.7423 6.6 1.1 0.8 2.3
2012.5726 -114.041 55.9624 3.3 1.1 0.8 2.3
2012.5753 -114.096 56.9617 5.6 1.1 0.8 2.4
2012.5781 -112.883 55.9624 3.9 1.1 0.8 2.3
2012.5808 -113.875 54.741 8.2 1.2 0.8 2.5
2012.5836 -113.545 59.1824 6.8 1.2 0.8 2.4
2012.5863 -112.552 55.9624 7.3 1.1 0.8 2.4
2012.5890 -115.198 57.6279 11.5 1.2 0.8 2.5
2012.5918 -117.072 55.8513 2.4 1.1 0.8 2.3
2012.5945 -113.655 55.9624 8.2 1.1 0.8 2.3
2012.5973 -114.923 55.7403 7.3 1.2 0.8 2.4
2012.6000 -111.064 55.1851 9.9 1.1 0.8 2.4
2012.6027 -116.521 54.5189 0.6 1.1 0.8 2.3
2012.6055 -111.56 55.0741 7.4 1.2 0.8 2.4
2012.6082 -113.6 55.1851 5.7 1.1 0.8 2.3
2012.6110 -113.049 58.4052 1.7 1.1 0.8 2.3
2012.6137 -117.127 54.852 4.4 1.2 0.8 2.4
2012.6164 -113.545 56.1845 2.1 1.1 0.8 2.3
2012.6192 -111.45 56.7396 9.2 1.1 0.8 2.4
2012.6219 -113.986 57.85 4.6 1.1 0.8 2.3
2012.6247 -113.82 58.9604 -3.6 1.1 0.8 2.3
2012.6274 -114.206 54.9631 7.5 1.3 0.9 2.7
2012.6301 -111.45 56.0734 3.4 1.1 0.8 2.4
2012.6329 -112.773 57.2948 2.3 1.6 0.9 2.8
2012.6356 -118.395 53.7417 10.3 1.6 1.0 2.7
2012.6384 -115.749 55.6293 10.5 1.1 0.8 2.4
2012.6411 -116.08 56.4065 6 1.2 0.9 2.6
2012.6438 -110.072 54.4079 2.6 1.1 0.8 2.4
2012.6466 -111.726 54.741 9.6 1.2 0.9 2.5
2012.6493 -112.828 56.2955 0.7 1.2 0.8 2.5
2012.6521 -116.742 56.8507 8.7 1.1 0.8 2.4
2012.6548 -114.757 57.4059 8 1.2 0.8 2.4
2012.6575 -118.34 54.5189 6.3 1.1 0.8 2.3
2012.6603 -112.112 59.8487 0.9 1.1 0.8 2.4
2012.6630 -111.946 56.6286 4.3 1.1 0.8 2.4
2012.6658 -118.505 57.6279 3.9 1.3 0.9 2.7
2012.6685 -116.411 57.85 10.9 1.1 0.8 2.3
2012.6712 -114.316 59.9597 5.4 1.2 0.9 2.4
2012.6740 -111.23 55.7403 10.7 1.2 0.8 2.4
2012.6767 -117.072 56.7396 1.1 1.8 1.0 2.8
2012.6795 -111.671 56.0734 2.8 1.2 0.8 2.4
2012.6822 -113.6 56.4065 8.6 1.8 1.1 3.1
2012.6849 -113.986 52.7423 8.6 1.1 0.8 2.3
2012.6877 -116.301 57.6279 7.5 1.2 0.9 2.4
2012.6904 -114.757 54.741 4.1 1.1 0.8 2.4
2012.6932 -112.056 56.9617 -0.4 1.4 1.0 2.8
2012.6959 -110.127 55.6293 0.2 1.2 0.9 2.5
2012.6986 -116.245 55.6293 9.9 1.1 0.8 2.4
2012.7014 -119.057 58.4052 10.6 1.2 0.9 2.5
2012.7041 -120.6 56.0734 1.9 1.1 0.8 2.4
2012.7068 -114.923 54.9631 0.2 1.5 1.1 3.1
2012.8192 -116.135 65.6226 -3.1 2.1 1.7 4.8
2012.8219 -117.789 60.0707 -1.9 1.3 1.0 2.7
2012.8247 -117.513 57.739 -2.7 1.3 1.0 2.9
2012.8274 -118.119 59.0714 -6.4 1.1 0.9 2.7
2012.8301 -117.623 58.2941 -4.1 1.1 0.9 2.5
2012.8329 -117.127 57.4059 -5.7 1.4 1.0 2.8
2012.8356 -119.442 58.6273 1.3 1.4 1.1 3.0
2012.8384 -121.372 62.5135 -0.6 1.4 1.1 2.9
2012.8438 -125.395 63.4018 -8.2 2.6 1.5 4.0
2012.8466 -118.946 59.5155 -4.5 1.2 1.0 2.7
2012.8493 -120.655 58.7383 1.6 1.1 0.9 2.5
2012.8521 -120.655 60.2928 1.1 1.1 0.9 2.5
2012.8548 -116.631 61.1811 -4.1 1.1 0.9 2.5
2012.8575 -120.379 60.959 0.4 1.2 0.9 2.5
2012.8603 -122.143 59.4045 0.3 1.2 0.9 2.5
2012.8630 -122.143 60.4038 1.3 1.2 0.9 2.7
2012.8658 -121.151 60.2928 3.3 1.1 0.9 2.5
2012.8685 -119.994 59.5155 1.2 1.1 0.9 2.5
2012.8712 -120.104 59.0714 0.9 1.2 0.9 2.7
2012.9425 -120.986 59.2935 7.1 1.8 1.2 3.7
2012.9452 -125.671 58.6273 8.3 1.1 0.8 2.4
2012.9479 -118.616 60.959 -1.8 1.2 0.9 2.6
2012.9507 -122.529 58.8493 6.7 1.1 0.9 2.5
2012.9534 -120.269 61.1811 5.8 1.1 0.9 2.5
2012.9562 -127.655 59.0714 -2 1.1 0.8 2.4
2012.9589 -120.655 61.0701 -5.6 1.1 0.8 2.4
2012.9616 -123.466 59.8487 7.2 1.1 0.8 2.4
2012.9644 -121.482 60.5149 3.5 1.1 0.9 2.5
2012.9671 -121.316 58.8493 3.2 1.1 0.8 2.5
2012.9699 -124.183 60.1818 4.1 1.1 0.8 2.4
2012.9726 -121.041 61.2921 2.8 1.1 0.9 2.5
2012.9753 -124.183 60.5149 0.7 1.1 0.9 2.5
2012.9781 -120.324 60.5149 1.6 1.1 0.8 2.4
2012.9808 -125.064 60.959 1.9 1.2 0.9 2.5
2012.9836 -127.71 61.1811 6.2 1.2 0.9 2.4
2012.9863 -123.742 61.4032 9.8 1.1 0.8 2.4
2012.9890 -127.986 61.7363 7.8 1.1 0.8 2.4
2012.9918 -129.75 58.8493 8.3 1.1 0.8 2.5
2012.9945 -125.946 62.2915 2.6 1.1 0.8 2.4
2012.9973 -124.899 60.6259 6.6 1.1 0.9 2.5
2013.0000 -126.553 60.7369 3.5 1.1 0.8 2.4
2013.0027 -126.167 59.1824 3.5 1.1 0.8 2.5
2013.0027 -130.797 59.4045 10.5 1.6 1.0 2.7
2013.0055 -122.915 57.85 8.6 1.1 0.8 2.4
2013.0082 -123.797 61.4032 5.9 1.1 0.8 2.4
2013.0110 -126.663 61.5142 4.9 1.1 0.8 2.5
2013.0137 -127.71 63.2908 -1.1 1.1 0.8 2.4
2013.0164 -126.663 61.8473 4.5 1.1 0.8 2.4
2013.0192 -129.143 60.1818 6.8 1.1 0.8 2.5
2013.0219 -126.938 62.2915 4.7 1.1 0.8 2.5
2013.0247 -122.253 61.1811 -2.6 1.1 0.8 2.4
2013.0274 -128.041 60.4038 -2.9 1.2 0.8 2.5
2013.0301 -125.726 61.4032 4 1.1 0.8 2.4
2013.0329 -129.75 63.7349 5.1 1.1 0.8 2.5
2013.0356 -126.663 59.6266 8.6 1.2 0.8 2.5
2013.0384 -123.411 62.4025 11.8 1.1 0.8 2.5
2013.0411 -124.844 61.6252 1.4 1.2 0.8 2.5
2013.0438 -126.222 60.959 0 1.1 0.8 2.5
2013.0466 -126.608 58.6273 -3 1.2 0.9 2.5
2013.0493 -124.899 62.9577 -5.2 1.2 0.8 2.4
2013.0521 -127.104 65.4005 2.5 1.1 0.8 2.5
2013.0548 -127.765 62.7356 -2.8 1.2 0.8 2.5
2013.0575 -133.773 65.8446 0.7 1.3 0.9 2.6
2013.0603 -128.592 64.5122 -3.4 1.1 0.8 2.4
2013.0630 -129.088 61.6252 -3.8 1.2 0.8 2.5
2013.0658 -129.75 61.9583 -0.1 1.2 0.9 2.6
2013.0685 -127.49 62.0694 -1.4 1.2 0.8 2.5
2013.0712 -128.261 61.6252 -6.6 1.2 0.9 2.5
2013.0740 -131.293 62.2915 -9.8 1.3 0.9 2.7
2013.0767 -125.946 62.9577 -8.5 1.1 0.8 2.4
2013.0795 -129.198 64.068 -5.7 1.1 0.8 2.4
2013.0822 -131.017 63.0687 -2 1.1 0.8 2.4
2013.0849 -133.828 64.8453 -3.5 1.1 0.8 2.5
2013.0877 -134.876 65.1784 -3.6 1.2 0.9 2.5
2013.0904 -137.246 64.2901 5.6 1.2 0.9 2.5
2013.0932 -134.104 65.1784 4 1.2 0.9 2.5
2013.0959 -128.261 63.0687 3.7 1.4 0.9 2.7
2013.0986 -130.852 62.9577 1.1 1.2 0.9 2.6
2013.1014 -133.057 63.0687 -2.5 1.6 1.1 2.9
2013.1041 -128.151 64.8453 9.5 1.7 1.0 3.0
2013.1068 -132.505 65.0674 8.7 1.2 0.9 2.5
2013.1096 -132.45 64.068 8.7 1.2 0.8 2.5
2013.1123 -134.269 61.6252 8 1.4 0.9 2.6
2013.1151 -136.584 60.4038 6.5 1.4 0.9 2.7
2013.1178 -132.395 61.5142 -3.8 1.2 0.8 2.5
2013.1205 -132.34 61.1811 3.2 1.2 0.9 2.6
2013.1233 -133.939 63.0687 2.9 1.4 1.0 2.9
2013.1260 -131.844 61.7363 -1.5 1.3 0.9 2.5
2013.1288 -131.128 64.5122 -4.8 1.1 0.8 2.4
2013.1315 -132.45 62.8466 -3.3 1.2 0.8 2.5
2013.1342 -134.159 65.2894 -2.6 1.1 0.8 2.4
2013.1370 -127.931 64.7343 -1.1 1.1 0.8 2.4
2013.1397 -128.261 62.6246 -2.4 1.2 0.8 2.5
2013.1425 -131.293 64.6232 4.2 1.2 0.8 2.5
2013.1452 -132.505 63.4018 -1.1 1.2 0.9 2.6
2013.1479 -132.726 61.5142 2.1 1.2 0.9 2.5
2013.1507 -134.71 62.9577 -2.1 1.5 1.2 3.3
2013.1589 -133.718 62.2915 4.8 1.2 0.8 2.4
2013.1616 -131.128 61.0701 6.2 1.2 0.8 2.5
2013.1644 -133.057 61.7363 -2 1.3 0.9 2.6
2013.1671 -131.899 64.068 3.4 1.3 0.9 2.7
2013.1699 -133.002 64.2901 3.5 1.1 0.8 2.4
2013.1726 -134.545 63.6239 -5.3 1.2 0.8 2.4
2013.1753 -129.474 63.0687 -1.2 1.3 0.9 2.6
2013.1781 -131.348 64.9563 -0.8 1.1 0.8 2.5
2013.1808 -130.742 62.9577 3.4 1.1 0.8 2.5
2013.1836 -135.041 65.1784 9.1 1.2 0.9 2.5
2013.1863 -130.852 64.1791 -4.5 1.2 0.8 2.5
2013.1890 -127.765 64.6232 2.1 1.2 0.9 2.5
2013.1918 -134.324 63.2908 -2.4 1.1 0.8 2.5
2013.1945 -128.702 64.9563 -5.6 1.1 0.8 2.5
2013.1973 -127.324 65.1784 -0.9 1.1 0.8 2.4
2013.2000 -133.332 64.7343 -3.5 1.1 0.8 2.4
2013.2027 -130.466 64.1791 -1.8 1.1 0.8 2.4
2013.2055 -131.624 64.4012 -5.3 1.2 0.8 2.5
2013.2082 -132.616 66.5108 -12.3 1.6 1.1 3.1
2013.2110 -129.915 66.3998 1.5 1.1 0.8 2.4
2013.2137 -131.348 66.1777 -2.3 1.1 0.8 2.4
2013.2164 -127.49 66.955 -3.2 1.1 0.8 2.4
2013.2192 -130.687 66.5108 -5.6 1.1 0.8 2.5
2013.2219 -132.23 66.955 -1.6 1.1 0.8 2.5
2013.2247 -132.285 67.7322 7.9 1.2 0.9 2.5
2013.2274 -135.978 66.5108 5.7 1.1 0.8 2.5
2013.2301 -132.45 64.8453 6.7 1.1 0.8 2.4
2013.2329 -133.167 63.957 -2.3 1.2 0.9 2.5
2013.2356 -130.631 63.957 -1.8 1.2 0.8 2.5
2013.2384 -134.82 64.1791 -4.3 1.5 1.0 2.7
2013.2411 -132.45 64.2901 1.9 1.4 1.0 2.8
2013.2438 -132.395 66.6219 3.1 1.1 0.8 2.5
2013.2466 -132.946 65.1784 3.8 1.1 0.8 2.4
2013.2493 -132.175 64.7343 -4.1 1.2 0.8 2.4
2013.2521 -129.198 67.9543 -1.3 1.1 0.8 2.4
2013.2548 -131.017 67.066 -0.7 1.1 0.8 2.5
2013.2575 -128.813 66.6219 2.9 1.2 0.9 2.5
2013.2603 -132.395 65.0674 2.7 1.1 0.8 2.4
2013.2630 -131.954 64.6232 -3.2 1.1 0.8 2.4
2013.2658 -131.844 63.846 5.2 1.1 0.8 2.4
2013.2685 -134.104 65.2894 2.3 1.3 0.9 2.7
2013.2712 -131.293 63.2908 4.6 1.1 0.8 2.5
2013.2740 -129.584 64.5122 0.8 1.2 0.8 2.5
2013.2767 -130.135 65.4005 -3.2 1.3 0.9 2.7
2013.2795 -129.088 66.7329 -6.6 1.2 0.9 2.7
2013.2822 -129.309 66.955 -8.9 1.3 0.9 2.7
2013.2849 -126.001 66.7329 -3.9 1.2 0.9 2.6
2013.2877 -130.135 67.8433 -4.1 1.2 0.9 2.6
2013.2904 -128.592 67.8433 -4.9 1.1 0.8 2.5
2013.2932 -129.584 65.1784 -7.3 1.2 0.9 2.5
2013.2959 -129.529 67.3991 -8.4 1.1 0.8 2.5
2013.2986 -130.246 67.3991 -9.8 1.1 0.8 2.5
2013.3014 -133.608 68.3985 -9.7 1.3 0.9 2.6
2013.3041 -130.135 67.7322 -8.5 1.2 0.9 2.6
2013.3068 -134.986 66.955 -5.1 1.4 0.9 2.8
2013.3096 -134.49 68.5095 -6.8 1.4 0.9 2.7
2013.3123 -130.301 70.5082 -7.1 1.3 1.0 2.7
2013.3151 -129.75 68.5095 -11.4 1.3 0.9 2.7
2013.3178 -131.458 67.2881 -5.7 1.3 0.9 2.6
2013.3205 -131.954 66.7329 -4.1 1.1 0.8 2.5
2013.3233 -133.387 67.066 -14.5 1.1 0.8 2.5
2013.3260 -132.781 68.1764 -10 1.1 0.8 2.5
2013.3288 -133.498 67.6212 -5 1.1 0.9 2.5
2013.3315 -131.899 68.7316 -1.6 1.5 1.0 2.8
2013.3342 -132.395 68.2874 2.1 1.1 0.9 2.5
2013.3370 -134.6 70.175 6.1 1.2 0.9 2.6
2013.3397 -138.679 70.2861 -4.3 1.2 0.9 2.5
2013.3425 -132.505 70.7302 -4.4 1.2 0.9 2.6
2013.3452 -134.159 68.0654 -6.4 1.1 0.9 2.5
2013.3479 -133.002 68.8426 -2.6 1.1 0.9 2.5
2013.3507 -133.718 70.2861 -4.6 1.2 0.9 2.6
2013.3534 -131.017 70.7302 -0.9 1.3 1.0 2.8
2013.3562 -133.608 70.175 -3.5 1.1 0.9 2.5
2013.3589 -132.34 70.2861 -6.7 1.1 0.9 2.5
2013.3616 -134.765 67.9543 0.2 1.1 0.9 2.5
2013.3644 -134.324 68.5095 -1.3 1.1 0.9 2.5
2013.3671 -132.616 70.7302 -6.3 1.2 0.9 2.6
2013.3699 -134.765 67.5102 -7.6 1.1 0.9 2.5
2013.3726 -133.939 69.953 0.9 1.1 0.8 2.4
2013.3753 -140.828 68.5095 -0.1 1.1 0.9 2.5
2013.3781 -135.923 67.9543 -1.9 1.3 0.9 2.6
2013.3808 -132.285 69.2868 -5.2 1.3 0.9 2.6
2013.3836 -131.403 69.3978 -2.3 1.1 0.8 2.5
2013.3863 -132.946 71.7296 -5.3 1.1 0.8 2.4
2013.3890 -136.584 69.0647 -6.8 1.1 0.9 2.4
2013.3918 -134.49 70.9523 -1.3 1.1 0.8 2.5
2013.3973 -133.277 71.9516 -5.1 1.2 0.9 2.6
2013.4000 -136.143 68.8426 -5.7 1.1 0.9 2.5
2013.4027 -136.254 69.7309 -2.9 1.1 0.9 2.4
2013.4055 -135.757 69.1757 -8.5 1.1 0.8 2.5
2013.4110 -134.765 71.0633 -4 1.2 0.9 2.6
2013.4137 -131.844 68.1764 -6 1.1 0.8 2.5
2013.4164 -134.49 70.3971 2.2 1.4 1.2 3.0
2013.4192 -134.931 71.1744 -0.1 1.4 1.0 2.8
2013.4219 -136.529 69.1757 -2.6 1.1 0.9 2.5
2013.4247 -135.151 70.2861 -5.8 1.2 0.9 2.6
2013.4274 -134.38 68.9536 -0.1 1.1 0.9 2.5
2013.4301 -137.08 68.9536 2 1.1 0.9 2.5
2013.4329 -136.088 68.8426 -5.3 1.4 1.0 2.7
2013.4356 -136.198 68.9536 -3.5 1.1 0.8 2.5
2013.4384 -137.632 68.8426 -5.3 1.1 0.9 2.5
2013.4411 -137.301 69.953 -8.2 1.7 1.2 3.4
2013.4438 -139.12 69.953 1.1 1.1 0.9 2.6
2013.4466 -135.261 70.2861 -4.7 1.2 0.9 2.5
2013.4521 -134.38 70.8413 -1.4 1.1 0.9 2.5
2013.4548 -139.175 68.6205 -0.5 1.1 0.9 2.5
2013.4575 -139.23 70.2861 -2.2 1.2 0.9 2.6
2013.4603 -134.49 70.9523 -5 1.1 0.9 2.5
2013.4630 -135.206 71.7296 1.9 1.3 1.0 2.6
2013.4658 -140.663 71.7296 5.3 1.1 0.9 2.5
2013.4685 -138.734 68.1764 1.8 1.2 0.9 2.6
2013.4712 -136.364 68.8426 0.4 1.1 0.9 2.5
2013.4740 -137.191 69.5088 0.1 1.1 0.8 2.5
2013.4767 -138.072 66.2888 -1 1.9 1.1 3.3
2013.4795 -136.86 70.8413 -3.8 1.1 0.9 2.5
2013.4822 -137.08 67.066 0.9 1.2 0.9 2.5
2013.4849 -141.049 65.6226 -0.7 1.1 0.8 2.5
2013.4877 -136.915 66.6219 1.4 1.4 1.0 3.0
2013.4904 -136.97 67.7322 2.7 1.3 0.9 2.7
2013.4932 -137.687 68.7316 -1.7 1.6 1.3 3.2
2013.4959 -138.072 66.955 3.4 1.1 0.8 2.5
2013.4986 -139.891 67.1771 7.7 1.1 0.8 2.4
2013.5014 -139.45 67.7322 4.1 1.1 0.8 2.5
2013.5041 -138.293 67.6212 4 1.1 0.8 2.5
2013.5068 -138.128 69.1757 1.2 1.1 0.8 2.5
2013.5096 -135.096 70.064 2.5 1.1 0.8 2.5
2013.5123 -141.931 70.6192 6.7 1.8 1.1 2.9
2013.5151 -143.254 69.2868 3.6 1.2 0.8 2.5
2013.5178 -138.679 67.5102 0.9 1.1 0.8 2.5
2013.5205 -139.175 66.2888 -0.5 1.3 0.9 2.6
2013.5233 -137.797 70.2861 -2.6 1.2 0.9 2.5
2013.5260 -138.348 67.9543 7.9 1.4 1.1 2.8
2013.5452 -135.427 71.3964 0.2 1.2 0.8 2.5
2013.5479 -137.797 69.0647 1.2 1.4 1.0 3.0
2013.5507 -137.08 71.0633 0.5 1.2 0.8 2.5
2013.5534 -140.663 71.2854 -0.9 1.2 0.9 2.6
2013.5562 -137.907 70.3971 0.3 1.3 0.9 2.8
2013.5589 -136.198 70.6192 0.3 1.1 0.8 2.5
2013.5616 -138.844 65.5115 -0.7 1.2 0.8 2.6
2013.5644 -142.262 65.7336 6.2 1.8 1.1 3.5
2013.5671 -143.033 67.9543 8.6 1.2 0.9 2.5
2013.5699 -139.23 67.1771 3.5 1.2 0.9 2.5
2013.5726 -140.332 66.6219 10.6 2.1 1.2 3.6
2013.5753 -138.293 67.8433 6.6 1.2 0.9 2.6
2013.5781 -138.017 68.1764 0.1 1.2 0.9 2.5
2013.5808 -139.01 67.8433 7.5 1.5 1.0 3.0
2013.5836 -137.356 72.1737 7.4 1.1 0.8 2.5
2013.5863 -135.978 65.4005 5.1 1.1 0.8 2.5
2013.5890 -152.018 68.7316 12.9 1.1 0.8 2.5
2013.5918 -138.348 69.7309 4 1.2 0.8 2.5
2013.5945 -136.915 71.1744 3.7 1.2 1.0 2.5
2013.5973 -140.828 68.5095 1.1 1.1 0.8 2.5
2013.6000 -139.065 67.1771 -0.3 1.1 0.8 2.5
2013.6027 -141.986 68.0654 5.9 1.2 0.9 2.5
2013.6055 -145.458 68.9536 11.2 1.2 0.8 2.5
2013.6082 -148.214 67.3991 12.2 1.4 0.9 2.7
2013.6110 -146.34 67.9543 11.5 1.2 0.9 2.6
2013.6137 -138.844 68.3985 9 1.2 0.9 2.6
2013.6164 -138.954 67.5102 -4.3 2.0 1.2 3.8
2013.6192 -137.632 67.3991 9.9 1.5 1.1 3.2
2013.6219 -138.734 68.9536 6 1.3 0.9 2.6
2013.6274 -141.71 70.064 6.8 1.1 0.8 2.5
2013.6301 -139.12 67.6212 1.2 1.2 0.9 2.6
2013.6329 -141.986 69.5088 3.9 2.2 1.4 3.8
2013.6356 -143.75 67.9543 9.3 1.4 1.0 2.7
2013.6384 -142.096 68.6205 8.2 1.3 0.9 2.6
2013.6411 -145.348 69.953 13.5 1.2 0.9 2.6
2013.6438 -143.254 68.7316 12.8 1.7 1.1 3.2
2013.7068 -138.954 69.6199 11.9 1.2 1.0 2.8
2013.7096 -140.828 66.844 7.6 1.2 0.9 2.6
2013.7123 -143.419 66.955 11.2 1.2 0.9 2.7
2013.7151 -142.813 66.5108 4.9 1.3 0.9 2.7
2013.7178 -143.915 67.8433 12.9 1.1 0.8 2.5
2013.7205 -139.34 67.8433 8.9 1.1 0.8 2.5
2013.7288 -142.041 69.6199 15.2 3.0 2.4 5.8
2013.7315 -138.899 68.1764 3.5 1.2 0.8 2.5
2013.7342 -142.537 66.7329 10.7 1.1 0.8 2.5
2013.7370 -144.025 67.5102 11.9 1.2 0.8 2.5
2013.7397 -141.104 68.8426 8.4 1.1 0.8 2.5
2013.7425 -140.443 67.5102 7.5 1.1 0.8 2.5
2013.7452 -136.639 68.2874 5.7 1.1 0.9 2.6
2013.7479 -140.387 67.3991 3.4 1.1 0.8 2.5
2013.7507 -142.978 69.5088 5.1 1.1 0.8 2.5
2013.7534 -143.915 68.1764 10.4 1.4 0.9 2.8
2013.7562 -143.254 68.5095 7.1 1.1 0.9 2.5
2013.7589 -141.931 68.7316 11.6 1.1 0.8 2.5
2013.7616 -140.112 69.8419 3.5 1.1 0.8 2.5
2013.7644 -140.002 71.6185 5.4 1.1 0.9 2.5
2013.7671 -140.443 70.5082 4.8 1.1 0.8 2.5
2013.7699 -144.742 69.2868 17.6 1.3 0.9 2.8
2013.7726 -135.427 71.6185 2.7 1.6 1.2 3.4
2013.7753 -140.332 70.175 7.4 1.1 0.9 2.5
2013.7781 -142.317 67.9543 15 1.1 0.9 2.6
2013.7808 -156.592 70.175 15.2 4.5 2.0 6.4
2013.7863 -142.813 74.5055 7.5 2.2 1.6 4.4
2013.7890 -140.553 69.953 13.9 1.2 0.9 2.6
2013.7918 -142.041 71.9516 21.1 1.1 0.9 2.6
2013.7945 -142.317 68.8426 6.3 1.1 0.9 2.5
2013.7973 -146.836 69.8419 17.4 1.2 0.9 2.7
2013.8000 -144.301 69.0647 19.1 1.2 0.9 2.6
2013.8027 -144.632 69.6199 14.7 1.1 0.9 2.5
2013.8055 -143.143 71.6185 11.7 1.1 0.9 2.6
2013.8082 -145.789 74.6165 16.1 1.8 1.4 3.8
2013.8110 -143.254 69.5088 11.2 1.2 0.9 2.6
2013.8137 -142.206 69.0647 14.4 1.1 0.9 2.5
2013.8164 -145.128 72.7289 10.1 1.1 0.9 2.5
2013.8192 -143.97 69.2868 3.9 1.2 0.9 2.6
2013.8219 -146.506 72.2847 10.1 1.2 0.9 2.6
2013.8247 -146.451 70.064 22.7 1.1 0.9 2.6
2013.8274 -146.616 69.7309 10.6 1.1 0.9 2.5
2013.8301 -143.254 72.951 8.9 1.4 1.0 2.8
2013.8329 -146.781 72.1737 13.8 1.1 0.9 2.5
2013.8356 -143.97 72.1737 10 1.1 0.9 2.5
2013.8384 -144.136 72.2847 10.6 1.1 0.9 2.5
2013.8411 -144.632 70.064 10.3 1.1 0.9 2.5
2013.8438 -147.277 72.5068 7.9 1.4 1.1 3.0
2013.8466 -147.112 70.064 14.8 1.2 1.0 2.7
2013.8493 -143.364 72.2847 12.6 1.1 0.9 2.5
2013.8521 -145.844 70.2861 10.9 1.2 0.9 2.6
2013.8548 -145.514 72.0627 6.1 1.1 0.9 2.4
2013.8575 -141.931 71.7296 12.5 1.4 1.0 2.8
2013.8603 -136.695 75.2827 13.4 3.5 2.9 6.0
2013.9616 -149.206 72.6179 3 1.1 0.8 2.5
2013.9644 -148.435 72.7289 7.9 1.1 0.8 2.5
2013.9671 -150.584 71.3964 7.9 1.1 0.8 2.5
2013.9699 -150.584 72.951 10 1.1 0.8 2.5
2013.9726 -148.986 71.1744 7.7 1.1 0.8 2.5
2013.9753 -149.978 72.5068 9.5 1.1 0.8 2.5
2013.9781 -150.474 71.9516 16.1 1.1 0.8 2.5
2013.9808 -150.915 72.951 4.1 1.3 1.0 3.0
2013.9836 -145.734 70.064 6.1 1.2 0.9 2.5
2013.9863 -149.923 72.1737 10.3 1.1 0.8 2.5
2013.9890 -149.703 71.8406 7.6 1.1 0.8 2.5
2013.9918 -150.97 74.5055 11.9 1.2 0.8 2.5
2013.9945 -147.939 73.7282 7.5 1.1 0.8 2.5
2013.9973 -148.049 72.3958 4.7 1.1 0.8 2.5
2014.0000 -149.151 72.7289 9 1.1 0.8 2.5
2014.0027 -148.049 71.2854 11.6 1.3 0.9 2.5
2014.0055 -149.151 72.5068 5.6 1.2 0.8 2.5
2014.0082 -148.435 71.2854 2.3 1.2 0.9 2.5
2014.0110 -148.931 73.8393 8.4 1.4 1.1 3.1
2014.0137 -158.577 75.2827 13.1 1.2 0.9 2.5
2014.0164 -153.616 72.7289 13 1.2 0.9 2.5
2014.0192 -149.592 72.5068 9.9 1.2 0.9 2.5
2014.0219 -154.112 72.8399 5.6 1.1 0.8 2.5
2014.0247 -150.97 71.8406 3.6 1.2 0.8 2.6
2014.0274 -149.317 73.062 11.8 1.2 0.8 2.6
2014.0301 -150.309 74.5055 6.2 1.1 0.8 2.5
2014.0329 -151.136 72.2847 5.1 1.1 0.8 2.5
2014.0356 -151.742 73.8393 12 1.1 0.8 2.5
2014.0384 -152.403 71.2854 8.5 1.2 0.9 2.6
2014.0411 -152.018 71.7296 14 1.2 0.9 2.6
2014.0438 -155.71 75.3938 12.9 1.7 1.3 3.7
2014.0466 -161.939 74.0613 18.5 1.2 0.9 2.6
2014.0493 -155.655 71.9516 12.2 1.1 0.8 2.5
2014.0521 -149.372 70.8413 6.6 1.1 0.8 2.5
2014.0548 -154.333 74.3944 16.4 1.1 0.8 2.5
2014.0575 -160.23 72.951 7.8 1.2 0.9 2.5
2014.0630 -159.348 73.3951 11.6 1.1 0.8 2.5
2014.0658 -165.907 75.0607 14.2 1.5 0.9 2.9
2014.0712 -156.868 76.171 15.7 1.2 0.9 2.5
2014.0740 -154.388 74.2834 10.5 1.2 0.9 2.6
2014.0767 -154.608 76.2821 11.7 1.5 1.1 3.3
2014.0795 -154.167 73.7282 3.9 1.2 0.8 2.5
2014.0822 -153.561 74.2834 5 1.1 0.8 2.5
2014.0849 -152.293 72.2847 4.9 1.3 0.9 2.7
2014.0877 -151.907 71.9516 0.6 1.2 0.8 2.5
2014.0904 -154.498 73.3951 4.2 1.2 0.9 2.6
2014.0932 -154.443 71.9516 7.3 1.2 0.9 2.6
2014.0959 -153.506 72.951 3.5 1.2 0.9 2.5
2014.0986 -144.521 70.7302 0.2 2.7 1.9 4.6
2014.1014 -153.23 73.7282 2.7 1.2 0.8 2.5
2014.1041 -153.892 71.8406 3.5 1.2 0.8 2.6
2014.1068 -153.616 76.6152 3.3 1.3 0.9 2.6
2014.1096 -153.947 74.9496 6.5 1.3 0.9 2.6
2014.1123 -153.616 75.0607 0.6 1.2 0.9 2.5
2014.1151 -153.01 75.6158 3.2 1.1 0.8 2.5
2014.1178 -155.214 73.7282 3.7 1.2 0.8 2.5
2014.1205 -154.388 73.062 6.6 1.1 0.8 2.5
2014.1233 -154.277 72.6179 6.5 1.2 0.9 2.5
2014.1260 -152.899 72.7289 3.5 1.2 0.9 2.5
2014.1288 -149.703 72.8399 9.6 1.2 0.8 2.5
2014.1315 -155.6 74.1724 10.4 1.1 0.8 2.5
2014.1342 -155.325 73.173 6.4 1.2 0.9 2.6
2014.1370 -153.616 75.1717 2.1 1.8 1.1 3.1
2014.1397 -155.49 75.8379 7.1 1.6 1.1 3.0
2014.1425 -151.521 75.2827 0.9 1.2 0.9 2.5
2014.1452 -152.734 75.9489 7.6 1.2 0.9 2.5
2014.1479 -152.348 74.1724 6.3 1.2 0.9 2.6
2014.1507 -154.884 75.3938 2.3 1.1 0.8 2.5
2014.1534 -156.648 75.0607 -1.8 1.2 0.9 2.5
2014.1589 -154.553 74.5055 5.9 1.4 1.0 2.7
2014.1616 -157.419 74.0613 5.9 1.3 0.9 2.8
2014.1644 -154.277 75.3938 2.1 1.2 0.9 2.6
2014.1671 -154.884 74.9496 7 1.1 0.9 2.5
2014.1699 -154.773 75.0607 11.8 1.2 0.9 2.6
2014.1726 -155.931 75.6158 2.7 1.2 0.9 2.5
2014.1753 -157.915 74.9496 5.8 1.2 0.9 2.6
2014.1781 -156.482 75.7269 3.7 1.2 0.9 2.6
2014.1808 -158.577 74.8386 7.8 1.2 0.9 2.7
2014.1836 -155.104 73.173 7.6 1.2 0.9 2.6
2014.1863 -160.726 76.171 -1.1 2.7 2.1 5.6
2014.2329 -152.955 80.3904 3.9 2.2 1.6 4.2
2014.2356 -157.419 75.7269 8.6 3.8 2.1 5.6
2014.2384 -152.734 75.9489 4 1.2 0.9 2.5
2014.2411 -151.962 76.3931 2.4 1.3 0.9 2.6
2014.2438 -153.285 74.7275 -0.3 1.2 0.8 2.6
2014.2466 -154.222 77.7255 5.7 1.2 0.9 2.6
2014.2493 -153.12 77.2814 4.2 1.2 0.9 2.6
2014.2521 -153.175 75.6158 2.4 1.3 0.9 2.6
2014.2548 -153.892 76.171 -0.7 1.2 0.9 2.5
2014.2575 -153.23 76.171 -3.2 2.7 1.7 5.0
2014.2986 -156.703 77.9476 0.6 1.2 0.9 2.6
2014.3014 -156.096 77.6145 0.8 1.2 0.9 2.7
2014.3041 -156.758 78.7249 3.3 1.5 1.0 3.0
2014.3068 -153.671 79.3911 5.4 1.3 0.9 2.6
2014.3096 -153.892 77.3924 6.4 1.1 0.9 2.5
2014.3123 -158.907 78.0586 7.4 1.1 0.9 2.6
2014.3151 -152.293 77.8366 15.3 1.3 1.0 2.8
2014.3178 -155.38 76.3931 8.1 1.1 0.9 2.5
2014.3205 -159.238 77.5035 8.8 1.1 0.9 2.5
2014.3233 -159.459 79.8352 3.3 1.1 0.9 2.6
2014.3260 -159.293 77.0593 -0.6 1.2 0.9 2.5
2014.3288 -156.978 78.3917 0.9 1.5 1.2 2.9
2014.3315 -158.632 79.28 3.8 1.1 0.9 2.5
2014.3342 -154.939 79.8352 3.8 1.1 0.9 2.5
2014.3370 -152.514 79.058 2.6 2.7 1.9 5.3
2014.3397 -160.892 79.7242 4.2 1.5 1.0 2.9
2014.3425 -160.34 80.1683 1.8 1.2 0.9 2.6
2014.3452 -158.466 79.7242 9.2 1.1 0.9 2.5
2014.3479 -158.356 80.9456 7.2 1.1 0.9 2.5
2014.3507 -157.86 76.7262 8.4 1.2 0.9 2.7
2014.3562 -159.679 79.3911 -0.1 1.1 0.9 2.5
2014.3589 -156.813 80.3904 5.8 1.2 0.9 2.6
2014.3616 -158.081 79.058 3 1.1 0.9 2.5
2014.3644 -156.923 79.5021 4 1.1 0.9 2.5
2014.3671 -155.049 81.1677 6.5 1.1 0.9 2.5
2014.3699 -158.081 79.28 3.6 1.2 0.9 2.7
2014.3726 -158.742 79.3911 -0.1 1.1 0.9 2.5
2014.3781 -164.254 80.1683 -0.8 1.1 0.9 2.5
2014.3808 -158.687 77.6145 4.8 1.1 0.9 2.5
2014.3890 -158.246 75.8379 5.9 1.2 0.9 2.7
2014.3918 -156.923 80.1683 6 1.1 0.9 2.6
2014.3945 -159.128 79.169 7.7 1.4 1.0 3.0
2014.3973 -158.852 78.1697 5.9 1.1 0.9 2.5
2014.4000 -158.025 78.9469 5.6 1.1 0.9 2.6
2014.4027 -160.616 80.5014 6.1 1.1 0.9 2.5
2014.4055 -160.285 78.8359 7 1.1 0.9 2.6
2014.4082 -161.718 79.3911 6.1 1.1 0.9 2.6
2014.4110 -164.309 81.0566 9 1.2 1.0 2.7
2014.4137 -159.293 79.169 6.4 1.1 0.9 2.5
2014.4164 -160.396 78.6138 2.9 1.1 0.9 2.5
2014.4192 -161.222 81.1677 3.3 1.1 0.9 2.5
2014.4219 -160.01 78.2807 5.3 1.2 0.9 2.6
2014.4247 -160.781 80.3904 3.7 1.1 0.9 2.5
2014.4274 -160.781 80.1683 6.2 1.5 1.0 2.8
2014.4301 -158.577 81.8339 9.8 1.1 0.9 2.5
2014.4329 -160.34 80.0573 9.3 1.4 1.0 2.9
2014.4356 -161.333 79.6131 2.3 1.3 1.1 2.8
2014.4384 -161.388 79.5021 6.4 1.3 1.0 2.7
2014.4438 -161.333 82.5001 5.1 1.2 0.9 2.6
2014.4466 -157.64 80.9456 3.2 1.2 0.9 2.5
2014.4493 -159.293 80.7235 13.8 1.3 0.9 2.7
2014.4521 -162.655 79.28 6.6 1.2 0.9 2.5
2014.4575 -162.27 80.7235 9.5 1.1 0.9 2.5
2014.4603 -169.104 74.6165 15.5 3.2 2.5 6.7
2014.4986 -159.734 79.058 9 1.9 1.3 3.7
2014.5014 -160.726 77.9476 5.8 1.1 0.8 2.5
2014.5041 -161.112 79.7242 10.6 1.2 0.9 2.5
2014.5068 -160.837 77.7255 11.9 1.1 0.8 2.5
2014.5096 -164.033 80.1683 4.5 1.1 0.8 2.5
2014.5123 -162.104 78.8359 3.2 1.1 0.8 2.5
2014.5151 -162.6 81.7228 6 1.1 0.8 2.5
2014.5178 -162.38 78.6138 8.7 1.2 0.9 2.5
2014.5205 -159.624 79.3911 7 1.1 0.8 2.5
2014.5233 -166.018 81.6118 12.8 1.2 0.9 2.6
2014.5260 -171.364 80.3904 10.8 1.1 0.8 2.5
2014.5288 -160.23 77.7255 9.4 1.1 0.8 2.5
2014.5315 -159.238 78.0586 6.1 1.1 0.8 2.5
2014.5342 -160.396 78.1697 2.9 1.1 0.8 2.5
2014.5370 -157.64 80.2794 6.6 1.2 0.9 2.5
2014.5397 -164.64 78.2807 10.7 1.1 0.9 2.5
2014.5425 -159.624 77.9476 3.4 1.2 0.8 2.5
2014.5452 -161.939 77.7255 4.5 1.2 1.0 2.8
2014.5479 -162.821 77.1703 8.4 1.2 0.8 2.5
2014.5507 -159.679 79.3911 11.3 1.1 0.8 2.5
2014.5534 -157.199 79.7242 5 1.2 0.9 2.6
2014.5562 -158.522 78.7249 10.9 1.5 1.1 3.2
2014.5589 -161.002 79.7242 6.7 1.1 0.8 2.5
2014.5616 -162.049 79.058 0 1.1 0.8 2.5
2014.5699 -159.128 78.9469 8.3 1.2 0.9 2.6
2014.5726 -162.38 77.3924 0.5 1.2 0.9 2.6
2014.5753 -159.955 78.9469 2.2 1.1 0.8 2.5
2014.5781 -161.939 78.0586 2.8 1.1 0.8 2.5
2014.5836 -161.994 79.6131 4.1 1.2 0.8 2.6
2014.5863 -163.207 79.058 2.5 1.2 0.9 2.6
2014.5890 -165.356 79.5021 10.1 1.2 0.9 2.6
2014.5918 -160.01 76.8372 3.8 1.2 0.9 2.6
2014.5945 -163.592 80.2794 2.8 1.2 0.9 2.5
2014.6000 -166.293 82.7222 7 1.4 0.9 2.8
2014.6055 -168.608 81.7228 6.4 1.3 0.9 2.6
2014.6082 -167.726 77.7255 13 1.2 0.9 2.6
2014.6110 -164.86 77.0593 11.9 1.1 0.9 2.5
2014.6137 -163.207 77.1703 5.3 1.2 0.9 2.5
2014.6164 -165.356 81.6118 16.2 1.1 0.8 2.5
2014.6192 -162.27 79.3911 10.2 1.2 0.9 2.6
2014.6219 -167.892 77.0593 9.3 1.2 0.9 2.5
2014.6247 -166.955 79.5021 10.7 1.2 0.9 2.6
2014.6274 -158.466 79.9463 12.8 1.2 0.9 2.7
2014.6301 -162.655 78.6138 6.4 1.1 0.8 2.5
2014.6329 -166.624 79.169 8.9 1.2 0.8 2.5
2014.6356 -165.742 77.8366 6 1.3 0.9 2.6
2014.6384 -165.411 77.9476 2.8 1.2 0.8 2.5
2014.6411 -165.356 81.2787 6.3 1.2 0.9 2.6
2014.6438 -161.222 78.2807 8.7 1.6 1.2 3.4
2014.6466 -160.616 82.056 2.2 1.3 1.0 2.9
2014.6493 -171.419 80.9456 10.4 1.5 1.1 2.9
2014.6521 -175.002 77.5035 2.2 2.5 1.4 4.2
2014.6548 -170.096 79.28 5.4 1.7 1.0 3.0
2014.6575 -165.577 79.7242 12.5 1.4 1.0 2.7
2014.6603 -167.616 81.1677 14.7 1.2 0.9 2.6
2014.6630 -162.27 77.3924 8.8 1.3 0.9 2.6
2014.6658 -160.781 79.8352 18.5 1.2 0.8 2.5
2014.6685 -166.073 82.7222 1.7 1.1 0.8 2.5
2014.6712 -167.451 79.7242 6.8 1.1 0.8 2.5
2014.6740 -168.443 82.6111 8.8 1.2 0.9 2.5
2014.6767 -162.766 81.2787 10 1.2 0.9 2.6
2014.6795 -169.545 81.3897 6.1 1.2 0.9 2.5
2014.6822 -165.301 78.8359 6.7 1.2 0.8 2.5
2014.6849 -163.207 79.9463 9.7 1.2 0.9 2.6
2014.6877 -166.018 81.2787 13.7 1.1 0.8 2.5
2014.6904 -168.774 80.7235 8.2 1.1 0.9 2.5
2014.6932 -170.482 82.167 18.4 1.1 0.9 2.5
2014.6959 -165.522 83.6105 1.9 1.4 1.0 2.8
2014.6986 -171.033 84.2767 19.8 1.2 0.9 2.6
2014.7014 -167.341 80.2794 21.6 1.1 0.9 2.6
2014.7041 -165.191 79.9463 9.8 1.2 0.9 2.6
2014.7068 -169.104 80.2794 24.9 1.1 0.9 2.5
2014.7096 -172.411 80.6125 8 1.1 0.8 2.5
2014.7123 -167.01 78.8359 11.5 1.1 0.9 2.5
2014.7151 -167.892 83.2774 21.6 1.1 0.9 2.5
2014.7178 -166.018 79.8352 10.4 1.3 0.9 2.7
2014.7205 -167.781 79.3911 22.3 1.3 0.9 2.6
2014.7233 -167.396 80.1683 3.2 1.2 1.0 2.6
2014.7260 -159.293 76.6152 7.1 1.5 1.1 3.2
2014.7288 -168.829 80.0573 11.6 1.1 0.8 2.5
2014.7315 -160.065 80.1683 17.4 1.2 0.9 2.6
2014.7342 -161.443 79.6131 5.2 1.1 0.8 2.5
2014.7370 -163.372 80.8345 11.5 1.6 1.1 3.0
2014.7452 -161.939 87.7188 -9.6 3.2 2.8 6.4
2014.7479 -166.238 82.3891 6.9 1.2 0.9 2.6
2014.7507 -168.057 80.0573 2.5 1.2 0.9 2.5
2014.7534 -171.915 82.5001 13.2 1.1 0.9 2.6
2014.7562 -167.065 79.3911 10.7 1.2 0.9 2.6
2014.7589 -168.663 77.1703 12.3 1.1 0.8 2.5
2014.7616 -164.199 82.056 0.1 1.1 0.9 2.5
2014.7644 -165.356 81.7228 13.5 1.1 0.9 2.5
2014.7671 -166.238 80.5014 7.2 1.2 0.9 2.6
2014.7699 -165.081 81.8339 6.8 1.2 0.9 2.6
2014.7726 -166.404 79.7242 10.7 1.3 1.0 2.7
2014.7753 -170.427 78.8359 17.8 1.1 0.8 2.5
2014.7781 -171.75 77.2814 8.8 1.9 1.4 4.1
2014.7808 -170.703 78.3917 5.2 1.2 0.9 2.7
2014.7836 -160.616 82.3891 3.9 5.0 2.7 7.1
2014.7863 -166.459 84.2767 -5.5 4.4 2.3 6.1
2014.7890 -166.789 83.1663 13.1 1.5 1.2 3.1
2014.7918 -170.482 81.9449 12.9 1.3 1.0 2.7
2014.7945 -167.451 83.4994 5.5 1.6 1.3 3.3
2014.7973 -166.404 80.5014 10.1 1.9 1.6 4.2
2014.8000 -167.065 77.5035 12.4 1.9 1.4 3.9
2014.8027 -170.868 79.7242 15.7 1.3 1.0 2.7
2014.8055 -165.687 80.8345 13.3 1.3 1.0 2.9
2014.8082 -169.931 81.1677 7.1 1.5 1.1 3.1
2014.8110 -170.593 82.8332 18.8 1.8 1.4 3.9
2014.8137 -169.545 82.3891 14.6 1.2 0.9 2.5
2014.8164 -167.396 81.2787 4.7 1.1 0.8 2.5
2014.8192 -161.718 87.9409 13.8 3.2 2.0 5.5
2014.8219 -165.136 81.2787 11.5 1.1 0.9 2.6
2014.8247 -168.222 80.7235 14.4 1.6 1.1 3.3
2014.8274 -166.514 83.1663 9.7 1.1 0.9 2.5
2014.8301 -169.876 81.0566 9.2 1.3 1.1 2.8
2014.8329 -170.923 80.3904 10.5 1.1 0.9 2.5
2014.8356 -163.482 84.4988 8.4 2.9 2.0 5.3
2014.8384 -171.971 83.2774 18.3 1.1 0.9 2.5
2014.8411 -174.396 79.058 -6.6 2.9 2.0 5.5
2014.8438 -165.742 85.165 5.2 1.7 1.3 3.2
2014.8466 -169.104 83.2774 11.8 1.1 0.9 2.5
2014.8493 -168.222 82.9442 15.4 1.1 0.9 2.5
2014.8521 -169.159 81.6118 16.7 1.2 0.9 2.6
2014.8548 -169.325 81.9449 13.6 1.1 0.9 2.5
2014.8575 -168.829 83.0553 7.4 1.2 0.9 2.5
2014.8603 -170.152 82.278 14 1.3 1.0 2.8
2014.8630 -173.459 83.6105 14.4 1.1 0.9 2.5
2014.8658 -169.545 82.9442 13.3 1.1 0.9 2.5
2014.8685 -168.719 83.8325 13.7 1.1 0.9 2.5
2014.8712 -170.041 84.2767 11.8 1.1 0.9 2.5
2014.8740 -168.553 82.7222 12 1.2 0.9 2.5
2014.8767 -168.719 83.3884 6.6 1.3 0.9 2.5
2014.8795 -172.246 84.2767 15.6 1.1 0.9 2.5
2014.8822 -173.734 81.9449 19.7 1.1 0.9 2.5
2014.8849 -169.104 83.4994 17.6 1.1 0.9 2.5
2014.8877 -174.341 84.1656 12.3 1.2 0.9 2.6
2014.8904 -170.041 82.167 14.8 1.2 0.9 2.6
2014.8932 -173.679 83.1663 13 1.2 0.9 2.6
2014.8959 -170.648 81.1677 16.9 1.2 0.9 2.6
2014.8986 -172.356 82.056 10.4 1.2 0.9 2.6
2014.9014 -169.6 85.276 7.4 1.2 0.9 2.7
2014.9041 -167.781 82.9442 16.1 1.3 0.9 2.6
2014.9068 -168.774 83.3884 10.6 1.1 0.8 2.4
2014.9096 -169.931 83.2774 14.2 1.1 0.8 2.5
2014.9123 -172.136 81.6118 13.8 1.1 0.8 2.5
2014.9151 -167.175 83.4994 16.1 1.3 0.9 2.7
2014.9178 -169.435 82.8332 12.9 1.2 0.9 2.6
2014.9205 -174.341 83.9436 15.6 1.2 0.9 2.5
2014.9233 -169.6 85.165 7.9 1.1 0.8 2.5
2014.9260 -172.908 85.276 8.3 1.2 0.9 2.5
2014.9288 -169.27 83.3884 11.1 1.1 0.9 2.5
2014.9315 -169.545 83.7215 11.4 1.2 0.9 2.5
2014.9342 -173.018 83.1663 18.3 1.2 0.9 2.5
2014.9370 -173.459 84.6098 14.7 1.2 0.9 2.5
2014.9397 -174.616 82.7222 13.3 1.2 0.9 2.5
2014.9425 -173.734 82.7222 13.4 1.2 0.9 2.6
2014.9452 -167.947 81.9449 6.9 1.2 0.9 2.6
2014.9479 -172.301 83.3884 7.1 1.4 1.0 2.7
2014.9507 -173.018 82.9442 16.1 1.1 0.8 2.5
2014.9589 -173.018 82.9442 10.9 1.2 0.9 2.5
2014.9616 -174.671 82.8332 10.7 1.1 0.8 2.5
2014.9644 -173.514 82.8332 6.8 1.2 1.0 2.6
2014.9671 -173.679 82.3891 10.9 1.1 0.8 2.5
2014.9699 -174.341 83.4994 5 1.1 0.8 2.4
2014.9726 -180.569 82.5001 8.8 1.8 1.3 3.6
2014.9753 -174.286 81.2787 8.6 1.3 0.9 2.6
2014.9781 -173.955 84.8319 10 1.2 0.9 2.5
2014.9808 -169.711 80.6125 -0.1 1.6 1.2 3.5
2014.9890 -171.695 83.2774 8 1.2 0.8 2.5
2014.9918 -173.459 83.3884 5.1 1.1 0.8 2.4
2014.9945 -174.396 83.6105 7.8 1.3 0.9 2.6
2014.9973 -179.742 87.1636 6.2 1.2 0.8 2.4
2015.0000 -173.569 85.8312 8.7 1.1 0.8 2.5
2015.0027 -177.923 85.6091 8.6 2.6 2.3 5.4
2015.0055 -171.144 84.0546 8.9 1.2 0.8 2.5
2015.0082 -178.475 85.8312 7.6 1.1 0.8 2.4
2015.0110 -171.971 84.6098 8.5 1.4 1.0 2.7
2015.0137 -173.955 84.9429 5.1 1.1 0.8 2.5
2015.0164 -173.293 84.1656 5.3 1.2 0.9 2.4
2015.0219 -177.538 83.0553 14 1.2 0.8 2.5
2015.0247 -181.671 83.3884 12.2 1.2 0.9 2.5
2015.0274 -174.12 83.2774 9 1.1 0.8 2.4
2015.0301 -174.671 82.6111 11 1.2 0.9 2.5
2015.0329 -176.711 84.1656 10.1 1.2 0.9 2.5
2015.0384 -178.585 82.056 15.4 1.2 0.9 2.5
2015.0411 -176.545 81.8339 12.2 1.2 0.8 2.5
2015.0438 -177.593 79.7242 10.4 1.2 0.8 2.5
2015.0466 -176.6 82.8332 15.1 1.1 0.8 2.5
2015.0493 -173.238 82.278 9.8 1.2 0.8 2.5
2015.0521 -174.12 82.167 8.2 1.1 0.8 2.5
2015.0548 -176.38 82.8332 5.8 1.2 0.9 2.6
2015.0575 -174.286 83.1663 6.5 1.2 0.8 2.5
2015.0603 -177.041 82.056 11.9 1.2 0.8 2.5
2015.0630 -179.908 81.8339 11.9 1.2 0.9 2.5
2015.0658 -175.553 81.7228 15.4 1.2 0.9 2.5
2015.0685 -172.852 83.0553 11 1.3 0.9 2.5
2015.0712 -173.183 83.8325 3.3 1.5 0.9 2.7
2015.0740 -173.018 82.3891 2.9 1.2 0.8 2.5
2015.0767 -176.986 85.7202 7.6 1.4 0.9 2.6
2015.0795 -176.656 83.3884 12.2 1.2 0.9 2.5
2015.0822 -177.923 85.0539 11.5 1.2 0.9 2.5
2015.0849 -175.663 85.0539 12.5 1.7 1.2 3.5
2015.0877 -174.892 84.1656 8.6 1.2 0.9 2.6
2015.0904 -174.396 85.276 8.6 1.4 0.9 2.7
2015.0932 -177.978 83.6105 10 1.3 0.9 2.6
2015.0959 -177.207 86.0533 14.4 1.4 1.0 2.9
2015.0986 -171.419 88.4961 14.3 2.5 1.7 4.7
2015.1014 -177.538 86.9416 6.8 1.3 0.9 2.7
2015.1041 -174.286 82.3891 6.8 1.4 1.0 2.7
2015.1068 -177.152 84.6098 5.9 1.2 0.9 2.5
2015.1096 -179.136 84.4988 2.6 1.2 0.9 2.5
2015.1123 -176.821 85.7202 12 1.2 0.9 2.5
2015.1151 -177.317 84.2767 10.3 1.2 0.9 2.6
2015.1178 -178.089 85.4981 5.6 1.2 0.9 2.5
2015.1205 -178.144 85.9422 13.1 1.2 0.9 2.5
2015.1233 -180.569 85.165 9.1 1.3 0.9 2.6
2015.1260 -176.766 87.6078 12.7 1.2 0.9 2.5
2015.1288 -182.553 85.8312 17.6 1.2 0.9 2.5
2015.1315 -182.553 82.9442 11.4 1.4 0.9 2.6
2015.1342 -176.49 83.1663 10.1 1.2 0.9 2.6
2015.1370 -179.356 86.8305 11.6 1.1 0.9 2.5
2015.1397 -182.774 88.9402 11.6 1.2 0.9 2.5
2015.1425 -183.545 86.9416 17.1 1.2 0.9 2.5
2015.1452 -186.963 87.2747 15.6 1.2 0.9 2.6
2015.1479 -178.254 84.2767 15.9 1.5 1.0 2.8
2015.1507 -180.569 87.8298 14.4 2.1 1.4 3.5
2015.1616 -178.199 87.0526 12.3 1.2 0.9 2.5
2015.1644 -177.152 87.4967 12.8 1.3 0.9 2.7
2015.1671 -180.404 88.385 9.9 1.5 1.0 2.8
2015.1699 -181.451 87.8298 15.6 1.1 0.9 2.5
2015.1726 -178.144 85.165 13 1.2 0.9 2.5
2015.1753 -180.734 86.0533 16.5 1.2 0.9 2.5
2015.1808 -178.034 85.9422 16.9 1.2 0.9 2.6
2015.1836 -176.27 86.4974 9.8 1.2 0.9 2.5
2015.1863 -181.451 86.6084 7.1 1.2 0.8 2.5
2015.1890 -176.711 88.8292 9.6 1.1 0.8 2.5
2015.1918 -175.333 87.7188 6.5 1.2 0.8 2.5
2015.1945 -174.837 87.2747 8.8 1.4 1.0 2.8
2015.1973 -177.978 85.165 13.9 1.2 0.9 2.6
2015.2000 -176.876 87.9409 3 1.1 0.8 2.5
2015.2027 -178.915 86.2753 4.9 1.1 0.8 2.5
2015.2055 -178.695 85.6091 11.6 1.1 0.8 2.5
2015.2082 -172.632 83.8325 14 2.0 1.3 3.5
2015.2110 -177.097 85.9422 14.3 1.3 0.9 2.8
2015.2137 -179.467 88.0519 9.6 1.4 0.9 2.7
2015.2164 -177.648 87.0526 9 1.2 0.9 2.6
2015.2192 -176.821 86.1643 6.9 1.2 0.9 2.5
2015.2219 -175.498 86.8305 5.1 1.2 0.9 2.6
2015.2247 -175.939 87.4967 10.6 1.2 0.9 2.6
2015.2274 -179.026 86.2753 16.2 1.4 1.0 3.0
2015.2603 -175.002 87.6078 14.3 1.6 1.3 3.5
2015.2630 -177.758 88.0519 12 1.2 0.9 2.5
2015.2658 -179.301 87.3857 13 1.3 1.1 2.9
2015.2685 -177.262 86.0533 11.2 1.1 0.9 2.5
2015.2712 -178.75 87.9409 9.4 1.1 0.9 2.5
2015.2740 -180.349 87.2747 11.6 1.3 1.0 2.7
2015.2767 -182.884 87.0526 8.6 1.4 1.0 2.8
2015.2795 -179.632 88.9402 6.5 1.1 0.9 2.5
2015.2822 -178.364 90.4947 6.2 1.1 0.9 2.5
2015.2849 -176.656 87.3857 10 1.1 0.9 2.5
2015.2877 -181.947 88.0519 7.3 1.3 1.0 2.7
2015.2904 -177.593 88.6071 9 1.5 1.0 2.8
2015.2932 -177.813 90.0506 7.5 1.2 0.9 2.7
2015.2986 -178.309 84.2767 11 1.2 0.9 2.7
2015.3014 -178.364 87.8298 9.4 1.1 0.9 2.5
2015.3041 -182.774 87.4967 6.2 1.2 0.9 2.5
2015.3068 -182.388 89.7175 6.2 1.1 0.9 2.5
2015.3096 -174.506 89.8285 6.5 1.1 0.8 2.4
2015.3123 -178.915 89.7175 2.5 1.1 0.8 2.5
2015.3151 -178.805 90.3837 2.9 1.1 0.8 2.5
2015.3178 -179.963 88.8292 5.4 1.1 0.8 2.4
2015.3205 -180.79 88.0519 9.9 1.1 0.9 2.5
2015.3233 -175.608 90.1616 8.2 1.1 0.9 2.5
2015.3260 -179.301 89.6064 7.3 1.1 0.8 2.5
2015.3288 -179.632 87.1636 7.4 1.6 1.3 3.5
2015.3315 -185.089 91.272 3.6 1.6 1.4 3.7
2015.3342 -180.679 90.7168 6.6 1.1 0.8 2.5
2015.3370 -182.388 90.4947 8.1 1.1 0.9 2.5
2015.3397 -181.616 89.9395 5.8 1.1 0.8 2.5
2015.3425 -177.923 88.7181 8.1 1.1 0.8 2.5
2015.3452 -180.955 87.4967 5.2 1.3 0.9 2.7
2015.3479 -184.813 90.1616 9.2 1.1 0.8 2.5
2015.3507 -186.301 91.0499 16.8 1.1 0.8 2.5
2015.3534 -182.553 90.4947 11.4 1.1 0.9 2.6
2015.3562 -183.27 88.7181 11.8 1.2 0.9 2.6
2015.3589 -184.868 90.0506 6.1 1.2 0.9 2.5
2015.3616 -181.671 90.8278 6.2 1.3 1.1 2.8
2015.3644 -185.585 89.6064 9.3 1.3 1.0 2.7
2015.3671 -184.482 89.4954 6.5 1.1 0.8 2.4
2015.3699 -181.837 89.6064 3.7 1.1 0.8 2.5
2015.3753 -182.057 89.6064 8.9 1.1 0.8 2.5
2015.3781 -182.553 90.4947 5.3 1.1 0.9 2.5
2015.3808 -183.105 90.1616 8.7 1.1 0.9 2.6
2015.3836 -182.223 90.4947 7.4 1.1 0.8 2.5
2015.3863 -183.656 89.8285 7.1 1.1 0.8 2.5
2015.3890 -184.372 89.1623 3.5 1.1 0.8 2.5
2015.3918 -182.608 91.383 11.4 1.1 0.8 2.4
2015.3945 -188.451 88.6071 18.1 1.2 0.9 2.6
2015.3973 -185.916 93.7148 6.7 2.6 2.1 5.8
2015.4027 -180.293 92.3823 16 3.1 1.9 5.3
2015.4055 -179.797 91.0499 3.7 1.1 0.8 2.5
2015.4082 -181.01 90.1616 9.4 1.1 0.9 2.6
2015.4164 -187.679 91.6051 10.2 1.1 0.8 2.4
2015.4192 -184.868 90.0506 5.7 1.1 0.9 2.5
2015.4219 -186.412 91.7161 12.7 1.1 0.8 2.4
2015.4247 -191.979 91.7161 14 1.2 0.9 2.6
2015.4274 -186.191 89.0512 6.9 1.1 0.8 2.5
2015.4301 -182.829 89.8285 22.6 2.2 1.5 4.3
2015.4795 -184.262 91.383 4.7 2.2 1.4 4.0
2015.4822 -185.419 88.274 6.1 1.7 1.1 3.1
2015.4849 -186.577 90.3837 11.4 1.2 0.9 2.6
2015.4877 -183.545 90.4947 14.2 1.2 0.8 2.5
2015.4904 -184.372 92.2713 15.2 1.1 0.8 2.5
2015.4932 -185.64 91.9382 14.6 1.1 0.8 2.5
2015.4959 -186.357 90.0506 11.4 1.2 0.9 2.6
2015.4986 -184.758 92.8265 1.8 1.1 0.8 2.5
2015.5014 -182.829 90.7168 8.3 1.5 1.0 3.1
2015.5041 -190.601 93.4927 2.5 1.2 0.9 2.5
2015.5068 -189.223 93.3817 6.5 1.3 0.9 2.6
2015.5096 -185.309 94.7141 2.9 1.3 0.9 2.6
2015.5123 -187.569 92.1603 11.1 1.2 0.9 2.5
2015.5151 -188.727 93.0486 8.4 1.3 0.9 2.6
2015.5178 -186.853 90.8278 6.1 1.6 1.2 3.3
2015.5205 -183.105 92.6044 6.6 1.1 0.8 2.5
2015.5233 -184.703 92.8265 14.2 1.1 0.8 2.5
2015.5260 -183.435 92.4934 8.8 1.3 0.9 2.6
2015.5288 -183.325 91.0499 6.9 1.2 0.8 2.5
2015.5315 -183.545 91.4941 12.4 1.7 1.1 3.1
2015.5397 -194.073 94.9362 23.2 3.0 1.9 5.3
2015.5425 -186.026 92.7155 12.8 1.3 0.9 2.6
2015.5452 -185.475 92.4934 7.3 1.1 0.8 2.5
2015.5507 -184.262 93.9369 8 1.2 0.9 2.6
2015.5534 -186.687 90.9389 9.1 1.2 0.9 2.6
2015.5562 -190.049 90.6058 12.9 1.1 0.9 2.5
2015.5589 -183.711 92.8265 9.2 1.2 0.9 2.6
2015.5616 -187.514 91.7161 6 1.1 0.8 2.5
2015.5644 -191.427 92.3823 3.9 1.2 0.9 2.5
2015.5671 -187.845 92.6044 6.9 1.1 0.8 2.5
2015.5699 -190.38 91.383 9.3 1.2 0.9 2.6
2015.5726 -189.333 91.0499 5.5 1.2 0.9 2.6
2015.5753 -186.632 93.7148 7.2 1.2 0.9 2.5
2015.5781 -189.057 92.4934 5.3 1.1 0.8 2.5
2015.5808 -188.451 92.9375 9.8 1.1 0.8 2.5
2015.5836 -187.569 93.3817 9.3 1.1 0.8 2.5
2015.5863 -191.317 91.9382 12.6 1.2 0.9 2.7
2015.5890 -188.12 92.0492 10.7 1.1 0.8 2.5
2015.5918 -189.829 91.6051 10 1.1 0.8 2.5
2015.5945 -187.073 92.0492 7.8 1.2 0.9 2.5
2015.5973 -187.514 90.2726 2.1 1.2 0.9 2.5
2015.6000 -187.734 92.0492 14.2 1.8 1.2 3.3
2015.6027 -188.175 91.8272 14.4 1.3 0.9 2.8
2015.6055 -184.868 89.1623 16.2 1.2 0.9 2.6
2015.6082 -188.065 94.0479 7.1 1.1 0.8 2.5
2015.6110 -188.451 92.3823 5.3 1.1 0.8 2.5
2015.6137 -190.656 91.9382 11.8 1.1 0.8 2.5
2015.6164 -190.105 89.8285 5.9 1.1 0.9 2.5
2015.6192 -192.585 92.6044 11.9 1.1 0.9 2.5
2015.6219 -188.892 92.8265 18.3 1.4 0.9 2.8
2015.6247 -188.341 94.381 9.5 1.3 1.0 2.7
2015.6274 -192.309 91.6051 22.5 1.4 0.9 2.6
2015.6301 -190.986 90.9389 11.7 1.1 0.8 2.4
2015.6329 -186.522 90.9389 8.9 1.3 0.9 2.5
2015.6356 -187.679 93.8258 15.1 1.3 0.9 2.6
2015.6384 -187.624 92.6044 5.6 1.3 1.1 2.9
2015.6411 -187.9 92.0492 16 1.2 0.9 2.6
2015.6438 -188.12 90.7168 14.3 1.3 0.9 2.7
2015.6466 -189.719 91.8272 11.9 1.1 0.8 2.5
2015.6493 -192.475 92.3823 7.2 1.1 0.9 2.5
2015.6521 -189.553 91.6051 14.3 1.3 0.9 2.7
2015.6548 -190.105 88.385 15.2 1.8 1.2 3.2
2015.6575 -190.105 95.0472 11.8 1.7 1.1 3.1
2015.6603 -189.553 90.0506 15 1.1 0.9 2.5
2015.6630 -190.435 90.4947 12.7 1.1 0.8 2.4
2015.6658 -188.01 91.7161 9.7 1.1 0.8 2.5
2015.6685 -188.286 90.3837 10.6 1.1 0.9 2.5
2015.6712 -190.546 90.1616 14.4 1.1 0.9 2.5
2015.6740 -195.12 90.8278 9.8 1.1 0.8 2.5
2015.6767 -189.664 93.2706 11.3 1.3 0.9 2.6
2015.6795 -189.664 92.7155 15.5 1.1 0.8 2.5
2015.6822 -188.671 91.9382 14 1.1 0.8 2.5
2015.6849 -190.435 92.7155 13.6 1.2 0.9 2.6
2015.6877 -192.695 90.8278 20.3 1.1 0.9 2.6
2015.6904 -183.215 92.9375 17.1 1.9 1.2 3.5
2015.6932 -188.947 88.274 18.5 1.2 0.9 2.6
2015.6959 -187.79 95.2693 16.2 1.5 1.0 3.0
2015.6986 -187.679 91.6051 15.3 1.1 0.8 2.5
2015.7014 -191.207 92.8265 16.6 1.1 0.8 2.5
2015.7041 -189.664 90.4947 15.2 1.1 0.9 2.5
2015.7068 -192.42 92.9375 16 1.1 0.8 2.5
2015.7096 -192.364 94.1589 19.1 1.1 0.8 2.5
2015.7123 -190.27 91.8272 16.4 1.1 0.8 2.5
2015.7151 -189.168 93.6037 18.6 1.3 0.9 2.5
2015.7178 -188.506 93.8258 17.1 1.1 0.8 2.5
2015.7205 -189.002 90.4947 15.6 1.7 1.2 3.2
2015.7233 -192.64 93.9369 10.3 1.1 0.8 2.4
2015.7260 -193.357 92.4934 14.6 1.1 0.9 2.6
2015.7288 -191.813 95.4914 10.9 1.1 0.9 2.5
2015.7315 -189.553 92.6044 12.1 1.1 0.8 2.5
2015.7342 -189.884 91.8272 13.3 1.1 0.9 2.5
2015.7370 -190.821 92.1603 12.8 1.1 0.8 2.5
2015.7397 -194.9 93.8258 19.6 1.1 0.8 2.5
2015.7425 -191.758 92.6044 18.6 1.2 0.9 2.7
2015.7452 -192.034 89.3844 22.6 1.1 0.9 2.5
2015.7479 -193.191 92.6044 12.2 1.1 0.9 2.5
2015.7507 -193.963 95.3803 17.8 1.1 0.9 2.6
2015.7534 -192.199 94.492 15 1.1 0.9 2.6
2015.7562 -191.868 92.8265 20 1.2 0.9 2.5
2015.7589 -192.475 93.8258 15.1 1.2 1.0 2.6
2015.7616 -192.309 93.9369 14.5 1.2 0.9 2.6
2015.7644 -194.073 95.4914 14.7 1.1 0.9 2.5
2015.7671 -188.671 93.6037 13.7 1.6 1.1 3.0
2015.7699 -192.199 94.9362 20.1 1.2 0.9 2.6
2015.7726 -194.073 91.4941 21.3 1.1 0.9 2.5
2015.7753 -192.144 92.9375 14.4 1.1 0.8 2.4
2015.7781 -197.546 94.27 18.3 1.1 0.9 2.5
2015.7808 -184.813 92.2713 16.2 1.1 0.9 2.5
2015.7836 -191.427 93.9369 12.8 1.2 0.9 2.5
2015.7863 -191.924 94.492 19.2 1.1 0.9 2.5
2015.7890 -193.632 95.7134 13 1.1 0.8 2.5
2015.7918 -194.514 95.2693 16.3 1.1 0.9 2.5
2015.7945 -193.136 92.1603 23.4 1.2 0.9 2.6
2015.7973 -192.199 94.7141 16.5 1.2 0.9 2.7
2015.8000 -194.404 93.3817 16.4 1.1 0.9 2.5
2015.8027 -194.238 92.3823 16.7 1.1 0.9 2.6
2015.8055 -193.467 93.3817 15.3 1.1 0.8 2.5
2015.8082 -191.703 94.27 13.1 1.1 0.9 2.5
2015.8137 -191.483 94.6031 34.7 2.1 1.4 4.3
2015.8164 -193.301 96.7128 10.6 1.2 0.9 2.7
2015.8301 -197.38 94.27 13.5 1.2 1.0 2.7
2015.8329 -193.081 95.2693 8.3 1.1 0.9 2.5
2015.8356 -192.64 96.3797 12.7 1.1 0.9 2.5
2015.8384 -194.349 94.1589 13.2 1.1 0.9 2.5
2015.8411 -197.27 94.7141 11.5 1.4 1.1 2.9
2015.8438 -191.042 87.6078 14.3 2.1 2.1 5.0
2015.8466 -194.79 92.7155 14.1 1.1 0.9 2.5
2015.8493 -195.176 91.0499 16.2 1.1 0.9 2.6
2015.8521 -190.821 93.8258 12.9 1.4 1.1 2.9
2015.8548 -191.593 93.8258 9.6 1.1 0.9 2.5
2015.8575 -196.057 93.4927 16.8 1.2 0.9 2.6
2015.8603 -194.514 93.6037 19.9 1.2 0.9 2.6
2015.8630 -193.908 94.8251 16 1.1 0.9 2.5
2015.8658 -197.656 92.4934 13.1 1.2 1.0 2.8
2015.8685 -193.301 94.381 10.5 1.1 0.9 2.5
2015.8712 -194.238 94.1589 5.8 1.1 0.9 2.5
2015.8740 -193.908 93.1596 7.8 1.1 0.8 2.5
2015.8767 -196.057 92.7155 13.1 1.1 0.9 2.5
2015.8795 -194.624 91.8272 11.3 1.1 0.8 2.5
2015.8822 -192.695 95.0472 8.1 1.1 0.9 2.5
2015.8849 -195.782 92.2713 14.4 1.1 0.9 2.5
2015.8877 -197.711 93.1596 17.3 1.1 0.9 2.5
2015.8904 -195.065 93.7148 14.9 1.1 0.9 2.5
2015.8932 -190.986 95.1583 14.1 1.1 0.8 2.5
2015.8959 -195.231 93.4927 15.2 1.1 0.9 2.6
2015.8986 -201.128 93.2706 18.3 1.1 0.9 2.5
2015.9014 -198.483 93.8258 16.8 1.1 0.9 2.6
2015.9068 -202.12 92.7155 17.9 1.3 0.9 2.7
2015.9096 -198.042 92.6044 11 1.2 0.9 2.7
2015.9123 -198.813 93.7148 13.1 1.1 0.9 2.6
2015.9178 -197.656 94.1589 10.5 1.2 0.9 2.6
2015.9205 -198.813 94.0479 14 1.1 0.8 2.5
2015.9233 -198.042 95.1583 11 1.1 0.9 2.5
2015.9260 -197.16 94.1589 9.6 1.1 0.9 2.5
2015.9288 -195.672 93.2706 10 1.2 0.9 2.6
2015.9315 -193.742 97.0459 2.1 2.6 2.6 5.7
2015.9342 -196.057 96.4907 12.9 1.2 0.9 2.6
2015.9370 -194.183 94.27 5.3 1.1 0.9 2.6
2015.9397 -199.254 92.3823 10.4 1.6 1.0 2.9
2015.9425 -204.821 96.6017 6 1.7 1.4 3.8
2015.9452 -195.01 95.7134 8.4 1.7 1.3 3.4
2015.9479 -199.805 93.7148 11.9 1.1 0.9 2.5
2015.9507 -199.64 95.2693 8.2 1.1 0.8 2.5
2015.9534 -196.002 91.7161 16.2 1.2 0.9 2.6
2015.9562 -197.931 94.1589 11.8 1.1 0.8 2.5
2015.9589 -197.987 94.492 5.7 1.1 0.9 2.6
2015.9644 -197.49 94.8251 12 1.1 0.8 2.6
2015.9671 -198.648 95.8245 12 1.4 1.1 3.3
2015.9699 -198.428 97.49 3.3 2.5 1.5 3.8
2015.9726 -198.813 94.0479 11.8 1.5 1.0 2.8
2015.9753 -202.286 95.6024 8.7 1.2 0.9 2.6
2015.9781 -198.262 96.9348 7.3 1.1 0.8 2.4
2015.9808 -194.845 96.6017 8.3 1.1 0.8 2.5
2015.9836 -200.191 94.7141 7.2 1.1 0.8 2.5
2015.9863 -200.632 94.27 16 1.1 0.8 2.5
2015.9890 -203.719 95.9355 13.5 1.1 0.8 2.5
2015.9918 -204.325 96.8238 10.8 1.9 1.5 4.2
2015.9945 -200.798 95.1583 10.5 1.5 1.3 3.5
2016.0000 -209.506 98.8225 13.7 2.1 1.7 4.1
2016.0027 -198.648 99.9328 12.7 2.7 1.7 4.4
2016.0055 -197.876 93.6037 12.6 1.3 1.0 2.8
2016.0082 -198.924 93.8258 10.6 1.2 0.9 2.5
2016.0137 -198.868 97.0459 19.3 1.3 0.9 2.7
2016.0164 -188.451 96.4907 12.3 2.0 1.4 4.0
2016.0219 -200.026 99.7107 8.5 3.3 1.9 5.5
2016.0247 -202.176 97.1569 8.3 1.1 0.8 2.5
2016.0274 -200.908 96.8238 15.9 1.4 0.9 2.8
