1995.5370 0 0 0 4.4 1.7 6.0
1995.5397 6.9112 2.77671 8.6 2.8 1.2 4.1
2003.4521 -107.828 -96.7405 -10.6 4.8 2.2 6.3
2003.4548 -108.851 -97.518 -26.1 1.3 0.9 2.6
2003.4575 -106.804 -96.5184 -23.8 1.3 0.9 2.7
2003.4603 -101.748 -94.1859 -22.9 1.3 0.9 2.7
2003.4630 -108.979 -96.8516 -33.7 1.3 0.9 2.7
2016.4274 -285.983 -253.458 -46.6 1.2 0.8 2.7
2016.4274 -286.943 -249.904 -69.1 1.2 0.8 2.4
2016.4301 -286.559 -252.68 -58.5 1.2 0.8 2.8
2016.4301 -286.751 -248.904 -75.6 1.2 0.8 2.4
2016.4329 -283.935 -252.236 -45.3 1.3 0.9 3.0
2016.4329 -285.215 -250.792 -67.5 1.3 0.9 2.6
