2021.6301 0 0 0 7.9 3.2 8.2
2021.6329 30.1453 -3.1097 -18.2 1.3 0.9 2.7
2021.6356 25.9275 -0.999548 -25.7 1.3 0.9 2.7
2021.6384 29.9593 -3.99819 -22.6 1.3 1.0 2.8
2021.6411 31.0758 -4.88668 -32.8 1.3 1.0 2.8
2021.6438 31.7581 -5.44198 -20.7 1.3 1.0 2.8
2021.6466 31.0758 -10.884 -22.8 1.3 0.9 2.7
2021.6493 33.805 -6.44153 -22.4 1.3 0.9 2.7
2021.6521 33.2467 -7.44108 -21.7 1.3 0.9 2.7
2021.6548 27.9744 -6.66365 -16.3 1.3 0.9 2.7
2021.6575 32.6885 -9.99548 -14.1 1.3 0.9 2.7
2021.6603 32.3783 -12.5499 -14.8 1.3 0.9 2.7
2021.6630 33.3087 -13.7715 -17.7 1.3 0.9 2.7
2021.6658 27.168 -13.7715 -24.4 1.3 0.9 2.7
2021.6685 32.8745 -16.1038 -24.9 1.3 0.9 2.7
2021.6712 30.3314 -15.5485 -23 1.3 1.0 2.8
2021.6740 35.9759 -16.7702 -23.5 1.4 1.0 2.9
2021.6767 31.0758 -17.1034 -21.6 1.5 1.0 2.9
2021.6795 34.8594 -15.5485 -19.2 1.4 1.0 2.8
2021.6822 33.991 -16.9923 -19.6 1.3 0.9 2.7
2021.6849 32.0682 -18.325 -15.3 1.3 0.9 2.7
2021.6877 31.1998 -17.3255 -18.1 1.3 0.9 2.7
2021.6904 35.0455 -21.2126 -20.2 1.3 0.9 2.7
2021.6932 33.991 -21.6569 -15.4 1.3 0.9 2.7
2021.6959 33.7429 -21.879 -19.2 1.3 0.9 2.7
2021.6986 36.0379 -21.9901 -12 1.3 0.9 2.7
2021.7014 37.9608 -22.7675 -14.7 1.3 0.9 2.7
2021.7041 37.9608 -22.6564 -13.1 1.3 0.9 2.7
2021.7068 37.7747 -22.7675 -14.2 1.3 0.9 2.7
2021.7096 34.4252 -23.767 -19.9 1.3 0.9 2.7
2021.7123 35.8519 -23.9891 -18.2 1.3 0.9 2.7
2021.7151 34.9835 -26.3214 -12.9 1.3 0.9 2.7
2021.7178 37.8367 -25.7661 -15.8 1.3 0.9 2.7
2021.7205 35.1696 -26.3214 -16.5 1.3 0.9 2.7
2021.7233 36.5342 -25.6551 -13.3 1.3 0.9 2.7
2021.7260 34.8594 -26.9878 -18.2 1.2 0.9 2.7
2021.7288 38.8912 -28.4316 -13.2 1.2 0.9 2.7
2021.7315 39.5115 -28.7648 -19.1 1.3 1.0 2.8
2021.7342 36.5342 -27.2099 -13.6 1.3 0.9 2.7
2021.7370 38.1469 -29.0979 -19.7 1.3 0.9 2.7
2021.7397 39.8216 -31.7634 -16.7 1.2 0.9 2.7
2021.7425 41.3103 -30.8749 -14.2 1.2 0.9 2.7
2021.7452 37.6507 -29.8754 -10.5 1.3 1.0 2.8
2021.7479 38.457 -32.763 -16.1 1.3 0.9 2.7
2021.7507 37.8367 -32.0966 -12.5 1.3 0.9 2.7
2021.7534 36.8443 -31.9855 -19.6 1.2 0.9 2.7
2021.7562 43.3572 -34.3178 -16.2 1.2 0.9 2.7
2021.7589 42.5508 -32.6519 -10.4 1.2 0.9 2.7
2021.7616 41.0001 -32.0966 -15.4 1.2 0.9 2.7
2021.7644 41.2483 -35.8727 -8.9 1.3 0.9 2.7
2021.7671 41.4964 -34.4289 -15.7 1.3 0.9 2.7
2021.7699 40.1938 -33.4293 -18.3 1.2 0.9 2.7
2021.7726 42.1166 -36.0948 -16.6 1.2 0.9 2.7
2021.7753 43.0471 -35.5395 -13.3 1.2 0.9 2.7
2021.7781 40.5039 -37.2054 -16.8 1.2 0.9 2.7
2021.7808 40.8761 -37.3165 -13.1 1.3 0.9 2.7
2021.7836 42.3027 -40.4262 -15.1 1.3 0.9 2.7
2021.7863 43.2331 -38.7602 -12.3 1.2 0.9 2.7
2021.7890 39.5115 -39.0934 -17.9 1.3 0.9 2.7
2021.7918 40.69 -40.7593 -10.1 1.3 0.9 2.7
2021.7945 44.4737 -40.3151 -15 1.2 0.9 2.7
2021.7973 42.4888 -42.6474 -11 1.3 0.9 2.7
2021.8000 40.4419 -41.0925 -15.1 1.3 0.9 2.7
2021.8027 43.5433 -42.0921 -17.8 1.3 1.0 2.8
2021.8055 39.1393 -43.758 -9.9 1.3 1.0 2.8
2021.8082 43.2952 -42.0921 -16 1.2 0.9 2.7
2021.8110 41.5584 -42.6474 -16.9 1.3 0.9 2.7
2021.8137 45.0319 -43.6469 -10.4 1.3 0.9 2.8
2021.8164 41.8065 -43.758 -16.2 1.3 0.9 2.7
2021.8192 41.9306 -44.5354 -15.8 1.3 0.9 2.7
2021.8219 42.7369 -45.2018 -9.9 1.3 0.9 2.8
2021.8247 42.861 -44.2022 -17.3 1.3 0.9 2.8
2021.8274 40.69 -43.758 -14.7 1.3 0.9 2.8
2021.8301 40.3178 -43.4248 -14.3 1.3 0.9 2.9
2021.8329 44.2256 -45.646 -16.4 1.3 0.9 2.9
2021.8356 42.861 -45.2018 -9.5 1.3 0.9 2.8
2021.8384 44.0395 -46.3124 -13.1 1.3 0.9 2.8
2021.8411 41.8685 -46.3124 -16.9 1.3 0.9 2.8
2021.8438 43.5433 -48.8668 -16.5 1.4 1.0 2.9
2021.8466 43.1091 -46.7566 -12 1.3 0.9 2.9
2021.8493 45.8383 -49.0889 -14.5 1.3 0.9 2.9
2021.8521 39.6976 -48.9778 -11 1.3 0.9 2.8
2021.8548 42.2407 -48.7557 -11.1 1.3 0.9 2.8
2021.8575 44.1015 -47.9783 -12.5 1.3 0.9 2.8
2021.8603 43.3572 -48.4225 -11.6 1.3 0.9 2.8
2021.8630 42.3647 -48.3115 -10.8 1.3 0.9 2.8
2021.8658 43.3572 -50.3106 -11.1 1.4 1.0 2.8
2021.8685 43.2952 -47.0898 -10.5 1.4 1.0 2.8
2021.8712 44.5977 -47.6451 -10.9 1.4 1.0 2.9
2021.8740 43.6673 -50.3106 -8.3 1.3 1.0 2.9
2021.8767 48.5675 -50.4216 -13 1.3 1.0 2.8
2021.8795 46.8307 -49.4221 -8.2 1.3 0.9 2.7
2021.8822 43.1091 -51.4212 -6.9 1.3 0.9 2.7
2021.8849 43.1711 -49.7553 -9.1 1.3 0.9 2.7
2021.8877 48.6295 -51.088 -5.6 1.3 1.0 2.8
2021.8904 47.6991 -51.9765 -11.8 1.3 1.0 2.8
2021.8932 47.3269 -52.3097 -10.8 1.3 1.0 2.8
2021.8959 46.1484 -51.088 -8.2 1.3 1.0 2.7
2021.8986 44.5357 -50.8659 -11.3 1.3 1.0 2.7
2021.9014 49.0017 -54.5309 -10.3 1.3 1.0 2.7
2021.9041 48.2574 -52.6429 -8.2 1.3 1.0 2.7
2021.9068 47.6371 -51.6433 -9.3 1.3 1.0 2.7
2021.9096 48.2574 -52.6429 -2.8 1.3 1.0 2.7
2021.9123 48.3194 -52.5318 -4.8 1.3 1.0 2.7
2021.9151 45.7763 -54.1977 -10.8 1.3 1.0 2.7
2021.9178 48.7536 -54.5309 -8.1 1.2 1.0 2.7
2021.9205 47.3269 -55.3083 -9.9 1.3 1.0 2.8
2021.9233 46.0244 -54.5309 0.9 1.4 1.0 2.9
2021.9260 45.0319 -54.6419 -6.2 1.3 1.0 2.8
2021.9288 48.0092 -53.7535 -2.4 1.3 1.0 2.8
2021.9315 47.6371 -55.1972 -0.6 1.3 1.0 2.8
2021.9342 46.7687 -54.9751 -3.8 1.3 1.0 2.9
2021.9370 47.8852 -54.0866 -5.4 1.3 1.0 2.9
2021.9397 48.3194 -56.0857 -8.3 1.3 1.0 2.9
2021.9425 44.1635 -56.4189 -6.1 1.4 1.0 2.9
2021.9452 47.7611 -56.9742 -2.8 1.3 1.0 2.8
2021.9479 49.4359 -53.3092 -11 1.3 1.0 2.8
2021.9507 45.8383 -57.0853 -2.6 1.3 1.0 2.9
2021.9534 46.8928 -55.5304 -0.8 1.3 1.0 2.8
2021.9562 44.2256 -56.8632 -3.5 1.3 1.0 2.9
2021.9589 44.6598 -56.3079 -6.5 1.3 1.0 2.9
2021.9616 46.8307 -59.8618 -2.6 1.3 1.0 2.9
2021.9644 50.0562 -56.9742 -0.7 1.3 1.0 2.9
2021.9671 45.156 -58.6401 -7 1.3 1.0 2.9
2021.9699 52.5993 -58.307 2.2 1.3 1.0 2.9
2021.9726 48.1333 -56.8632 1.9 1.3 1.0 2.9
2021.9753 47.8852 -57.6406 -0.9 1.3 1.0 2.9
2021.9781 46.2725 -60.5282 -0.5 1.3 1.0 2.8
2021.9808 44.9699 -57.1963 2.2 1.3 1.0 2.9
2021.9836 50.0562 -62.5273 -8.7 1.3 1.0 2.9
2021.9863 51.4208 -60.195 -5.6 1.3 1.0 2.8
2021.9890 54.6462 -63.1936 4.9 1.3 1.0 2.8
2021.9918 47.9472 -59.9729 -14.9 1.2 0.9 2.8
2021.9945 46.7687 -57.9738 -1.6 1.2 0.9 2.8
2021.9973 45.9623 -59.3065 -6.4 1.2 0.9 2.8
2022.0000 47.8852 -58.7512 -13 1.2 0.9 2.8
2022.0027 51.979 -59.9729 -9.1 1.2 0.9 2.8
2022.0055 54.212 -58.5291 -6.9 1.2 0.9 2.7
2022.0082 48.6295 -60.6392 -4.5 1.2 0.9 2.7
2022.0110 49.0637 -60.9724 -8.5 1.2 0.9 2.7
2022.0137 47.9472 -59.7507 -4.2 1.2 0.9 2.7
2022.0164 49.684 -59.8618 -7.6 1.2 0.9 2.7
2022.0192 45.9623 -60.7503 -8.5 1.2 0.9 2.7
2022.0219 50.4283 -59.3065 -4.8 1.2 0.9 2.7
2022.0247 52.4752 -59.0844 -3.2 1.3 1.0 3.0
2022.0274 51.1726 -61.7498 1.8 1.2 0.9 2.8
2022.0301 50.0562 -60.8614 -3.3 1.2 0.9 2.7
2022.0329 51.4828 -57.9738 -9.9 1.2 0.9 2.7
2022.0356 52.8474 -60.9724 -2.6 1.2 0.9 2.8
2022.0384 53.0335 -61.8609 -4.8 1.2 0.9 2.8
2022.0411 54.15 -62.6383 -3.8 1.2 0.9 2.7
2022.0438 50.1802 -62.9715 -1.5 1.2 0.9 2.8
2022.0466 49.3118 -62.1941 -3.8 1.2 0.9 2.7
2022.0493 45.28 -60.8614 -5.5 1.2 0.9 2.7
2022.0521 48.0092 -64.5264 -1.6 1.2 0.9 2.8
2022.0548 46.9548 -64.8595 -2.9 1.2 0.9 2.8
2022.0575 50.4283 -63.5268 -13.4 1.2 0.9 2.8
2022.0603 50.1802 -65.8591 -5 1.2 0.9 2.7
2022.0630 48.2574 -63.5268 -6.7 1.2 0.9 2.7
2022.0658 48.2574 -66.1923 -6.6 1.2 0.9 2.8
2022.0685 45.9003 -65.5259 3 1.2 0.9 2.8
2022.0712 45.5902 -61.7498 -3.2 1.2 0.9 2.8
2022.0740 48.1333 -66.3033 -3.9 1.2 0.9 2.7
2022.0767 49.1257 -65.4148 -5.6 1.2 0.9 2.7
2022.0795 47.0788 -65.637 -3.1 1.2 0.9 2.7
2022.0822 47.513 -67.6361 -4 1.2 0.9 2.7
2022.0849 45.28 -67.3029 -6.9 1.2 0.9 2.7
2022.0877 49.9321 -64.7485 -4.7 1.2 0.9 2.8
2022.0904 50.4283 -66.4144 -2.7 1.2 0.9 2.7
2022.0932 46.3965 -66.3033 -3.8 1.2 0.9 2.7
2022.0959 48.0713 -67.3029 -8.6 1.2 0.9 2.7
2022.0986 47.0168 -68.7467 -7.8 1.2 0.9 2.7
2022.1014 48.9397 -68.9688 -4.8 1.3 1.0 2.8
2022.1041 48.6915 -68.3024 -5.1 1.3 0.9 2.8
2022.1068 47.9472 -68.1914 -2.2 1.3 0.9 2.8
2022.1096 47.513 -67.0808 -4.5 1.3 0.9 2.8
2022.1123 47.389 -66.7476 2.2 1.2 0.9 2.7
2022.1151 46.5206 -67.7471 -4.5 1.3 0.9 2.7
2022.1178 50.9245 -63.86 -2.6 1.3 0.9 2.7
2022.1205 48.9397 -67.0808 -4.6 1.3 0.9 2.7
2022.1233 48.8776 -65.5259 -2.2 1.2 0.9 2.7
2022.1260 47.451 -69.1909 -8.8 1.3 0.9 2.7
2022.1288 48.2574 -65.8591 -6.9 1.3 0.9 2.7
2022.1315 48.6915 -69.1909 -2.8 1.3 0.9 2.7
2022.1342 53.1575 -68.0803 -4.6 1.3 0.9 2.7
2022.1370 51.1106 -69.413 -2.8 1.3 0.9 2.7
2022.1397 52.1651 -70.5236 -2 1.3 0.9 2.7
2022.1425 45.156 -71.4121 0.9 1.3 0.9 2.7
2022.1452 46.6446 -70.3015 -2.9 1.3 0.9 2.7
2022.1479 45.9623 -67.3029 -4.7 1.3 0.9 2.8
2022.1507 48.2574 -67.6361 -9 1.4 0.9 2.9
2022.1534 48.3814 -69.413 -9.5 1.4 0.9 2.9
2022.1562 51.979 -66.8586 -3.5 1.3 0.9 2.7
2022.1589 47.2649 -71.19 -5.1 1.3 0.9 2.7
2022.1616 46.2725 -68.6356 -5.2 1.3 0.9 2.7
2022.1644 50.9245 -69.8573 2.5 1.3 0.9 2.7
2022.1671 49.9941 -69.413 -0.8 1.3 0.9 2.7
2022.1699 53.3436 -69.413 3.6 1.3 0.9 2.7
2022.1726 54.8943 -69.8573 -0.2 1.3 0.9 2.7
2022.1753 50.2422 -70.5236 -2.4 1.3 0.9 2.7
2022.1781 50.9866 -69.5241 -0.2 1.3 0.9 2.7
2022.1808 51.7929 -70.1905 -10.5 1.3 0.9 2.7
2022.1836 51.4208 -69.5241 -4.1 1.3 0.9 2.7
2022.1863 48.2574 -67.1918 -1 1.3 0.9 2.7
2022.1890 45.9003 -68.1914 -8.6 1.4 0.9 2.8
2022.1918 50.6144 -69.9683 -3.3 1.4 0.9 2.8
2022.1945 51.5448 -72.7449 -9.4 1.3 0.9 2.7
2022.1973 50.9245 -70.4126 -2.7 1.3 0.9 2.8
2022.2000 50.7385 -70.3015 -2.2 1.3 0.9 2.7
2022.2027 50.1802 -71.5232 -3.1 1.3 0.9 2.7
2022.2055 52.6613 -71.8564 -1.5 1.3 0.9 2.7
2022.2082 52.4132 -70.7458 -5.7 1.4 0.9 2.8
2022.2110 53.2196 -71.079 -3.1 1.3 0.9 2.8
2022.2137 51.0486 -71.5232 0.7 1.3 0.9 2.7
2022.2164 51.2967 -70.6347 -4.4 1.3 0.9 2.7
2022.2192 51.2347 -71.4121 1.4 1.3 0.9 2.7
2022.2219 52.8474 -71.19 1.3 1.3 0.9 2.7
2022.2247 52.9714 -71.7453 -3.7 1.3 0.9 2.7
2022.2274 53.4056 -71.7453 -3.2 1.3 0.9 2.8
2022.2301 55.1424 -71.3011 -2.2 1.3 0.9 2.8
2022.2329 53.2816 -71.3011 -1.1 1.3 0.9 2.7
2022.2356 50.1182 -72.1896 4 1.3 0.9 2.7
2022.2384 51.1106 -73.4112 -2.8 1.3 0.9 2.7
2022.2411 53.4677 -74.744 -6.1 1.3 0.9 2.7
2022.2438 51.6689 -74.9661 -6.5 1.3 0.9 2.7
2022.2466 54.5221 -74.5218 -7.2 1.3 0.9 2.7
2022.2493 52.9094 -74.6329 24.8 1.3 0.9 2.7
2022.2521 50.6144 -74.5218 -7.5 1.3 0.9 2.7
2022.2548 50.8005 -75.2993 -5.6 1.3 0.9 2.7
2022.2575 54.7082 -76.2988 -7.1 1.3 0.9 2.7
2022.2603 48.1953 -76.1878 -8.3 1.3 0.9 2.7
2022.2630 52.6613 -75.5214 -4.9 1.3 0.9 2.7
2022.2658 51.3587 -76.1878 -3.7 1.3 0.9 2.7
2022.2685 51.7309 -75.4103 -8.2 1.3 0.9 2.8
2022.2712 51.6689 -73.078 -3.1 1.3 0.9 2.7
2022.2740 52.8474 -76.1878 -2.3 1.3 0.9 2.7
2022.2767 51.3587 -73.8555 -7.6 1.3 1.0 2.8
2022.2795 50.6764 -75.7435 -1.6 1.3 0.9 2.7
2022.2822 51.8549 -75.4103 -2.3 1.3 0.9 2.7
2022.2849 49.2498 -76.2988 -7.5 1.3 0.9 2.7
2022.2877 52.1031 -77.0762 -5.5 1.3 0.9 2.8
2022.2904 48.9397 -76.632 -2.1 1.3 0.9 2.8
2022.2932 52.2891 -75.6324 -2.2 1.3 0.9 2.7
2022.2959 52.2891 -77.7426 0.6 1.3 0.9 2.7
2022.2986 52.1651 -75.9656 -5.1 1.3 0.9 2.7
2022.3014 52.4132 -78.52 -12.6 1.3 0.9 2.7
2022.3041 50.3043 -78.52 -2.9 1.3 0.9 2.8
2022.3068 50.3663 -79.6306 -8.1 1.3 0.9 2.8
2022.3096 49.8701 -78.52 -3.6 1.3 0.9 2.7
2022.3123 52.1651 -78.8532 -1.6 1.3 0.9 2.7
2022.3151 56.8171 -77.8537 1.7 1.3 0.9 2.8
2022.3178 52.6613 -80.9634 -2.2 1.3 0.9 2.7
2022.3205 51.7309 -78.6311 -2.9 1.3 1.0 2.9
2022.3233 50.6764 -79.7417 -4.4 1.3 1.0 2.9
2022.3260 51.6689 -79.2975 2.1 1.2 0.9 2.7
2022.3288 54.3981 -78.7422 -5.4 1.3 0.9 2.7
2022.3315 52.9094 -81.8519 -2.1 1.2 0.9 2.7
2022.3342 49.1257 -81.1855 -10.1 1.3 0.9 2.8
2022.3370 51.979 -81.0744 -10.1 1.3 1.0 2.8
2022.3397 53.3436 -81.9629 -3.1 1.3 0.9 2.8
2022.3425 51.979 -81.0744 -5.9 1.2 0.9 2.7
2022.3452 52.8474 -80.5191 -6.9 1.2 0.9 2.7
2022.3479 49.622 -80.0749 -1.7 1.2 0.9 2.7
2022.3507 54.0879 -80.5191 -0.9 1.2 0.9 2.7
2022.3534 49.4359 -80.5191 -1 1.2 0.9 2.7
2022.3562 57.7476 -77.7426 -1.1 1.2 0.9 2.7
2022.3589 52.041 -80.4081 4 1.2 0.9 2.7
2022.3616 57.1273 -80.7412 -1.1 1.2 0.9 2.7
2022.3644 52.5373 -79.6306 -3.9 1.2 0.9 2.7
2022.3671 49.4979 -82.6293 -0.4 1.2 0.9 2.7
2022.3699 53.2196 -82.6293 -7 1.2 0.9 2.7
2022.3726 50.3663 -84.5173 3.1 1.2 0.9 2.7
2022.3753 54.4601 -81.6297 0.3 1.2 0.9 2.7
2022.3781 52.5993 -85.5169 -1.7 1.2 0.9 2.7
2022.3808 51.4208 -85.5169 -8.7 1.2 0.9 2.7
2022.3836 47.0168 -87.0717 1.4 1.2 0.9 2.7
2022.3863 52.1031 -85.9611 -2.5 1.2 0.9 2.7
2022.3890 50.4283 -84.5173 -4 1.2 0.9 2.7
2022.3918 48.9397 -84.0731 -9 1.2 0.9 2.7
2022.3945 51.7929 -85.2947 -3 1.2 0.9 2.7
2022.3973 51.917 -85.0726 -2.1 1.2 0.9 2.7
2022.4000 53.4056 -84.6284 -4.2 1.2 0.9 2.8
2022.4027 52.9094 -87.516 -1.8 1.2 0.9 2.8
2022.4055 51.917 -85.85 -1.6 1.2 0.9 2.7
2022.4082 50.8005 -85.9611 -1.7 1.2 0.9 2.7
2022.4110 52.7854 -85.5169 -1 1.2 0.9 2.8
2022.4137 54.7082 -85.9611 4.8 1.2 0.9 2.8
2022.4164 54.7082 -87.9602 -4.4 1.2 0.9 2.7
2022.4192 53.7158 -87.1828 -2.4 1.2 0.9 2.8
2022.4219 55.1424 -86.6275 4.7 1.2 0.9 2.8
2022.4247 51.6689 -85.6279 1.7 1.2 0.9 2.7
2022.4274 55.8867 -87.627 -0.9 1.2 0.9 2.7
2022.4301 52.6613 -87.516 4.6 1.2 0.9 2.7
2022.4329 52.9094 -85.4058 -1.5 1.2 0.9 2.8
2022.4356 51.0486 -88.0713 -2.1 1.2 0.9 2.8
2022.4384 56.383 -87.2938 7.8 1.2 0.9 2.7
2022.4411 53.7778 -86.5164 -5.1 1.2 0.9 2.7
2022.4438 54.0259 -85.4058 -1.2 1.2 0.9 2.7
2022.4466 56.9412 -87.7381 -5.8 1.2 0.9 2.8
2022.4493 57.2513 -87.9602 -2.9 1.2 0.9 2.7
2022.4521 54.8323 -88.2934 -4.6 1.2 0.9 2.8
2022.4548 52.2271 -88.5155 4.3 1.2 0.9 2.7
2022.4575 52.3512 -88.4044 0.2 1.2 0.9 2.7
2022.4603 51.979 -89.0708 -5.3 1.2 0.9 2.7
2022.4630 56.6311 -91.6252 -5.1 1.2 0.9 2.7
2022.4658 54.4601 -87.516 -5.4 1.2 0.9 2.7
2022.4685 53.7158 -88.0713 -1.4 1.2 0.9 2.7
2022.4712 55.6386 -89.7372 3.3 1.2 0.9 2.7
2022.4740 55.8867 -86.8496 -3.1 1.2 0.9 2.7
2022.4767 53.5917 -87.516 6.4 1.2 0.9 2.7
2022.4795 53.9019 -88.9598 -4.7 1.3 0.9 2.8
2022.4822 53.7158 -89.7372 -0.9 1.2 0.9 2.7
2022.4849 49.1257 -87.627 0.5 1.2 0.9 2.7
2022.4877 52.9094 -91.6252 -2.3 1.2 0.9 2.7
2022.4904 52.7854 -90.9588 -3.6 1.2 0.9 2.7
2022.4932 54.8943 -89.0708 -5.9 1.2 0.9 2.7
2022.4959 52.9094 -88.0713 -0.9 1.2 0.9 2.8
2022.4986 53.5297 -90.1814 -11.9 1.2 0.9 2.7
2022.5014 53.2816 -90.2925 0.3 1.2 0.9 2.7
2022.5041 54.4601 -90.2925 -4.3 1.2 0.9 2.7
2022.5068 53.2816 -90.9588 -9.3 1.3 0.9 2.9
2022.5096 50.1182 -89.0708 5.5 1.3 0.9 3.0
2022.5123 56.1348 -90.9588 -0.7 1.3 0.9 2.9
2022.5151 51.8549 -94.7349 -11.8 1.2 0.9 2.7
2022.5178 55.3905 -91.8473 -3.6 1.2 0.9 2.7
2022.5205 54.0259 -90.1814 -5.8 1.2 0.9 2.7
2022.5233 53.3436 -92.1805 -2.1 1.2 0.9 2.7
2022.5260 55.8247 -92.9579 -1.3 1.2 0.9 2.7
2022.5288 53.8398 -92.5137 -11.3 1.2 0.9 2.7
2022.5315 55.8247 -92.6248 -8.8 1.2 0.9 2.7
2022.5342 54.0879 -91.292 -5.2 1.2 0.9 2.8
2022.5370 51.5448 -91.7363 -5.3 1.2 0.9 2.8
2022.5397 52.1031 -94.0686 1.4 1.2 0.9 2.7
2022.5425 56.445 -93.2911 -4.2 1.2 0.9 2.7
2022.5452 54.0259 -92.9579 2.4 1.2 0.9 2.7
2022.5479 47.1409 -94.6239 -15.9 1.2 0.9 2.7
2022.5507 54.3981 -94.2907 -9.5 1.2 0.9 2.7
2022.5534 52.7854 -93.4022 -6.9 1.2 0.9 2.7
2022.5562 53.9639 -93.069 -3.8 1.2 0.9 2.7
2022.5589 56.6931 -93.6243 -4.3 1.2 0.9 2.7
2022.5616 51.7929 -94.6239 -6.5 1.2 0.9 2.7
2022.5644 58.802 -94.2907 -9.1 1.2 0.9 2.7
2022.5671 53.9639 -92.7358 0.3 1.2 0.9 2.7
2022.5699 53.6537 -93.6243 -6.5 1.2 0.9 2.7
2022.5726 52.5373 -92.6248 -3.8 1.2 0.9 2.7
2022.5753 57.0653 -96.1787 0.6 1.2 0.9 2.7
2022.5781 47.3269 -93.6243 -8.1 1.2 0.9 2.7
2022.5808 57.9336 -96.5119 -8 1.2 0.9 2.7
2022.5836 59.6704 -95.6234 -4.3 1.2 0.9 2.7
2022.5863 53.8398 -96.0676 -1.3 1.3 1.0 2.9
2022.5890 57.1273 -98.511 -6.5 1.3 0.9 2.8
2022.5918 55.8247 -94.5128 -9.4 1.3 1.0 2.8
2022.5945 48.6915 -95.7345 -6.8 1.2 0.9 2.7
2022.5973 56.0728 -98.1778 -6 1.2 0.9 2.7
2022.6000 57.3754 -96.623 -1.4 1.3 0.9 2.7
2022.6027 53.4677 -97.1783 1.2 1.2 0.9 2.7
2022.6055 54.6462 -97.0672 2.3 1.3 0.9 2.7
2022.6082 58.1197 -99.2884 3.7 1.3 0.9 2.7
2022.6110 51.3587 -94.2907 -7.6 1.3 1.0 2.7
2022.6137 50.4903 -96.4008 -10.5 1.3 1.0 2.7
2022.6164 53.9019 -94.1796 -0.5 1.3 0.9 2.7
2022.6192 57.4374 -96.4008 1 1.3 0.9 2.7
2022.6219 53.6537 -95.4013 -3.9 1.3 0.9 2.7
2022.6247 52.9714 -97.4004 -3.7 1.3 0.9 2.7
2022.6274 54.15 -97.1783 -3.5 1.3 0.9 2.7
2022.6301 55.1424 -96.5119 -2.8 1.3 0.9 2.7
2022.6329 54.7082 -99.7327 -1.4 1.3 0.9 2.7
2022.6356 48.1953 -98.9552 -3.7 1.3 0.9 2.7
2022.6384 47.6371 -98.3999 -2.2 1.3 0.9 2.7
2022.6411 50.1802 -99.5105 -4.7 1.3 0.9 2.7
2022.6438 55.7007 -99.9548 -8.4 1.5 1.0 3.0
2022.6466 56.0108 -95.9566 0 1.5 1.0 3.0
2022.6493 51.979 -100.954 -1.6 1.3 1.0 2.8
2022.6521 49.9941 -98.1778 -2.3 1.3 1.0 2.8
2022.6548 53.1575 -97.7336 0.5 1.3 0.9 2.7
2022.6575 53.9639 -98.511 -0.9 1.3 0.9 2.7
2022.6603 56.0108 -97.2893 -1.3 1.3 0.9 2.7
2022.6630 55.7627 -96.2898 5.8 1.3 0.9 2.7
2022.6658 59.4843 -98.622 -1.9 1.3 0.9 2.7
2022.6685 53.8398 -100.288 -1 1.3 0.9 2.7
2022.6712 55.0804 -100.732 5.5 1.3 0.9 2.7
2022.6740 55.1424 -100.51 -0.7 1.3 0.9 2.7
2022.6767 52.4752 -98.8442 0.2 1.3 0.9 2.7
2022.6795 54.0259 -98.0667 0.1 1.3 0.9 2.7
2022.6822 53.2816 -99.0663 -1.3 1.3 0.9 2.7
2022.6849 55.3905 -98.622 -7.1 1.3 0.9 2.6
2022.6877 58.0577 -94.846 -3.5 1.3 0.9 2.7
2022.6904 58.9881 -98.8442 -3.9 1.3 0.9 2.7
2022.6932 55.3285 -98.8442 -1.8 1.3 0.9 2.7
2022.6959 49.4979 -99.2884 -6.8 1.3 0.9 2.7
2022.6986 56.569 -98.0667 -4.1 1.3 0.9 2.7
2022.7014 53.4677 -101.065 -0.2 1.3 0.9 2.6
2022.7041 56.6931 -98.9552 4.4 1.3 0.9 2.7
2022.7068 56.507 -99.9548 -0.1 1.3 0.9 2.8
2022.7096 61.5312 -101.954 10.6 1.3 0.9 2.7
2022.7123 53.7778 -100.066 -3.6 1.2 0.9 2.7
2022.7151 58.1817 -99.0663 -3.2 1.2 0.9 2.7
2022.7178 57.6235 -99.9548 -3.2 1.2 0.9 2.7
2022.7205 59.4843 -100.399 3.3 1.3 0.9 2.7
2022.7233 58.8641 -101.399 -2.7 1.3 0.9 2.7
2022.7260 51.979 -100.51 -5.5 1.3 0.9 2.7
2022.7288 55.5766 -101.621 0.8 1.3 0.9 2.7
2022.7315 57.4374 -101.176 -3.1 1.2 0.9 2.7
2022.7342 56.445 -102.731 1 1.3 0.9 2.7
2022.7370 55.9488 -102.287 -3.2 1.3 0.9 2.7
2022.7397 53.7778 -101.843 1.4 1.3 0.9 2.7
2022.7425 53.8398 -99.8437 -10.1 1.3 0.9 2.7
2022.7452 51.5448 -102.731 -4.4 1.3 1.0 2.8
2022.7479 57.4994 -101.176 -3.1 1.3 0.9 2.7
2022.7507 58.0577 -103.509 -2 1.3 0.9 2.6
2022.7534 55.8247 -101.732 -4.3 1.3 0.9 2.6
2022.7562 57.6855 -100.621 -3.2 1.3 0.9 2.7
2022.7589 54.4601 -100.066 -9.5 1.3 0.9 2.7
2022.7616 54.0259 -101.954 -7.5 1.3 0.9 2.7
2022.7644 55.1424 -102.842 -4 1.4 0.9 2.8
2022.7671 50.3043 -103.842 2.6 1.4 0.9 2.8
2022.7699 48.1333 -104.175 -3.2 1.3 0.9 2.7
2022.7726 50.8625 -103.842 -2.6 1.3 0.9 2.7
2022.7753 57.0032 -103.064 5.2 1.3 0.9 2.7
2022.7781 56.0108 -100.843 -3.4 1.3 0.9 2.8
2022.7808 56.383 -101.621 -0.2 1.4 0.9 2.9
2022.7836 57.3754 -103.064 -4.4 1.4 0.9 2.8
2022.7863 49.1878 -104.286 1.8 1.3 0.9 2.8
2022.7890 52.3512 -102.731 -4.3 1.3 0.9 2.7
2022.7918 51.6689 -104.175 -7.5 1.3 0.9 2.7
2022.7945 52.9714 -104.508 -4.3 1.3 0.9 2.7
2022.7973 55.2044 -103.953 -1 1.4 1.0 2.9
2022.8000 55.5766 -103.731 10.3 1.5 0.9 3.0
2022.8027 55.9488 -104.064 2.3 1.3 0.9 2.8
2022.8055 50.8625 -106.618 -4.5 1.3 1.0 2.7
2022.8082 49.0017 -103.62 -3 1.3 0.9 2.7
2022.8110 51.3587 -107.063 0.7 1.3 0.9 2.7
2022.8137 55.0183 -104.619 -0.4 1.3 0.9 2.7
2022.8164 58.678 -104.73 2.6 1.3 0.9 2.7
2022.8192 55.2665 -106.063 2 1.4 1.0 2.8
2022.8219 47.3269 -105.286 2.8 1.4 1.0 2.8
2022.8247 57.5615 -103.953 -7.2 1.3 0.9 2.8
2022.8274 53.5917 -106.952 -6.4 1.3 0.9 2.7
2022.8301 50.6144 -105.841 -2.3 1.3 0.9 2.7
2022.8329 55.4525 -104.508 7.2 1.3 0.9 2.7
2022.8356 57.9336 -105.175 1.9 1.3 0.9 2.7
2022.8384 57.8096 -103.509 1.4 1.3 0.9 2.8
2022.8411 55.0804 -106.396 -2.7 1.4 0.9 2.9
2022.8438 55.6386 -106.285 1.1 1.4 0.9 2.8
2022.8466 53.2196 -102.731 0.9 1.3 0.9 2.7
2022.8493 53.3436 -103.842 9.1 1.3 0.9 2.7
2022.8521 51.979 -106.063 5.1 1.3 0.9 2.7
2022.8548 51.8549 -107.951 -2.1 1.3 0.9 2.7
2022.8575 52.7854 -107.063 -0.8 1.3 0.9 2.7
2022.8603 58.6159 -106.174 -0.1 1.3 1.0 2.8
2022.8630 57.0653 -105.619 2 1.3 0.9 2.7
2022.8658 60.2907 -103.731 -2.7 1.3 0.9 2.7
2022.8685 57.7476 -105.508 7.6 1.3 0.9 2.7
2022.8712 54.4601 -103.731 3.6 1.3 0.9 2.7
2022.8740 53.5917 -103.176 5.1 1.3 0.9 2.7
2022.8767 48.5055 -105.397 -2.5 1.3 0.9 2.7
2022.8795 53.8398 -105.952 -5.8 1.3 0.9 2.7
2022.8822 51.8549 -105.73 -3.1 1.3 0.9 2.7
2022.8849 52.1031 -105.73 5.5 1.3 0.9 2.7
2022.8877 52.1031 -106.618 0.7 1.3 0.9 2.7
2022.8904 52.6613 -105.73 1.8 1.3 0.9 2.7
2022.8932 53.5297 -107.285 2.6 1.3 0.9 2.7
2022.8959 56.383 -106.841 6.5 1.3 0.9 2.7
2022.8986 56.445 -108.395 8.3 1.3 0.9 2.7
2022.9014 54.5842 -105.286 -1.3 1.3 1.0 2.8
2022.9041 52.4132 -107.063 4.8 1.3 0.9 2.8
2022.9068 54.3981 -106.396 -0.1 1.3 0.9 2.7
2022.9096 51.4828 -105.73 7.5 1.3 0.9 2.8
2022.9123 54.3981 -105.619 7.9 1.3 0.9 2.7
2022.9151 56.2589 -104.841 5.9 1.3 0.9 2.7
2022.9178 51.4208 -105.73 9.9 1.3 0.9 2.7
2022.9205 53.7158 -108.951 10.7 1.3 0.9 2.7
2022.9233 52.1031 -108.729 9.3 1.3 0.9 2.7
2022.9260 54.7082 -108.506 6.1 1.3 0.9 2.7
2022.9288 58.4299 -108.395 3.9 1.3 0.9 2.7
2022.9315 54.9563 -107.063 10.5 1.3 0.9 2.7
2022.9342 58.6159 -109.506 14.8 1.3 0.9 2.7
2022.9370 56.3209 -108.84 8.3 1.3 0.9 2.7
2022.9397 58.6159 -111.061 6.6 1.2 0.9 2.7
2022.9425 54.6462 -109.395 4.3 1.2 0.9 2.7
2022.9452 55.2665 -111.616 -2.8 1.3 0.9 2.7
2022.9479 55.3905 -110.506 2 1.2 0.9 2.7
2022.9507 55.2044 -107.951 0.9 1.2 0.9 2.7
2022.9534 56.7551 -109.284 -5.4 1.2 0.9 2.7
2022.9562 54.5842 -108.506 -0.8 1.3 0.9 2.7
2022.9589 56.0108 -108.951 4.7 1.2 0.9 2.7
2022.9616 51.917 -105.841 3.9 1.2 0.9 2.7
2022.9644 50.4283 -108.951 6.3 1.2 0.9 2.7
2022.9671 55.0183 -109.062 9.6 1.2 0.9 2.7
2022.9699 53.5297 -107.729 7.5 1.3 0.9 2.7
2022.9726 56.445 -108.284 7.5 1.3 0.9 2.7
2022.9753 51.917 -109.173 1.2 1.2 0.9 2.6
2022.9781 52.9094 -109.95 0.3 1.2 0.9 2.7
2022.9808 53.4056 -110.061 2.8 1.2 0.9 2.6
2022.9836 55.6386 -110.506 -4.4 1.2 0.9 2.6
2022.9863 53.4677 -110.95 2.8 1.2 0.9 2.6
2022.9890 49.746 -111.505 -0.6 1.3 0.9 2.8
2022.9918 51.0486 -111.949 -0.9 1.3 1.0 2.8
2022.9945 52.2271 -111.505 -6.7 1.2 0.9 2.6
2022.9973 51.979 -110.617 -5.4 1.2 0.9 2.7
2023.0000 53.0955 -109.506 -3.6 1.2 0.9 2.7
2023.0027 53.6537 -110.839 -9.5 1.2 0.9 2.7
2023.0055 52.2891 -110.617 -6.1 1.2 0.9 2.7
2023.0082 54.3981 -109.728 -2.4 1.2 0.9 2.7
2023.0110 53.2816 -111.727 1.4 1.2 0.9 2.7
2023.0137 53.5917 -110.061 3.2 1.2 0.9 2.7
2023.0164 53.9019 -109.395 -0.4 1.2 0.9 2.6
2023.0192 52.7854 -109.95 3.3 1.2 0.9 2.7
2023.0411 52.4752 -111.727 -7 1.3 0.9 2.7
2023.0438 52.4752 -111.394 -4.2 1.3 0.9 2.7
2023.0466 51.7309 -111.838 -1.6 1.3 0.9 2.6
2023.0493 50.2422 -111.727 1.5 1.3 0.9 2.6
2023.0521 52.9714 -111.616 -8.3 1.3 0.9 2.6
2023.0548 54.5221 -111.505 -3 1.3 0.9 2.7
2023.0575 52.9094 -108.284 0.7 1.3 0.9 2.7
2023.0603 50.0562 -112.171 -1.3 1.3 1.0 2.8
2023.0630 53.9639 -109.95 0 1.3 0.9 2.7
2023.0658 51.6689 -112.283 2.9 1.3 0.9 2.7
2023.0685 54.4601 -112.838 5.4 1.4 1.0 2.7
2023.0712 52.9094 -111.727 9 1.4 1.0 2.9
2023.0740 49.2498 -111.727 4.8 1.3 1.0 2.8
2023.0767 49.0017 -111.283 9 1.3 1.0 2.7
2023.0795 50.4283 -111.949 6.9 1.3 1.0 2.7
2023.0822 52.4752 -112.505 5.2 1.3 1.0 2.7
2023.0849 52.8474 -112.949 6.5 1.3 1.0 2.8
2023.0877 54.6462 -113.06 14.4 1.3 1.0 2.8
2023.0904 50.8005 -112.838 4.1 1.3 1.0 2.8
2023.0932 51.2967 -114.171 7.4 1.3 1.0 2.7
2023.0959 52.041 -113.171 3.2 1.3 0.9 2.7
2023.0986 54.212 -111.838 13.1 1.3 0.9 2.7
2023.1014 55.8867 -111.172 9.6 1.3 0.9 2.7
2023.1041 48.4434 -110.95 8.5 1.3 0.9 2.7
2023.1068 49.4979 -112.171 10.8 1.3 0.9 2.7
2023.1096 49.4979 -112.838 12.4 1.4 0.9 2.7
2023.1123 47.513 -112.06 4.6 1.3 0.9 2.7
2023.1151 51.4208 -113.615 10.8 1.3 0.9 2.7
2023.1178 50.6764 -111.838 6.8 1.3 0.9 2.7
2023.1205 51.1726 -111.283 10.4 1.4 1.0 2.8
2023.1233 55.2665 -111.061 9.7 1.4 1.0 2.8
2023.1260 55.4525 -111.394 19.2 1.6 1.0 2.8
2023.1288 50.0562 -112.838 9.5 1.5 1.0 2.8
2023.1315 50.8625 -111.838 7.4 1.4 1.0 2.8
2023.1342 48.8776 -112.616 -0.7 1.4 0.9 2.7
2023.1370 48.6915 -113.06 6.2 1.4 0.9 2.7
2023.1397 52.2271 -113.171 11.6 1.4 0.9 2.7
2023.1425 53.2816 -113.06 8.3 1.5 0.9 2.7
2023.1452 52.4752 -112.838 9.3 1.4 0.9 2.7
2023.1479 56.0108 -117.725 18.1 1.4 0.9 2.7
2023.1507 53.0335 -113.171 9.6 1.4 0.9 2.7
2023.1534 50.7385 -114.282 9.1 1.4 0.9 2.7
2023.1562 56.6931 -113.393 8.3 1.4 0.9 2.7
2023.1589 51.4208 -116.503 15.6 1.7 1.0 2.9
2023.1616 54.7082 -116.059 11.1 1.4 1.0 2.7
2023.1644 55.6386 -117.169 12.1 1.3 0.9 2.7
2023.1671 53.4677 -113.726 7.4 1.4 0.9 2.7
2023.1699 54.6462 -116.281 14.1 1.4 0.9 2.7
2023.1726 55.0804 -114.06 16.4 1.3 0.9 2.7
2023.1753 50.2422 -113.504 14.4 1.4 0.9 2.7
2023.1781 49.3118 -114.282 8.1 1.3 0.9 2.7
2023.1808 50.3663 -114.171 5.4 1.3 0.9 2.7
2023.1836 51.2967 -112.838 10.9 1.3 0.9 2.7
2023.1863 55.0183 -112.949 9.8 1.4 0.9 2.8
2023.1890 56.2589 -112.949 13.8 1.4 0.9 2.8
2023.1918 54.5221 -115.17 10.8 1.3 0.9 2.7
2023.1945 55.8867 -113.282 7.6 1.3 0.9 2.7
2023.1973 56.7551 -111.949 6.4 1.3 0.9 2.7
2023.2000 54.9563 -115.059 5.9 1.4 0.9 2.8
2023.2027 55.5146 -112.838 3.7 1.4 0.9 2.8
2023.2055 54.15 -114.726 3.2 1.3 0.9 2.7
2023.2082 57.4994 -114.171 2.2 1.4 0.9 2.7
2023.2110 57.0032 -113.393 9.1 1.3 0.9 2.7
2023.2137 58.3678 -114.948 5.3 1.3 0.9 2.7
2023.2164 60.0426 -112.727 10.8 1.3 0.9 2.7
2023.2192 57.8716 -114.171 9.6 1.3 0.9 2.7
2023.2219 56.1969 -115.836 5.4 1.3 0.9 2.7
2023.2247 52.8474 -115.392 1.4 1.6 1.0 2.9
2023.2274 52.6613 -115.281 2.3 1.4 1.0 2.9
2023.2301 57.6855 -114.726 8.7 1.4 0.9 2.8
2023.2329 54.274 -117.836 4.8 1.3 0.9 2.8
2023.2356 55.3285 -114.393 6.6 1.3 0.9 2.7
2023.2384 54.5842 -115.17 7.1 1.3 0.9 2.7
2023.2411 53.6537 -113.948 1.3 1.4 1.0 2.8
2023.2438 56.383 -112.838 -1.8 1.4 1.0 2.9
2023.2466 57.1893 -113.837 4.4 1.3 0.9 2.8
2023.2493 56.2589 -116.503 7.1 1.3 0.9 2.7
2023.2521 55.3285 -114.726 3.5 1.3 0.9 2.7
2023.2548 51.8549 -115.281 2.6 1.4 1.0 2.9
2023.2575 53.6537 -115.281 2 1.3 1.0 2.8
2023.2603 55.8247 -117.836 5.6 1.3 0.9 2.8
2023.2630 55.0183 -116.725 7.8 1.3 1.0 2.9
2023.2658 52.2891 -116.503 5.4 1.3 0.9 2.7
2023.2685 54.336 -118.28 7.9 1.3 0.9 2.7
2023.2712 48.4434 -114.171 -2 1.3 1.0 2.7
2023.2740 49.5599 -116.614 -2.7 1.3 1.0 2.8
2023.2767 52.4132 -115.836 2.3 1.3 0.9 2.8
2023.2795 54.7702 -116.614 -1.7 1.3 0.9 2.8
2023.2822 56.1348 -115.725 2.2 1.3 1.0 2.8
2023.2849 51.1726 -118.502 5 1.5 1.0 2.9
2023.2877 51.5448 -116.392 5.9 1.4 1.0 2.9
2023.2904 53.1575 -116.836 5.9 1.3 1.0 2.8
2023.2932 57.3134 -117.725 -1.8 1.3 0.9 2.8
2023.2959 52.1031 -117.058 9.6 1.3 0.9 2.7
2023.2986 51.4208 -119.835 -0.9 1.3 0.9 2.8
2023.3014 52.4132 -117.725 2.2 1.3 0.9 2.7
2023.3041 51.7929 -117.28 3.9 1.3 0.9 2.7
2023.3068 55.2665 -118.613 3 1.3 1.0 2.7
2023.3096 53.7778 -118.28 -1 1.4 1.0 2.8
2023.3123 51.4208 -119.057 3.7 1.4 1.1 2.9
2023.3151 51.2967 -118.946 4.6 1.3 0.9 2.7
2023.3178 50.4903 -119.501 5.3 1.3 0.9 2.7
2023.3205 51.6068 -120.057 4.3 1.3 1.0 2.7
2023.3233 54.6462 -117.725 3.5 1.3 0.9 2.7
2023.3260 51.4208 -118.502 7.5 1.3 0.9 2.7
2023.3288 51.979 -120.168 5.4 1.3 0.9 2.7
2023.3315 50.4283 -117.502 3.4 1.3 0.9 2.7
2023.3342 52.5993 -120.501 1.2 1.3 0.9 2.7
2023.3370 51.3587 -119.501 4.1 1.3 1.0 2.7
2023.3397 52.4752 -120.501 -1.9 1.3 0.9 2.7
2023.3425 52.2271 -119.835 4.3 1.3 0.9 2.7
2023.3452 52.4752 -119.279 6.7 1.4 1.0 2.8
2023.3479 53.5917 -121.39 7.7 1.2 1.0 2.7
2023.3507 51.917 -120.279 8.3 1.2 1.0 2.8
2023.3534 53.5917 -121.167 -0.1 1.3 0.9 2.8
2023.3562 51.6689 -119.39 4.2 1.2 1.0 2.7
2023.3589 51.4208 -119.39 -1.9 1.2 0.9 2.7
2023.3616 52.7233 -118.502 2.7 1.3 0.9 2.7
2023.3644 52.1031 -119.835 4.5 1.3 1.0 2.8
2023.3671 50.5524 -119.835 10.9 1.2 1.0 2.8
2023.3699 52.9714 -119.168 3.3 1.3 1.0 2.8
2023.3726 51.5448 -116.947 3.3 1.2 0.9 2.7
2023.3753 52.8474 -121.39 8 1.2 1.0 2.7
2023.3781 53.0335 -118.613 6.3 1.3 1.0 2.8
2023.3808 55.3285 -119.946 2.1 1.3 1.0 2.9
2023.3836 53.8398 -120.168 -0.3 1.3 1.0 2.9
2023.3863 50.8005 -121.056 -0.3 1.3 1.0 2.8
2023.3890 53.9639 -120.279 5.8 1.3 1.0 2.8
2023.3918 57.3754 -120.834 6.6 1.3 1.0 2.7
2023.3945 52.5993 -120.612 5.4 1.2 1.0 2.7
2023.3973 54.336 -118.835 -2.5 1.2 1.0 2.7
2023.4000 54.7702 -120.279 0.5 1.3 1.0 2.7
2023.4027 52.7233 -119.724 3.8 1.3 1.0 2.7
