1998.7699 0 0 0 2.3 1.5 4.9
2000.4274 -18.6965 -25.4292 11.7 1.6 1.1 3.7
2000.4301 -20.825 -24.6519 17.7 1.7 1.2 3.8
2000.4329 -20.4799 -25.4292 18.8 1.7 1.3 3.9
2001.6411 -31.8704 -41.5307 45.9 1.7 1.1 3.6
2001.6438 -37.6807 -41.0865 42.5 1.7 1.1 3.5
2001.6466 -34.8618 -38.5325 48 1.9 1.2 3.9
2002.5342 -46.0222 -51.6358 59 1.4 1.1 3.5
2002.5370 -43.2609 -48.9707 60.4 1.6 1.2 3.6
2002.5397 -44.584 -48.1934 59.9 1.4 1.1 3.3
2002.5425 -45.9071 -48.9707 58.8 1.5 1.1 3.5
2002.5452 -43.0308 -47.5271 66.6 1.5 1.2 3.6
2002.5479 -42.5705 -49.4149 74.7 1.7 1.4 4.3
2003.6027 -60.8644 -58.1874 98.1 3.5 2.3 7.1
2003.6055 -63.5106 -57.299 113.2 1.5 1.1 3.4
2003.6082 -59.4262 -55.1892 114.9 1.5 1.1 3.4
2003.6110 -61.6122 -55.9665 110.6 1.5 1.0 3.3
2003.6137 -58.7934 -57.299 124.6 1.4 1.1 3.4
2003.6164 -58.9084 -57.0769 118.3 1.4 1.0 3.3
2004.6137 -59.2536 -74.1778 127.4 1.2 1.0 3.1
2004.6164 -58.9084 -68.0704 143.9 1.2 1.0 3.1
2004.6192 -59.5412 -70.5134 147.5 1.3 1.0 3.2
2004.6219 -62.13 -71.7348 153.6 1.2 1.0 3.1
2007.5616 -107.922 -96.7199 228.4 1.2 1.0 3.1
2007.5644 -108.152 -95.6094 229.7 1.2 1.0 3.0
2007.5671 -111.259 -98.8297 218.2 1.2 1.0 3.0
2007.5699 -108.612 -98.9408 219.8 1.5 1.0 3.5
