2000.7041 0 0 0 3.4 2.1 6.8
2000.8274 7.6689 7.88299 -14.7 4.0 2.8 7.8
2001.4603 0.525268 -18.3196 6.1 5.5 4.2 10.6
2001.4767 -0.892954 -10.6587 -20.3 5.5 3.8 12.1
2001.4795 -11.4508 -0.888225 17.2 3.0 2.4 7.2
2002.3781 -21.3784 -17.0983 -7.2 2.5 2.0 6.5
2002.3808 -24.8451 -19.2079 1.9 2.8 2.1 6.1
2002.3836 -15.3903 -19.5409 -1.7 2.5 2.1 5.8
2002.3863 -19.9602 -11.5469 -6.8 3.2 2.6 6.7
2003.5096 -77.3719 -35.1959 30.1 2.7 2.0 5.2
2003.5123 -73.9577 -38.0826 2 2.3 1.7 4.7
2003.5151 -74.588 -38.8598 11.1 2.5 1.9 5.1
2004.3890 -100.274 -42.9679 13.4 2.5 1.7 5.1
2004.3918 -103.898 -45.5215 22.4 4.4 2.7 8.3
2006.6219 -175.86 -60.0662 54.9 2.9 2.1 5.7
2006.6247 -165.879 -61.9537 56.1 2.9 2.2 5.8
2006.6274 -164.409 -57.5125 49.3 3.5 2.3 6.6
2009.4438 -231.17 -81.6056 59.4 2.8 2.1 5.2
2009.4466 -236.738 -78.6079 74.9 2.5 1.8 4.6
2012.6055 -309.172 -116.246 118.6 2.5 1.7 4.8
2012.6082 -284.59 -120.91 99.3 2.4 1.7 4.7
2012.6110 -283.539 -118.8 108.9 2.5 1.8 4.9
2014.7781 -308.49 -156.883 117.7 2.4 1.8 5.2
2014.7808 -299.77 -152.553 71.7 2.4 1.8 5.0
2014.7836 -301.924 -155.328 111.1 2.3 1.8 5.0
2014.7863 -297.669 -160.325 118.8 2.4 1.9 5.0
2014.7890 -299.245 -150.776 119.8 2.3 1.8 4.8
2015.3562 -331.759 -152.108 82.2 3.1 2.3 6.6
2015.3589 -342.474 -148.778 72.9 2.6 1.9 5.1
2015.3616 -326.191 -162.323 79.1 2.8 2.1 5.5
2015.3644 -319.73 -164.544 78.8 2.7 2.1 5.5
2015.3671 -333.965 -156.661 105.4 3.2 2.2 6.9
2016.4822 -357.077 -159.769 80.9 2.9 1.9 6.2
2016.4849 -344.208 -157.105 72.3 2.9 2.0 5.8
2017.4000 -383.865 -156.994 98.7 2.5 1.7 5.0
2017.4027 -374.411 -157.549 91.2 2.4 1.7 5.0
2019.3753 -407.975 -159.214 105.2 2.7 1.9 6.1
2019.3781 -405.349 -171.649 88.7 2.5 2.0 5.9
