1995.4712 0 0 0 2.8 3.2 7.9
1995.4740 -1.24779 1.88787 0.2 3.2 3.4 8.3
1995.4767 -0.594187 -2.44313 5.2 2.8 3.1 7.7
1995.4795 -4.51583 -6.32993 11.8 3.0 3.3 8.1
1999.4822 -50.8625 -46.9747 66.5 5.6 2.2 7.0
2000.6082 -83.84 -44.5316 80.2 3.8 2.0 6.4
2006.5699 2473.07 3016.6 -304.2 1.3 0.8 2.6
2006.5726 2471.41 3016.82 -301.1 1.3 0.9 2.7
2007.3452 -199.172 -98.2804 158 1.3 0.8 2.5
2007.3479 -196.795 -97.281 154.9 1.4 0.9 2.6
2019.4658 -453.425 -129.708 251.8 1.3 0.9 2.7
2019.4685 -458.654 -132.04 248.7 1.3 0.9 2.7
2019.4712 -450.395 -138.481 249.7 1.3 0.9 2.6
