1995.5151 0 0 0 1.3 1.0 3.0
1995.5178 -1.79114 -0.555299 1.4 1.3 1.0 3.0
1995.5205 -2.47054 -0.666359 -0.5 1.5 1.1 3.3
1995.5233 -1.29703 1.6659 15.1 1.4 1.0 3.1
1995.5260 0.123528 3.55392 6.8 1.5 1.2 3.7
1995.5288 -4.19993 -0.22212 -8.3 1.5 1.3 3.7
1995.5315 -4.38522 4.55346 -4.7 1.5 1.2 3.7
1995.5342 1.11175 -1.88802 -12.4 2.1 1.5 4.6
2016.4411 -306.409 -260.546 4 1.3 0.8 2.7
2016.4438 -306.965 -258.436 7.2 1.2 0.8 2.6
2016.4466 -308.262 -259.325 -0.5 1.3 0.9 2.8
2021.6301 -77.8839 -910.358 -129.1 1.4 1.0 2.9
2021.6329 -74.3017 -914.8 -115.7 1.3 1.0 2.9
2022.4466 -43.7904 -992.32 -117 1.2 1.0 2.9
2022.4493 -44.9022 -995.43 -118.3 1.3 1.0 3.0
