1998.0027 0 0 0 6.0 4.5 7.4
1998.0219 -5.14058 -2.66475 6.7 6.2 4.5 7.9
1998.0685 -3.74834 4.44125 9.8 1.3 1.0 2.6
1998.0712 -3.42706 5.10744 15.5 1.3 0.9 2.7
1998.0740 -5.46187 2.22063 15.2 1.3 1.0 2.7
1998.0767 3.53415 11.2142 25.9 1.3 0.9 2.7
1998.0795 4.97994 5.6626 13.6 1.3 0.9 2.8
1998.0822 7.22895 8.10529 27.1 1.5 1.0 2.8
1998.0849 -0.642574 7.99426 11 1.3 0.9 2.6
1998.0877 -2.67739 -1.33238 -6.7 6.2 4.4 7.5
1998.0932 -3.6948 3.8861 5.4 6.0 4.4 7.3
1998.0959 -7.2825 -11.7693 6.1 6.2 4.6 7.5
1998.0986 -7.2825 12.7686 -1.4 6.0 4.5 7.4
1998.1014 -1.49934 2.55372 -1.2 5.9 4.3 7.2
1998.1041 -6.74702 -1.7765 -0.4 5.9 4.3 7.3
1998.1068 -12.4231 0.111031 20.4 1.3 1.0 2.8
1998.1096 -9.6386 -1.33238 22.9 1.3 1.0 2.7
1998.1123 -7.87152 -0.666188 30.9 1.2 0.9 2.7
1998.1151 -12.0482 -3.8861 25.8 1.3 1.0 2.8
1998.1178 1.71353 7.77219 27.3 1.3 1.0 2.7
1998.1205 3.42706 4.99641 38.7 1.2 0.9 2.6
1998.1233 3.80189 3.553 37.6 1.2 0.9 2.6
1998.1260 7.01476 5.55157 40.2 1.2 0.9 2.7
1998.1288 6.80056 4.99641 46.1 1.2 0.9 2.7
1998.1315 6.85411 3.21991 39.6 1.4 1.0 2.8
1998.1342 8.407 1.44341 43.1 1.5 1.0 3.0
1998.1370 6.42573 5.3295 47 1.3 1.0 2.7
1998.1397 13.7082 4.21919 44.6 1.3 1.0 2.7
1998.1425 9.79924 1.7765 47 1.3 0.9 2.6
1998.1452 5.89025 1.88753 38.6 1.4 0.9 2.7
1998.1479 7.71088 3.66403 34 1.2 0.9 2.6
1998.1507 7.38959 0.888251 41.7 1.3 0.9 2.6
1998.1534 2.67739 3.99713 48.4 1.3 0.9 2.6
1998.1562 4.28382 6.21775 39.7 1.3 0.9 2.6
1998.1589 9.90634 2.33166 43.7 2.1 1.6 4.1
1998.1616 9.58505 4.21919 39.9 1.5 1.0 2.7
1998.1644 6.90766 4.99641 36.1 1.3 0.9 2.6
1998.1699 6.47928 4.99641 43.5 1.3 0.9 2.6
1998.1726 8.407 2.22063 37.4 1.3 0.9 2.6
1998.1753 11.0308 3.21991 39.4 1.3 0.9 2.6
1998.1781 10.4954 2.88681 41.9 1.3 0.9 2.6
1998.1808 10.8702 2.44269 40.3 1.3 0.9 2.6
1998.1836 6.53283 1.88753 39 1.3 0.9 2.7
1998.1863 8.78183 0.555156 43 1.3 0.9 2.7
1998.1890 6.31864 1.22134 42.6 2.0 1.2 3.3
1998.1918 9.79924 6.32879 35.3 1.4 1.0 2.8
1998.1945 10.5489 4.33022 35.5 1.3 1.0 2.7
1998.1973 15.4218 -4.55228 41.7 1.3 0.9 2.6
1998.2000 6.63992 2.22063 40.1 1.3 0.9 2.6
1998.2027 7.1754 0.888251 47.7 1.5 1.0 2.8
1998.2055 8.24635 3.44197 40 1.3 0.9 2.7
1998.2082 4.7122 4.44125 32.6 1.3 1.0 2.8
1998.2110 9.31731 -0.666188 55.1 1.3 0.9 2.6
1998.2137 6.15799 1.7765 36 1.3 0.9 2.7
1998.2164 -1.1245 9.43766 59.7 1.3 0.9 2.7
1998.2192 -1.76708 3.99713 37.2 1.7 1.1 3.0
1998.2219 2.83803 3.33094 33.2 1.4 1.0 2.7
1998.2247 6.63992 4.77435 29.2 1.3 0.9 2.7
1998.2274 3.5877 5.88466 45.1 1.3 0.9 2.6
1998.2301 7.81797 0.333094 41.3 1.5 1.0 2.9
1998.2329 1.71353 0.777219 36.9 1.4 0.9 2.6
1998.2356 4.06963 -0.666188 36.8 1.3 0.9 2.7
1998.2384 4.7122 1.7765 31.7 1.3 0.9 2.6
1998.2411 4.01608 2.88681 37.5 1.4 0.9 2.7
1998.2438 -0.428382 -1.99856 42.6 1.3 1.0 2.8
1998.2466 -0.321286 0.666188 34 1.3 0.9 2.7
1998.2493 10.6025 3.553 36.3 1.3 0.9 2.6
1998.2521 8.78183 7.99426 38.6 1.3 0.9 2.7
1998.2548 6.31864 5.44053 52.5 1.2 0.9 2.6
1998.2575 8.03216 3.66403 60.2 1.3 0.9 2.7
1998.2603 8.24635 2.99785 36.9 1.3 0.9 2.7
1998.2630 10.1205 3.99713 36.4 1.3 1.0 2.7
1998.2658 10.7096 2.66475 32.1 1.3 0.9 2.7
1998.2685 5.35478 2.66475 40.8 1.3 0.9 2.7
1998.2712 7.44314 2.55372 31.6 1.4 0.9 2.8
1998.2740 8.88893 14.5451 53.8 1.8 1.3 3.5
1998.2767 13.8153 7.88322 47.6 1.9 1.3 3.7
1998.2822 11.8876 5.88466 39.9 1.3 0.9 2.6
1998.2849 4.65865 8.99354 54.2 1.3 0.9 2.6
1998.2932 19.2772 9.54869 38.9 2.7 1.9 5.1
1998.2959 8.62119 2.88681 45.1 1.3 1.0 2.7
1998.2986 5.24768 0.888251 39.1 1.3 0.9 2.6
1998.3014 8.24635 2.22063 24.8 1.4 1.0 2.7
1998.3041 8.08571 2.22063 26.1 1.3 0.9 2.7
1998.3068 5.35478 4.10816 36.1 1.2 0.9 2.7
1998.3096 7.38959 2.88681 34.3 1.3 0.9 2.7
1998.3123 5.35478 0.999282 29.7 1.8 1.1 3.1
1998.3151 8.99602 3.553 24.3 1.3 0.9 2.8
1998.3178 9.15667 6.10672 21.4 1.7 1.1 3.1
1998.3205 3.10577 0.111031 41.8 1.4 0.9 2.7
1998.3233 2.40965 -0.77722 40.2 1.2 0.9 2.7
1998.3260 2.73094 5.55157 48.5 1.5 1.0 2.7
1998.3288 8.78183 4.10816 28.8 1.3 0.9 2.7
1998.3315 6.74702 4.33022 22.4 1.2 0.9 2.6
1998.3370 1.92772 2.55372 26.8 1.9 1.3 3.4
1998.3397 6.96121 8.88251 12.6 2.5 1.8 4.3
1998.3425 -4.39092 12.7686 6.3 1.4 1.0 2.7
1998.3479 -5.72961 12.5465 4.1 1.2 0.9 2.6
1998.3507 -7.55023 15.4334 1.6 2.8 1.5 4.5
1998.3534 -10.8702 28.313 28.8 1.3 0.9 2.6
1998.3562 -4.17672 14.212 9.2 1.4 1.0 2.7
1998.3589 -3.74834 12.1024 5.1 1.3 0.9 2.6
1998.3616 -4.55156 11.5473 5.9 1.3 1.0 2.7
1998.3644 -5.35478 13.5458 -0.9 1.2 0.9 2.6
1998.3671 -3.21287 14.7672 2.2 1.2 0.9 2.7
1998.3699 -2.14191 16.7657 2 1.5 1.1 3.1
1998.3726 -6.0509 18.2091 9.2 1.2 0.9 2.6
1998.3753 -6.63992 12.6576 2.1 1.2 0.9 2.6
1998.3781 -2.62384 13.6569 4.8 1.2 0.9 2.6
1998.3808 0.374833 11.7693 23.6 1.2 0.9 2.6
1998.3836 -5.56897 13.2127 9.8 1.2 0.9 2.6
1998.3863 -6.96121 12.1024 4 1.2 0.9 2.6
1998.3890 -2.57029 11.6583 5.8 1.2 0.9 2.6
1998.3918 -5.24768 11.2142 5.7 1.3 0.9 2.7
1998.3945 -2.89158 12.4355 -0.1 1.2 0.9 2.6
1998.4000 -8.407 12.4355 10.1 1.2 0.9 2.6
1998.4027 -9.5315 12.2134 2 1.2 0.9 2.6
1998.4055 -10.1741 13.1017 -1.3 1.2 0.9 2.6
1998.4082 -2.99867 16.5437 6.4 1.3 0.9 2.6
1998.4110 -5.51542 14.8782 7.7 1.2 0.9 2.6
1998.4137 -3.80189 11.1031 6.8 1.2 0.9 2.6
1998.4164 -4.12318 17.4319 -5.6 1.2 0.9 2.6
1998.4192 -6.69347 13.4348 9.6 1.2 0.9 2.6
1998.4219 -8.24636 14.4341 7.8 1.2 0.9 2.6
1998.4247 -2.73094 13.8789 5.5 1.2 0.9 2.6
1998.4274 -3.74834 11.9914 4.6 1.2 0.9 2.7
1998.4301 -5.78316 13.3238 9.1 1.2 0.9 2.7
1998.4329 -8.08571 10.2149 10.5 1.2 1.0 2.6
1998.4356 -11.7805 15.5444 29.7 1.2 0.9 2.6
1998.4384 -6.10445 14.6561 6.4 1.2 0.9 2.6
1998.4411 -5.78316 13.2127 0.6 1.3 0.9 2.6
1998.4438 -5.9438 11.3252 -0.7 1.2 0.9 2.6
1998.4466 -5.72961 10.4369 3.4 1.2 0.9 2.6
1998.4493 -8.407 10.1039 5.2 1.2 0.9 2.6
1998.4521 -6.63992 10.3259 7.9 1.3 1.0 2.7
1998.4548 -8.56764 11.6583 0.8 1.2 0.9 2.7
1998.4575 -4.97994 15.1003 3.7 1.3 0.9 2.8
1998.4603 -8.56764 11.1031 1.1 1.2 0.9 2.6
1998.4630 -9.6386 11.1031 12.1 1.2 0.9 2.6
1998.4658 -5.56897 14.9892 10.7 1.3 0.9 2.7
1998.4685 -9.74569 12.7686 4.1 1.2 0.9 2.6
1998.4712 -5.51542 11.4362 3.5 1.2 0.9 2.6
1998.4740 -10.5489 13.3238 5.2 1.2 0.9 2.7
1998.4767 -8.56764 10.8811 -2.2 1.3 0.9 2.7
1998.4795 -5.30123 13.3238 9.7 1.3 1.0 2.7
1998.4822 -9.31731 13.8789 7.8 1.3 0.9 2.7
1998.4849 -8.46055 11.1031 4.5 1.5 1.0 2.8
1998.4877 0.107096 13.4348 4.7 1.2 0.9 2.7
1998.4904 -7.65733 9.32663 -10.1 1.2 0.9 2.6
1998.4932 -7.2825 15.2113 8.5 1.2 0.9 2.7
1998.4959 -6.53283 12.4355 7 1.3 0.9 2.7
1998.4986 -4.76575 13.8789 5.9 1.3 0.9 2.7
1998.5014 -7.81797 13.2127 5.3 1.2 0.9 2.7
1998.5068 -10.1205 11.3252 8.6 1.2 0.9 2.6
1998.5233 -8.83538 13.9899 2.4 1.2 0.9 2.7
1998.5315 -7.87152 12.7686 4.1 1.2 0.9 2.6
1998.5425 -5.56897 11.6583 9.9 1.2 0.9 2.6
1998.5507 -8.99602 13.4348 7.2 1.2 0.9 2.6
1998.5616 -7.2825 13.9899 -1.5 1.3 0.9 2.6
1998.5945 -10.8702 10.4369 0.1 1.2 0.9 2.6
1998.5973 -12.2089 10.548 1.9 1.5 1.1 3.0
1998.6000 -9.79924 10.548 0.1 1.4 1.0 2.8
1998.6027 -11.0308 11.1031 11.2 1.3 0.9 2.6
1998.6082 -15.8501 9.99282 7.1 1.2 0.9 2.7
1998.6110 -11.4592 12.2134 9.8 1.2 0.9 2.6
1998.6137 -12.0482 7.77219 12 1.3 0.9 2.6
1998.6164 -9.26376 9.43766 9.7 1.3 0.9 2.6
1998.6192 -10.4954 6.77291 10.8 1.3 0.9 2.6
1998.6219 -13.3869 10.548 8.3 1.2 0.9 2.6
1998.6247 -12.7444 11.1031 13.8 1.3 0.9 2.7
1998.6301 -10.6025 10.1039 6.5 1.3 0.9 2.6
1998.6329 -8.2999 9.65972 6.8 1.3 0.9 2.7
1998.6356 -9.58505 11.4362 21.8 1.4 1.0 2.7
1998.6521 -12.4231 9.2156 15.4 4.8 2.5 7.4
1998.6548 -22.6507 10.3259 8.7 3.4 1.6 4.8
1998.6575 -16.1714 7.66116 6.4 1.3 0.9 2.6
1998.6630 -14.7792 9.10457 14.3 1.3 0.9 2.6
1998.6658 -11.1379 10.1039 15.3 1.8 1.4 3.4
1998.6685 -17.7243 10.659 65.4 3.1 1.8 5.5
1998.6712 -11.9411 8.99354 8.4 1.3 0.9 2.6
1998.6740 -13.2263 9.32663 6.5 1.3 0.9 2.6
1998.6932 -10.2276 8.77147 15.6 1.7 1.1 3.5
1998.6959 -10.2812 3.66403 15.6 1.3 0.9 2.7
1998.6986 -12.8515 7.55013 13 1.5 1.0 2.8
1998.7014 -12.8515 4.99641 10.8 1.3 0.9 2.6
1998.7041 -8.67474 5.3295 9.5 1.3 0.9 2.7
1998.7068 -6.80056 6.99497 11 1.3 0.9 2.6
1998.7096 -17.2959 4.10816 13 1.3 0.9 2.6
1998.7123 -17.1888 5.55157 -1.4 2.9 2.0 5.7
1998.7452 -13.976 5.6626 14.9 1.3 0.9 2.6
1998.7507 -11.6199 3.66403 5 1.4 1.0 2.8
1998.7534 -8.03216 3.8861 5.8 1.5 0.9 2.8
1998.7562 -14.0831 1.66547 7.1 1.3 0.9 2.6
1998.7589 -13.7618 4.21919 18.8 1.3 0.9 2.8
1998.7616 -11.6199 2.10959 9.4 1.3 0.9 2.7
1998.7671 -10.8166 1.99856 2.3 1.6 1.1 3.1
1998.7699 -15.7966 3.10888 8 1.4 1.0 2.8
1998.7726 -12.905 3.10888 11 1.5 1.0 2.8
1998.7753 -11.8341 2.77578 13 1.2 0.9 2.6
1998.7781 -11.6734 5.99569 16.2 1.2 0.9 2.7
1998.7863 -15.4218 4.44125 17 1.2 0.9 2.6
1998.7890 -12.6908 5.10744 16.3 1.2 0.9 2.7
1998.7918 -15.9037 5.44053 24.6 1.2 0.9 2.6
1998.7945 -15.3682 5.6626 20.8 1.3 0.9 2.7
1998.8110 -8.2999 5.3295 23.1 1.3 0.9 2.7
1998.8137 -14.7792 3.553 37.3 1.3 0.9 2.8
1998.8164 -17.7779 7.55013 12.3 1.3 0.9 2.7
1998.8192 -19.0095 2.10959 10.4 1.2 0.9 2.7
1998.8219 -19.3843 0 8.1 1.2 0.9 2.7
1998.8247 -15.5824 3.8861 15.9 1.2 0.9 2.7
1998.8274 -17.2424 0.222063 20.3 1.2 0.9 2.7
1998.8301 -14.4579 -0.999282 9.3 1.2 0.9 2.7
1998.8329 -11.6734 3.66403 13.2 1.2 0.9 2.6
1998.8356 -7.55023 9.65972 26.9 1.2 0.9 2.7
1998.8384 -19.8127 4.77435 18.3 1.2 0.9 2.7
1998.8411 -13.0121 -0.222063 4.8 1.4 0.9 2.9
1998.8438 -12.7979 2.99785 19.5 1.3 0.9 2.7
1998.8466 -19.1165 -0.555157 6.5 1.3 0.9 2.8
1998.8493 -15.9037 -0.888251 10.9 1.6 1.1 3.0
1998.8521 -16.5998 0.888251 10.8 1.5 1.2 3.1
1998.8548 -17.403 3.66403 19.7 1.7 1.2 3.3
1998.8575 -17.2959 -2.55372 14.7 2.2 1.6 4.0
1998.8658 -18.9559 2.99785 19.5 1.2 0.9 2.6
1998.8712 -13.2798 4.33022 32.5 1.6 1.3 3.1
1998.8740 -15.743 -0.444125 18.3 1.2 0.9 2.7
1998.8767 -17.0282 3.33094 22.3 1.2 0.9 2.7
1998.8795 -10.3347 4.44125 20.1 1.6 1.1 3.7
1998.8822 -14.0295 2.77578 33.1 1.2 0.9 2.7
1998.8849 -13.2263 0.444125 30.7 1.2 0.9 2.7
1998.8877 -14.2973 -0.77722 29 1.2 0.9 2.7
1998.8904 -16.5463 -1.88753 21.7 1.2 0.9 2.7
1998.8932 -15.6359 1.55444 20.4 1.2 0.9 2.7
1998.8959 -15.4753 0.111031 21.4 1.2 0.9 2.7
1998.8986 -15.2076 1.7765 20.8 1.3 0.9 2.7
1998.9014 -15.3682 1.66547 26.7 1.2 0.9 2.8
1998.9041 -14.1366 1.22134 26.9 1.3 0.9 2.7
1998.9068 -16.4392 -1.44341 22.9 1.2 0.9 2.7
1998.9096 -15.4753 2.10959 33.1 1.2 0.9 2.7
1998.9123 -16.5463 0.333094 18.4 1.2 0.9 2.6
1998.9151 -21.5797 -4.33022 23.3 1.3 1.0 2.8
1998.9233 -17.403 -3.77507 16.4 1.2 0.9 2.7
1998.9260 -14.6185 -4.99641 10.3 1.3 0.9 2.7
1998.9288 -20.134 1.11031 2.6 2.7 2.2 5.0
1998.9315 -10.3883 -2.1096 23.6 1.3 0.9 2.6
1998.9342 -13.1192 -5.99569 24.3 1.2 0.9 2.6
1998.9370 -12.6908 -7.55013 21.7 1.3 0.9 2.7
1998.9397 -18.7953 -2.66475 28.2 1.3 0.9 2.7
1998.9425 -14.9934 -8.10529 30.9 1.2 0.9 2.7
1998.9479 -13.0121 -6.21775 23.6 1.2 0.9 2.7
1998.9507 -11.4592 -2.77578 24.3 1.2 0.9 2.6
1998.9534 -17.2959 -4.77435 33.9 1.3 1.0 2.8
1998.9562 -18.2062 -3.44197 28.2 1.3 1.0 2.8
1998.9589 -13.3869 -6.32879 33.9 1.2 0.9 2.6
1998.9616 -7.38959 -3.553 31 1.2 0.9 2.7
1998.9644 -11.9947 -2.66475 13.3 1.2 0.9 2.8
1998.9671 -8.88893 -2.77578 23.8 1.2 0.9 2.7
1998.9699 -11.7805 -5.44053 30.4 1.3 1.0 2.9
1998.9726 -7.12185 -10.2149 38.9 1.2 0.9 2.7
1998.9753 -8.67474 -5.77363 33 1.3 0.9 2.8
1998.9781 -12.2089 -4.33022 22.5 1.3 0.9 2.7
1998.9808 -17.5101 -6.10672 22.7 1.3 0.9 2.8
1998.9836 -18.2598 -5.44053 29.5 1.4 1.0 2.9
1998.9863 -20.2411 0.555156 20.6 1.5 1.0 2.8
1998.9890 -18.2598 -0.999282 31.1 1.2 0.9 2.7
1998.9918 -17.403 4.21919 14.6 1.3 0.9 2.8
1998.9945 -13.976 -3.44197 31.2 1.4 1.0 3.0
1998.9973 -10.7096 -5.44053 33.4 1.3 1.0 2.7
1999.0000 -19.8662 -8.32735 13.4 1.2 0.9 2.7
1999.0548 -13.494 -6.77291 17.7 1.3 0.9 2.8
1999.0575 -12.7979 -4.55228 16.6 1.3 0.9 2.8
1999.0603 -12.1553 -5.10744 24.5 1.3 0.9 2.7
1999.0630 -13.4405 -11.2142 13 1.3 0.9 2.9
1999.0658 -12.7444 -6.66188 18.3 1.2 0.9 2.8
1999.0685 -16.3321 -8.21632 11.7 1.2 0.9 2.8
1999.0712 -14.7256 -5.88466 16.1 1.3 0.9 2.8
1999.0740 -17.2959 -6.99497 13.9 1.4 1.0 2.9
1999.0767 -21.6333 -9.10457 9.6 1.3 0.9 2.7
1999.0795 -11.7805 -6.99497 11.5 1.3 0.9 2.8
1999.0822 -12.316 -11.2142 10.2 1.3 0.9 2.7
1999.0849 -15.7966 -8.99354 21.1 1.3 0.9 2.7
1999.0877 -16.0643 -10.77 17.4 1.2 0.9 2.7
1999.0904 -20.6159 -10.659 13 1.3 0.9 2.8
1999.0932 -14.6721 -12.2134 11.1 1.3 0.9 2.8
1999.0959 -18.9024 -11.3252 12.9 1.3 0.9 2.8
1999.0986 -15.3682 -11.3252 20.5 1.3 0.9 2.8
1999.1014 -16.2785 -13.4348 23.1 1.2 0.9 2.6
1999.1041 -20.5623 -11.7693 21.6 1.3 0.9 2.8
1999.1096 -13.5476 -9.88179 13.6 1.3 0.9 2.8
1999.1123 -18.9559 -12.4355 9.4 1.3 0.9 2.8
1999.1151 -13.976 -9.99282 15.6 1.4 0.9 2.8
1999.1178 -22.1688 -12.7686 15.7 1.5 1.0 3.0
1999.1205 -20.1875 -9.10457 18.8 1.3 0.9 2.7
1999.1233 -17.0282 -9.2156 22 1.4 1.0 2.9
1999.1260 -7.97862 -5.3295 38.4 1.3 0.9 2.8
1999.1288 -16.8675 -10.9921 15.3 1.3 0.9 2.7
1999.1315 -19.1701 -11.5473 16.7 1.6 1.0 3.2
1999.1342 -20.6159 -11.2142 14.6 2.6 1.5 4.1
1999.1370 -15.5824 -11.3252 15.4 2.1 1.3 3.6
1999.1397 -18.9559 -8.43838 10.1 1.3 0.9 2.7
1999.1425 -11.4057 -10.2149 18.9 1.2 0.9 2.6
1999.1452 -17.2424 -9.65973 18.7 1.3 0.9 2.8
1999.1479 -15.3682 -8.77147 15.6 1.3 0.9 2.7
1999.1507 -16.814 -10.4369 16.1 1.3 0.9 2.7
1999.1534 -15.3682 -9.32663 14.6 1.3 0.9 2.7
1999.1562 -16.225 -6.77291 16 1.3 0.9 2.7
1999.1589 -13.3869 -9.88179 14.7 1.3 0.9 2.8
1999.1836 -19.9198 -15.5444 17 2.4 1.7 4.7
1999.1863 -13.494 -13.4348 12.8 1.6 1.0 2.9
1999.1890 -14.2973 -13.6569 14.9 1.6 1.1 3.1
1999.1918 -13.3334 -15.3223 15.7 1.3 0.9 2.6
1999.1945 -18.7417 -13.2127 25.5 1.4 0.9 2.8
1999.1973 -12.316 -11.2142 13 1.3 0.9 2.7
1999.2000 -17.4566 -9.32663 32 1.3 0.9 2.7
1999.2027 -18.1527 -11.7693 13.2 1.4 1.0 2.7
1999.2055 -13.8689 -16.9878 10.3 1.3 0.9 2.6
1999.2082 -14.4579 -13.1017 14.6 1.2 0.9 2.6
1999.2110 -15.9037 -16.0995 18.3 1.3 0.9 2.7
1999.2137 -9.26376 -12.6576 12.7 1.3 0.9 2.7
1999.2164 -14.8327 -10.4369 21.1 1.3 0.9 2.7
1999.2192 -16.8675 -13.1017 7.9 1.3 0.9 2.6
1999.2301 -11.727 -12.4355 5.3 1.3 0.9 2.7
1999.2329 -16.5463 -15.2113 7 1.3 0.9 2.6
1999.2356 -12.4231 -16.2106 10.5 1.2 0.9 2.6
1999.2384 -16.5998 -15.9885 10.8 1.2 0.9 2.6
1999.2411 -8.94248 -17.9871 -9.6 1.4 0.9 2.8
1999.2438 -12.9586 -13.7679 7.5 1.3 0.9 2.7
1999.2466 -19.7056 -17.4319 12.2 1.3 0.9 2.7
1999.2493 -15.743 -15.6554 10.7 1.9 1.3 3.8
1999.2521 -16.3856 -14.8782 11.3 1.3 0.9 2.7
1999.2548 -15.5824 -12.2134 5.9 1.2 0.9 2.6
1999.2575 -15.3147 -12.3245 4.8 1.3 0.9 2.6
1999.2603 -14.4579 -14.8782 19.1 1.3 0.9 2.6
1999.2630 -14.8327 -14.9892 2.7 1.2 0.9 2.6
1999.2658 -16.8675 -15.1003 5.2 1.3 0.9 2.6
1999.2685 -18.474 -14.8782 8.4 1.3 0.9 2.7
1999.2712 -16.5463 -14.6561 15.8 1.3 0.9 2.8
1999.2740 -17.0282 -13.3238 13.8 1.2 0.9 2.6
1999.2767 -16.225 -14.101 19 1.3 0.9 2.6
1999.2795 -12.9586 -12.7686 10.9 1.8 1.3 3.7
1999.2986 -17.403 -12.4355 14.7 1.3 0.9 2.6
1999.3014 -17.1353 -15.5444 13.8 1.4 1.0 2.8
1999.3041 -18.3669 -18.3202 14.5 1.3 1.0 2.7
1999.3068 -18.9559 -14.9892 9.3 1.3 0.9 2.6
1999.3096 -20.6694 -16.7657 13.1 1.2 0.9 2.7
1999.3123 -19.5985 -15.4334 11.9 1.3 0.9 2.6
1999.3151 -17.1888 -14.6561 14.1 1.3 0.9 2.7
1999.3178 -2.08836 -13.7679 0.3 5.2 2.1 6.4
1999.3288 -24.3642 -19.5415 32.7 2.2 1.7 4.7
1999.3479 -36.6267 -21.096 18.1 4.6 2.8 8.2
1999.3671 -18.5275 -14.6561 12.2 1.3 0.9 2.6
1999.4055 -20.9372 -17.654 18.7 1.9 1.4 3.9
1999.4082 -21.312 -21.5401 19.7 1.3 1.0 2.8
1999.4110 -19.5985 -19.8746 10.6 1.2 1.0 2.6
1999.4137 -20.134 -16.8768 19.1 1.2 0.9 2.6
1999.4164 -20.8836 -19.6525 15.8 1.2 1.0 2.6
1999.4192 -19.652 -20.0967 18.3 1.2 0.9 2.6
1999.4219 -22.9184 -20.4298 13.6 1.2 0.9 2.6
1999.5753 -23.6146 -19.2084 26.8 6.4 3.3 8.5
1999.5781 -24.7926 -17.9871 21.7 1.6 1.1 2.9
1999.5808 -23.9894 -22.5394 15.2 1.3 0.9 2.7
1999.5836 -23.4539 -21.6511 14.8 1.3 0.9 2.6
1999.5863 -23.5075 -23.7607 27.3 1.3 0.9 2.6
1999.5890 -26.0778 -22.2063 28.6 1.3 0.9 2.7
1999.5918 -25.1674 -23.5386 67.3 1.4 0.9 2.7
1999.5945 -20.0804 -23.0945 11.3 1.3 0.9 2.6
1999.5973 -21.5797 -20.7629 14.8 1.4 0.9 2.6
1999.6000 -25.3816 -26.0924 26.2 1.3 0.9 2.6
1999.6027 -27.0952 -22.7614 21.7 1.3 0.9 2.6
1999.6055 -23.8288 -20.8739 21.5 1.5 1.1 3.1
1999.6082 -24.8462 -24.2048 21 1.3 1.0 2.8
1999.6110 -25.7565 -24.871 13.6 1.3 0.9 2.7
1999.6137 -24.3107 -23.2055 20.8 1.3 0.9 2.6
1999.6164 -25.4887 -23.2055 23 1.3 0.9 2.6
1999.6192 -24.4713 -23.0945 21.9 1.3 0.9 2.6
1999.6219 -25.5423 -24.4269 23.2 1.5 1.0 3.0
1999.6247 -25.3281 -22.4283 11 1.6 1.0 2.8
1999.6274 -22.4901 -19.9856 14.6 1.6 1.3 3.5
1999.6301 -24.4178 -22.7614 28.2 1.4 1.0 2.7
1999.6329 -24.8997 -23.5386 24.8 1.6 1.1 3.2
1999.7233 -31.3254 -28.202 23.2 1.3 1.0 2.8
1999.7260 -26.1313 -29.5343 31.9 1.5 1.1 3.0
1999.7288 -28.5945 -27.0916 31.3 1.4 1.0 2.9
1999.7315 -32.4499 -26.2034 24.9 1.4 1.0 2.8
1999.7342 -27.6306 -29.6454 23.9 1.3 0.9 2.8
1999.7397 -30.8435 -28.202 16.6 1.6 1.1 3.1
1999.7425 -28.0055 -26.9806 14.9 1.6 1.0 3.0
1999.7479 -30.6829 -29.4233 17.6 1.6 1.1 2.9
1999.7507 -28.9693 -30.0895 31.7 1.4 1.0 2.9
1999.7534 -27.1487 -28.202 38 1.4 1.0 2.9
1999.7562 -32.3428 -28.202 23.7 1.3 1.0 2.8
1999.7589 -31.4325 -27.2027 28.3 1.3 1.0 2.8
1999.7616 -28.7551 -28.7571 30 1.3 0.9 2.7
1999.7644 -32.2357 -28.6461 17.7 1.3 0.9 2.7
1999.7671 -31.6467 -29.3123 21.3 1.3 0.9 2.7
1999.7699 -32.6106 -25.8703 23.2 1.3 0.9 2.8
1999.7726 -33.1996 -28.424 19.5 1.3 1.0 2.7
1999.7753 -33.4673 -31.0888 29 1.8 1.3 3.3
1999.7781 -31.2183 -31.1998 21.3 1.3 1.0 2.7
1999.7808 -31.7538 -30.7557 26.3 1.6 1.1 3.1
1999.7836 -33.7351 -32.0881 32.3 1.6 1.1 2.9
1999.7863 -32.557 -26.3144 17.8 1.4 1.1 2.9
1999.7890 -33.3603 -31.1998 25.9 1.5 1.0 3.0
1999.7918 -38.6079 -30.9777 24.1 1.4 1.0 2.7
1999.7945 -33.2532 -30.0895 24.9 1.6 1.1 2.9
1999.7973 -31.6467 -30.0895 30.3 1.3 1.0 2.7
1999.8000 -28.0055 -28.9792 33.4 1.5 1.0 2.9
1999.8027 -31.2719 -28.5351 30.2 1.3 0.9 2.7
1999.8055 -32.9854 -31.5329 23.5 1.3 1.0 2.7
1999.8082 -33.4673 -31.866 22.5 1.9 1.3 3.6
1999.8110 -34.5919 -30.7557 28.5 1.4 1.1 2.8
1999.8137 -33.7886 -26.8696 35.5 1.5 1.0 2.9
1999.8164 -38.0189 -31.0888 31.4 1.3 1.0 2.8
1999.8192 -32.6641 -30.6446 30.2 1.3 1.0 2.7
1999.8219 -31.9145 -32.0881 27.4 1.5 1.1 3.0
1999.8247 -31.6467 -31.4219 32.8 1.4 1.1 3.0
1999.8274 -29.8796 -32.7542 32.4 1.3 1.0 2.9
1999.8301 -28.2197 -31.1998 33.4 1.3 1.0 2.8
1999.8329 -28.9693 -31.5329 36.5 1.3 1.0 2.9
2000.0027 -30.6293 -34.9749 25.2 1.3 1.0 2.8
2000.0055 -29.0764 -34.6418 22 1.2 0.9 2.6
2000.0082 -31.1112 -34.7528 23.7 1.2 1.0 2.6
2000.0110 -28.3803 -36.5293 28.7 1.2 0.9 2.7
2000.0137 -29.0764 -36.4183 28.8 1.2 0.9 2.6
2000.0164 -27.4165 -35.6411 29.4 1.2 0.9 2.6
2000.0192 -31.5396 -38.7499 32.5 1.2 0.9 2.7
2000.0219 -30.0938 -36.7514 30.4 1.1 0.9 2.5
2000.0247 -30.8435 -37.0845 25.1 1.2 0.9 2.5
2000.0274 -31.8609 -37.6396 19.9 1.1 0.9 2.5
2000.0301 -32.1822 -35.308 20.7 1.3 0.9 2.7
2000.0329 -30.4151 -34.1976 24 1.2 0.9 2.7
2000.0356 -30.5758 -38.4168 28.1 1.2 0.9 2.7
2000.0384 -33.1461 -39.5272 24.9 1.2 0.9 2.7
2000.0411 -30.0403 -34.9749 46.2 1.2 0.9 2.7
2000.0438 -35.2344 -40.4154 41.1 1.2 0.9 2.6
2000.0466 -28.5945 -34.1976 41.4 1.2 0.9 2.7
2000.0493 -31.8609 -34.0866 47.4 1.2 0.9 2.6
2000.0521 -29.5048 -31.755 51.2 1.2 0.9 2.6
2000.0548 -29.2371 -35.6411 28.6 1.2 0.9 2.7
2000.0575 -30.6293 -34.4197 25.1 1.2 0.9 2.6
2000.0603 -29.7726 -35.419 24.8 1.3 1.0 2.9
2000.0630 -31.9145 -36.4183 36.3 1.3 1.0 2.8
2000.0658 -30.79 -48.1876 21.6 1.2 0.9 2.5
2000.0685 -34.5919 -39.1941 26.1 1.3 0.9 2.7
2000.0712 -26.9881 -38.0837 28.8 1.3 1.0 2.8
2000.0740 -30.6829 -39.9713 30.1 1.5 1.1 3.1
2000.0767 -29.4513 -37.3065 30.3 1.3 0.9 2.7
2000.0795 -35.6628 -34.7528 26.6 1.3 1.0 2.8
2000.0822 -36.0912 -35.53 26.6 1.3 0.9 2.8
2000.0849 -31.8609 -36.5293 29.4 1.3 0.9 2.8
2000.0877 -26.2384 -35.419 36 1.3 0.9 2.8
2000.0904 -33.4138 -35.308 19.9 1.3 1.0 2.8
2000.0959 -30.8435 -36.7514 24 1.2 0.9 2.5
2000.0986 -36.8409 -38.5279 15.8 1.2 0.9 2.7
2000.1014 -32.1822 -39.083 15 1.3 1.0 2.7
2000.1041 -37.3763 -37.9727 15 1.3 1.0 2.8
2000.1068 -34.5919 -39.4161 10.7 1.3 0.9 2.5
2000.1096 -34.806 -35.308 19.7 1.2 0.9 2.5
2000.1123 -31.1648 -37.9727 18 1.2 0.9 2.6
2000.1151 -34.3777 -38.7499 21.4 1.3 0.9 2.6
2000.1178 -32.557 -40.6375 25.8 1.7 1.1 3.0
2000.1205 -30.1474 -39.5272 18.5 1.3 0.9 2.5
2000.1233 -35.288 -38.972 26.5 1.4 1.0 2.8
2000.1260 -32.6106 -38.972 15.9 1.2 0.9 2.7
2000.1288 -34.4312 -38.6389 18.1 1.2 0.9 2.6
2000.1315 -35.1273 -42.1919 21.6 1.2 0.9 2.6
2000.1342 -34.0564 -41.5257 22 1.2 0.9 2.5
2000.1452 -34.1635 -40.8595 16.8 1.2 0.9 2.6
2000.1479 -34.806 -41.7478 22.5 1.3 0.9 2.6
2000.1507 -33.8422 -42.8581 22.2 1.4 1.0 2.6
2000.1534 -33.0925 -40.6375 21.2 1.3 0.9 2.6
2000.1562 -35.3415 -42.8581 27.2 1.3 1.0 2.6
2000.1589 -32.8783 -40.3044 26.2 1.2 0.9 2.6
2000.1616 -28.5945 -40.4154 26.5 1.3 0.9 2.6
2000.1644 -28.9693 -43.1912 30.1 1.3 0.9 2.6
2000.1671 -34.5919 -42.3029 20.7 1.6 1.0 2.8
2000.1699 -32.2893 -40.3044 24.7 1.3 1.0 2.8
2000.1753 -33.5209 -41.5257 33.3 1.3 1.0 2.8
2000.1781 -33.1996 -41.4147 6.8 1.3 0.9 2.6
2000.1808 -30.7364 -41.1926 21.3 1.3 1.0 2.8
2000.1836 -38.0189 -44.0794 20.2 1.9 1.3 3.4
2000.1863 -32.5035 -44.7456 23.8 1.4 1.0 2.9
2000.1890 -33.6815 -41.5257 17.9 1.2 0.9 2.6
2000.1918 -25.8636 -41.6367 17.5 1.9 1.1 3.3
2000.1945 -33.039 -42.9691 22.1 1.3 1.0 2.7
2000.2110 -31.3254 -42.525 25 1.3 0.9 2.7
2000.2137 -33.6815 -41.7478 22.2 1.3 0.9 2.7
2000.2164 -35.3951 -38.861 27.9 1.2 0.9 2.6
2000.2192 -34.0564 -41.0816 25.1 1.4 1.0 2.7
2000.2219 -30.6293 -41.9698 27.2 1.3 1.0 2.7
2000.2247 -30.308 -41.6367 29.3 1.3 0.9 2.7
2000.2274 -31.3254 -41.7478 32.7 1.3 1.0 2.8
2000.2301 -36.7873 -44.5236 27.9 1.3 1.0 2.7
2000.2356 -30.6293 -42.636 29.4 1.4 1.0 3.0
2000.2384 -28.648 -43.4132 25.1 1.4 1.0 2.9
2000.2411 -28.2732 -40.7485 22.3 1.3 0.9 2.7
2000.2438 -33.6815 -41.5257 33.6 1.3 0.9 2.7
2000.2493 -29.719 -43.8574 21.2 1.6 1.0 3.1
2000.3342 -30.0938 -44.7456 22 1.3 1.0 2.8
2000.3370 -31.0042 -42.9691 21.2 1.7 1.2 3.5
2000.3397 -35.9305 -40.8595 18.3 1.3 1.0 2.9
2000.3425 -32.3964 -44.3015 23.5 1.2 1.0 2.8
2000.3452 -31.8074 -45.1897 21.2 1.3 1.0 2.7
2000.3479 -32.7177 -44.6346 20 1.2 0.9 2.7
2000.3507 -29.9332 -44.1905 21 1.2 0.9 2.7
2000.3562 -32.557 -42.9691 23.6 1.3 0.9 2.7
2000.3589 -30.0938 -45.8559 14.3 1.2 0.9 2.7
2000.3616 -36.2518 -44.9677 19.4 1.3 1.0 2.8
2000.3699 -33.2532 -44.8567 20.3 1.2 0.9 2.7
2000.3726 -34.1635 -45.967 24.8 1.2 1.0 2.8
2000.3753 -31.1648 -43.8574 26.7 1.3 1.0 2.8
2000.3781 -34.4312 -47.5214 20.8 1.2 1.0 2.8
2000.3808 -34.7525 -45.4118 25.6 1.4 1.0 2.9
2000.3836 -35.3415 -47.5214 22.6 1.2 0.9 2.7
2000.3890 -34.8596 -46.6332 17.2 1.3 1.0 2.7
2000.3945 -33.6815 -44.0794 19 1.3 1.0 2.8
2000.3973 -34.6454 -47.5214 25.6 1.5 1.1 2.9
2000.4000 -47.8717 -44.3015 23.8 2.4 1.8 5.0
2000.4027 -36.3054 -43.4132 17.8 1.3 0.9 2.7
2000.4055 -34.4848 -42.9691 20.4 1.3 0.9 2.7
2000.4082 -35.3415 -45.4118 22.7 1.2 0.9 2.7
2000.4110 -37.1086 -46.6332 20.1 1.2 0.9 2.7
2000.4164 -36.5731 -46.6332 22.3 1.3 0.9 2.7
2000.4795 -36.8409 -44.3015 12.5 1.5 1.1 3.2
2000.4822 -32.6641 -44.4125 15.8 1.2 0.9 2.6
2000.4849 -42.035 -43.8574 17 1.1 0.9 2.6
2000.4877 -37.1621 -46.7442 21.1 1.5 1.0 2.9
2000.4932 -34.1099 -43.9684 15 1.2 0.9 2.8
2000.4959 -37.2157 -44.8567 14.4 1.2 0.9 2.7
2000.4986 -35.9841 -43.8574 17.9 1.2 0.9 2.7
2000.6630 -41.5531 -51.6296 28.6 1.3 1.0 2.8
2000.6658 -40.1073 -52.0737 27 1.3 1.0 2.9
2000.6685 -41.0176 -51.4075 22.3 1.3 0.9 2.8
2000.6712 -36.466 -49.8531 24.6 1.3 1.0 2.8
2000.6740 -41.9279 -48.5207 26.8 1.4 1.0 2.9
2000.6767 -38.5008 -50.1862 24.2 1.2 0.9 2.7
2000.6795 -37.3228 -48.9648 25.9 1.2 0.9 2.7
2000.6822 -37.8583 -51.6296 25 1.2 0.9 2.7
2000.6849 -37.055 -48.4097 38.4 1.2 1.0 2.8
2000.6877 -38.0189 -52.5178 25.6 1.2 1.0 2.8
2000.6932 -36.3589 -52.4068 25.6 1.3 1.0 2.9
2000.7014 -42.3563 -53.6281 22.3 1.4 1.0 2.9
2000.7041 -37.4834 -50.6303 31 1.2 0.9 2.8
2000.7096 -41.5531 -52.5178 31.4 1.2 1.0 2.7
2000.7123 -41.1247 -52.2958 32.2 1.3 1.0 2.8
2000.7151 -39.3041 -51.4075 38 1.3 1.0 2.8
2000.7178 -40.375 -50.0751 34.7 1.8 1.3 3.6
2000.7205 -42.8918 -50.6303 31.9 1.4 1.0 2.9
2000.7233 -41.0711 -50.8523 24.8 1.2 0.9 2.8
2000.7260 -40.964 -53.8502 34.8 1.2 1.0 2.8
2000.7342 -39.6789 -49.52 26.5 1.2 0.9 2.7
2000.7370 -44.9801 -48.0766 28.8 1.3 1.0 2.8
2000.7397 -42.8382 -51.9627 32.6 1.5 1.1 3.1
2000.7479 -42.4098 -51.7406 29.6 1.2 0.9 2.7
2000.7534 -45.1943 -52.9619 23.9 1.3 1.0 2.7
2000.7562 -41.6066 -53.5171 26.5 1.3 1.0 2.9
2000.7671 -41.8743 -49.52 35 1.2 0.9 2.6
2000.7699 -41.6602 -53.7392 39.4 1.2 0.9 2.7
2000.7726 -44.3911 -51.1854 28 1.2 0.9 2.7
2000.7753 -44.4982 -51.6296 28 1.2 0.9 2.6
2000.7808 -44.5517 -52.1847 32.5 1.2 0.9 2.8
2000.7836 -43.4272 -49.8531 30.5 1.3 1.0 3.0
2000.7890 -44.9266 -56.848 59.7 1.7 1.3 3.5
2000.8384 -37.0015 -52.6288 32 1.2 0.9 2.7
2000.8411 -38.0189 -51.6296 27.7 1.2 0.9 2.8
2000.8438 -39.786 -50.4082 26.8 1.4 1.0 3.0
2000.8466 -41.1247 -52.4068 34.2 1.4 1.0 2.9
2000.8493 -37.2692 -52.1847 30.5 1.2 0.9 2.7
2000.8521 -37.4299 -52.5178 28.2 1.5 1.1 3.0
2000.8548 -38.5544 -50.8523 33.4 1.4 1.1 2.9
2000.8575 -40.6963 -50.4082 22.1 1.3 1.0 2.9
2000.8603 -37.537 -57.2922 44.7 2.0 1.8 4.4
2000.8630 -36.1983 -54.6274 43.4 1.5 1.1 3.1
2000.8658 -39.8395 -57.6253 32.9 1.2 1.0 2.7
2000.8685 -41.446 -53.9612 30.3 1.2 1.0 2.7
2000.8712 -40.6427 -51.8516 42.4 1.2 1.0 2.7
2000.8740 -36.1447 -53.184 32.5 1.2 1.0 2.8
2000.9288 -35.5022 -57.7363 45.1 2.0 1.8 4.6
2000.9315 -45.9975 -56.1818 34.4 1.2 0.9 2.7
2000.9342 -45.2479 -55.6267 27.7 1.1 0.9 2.7
2000.9370 -41.1247 -54.9605 33 1.2 1.0 2.7
2000.9397 -39.786 -58.8466 24 1.2 1.0 2.8
2000.9425 -37.4299 -56.848 23.5 1.2 0.9 2.7
2000.9452 -40.8569 -57.6253 28.8 1.1 0.9 2.6
2000.9479 -41.1782 -54.2943 30.2 1.2 1.0 2.7
2000.9507 -43.6414 -53.295 21.8 1.1 1.0 2.7
2000.9534 -40.5892 -53.6281 24 1.1 1.0 2.7
2000.9562 -40.375 -54.2943 26.9 1.1 0.9 2.6
2000.9589 -42.035 -56.5149 30.6 1.1 0.9 2.6
2000.9616 -43.695 -53.9612 33.5 1.1 0.9 2.6
2000.9644 -46.8543 -56.2929 30.5 1.2 0.9 2.7
2000.9671 -41.8208 -55.9598 55.7 1.2 1.0 2.8
2000.9699 -40.964 -56.9591 57.1 1.2 1.0 2.9
2000.9726 -46.8007 -54.6274 52.8 1.1 1.0 2.7
2000.9753 -38.2331 -57.6253 34.5 1.1 0.9 2.7
2000.9781 -44.1234 -54.7384 28.4 1.1 0.9 2.7
2000.9808 -39.5718 -56.4039 39.8 1.2 1.0 2.7
2000.9836 -42.1421 -55.8488 31.9 1.1 0.9 2.6
2000.9863 -44.2304 -57.6253 26 1.2 0.9 2.7
2000.9890 -40.9105 -56.848 39 1.1 0.9 2.6
2000.9918 -41.446 -58.5135 31.7 1.2 0.9 2.7
2000.9945 -41.8208 -56.2929 25.3 1.2 0.9 2.7
2000.9973 -44.0163 -55.6267 34.5 1.4 1.1 3.3
2001.6685 -45.4085 -66.0636 30 1.4 0.9 2.8
2001.6712 -49.3175 -66.0636 36 1.3 0.9 2.9
2001.6740 -52.0484 -68.8394 25.5 1.3 0.9 2.8
2001.6767 -46.2653 -64.8423 39.7 1.4 0.9 2.9
2001.6795 -54.5116 -67.507 36.9 1.3 1.0 3.0
2001.6822 -51.3523 -65.9526 28.7 1.3 0.9 2.7
2001.6849 -50.7633 -65.6195 28.5 1.2 0.9 2.6
2001.7562 -54.5116 -70.2828 29.6 1.8 1.4 3.5
2001.7589 -47.3898 -65.3974 29.9 1.3 0.9 2.8
2001.7616 -52.691 -65.0644 42.6 1.2 0.9 2.7
2001.7644 -57.189 -65.8416 31.5 1.3 0.9 2.7
2001.7671 -56.4929 -65.0644 34.7 1.3 0.9 2.8
2001.7699 -56.118 -64.7313 35.5 1.3 0.9 2.7
2001.7726 -52.691 -66.5078 38.3 1.3 0.9 2.7
2001.7753 -52.8516 -65.8416 30.8 1.2 0.9 2.7
2001.7781 -56.6 -68.8394 38.1 1.3 0.9 2.7
2001.7808 -52.7445 -64.8423 42.7 1.3 0.9 2.8
2001.7836 -55.2613 -65.9526 38.3 1.3 0.9 2.8
2001.7863 -54.8329 -65.3974 37.4 1.3 0.9 2.7
2001.7890 -52.3697 -66.0636 27.6 1.2 0.9 2.6
2001.7918 -53.6013 -67.396 30.9 1.3 0.9 2.8
2001.7945 -54.2974 -66.2857 37.3 1.2 0.9 2.7
2001.7973 -51.7271 -65.7305 42 1.4 1.0 2.8
2001.8000 -50.2278 -63.0658 31.6 1.4 1.0 3.0
2001.8027 -50.8704 -65.0644 33 1.3 0.9 2.7
2001.8055 -48.193 -66.1747 47.9 1.5 1.0 2.8
2001.8082 -50.6026 -67.0629 47.2 1.8 1.3 3.4
2001.8110 -53.869 -65.3974 34 1.2 0.9 2.6
2001.8137 -53.0123 -65.7305 32.5 1.2 0.9 2.6
2001.8164 -48.782 -63.2879 37.7 1.4 1.0 3.0
2001.8192 -52.4233 -64.5092 39.7 2.6 2.3 5.2
2001.8219 -51.7807 -63.954 48.8 1.3 1.0 2.7
2001.8247 -50.8168 -63.1768 51.8 1.8 1.3 3.4
2001.9014 -49.6388 -71.5042 13.9 1.1 0.9 2.6
2001.9041 -51.4594 -67.6181 24.1 1.1 0.9 2.5
2001.9068 -48.6214 -66.9519 22.2 1.1 0.9 2.6
2001.9096 -51.031 -69.0615 20.6 1.1 0.9 2.6
2001.9123 -53.1729 -67.9512 29.4 1.1 0.9 2.5
2001.9151 -51.4058 -67.174 31 1.1 0.9 2.6
2003.0137 -87.6041 -89.4912 53 5.2 2.7 11.0
2003.0164 -80.75 -94.0435 25 8.7 3.6 15.0
2003.0822 -80.3752 -95.598 27.7 2.2 1.3 3.6
2003.0849 -82.1958 -99.151 28.7 2.0 1.3 3.8
2003.0877 -84.0164 -100.261 15.6 2.2 1.3 4.3
2003.0904 -79.2507 -95.3759 24.3 3.5 1.7 5.3
2003.1945 -91.1383 -92.4891 41.9 4.3 3.5 10.6
2003.1973 -83.9093 -95.82 44.4 2.7 2.1 6.2
2003.2000 -90.817 -96.5973 35.2 2.9 2.3 7.2
2003.2027 -90.7634 -93.3773 26.6 3.0 2.3 7.2
2003.2110 -92.5305 -94.7097 29.3 1.2 1.0 2.8
2003.2137 -94.6724 -92.9332 30.8 1.1 0.9 2.8
2003.2164 -93.4944 -96.2642 24.5 1.3 1.0 3.0
2003.2192 -91.1918 -95.709 32.3 1.3 1.0 2.9
2003.2219 -92.477 -95.0428 25.4 1.2 0.9 2.8
2003.2247 -94.137 -96.1531 25.4 1.2 0.9 2.7
2003.2274 -91.8879 -96.9303 24.3 1.1 0.9 2.7
2003.2301 -91.2454 -95.9311 26.5 1.2 0.9 2.8
2003.2329 -93.5479 -95.1538 26.8 1.1 0.9 2.7
2003.2356 -90.3886 -95.709 28.2 1.4 1.0 3.0
2003.2384 -92.477 -94.9318 36.4 1.2 0.9 2.8
2003.2411 -90.0673 -94.9318 25.8 1.3 1.0 3.0
2003.2438 -90.1209 -97.9296 26 1.3 1.0 2.9
2003.2466 -90.7634 -95.82 24.1 1.3 1.0 2.9
2003.3014 -91.8344 -97.4855 31.5 1.1 0.9 2.6
2003.3041 -91.2989 -99.5951 38.7 1.2 0.9 2.7
2003.3068 -91.1918 -98.5958 28 2.2 1.6 4.7
2003.3096 -91.6202 -99.8172 25 1.2 0.9 2.7
2003.3123 -91.7273 -99.0399 27.3 1.3 0.9 2.8
2003.3151 -93.4944 -101.483 20.6 1.2 0.9 2.8
2003.3178 -90.3886 -98.7068 22.9 1.2 0.9 2.8
2003.3205 -90.5493 -96.5973 24.3 1.2 0.9 2.7
2003.3233 -90.1744 -98.1517 23.9 1.3 0.9 2.8
2003.3260 -91.3525 -99.373 20.3 1.2 0.9 2.7
2003.3288 -94.6189 -100.15 22.9 1.3 0.9 2.9
2003.3342 -93.0125 -99.262 23.6 1.2 0.9 2.8
2003.3370 -93.1731 -100.705 23.6 1.2 0.9 2.7
2003.3397 -90.7634 -99.151 24.5 1.2 0.9 2.7
2003.3425 -92.6376 -101.705 25.3 1.2 0.9 2.7
2003.3452 -94.6724 -101.372 19.9 1.2 0.9 2.7
2003.3479 -91.8344 -99.262 27.5 1.3 0.9 2.8
2003.3507 -96.8143 -100.594 20.8 1.3 0.9 2.7
2003.3534 -92.5305 -99.7061 33.3 1.3 1.0 2.8
2003.3562 -101.259 -96.4862 35.2 1.3 1.0 2.9
2003.3589 -89.0499 -99.7061 31.5 1.2 0.9 2.7
2003.3616 -92.6376 -100.483 31.8 1.1 0.9 2.6
2003.3644 -92.7447 -99.5951 32.6 1.2 0.9 2.7
2003.3671 -89.3177 -100.483 32.7 1.3 0.9 2.7
2003.3699 -91.7809 -100.15 29.1 1.2 0.9 2.7
2003.3726 -93.8692 -101.372 24.3 1.2 0.9 2.7
2003.3753 -90.0673 -100.927 26.8 1.2 0.9 2.7
2003.3781 -91.3525 -101.816 24.5 1.2 0.9 2.6
2003.3808 -91.7273 -102.926 27 1.2 0.9 2.7
2003.3890 -91.2989 -101.483 32.2 1.2 0.9 2.7
2003.3918 -92.5305 -101.816 32.6 1.2 0.9 2.7
2003.3945 -89.5854 -100.039 28.4 1.2 0.9 2.7
2003.3973 -94.6724 -108.033 38.7 1.1 0.9 2.7
2003.4000 -96.8143 -101.594 32.8 1.2 0.9 2.7
2003.4027 -88.5144 -98.0407 40.3 1.3 0.9 2.9
2003.4055 -90.0138 -99.9282 33.7 1.3 0.9 2.9
2003.4082 -86.3725 -98.1517 33.2 6.5 2.5 8.4
2003.4110 -89.746 -99.7061 29.5 1.2 1.0 2.8
2003.4137 -93.6015 -101.483 27.2 1.1 0.9 2.7
2003.4164 -94.2441 -99.9282 29.1 1.2 0.9 2.7
2003.4192 -93.9763 -100.816 21.4 1.3 1.0 3.0
2003.4219 -90.1209 -101.483 27.6 1.2 0.9 2.9
2003.4247 -96.1182 -100.261 22.8 1.2 0.9 2.8
2003.4274 -89.5854 -103.37 30.7 1.2 0.9 2.8
2003.4301 -94.6724 -101.261 28.9 1.2 0.9 2.7
2003.4329 -93.8692 -101.927 25.2 1.1 0.9 2.7
2003.4356 -90.6028 -102.371 24 1.2 0.9 2.7
2003.4384 -90.4422 -103.037 26.6 1.1 0.9 2.7
2003.4411 -92.1557 -103.592 22.4 1.1 0.9 2.7
2003.4438 -91.5667 -100.594 29.9 1.1 0.9 2.7
2003.4466 -90.3886 -99.7061 17.8 1.1 0.9 2.6
2003.4493 -90.4957 -100.927 25.9 1.1 0.9 2.6
2003.4521 -87.497 -102.815 23.9 1.3 1.0 2.8
2003.4548 -92.1557 -103.037 25.7 1.2 0.9 2.7
2003.4575 -91.5131 -101.594 29.3 1.3 0.9 2.8
2003.4603 -93.7086 -99.373 29 1.5 1.1 3.0
2003.4630 -95.5827 -100.483 24.2 1.5 1.1 3.1
2003.4658 -95.2615 -100.261 23.4 1.2 0.9 2.7
2003.4685 -96.4931 -103.148 30.4 1.1 0.9 2.7
2003.4712 -101.634 -99.9282 24.3 1.2 0.9 2.8
2003.4740 -96.2253 -101.372 27.7 1.2 0.9 2.7
2003.4767 -93.6015 -101.261 35.7 1.1 0.9 2.6
2003.4795 -102.919 -98.7068 26.6 1.3 0.9 2.8
2003.4822 -98.153 -102.593 31.2 1.2 0.9 2.7
2003.4849 -93.1731 -99.262 32.9 1.2 0.9 2.7
2003.4877 -97.9388 -101.15 28.6 1.2 0.9 2.7
2003.4904 -94.4582 -101.039 28.1 1.3 0.9 2.7
2003.4932 -94.0299 -102.149 27.7 1.2 0.9 2.7
2003.4959 -89.9067 -99.9282 29.1 1.2 0.9 2.6
2003.4986 -92.9054 -101.705 34.3 1.2 0.9 2.7
2003.5014 -91.6738 -103.481 37.2 1.2 0.9 2.7
2003.5041 -98.4208 -103.259 16.8 1.2 0.9 2.7
2003.5068 -96.7608 -102.038 28.8 1.2 0.9 2.8
2003.5096 -90.6028 -103.481 31.3 1.2 0.9 2.7
2003.5123 -96.7608 -102.704 27.2 1.2 0.9 2.7
2003.5151 -93.066 -102.593 31.4 1.2 0.9 2.8
2003.5178 -96.0111 -99.7061 25 1.2 0.9 2.7
2003.5205 -94.7795 -101.705 27.8 1.2 0.9 2.7
2003.5233 -96.2253 -99.5951 24.3 1.2 0.9 2.8
2003.5260 -96.2789 -97.5965 26.5 1.6 1.1 3.0
2003.5288 -93.3873 -101.15 27.4 1.4 1.0 3.0
2003.5315 -95.2615 -101.483 23.4 1.2 0.9 2.7
2003.5342 -93.3337 -101.039 18.1 1.2 0.9 2.7
2003.5370 -89.2641 -101.372 25.9 1.3 0.9 2.8
2003.5397 -89.3712 -100.039 31.6 2.8 2.2 5.4
2003.5452 -99.6524 -105.48 54 3.3 2.7 6.1
2003.5507 -93.1195 -104.369 26.3 1.2 0.9 2.7
2003.5534 -94.4582 -100.816 29.9 1.2 0.9 2.8
2003.5562 -93.1195 -104.258 25.4 1.2 0.9 2.6
2003.5589 -96.4931 -99.7061 34.5 1.2 0.9 2.7
2003.5616 -95.315 -99.8172 35.3 1.2 0.9 2.7
2003.5644 -94.0834 -101.816 30.6 1.2 0.9 2.7
2003.5671 -98.4208 -101.15 29.3 1.2 0.9 2.8
2003.5699 -97.6711 -104.036 34.2 1.3 0.9 2.8
2003.5726 -95.6363 -102.593 37.4 1.2 0.9 2.7
2003.5753 -98.2601 -101.594 31.4 1.3 1.0 2.9
2003.5781 -100.081 -100.594 22.8 1.2 0.9 2.7
2003.5808 -99.0633 -101.15 21.6 1.3 0.9 2.8
2003.5836 -100.723 -100.927 20.6 1.3 1.0 2.8
2003.5863 -91.7809 -102.815 32.5 1.9 1.2 4.3
2003.5890 -92.5841 -99.9282 25.7 1.8 1.2 4.0
2003.5918 -94.4582 -103.814 33.2 1.8 1.2 4.0
2003.5945 -94.726 -103.703 25.1 1.8 1.2 4.1
2003.5973 -95.4221 -104.703 31.1 2.0 1.3 4.2
2003.6000 -92.5305 -104.369 23.6 2.2 1.4 4.8
2003.6027 -93.7621 -100.594 23.5 1.7 1.1 4.0
2003.6055 -92.0486 -102.371 25.2 1.9 1.2 4.0
2003.6082 -89.7996 -101.816 31.5 1.8 1.1 3.9
2003.6110 -92.477 -103.925 36.6 1.9 1.2 4.2
2003.6137 -92.9589 -95.4869 21.8 2.0 1.3 4.6
2003.6164 -94.1905 -105.258 37.3 1.9 1.2 4.2
2003.6192 -95.5292 -102.482 32.2 1.9 1.2 4.3
2003.6219 -94.2441 -103.037 30.2 1.9 1.2 4.4
2003.6247 -93.6015 -104.814 28.4 1.9 1.3 4.4
2003.6274 -93.9763 -105.369 28 2.0 1.3 4.6
2003.6301 -99.1169 -101.261 26.6 3.2 2.1 6.4
2003.6329 -83.6951 -102.593 33.7 2.1 1.3 4.6
2003.6356 -96.7072 -102.482 31 2.0 1.3 4.5
2003.6384 -95.7969 -106.035 26.9 2.2 1.4 4.7
2003.6411 -93.9763 -105.813 40 2.1 1.3 4.6
2003.6438 -91.5667 -104.036 30 2.0 1.3 4.3
2003.6466 -96.1182 -103.037 30.6 2.0 1.3 4.5
2003.6493 -94.726 -102.371 35.2 2.1 1.3 4.6
2003.6521 -94.8331 -101.816 31 2.1 1.3 4.6
2003.6548 -90.7099 -102.704 36.1 1.4 1.0 3.5
2003.6575 -96.1718 -101.372 39.4 1.2 0.9 2.8
2003.6603 -101.687 -99.151 34.4 1.2 0.9 2.7
2003.6630 -100.027 -105.369 40.8 1.2 0.9 2.7
2003.6658 -100.616 -103.037 32.7 1.2 0.9 2.7
2003.6685 -101.098 -103.703 28.5 1.2 0.9 2.7
2003.6712 -98.7956 -103.925 30.9 1.2 0.9 2.6
2003.6740 -97.1356 -106.146 39.7 1.2 0.9 2.7
2003.6767 -98.6885 -102.926 30.7 1.2 0.9 2.8
2003.6795 -97.7782 -103.37 34.4 1.2 0.9 2.6
2003.6822 -100.241 -105.036 35.3 1.2 0.9 2.7
2003.6849 -99.224 -105.036 35.8 1.2 0.9 2.7
2003.6877 -97.4569 -104.036 40.4 1.2 0.9 2.7
2003.6904 -99.1704 -105.147 39.2 1.2 0.9 2.8
2003.6932 -101.527 -104.258 37.5 1.2 0.9 2.7
2003.6959 -101.259 -105.036 28.4 1.2 0.9 2.7
2003.6986 -98.7421 -106.146 31 1.2 0.9 2.7
2003.7014 -88.3002 -98.0407 14.9 1.2 0.9 2.7
2003.7041 -102.437 -104.703 34.7 1.2 0.9 2.7
2003.7068 -101.205 -107.367 32.1 1.2 0.9 2.7
2003.7096 -99.7059 -105.48 33.3 1.4 1.0 3.0
2003.7123 -102.651 -108.367 37.1 1.3 1.1 2.9
2003.7151 -100.241 -107.034 42.8 1.2 0.9 2.8
2003.7178 -100.777 -104.703 32.7 1.7 1.0 3.3
2003.8055 -105.917 -108.7 41.2 2.7 2.0 5.2
2003.8082 -100.509 -106.923 40.1 1.2 1.0 2.9
2003.8110 -106.56 -108.478 35.5 1.2 0.9 2.7
2003.8137 -103.454 -108.589 34.7 1.4 1.0 2.9
2003.8164 -102.651 -108.478 28.3 1.1 0.9 2.7
2003.8192 -105.757 -109.255 41 1.1 0.9 2.7
2003.8219 -104.579 -109.033 34.8 1.2 1.0 2.7
2003.8247 -103.347 -108.367 33.4 1.2 0.9 2.8
2003.8274 -103.776 -106.701 26.3 2.2 1.7 4.4
2003.8301 -109.345 -107.256 31.1 1.6 1.1 3.4
2003.8329 -103.347 -107.145 31.9 1.3 1.0 2.9
2003.8356 -101.634 -108.478 29.6 1.2 0.9 2.7
2003.8384 -103.24 -107.922 35.9 1.1 0.9 2.7
2003.8411 -103.561 -107.478 37.4 1.1 0.9 2.7
2003.8438 -102.008 -108.7 37.9 1.2 1.0 2.9
2003.8466 -103.615 -106.368 37.7 1.1 0.9 2.7
2003.8493 -102.972 -106.812 36.2 1.2 0.9 2.7
2003.8521 -101.473 -107.256 39.4 1.1 0.9 2.7
2003.8548 -104.632 -108.367 45.4 1.2 0.9 2.7
2003.8575 -105.168 -107.367 36.9 1.2 0.9 2.7
2003.8603 -103.936 -108.256 34.1 1.2 0.9 2.7
2003.8630 -104.632 -107.589 28.4 1.3 1.0 2.9
2003.8658 -102.49 -109.699 41.4 1.2 0.9 2.8
2003.8685 -102.544 -107.922 44.8 1.3 1.0 2.9
2003.8712 -106.239 -110.254 50.8 1.4 1.0 3.0
2003.8740 -101.152 -106.701 48.6 1.4 1.1 2.9
2003.8767 -103.883 -110.032 53.8 1.2 0.9 2.8
2003.8795 -101.205 -109.033 41.1 1.2 0.9 2.8
2003.8822 -100.241 -109.921 45.5 1.2 0.9 2.8
2003.8849 -101.634 -109.588 43.7 1.1 0.9 2.6
2003.8877 -101.419 -111.475 41.2 2.0 1.4 3.8
2003.8904 -97.7247 -110.92 46.2 1.2 1.0 2.8
2003.8932 -102.651 -108.145 49.2 1.3 0.9 2.8
2003.8959 -103.133 -110.032 39.3 1.2 0.9 2.7
2003.8986 -103.508 -107.478 56.9 1.2 0.9 2.7
2003.9014 -99.4917 -107.145 56.2 1.2 0.9 2.7
2003.9041 -101.312 -107.589 48 1.2 0.9 2.6
2003.9068 -100.188 -108.922 43 1.2 0.9 2.6
2003.9096 -105.436 -107.589 50.3 1.2 0.9 2.6
2003.9123 -101.58 -108.367 55.2 1.2 0.9 2.6
2003.9151 -100.188 -108.256 54.7 1.3 0.9 2.7
2003.9178 -103.615 -107.256 58.3 1.2 0.9 2.6
2003.9205 -101.634 -106.812 62.4 1.2 0.9 2.7
2003.9233 -104.097 -106.812 62.9 1.4 1.1 3.1
2003.9288 -107.47 -106.923 48 1.6 1.1 3.2
2003.9315 -101.848 -107.7 50.3 1.2 0.9 2.7
2003.9342 -104.525 -106.59 51.8 1.2 0.9 2.6
2003.9370 -103.776 -107.922 49.4 1.4 1.0 2.8
2003.9397 -110.255 -103.925 57.5 1.3 0.9 2.8
2003.9425 -98.7421 -107.367 55.4 1.4 0.9 2.9
2003.9452 -101.366 -110.032 42.9 1.3 1.0 3.0
2003.9479 -101.901 -110.92 50.4 1.2 0.9 2.6
2003.9507 -103.079 -109.588 49.4 1.2 0.9 2.7
2003.9534 -100.884 -108.7 50.4 1.3 0.9 2.7
2003.9562 -98.0459 -110.254 58 1.2 0.9 2.6
2003.9589 -100.884 -109.588 51.8 1.2 0.9 2.7
2003.9616 -103.24 -109.255 52.2 1.2 0.9 2.6
2003.9644 -102.383 -108.7 43.6 1.2 0.9 2.7
2003.9671 -103.668 -106.812 58.8 1.2 0.9 2.7
2003.9699 -102.651 -109.588 77.3 1.3 0.9 2.7
2003.9726 -98.8492 -113.252 69.2 1.5 1.1 3.1
2003.9781 -112.129 -107.478 46.7 2.2 1.5 4.4
2003.9808 -103.187 -109.699 45.3 1.2 0.9 2.7
2003.9836 -103.133 -111.92 35.7 1.2 0.9 2.7
2003.9863 -99.0633 -112.253 45.7 1.2 0.9 2.6
2003.9890 -99.4382 -112.031 43.3 1.2 0.9 2.6
2003.9918 -100.027 -112.364 50.4 1.2 0.9 2.7
2003.9945 -99.1704 -107.367 59.3 1.2 0.9 2.7
2003.9973 -100.134 -110.809 40.5 1.2 0.9 2.7
2004.0000 -98.5279 -107.256 41.1 1.2 0.9 2.7
2004.0027 -100.295 -105.036 31.9 1.3 1.0 2.9
2004.0055 -94.0299 -104.147 44.7 2.9 1.9 5.2
2004.0082 -101.419 -109.366 32.4 1.2 0.9 2.8
2004.0110 -102.062 -109.366 25.8 1.2 0.9 2.7
2004.0137 -99.813 -109.366 33.4 1.2 0.9 2.8
2004.0164 -98.2601 -106.923 33.9 1.2 0.9 2.7
2004.0192 -99.9201 -107.256 46.9 1.3 0.9 2.7
2004.0219 -100.402 -108.589 54.2 1.2 0.9 2.7
2004.0247 -97.0821 -106.701 56.8 1.2 0.9 2.6
2004.0274 -97.2963 -110.365 49.3 1.2 0.9 2.6
2004.0301 -97.0285 -109.033 47.4 1.3 1.0 2.8
2004.0329 -98.6885 -108.033 42.3 1.2 0.9 2.7
2004.0356 -94.6189 -109.033 48.7 1.2 0.9 2.6
2004.0384 -96.2253 -107.034 41.4 1.2 0.9 2.6
2004.0411 -98.3672 -107.034 37.8 1.2 0.9 2.6
2004.0438 -95.6898 -106.701 38.6 1.3 0.9 2.7
2004.0466 -93.8692 -107.589 41 1.2 0.9 2.6
2004.0493 -94.726 -108.922 42.9 1.2 0.9 2.6
2004.0521 -96.4931 -109.366 40 1.2 0.9 2.6
2004.0548 -98.8492 -108.033 44.8 1.3 0.9 2.7
2004.0575 -92.0486 -110.032 53.5 1.2 0.9 2.6
2004.0603 -95.4756 -103.703 51.8 1.8 1.1 3.2
2004.0630 -93.2266 -109.255 35.4 1.4 1.0 2.9
2004.0658 -95.5827 -110.032 40.3 1.2 0.9 2.6
2004.0685 -96.7072 -104.814 42.4 1.4 0.9 2.8
2004.0712 -95.0473 -108.922 42.7 1.2 0.9 2.6
2004.0740 -95.5827 -111.142 41.9 1.2 0.9 2.6
2004.0767 -96.1182 -111.92 53.5 1.4 1.0 2.9
2004.0822 -103.079 -116.028 43.6 1.2 0.9 2.6
2004.0849 -105.703 -120.136 37.5 1.1 0.9 2.6
2004.0877 -101.419 -117.582 46 1.1 0.9 2.6
2004.0904 -104.15 -116.361 46.9 1.2 0.9 2.6
2004.0932 -104.15 -118.137 44.4 1.2 0.9 2.7
2004.0959 -102.544 -116.139 40.7 1.2 0.9 2.6
2004.0986 -103.615 -117.027 36.5 1.1 0.9 2.6
2004.1014 -99.4382 -117.138 43.5 1.1 0.9 2.6
2004.1041 -99.5988 -117.915 45 1.1 0.9 2.6
2004.1068 -100.456 -117.804 44 1.1 0.9 2.6
2004.1096 -103.24 -114.14 38.7 1.1 0.9 2.6
2004.1123 -101.045 -111.586 40.3 1.1 0.9 2.6
2004.1151 -107.417 -113.252 37.2 1.3 1.0 2.9
2004.1178 -106.078 -110.143 41.4 1.6 1.0 3.0
2004.1288 -109.237 -115.695 48.7 2.8 2.0 5.9
2004.1315 -107.631 -111.586 35.3 1.1 0.9 2.6
2004.1342 -108.006 -113.807 35.3 1.1 0.9 2.6
2004.1370 -107.792 -113.363 45.1 1.1 0.9 2.6
2004.1397 -107.47 -111.253 48.5 1.1 0.9 2.6
2004.1425 -106.399 -110.809 44.7 1.1 0.9 2.6
2004.1452 -108.327 -108.145 52.8 1.2 0.9 2.7
2004.1479 -104.525 -112.808 32.6 1.2 0.9 2.7
2004.1507 -106.667 -114.473 33.2 1.2 0.9 2.7
2004.1534 -108.648 -112.475 32 1.2 0.9 2.6
2004.1562 -107.845 -115.584 28.5 1.2 0.9 2.7
2004.1589 -107.149 -115.139 32.2 1.2 0.9 2.7
2004.1616 -107.524 -115.251 25.6 1.2 0.9 2.7
2004.1644 -111.433 -113.918 25.8 1.2 0.9 2.7
2004.1671 -108.22 -113.807 26 1.2 0.9 2.7
2004.1699 -108.381 -113.03 27.4 1.2 0.9 2.7
2004.1726 -105.971 -113.807 34.7 1.2 0.9 2.7
2004.1753 -106.721 -114.14 40.5 1.2 0.9 2.8
2004.1781 -105.114 -116.25 39.1 1.2 0.9 2.7
2004.1808 -106.988 -113.363 39.3 1.2 0.9 2.6
2004.1836 -105.382 -114.917 35.6 1.2 0.9 2.7
2004.1863 -109.559 -112.586 32.9 3.3 2.2 5.8
2004.1890 -102.383 -112.475 32.6 3.5 2.4 6.3
2004.1918 -109.077 -114.473 43.5 1.3 1.0 2.8
2004.1945 -108.755 -114.251 27.7 1.2 0.9 2.7
2004.1973 -110.201 -112.697 31.5 1.2 0.9 2.7
2004.2000 -108.97 -112.808 32.8 1.2 0.9 2.7
2004.2027 -112.557 -111.809 36 1.2 0.9 2.7
2004.2055 -109.773 -114.362 32.9 1.1 0.9 2.6
2004.2082 -108.434 -114.806 26 1.1 0.9 2.6
2004.2110 -107.203 -111.92 29.5 1.2 0.9 2.9
2004.2137 -104.793 -111.698 29.7 1.2 1.0 2.8
2004.2164 -106.774 -113.03 34.4 1.2 0.9 2.8
2004.2192 -104.097 -111.475 26.5 1.2 0.9 2.8
2004.2219 -107.042 -113.252 22.2 1.3 0.9 2.8
2004.2247 -108.166 -114.584 28 1.1 0.9 2.7
2004.2274 -107.899 -113.918 28.5 1.1 0.9 2.7
2004.2301 -106.56 -113.03 31.4 1.1 0.9 2.6
2004.2329 -107.31 -114.584 36.8 1.1 0.9 2.6
2004.2356 -109.291 -116.361 37.6 1.1 0.9 2.6
2004.2384 -106.56 -116.028 43.3 1.2 0.9 2.7
2004.2411 -108.916 -115.917 35 1.1 0.9 2.7
2004.2438 -108.755 -116.25 38.1 1.2 0.9 2.7
2004.2466 -108.755 -116.139 36.8 1.3 1.1 3.0
2004.2493 -111.915 -114.473 33.3 1.1 0.9 2.6
2004.2521 -108.22 -116.583 35.5 1.5 1.2 3.4
2004.2575 -105.917 -117.027 45 1.3 1.0 2.8
2004.2603 -106.828 -117.249 30.2 1.1 0.9 2.6
2004.2630 -105.543 -111.809 40.4 1.2 1.0 2.7
2004.2658 -103.026 -110.587 27.2 1.2 0.9 2.7
2004.2685 -107.631 -114.695 35.5 1.2 1.0 2.7
2004.2712 -106.346 -116.583 39.9 1.2 0.9 2.7
2004.2740 -109.184 -115.251 48.4 1.1 0.9 2.7
2004.2767 -108.97 -114.251 37.4 1.1 0.9 2.7
2004.2795 -107.47 -115.584 30.3 1.1 0.9 2.7
2004.2822 -109.237 -114.029 29.1 1.2 0.9 2.7
2004.2849 -108.702 -114.251 34.1 1.2 0.9 2.8
2004.2877 -107.738 -114.806 29.5 1.2 0.9 2.8
2004.2904 -105.382 -115.028 29.4 1.1 0.9 2.7
2004.2932 -105.864 -116.028 33.4 1.4 1.0 2.9
2004.2959 -107.685 -116.028 32.5 1.2 0.9 2.8
2004.2986 -108.488 -114.473 36.7 1.2 0.9 2.7
2004.3014 -107.47 -114.917 30.7 1.1 0.9 2.7
2004.3041 -105.917 -115.362 31.8 1.1 0.9 2.7
2004.3068 -104.739 -113.585 33 1.2 0.9 2.7
2004.3096 -105.596 -114.029 33.9 1.1 0.9 2.7
2004.3123 -109.291 -114.362 32.5 1.2 0.9 2.7
2004.3151 -106.988 -115.362 40.6 1.2 0.9 2.7
2004.3178 -104.579 -115.806 33.6 1.2 0.9 2.7
2004.3205 -104.097 -116.916 35.2 1.2 0.9 2.7
2004.3233 -105.596 -114.14 41.7 1.2 0.9 2.7
2004.3260 -108.274 -114.14 32.5 1.1 0.9 2.7
2004.3288 -103.99 -116.472 33.9 1.1 0.9 2.6
2004.3315 -105.221 -115.251 39.6 1.1 0.9 2.7
2004.3342 -105.061 -115.028 47.2 1.1 0.9 2.7
2004.3370 -106.774 -115.917 37.8 1.2 0.9 2.7
2004.3397 -106.025 -114.917 32 1.2 0.9 2.7
2004.3425 -106.774 -112.475 25.3 1.2 0.9 2.8
2004.3452 -104.954 -116.361 25.8 1.4 1.2 3.4
2004.3479 -105.221 -114.029 33.9 1.2 0.9 2.8
2004.3507 -107.631 -113.696 34 1.2 0.9 2.8
2004.3534 -105.81 -113.363 31.2 1.2 0.9 2.8
2004.3562 -108.166 -114.251 30 1.1 0.9 2.7
2004.3589 -106.346 -117.027 27.9 1.1 0.9 2.7
2004.3616 -104.043 -116.25 27.9 1.1 0.9 2.7
2004.3644 -106.292 -116.028 34.4 1.1 0.9 2.7
2004.3671 -108.488 -115.917 29.6 1.1 0.9 2.7
2004.3699 -108.006 -115.139 37.1 1.1 0.9 2.7
2004.3726 -108.755 -116.472 29.3 1.1 0.9 2.6
2004.3753 -109.291 -114.029 39.6 1.2 0.9 2.6
2004.3781 -109.934 -114.584 38.9 1.1 0.9 2.6
2004.3808 -109.719 -112.808 27.5 1.1 0.9 2.6
2004.3836 -109.559 -112.142 22.5 1.2 0.9 2.7
2004.3863 -106.453 -113.363 36.7 1.2 0.9 2.7
2004.3890 -108.595 -113.474 28.6 1.2 0.9 2.7
2004.3918 -108.755 -114.917 34.7 1.1 0.9 2.7
2004.3945 -106.506 -115.917 35.7 1.2 0.9 2.7
2004.3973 -108.97 -116.25 36.2 1.1 0.9 2.6
2004.4000 -107.096 -114.14 38.7 1.2 0.9 2.8
2004.4027 -109.452 -116.028 31.4 1.2 0.9 2.7
2004.4055 -108.274 -115.473 38 1.2 0.9 2.7
2004.4082 -109.452 -117.027 32.9 1.2 0.9 2.7
2004.4110 -105.917 -112.142 28.6 1.1 0.9 2.6
2004.4137 -108.166 -113.03 31.4 1.2 0.9 2.6
2004.4164 -110.362 -113.696 35.5 1.1 0.9 2.7
2004.4192 -108.166 -115.251 33.1 1.1 0.9 2.6
2004.4219 -111.112 -114.473 37.1 1.2 0.9 2.6
2004.4247 -103.561 -113.141 30.4 4.4 2.1 6.4
2004.4274 -106.56 -112.919 33.4 1.2 0.9 2.6
2004.4301 -108.809 -114.251 34 1.1 0.9 2.7
2004.4329 -107.149 -114.806 28 1.2 0.9 2.6
2004.4356 -108.488 -113.585 34.2 1.1 0.9 2.6
2004.4384 -107.845 -113.474 31.5 1.1 0.9 2.7
2004.4411 -106.828 -114.917 32.5 1.2 0.9 2.6
2004.4438 -107.792 -112.808 32.1 1.1 0.9 2.6
2004.4466 -114.378 -115.028 43.5 1.1 0.9 2.7
2004.4493 -109.612 -112.919 35.5 1.2 0.9 2.6
2004.4521 -112.343 -113.252 38.5 1.2 0.9 2.7
2004.4548 -110.255 -112.253 41.4 1.2 0.9 2.8
2004.4575 -106.935 -116.028 34.7 1.2 0.9 2.7
2004.4603 -119.84 -111.364 46.1 1.2 0.9 2.7
2004.4630 -111.165 -107.478 40 1.3 1.0 2.9
2004.4658 -111.915 -114.251 37.6 1.2 0.9 2.7
2004.4685 -110.844 -113.696 32.2 1.2 0.9 2.7
2004.4712 -111.54 -116.028 30.5 1.2 0.9 2.7
2004.4740 -107.417 -114.14 32.3 1.2 0.9 2.6
2004.4767 -110.737 -111.031 25.4 1.2 0.9 2.7
2004.4795 -106.881 -112.808 40.5 1.2 0.9 2.7
2004.4822 -110.362 -113.585 37.2 1.2 0.9 2.7
2004.4849 -111.754 -111.92 33.9 1.2 0.9 2.7
2004.4877 -110.844 -112.253 39.3 1.2 0.9 2.7
2004.4904 -110.469 -108.811 39.8 1.2 0.9 2.7
2004.4932 -115.717 -114.806 36.8 1.2 0.9 2.7
2004.4959 -111.219 -115.251 35 1.2 0.9 2.8
2004.4986 -110.951 -114.362 36.3 1.2 0.9 2.7
2004.5014 -114.485 -114.584 33.4 1.2 0.8 2.6
2004.5041 -115.556 -115.139 32.4 1.2 0.8 2.6
2004.5068 -115.181 -115.251 32.6 1.2 0.8 2.6
2004.5096 -110.737 -116.583 36.2 1.2 0.8 2.6
2004.5123 -114.592 -113.03 41 1.2 0.8 2.6
2004.5151 -112.183 -112.919 37.9 1.2 0.8 2.6
2004.5178 -112.932 -112.919 36.1 1.2 0.9 2.6
2004.5205 -108.648 -117.36 38.6 1.2 0.8 2.6
2004.5233 -108.755 -111.698 35.5 1.2 0.8 2.6
2004.5260 -110.415 -114.917 39.8 1.2 0.8 2.6
2004.5288 -111.701 -112.142 33.6 1.2 0.8 2.6
2004.5315 -109.719 -112.475 36.3 1.2 0.8 2.6
2004.5342 -109.345 -114.14 36.7 1.2 0.8 2.6
2004.5370 -109.826 -113.696 28.6 1.2 0.8 2.6
2004.5397 -111.486 -111.586 40.8 1.2 0.8 2.6
2004.5425 -103.99 -114.584 33.3 1.2 0.9 2.7
2004.5452 -111.701 -114.029 37.8 1.2 0.9 2.6
2004.5479 -114.378 -114.029 42.3 1.2 0.8 2.6
2004.5507 -110.683 -115.362 45.6 1.2 0.8 2.6
2004.5534 -113.093 -114.695 38.2 1.2 0.9 2.6
2004.5562 -112.504 -112.919 39 1.1 0.8 2.6
2004.5589 -113.093 -111.253 33.4 1.2 0.8 2.6
2004.5616 -113.682 -112.142 45.2 1.3 0.9 2.6
2004.5644 -111.915 -113.252 37.4 1.2 0.8 2.6
2004.5671 -109.505 -113.918 29.5 2.1 1.5 3.7
2004.5699 -113.521 -115.917 42.8 1.2 0.9 2.6
2004.5726 -119.733 -107.589 54.7 1.7 1.3 3.4
2004.5753 -112.932 -112.697 42.8 1.1 0.8 2.5
2004.5781 -110.469 -113.141 39.1 1.1 0.8 2.5
2004.5808 -116.573 -113.585 38 1.1 0.8 2.5
2004.5836 -114.11 -114.251 28.9 1.1 0.8 2.6
2004.5863 -112.986 -113.03 35.8 1.1 0.8 2.6
2004.5890 -114.699 -115.028 34.6 1.1 0.8 2.5
2004.5918 -114.271 -113.918 42.8 1.2 0.9 2.6
2004.5945 -112.183 -117.804 39.8 1.2 0.9 2.6
2004.5973 -115.235 -118.026 35.6 1.2 0.9 2.6
2004.6000 -115.235 -115.806 41.5 1.2 0.9 2.6
2004.6027 -111.754 -116.916 35.6 1.3 0.9 2.6
2004.6055 -113.896 -115.473 39.1 1.1 0.8 2.5
2004.6082 -111.112 -119.248 37.2 1.1 0.9 2.5
2004.6110 -111.004 -115.473 43.3 1.1 0.9 2.6
2004.6137 -113.039 -115.028 34.1 1.1 0.9 2.5
2004.6164 -110.897 -115.695 46.1 1.1 0.8 2.5
2004.6192 -113.789 -112.919 36.4 1.1 0.9 2.6
2004.6219 -114.003 -114.695 42.4 1.1 0.8 2.5
2004.6247 -110.844 -114.695 35.7 1.1 0.8 2.5
2004.6274 -107.738 -113.918 43.5 1.2 1.0 2.7
2004.6301 -114.003 -115.028 41.3 1.2 0.9 2.5
2004.6329 -112.718 -116.694 40.4 1.2 0.9 2.6
2004.6356 -114.913 -116.583 43.1 1.1 0.9 2.6
2004.6384 -114.271 -115.028 31.8 1.2 0.9 2.6
2004.6411 -118.876 -120.025 40.3 1.2 0.9 2.6
2004.6438 -111.968 -117.36 47.2 1.2 0.9 2.6
2004.6466 -111.861 -112.919 55.6 1.2 0.9 2.6
2004.6493 -115.824 -115.473 42.9 1.1 0.8 2.6
2004.6521 -111.326 -116.805 43.9 1.2 0.9 2.6
2004.6548 -116.466 -113.141 44.7 1.1 0.9 2.6
2004.6575 -114.592 -116.472 44.6 1.2 0.9 2.6
2004.6603 -117.859 -117.693 38.6 1.2 0.9 2.6
2004.6630 -114.913 -116.028 45 1.2 0.9 2.6
2004.6658 -115.074 -120.025 45 1.5 1.1 3.0
2004.6685 -117.966 -114.029 38.6 1.2 0.9 2.7
2004.6712 -118.073 -117.471 40.9 1.1 0.9 2.6
2004.6740 -117.912 -116.472 45.2 1.1 0.9 2.6
2004.6767 -116.895 -117.804 45 1.1 0.9 2.6
2004.6795 -115.984 -115.695 39.9 1.1 0.9 2.6
2004.6822 -117.162 -116.472 44.4 1.1 0.9 2.6
2004.6849 -116.145 -116.25 40.6 1.1 0.9 2.6
2004.6877 -114.967 -116.139 46.6 1.1 0.9 2.6
2004.6904 -116.681 -114.473 44.8 1.1 0.9 2.6
2004.6932 -114.324 -114.584 40.4 1.2 0.9 2.6
2004.6959 -116.413 -115.584 48.6 1.1 0.9 2.6
2004.6986 -116.52 -116.25 43.5 1.2 0.9 2.6
2004.7014 -116.52 -116.805 48.4 1.1 0.9 2.5
2004.7041 -117.27 -116.361 45.5 1.2 0.9 2.6
2004.7068 -115.342 -117.915 46.8 1.2 0.9 2.6
2004.7096 -115.824 -116.583 41.5 1.2 0.9 2.5
2004.7123 -118.876 -116.805 40.9 1.1 0.9 2.5
2004.7151 -116.734 -117.915 45.3 1.1 0.9 2.6
2004.7178 -115.931 -118.359 49.3 1.2 0.9 2.5
2004.7205 -116.627 -117.36 46.7 1.1 0.9 2.5
2004.7233 -117.484 -118.248 51.1 1.1 0.9 2.5
2004.7260 -115.181 -118.137 55.1 1.1 0.9 2.5
2004.7288 -117.055 -116.916 52.7 1.1 0.9 2.6
2004.7315 -117.912 -118.692 59.7 1.1 0.9 2.5
2004.7342 -119.519 -118.248 52.6 1.1 0.9 2.5
2004.7370 -118.019 -114.584 52.7 1.1 0.9 2.6
2004.7397 -119.893 -116.25 49.2 1.1 0.9 2.5
2004.7425 -117.27 -116.25 51.6 1.1 0.9 2.5
2004.7452 -118.715 -117.804 41.6 1.1 0.9 2.6
2004.7479 -119.037 -116.583 50.3 1.1 0.9 2.6
2004.7507 -121.661 -117.915 40.9 1.1 0.9 2.6
2004.7534 -121.714 -114.695 45.1 1.1 0.9 2.6
2004.7562 -118.18 -111.809 47.9 1.1 0.9 2.6
2004.7589 -119.144 -115.251 61.3 1.2 0.9 2.6
2004.7616 -120.857 -114.806 57.5 1.1 0.8 2.6
2004.7644 -120.054 -117.582 48.1 1.1 0.9 2.6
2004.7671 -118.608 -116.916 47.2 1.1 0.9 2.6
2004.7699 -121.232 -116.25 43 1.1 0.9 2.6
2004.7726 -122.089 -116.694 46.1 1.2 0.9 2.6
2004.7753 -122.089 -116.028 46.7 1.2 0.9 2.6
2004.7781 -120.59 -115.806 51.6 1.1 0.9 2.7
2004.7808 -119.733 -114.14 47.1 1.1 0.9 2.6
2004.7836 -124.124 -112.475 46.9 1.1 0.9 2.6
2004.7863 -119.358 -116.694 43.8 1.2 0.9 2.7
2004.7890 -120.161 -115.251 36.6 1.2 0.9 2.6
2004.7918 -120.964 -117.36 37.2 1.1 0.9 2.6
2004.7945 -119.304 -116.694 41 1.1 0.9 2.5
2004.7973 -120.215 -117.36 43.1 1.1 0.9 2.5
2004.8000 -121.179 -117.693 39.8 1.1 0.9 2.5
2004.8027 -118.715 -118.137 43.9 1.2 0.9 2.6
2004.8055 -119.84 -115.028 44.9 1.2 0.9 2.6
2004.8082 -119.304 -115.139 45.1 1.1 0.9 2.6
2004.8110 -120.59 -116.028 46.4 1.2 0.9 2.6
2004.8137 -121.553 -116.028 50.6 1.1 0.8 2.5
2004.8164 -118.93 -115.917 49.1 1.1 0.9 2.5
2004.8192 -118.769 -114.917 43.6 1.1 0.9 2.6
2004.8219 -119.679 -115.362 52.1 1.1 0.9 2.6
2004.8247 -117.591 -118.137 49.4 1.1 0.9 2.6
2004.8274 -121.286 -117.804 51.2 1.1 0.8 2.5
2004.8301 -122.464 -117.693 50 1.1 0.9 2.5
2004.8329 -120.375 -119.026 49.8 1.1 0.9 2.7
2004.8356 -119.786 -117.804 42.1 1.2 0.9 2.6
2004.8384 -120.268 -117.027 41.2 1.1 0.9 2.6
2004.8411 -119.09 -117.804 43.5 1.1 0.8 2.5
2004.8438 -121.286 -117.804 52.1 1.1 0.9 2.6
2004.8466 -119.733 -120.802 46.8 1.1 0.8 2.5
2004.8493 -119.519 -119.359 46.2 1.1 0.8 2.5
2004.8521 -115.717 -119.581 46.2 1.1 0.8 2.5
2004.8548 -115.663 -117.36 50.6 1.2 0.9 2.6
2004.8575 -113.843 -120.358 42.2 1.6 1.2 3.4
2004.8603 -114.057 -119.914 43.7 1.6 1.1 3.1
2004.8630 -120.697 -120.469 63.3 1.9 1.2 3.4
2004.8658 -119.197 -116.694 43.7 1.2 0.8 2.5
2004.8685 -122.089 -116.694 41 1.2 0.9 2.6
2004.8712 -120.482 -118.47 41.5 1.1 0.9 2.6
2004.8740 -121.179 -117.36 42.1 1.1 0.8 2.5
2004.8767 -120.215 -117.693 46.5 1.1 0.8 2.5
2004.8795 -118.93 -120.358 44.2 1.2 0.8 2.6
2004.8822 -120.59 -118.359 46.5 1.1 0.8 2.5
2004.8849 -121.5 -115.473 49.6 1.2 0.9 2.6
2004.8877 -121.928 -114.029 48.1 1.2 0.9 2.6
2004.8904 -118.341 -114.584 45.4 1.2 0.8 2.5
2004.8932 -121.232 -120.136 38.9 1.2 0.8 2.5
2004.8959 -120.697 -115.028 49.1 1.2 0.8 2.5
2004.8986 -122.839 -117.804 39.9 1.2 0.9 2.6
2004.9014 -123.481 -116.139 52.1 1.2 0.9 2.6
2004.9041 -122.464 -115.584 36 1.2 0.9 2.6
2004.9123 -120.161 -124.244 43.9 1.2 0.9 2.5
2004.9151 -121.661 -116.805 44.6 1.1 0.8 2.5
2004.9178 -123.642 -116.028 40.9 1.1 0.8 2.6
2004.9205 -124.017 -115.473 48.1 1.2 0.9 2.7
2004.9233 -122.785 -116.583 47.6 1.2 0.9 2.6
2004.9260 -119.251 -118.137 58.5 1.1 0.8 2.5
2004.9288 -115.663 -117.582 49.9 1.1 0.9 2.5
2004.9315 -116.413 -114.584 49.3 1.1 0.9 2.5
2004.9342 -118.822 -117.027 48 1.2 0.9 2.6
2004.9370 -122.41 -118.581 60.1 1.1 0.9 2.5
2004.9397 -122.999 -115.695 54.1 1.1 0.8 2.5
2004.9425 -122.303 -116.361 47.8 1.1 0.9 2.6
2004.9452 -123.481 -115.251 50.9 1.2 0.9 2.7
2004.9479 -123.267 -117.249 48.3 1.2 0.9 2.6
2004.9507 -120.804 -118.581 49 1.2 0.9 2.7
2004.9534 -124.017 -116.472 52.5 1.1 0.9 2.6
2004.9562 -121.446 -117.693 46.8 1.1 0.8 2.6
2004.9589 -118.876 -116.916 45.8 1.1 0.8 2.6
2004.9616 -117.805 -117.027 55.3 1.2 0.9 2.7
2004.9644 -120.643 -119.137 54.6 1.1 0.8 2.6
2004.9671 -119.626 -118.692 46.8 1.1 0.8 2.5
2004.9699 -120.536 -122.912 39.3 1.1 0.8 2.5
2004.9726 -120.75 -121.912 33.9 1.1 0.8 2.5
2004.9753 -116.466 -121.69 38.7 1.2 0.9 2.7
2004.9781 -120.215 -123.356 45 1.2 0.8 2.6
2004.9808 -127.818 -127.464 34.3 1.1 0.8 2.5
2004.9836 -124.017 -124.799 34.8 1.1 0.8 2.5
2004.9863 -122.25 -126.354 35 1.1 0.8 2.5
2004.9890 -121.982 -126.576 40.1 1.2 0.9 2.6
2004.9918 -119.411 -123.245 35 1.2 0.9 2.6
2004.9945 -119.626 -123.245 36 1.2 0.9 2.6
2004.9973 -123.32 -123.689 38.4 1.2 0.9 2.6
2005.0000 -123.481 -125.132 37.8 1.2 0.9 2.6
2005.0027 -121.928 -123.911 33.4 1.2 0.9 2.6
2005.0027 -118.608 -123.578 37 1.2 0.9 2.6
2005.0055 -122.035 -121.579 39.3 1.2 0.9 2.6
2005.0082 -120.375 -121.246 43.5 1.2 0.9 2.6
2005.0110 -124.124 -126.354 43.2 1.2 0.9 2.6
2005.0137 -121.446 -124.022 30.1 1.2 0.9 2.6
2005.0164 -120.857 -124.577 37.7 1.2 0.9 2.7
2005.0192 -124.445 -124.244 29.7 1.2 0.9 2.6
2005.0219 -121.875 -124.355 32.1 1.2 0.9 2.6
2005.0247 -122.196 -124.688 31.7 1.1 0.8 2.6
2005.0274 -121.125 -123.911 30.8 1.1 0.8 2.6
2005.0301 -121.5 -124.91 24.5 1.2 0.8 2.6
2005.0329 -128.193 -129.796 22 1.3 0.9 2.7
2005.0356 -125.302 -126.021 31.1 1.1 0.8 2.6
2005.0384 -121.714 -124.244 42.8 1.1 0.8 2.6
2005.0411 -120.964 -126.687 38.3 1.2 0.9 2.6
2005.0438 -121.875 -126.132 40 1.1 0.8 2.6
2005.0466 -117.43 -125.465 38.6 1.4 1.0 3.0
2005.0493 -124.552 -127.575 36.5 1.5 1.0 2.9
2005.0521 -122.624 -125.132 42.3 1.3 0.9 2.8
2005.0548 -120.215 -123.689 43.4 1.2 0.9 2.7
2005.0575 -122.25 -125.465 41.7 1.2 0.9 2.6
2005.0603 -121.875 -125.021 41.8 1.2 0.9 2.7
2005.0630 -124.873 -122.357 45.6 1.1 0.8 2.6
2005.0658 -125.623 -125.354 43 1.1 0.8 2.6
2005.0685 -118.341 -124.799 37.9 1.2 0.8 2.6
2005.0712 -115.021 -121.135 37.9 1.1 0.8 2.6
2005.0740 -120.215 -125.132 35.4 1.1 0.8 2.6
2005.0767 -119.786 -126.909 42.9 1.2 0.8 2.7
2005.0795 -121.928 -125.021 44.5 1.1 0.8 2.5
2005.0822 -120.857 -125.354 42.3 1.1 0.8 2.5
2005.0849 -122.089 -125.576 39.5 1.1 0.8 2.5
2005.0877 -123.374 -125.91 38.6 1.1 0.8 2.5
2005.0904 -123.963 -126.354 36.8 1.1 0.8 2.6
2005.0932 -121.661 -128.019 40.2 1.2 0.9 2.6
2005.0959 -121.125 -128.019 38.8 1.1 0.8 2.5
2005.0986 -122.517 -126.465 35.5 1.1 0.8 2.5
2005.1014 -120.375 -125.354 42.3 1.1 0.8 2.5
2005.1068 -120.161 -126.465 47.1 1.2 0.9 2.7
2005.1096 -117.055 -126.132 62.8 1.2 0.9 2.7
2005.1123 -118.876 -125.687 44.5 1.1 0.8 2.5
2005.1151 -120.322 -125.354 37.6 1.1 0.8 2.5
2005.1178 -120.536 -128.019 34.5 1.1 0.8 2.5
2005.1205 -118.983 -125.132 43.1 1.1 0.8 2.5
2005.1233 -118.555 -124.133 45.4 1.1 0.8 2.6
2005.1260 -125.944 -126.687 36.9 1.1 0.8 2.5
2005.1288 -119.519 -124.244 36.2 1.2 0.9 2.6
2005.1315 -117.484 -126.798 39.5 1.1 0.9 2.6
2005.1342 -120.108 -126.132 35.6 1.2 0.9 2.7
2005.1370 -119.893 -125.354 39.5 1.1 0.9 2.6
2005.1397 -118.287 -124.91 40.3 1.1 0.8 2.6
2005.1425 -119.733 -125.021 40.4 1.1 0.9 2.6
2005.1452 -122.303 -124.91 38.2 1.1 0.8 2.5
2005.1479 -119.519 -127.353 44.9 1.2 0.9 2.6
2005.1562 -119.893 -126.687 41.9 1.2 0.9 2.6
2005.1589 -120.161 -126.132 40.6 1.2 0.9 2.6
2005.1616 -121.393 -127.131 35.3 1.2 0.9 2.6
2005.1644 -122.25 -127.464 33.4 1.2 0.9 2.5
2005.1671 -121.071 -126.687 37 1.1 0.9 2.6
2005.1699 -119.144 -124.577 40.4 1.1 0.9 2.6
2005.1726 -120.108 -126.465 41.6 1.1 0.9 2.6
2005.1753 -120.59 -125.91 50.2 1.2 0.9 2.6
2005.1781 -124.391 -124.688 40.9 1.3 0.9 2.6
2005.1808 -119.626 -124.466 41.5 1.2 0.9 2.6
2005.1836 -118.983 -125.687 41.8 1.2 0.9 2.6
2005.1863 -116.788 -125.465 65.2 1.5 1.1 3.1
2005.1918 -122.303 -128.463 44.6 1.1 0.9 2.6
2005.1945 -124.552 -127.02 40.1 1.1 0.9 2.6
2005.1973 -126.319 -127.464 31.4 1.1 0.9 2.5
2005.2000 -123.428 -126.798 39.6 1.3 0.9 2.7
2005.2027 -123.856 -125.91 41.3 1.2 0.9 2.6
2005.2055 -125.837 -126.576 42.1 1.2 0.9 2.6
2005.2082 -123.695 -124.688 39.6 1.2 0.9 2.6
2005.2110 -123.16 -125.465 37.3 1.2 0.9 2.5
2005.2137 -124.445 -127.353 34 1.1 0.9 2.5
2005.2164 -120.322 -126.354 44 1.1 0.9 2.6
2005.2192 -119.679 -126.465 45 1.2 0.9 2.6
2005.2219 -121.5 -125.021 49.5 1.1 0.9 2.6
2005.2247 -121.661 -126.354 46.2 1.1 0.9 2.6
2005.2274 -123.642 -127.797 32.9 1.1 0.8 2.5
2005.2301 -122.196 -127.908 37.5 1.1 0.9 2.6
2005.2329 -119.84 -126.687 45.6 1.2 0.9 2.6
2005.2356 -121.553 -126.909 49.4 1.5 1.1 3.2
2005.2493 -123.106 -124.466 31.4 2.7 1.6 5.2
2005.2521 -121.661 -125.91 40.5 1.1 0.8 2.5
2005.2548 -123.16 -127.686 39.6 1.1 0.9 2.6
2005.2575 -121.071 -127.908 40.1 1.2 0.9 2.7
2005.2603 -119.304 -125.687 37.3 1.2 0.9 2.6
2005.2740 -119.411 -126.687 33.5 1.2 0.9 2.6
2005.2767 -121.179 -128.241 35.6 1.2 0.9 2.6
2008.9479 -182.116 -170.766 66.4 1.0 0.7 2.0
2008.9507 -177.618 -169.767 56.4 1.3 0.9 2.7
2008.9534 -181.634 -171.765 56.2 1.2 0.9 2.6
2008.9562 -179.92 -171.321 56.8 1.2 0.9 2.6
2008.9589 -178.582 -170.322 62.8 1.3 0.9 2.6
2008.9616 -176.172 -169.434 55.7 1.3 0.9 2.7
2008.9644 -182.384 -172.876 60.5 1.3 1.0 2.7
2008.9671 -181.688 -171.543 63.8 1.3 0.9 2.7
2008.9699 -178.475 -172.321 64.9 1.3 1.0 2.7
2008.9726 -179.385 -170.988 61.2 1.3 0.9 2.6
2008.9753 -179.92 -169.989 62.1 1.2 0.9 2.6
2008.9781 -178.046 -170.766 66.6 1.3 0.9 2.7
2008.9808 -180.617 -168.546 66.6 1.3 1.0 2.8
2008.9836 -177.725 -169.878 73.8 1.3 1.0 2.9
2008.9863 -179.653 -171.321 71.9 1.3 0.9 2.7
2008.9890 -176.011 -171.321 85.8 1.4 1.0 3.0
2008.9918 -178.475 -169.101 83.9 1.4 1.0 2.9
2008.9945 -176.708 -170.1 78.3 1.3 1.0 2.8
2008.9973 -173.548 -168.768 75.3 1.3 1.0 2.8
2009.0000 -176.547 -170.544 74.8 1.3 1.0 2.7
2009.0027 -177.404 -170.877 75.8 1.3 0.9 2.7
2009.0027 -174.78 -170.877 81.4 1.2 0.9 2.7
2009.0055 -176.708 -171.876 69 1.2 0.9 2.7
2009.0082 -174.619 -171.988 74.1 1.3 1.0 2.6
2009.0110 -178.153 -171.099 77.2 1.2 0.9 2.6
2009.0137 -176.708 -170.988 80.1 1.2 0.9 2.6
2009.0164 -177.19 -170.322 81 1.2 0.9 2.6
2009.0192 -178.689 -171.988 74.3 1.2 0.9 2.6
2009.0219 -177.404 -170.988 74.5 1.2 0.9 2.6
2009.0247 -182.062 -169.545 77.5 1.2 0.9 2.6
2009.0274 -181.42 -171.432 72.1 1.2 0.9 2.5
2009.0301 -179.278 -171.543 76.3 1.2 0.9 2.5
2009.0329 -180.991 -171.988 79.7 1.2 0.9 2.7
2009.0356 -180.028 -170.544 74.9 1.2 1.0 2.7
2009.0384 -178.85 -167.768 91.7 1.2 0.9 2.7
2009.0411 -177.939 -170.544 72.9 1.3 0.9 2.7
2009.0438 -174.459 -171.543 74 1.3 0.9 2.7
2009.0466 -186.828 -173.431 67 1.2 0.9 2.7
2009.0493 -184.954 -172.543 62.7 1.3 0.9 2.7
2009.0521 -183.562 -166.214 65.4 1.2 0.9 2.6
2009.0548 -179.064 -170.211 52.2 1.3 0.9 2.6
2009.0575 -180.563 -170.433 59.7 1.2 0.9 2.7
2009.0603 -180.188 -170.322 52.1 1.2 0.9 2.6
2009.0630 -179.653 -170.988 62.2 1.3 0.9 2.6
2009.0658 -181.366 -171.099 59.6 1.2 0.9 2.6
2009.0685 -180.509 -172.432 59.1 1.2 0.9 2.6
2009.0712 -181.152 -172.765 60.9 1.2 0.9 2.7
2009.0740 -181.741 -172.21 57.1 1.2 0.9 2.6
2009.0767 -182.384 -174.652 61.6 1.2 0.9 2.6
2009.0795 -178.796 -173.209 63.2 1.2 0.9 2.6
2009.0822 -181.259 -172.987 62.9 1.2 0.9 2.6
2009.0849 -178.85 -171.765 61.5 1.2 0.9 2.6
2009.0877 -178.207 -172.543 61.3 1.2 0.9 2.6
2009.0904 -179.331 -171.654 64.5 1.2 0.9 2.5
2009.0932 -181.795 -174.097 64 1.2 0.9 2.5
2009.0959 -179.171 -173.098 62.7 1.2 0.9 2.5
2009.0986 -188.381 -169.989 63.4 1.2 0.9 2.6
2009.1014 -182.062 -175.874 65.7 1.2 0.9 2.6
2009.1041 -176.975 -173.875 60.6 1.2 0.9 2.5
2009.1068 -180.938 -173.986 57.8 1.2 0.9 2.5
2009.1096 -180.081 -174.874 54.6 1.2 0.9 2.5
2009.1123 -179.278 -174.43 56 1.2 0.9 2.5
2009.1151 -180.402 -175.096 57.7 1.2 0.9 2.7
2009.1178 -178.582 -176.096 57.7 1.3 0.9 2.7
2009.1205 -171.781 -174.208 58.6 1.2 0.9 2.6
2009.1233 -176.226 -174.874 56.9 1.2 0.9 2.6
2009.1260 -177.511 -176.873 65.5 1.2 0.9 2.7
2009.1288 -179.01 -176.318 55.7 1.2 0.9 2.6
2009.1315 -181.42 -175.096 58.2 1.2 0.9 2.7
2009.1342 -183.508 -179.427 57 1.2 0.9 2.6
2009.1370 -172.852 -170.322 52.7 1.2 0.9 2.7
2009.1397 -179.331 -175.207 59.7 1.3 0.9 2.7
2009.1425 -183.455 -173.653 55.3 1.2 0.9 2.7
