2011.6658 0 0 0 1.5 0.9 2.7
2011.6685 2.09173 0.555206 -4.1 1.5 0.9 2.7
2011.6712 4.01386 -0.999372 8.7 1.5 0.9 2.7
2011.6740 2.65706 -3.99748 2.4 1.5 0.9 2.7
2011.6767 8.76266 -6.77352 2.5 1.7 1.1 3.1
2012.5479 -6.78399 -25.6505 20.9 1.4 0.9 2.5
2012.5507 3.392 -20.7647 21.5 1.5 1.0 2.8
2013.7836 -13.3419 -55.4096 21.9 3.3 2.7 6.2
2013.7863 -19.1648 -58.0746 22.5 1.5 0.9 2.8
2013.7890 -15.6597 -56.2979 24.7 1.4 0.9 2.7
2013.7918 -15.0379 -52.1894 36.8 1.4 0.9 2.6
2013.7945 -12.8896 -58.9629 14.5 1.4 0.9 2.7
2013.7973 -16.0555 -56.4089 24 2.1 1.3 3.7
2014.3918 -32.5066 -69.0676 21 4.2 2.0 6.0
2014.3945 -34.768 -71.7326 22.8 1.5 0.9 2.8
2014.3973 -35.2768 -73.8424 30.4 1.5 0.9 2.8
2014.4000 -28.6058 -72.0658 34.3 1.5 0.9 2.8
2014.4027 -29.3973 -71.6216 36.2 1.5 0.9 2.7
2014.4055 -30.0192 -72.843 27.2 1.5 0.9 2.7
