1999.6603 0 0 0 4.7 3.0 11.1
1999.6630 0.0537094 -7.55017 -3.3 1.9 1.2 3.8
1999.6658 10.7957 -5.2185 -4.8 2.2 1.6 4.6
2002.5945 -53.9248 28.6462 -25.8 4.0 3.2 7.8
2002.5973 -54.8916 21.7622 -15 1.2 0.9 2.9
2002.6000 -53.0118 21.8733 -23.9 1.3 0.9 2.9
2002.6027 -56.9326 21.8733 -23.7 1.3 0.9 2.8
2002.6055 -56.1269 21.0961 -17.7 1.3 0.9 2.8
2002.6082 -56.4492 23.0946 -13.7 1.3 0.9 2.9
2002.6110 -59.1347 22.6505 -10.7 1.6 1.1 3.4
2003.5342 -99.3635 40.0825 -35.5 1.2 0.9 2.7
2003.5370 -101.727 41.3038 -30.8 1.3 1.0 2.9
2003.5397 -103.177 41.748 -23.6 2.5 1.5 4.6
2006.4384 -173.806 83.2739 13.7 1.5 1.0 2.9
2006.4411 -179.606 78.1664 9 2.5 1.6 4.8
2019.4137 -492.843 230.613 81.1 1.3 0.9 3.0
2019.4164 -495.797 229.947 84.8 1.2 0.9 2.7
2019.4192 -496.495 230.28 86.4 1.2 0.9 2.7
2019.4219 -508.15 225.062 82.4 1.2 0.9 2.7
