1995.7781 0 0 0 2.0 1.6 4.4
1995.7808 0.841979 2.44405 4.5 1.4 0.9 2.8
1995.7836 0.631485 0.777653 2 1.4 0.9 2.8
1995.7863 -13.1208 2.99952 2.2 2.2 1.2 3.7
2002.4329 -96.8976 -66.8782 0.7 2.1 1.6 4.2
2002.4356 -93.5999 -70.211 -0.4 1.3 0.9 2.6
2002.4384 -93.249 -68.1002 0.7 1.4 0.9 2.7
2002.4411 -94.0208 -69.2111 -2.9 1.5 1.0 3.0
2002.4438 -94.7225 -71.8774 4.8 1.8 1.1 3.8
2006.4767 -153.801 -107.427 -10.6 2.3 1.9 4.3
2006.4795 -151.416 -109.427 -13.9 1.3 0.9 2.6
2006.4822 -151.065 -109.427 -20.4 1.4 0.9 2.6
2006.4849 -158.222 -110.093 -16.7 1.4 0.9 2.7
2006.4877 -157.169 -110.316 -3.2 1.7 1.0 3.4
2011.4493 -224.808 -156.53 -9.1 1.1 0.8 2.5
2011.4521 -227.334 -154.975 -14.1 1.7 1.2 3.5
2011.4740 -230.351 -157.641 -12 1.6 1.2 3.4
