1999.4849 0 0 0 1.6 1.1 3.3
1999.4932 -2.57907 -0.777249 -8 1.8 1.4 4.1
2000.6658 -37.8081 -4.6635 7.3 1.8 1.3 4.3
2000.6685 -32.7597 2.55382 -52.2 20.1 13.7 40.5
2001.4959 -37.2045 -5.10764 5.1 1.8 1.4 4.5
2002.5123 -51.4717 -7.99457 18.8 2.0 1.3 4.2
2003.4986 -81.2133 -14.6567 36.5 1.3 1.0 3.2
2003.5014 -77.8111 -12.436 42.8 1.5 1.2 3.6
2012.7041 -258.895 -36.5307 93.5 1.2 0.8 2.6
2012.7068 -255.438 -34.8652 102.2 1.1 0.8 2.6
2013.7726 -282.6 -39.1956 102 1.5 1.0 3.1
2013.7753 -280.68 -38.3073 122.6 1.1 0.9 2.7
2013.7781 -279.198 -37.6411 116.8 1.1 0.9 2.8
2013.7808 -274.205 -40.3059 106.4 1.2 0.9 2.9
2014.3890 -294.179 -40.528 117.5 1.2 0.9 2.9
2014.3918 -294.892 -38.6404 121.6 1.2 0.9 2.8
2014.3945 -292.862 -39.3066 121.5 1.2 0.9 2.8
2014.3973 -294.837 -38.6404 120.7 1.2 0.9 2.8
2014.4000 -293.685 -40.528 123.7 1.2 0.9 2.9
2015.4932 -317.061 -38.5294 103.7 1.2 0.9 3.1
2015.4959 -319.64 -39.0846 103 1.2 0.9 3.1
2015.4986 -320.902 -36.0866 112.5 1.3 0.9 3.1
2015.5014 -321.341 -36.8638 109.3 1.8 1.3 4.3
