2011.6301 0 0 0 1.3 0.9 2.6
2011.6329 3.48844 3.22017 -4.8 1.3 0.9 2.6
2011.6356 4.67001 5.2189 -5.5 1.4 0.9 2.6
2012.3753 -5.06386 -25.0951 25.4 1.5 0.9 2.8
2012.3781 -7.48327 -26.6497 25.7 1.4 0.9 2.8
2012.3808 -6.07664 -26.4276 25.6 1.8 1.1 3.2
2013.7699 -27.1761 -42.0843 16.3 2.9 1.6 5.0
2013.7945 -25.5444 -41.0849 25.3 1.5 1.0 2.9
2013.7973 -28.0763 -40.7518 21.4 1.5 1.0 3.0
2013.8000 -36.0097 -49.7461 24.8 1.5 1.0 2.9
2013.8027 -30.9458 -45.4155 9.4 1.5 1.0 3.0
2013.8055 -32.9714 -41.9732 9.1 1.5 1.0 2.9
2013.8082 -34.1529 -41.0849 11.5 1.5 1.0 2.9
2014.4000 -31.7335 -53.2994 29.3 1.7 1.0 3.2
2014.4027 -35.222 -52.6331 32.3 1.6 0.9 3.0
2014.4055 -34.2655 -50.7454 41.4 1.6 0.9 3.0
2014.4082 -40.7922 -52.411 31.6 1.8 1.1 3.3
