1999.4329 0 0 0 3.3 2.0 5.9
1999.4356 -12.2411 -1.77762 5.1 2.4 1.4 4.7
1999.4384 -10.945 3.44414 -16.4 1.9 1.2 3.8
1999.4411 -6.40858 5.99946 -19.1 2.3 1.4 4.6
1999.4575 -10.873 8.22149 -6.7 3.3 2.3 6.6
1999.4603 -9.36085 -0.333303 -2.2 2.3 1.4 4.5
1999.5288 -27.2905 -8.77699 22.8 2.9 2.2 6.3
1999.5315 -19.0817 2.22202 -2 1.8 1.1 3.6
1999.5342 -13.3932 3.11083 -18.7 1.9 1.2 3.8
1999.5370 -23.8342 0.666607 -9.5 2.5 1.4 4.4
2002.4411 -52.3487 -29.9973 5 2.7 1.9 5.5
2002.4438 -61.1335 -28.9974 3.4 2.0 1.1 3.8
2002.4466 -64.3738 -32.1082 -4.7 3.0 1.4 5.4
2002.4493 -42.8439 -32.5526 -0.5 3.0 2.0 6.1
2002.4521 -63.0057 -35.5524 4.5 2.7 1.2 4.9
2006.4849 -111.394 -64.8831 -25.1 3.5 2.5 7.4
2006.4877 -107.29 -68.8827 -8.6 1.9 1.2 4.1
2006.4904 -107.65 -69.4382 12.3 2.2 1.3 5.0
2006.4932 -98.2169 -75.1044 15.2 3.2 2.0 5.6
2006.4959 -112.906 -70.9936 -2.5 2.0 1.3 4.6
2011.4740 -179.944 -127.989 4 2.5 1.6 5.4
2011.4795 -188.729 -128.655 -0.7 2.4 1.6 5.1
2011.4822 -183.185 -124.878 -3.8 2.3 1.6 5.3
