1996.4219 0 0 0 3.0 2.5 7.1
1996.4274 0.0550372 -5.88492 25.6 2.8 2.3 6.6
1997.3726 -20.6942 11.2147 27.7 2.8 2.2 5.6
1997.3808 -16.8966 2.99798 43.7 5.2 3.7 11.3
1997.3918 -22.8407 13.4354 5 3.6 3.7 9.8
1998.4164 -32.032 7.6615 46 4.1 3.1 9.6
1998.4356 -42.8194 14.9899 26.4 2.8 2.3 7.0
1999.4411 -44.8007 -32.2005 3.5 4.9 3.3 9.8
1999.4521 -72.3196 3.10901 60.5 4.7 2.4 7.8
2009.6301 -284.985 83.4992 107.9 1.4 0.9 2.8
2009.6329 -283.72 83.8323 101.6 1.3 0.9 2.7
2012.6247 -351.141 104.929 120.5 1.2 0.9 2.6
2012.6274 -351.361 106.484 114 1.3 0.9 2.7
2013.3945 -368.092 112.924 103 1.2 0.9 2.7
2013.3973 -363.029 114.7 100.5 1.2 0.9 2.7
2013.4000 -360.167 114.7 114.6 1.4 1.0 3.0
2014.4384 -396.987 118.809 138.4 1.4 1.0 2.9
2014.4411 -394.29 117.587 135 1.2 0.8 2.6
2014.4438 -392.254 118.365 128.9 1.2 0.9 2.6
2014.4466 -394.786 118.143 127.5 1.4 1.0 2.8
2014.4493 -392.199 120.363 133.9 1.3 0.9 2.7
2014.4521 -391.869 113.812 144.3 2.8 2.5 6.4
2015.4849 -431.936 126.581 111 3.7 1.8 5.9
2015.4877 -422.635 127.359 129.5 1.4 1.0 3.2
2015.4904 -419.993 131.023 114.8 1.4 1.0 3.2
2015.4932 -427.753 123.139 114.1 1.4 1.0 3.2
2015.4959 -429.404 127.803 121.2 1.5 1.0 3.4
2015.4986 -428.744 129.024 133 1.4 1.0 3.3
2016.7123 13111.3 18002.7 1196.8 1.6 1.2 3.8
2016.7151 13107 18004.7 1197.3 1.4 1.0 3.3
2016.7178 13107.2 18006.4 1189.4 1.4 1.0 3.2
2016.7205 13104.8 18009.5 1189.8 1.4 1.0 3.2
2019.3781 -491.102 144.902 156.6 1.5 1.0 3.3
2019.3808 -492.973 150.676 145.4 1.5 1.0 3.2
2021.4767 -549.222 157.893 195.1 1.4 1.1 3.5
2021.4795 -553.074 158.56 183.2 1.4 1.1 3.5
2021.4822 -549.772 152.342 185.8 1.6 1.3 4.0
