2001.5945 0 0 0 8.1 7.5 14.9
2001.5973 -41.9415 37.8508 -76.7 15.8 8.6 21.3
2001.6000 -29.9886 26.3069 43.4 31.7 14.4 26.9
2004.4384 -46.4505 -44.8438 2.6 1.3 0.9 3.0
2004.4411 -48.5773 -51.6147 -0.2 1.4 1.1 3.2
2004.4438 -48.237 -43.5118 7.8 1.1 0.9 2.9
2004.4466 -52.6183 -48.7287 12.8 1.9 1.7 4.9
2014.6658 -118.849 -284.381 88.1 1.6 1.2 3.6
2014.6685 -121.401 -283.604 82.6 1.7 1.1 3.4
2015.6630 -125.91 -301.03 94.3 1.2 0.9 2.9
2016.6438 -134.63 -324.562 70.4 1.1 0.9 2.8
2016.6466 -130.206 -319.567 74.6 1.4 1.2 3.7
2017.6384 -138.16 -344.542 108.9 3.0 2.4 5.5
2018.6384 -144.328 -364.966 99.8 2.9 2.0 6.0
2018.6411 -146.795 -367.519 99.8 1.1 0.9 3.0
2020.5123 -156.579 -414.805 114.3 1.4 1.1 3.2
2020.5151 -162.024 -411.586 111.6 1.3 1.1 3.3
