1998.5425 0 0 0 109.3 23.5 204.2
1998.5452 46.3704 -61.521 284.2 2.8 1.4 5.1
1998.5479 51.3009 -67.5176 298.4 3.0 1.5 5.5
2000.3808 24.4765 -76.9568 322.6 2.8 1.5 4.6
2000.3836 17.7851 -80.7324 322.2 2.4 1.4 4.4
2000.3863 21.4243 -81.0656 328.2 2.8 1.5 4.7
2001.3863 6.33924 -84.7302 302.3 2.4 1.4 4.3
2001.3890 0 -86.618 302.3 2.4 1.4 4.3
2001.3918 -4.93052 -86.1738 296.2 2.8 1.6 4.6
2002.4877 -17.022 -95.724 334.4 2.5 1.4 4.3
2002.4904 -17.3155 -96.8345 335.2 2.3 1.3 4.0
2002.4932 -16.2003 -93.1699 331.5 2.3 1.3 4.1
2003.3890 -29.5244 -102.831 360.9 2.4 1.4 4.3
2007.5041 -103.893 -131.149 419.3 2.6 1.3 4.0
2007.5068 -114.106 -129.372 416.6 2.6 1.3 4.1
2007.5096 -107.063 -130.26 419.9 2.6 1.3 3.8
2007.5123 -109.587 -129.705 417.9 3.2 1.5 4.5
