1996.4219 0 0 0 1.7 1.5 4.5
1996.4247 2.3943 0.888273 -8.6 1.8 1.4 4.2
1996.4274 6.96523 1.77655 -9.7 1.8 1.3 4.0
1996.4301 1.74131 -1.22138 1.5 1.8 1.4 4.4
1996.4329 -0.544159 0.111034 -6.6 1.9 1.3 4.2
1996.4356 3.31937 -3.44206 -2.9 1.7 1.3 4.3
1996.4384 1.08832 -1.44344 -7.2 1.6 1.3 4.2
1996.4411 -0.217664 -3.8862 -7.9 1.7 1.3 4.2
1996.4438 2.72079 -3.8862 -1.4 2.2 1.6 5.1
1997.3699 -12.4612 -5.21861 16.7 2.7 1.6 5.3
1997.3726 -17.9572 -5.99584 7.8 1.6 1.3 4.0
1997.3753 -33.9555 -6.10688 -0.8 6.3 2.7 8.7
1997.3781 -9.08745 -4.77447 -3.1 2.3 1.7 5.6
1997.6712 -23.4532 -3.21999 11.6 2.2 1.5 4.9
1997.6740 -23.5621 -8.32756 4 2.0 1.4 4.6
1998.4137 -28.7316 -18.7648 30.9 13.7 6.8 18.0
1998.4164 -30.9082 -11.6586 18.2 1.7 1.2 4.2
1998.4192 -32.5951 -12.7689 23.6 1.7 1.3 4.2
1998.4219 -33.1393 -13.9903 32.9 1.7 1.3 4.4
1998.4247 -33.9555 -17.0993 25.9 1.7 1.2 4.1
1998.4274 -30.0375 -17.9875 31 1.7 1.3 4.3
1998.4301 -32.6495 -17.0993 37.9 2.3 1.6 5.6
1999.4521 -43.5871 -30.4234 10.7 1.9 1.4 4.7
1999.4548 -53.3819 -27.2034 33.9 1.8 1.3 4.2
1999.4575 -47.0697 -28.4247 33.4 1.8 1.3 4.2
1999.4603 -26.2829 -17.4324 24.3 18.0 10.5 18.9
1999.4877 -44.5122 -30.2013 36 2.2 1.4 4.9
1999.4904 -41.9546 -27.2034 26.8 1.9 1.3 4.5
2000.3863 -62.7959 -35.5309 38.5 6.9 3.7 10.4
2000.3890 -63.1224 -35.9751 44.2 1.7 1.3 4.2
2000.3918 -62.1973 -37.8626 34 1.7 1.3 4.4
2000.3945 -58.9324 -38.4178 46.9 1.9 1.4 4.4
2000.3973 -63.5033 -34.6427 48 2.4 1.7 5.6
2001.4658 -79.9369 -42.5261 36.8 1.9 1.6 5.0
2001.4685 -79.828 -41.9709 25.2 2.0 1.7 5.8
2002.4192 -98.3839 -44.0806 53.5 11.3 3.6 12.6
2002.4219 -90.3303 -43.5254 45.6 1.6 1.4 5.1
2002.4247 -91.473 -43.0813 57.9 1.8 1.6 5.1
2002.4274 -92.6702 -42.304 52.2 1.8 1.5 5.0
2002.4301 -91.3098 -42.9702 49 2.0 1.7 5.9
2002.7644 -101.812 -40.8606 21.5 8.0 4.4 15.5
2002.7671 -100.016 -46.7454 44.1 2.5 1.9 5.6
2002.7699 -96.0984 -42.7481 52.9 1.7 1.5 4.7
2002.7726 -99.9075 -40.0833 49.6 1.6 1.3 4.2
2002.7753 -81.787 -35.864 84 9.4 3.6 13.6
2002.8712 -134.897 -39.5282 20.7 7.6 2.4 17.3
2002.8740 -106.329 -48.633 29.6 1.7 1.6 5.1
2002.8767 -99.5266 -43.8585 27.1 3.7 3.8 10.6
2003.4986 -122.218 -46.5233 54.7 2.0 1.5 5.2
2003.5014 -122.164 -48.5219 67 2.7 2.2 7.0
2004.5644 -135.985 -50.4095 66.2 1.7 1.4 4.8
2004.5671 -140.883 -53.0743 76.2 2.7 2.3 6.9
2004.5699 -125.048 -51.0757 65.5 1.8 1.4 4.9
2004.5726 -142.189 -48.855 55.8 2.5 2.1 6.6
2004.5753 -134.842 -49.6323 53 1.7 1.4 5.0
2004.5781 -133.7 -45.3019 39.6 1.7 1.4 5.1
2004.5808 -131.795 -45.0799 41.8 1.8 1.4 5.0
2004.5836 -130.652 -50.1874 51.2 1.6 1.3 4.7
2004.5863 -123.197 -45.413 69.4 2.0 1.4 5.5
2006.3890 -185.068 -61.735 78.7 1.9 1.2 4.4
2006.3918 -177.396 -56.5164 69.9 1.9 1.3 4.7
2006.3945 -171.573 -58.1819 86.2 1.9 1.3 4.5
2006.3973 -183.98 -57.4047 53.6 1.9 1.2 4.5
2006.4000 -174.784 -61.846 84.2 1.9 1.2 4.6
2006.4027 -172.008 -59.6253 70.2 2.1 1.3 4.8
2007.4466 -195.734 -55.5171 117.3 2.9 2.1 6.3
2007.4493 -195.679 -59.8474 103.8 2.0 1.5 5.1
2007.4521 -184.524 -54.8509 97.4 2.4 1.6 5.0
2007.4548 -194.101 -58.2929 100 2.3 1.6 5.4
2007.4575 -203.515 -54.6288 110 2.2 1.5 5.2
2007.4603 -196.496 -56.4053 104.8 2.1 1.4 4.9
2007.4630 -197.149 -53.5185 100.8 2.2 1.5 5.1
2007.4658 -192.632 -57.6267 54.6 5.7 3.4 11.2
2008.3945 -212.548 -62.0681 86.3 1.9 1.3 4.7
2008.3973 -218.534 -61.846 81.4 1.7 1.3 4.4
2008.4000 -219.405 -61.9571 83.1 1.8 1.4 4.6
2009.6274 -239.158 -54.0736 70.2 2.1 1.6 5.8
2009.6301 -238.777 -57.8488 86.5 2.1 1.5 5.3
2009.6329 -236.219 -58.626 112.9 2.4 1.7 6.4
2011.6795 -275.072 -63.9557 101.9 2.4 1.5 6.3
2011.6822 -265.223 -74.5039 102.3 2.4 1.5 6.9
2011.6849 -281.384 -66.3984 82.7 2.3 1.5 6.4
2011.6877 -259.781 -72.9494 123.3 2.2 1.4 6.0
2011.6904 -262.502 -67.6198 123.6 2.2 1.4 5.7
2012.6219 -276.052 -75.7253 133.8 2.0 1.3 5.2
2012.6247 -276.106 -71.9501 123.7 2.1 1.3 5.2
2012.6274 -275.018 -81.277 132 2.0 1.3 5.2
2013.3918 -299.015 -85.2742 147.9 4.6 3.2 8.9
2013.3945 -303.64 -85.9404 140.7 1.8 1.3 4.8
2013.3973 -302.389 -89.3825 122.1 1.9 1.4 5.2
2013.4000 -309.844 -90.7149 138.1 1.8 1.5 5.2
2014.3890 -312.946 -81.0549 151.1 2.1 1.5 5.9
2014.3918 -318.55 -81.6101 145.6 2.0 1.5 5.9
2014.3945 -322.523 -79.0563 161.6 2.1 1.6 5.5
2014.3973 -310.497 -86.7177 170.7 2.1 1.6 5.9
2014.4000 -313.871 -83.0535 181.2 2.2 1.6 5.9
2015.3589 -339.718 -90.6039 138.6 2.5 1.5 6.6
2015.3616 -338.847 -86.9397 129.1 2.1 1.5 5.6
2015.3644 -336.29 -86.1625 128 2.1 1.6 5.9
2015.3671 -341.677 -88.2721 128.5 2.2 1.6 6.3
2016.7123 -364.695 -87.828 151.2 2.4 1.8 7.2
2016.7151 -368.069 -86.6066 166.7 2.0 1.5 6.0
2016.7178 -373.184 -81.9432 159.9 2.2 1.5 6.5
2016.7205 -366.327 -87.4949 157.3 2.0 1.4 5.5
2019.3753 -405.017 -99.1535 193.5 2.8 1.7 7.8
2019.3781 -408.119 -106.26 180.1 2.8 1.8 7.9
2019.3808 -418.73 -98.1542 120.4 3.3 2.0 9.4
2020.5479 -448.767 -83.0535 86.4 4.1 2.5 13.9
2020.5507 -441.095 -94.268 99 4.6 2.8 15.4
2020.5534 -440.877 -101.707 133.1 4.2 2.9 14.2
2020.5562 -447.353 -96.9328 144.5 4.9 3.1 15.6
2021.4767 -456.44 -101.374 153.3 4.1 2.3 11.9
2021.4795 -461.718 -108.924 169.1 4.3 2.4 10.8
2021.4822 -448.115 -109.147 212.7 4.6 2.9 11.3
