1996.5589 0 0 0 7.0 3.1 8.2
1996.5616 -23.1736 -12.9957 -5.1 1.5 1.0 3.0
1996.5644 -20.817 -12.4403 -7.9 1.6 1.0 3.2
1996.5671 -29.2616 -13.7732 -10 1.5 1.0 3.1
1996.5699 -23.37 -10.6631 -6.7 1.6 1.1 3.2
1996.5726 -18.3949 -12.8846 3.3 1.5 1.0 3.1
1996.5753 -22.5845 -20.6598 -9.5 1.5 1.0 3.1
1996.5781 -24.4174 -20.5487 -14.4 1.6 1.0 3.1
1996.5808 -21.3407 -21.4373 -12.3 1.5 1.0 3.1
1996.5836 -23.6318 -21.6594 -4.5 1.5 1.0 3.1
1996.5863 -16.5619 -21.7705 -14.7 1.5 1.0 3.1
1996.5890 -32.2074 -22.1037 -5.7 1.6 1.0 3.2
1996.5918 -21.0134 -23.4366 -16.2 1.5 1.0 3.1
1996.5945 -18.133 -24.5474 -15.7 1.6 1.1 3.2
1996.5973 -24.6792 -24.8806 -19.3 1.6 1.1 3.2
1996.6000 -20.817 -25.2138 -16.8 1.6 1.0 3.5
1996.6027 -22.8463 -26.4356 -13.9 1.8 1.3 3.8
1997.4630 -32.4038 -32.1004 -13.9 1.6 1.1 3.0
1997.4658 -30.1126 -30.8786 -8.3 1.5 1.0 2.9
1997.4685 -32.6656 -29.6568 -9.1 1.6 1.1 3.0
1997.4712 -29.8508 -30.1011 -7.6 1.5 1.0 2.9
1997.4740 -31.9455 -30.3232 -5.5 1.6 1.1 3.0
1997.4767 -30.7672 -30.7675 -11.7 1.5 1.1 2.9
1997.4795 -30.7672 -32.4336 -9.2 1.5 1.0 3.0
1997.4822 -30.7672 -32.2115 -6.7 3.0 2.3 5.3
1997.4849 -32.6002 -27.9907 7.6 10.3 5.0 11.5
1998.4959 -35.4805 -56.0924 -3 1.6 1.1 3.0
1998.4986 -39.8665 -57.5364 -0.3 1.5 1.0 3.1
1998.5014 -38.6881 -56.6478 4.4 1.4 1.0 2.8
1998.5041 -43.205 -55.7592 -13.4 1.5 1.0 2.9
1998.5068 -40.5211 -56.981 -5.2 1.4 1.0 2.9
1998.5096 -37.3789 -59.5357 -6.8 1.4 1.0 2.9
1998.5123 -35.9387 -59.6468 -2.5 1.5 1.0 3.0
1998.5151 -35.9387 -57.9807 -6.3 1.5 1.0 3.0
1998.5178 -38.1644 -56.2035 -3.9 1.5 1.0 3.0
1998.5205 -40.7829 -52.427 -4.5 1.4 1.0 2.9
1998.5233 -34.564 -56.4256 -3.1 1.4 1.0 2.9
1998.5260 -35.4805 -59.8689 6.2 1.4 1.0 2.9
1998.5288 -38.4263 -59.0914 -6.2 1.5 1.0 2.9
1998.5315 -34.564 -56.8699 0 1.5 1.0 2.8
1998.5342 -36.9861 -58.0917 -8 1.5 1.0 2.9
1998.5370 -38.4263 -60.2021 -0.1 1.4 0.9 2.9
1998.5397 -37.5753 -64.7562 23.1 1.5 1.0 2.9
1998.5425 -40.3247 -56.4256 0.7 1.5 1.0 2.9
1998.5452 -44.8416 -59.3135 1.1 1.4 1.0 2.9
1998.5479 -36.1351 -58.0917 -7.6 1.5 1.0 2.9
1998.5507 -38.8191 -60.8686 -9.6 1.5 1.1 3.0
1998.5534 -38.0335 -58.425 -9 2.5 1.5 3.9
1998.5562 -35.2841 -56.2035 -9.4 1.6 1.0 3.1
1998.5589 -40.3247 -55.3149 -13.8 1.6 1.0 3.0
1998.5616 -38.0335 -57.3142 -6.9 1.5 1.0 2.9
1998.5644 -48.0492 -49.7612 -32.2 3.2 2.5 5.6
2000.5562 -55.6428 -102.966 1.4 1.6 1.0 3.1
2000.5589 -51.2569 -103.632 -6.7 1.5 0.9 2.9
2000.5616 -45.4962 -101.188 4.4 1.6 0.9 3.0
2000.5644 -52.6971 -103.965 -12.2 1.5 0.9 2.9
2000.5671 -58.3923 -104.632 -5.2 1.5 0.9 2.9
2000.5699 -52.5661 -106.52 -7.1 1.6 1.0 2.9
2000.5726 -54.0718 -104.076 -2.8 1.6 1.0 3.0
2000.5753 -53.6135 -106.409 19.1 1.5 1.0 2.9
2000.5781 -50.7986 -105.187 14.3 1.5 0.9 2.9
2000.5808 -52.6971 -105.743 9 1.3 0.9 2.8
2000.5836 -55.9047 -105.076 13.3 1.4 0.9 2.9
2000.5863 -43.1396 -105.52 -2.3 1.4 1.0 3.0
2000.5890 -57.9995 -108.186 0.2 1.4 0.9 2.9
2000.5918 -51.0605 -104.743 3.8 1.4 1.0 2.8
2000.5945 -56.4284 -104.187 10.3 1.4 0.9 2.9
2000.5973 -54.6609 -105.965 10.8 1.4 0.9 2.9
2000.6000 -49.4894 -106.742 11 1.4 1.0 2.9
2000.6027 -50.995 -104.187 13.4 1.4 0.9 2.8
2000.6055 -53.2862 -104.632 9.7 1.3 0.9 2.7
2000.6082 -53.8754 -104.632 6.5 1.5 1.0 3.1
2000.6110 -51.2569 -106.076 10.6 1.7 1.0 3.2
2000.6137 -48.442 -102.966 10 1.4 0.9 3.0
2000.6164 -52.5661 -108.075 14.9 1.4 1.0 3.0
2000.6192 -53.4826 -105.631 8.8 1.4 1.0 2.9
2000.6219 -53.1553 -106.853 9.9 1.4 0.9 2.9
2000.6247 -48.0492 -105.631 3.4 1.6 1.1 3.2
2001.5726 -61.2071 -125.292 8.3 1.5 1.1 3.0
2001.5753 -59.8979 -125.958 -0.9 1.5 1.0 2.8
2001.5781 -57.0176 -127.291 6.3 1.5 1.0 2.8
2001.5808 -61.8618 -129.401 9.9 1.4 1.0 2.8
2001.5836 -63.8256 -126.624 6.5 1.3 0.9 2.7
2001.5863 -58.3268 -125.069 13.9 1.4 0.9 2.7
2001.5890 -59.8979 -127.402 2.1 1.6 1.1 3.0
2001.5945 -58.916 -134.955 -0.6 2.8 1.5 4.6
2001.5973 -89.2904 -103.188 -43 14.3 9.0 18.5
2001.6055 -66.6405 -143.174 -15.9 20.4 10.6 21.6
2001.6082 -55.0537 -132.4 2.1 1.7 1.2 3.4
2001.6110 -56.8212 -130.179 4.4 1.4 0.9 2.7
2001.6137 -58.7196 -130.845 3.6 1.4 0.9 2.7
2001.6164 -54.6609 -132.845 2.7 1.4 0.9 2.8
2001.6192 -62.2545 -132.289 2.8 1.4 1.0 2.8
2001.6219 -57.1485 -127.624 -3 1.4 0.9 2.8
2001.6247 -56.3629 -130.512 2.9 1.4 0.9 2.7
2001.6274 -58.2613 -131.845 4.6 1.4 0.9 2.7
2001.6301 -32.9929 -131.623 29.8 17.8 12.5 24.7
2002.4575 -53.8099 -146.173 35.5 27.4 13.2 28.2
2002.4603 -61.2071 -143.841 3.6 1.3 0.8 2.6
2002.4630 -62.4509 -145.396 -1.4 1.3 0.8 2.7
2002.4658 -63.1055 -143.841 0.9 1.3 0.9 2.7
2002.4685 -61.9927 -146.062 2.3 1.3 0.8 2.6
2002.4712 -56.8212 -143.73 4.6 1.4 0.8 2.7
2002.4740 -63.2365 -146.507 -3.2 1.3 0.8 2.6
2002.4767 -63.8256 -145.84 2.9 1.3 0.8 2.5
2002.4795 -67.0987 -146.507 5.2 1.3 0.8 2.6
2002.4822 -63.6292 -152.838 6.2 1.3 0.8 2.6
2002.4849 -76.7871 -147.84 8.7 1.3 0.9 2.9
2002.4877 -62.5818 -144.841 -0.9 1.3 0.9 2.8
2002.4904 -62.0581 -147.617 -11.3 1.3 0.8 2.7
2002.4932 -69.8481 -147.84 4.2 1.3 0.8 2.6
2002.4959 -62.7782 -147.173 6 1.3 0.9 2.7
2002.4986 -69.7827 -147.395 11.1 1.3 0.8 2.7
2002.5014 -60.2252 -149.395 14.7 1.3 0.8 2.6
2002.5041 -63.1055 -145.729 6.4 1.3 0.8 2.7
2002.5068 -63.9565 -148.617 2.1 1.3 0.9 2.7
2002.5096 -58.4577 -147.395 -1.8 1.3 0.8 2.7
2002.5123 -60.4871 -147.506 2.7 1.3 0.8 2.6
2002.5151 -63.8256 -146.84 8.2 1.3 0.8 2.6
2002.5178 -64.2839 -148.395 3.7 1.3 0.8 2.6
2002.5205 -63.3019 -149.839 5.6 1.3 0.9 2.8
2002.5233 -57.8031 -147.617 8.3 1.3 0.8 2.6
2002.5260 -70.2409 -151.505 6.2 1.3 0.8 2.6
2002.5288 -65.0039 -149.506 18.4 1.4 0.9 2.6
2002.5315 -66.9678 -148.173 12.2 1.3 0.8 2.6
2002.5342 -65.724 -147.729 16.2 1.3 0.9 2.6
2002.5370 -60.8144 -152.949 13 1.4 0.9 2.8
2002.5397 -64.6112 -147.506 4.1 1.3 0.8 2.6
2002.5425 -64.0875 -148.395 5.6 1.3 0.8 2.6
2002.5452 -66.7714 -146.507 8.8 1.4 0.9 2.7
2002.5479 -67.2951 -146.507 8.8 1.3 0.9 2.7
2002.5507 -60.9453 -148.173 6.5 1.3 0.8 2.6
2002.5534 -57.8686 -148.395 -13.3 1.3 0.9 2.6
2002.5562 -61.469 -147.729 -5.7 1.2 0.8 2.6
2002.5589 -62.5164 -151.172 8.7 1.3 0.9 2.6
2002.5616 -60.9453 -148.062 3.3 1.3 0.9 2.7
2002.5644 -61.6654 -149.506 -5.6 1.3 0.8 2.6
2002.5671 -61.9927 -149.172 7.2 1.3 0.9 2.7
2002.5699 -63.9565 -149.284 9.2 1.3 0.8 2.6
2002.5726 -62.4509 -148.95 3.8 1.3 0.8 2.6
2002.5753 -65.6586 -151.061 6.9 1.3 0.9 2.7
2002.5781 -60.8798 -146.951 6.5 1.3 0.9 2.7
2002.5808 -61.5999 -145.507 0.6 1.3 0.8 2.6
2002.5836 -62.9092 -150.95 7.8 1.3 0.8 2.6
2002.5863 -59.9634 -153.615 7.3 1.3 0.8 2.7
2002.5890 -52.2388 -152.171 4.4 1.3 0.9 2.6
2002.5918 -56.1011 -150.505 3.3 1.3 0.9 2.7
2002.5945 -65.1349 -149.061 6.4 1.3 0.8 2.6
2002.5973 -63.6292 -148.617 3.3 1.3 0.8 2.6
2002.6000 -62.7128 -150.283 8.8 1.4 0.9 2.7
2002.6027 -67.3606 -150.061 3.7 1.3 0.8 2.6
2002.6055 -62.0581 -149.061 5.2 1.3 0.8 2.6
2002.6082 -68.1461 -152.838 7.3 1.3 0.8 2.6
2002.6110 -64.3493 -150.394 14.9 1.3 0.8 2.6
2002.6137 -67.6879 -150.172 5 1.3 0.8 2.7
2002.6164 -68.2116 -149.284 7.9 1.3 0.9 2.8
2002.6192 -67.2297 -149.172 0.5 1.3 0.9 2.7
2002.6219 -66.3132 -148.173 2.8 1.4 0.9 2.9
2003.4822 -70.2409 -166.167 10 1.4 0.8 2.6
2003.4849 -67.4915 -171.498 13.1 1.3 0.8 2.6
2003.4877 -69.3899 -172.831 15.2 1.3 0.8 2.6
2003.4904 -65.1349 -172.054 17.3 1.3 0.8 2.6
2003.4932 -70.5682 -171.054 11.5 1.3 0.8 2.6
2003.4959 -67.8843 -179.385 10.2 1.3 0.8 2.6
2003.4986 -63.6947 -180.051 7.7 1.3 0.9 2.6
2003.5014 -68.0807 -170.388 15.3 1.3 0.9 2.6
2003.5041 -69.9791 -173.164 17.6 1.3 0.9 2.7
2003.5068 -68.0152 -173.164 12.6 1.4 1.0 2.8
2003.5096 -66.3786 -171.609 15.5 1.3 0.9 2.6
2003.5123 -70.2409 -172.831 9.6 1.3 0.9 2.6
2003.5151 -70.5682 -173.831 8.7 1.3 0.9 2.6
2003.5178 -69.3899 -174.164 22.7 1.3 0.9 2.6
2003.5205 -73.8413 -172.276 36.5 1.3 0.9 2.6
2003.5233 -68.0807 -169.832 18.8 1.3 0.9 2.7
2003.5260 -67.4915 -173.276 20 1.4 0.9 2.7
2003.5288 -61.2726 -172.72 20.6 1.4 0.9 2.6
2003.5315 -69.3244 -173.72 19.5 1.3 0.9 2.6
2003.5342 -63.7602 -174.497 11.4 1.4 0.9 2.7
2003.5370 -67.0333 -172.387 16.2 1.3 0.9 2.7
2003.5397 -59.1778 -175.608 1.8 1.3 0.9 2.6
2003.5425 -67.0333 -175.719 11.6 1.4 0.9 2.7
2003.5452 -68.0807 -175.164 12.8 1.4 0.9 2.7
2003.5479 -69.3899 -175.386 11.1 1.3 0.8 2.6
2003.5507 -68.277 -173.609 10.5 1.3 0.8 2.6
2003.5534 -72.7285 -173.498 0.5 1.4 0.9 2.7
2003.5562 -68.9317 -174.053 18.6 1.3 0.8 2.6
2003.5589 -65.9859 -168.277 18.2 1.3 0.8 2.6
2003.5616 -70.3064 -171.054 11.9 1.3 0.8 2.6
2003.5644 -63.6947 -171.276 13.6 1.3 0.8 2.6
2003.5671 -65.5931 -172.165 14.2 1.3 0.8 2.6
2003.5699 -65.2658 -172.831 10.5 1.3 0.9 2.6
2003.5726 -68.6044 -174.608 8.8 1.3 0.9 2.6
2003.5753 -79.8639 -172.387 7.8 1.3 0.9 2.7
2003.5781 -67.7534 -173.053 4.8 1.3 0.8 2.6
2003.5808 -65.8549 -174.831 6.9 1.3 0.8 2.6
2003.5836 -72.8594 -175.941 3.2 1.3 0.9 2.7
2003.5863 -67.7534 -172.498 -0.9 1.3 0.8 2.6
2003.5890 -64.022 -173.609 12.2 1.3 0.8 2.6
2003.5918 -67.8843 -173.942 9.9 1.3 0.8 2.6
2003.5945 -67.4915 -175.164 -4.6 1.2 0.8 2.5
2003.5973 -64.2184 -181.495 -3.1 1.2 0.8 2.5
2003.6000 -56.2975 -187.826 -24.6 1.2 0.8 2.5
2003.6027 -61.6654 -179.94 14.4 1.2 0.8 2.5
2003.6055 -59.5706 -177.718 3.5 1.2 0.8 2.5
2003.6082 -67.7534 -174.608 -0.9 1.2 0.8 2.5
2003.6110 -65.5931 -175.941 6.7 1.2 0.8 2.5
2003.6137 -70.961 -172.942 7 1.2 0.8 2.5
2003.6164 -70.11 -175.941 -1.2 1.2 0.8 2.5
2003.6192 -70.4373 -173.72 6.7 1.3 0.8 2.6
2003.6219 -67.0987 -175.497 7.3 1.2 0.8 2.5
2003.6247 -69.1281 -172.831 14.3 1.2 0.8 2.5
2003.6274 -70.6337 -172.276 0.8 1.2 0.8 2.5
2003.6301 -65.9204 -171.832 3.6 1.3 0.8 2.6
2003.6329 -75.0851 -175.275 20.8 1.2 0.8 2.5
2003.6356 -67.0987 -175.941 10.5 1.2 0.8 2.6
2003.6384 -70.3718 -175.719 5.5 1.2 0.8 2.5
2003.6411 -68.6044 -173.831 4.3 1.2 0.8 2.5
2003.6438 -70.961 -174.053 7 1.2 0.8 2.6
2003.6466 -67.2297 -175.83 10.4 1.2 0.8 2.5
2003.6493 -72.9249 -174.275 -0.1 1.5 1.0 2.9
2004.6740 -73.1867 -196.157 -5.5 1.6 1.0 3.0
2004.6767 -76.3944 -196.601 -3.1 1.9 1.2 3.4
2006.6575 -94.3965 -241.031 27.6 4.2 2.0 5.5
2006.6603 -83.7261 -240.92 26.9 1.3 0.9 2.7
2006.6630 -81.8277 -246.918 34.9 1.2 0.9 2.7
2006.6658 -82.6133 -255.248 31.8 1.3 0.9 2.7
2006.6685 -81.2386 -245.029 34.8 1.2 0.9 2.7
2006.6712 -81.5659 -246.362 34.6 1.3 0.9 2.8
2010.5753 -114.231 -334.111 27.4 1.3 0.9 2.9
2011.5479 -127.258 -360.991 54.4 1.4 0.8 2.5
2011.5507 -124.116 -356.77 36.2 1.3 0.8 2.4
2011.5534 -128.568 -362.879 27.2 1.3 0.8 2.4
2012.5397 -133.936 -384.649 52.6 1.3 0.8 2.3
2012.5425 -133.739 -380.095 33.2 1.3 0.8 2.3
2012.5452 -128.895 -380.762 43 1.4 0.9 2.5
2013.6000 -144.344 -411.085 49.1 1.3 0.8 2.5
2013.6027 -143.1 -406.753 41.8 1.3 0.8 2.4
2013.6055 -144.41 -406.309 36 1.3 0.8 2.4
2013.6082 -138.649 -409.974 57.3 1.3 0.8 2.4
2013.6110 -141.987 -407.642 51.4 1.3 0.8 2.4
2013.6137 -135.441 -409.197 44.9 1.3 0.8 2.4
2013.6164 -145.784 -409.419 40.7 1.5 0.9 2.7
