1999.5808 0 0 0 2.2 1.3 4.1
1999.5836 -0.291265 3.10932 -8.1 1.9 1.2 3.6
1999.5863 -0.174758 2.22094 4.6 1.9 1.3 3.6
1999.5890 0.932046 6.99597 -1 2.0 1.2 3.7
1999.5918 0 -0.111048 20.1 2.0 1.2 3.8
1999.5945 -3.55343 2.22094 6.6 1.9 1.3 3.6
1999.5973 -0.0582539 0.888378 3.4 2.1 1.3 3.8
1999.6000 -18.7574 -6.66283 19.5 1.9 1.3 3.5
1999.6027 -7.98064 -6.1076 14.6 2.0 1.3 3.6
1999.6055 -8.44667 1.44361 3.1 2.3 1.7 4.4
1999.6082 -7.74763 -4.33084 6.6 2.0 1.3 3.7
1999.6110 -9.78648 -3.88665 4.1 2.0 1.3 3.6
1999.6137 -4.01945 0.111047 9.3 1.9 1.3 3.7
1999.6164 -17.1263 -7.66226 15.7 2.1 1.4 3.9
1999.6192 -20.6215 -3.55351 3.2 2.0 1.3 3.7
1999.6219 -7.1651 -4.66398 6.5 2.2 1.4 4.2
1999.6247 -13.7477 -9.32796 18.7 2.3 1.6 4.4
2000.4685 -28.0196 -15.1024 15.6 2.0 1.3 4.0
2000.4712 -25.7478 -17.3234 6.5 2.0 1.3 3.7
2000.4740 -26.039 -13.8809 15.1 2.1 1.3 4.0
2002.5836 -33.5537 -36.3124 45.7 5.0 2.7 8.1
2002.5863 -39.5537 -40.7543 72 2.5 1.4 4.5
2002.5890 -43.2236 -47.084 67.6 2.1 1.4 4.0
2002.5918 -42.2916 -43.0863 64 2.2 1.3 4.2
2002.5945 -46.6606 -44.641 68.6 2.0 1.3 3.9
2002.5973 -42.2333 -40.088 66.2 2.0 1.3 3.9
2002.6000 -53.1849 -50.6375 89.3 2.1 1.4 4.0
2002.6027 -45.2042 -45.5293 60 2.1 1.3 3.9
2002.6055 -52.1946 -50.0823 72 2.1 1.3 3.9
2002.6082 -50.3305 -46.1956 55.6 2.0 1.3 3.9
2002.6110 -53.9422 -42.8642 59.8 2.1 1.3 3.9
2002.6137 -55.1072 -43.3084 95.7 3.0 2.0 5.5
2003.3973 -60.7578 -40.8654 79.3 2.1 1.4 4.2
2003.4000 -63.1461 -41.1985 78.3 2.0 1.3 4.1
2003.4027 -64.4277 -41.4206 72.2 2.2 1.4 4.6
2003.4055 -61.049 -38.6444 70.4 2.5 1.6 4.8
2003.4082 -59.1849 -42.1979 68.9 2.8 2.0 5.8
2005.4795 -80.622 -59.9655 111.1 1.7 1.2 3.5
2005.4822 -84.8744 -66.5173 122 1.7 1.2 3.4
2007.5753 -120.642 -89.9482 176 1.7 1.1 3.2
2007.5781 -113.943 -85.5063 169.4 1.7 1.2 3.3
2007.5808 -112.778 -85.6174 168.2 1.7 1.2 3.2
2007.5836 -115.923 -86.6168 173.2 1.7 1.2 3.3
2007.5863 -127.632 -94.8343 159.1 2.1 1.3 3.8
