2003.4000 0 0 0 2.0 1.9 4.7
2003.4630 4.19202 0.444066 -6.8 3.1 1.6 4.6
2003.4658 9.40767 3.10846 -2.8 1.4 1.1 3.3
2004.3945 7.70162 -20.094 -13.5 1.6 1.1 3.2
2004.3973 8.04283 -20.094 -14.6 1.4 1.0 3.0
2004.4000 9.5539 -16.6525 -18.4 1.3 1.0 3.0
2018.5562 -77.6986 -299.189 -8.6 1.7 1.1 3.6
2018.5589 -78.5272 -303.297 0.3 1.6 1.1 3.7
2018.5616 -80.7695 -299.523 -4.2 2.5 1.3 4.5
2019.5123 -84.7178 -307.96 -51.1 1.6 1.1 3.7
2019.5151 -92.4681 -309.07 -34.5 1.6 1.1 3.8
2019.5178 -94.8079 -311.401 -34 1.6 1.1 3.7
2019.5205 -103.874 -311.623 -31.4 2.4 1.5 4.9
2021.4438 -116.645 -363.135 -2.9 2.2 1.2 3.9
2021.4466 -117.279 -364.245 -21.1 1.7 1.2 3.7
2021.4493 -120.74 -366.354 -7.5 2.3 1.5 5.1
