1997.6027 0 0 0 2.1 1.8 5.9
1997.6055 0.343182 0.111018 -0.3 2.7 2.5 7.7
1998.3726 29.6116 -31.973 15.7 18.5 8.1 24.3
1998.3753 -2.69642 -23.4247 32.3 1.7 1.2 3.8
1998.3781 6.56947 -16.5416 32.9 2.1 1.4 4.3
1999.3836 -24.0717 -36.8578 33.2 10.3 4.7 15.0
1999.3863 -18.0905 -37.0798 51.9 1.8 1.2 4.1
1999.3890 -17.8944 -38.0789 45.6 2.5 1.9 5.5
2000.4027 -31.7197 -62.7248 58.5 2.2 1.8 5.9
2000.4055 -33.4847 -59.5053 45.4 2.1 1.7 5.6
2000.4082 -27.5525 -62.8358 46.3 2.2 1.6 5.7
2000.4110 -30.298 -65.1672 44.4 2.2 1.7 5.6
2000.4137 -31.3275 -53.0663 23.5 2.5 1.9 6.1
2000.4164 -31.2785 -60.9485 29 2.1 1.6 5.3
2000.4192 -24.2678 -58.9502 35.4 2.1 1.7 5.6
2001.7096 -37.1126 -91.3673 27.9 1.8 1.4 4.5
2001.7123 -34.8084 -89.702 43.9 2.0 1.4 4.7
2001.7151 -99.2284 -52.0671 61.3 19.7 14.9 25.0
2002.4329 -44.7116 -98.2503 35.6 2.4 1.8 6.6
2002.4356 -44.3194 -97.0292 28.8 1.9 1.5 5.0
2002.4384 -53.7324 -95.808 27.8 3.4 3.3 9.5
2002.8658 -18.7769 -162.307 58 2.2 1.6 5.0
2002.8685 -1.81396 -171.633 66.3 1.9 1.3 4.5
2002.8712 -9.31492 -170.745 55.5 1.8 1.4 4.2
2002.8740 -11.325 -180.736 60.6 2.2 2.0 5.3
2002.8767 -12.8448 -183.623 81.2 13.2 6.7 15.8
2002.8795 -9.8542 -166.859 46.7 5.3 3.8 10.1
2002.8822 -20.1987 -179.404 87 3.8 2.7 7.7
2002.8932 -24.3659 -174.297 88.2 37.7 28.3 66.1
2002.8959 -149.284 -77.046 285.1 288.1 40.2 73.4
2003.4247 -26.7681 -192.282 38.5 2.4 1.6 5.4
2003.4274 -21.8655 -192.837 19.8 2.1 1.4 5.2
2003.7644 -25.1012 -195.502 43.8 2.0 1.5 5.3
2003.7671 -27.6996 -199.054 54 2.1 1.5 5.4
2003.7699 -25.8366 -197.722 28.6 1.9 1.4 5.2
2004.3699 -19.7574 -210.045 36.7 1.9 1.2 4.4
2004.3726 -31.1314 -207.713 30.5 1.7 1.2 4.4
2004.8000 -32.4551 -219.703 49.8 1.6 1.1 3.8
2004.8027 -32.7493 -221.924 50.6 1.8 1.3 4.4
2004.8055 -27.8467 -224.255 47.4 1.9 1.2 4.2
2004.8082 -32.8964 -223.478 52.3 1.7 1.2 4.1
2004.8110 -28.8272 -223.034 46.8 1.6 1.1 3.8
2004.8137 -31.0334 -222.923 45.5 1.6 1.1 3.9
2004.8164 -34.5632 -219.148 57.7 1.6 1.2 3.9
2006.3562 -41.2308 -252.009 75.3 1.8 1.2 4.5
2006.3589 -42.5545 -253.675 77.1 1.8 1.2 4.3
2006.3616 -49.6142 -254.785 71.1 1.8 1.2 4.2
2007.4274 -55.0561 -269.994 28 1.9 1.2 4.4
2007.4301 -54.909 -270.216 56.5 1.8 1.1 4.1
2007.4329 -60.0567 -268.44 58.5 2.3 1.3 4.3
2008.2630 -70.156 -285.315 47.5 2.1 1.4 4.4
2008.2658 -65.3515 -290.31 46.1 1.8 1.2 3.9
2008.2685 -51.6733 -303.299 34.3 3.4 2.7 6.8
2009.2849 -73.6859 -307.518 54.1 1.9 1.2 4.5
2009.2877 -69.9109 -314.068 75.7 1.8 1.2 4.2
2009.2904 -70.6463 -313.18 72.5 1.7 1.2 4.1
2009.2932 -71.97 -313.957 80.3 1.8 1.2 4.1
2009.2959 -71.7739 -312.847 71.7 1.8 1.2 3.9
2009.2986 -71.2836 -311.182 74.6 1.8 1.2 4.0
2010.4466 -90.2566 -330.388 49.8 2.3 1.6 5.5
2010.4493 -97.8556 -332.386 59.8 1.9 1.3 4.5
2010.4521 -104.18 -340.601 69.4 1.9 1.3 4.3
2010.4548 -99.8167 -335.272 63.9 1.9 1.4 4.6
2011.5781 -100.454 -363.249 62.5 2.3 1.4 4.8
2011.5808 -97.2673 -357.476 45.5 1.9 1.3 4.5
2011.5836 -103.248 -354.589 63.5 1.9 1.2 4.5
2011.5863 -108.445 -343.599 78.8 3.8 2.2 7.6
2012.3479 -116.289 -372.352 95 1.7 1.2 4.2
2012.3507 -119.476 -376.127 101.6 1.7 1.2 4.3
2012.3534 -112.858 -376.238 84.2 1.7 1.2 4.1
2012.3562 -115.652 -374.795 91.5 2.1 1.6 4.7
2012.3589 -110.946 -368.578 88.6 1.9 1.3 4.5
2013.3644 -125.212 -403.326 76.7 1.7 1.2 4.2
2013.3671 -120.604 -400.106 70.2 1.9 1.4 4.4
2013.3699 -124.575 -403.215 80 2.0 1.4 4.8
2014.4329 -145.705 -413.54 67 2.2 1.5 5.0
2014.4356 -153.892 -422.754 79.6 2.4 1.6 5.5
2014.4384 -144.822 -418.424 66.9 2.0 1.5 4.8
2014.8438 -143.352 -420.645 102.1 1.9 1.4 4.5
2014.8466 -144.871 -415.094 97.8 1.8 1.2 4.2
2014.8493 -143.499 -416.204 94.1 1.6 1.1 3.8
2014.8521 -144.724 -419.09 73.7 1.9 1.3 4.1
2014.8548 -141.587 -418.646 93.8 2.0 1.3 4.7
2014.8575 -137.861 -411.43 113.6 2.0 1.4 4.9
2015.4438 -143.597 -438.963 68.7 2.3 1.4 5.0
2015.4466 -137.861 -436.964 59.4 2.1 1.3 4.7
2015.4493 -142.91 -437.852 68.5 2.1 1.3 4.7
2016.3863 -152.716 -440.628 74.6 2.3 1.5 5.2
2016.3890 -162.864 -443.181 104.6 2.3 1.6 5.1
2016.3918 -147.715 -440.184 66 2.1 1.4 4.7
2016.3945 -152.078 -447.178 81.6 2.1 1.5 4.9
2017.3863 -159.53 -471.602 96 2.0 1.3 4.5
2017.3890 -177.719 -471.935 85.9 2.0 1.2 4.3
2017.3918 -164.335 -467.827 69.8 2.0 1.2 4.5
2017.3945 -171.542 -472.379 97.4 2.2 1.5 5.3
2018.4356 -176.052 -505.018 89.9 2.2 1.4 5.0
2018.4384 -176.64 -506.572 91.2 2.2 1.4 4.9
2018.4411 -177.621 -503.797 85.5 2.2 1.4 5.0
2018.4438 -179.533 -503.242 104.1 2.8 1.8 5.8
2019.4329 -200.075 -515.009 76.9 2.3 1.6 5.3
2019.4356 -191.838 -512.789 83.3 2.2 1.4 4.9
2019.4384 -187.279 -513.233 83.4 2.2 1.5 4.9
2019.4411 -181.053 -513.455 82.6 2.6 1.6 5.6
2021.4493 -199.241 -546.538 101.2 2.4 1.9 5.6
2021.4521 -210.223 -551.09 112.8 2.4 1.8 5.6
2021.4548 -218.999 -561.637 118.5 2.5 1.9 5.7
2021.4575 -193.505 -549.203 87.4 2.4 1.8 5.6
2021.4603 -206.056 -553.977 103.9 2.4 1.8 5.6
2021.4630 -216.204 -567.299 140.1 4.8 3.2 10.8
