2002.6192 0 0 0 1.8 1.1 3.3
2006.6548 -22.3795 -99.3001 25.5 1.4 0.9 2.9
2006.6575 -19.8929 -97.4119 34.5 1.8 1.2 3.6
2010.4932 -54.2474 -186.493 45.2 1.5 0.9 2.8
2011.5589 -54.1819 -211.041 52.5 1.4 0.9 2.6
2011.5616 -51.5644 -210.596 39.8 1.4 0.8 2.6
2011.5644 -61.0528 -209.485 39.8 1.4 0.9 2.6
2011.5671 -65.5025 -209.819 39.7 1.4 0.9 2.6
2011.5699 -59.7441 -212.04 34.7 1.4 0.9 2.6
2012.5397 -65.7643 -235.033 48.5 1.4 0.8 2.6
2012.5425 -64.3247 -224.925 32.3 1.4 0.8 2.6
2012.5452 -61.9689 -228.923 30.5 1.4 0.8 2.6
2013.6192 -81.7309 -256.025 38.9 1.8 1.0 3.2
