1997.7699 0 0 0 1.5 1.0 2.9
1997.7726 0.436222 1.55448 -2.5 1.6 1.1 3.1
1997.7753 0.926971 0.666206 -3.8 1.6 1.0 3.0
1997.7781 2.78091 -2.33173 4.8 2.2 1.5 4.0
1998.4192 11.7235 -23.2062 25.7 1.4 1.0 2.8
1998.4219 4.36222 -18.2097 29.7 1.4 1.0 2.8
1998.4247 12.7595 -26.9814 30.3 1.4 1.1 2.8
1998.4274 13.85 -26.6483 21.6 1.5 1.1 3.0
1998.4301 91.334 59.2924 -1.3 85.3 27.6 90.6
1998.7562 16.5764 -45.4131 11.7 2.0 1.3 3.8
1999.4575 64.9971 -69.0635 22.3 65.8 13.6 32.6
1999.4603 4.08958 -64.5111 43.3 1.5 1.1 3.0
1999.4630 1.52678 -64.9552 39.4 1.6 1.1 3.1
1999.4658 5.01655 -62.1793 52.8 1.4 1.1 3.1
1999.4685 5.61636 -69.8407 47.8 1.5 1.1 3.0
1999.4712 4.96202 -66.9538 40.1 1.6 1.2 3.4
2000.4493 -11.1782 -102.596 69.6 4.1 2.1 6.2
2000.4521 -2.01753 -97.8214 49.6 1.4 1.2 3.0
2000.4548 1.5813 -99.82 53.5 1.4 1.0 2.9
2000.4575 0.0545272 -97.4883 48 1.4 1.1 2.9
2000.4603 5.61636 -99.82 53.9 1.4 1.1 2.9
2001.6986 -15.4314 -133.13 72.1 5.9 5.1 9.1
2001.7014 -5.45277 -138.349 75.7 1.7 1.1 3.2
2002.5041 -3.98052 -176.434 98.4 5.4 3.2 7.4
2002.5068 -2.01753 -167.218 86.3 1.4 1.0 3.3
2002.5096 0 -166.33 88.6 1.4 1.0 3.4
2003.6521 -16.8491 -208.745 117.4 1.6 1.0 3.2
2003.6548 -18.2123 -208.412 114.6 1.5 1.1 3.1
2003.6575 -18.9757 -208.856 112.3 1.4 1.0 3.2
2003.6603 -17.8306 -207.524 113.1 1.5 1.0 3.1
2003.6630 -12.7595 -204.748 114.5 2.7 1.8 5.3
2006.4329 -51.8559 -338.988 161.2 1.5 1.0 2.9
2006.4356 -49.8384 -336.99 159.7 1.4 0.9 2.7
2006.4384 -49.6748 -345.539 167 1.6 1.0 3.1
