1999.6603 0 0 0 96.0 57.5 229.2
1999.6630 -17.914 10.8813 -136.5 1.7 1.1 3.6
1999.6658 -9.87982 6.55099 -127.5 1.8 1.3 3.9
2002.5945 -101.838 94.8228 -200.5 15.8 9.1 19.5
2002.5973 -90.1669 65.3989 -160.6 1.2 1.0 3.1
2002.6000 -83.3271 63.7334 -153.9 1.3 1.0 3.3
2002.6027 -84.1956 67.6195 -155.3 1.2 1.0 3.2
2002.6055 -81.59 64.5106 -152.5 1.3 1.0 3.3
2002.6082 -84.0871 70.8395 -144.8 1.3 1.1 3.2
2002.6110 -83.2728 64.9547 -154.6 1.4 1.0 3.3
2002.6137 -83.4356 66.1761 -154.3 1.3 1.0 3.3
2002.6164 -81.1557 80.7215 -130.7 14.2 7.0 16.1
2003.5342 -124.529 94.7118 -154.6 1.4 1.1 3.6
2003.5370 -118.884 94.3787 -150.4 2.7 2.3 6.4
2006.4384 -200.419 161.332 -127.6 1.6 1.1 3.6
2006.4411 -204.002 160.666 -139.8 1.5 1.0 3.4
2006.4438 -202.645 160.999 -124.5 1.7 1.1 3.7
