2003.4521 0 0 0 1.7 1.2 3.4
2003.4548 -1.91028 -1.88729 4.4 1.5 1.1 3.2
2003.4575 -6.22064 0.999155 2.5 2.0 1.4 3.9
2003.4603 18.7599 -2.22034 -4.7 4.3 3.0 6.1
2003.8000 4.01648 -11.9899 -0.6 2.2 1.5 4.0
2003.8027 4.84916 -9.32545 -3.5 1.7 1.3 3.3
2003.8055 2.69398 -11.6568 -12.1 2.0 1.4 3.8
2003.8082 7.73907 -14.2102 -8.8 1.8 1.4 3.7
2003.8110 5.97574 -10.7687 -7.2 1.3 1.0 2.9
2003.8137 10.482 -11.3238 2.9 1.7 1.2 3.5
2003.8164 0.538796 -13.7661 -10.5 1.4 1.1 3.1
2003.8192 4.45731 -12.3229 -13.7 1.3 0.9 2.9
2003.8219 7.64111 -9.88053 -16.9 1.5 1.2 3.2
2003.8247 0.832684 -13.6551 -15 1.5 1.2 3.2
2003.8274 3.37972 -11.7678 -14.1 3.1 2.2 5.8
2003.8301 10.1392 -9.76951 -20.2 4.0 2.2 5.8
2003.8329 8.22888 -16.5416 -15.1 2.1 1.5 4.0
2003.8356 2.69398 -11.9899 -19.6 1.6 1.2 3.3
2003.8384 5.29 -14.7653 -12.9 1.5 1.0 3.0
2003.8411 4.35935 -16.2085 -8 1.3 1.0 2.9
2003.8438 -4.31037 -14.9873 18.2 3.5 2.5 6.3
2004.3699 8.66972 -28.7535 -5.4 1.4 1.0 3.1
2004.3726 5.24102 -26.4221 -18.7 1.4 1.0 3.2
2004.3753 4.35935 -29.3085 -21.8 1.4 1.0 3.1
2004.3781 6.17166 -28.6424 -7.1 1.3 1.0 3.1
2004.3808 7.34722 -28.6424 -12 1.3 1.0 3.0
2004.3836 6.22064 -26.9772 -25.3 1.4 1.0 3.1
2004.3863 4.40833 -27.1992 -19 1.4 1.1 3.3
2004.8110 3.03685 -32.417 2.2 1.4 1.1 3.3
2004.8137 3.03685 -33.8602 -3 1.4 1.0 3.2
2004.8164 8.08194 -33.9713 6.1 1.4 1.1 3.2
2004.8192 1.02861 -32.7501 1.2 1.6 1.2 3.5
2004.8219 2.88991 -31.0848 1.5 1.6 1.2 3.5
2006.8219 1.27352 -74.1595 -3.2 1.3 0.9 2.8
2006.8247 -1.27352 -73.1603 -1.5 1.4 0.9 2.9
2006.8274 5.24102 -73.8264 -21.4 2.5 1.8 5.4
2007.7562 0.0489809 -92.6994 7.8 1.6 1.1 3.0
2007.7589 3.28176 -89.3689 9.8 1.3 0.9 2.7
2007.7616 0.734722 -92.6994 19.9 1.3 0.9 2.6
2007.7644 -1.91028 -91.9222 11.9 1.3 0.9 2.6
2007.7671 -1.37148 -92.0333 11 1.3 0.9 2.6
2007.7699 -2.84092 -93.1434 9.2 1.4 1.0 2.9
2007.7726 2.49805 -91.0341 9.4 1.6 1.1 3.2
2008.5452 -8.91462 -117.234 -2.3 2.9 2.8 5.8
2008.5479 -11.0208 -117.9 18.9 1.6 1.2 3.4
2008.5507 -7.29824 -114.792 14.5 1.5 1.1 3.2
2008.5534 -3.52666 -117.678 15.4 1.5 1.1 3.2
2008.5562 -11.0208 -117.567 12.5 1.7 1.2 3.5
2008.5589 0.0979633 -115.791 16.9 2.7 1.9 5.5
2009.6904 -13.5679 -138.216 10.3 1.5 1.0 3.0
2009.6932 -11.2168 -137.994 8.7 1.5 1.0 3.0
2009.6959 -16.9966 -138.66 17 1.5 1.0 3.0
2009.6986 -17.2415 -137.883 15.9 1.5 1.0 3.0
2009.7014 -12.1474 -139.66 13.6 1.5 1.0 3.1
2009.7041 -15.6251 -137.55 8.2 2.0 1.3 3.9
2009.7068 -9.06157 -142.213 27.4 3.7 2.3 6.7
2009.7260 -11.1188 -143.878 7.3 4.1 2.6 6.6
2009.7315 -15.5761 -143.878 15.4 3.6 2.2 6.7
2009.7397 -6.56351 -139.327 -3.8 3.8 2.4 7.1
2009.7479 -14.2536 -139.216 9.8 3.6 2.3 6.7
2010.7205 -25.7642 -157.533 12.9 1.3 0.9 2.8
2010.7233 -23.805 -157.533 16.4 1.4 1.0 2.9
2010.7260 -19.4946 -156.09 21.8 1.4 1.0 2.9
2010.7288 -25.6663 -156.867 12.5 1.4 0.9 2.9
2010.7315 -26.0581 -158.866 14.8 1.4 1.0 2.9
2010.7342 -25.1275 -157.533 18.2 1.3 0.9 2.7
2010.7370 -25.9602 -157.755 12.1 1.3 0.9 2.8
2010.7397 -23.9029 -158.2 11.7 1.3 0.9 2.8
2010.7425 -26.2051 -159.643 14 1.4 1.0 2.8
2011.7205 -28.3113 -174.186 12.7 1.4 0.9 2.7
2011.7233 -30.2216 -176.85 10.1 1.3 0.9 2.6
2011.7260 -28.997 -175.851 7.9 1.3 0.9 2.6
2011.7288 -30.9073 -177.405 13.5 1.3 0.9 2.6
2011.7315 -30.3685 -179.182 10.4 1.3 0.9 2.7
2011.7342 -34.9728 -179.404 5.3 1.6 1.1 3.2
2011.7370 -32.8176 -178.627 10.5 1.7 1.1 3.2
2011.7397 -30.4175 -178.072 7.5 1.6 1.0 3.0
2012.6438 -30.9073 -198.166 7.7 1.3 0.9 2.8
2012.6466 -33.0135 -195.834 8.9 1.6 1.0 2.9
2012.6493 -34.0911 -195.945 8.8 1.5 1.0 2.8
2012.6521 -32.5727 -195.168 3.3 1.4 1.0 2.9
2012.6548 -34.8258 -192.282 0.6 1.5 1.0 3.1
2013.7342 -36.1483 -216.262 8.4 1.3 1.0 2.9
2013.7370 -44.2303 -219.148 6.1 1.3 0.9 2.7
2013.7397 -44.1813 -218.149 4.4 1.2 0.9 2.8
2013.7425 -43.5445 -218.815 9.9 1.2 0.9 2.8
2013.7479 -44.916 -218.815 0.7 4.7 2.1 7.4
2014.7123 -60.2472 -235.579 5.8 1.3 0.9 2.7
2014.7151 -56.8185 -233.247 8.4 1.3 0.9 2.7
2014.7178 -57.7981 -235.801 15.4 1.6 1.2 3.2
2014.7205 -54.6143 -233.802 9.1 1.3 0.9 2.7
2014.7233 -61.0309 -235.467 1.9 1.3 0.9 2.7
2014.7260 -60.688 -236.467 9.9 1.8 1.1 3.2
2015.6548 -59.9043 -257.56 -12.8 2.9 2.0 5.4
2015.6575 -58.9247 -255.673 -2.7 2.4 1.5 4.2
2015.6603 -55.7899 -256.561 4.5 1.4 0.9 2.8
2015.6630 -55.8878 -257.56 -5.2 1.3 0.9 2.8
2015.6658 -59.1696 -258.115 -6 1.4 1.0 3.1
2016.7726 -65.6351 -273.99 -4 1.3 0.9 2.9
2016.7753 -66.1739 -275.545 1.2 1.3 0.9 2.7
2016.7781 -63.9208 -275.323 0.9 1.3 0.9 2.8
2016.7808 -65.3413 -272.991 -6.1 1.3 1.0 2.9
2017.8055 -79.35 -297.97 19.1 1.3 0.9 2.9
2017.8082 -82.4848 -297.304 20.7 1.3 0.9 2.9
2017.8110 -80.4765 -297.637 11.8 1.3 0.9 2.9
2017.8137 -78.4193 -295.528 17.2 1.5 1.0 3.1
2017.8164 -89.2442 -299.635 20.8 1.5 1.0 3.1
2017.8192 -75.0396 -288.423 25 2.0 1.7 4.9
2018.5178 -81.3092 -310.071 -6 1.5 1.1 3.5
2018.5205 -81.0643 -310.959 -4.3 1.5 1.0 3.4
2018.5233 -76.509 -308.961 5.2 1.5 1.0 3.4
2018.5260 -77.7825 -310.737 7 1.8 1.2 3.9
2019.5205 -94.9261 -326.391 29.6 1.6 1.1 3.6
2019.5233 -95.3179 -326.391 28.1 1.9 1.2 3.9
2019.5260 -98.3548 -325.502 19.9 1.9 1.1 3.7
2021.4411 -112.608 -356.254 9.5 1.8 1.4 4.2
