2011.7233 0 0 0 1.7 1.0 3.1
2011.7260 9.14617 3.10879 -18.2 1.6 1.0 3.0
2011.7288 1.68205 4.88524 -15.1 1.6 1.0 2.9
2011.7315 -6.62309 4.99627 -16.2 2.5 1.4 4.1
2012.5096 -4.78334 -6.21758 -7.8 1.5 0.9 2.8
2012.5123 -9.04104 -4.21907 -11.2 1.5 0.9 3.0
2012.5151 -10.1449 -5.99552 -3 1.6 1.0 3.3
2013.6411 -27.1757 -17.4314 0.6 1.6 1.0 3.0
2013.6438 -29.6988 -17.4314 -7 1.8 1.1 3.1
2013.6466 -28.227 -18.4307 -13.3 1.7 1.0 3.0
2013.6493 -32.8526 -15.766 -13.1 1.7 1.0 3.0
2013.6521 -32.9052 -18.7638 -6.4 2.7 1.3 4.5
2015.6110 -49.9885 -41.4135 8.5 3.3 1.8 5.4
2015.6137 -51.0924 -42.5238 10.8 1.7 1.0 3.1
2015.6164 -49.0949 -44.9664 18.3 1.7 1.0 3.2
2015.6192 -48.6744 -43.7451 17.1 1.7 1.0 3.2
2015.6219 -54.3514 -42.9679 10.2 2.1 1.1 3.6
2015.6247 -49.3052 -44.6333 18.2 2.5 1.5 4.1
2017.3425 -48.4116 -65.5066 16.1 1.8 1.0 3.3
2017.3452 -50.3039 -64.3963 3.6 1.6 1.0 3.0
2021.5205 -105.549 -120.244 39.5 1.8 1.2 3.5
2021.5233 -106.705 -122.02 45.1 1.7 1.1 3.4
