1997.7151 0 0 0 3.1 1.6 5.5
1997.7178 -12.3977 -3.55257 -7.7 2.0 1.4 4.6
1997.7205 -12.3485 0.55509 -22.9 2.4 1.7 5.3
1997.7233 -17.6619 -0.99916 -18.6 2.2 1.5 5.2
1997.7260 -11.1678 -1.11018 -8.9 2.1 1.4 4.7
1998.7014 -27.6981 -23.4248 -40.2 7.7 3.8 12.9
1998.7041 -24.5987 -23.4248 -22.2 2.1 1.6 5.1
1998.7068 -25.0907 -22.0926 -27.4 2.5 1.8 6.0
1999.4110 -29.666 -41.6317 -29.3 1.9 1.3 3.8
1999.4137 -31.6339 -42.4088 -26 1.7 1.3 3.7
2000.3644 -16.3827 -54.0657 -45 16.2 7.7 17.9
2000.3671 -38.8659 -59.1725 -43.3 1.9 1.3 3.8
2000.3699 -44.5236 -57.6183 -11.6 16.2 7.1 21.3
2000.5863 -45.9012 -59.7276 -41.5 2.2 1.5 4.4
2000.5890 -43.2445 -63.8353 -26.7 3.3 2.2 5.7
2002.6438 -66.2197 -99.583 -8.2 1.9 1.2 3.9
2002.6466 -74.1897 -96.2525 -16.8 1.8 1.2 3.9
2002.6493 -66.3181 -100.36 -17.1 1.9 1.3 4.0
2002.6521 -70.1063 -98.6949 -11.9 1.9 1.4 4.1
2002.6548 -65.1865 -100.027 -6.9 2.9 1.5 5.0
2002.8438 389.053 -498.359 10.7 2.7 1.9 5.1
2002.8466 391.808 -500.802 -6.2 2.1 1.4 4.1
2002.8493 389.2 -509.683 -13.5 1.9 1.4 3.8
2002.8521 395.695 -511.237 -13.3 1.6 1.2 3.4
2002.8548 400.27 -512.791 -16.4 1.5 1.1 3.3
2002.8575 400.762 -516.233 -0.5 1.5 1.1 3.3
2002.8603 401.992 -518.786 -11.1 1.6 1.2 3.4
2002.8630 399.975 -522.339 -2.2 1.7 1.2 3.5
2002.8658 401.303 -517.676 -9.8 1.8 1.2 3.5
2002.8685 403.96 -522.561 -14.4 1.6 1.1 3.3
2002.8712 404.255 -524.448 -14.1 1.4 1.1 3.1
2002.8740 406.764 -527.89 -6 1.5 1.2 3.3
2002.8767 410.7 -523.449 -22.2 1.6 1.2 3.4
2003.3808 436.578 -566.524 -34.1 2.2 1.5 4.5
2003.6384 426.246 -581.4 -37.7 6.4 3.4 7.8
2003.8521 435.544 -583.732 -7.7 2.2 1.4 4.8
2006.8384 445.138 -658.003 -2.1 1.5 1.0 3.1
2007.3699 448.533 -672.657 -5.8 1.7 1.0 3.3
