1995.4603 0 0 0 1.6 1.2 3.3
1995.4630 -4.1012 1.33245 -7.3 1.6 1.1 3.0
1995.4658 -5.59758 -0.666225 7.3 1.6 1.3 3.3
1995.4685 -12.1928 -0.44415 -4.1 1.6 1.2 3.2
1995.4712 -6.65059 -0.999337 3 1.5 1.1 3.0
1995.4740 -5.93011 -0.333112 1 1.6 1.1 3.1
2000.6219 -158.672 53.298 44 2.1 1.5 4.9
2000.6247 -158.395 55.9629 41.2 2.3 1.7 5.0
2005.5123 -319.672 165.335 66.5 2.8 1.8 5.5
2005.5151 -321.39 168.222 64.7 1.3 0.9 2.7
2005.5178 -320.725 166.112 68.7 1.3 0.9 2.7
2005.5205 -318.453 166.001 69 1.7 1.1 3.1
2006.5041 -344.113 185.322 61.2 1.2 0.8 2.6
2006.5068 -347.66 186.543 62.5 1.2 0.8 2.6
2006.5096 -347.992 187.098 59.1 1.3 0.9 2.6
2006.5123 -346.718 190.873 58.4 2.2 1.4 4.2
2007.5397 -377.754 208.306 65.9 1.2 0.9 2.5
2007.5425 -381.467 208.973 63.1 1.2 0.8 2.4
2007.5452 -379.638 210.86 61.6 1.2 0.8 2.4
2007.5479 -383.019 211.082 75.1 1.4 0.9 2.8
2008.5342 -416.493 230.736 70.4 1.1 0.9 2.4
2008.5370 -417.214 230.514 64.5 1.1 0.9 2.4
2008.5397 -414.664 231.291 57.8 1.1 0.9 2.4
2008.5425 -413.944 232.846 56.9 1.1 0.9 2.3
2008.5452 -416.272 230.847 69.1 1.1 0.9 2.4
2008.5479 -401.086 233.179 66.5 1.6 1.0 3.1
