2008.6384 0 0 0 1.1 0.9 2.6
2008.6411 1.93307 1.55445 0.1 1.2 0.9 2.6
2008.6438 -1.82567 -0.444127 3 1.1 0.9 2.6
2009.6548 -7.73227 -7.66119 19.4 1.2 0.9 2.8
2009.6575 -7.03422 -8.43842 13.1 1.2 0.9 2.7
2009.6603 -5.15485 -7.77223 9.8 1.2 0.9 2.7
2009.6630 -8.59141 -7.77223 16.9 1.3 0.9 2.8
2009.6658 -8.05445 -8.54945 17.9 1.2 0.9 2.9
2010.5918 -32.2178 -23.0946 25.3 1.4 1.0 3.1
2010.5945 -27.1167 -16.2106 35.6 1.2 0.9 2.8
2011.5507 -28.0832 -27.4249 32.5 1.1 0.8 2.5
2011.5534 -28.5128 -27.6469 32.3 1.1 0.8 2.5
2011.5562 -23.8949 -25.7594 31.5 1.1 0.8 2.5
2011.5589 -28.1906 -23.2056 30.6 1.2 0.9 2.8
2012.5288 -31.6808 -43.5245 42.7 1.1 0.8 2.5
2012.5315 -38.8225 -40.9707 37.5 1.1 0.8 2.5
2012.5342 -36.1913 -40.8597 47.5 1.1 0.8 2.5
2012.5370 -37.8022 -40.4156 34.2 1.1 0.8 2.5
