2008.6329 0 0 0 1.3 1.0 2.6
2008.6356 0.656334 0.66621 1.1 1.2 0.9 2.5
2008.6384 -0.9845 0.777245 2.8 1.5 1.0 3.1
2010.6055 -20.1275 -9.77109 54 1.3 0.9 2.8
2010.6082 -19.4712 -11.2145 57.1 1.1 0.9 2.6
2010.6110 -17.5569 -8.66073 46.7 1.2 0.8 2.6
2010.6137 -19.1977 -10.2152 58.6 1.2 0.8 2.5
2011.5671 -31.7775 -25.0939 74.2 1.2 0.9 2.6
2011.5699 -31.504 -25.205 74.8 1.2 0.8 2.6
2011.5726 -30.8477 -25.5381 76 1.2 0.9 2.6
2011.5753 -29.8632 -25.5381 74.8 1.2 0.8 2.5
2011.5781 -33.5277 -26.8705 76.2 1.2 0.8 2.5
2011.5808 -30.9024 -27.4257 79 1.6 1.0 3.1
2012.5260 -40.4192 -35.8643 74.9 1.2 0.9 2.5
2012.5288 -36.3171 -35.4202 75 1.2 0.8 2.5
2012.5315 -43.7555 -37.3078 77.5 1.4 1.0 3.0
