2001.4658 0 0 0 51.6 18.1 34.4
2001.4685 -108.755 -38.7511 -24 2.4 1.6 4.1
2001.4712 -110.664 -42.4152 -25.4 2.3 1.5 3.9
2001.4740 -112.191 -38.529 -24.8 2.1 1.4 3.8
2001.4767 -111.318 -37.3076 -28.5 2.2 1.5 3.7
2001.4795 -111.209 -37.7518 -30.8 2.2 1.4 3.8
2001.4822 -112.845 -41.86 -18.5 2.3 1.5 3.8
2001.4849 -114.7 -38.7511 -21 2.3 1.5 4.1
2001.4877 -114.973 -40.9718 -12.9 2.4 1.5 4.2
2008.6027 -148.679 -280.029 57.3 1.7 1.1 3.1
2008.6055 -146.334 -276.809 58.3 1.6 1.0 2.9
2009.1616 -149.606 -283.804 59.8 1.5 1.0 2.8
2009.1644 -150.152 -282.805 57.9 1.5 0.9 2.8
2009.1671 -147.697 -282.361 58.4 1.5 1.0 2.8
2009.1699 -147.97 -281.362 57.6 1.6 1.0 2.8
2009.1726 -146.825 -282.916 58.7 1.5 1.0 2.8
2009.1753 -144.807 -283.36 49.5 1.5 1.0 2.8
2009.1781 -150.806 -277.364 50.2 1.6 1.0 2.8
2009.1808 -149.824 -276.032 54.5 1.5 0.9 2.8
2009.1836 -148.079 -281.695 52.5 1.5 1.0 2.8
2009.1863 -148.952 -282.028 47.8 1.5 1.0 2.8
2009.1890 -153.915 -288.69 45.9 1.5 1.0 2.8
2009.1918 -148.134 -288.468 68.5 1.5 1.0 2.8
2009.1945 -143.988 -285.914 55 1.5 1.0 2.8
2009.1973 -146.116 -284.915 68.2 1.5 0.9 2.8
2009.2000 -148.515 -283.471 64.4 1.5 1.0 2.8
2009.2027 -146.77 -282.139 61.3 1.5 1.0 2.8
2009.2055 -146.552 -283.249 57.1 1.5 1.0 2.8
2009.2082 -145.843 -283.471 65.4 1.5 1.0 2.8
2009.2110 -148.57 -284.471 59.8 1.5 0.9 2.7
2009.2137 -142.352 -283.693 62.7 1.6 1.0 2.9
2009.2164 -138.698 -282.25 57.8 1.5 1.0 2.8
2009.2192 -143.007 -285.359 62.4 1.5 1.0 2.8
2009.2219 -141.807 -282.805 57.2 1.5 1.0 2.8
2009.2247 -147.534 -287.468 54.3 1.5 1.0 2.8
2009.2274 -146.17 -292.354 63.7 1.5 1.0 2.8
2009.2301 -140.716 -295.13 53.6 1.5 1.0 2.8
2009.2329 -147.697 -291.022 49.1 1.5 1.0 2.8
2009.2356 -148.134 -294.908 51.8 1.5 1.0 2.8
2009.2384 -146.661 -297.128 48.7 1.5 1.0 2.8
2009.2411 -144.207 -299.349 50.7 1.5 1.0 2.9
2009.2438 -151.188 -301.348 49.5 1.5 1.0 2.8
2009.2466 -153.37 -301.237 49.1 1.5 1.0 2.8
2009.2493 -156.424 -300.793 40.1 1.5 1.0 2.8
2009.2521 -157.569 -302.902 41.7 1.5 1.0 2.9
2009.2548 -153.37 -304.124 44.1 1.5 1.0 2.9
2009.2575 -148.352 -302.014 36.1 1.6 1.0 2.9
2009.2603 -153.697 -307.455 43.2 1.5 1.0 2.8
2009.2630 -153.915 -307.455 39.7 1.5 1.0 2.8
2009.2658 -154.624 -307.566 43.1 1.5 1.0 2.8
2009.2685 -156.424 -307.677 40.7 1.5 1.0 2.8
2009.2712 -154.788 -310.342 44.6 1.5 1.0 2.8
2009.2740 -150.533 -309.453 36 1.5 1.0 2.8
2009.2767 -156.315 -310.897 40.9 1.5 1.0 2.8
2009.2795 -158.006 -309.564 30.7 1.5 1.0 2.8
2009.2822 -150.206 -311.008 35.4 1.5 1.0 2.9
2009.2849 -150.697 -310.231 38 1.5 1.0 2.8
2009.2877 -155.551 -311.341 36.9 1.5 1.0 2.9
2009.2904 -161.987 -310.231 39.6 1.5 1.0 2.8
2009.2932 -161.823 -312.562 31.6 1.6 1.0 2.9
2009.2959 -153.533 -310.564 29.5 1.5 1.0 2.8
2009.2986 -154.515 -312.895 36.3 1.5 1.0 2.8
2009.3014 -160.133 -311.008 31.6 1.5 1.0 2.8
2009.3041 -157.515 -313.451 42.1 1.6 1.0 3.0
2009.3068 -154.678 -315.116 35.6 1.5 1.0 2.8
2009.3096 -159.205 -316.893 25.5 1.5 1.0 2.8
2009.3123 -164.332 -311.674 22.7 1.5 0.9 2.8
2009.3151 -159.369 -315.338 30.4 1.5 1.0 2.8
2009.3178 -164.332 -315.671 12.4 1.7 1.0 3.1
2009.3205 -160.351 -312.895 23.3 1.5 1.0 2.8
2009.3233 -159.26 -313.34 30.4 1.5 0.9 2.8
2009.3260 -161.605 -314.783 32.1 1.5 1.0 2.9
2009.3288 -158.387 -314.45 30.5 1.6 1.0 2.9
2009.3315 -158.824 -315.338 27.8 1.5 1.0 2.8
2009.3342 -160.678 -314.228 30.3 1.5 1.0 2.9
2009.3370 -156.969 -312.784 36.4 1.5 1.0 2.8
2009.3397 -160.733 -314.561 30.8 1.5 1.0 2.8
2009.3425 -159.587 -319.446 33.7 1.5 0.9 2.8
2009.3452 -162.751 -318.669 44.9 1.5 1.0 2.8
2009.3479 -160.024 -313.006 32.8 1.5 1.0 2.8
2009.3507 -158.278 -315.227 34.9 1.5 1.0 2.9
2009.3534 -159.369 -317.67 33.1 1.5 1.0 2.8
2009.3562 -155.878 -317.004 38.3 1.5 1.0 2.8
2009.3589 -160.242 -316.671 26.4 1.5 1.0 2.8
2009.3616 -160.133 -313.562 34.2 1.5 1.0 2.9
2009.3644 -162.096 -314.228 29.7 1.5 1.0 2.8
2009.3671 -160.842 -315.227 29.2 1.5 1.0 2.8
2009.3699 -159.314 -315.893 27.9 1.5 1.0 2.8
2009.3726 -160.733 -315.449 33.6 1.6 1.0 2.9
2009.3753 -160.623 -317.67 36.4 1.5 1.0 2.8
2009.3781 -163.95 -318.336 37.4 1.5 1.0 2.8
2009.3808 -163.732 -315.893 23 1.5 1.0 2.9
2009.3836 -160.405 -319.335 32.2 1.5 1.0 2.8
2009.3863 -158.824 -318.78 29.4 1.5 1.0 2.8
2009.3890 -159.042 -316.56 23.3 1.5 1.0 2.8
2009.3918 -158.878 -316.56 23.9 1.5 1.0 2.8
2009.3945 -158.551 -317.226 30 1.5 1.0 2.8
2009.3973 -157.515 -316.337 32.3 1.5 1.0 2.9
2009.4000 -159.642 -320.002 35.3 1.5 1.0 2.8
2009.4027 -161.769 -316.115 34 1.5 1.0 2.8
2009.4055 -166.296 -312.229 21.1 1.5 1.0 2.9
2009.4082 -147.152 -318.447 18.1 1.5 1.0 2.8
2009.4110 -159.642 -322 33.3 1.5 1.0 2.9
2009.4137 -156.206 -317.448 18.8 1.5 1.0 2.9
2009.4164 -160.351 -319.891 18.9 1.5 1.0 2.8
2009.4192 -149.224 -326.109 -12.6 1.6 1.0 2.9
2009.4219 -157.733 -319.891 16.7 1.5 1.0 2.8
2009.4247 -154.079 -317.448 28.6 1.5 1.0 2.9
2009.4274 -157.733 -313.006 27.1 1.5 1.0 2.9
2009.4301 -159.587 -316.226 32.7 1.9 1.1 3.4
2009.4329 -154.678 -318.558 42.3 1.5 1.0 2.8
2009.4356 -158.987 -319.557 29.4 1.5 1.0 2.8
2009.4384 -155.987 -314.894 31 1.6 1.0 2.9
2009.4411 -155.824 -316.56 36.8 1.5 1.0 2.8
2009.4438 -155.715 -319.113 36.2 1.5 1.0 2.8
2009.4466 -158.387 -318.336 32 1.5 1.0 2.8
2009.4493 -160.242 -316.56 44.8 1.5 1.0 2.8
2009.4521 -153.806 -318.891 43.9 1.5 1.0 2.8
2009.4548 -158.987 -318.669 42.3 1.5 1.0 2.8
2009.4575 -158.605 -319.113 43.3 1.5 1.0 2.8
2009.4603 -161.551 -320.89 38.8 1.5 1.0 2.8
2009.4630 -155.497 -320.779 45.2 1.5 1.0 2.8
2009.4658 -156.26 -320.446 44.8 1.6 1.0 2.9
2009.4685 -158.878 -317.892 38.1 1.6 1.0 2.9
2009.4712 -156.151 -322.111 37.4 1.5 1.0 2.8
2009.4740 -155.388 -318.78 42.5 1.5 1.0 2.8
2009.4767 -156.806 -319.557 39.6 1.5 1.0 2.8
2009.4795 -155.115 -318.891 40.5 1.5 1.0 2.8
2009.4822 -159.26 -321.445 49.2 1.5 1.0 2.8
2009.4849 -158.115 -320.335 46.7 1.5 1.0 2.9
2009.4877 -158.333 -319.002 47.1 1.5 1.0 2.9
2009.4904 -159.805 -317.559 39.5 1.5 1.0 2.9
2009.4932 -160.514 -318.003 37.2 1.5 1.0 2.9
2009.4959 -160.733 -319.891 46.9 1.5 1.0 2.9
2009.4986 -156.806 -318.669 40.8 1.5 1.0 3.0
2009.5014 -157.024 -320.335 45.8 1.5 1.0 2.8
2009.5041 -154.951 -319.113 41.3 1.5 1.0 2.8
2009.5068 -158.006 -319.891 40.3 1.5 1.0 2.8
2009.5096 -156.642 -315.671 46.5 1.5 1.0 2.8
2009.5123 -157.569 -319.891 46.6 1.5 1.0 2.8
2009.5151 -156.533 -322.666 46.1 1.5 1.0 2.8
2009.5178 -156.806 -318.669 55.9 1.5 1.0 2.8
2009.5205 -156.86 -322.333 45.6 1.5 1.0 2.8
2009.5233 -154.133 -321.112 51.5 1.5 1.0 2.8
2009.5260 -156.697 -318.78 37.1 1.5 1.0 2.8
2009.5288 -156.533 -320.002 44.9 1.5 1.0 2.8
2009.5315 -161.442 -320.113 40.5 1.5 1.0 2.8
2009.5342 -154.406 -321.445 49.4 1.5 1.0 2.8
2009.5370 -161.005 -322 44.8 1.5 1.0 2.8
2009.5397 -159.205 -322.111 54 1.5 1.0 2.8
2009.5425 -161.442 -322.889 47 1.5 1.0 2.8
2009.5452 -155.878 -324.11 55.8 1.5 1.0 2.8
2009.5479 -156.86 -324.998 53.3 1.5 1.0 2.8
2009.5507 -154.951 -321.778 47.4 1.5 1.0 2.8
2009.5534 -154.733 -323.222 54.9 1.5 1.0 2.8
2009.5562 -150.152 -320.446 44.1 1.6 1.1 3.0
2009.5589 -154.242 -320.89 45.6 1.5 1.0 2.9
2009.5616 -154.733 -323.222 45.8 1.5 1.0 2.9
2009.5644 -153.588 -324.221 47.4 1.5 1.0 2.9
2009.5671 -160.46 -320.224 37 1.5 1.0 2.9
2009.5699 -158.551 -326.886 56.5 1.5 1.0 2.8
2009.5726 -155.224 -327.33 33.9 1.5 1.0 2.8
2009.5753 -162.096 -327.552 43.6 1.5 1.0 2.8
2009.5781 -159.042 -323.999 43.7 1.5 1.0 2.9
2009.5808 -155.388 -329.884 48.6 1.5 1.0 2.8
2009.5836 -159.478 -324.11 51.3 1.5 1.0 2.9
2009.5863 -159.151 -323.999 61.9 1.5 1.0 2.8
2009.5890 -158.387 -323.555 47.3 1.5 1.0 2.8
2009.5918 -167.714 -329.995 57.6 1.5 1.0 2.8
2009.5945 -157.624 -328.107 51.2 1.6 1.0 2.8
2009.5973 -159.424 -321.112 49.1 1.5 1.0 2.8
2009.6000 -157.842 -327.33 52.5 1.5 1.0 2.8
2009.6027 -158.987 -326.664 54.2 1.5 1.0 2.8
2009.6055 -157.46 -326.109 50.1 1.5 1.0 2.7
2009.6082 -160.787 -325.331 54.4 1.5 1.0 2.8
2009.6110 -157.951 -325.331 50 1.5 1.0 2.8
2009.6137 -157.624 -325.109 50 1.5 1.0 2.8
2009.6164 -158.769 -325.109 46 1.5 1.0 2.8
2009.6192 -157.133 -326.553 52.4 1.5 1.0 2.8
2009.6219 -156.533 -325.664 44.2 1.5 1.0 2.8
2009.6247 -158.715 -327.885 54.1 1.5 1.0 2.8
2009.6274 -158.769 -325.775 49.7 1.5 1.0 2.8
2009.6301 -156.26 -323.999 49.8 1.5 1.0 2.8
2009.6329 -161.005 -326.664 45.8 1.5 1.0 2.8
2009.6356 -157.896 -326.553 53.2 1.5 1.0 2.9
2009.6384 -157.242 -327.996 58.4 1.5 1.0 2.9
2009.6411 -159.26 -325.442 49.9 1.5 1.0 2.8
2009.6438 -159.042 -325.331 46.6 1.5 1.0 2.9
2009.6466 -157.678 -325.664 60.6 1.5 1.0 2.9
2009.6493 -159.151 -324.665 52.3 1.5 1.0 2.9
2009.6521 -156.587 -327.552 60.4 1.5 1.0 2.9
2009.6548 -155.169 -326.664 42.1 1.6 1.0 2.8
2009.6575 -152.442 -324.554 48.5 1.5 0.9 2.8
2009.6603 -155.715 -325.331 53.3 1.5 0.9 2.8
2009.6630 -158.551 -325.22 52 1.5 0.9 2.8
2009.6658 -160.024 -329.551 48.5 1.5 0.9 2.9
2009.6685 -164.55 -329.773 43.7 1.6 1.0 2.9
2009.6712 -148.624 -326.664 42.5 1.6 1.0 2.9
2009.6740 -156.915 -328.662 43.8 1.5 1.0 2.8
2009.6767 -159.151 -325.331 47.5 1.5 0.9 2.8
2009.6795 -157.733 -325.331 50.8 1.6 1.0 2.9
2009.6822 -156.642 -326.442 57.7 1.6 1.0 2.9
2009.6849 -154.024 -327.996 54.6 1.5 1.0 2.8
2009.6877 -153.26 -328.662 58.2 1.5 0.9 2.7
2009.6904 -155.333 -326.886 47.3 1.5 1.0 2.8
2009.6932 -149.443 -326.331 59.2 1.5 1.0 2.8
2009.6959 -153.642 -327.33 56.8 1.5 1.0 2.8
2009.6986 -155.824 -327.996 58.5 1.5 1.0 2.8
2009.7014 -154.951 -328.662 58.3 1.5 1.0 2.9
2009.7041 -155.06 -329.217 54.5 1.5 1.0 2.8
2009.7068 -154.569 -326.553 51.2 1.5 1.0 2.8
2009.7096 -151.297 -325.997 49.5 1.5 1.0 2.8
2009.7123 -148.297 -328.662 48.2 1.5 1.0 2.8
2009.7151 -158.278 -327.663 53.6 1.6 1.0 2.9
2009.7178 -154.297 -329.662 52.9 1.5 1.0 2.8
2009.7205 -155.224 -328.329 47.4 1.5 1.0 2.8
2009.7233 -154.733 -328.551 52.8 1.5 1.0 2.9
2009.7260 -161.551 -327.996 48.2 1.5 1.0 2.8
2009.7288 -155.715 -327.33 51.2 1.6 1.0 2.8
2009.7315 -158.66 -327.552 57.5 1.5 1.0 2.8
2009.7342 -168.423 -329.662 129.2 1.7 1.0 3.1
2009.7370 -162.369 -325.664 55.8 1.5 1.0 2.9
2009.7397 -156.915 -327.663 51.9 1.5 1.0 2.9
2009.7425 -154.951 -329.217 51.2 1.6 1.0 2.9
2009.7452 -157.951 -328.995 51.4 1.6 1.0 2.9
2009.7479 -156.587 -328.218 50.7 1.5 1.0 2.8
2009.7507 -164.06 -326.664 50.4 1.5 1.0 2.8
2009.7534 -158.987 -327.774 56.4 1.5 1.0 2.8
2009.7562 -157.515 -327.552 51.2 1.5 1.0 2.8
2009.7589 -160.405 -329.773 49 1.5 1.0 2.8
2009.7616 -159.805 -327.774 49.3 1.5 1.0 2.9
2009.7644 -159.26 -327.885 59.3 1.5 1.0 2.8
2011.6384 -162.26 -531.745 75.4 1.7 1.0 3.1
2011.6411 -158.66 -546.068 40.4 1.7 1.0 3.3
2011.6438 -170.877 -385.956 67.3 1.8 1.1 3.2
2011.6466 -120.699 -557.727 5.3 1.7 1.0 3.2
2011.6493 -167.114 -384.957 62.5 1.5 1.0 2.9
2011.6521 -166.787 -381.959 56.4 1.6 1.0 3.0
2011.6548 -161.387 -381.959 62.9 1.5 1.0 2.9
2011.6575 -167.168 -383.18 55.2 1.5 1.0 2.8
2011.6603 -168.532 -382.958 63.2 1.5 1.0 2.8
2011.6630 -165.696 -380.626 60.2 1.7 1.1 3.2
