2009.1616 0 0 0 1.5 1.0 2.8
2009.1644 -0.599953 0.999312 -1.8 1.5 0.9 2.8
2009.1671 1.8544 1.44345 -1.4 1.5 1.0 2.8
2009.1699 1.63624 2.44276 -2.2 1.6 1.0 2.8
2009.1726 2.7816 0.888277 -1.1 1.5 1.0 2.8
2009.1753 4.79962 0.444138 -10.2 1.5 1.0 2.8
2009.1781 -1.14536 6.44001 -9.6 1.6 1.0 2.8
2009.1808 -0.272706 7.77242 -5.3 1.5 0.9 2.8
2009.1836 1.58169 2.10966 -7.3 1.5 1.0 2.8
2009.1863 0.654493 1.77655 -11.9 1.5 1.0 2.8
2009.1890 -4.30875 -4.88552 -13.8 1.5 1.0 2.8
2009.1918 1.47261 -4.66345 8.8 1.5 1.0 2.8
2009.1945 5.61774 -2.10966 -4.7 1.5 1.0 2.8
2009.1973 3.54518 -1.11035 8.5 1.5 0.9 2.8
2009.2000 1.09082 0.333104 4.7 1.5 1.0 2.8
2009.2027 2.7816 1.66552 1.5 1.5 1.0 2.8
2009.2055 3.05431 0.666207 -2.6 1.5 1.0 2.8
2009.2082 3.76334 0.333104 5.7 1.5 1.0 2.8
2009.2110 0.981742 -0.666207 0.1 1.5 0.9 2.7
2009.2137 7.25398 0.222069 2.9 1.6 1.0 2.9
2009.2164 10.9082 1.55448 -2 1.5 1.0 2.8
2009.2192 6.59948 -1.55448 2.6 1.5 1.0 2.8
2009.2219 7.79939 0.999312 -2.6 1.5 1.0 2.8
2009.2247 2.12711 -3.66414 -5.5 1.5 1.0 2.8
2009.2274 3.38155 -8.54966 3.9 1.5 1.0 2.8
2009.2301 8.89021 -11.3255 -6.2 1.5 1.0 2.8
2009.2329 1.90894 -7.21725 -10.7 1.5 1.0 2.8
2009.2356 1.47261 -11.1035 -7.9 1.5 1.0 2.8
2009.2384 2.89068 -13.3241 -11 1.5 1.0 2.8
2009.2411 5.34503 -15.5448 -9.1 1.5 1.0 2.9
2009.2438 -1.63624 -17.5435 -10.2 1.5 1.0 2.8
2009.2466 -3.81788 -17.4324 -10.7 1.5 1.0 2.8
2009.2493 -6.81765 -16.9883 -19.6 1.5 1.0 2.8
2009.2521 -7.96301 -19.0979 -18.1 1.5 1.0 2.9
2009.2548 -3.7088 -20.3193 -15.7 1.5 1.0 2.9
2009.2575 1.19991 -18.2097 -23.6 1.6 1.0 2.9
2009.2603 -4.09059 -23.6504 -16.6 1.5 1.0 2.8
2009.2630 -4.36329 -23.5393 -20 1.5 1.0 2.8
2009.2658 -5.01779 -23.7614 -16.6 1.5 1.0 2.8
2009.2685 -6.81765 -23.8724 -19.1 1.5 1.0 2.8
2009.2712 -5.23595 -26.5373 -15.1 1.5 1.0 2.8
2009.2740 -0.981742 -25.649 -23.8 1.5 1.0 2.8
2009.2767 -6.70856 -27.0924 -18.9 1.5 1.0 2.8
2009.2795 -8.39934 -25.76 -29 1.5 1.0 2.8
2009.2822 -0.654493 -27.2035 -24.3 1.5 1.0 2.9
2009.2849 -1.09082 -26.4262 -21.8 1.5 1.0 2.8
2009.2877 -5.99953 -27.5366 -22.8 1.5 1.0 2.9
2009.2904 -12.3808 -26.4262 -20.2 1.5 1.0 2.8
2009.2932 -12.2718 -28.758 -28.1 1.6 1.0 2.9
2009.2959 -3.98151 -26.7593 -30.3 1.5 1.0 2.8
2009.2986 -4.90871 -29.0911 -23.5 1.5 1.0 2.8
2009.3014 -10.5264 -27.2035 -28.1 1.5 1.0 2.8
2009.3041 -7.85393 -29.6462 -17.6 1.6 1.0 3.0
2009.3068 -5.01779 -31.3117 -24.2 1.5 1.0 2.8
2009.3096 -9.59925 -33.0883 -34.3 1.5 1.0 2.8
2009.3123 -14.7261 -27.8697 -37.1 1.5 0.9 2.8
2009.3151 -9.81741 -31.5338 -29.3 1.5 1.0 2.8
2009.3178 -14.7261 -31.8669 -47.4 1.7 1.0 3.1
2009.3205 -10.7446 -29.0911 -36.4 1.5 1.0 2.8
2009.3233 -9.65379 -29.5352 -29.3 1.5 0.9 2.8
2009.3260 -11.9991 -30.9786 -27.7 1.5 1.0 2.9
2009.3288 -8.72659 -30.6455 -29.2 1.6 1.0 2.9
2009.3315 -9.21746 -31.5338 -32 1.5 1.0 2.8
2009.3342 -11.0173 -30.4235 -29.5 1.5 1.0 2.9
2009.3370 -7.36306 -28.869 -23.3 1.5 1.0 2.8
2009.3397 -11.1264 -30.7566 -28.9 1.5 1.0 2.8
2009.3425 -10.0356 -35.6421 -26.1 1.5 0.9 2.8
2009.3452 -13.199 -34.8649 -14.8 1.5 1.0 2.8
2009.3479 -10.4719 -29.2021 -27 1.5 1.0 2.8
2009.3507 -8.67205 -31.4228 -24.9 1.5 1.0 2.9
2009.3534 -9.76287 -33.8655 -26.6 1.5 1.0 2.8
2009.3562 -6.27224 -33.1993 -21.5 1.5 1.0 2.8
2009.3589 -10.6355 -32.8662 -33.4 1.5 1.0 2.8
2009.3616 -10.5264 -29.6462 -25.5 1.5 1.0 2.9
2009.3644 -12.4899 -30.4235 -30.1 1.5 1.0 2.8
2009.3671 -11.2355 -31.4228 -30.5 1.5 1.0 2.8
2009.3699 -9.70833 -32.089 -31.9 1.5 1.0 2.8
2009.3726 -11.0719 -31.6448 -26.2 1.6 1.0 2.9
2009.3753 -10.9628 -33.8655 -23.4 1.5 1.0 2.8
2009.3781 -14.3989 -34.5317 -22.3 1.5 1.0 2.8
2009.3808 -14.1262 -32.089 -36.7 1.5 1.0 2.9
2009.3836 -10.7992 -35.5311 -27.5 1.5 1.0 2.8
2009.3863 -9.16292 -34.9759 -30.3 1.5 1.0 2.8
2009.3890 -9.49016 -32.7552 -36.4 1.5 1.0 2.8
2009.3918 -9.272 -32.7552 -35.8 1.5 1.0 2.8
2009.3945 -8.94475 -33.4214 -29.7 1.5 1.0 2.8
2009.3973 -7.90847 -32.5331 -27.5 1.5 1.0 2.9
2009.4000 -10.0356 -36.1973 -24.5 1.5 1.0 2.8
2009.4027 -12.1627 -32.3111 -25.8 1.5 1.0 2.8
2009.4055 -16.6896 -28.4248 -38.6 1.5 1.0 2.9
2009.4082 2.39981 -34.6428 -41.7 1.5 1.0 2.8
2009.4110 -10.0356 -38.1959 -26.5 1.5 1.0 2.9
2009.4137 -6.54494 -33.6435 -41 1.5 1.0 2.9
2009.4164 -10.7992 -36.0862 -40.8 1.5 1.0 2.8
2009.4192 0.381789 -42.3042 -72.3 1.6 1.0 2.9
2009.4219 -8.12663 -36.0862 -43 1.5 1.0 2.8
2009.4247 -4.47238 -33.6435 -31.1 1.5 1.0 2.9
2009.4274 -8.18118 -29.2021 -32.7 1.5 1.0 2.9
2009.4301 -10.0356 -32.4221 -27.1 1.9 1.1 3.4
2009.4329 -5.01779 -34.7538 -17.5 1.5 1.0 2.8
2009.4356 -9.38108 -35.7531 -30.4 1.5 1.0 2.8
2009.4384 -6.38132 -31.0897 -28.8 1.6 1.0 2.9
2009.4411 -6.21769 -32.7552 -22.9 1.5 1.0 2.8
2009.4438 -6.10861 -35.309 -23.6 1.5 1.0 2.8
2009.4466 -8.78113 -34.5317 -27.7 1.5 1.0 2.8
2009.4493 -10.6355 -32.7552 -15 1.5 1.0 2.8
2009.4521 -4.19967 -35.0869 -15.8 1.5 1.0 2.8
2009.4548 -9.38108 -34.8649 -17.4 1.5 1.0 2.8
2009.4575 -8.99929 -35.309 -16.5 1.5 1.0 2.8
2009.4603 -11.9991 -37.0855 -21 1.5 1.0 2.8
2009.4630 -5.89045 -36.9745 -14.5 1.5 1.0 2.8
2009.4658 -6.65402 -36.6414 -14.9 1.6 1.0 2.9
2009.4685 -9.272 -34.0876 -21.7 1.6 1.0 2.9
2009.4712 -6.4904 -38.3069 -22.4 1.5 1.0 2.8
2009.4740 -5.78136 -34.9759 -17.3 1.5 1.0 2.8
2009.4767 -7.19943 -35.7531 -20.2 1.5 1.0 2.8
2009.4795 -5.5632 -35.0869 -19.3 1.5 1.0 2.8
2009.4822 -9.70833 -37.6407 -10.6 1.5 1.0 2.8
2009.4849 -8.50842 -36.5304 -13.1 1.5 1.0 2.9
2009.4877 -8.78113 -35.198 -12.6 1.5 1.0 2.9
2009.4904 -10.2537 -33.7545 -20.2 1.5 1.0 2.9
2009.4932 -10.9082 -34.1986 -22.5 1.5 1.0 2.9
2009.4959 -11.1264 -36.0862 -12.8 1.5 1.0 2.9
2009.4986 -7.25398 -34.8649 -18.9 1.5 1.0 3.0
2009.5014 -7.4176 -36.5304 -14 1.5 1.0 2.8
2009.5041 -5.39958 -35.198 -18.5 1.5 1.0 2.8
2009.5068 -8.39934 -36.0862 -19.4 1.5 1.0 2.8
2009.5096 -7.03581 -31.8669 -13.3 1.5 1.0 2.8
2009.5123 -7.96301 -36.0862 -13.2 1.5 1.0 2.8
2009.5151 -6.98127 -38.8621 -13.7 1.5 1.0 2.8
2009.5178 -7.19943 -34.8649 -3.9 1.5 1.0 2.8
2009.5205 -7.25398 -38.529 -14.1 1.5 1.0 2.8
2009.5233 -4.58146 -37.3076 -8.2 1.5 1.0 2.8
2009.5260 -7.09035 -34.9759 -22.7 1.5 1.0 2.8
2009.5288 -6.98127 -36.1973 -14.9 1.5 1.0 2.8
2009.5315 -11.8354 -36.3083 -19.3 1.5 1.0 2.8
2009.5342 -4.85416 -37.6407 -10.3 1.5 1.0 2.8
2009.5370 -11.3991 -38.1959 -15 1.5 1.0 2.8
2009.5397 -9.59925 -38.3069 -5.7 1.5 1.0 2.8
2009.5425 -11.8354 -39.0842 -12.7 1.5 1.0 2.8
2009.5452 -6.32678 -40.3055 -3.9 1.5 1.0 2.8
2009.5479 -7.25398 -41.0828 -6.4 1.5 1.0 2.8
2009.5507 -5.34503 -37.9738 -12.4 1.5 1.0 2.8
2009.5534 -5.12687 -39.4173 -4.9 1.5 1.0 2.8
2009.5562 -0.545412 -36.6414 -15.6 1.6 1.1 3.0
2009.5589 -4.58146 -37.0855 -14.1 1.5 1.0 2.9
2009.5616 -5.12687 -39.4173 -13.9 1.5 1.0 2.9
2009.5644 -4.03605 -40.4166 -12.3 1.5 1.0 2.9
2009.5671 -10.8537 -36.4193 -22.8 1.5 1.0 2.9
2009.5699 -8.94475 -43.0814 -3.3 1.5 1.0 2.8
2009.5726 -5.61774 -43.5255 -25.9 1.5 1.0 2.8
2009.5753 -12.4354 -43.7476 -16.2 1.5 1.0 2.8
2009.5781 -9.43562 -40.1945 -16 1.5 1.0 2.9
2009.5808 -5.78136 -46.0793 -11.2 1.5 1.0 2.8
2009.5836 -9.87195 -40.3055 -8.5 1.5 1.0 2.9
2009.5863 -9.59925 -40.1945 2.1 1.5 1.0 2.8
2009.5890 -8.78113 -39.7504 -12.5 1.5 1.0 2.8
2009.5918 -18.0531 -46.1904 -2.2 1.5 1.0 2.8
2009.5945 -8.01755 -44.3028 -8.5 1.6 1.0 2.8
2009.5973 -9.81741 -37.3076 -10.7 1.5 1.0 2.8
2009.6000 -8.23572 -43.5255 -7.2 1.5 1.0 2.8
2009.6027 -9.32654 -42.8593 -5.6 1.5 1.0 2.8
2009.6055 -7.85393 -42.3042 -9.7 1.5 1.0 2.7
2009.6082 -11.1809 -41.5269 -5.4 1.5 1.0 2.8
2009.6110 -8.3448 -41.5269 -9.8 1.5 1.0 2.8
2009.6137 -8.07209 -41.3049 -9.8 1.5 1.0 2.8
2009.6164 -9.16292 -41.3049 -13.8 1.5 1.0 2.8
2009.6192 -7.52668 -42.7483 -7.4 1.5 1.0 2.8
2009.6219 -6.98127 -41.86 -15.6 1.5 1.0 2.8
2009.6247 -9.10838 -44.0807 -5.7 1.5 1.0 2.8
2009.6274 -9.16292 -41.9711 -10.1 1.5 1.0 2.8
2009.6301 -6.59948 -40.1945 -9.9 1.5 1.0 2.8
2009.6329 -11.4536 -42.8593 -13.9 1.5 1.0 2.8
2009.6356 -8.3448 -42.7483 -6.5 1.5 1.0 2.9
2009.6384 -7.63576 -44.1918 -1.4 1.5 1.0 2.9
2009.6411 -9.65379 -41.638 -9.8 1.5 1.0 2.8
2009.6438 -9.43562 -41.638 -13.2 1.5 1.0 2.9
2009.6466 -8.07209 -41.86 0.9 1.5 1.0 2.9
2009.6493 -9.54471 -40.8607 -7.5 1.5 1.0 2.9
2009.6521 -7.03581 -43.7476 0.7 1.5 1.0 2.9
2009.6548 -5.50866 -42.8593 -17.6 1.6 1.0 2.8
2009.6575 -2.83614 -40.7497 -11.2 1.5 0.9 2.8
2009.6603 -6.10861 -41.5269 -6.4 1.5 0.9 2.8
2009.6630 -8.94475 -41.4159 -7.8 1.5 0.9 2.8
2009.6658 -10.4719 -45.7462 -11.3 1.5 0.9 2.9
2009.6685 -14.9443 -45.9683 -16.1 1.6 1.0 2.9
2009.6712 0.981742 -42.8593 -17.3 1.6 1.0 2.9
2009.6740 -7.36306 -44.858 -15.9 1.5 1.0 2.8
2009.6767 -9.49016 -41.5269 -12.3 1.5 0.9 2.8
2009.6795 -8.18118 -41.5269 -9 1.6 1.0 2.9
2009.6822 -6.98127 -42.6373 -2 1.6 1.0 2.9
2009.6849 -4.47238 -44.1918 -5.2 1.5 1.0 2.8
2009.6877 -3.7088 -44.858 -1.6 1.5 0.9 2.7
2009.6904 -5.78136 -43.0814 -12.4 1.5 1.0 2.8
2009.6932 0.218164 -42.5262 -0.6 1.5 1.0 2.8
2009.6959 -4.09059 -43.5255 -2.9 1.5 1.0 2.8
2009.6986 -6.21769 -44.1918 -1.3 1.5 1.0 2.8
2009.7014 -5.39958 -44.858 -1.4 1.5 1.0 2.9
2009.7041 -5.45412 -45.4131 -5.3 1.5 1.0 2.8
2009.7068 -5.01779 -42.7483 -8.6 1.5 1.0 2.8
2009.7096 -1.74532 -42.1931 -10.3 1.5 1.0 2.8
2009.7123 1.30899 -44.858 -11.5 1.5 1.0 2.8
2009.7151 -8.72659 -43.8587 -6.1 1.6 1.0 2.9
2009.7178 -4.636 -45.8573 -6.9 1.5 1.0 2.8
2009.7205 -5.5632 -44.5249 -12.3 1.5 1.0 2.8
2009.7233 -5.18141 -44.7469 -6.9 1.5 1.0 2.9
2009.7260 -11.89 -44.1918 -11.6 1.5 1.0 2.8
2009.7288 -6.10861 -43.5255 -8.5 1.6 1.0 2.8
2009.7315 -9.05384 -43.7476 -2.3 1.5 1.0 2.8
2009.7342 -18.8167 -45.8573 69.5 1.7 1.0 3.1
2009.7370 -12.8172 -41.86 -4 1.5 1.0 2.9
2009.7397 -7.30852 -43.8587 -7.9 1.5 1.0 2.9
2009.7425 -5.39958 -45.3021 -8.5 1.6 1.0 2.9
2009.7452 -8.39934 -45.1911 -8.4 1.6 1.0 2.9
2009.7479 -6.98127 -44.4138 -9 1.5 1.0 2.8
2009.7507 -14.4534 -42.8593 -9.4 1.5 1.0 2.8
2009.7534 -9.38108 -43.9697 -3.3 1.5 1.0 2.8
2009.7562 -7.90847 -43.7476 -8.5 1.5 1.0 2.8
2009.7589 -10.7992 -45.9683 -10.8 1.5 1.0 2.8
2009.7616 -10.1992 -43.9697 -10.4 1.5 1.0 2.9
2009.7644 -9.65379 -44.0807 -0.5 1.5 1.0 2.8
2011.6438 -21.2711 -102.152 7.5 1.8 1.1 3.2
2011.6466 28.9068 -273.922 -54.5 1.7 1.0 3.2
2011.6493 -17.4532 -101.152 2.7 1.5 1.0 2.9
2011.6521 -17.1805 -98.1546 -3.3 1.6 1.0 3.0
2011.6548 -11.7264 -98.1546 3.1 1.5 1.0 2.9
2011.6575 -17.5623 -99.3759 -4.6 1.5 1.0 2.8
2011.6603 -18.9258 -99.1539 3.5 1.5 1.0 2.8
2011.6630 -16.0896 -96.8221 0.5 1.7 1.1 3.2
