2003.4000 0 0 0 2.6 2.0 5.4
2003.4658 3.87916 -1.44325 0.2 3.3 1.9 6.7
2003.7808 1.64118 -7.21626 0 1.5 1.1 3.3
2003.7836 -0.0497338 -6.32811 0.1 2.4 1.5 4.5
2004.3726 8.60379 -19.2064 -24.8 1.9 1.2 3.9
2004.3753 6.26634 -20.8717 -18.7 1.9 1.3 4.1
2004.7863 9.05138 -23.8692 -25.6 2.4 1.7 4.8
2004.7890 8.65352 -20.3166 -41.3 2.0 1.4 4.3
2005.5096 1.69092 -44.0747 -20.1 2.0 1.2 4.2
2006.5918 21.037 -63.059 -14.3 1.9 1.2 3.7
2006.5945 10.4439 -63.3921 -25.6 1.8 1.1 3.5
2007.7260 8.40486 -75.1602 -7.3 2.4 1.5 5.0
2007.7288 6.9626 -78.4907 -20.3 2.1 1.4 4.8
2007.7315 14.0744 -79.2679 7.2 2.9 1.7 6.2
2008.5370 -8.20593 -107.8 -22.1 3.1 2.8 6.8
2008.5397 2.63584 -100.14 -8.8 1.8 1.1 3.4
2008.5425 0.596794 -99.5844 -10.1 1.8 1.2 3.4
2009.5315 -11.0407 -113.351 -41.1 2.1 1.5 5.4
2009.5342 -7.16153 -117.57 -34.4 2.2 1.5 5.4
2009.5370 -5.71928 -116.459 -22.7 2.2 1.5 5.8
2009.5397 -9.25031 -112.685 -55.9 2.2 1.5 5.1
2009.5425 -11.4386 -112.574 -11.9 3.3 2.0 7.3
2010.6712 -1.39252 -136.221 -38.6 2.0 1.3 4.5
2010.6740 5.12249 -129.782 -52.9 2.1 1.3 4.4
2010.6767 -3.7797 -130.337 -43.3 2.0 1.3 4.3
2010.6795 -3.53104 -137.553 -13.1 1.9 1.2 3.9
2010.6822 -0.0497338 -136.887 -37.6 2.7 1.7 5.8
2011.7205 -5.76901 -148.544 -22.3 2.8 1.8 6.1
2011.7233 -0.547062 -149.21 -14.6 2.1 1.4 4.6
2011.7260 -2.53638 -149.876 -30.2 2.1 1.4 4.4
2011.7288 -12.1348 -145.769 -55.2 2.0 1.3 4.1
2011.7315 -3.72997 -144.991 -38.2 2.0 1.3 4.3
2011.7342 -14.1241 -147.212 -42.9 2.0 1.3 4.3
2011.7370 -5.52035 -147.434 -46.8 2.8 1.6 4.9
2012.6466 -18.0033 -171.747 -44.7 2.3 1.4 4.7
2012.6493 -9.39951 -168.416 -39.9 2.1 1.3 4.2
2012.6521 3.72997 -174.523 -14.2 2.0 1.3 4.6
2013.7342 -10.792 -178.852 -36.4 2.4 1.8 5.7
2013.7370 -19.3958 -174.745 -44.6 1.9 1.3 4.2
2013.7397 -6.31607 -186.624 -36.6 1.9 1.2 4.3
2013.7425 -15.4669 -178.852 -36.7 1.9 1.2 4.2
2013.7452 -6.46527 -180.074 -31.8 2.1 1.3 4.3
2013.7479 -1.24332 -187.623 -5.3 5.3 2.1 8.1
2014.7315 -13.1295 -197.06 -22.6 2.2 1.4 4.2
2014.7342 -22.2306 -193.396 -41.7 1.8 1.1 3.6
2014.7370 -24.5183 -196.393 -28.9 2.1 1.4 4.2
2014.7397 -20.4899 -202.388 -27.7 3.8 2.4 6.2
2015.6219 -22.7279 -214.379 -62.4 4.3 2.2 6.9
2015.6247 -37.2499 -213.046 -69.4 2.4 1.6 5.2
2015.6274 -25.6124 -218.264 -27.2 3.3 1.7 6.1
2016.5945 -41.3778 -232.142 -95.8 3.9 2.2 7.9
2016.5973 -31.5306 -231.142 -80.3 2.8 1.8 6.8
2017.5699 -49.6831 -256.677 -72.3 3.0 2.2 8.7
2017.5726 -53.0152 -264.67 -37.7 2.7 1.8 6.7
2017.5753 -43.3173 -259.563 -22.1 2.6 1.8 6.8
2017.5781 -54.6067 -250.793 -94.4 2.8 2.0 8.1
2017.5808 -40.582 -255.789 -41.7 2.6 1.7 6.6
2017.5836 -36.7526 -261.229 -17.2 2.9 1.9 7.3
2018.5178 -63.7575 -277.771 -29.6 3.4 2.9 10.5
2018.5205 -59.2816 -293.091 -28.8 2.9 2.2 8.6
2018.5233 -64.5533 -294.868 9.4 2.8 2.5 9.1
2018.5260 -64.5035 -282.433 -35.4 3.0 2.3 8.9
2019.5123 -60.2762 -302.195 -32.5 2.6 2.2 8.0
2019.5151 -69.1287 -309.744 -20.2 3.1 2.7 10.1
2019.5178 -75.5442 -304.748 -86.3 3.2 2.4 8.9
2020.5260 -58.088 -314.296 -84.3 3.2 2.3 8.1
2020.5288 -65.6971 -306.858 -70.2 4.0 2.9 10.5
2021.4438 -77.1854 -335.834 -22.2 3.7 2.0 7.4
2021.4466 -89.2208 -327.063 -33.6 2.8 1.8 6.7
2021.4493 -73.4555 -318.737 -58.7 4.2 2.7 10.3
