1995.6274 0 0 0 1.8 1.5 4.4
1995.6301 -3.79082 0.999277 13.9 1.3 1.1 3.2
1995.6329 0.533919 4.44123 6.9 1.3 1.1 3.2
1995.6356 -0.640702 2.77577 13.1 1.4 1.2 3.6
1996.6493 -17.9397 -11.6582 30 1.6 1.1 3.6
1996.6548 -13.4547 -8.6604 32.6 1.6 1.1 3.4
1996.6575 -15.1633 -10.5479 34.3 1.4 1.0 3.0
1996.6603 -10.8919 -8.10525 36.9 1.3 1.0 3.0
1996.6630 -17.1388 -14.1009 31.1 1.7 1.1 3.5
1996.6658 -14.6294 -7.88319 31.1 1.5 1.0 3.2
1996.6685 -14.8963 -8.54937 28.5 1.4 1.2 3.3
1996.6877 -16.3379 -10.881 30.5 1.7 1.2 3.5
1996.6904 -17.032 -9.77071 29.4 1.4 1.0 3.0
1996.6932 -11.6394 -7.5501 30.9 1.5 1.0 3.3
1996.6959 -15.6438 -9.88174 34.6 1.6 1.1 3.3
1996.6986 -14.1488 -8.43834 34.7 1.7 1.1 3.7
1997.4329 -26.6959 -7.99422 42.5 19.8 11.0 19.7
1997.4356 -22.6915 -18.098 41.9 1.3 1.0 2.8
1997.4384 -29.0452 -15.8774 48.4 1.5 1.1 3.1
1997.4411 -25.0942 -19.2083 48 1.3 1.1 3.0
1997.4438 -21.8907 -16.7657 41.9 1.3 1.0 2.8
1997.4466 -25.3077 -19.6525 50.2 1.3 1.0 2.8
1997.4493 -26.2688 -18.6532 48.6 1.2 1.0 2.8
1997.4521 -25.0942 -14.545 58.3 1.2 1.0 2.8
1997.4548 -24.2933 -18.9863 50.8 1.2 1.0 2.7
1997.4575 -25.8417 -18.4311 52.4 1.2 1.0 2.8
1997.4603 -22.7983 -18.4311 50.5 1.2 1.0 2.8
1997.4630 -26.4824 -19.3194 46.8 1.5 1.2 3.4
1997.6575 -32.9962 -22.6503 48 1.7 1.2 3.3
1997.6603 -32.4623 -20.7628 41.4 1.5 1.1 2.9
1997.6630 -30.4334 -18.4311 48.5 1.5 1.2 3.1
1997.6986 -40.2575 -25.7592 52.1 4.9 4.1 7.9
1997.7014 -34.7047 -23.3165 38.9 1.6 1.2 3.3
1998.7123 -63.4829 -34.8637 192.4 137.8 115.4 90.9
1998.7151 -45.2763 -40.4152 65.1 1.8 1.1 3.4
1998.7178 -41.8592 -40.0821 65.2 1.6 1.0 2.9
1998.7205 -50.7757 -55.0713 65.8 3.0 2.0 5.5
1999.6959 -2562.81 179.093 720.5 3.3 3.0 7.2
1999.6986 -2572.79 182.313 715.9 1.7 1.0 3.0
1999.7014 -2578.93 176.095 713 2.0 1.2 3.2
1999.7041 -2600.5 193.971 648.4 37.9 36.2 58.4
2000.6329 -72.2926 -104.48 85.7 5.8 3.7 10.5
2000.6356 -76.3504 -106.923 74.7 1.7 1.3 3.7
2001.4767 -78.8598 -123.133 58.9 1.3 1.0 3.0
2001.4795 -76.0834 -124.132 54.2 1.3 1.0 3.0
2001.4822 -82.5438 -123.799 61.8 1.3 1.0 2.9
2001.4849 -72.7197 -126.464 66.3 3.6 3.0 6.5
2002.6822 -104.221 -126.353 82.6 2.7 2.7 6.2
2002.6849 -101.284 -129.906 71.1 1.4 1.0 3.0
2002.6877 -102.245 -130.017 80.1 1.3 1.0 2.9
2002.6904 -97.7071 -128.907 63.2 1.2 0.9 2.8
2002.6932 -96.2121 -130.905 77.4 1.8 1.2 3.4
2003.7315 -141.061 -154 86.1 1.3 0.9 2.9
2003.7342 -141.328 -157.553 88.5 1.3 1.0 2.9
2003.7370 -144.692 -157.109 81.4 1.2 0.9 2.8
2003.7397 -141.275 -156.776 80.9 1.1 0.9 2.7
2003.7425 -141.168 -156.22 82.6 1.1 0.9 2.7
2003.7452 -135.669 -160.662 83.6 1.1 0.9 2.6
2003.7479 -142.77 -158.219 96.1 1.2 0.9 2.7
2003.7507 -140.207 -163.659 92.6 1.1 0.9 2.6
2004.4767 -166.529 -159.218 76.4 3.3 1.8 5.6
2004.4795 -162.365 -156.22 85 3.0 1.7 5.4
2004.4849 -149.551 -159.662 88.1 3.8 1.9 5.8
