2002.6082 0 0 0 1.7 1.2 3.7
2002.6110 0.273321 0.555038 6.7 1.6 1.2 3.3
2002.6137 -2.82432 1.88713 10.9 1.8 1.3 3.5
2004.7151 -17.3103 -31.5261 3.9 1.7 1.6 3.6
2004.7178 -18.5403 -29.195 6.7 1.3 1.1 3.0
2004.7205 -18.7225 -28.1959 8.4 1.2 0.9 2.9
2004.7233 -23.1412 -28.8619 7.6 2.0 1.3 3.9
2005.4877 -25.8288 -42.0718 6.2 1.2 0.9 3.0
2005.4904 -23.0501 -40.8507 8.8 1.2 0.9 2.9
2005.4932 -24.28 -41.8498 2.2 1.3 0.9 3.0
2005.4959 -28.3798 -44.514 4.7 2.9 2.5 6.2
2006.6904 -47.7401 -64.4953 9 1.2 0.9 2.9
2006.6932 -47.9678 -66.0494 9.5 1.2 1.0 3.1
2006.6959 -48.4689 -63.2742 8.6 2.0 1.4 4.1
2009.6301 -76.8487 -114.449 -16.6 2.1 2.0 5.6
2009.6329 -76.3021 -114.56 0.6 1.3 1.0 3.2
2009.6356 -74.07 -117.335 -5.9 1.2 1.1 3.0
2009.6384 -77.9876 -115.781 4.8 1.3 1.0 3.0
2012.5616 -106.823 -170.84 -11.3 1.2 0.9 2.8
2012.5644 -106.732 -171.506 -10.1 1.2 0.9 2.7
2012.5671 -106.459 -169.397 -13.1 1.3 1.0 3.0
2013.5068 -119.623 -184.938 -14.1 1.1 0.9 2.6
2013.5096 -114.248 -189.823 -15.8 1.2 1.0 2.9
2013.5123 -129.053 -200.701 -44.7 6.6 4.4 8.8
2016.5890 -151.374 -238.444 -28.9 1.7 1.5 4.9
2016.5918 -146.864 -232.783 -2 3.4 2.4 7.2
2018.5479 -180.938 -280.183 -26.3 1.4 1.0 3.2
2018.5507 -182.533 -278.185 -21.5 1.7 1.2 3.8
2021.6932 -204.262 -335.797 10 3.3 1.9 6.7
2021.6959 -213.783 -335.242 2.1 1.3 1.0 3.3
2021.6986 -211.323 -333.688 16.2 1.4 1.1 3.3
2021.7014 -214.01 -331.69 9.7 1.7 1.4 3.9
