1995.6877 0 0 0 5.6 3.8 12.3
1995.6904 -8.68064 9.55006 1.3 2.1 1.7 5.4
1995.6932 -5.06856 7.66226 17.8 2.0 1.7 5.6
1995.6959 -2.03908 -0.111047 7.3 2.1 1.9 6.0
1995.6986 -8.50586 6.55179 10.2 2.1 1.6 5.3
1995.7014 -1.39822 4.66398 9 2.0 1.6 5.5
1996.4630 -6.23375 0.444189 -19.8 24.4 12.5 32.2
1996.4658 -1.74778 5.55236 -13.1 1.8 1.4 4.4
1996.4685 2.56341 8.43959 -3 1.8 1.4 3.6
1996.4740 2.50515 -0.555236 -5.1 2.8 2.2 5.9
1996.4767 -0.990408 0.77733 -5.4 1.4 1.1 3.1
1996.4795 -9.78757 -0.111047 -1.5 2.2 1.6 4.4
1998.5534 -39.9659 -19.4333 19.2 13.5 8.6 14.3
1998.5562 -37.1695 -34.6467 40.7 1.6 1.0 3.1
1998.5589 -42.6458 -30.2048 43.2 2.5 1.5 3.7
1998.5616 -40.9563 -30.7601 43 1.5 1.0 3.0
1998.5644 -43.8693 -32.4258 32.4 2.3 1.7 4.2
1999.4438 -45.0927 -47.6392 46.4 1.5 1.1 3.2
1999.4548 -43.5197 -46.6398 47 1.6 1.1 3.2
1999.4575 -42.8206 -49.0829 49.8 2.0 1.4 3.6
1999.5890 -49.2291 -47.084 51.8 1.6 1.1 3.2
2000.4082 -51.0352 -55.8567 55.6 1.8 1.3 3.6
2000.4110 -49.5204 -56.6341 49.9 2.1 1.2 3.7
2001.6521 -84.4761 -72.6249 70 7.5 5.4 11.4
2001.6548 -77.951 -77.9551 80.3 1.6 1.0 3.0
2001.6575 -77.0771 -75.6231 80.4 1.8 1.1 3.2
2001.6603 -72.9407 -74.4016 82.2 1.7 1.1 3.4
2008.4164 -161.728 -177.676 156 1.2 0.9 2.5
2008.4192 -163.359 -176.121 161.2 1.2 0.9 2.5
2008.4219 -164.99 -178.009 155.4 1.2 0.9 2.5
2008.4247 -162.019 -179.341 147.3 1.2 0.9 2.5
2008.4274 -164.524 -177.898 147.3 1.6 1.1 3.1
2013.4137 -229.833 -245.192 194.6 2.7 2.7 6.4
2013.4164 -240.203 -235.864 220.2 1.8 1.7 4.6
2013.4192 -237.407 -239.862 224.9 1.5 1.3 3.9
2013.4219 -236.242 -237.752 238 1.5 1.2 3.8
2013.4247 -232.047 -238.196 232.1 1.6 1.3 4.0
2013.4274 -233.037 -243.082 210.2 1.4 1.3 3.8
2013.4301 -241.31 -240.306 225.2 1.5 1.3 3.8
2015.4192 -265.663 -272.954 250.3 1.4 1.2 3.9
2015.4219 -266.42 -269.845 246.8 1.4 1.2 3.8
