1995.7534 0 0 0 1.9 1.5 4.3
1995.7562 -3.8257 5.99811 7.1 2.0 1.3 3.7
1995.7616 -3.56186 1.44399 -0.7 1.9 1.5 4.3
1995.7644 -1.25325 3.11013 -6.3 1.4 1.0 2.8
1995.7671 -9.43233 2.55475 0.7 2.5 1.4 4.0
2002.4219 -98.4788 -65.0906 2.3 2.0 1.5 4.0
2002.4247 -106.856 -67.7564 11 2.0 1.1 3.4
2002.4274 -108.043 -64.4241 18.3 2.0 1.5 4.1
2002.4301 -105.207 -64.9795 6.6 1.3 0.9 2.6
2002.4329 -102.37 -69.0893 5.3 1.8 1.2 3.5
2006.4658 -176.114 -110.521 14.9 2.2 1.9 4.5
2006.4685 -168.133 -107.966 27.9 1.7 1.1 3.4
2006.4712 -157.381 -110.299 7.2 2.2 1.9 4.4
2006.4740 -166.88 -110.965 11.1 1.3 0.9 2.6
2006.4767 -163.977 -111.965 17.7 1.6 1.1 3.4
2011.4575 -242.998 -158.506 17.3 1.6 1.2 3.4
2011.4603 -241.415 -161.949 6 1.9 1.4 3.8
2011.4685 -231.521 -161.282 7.6 1.6 1.2 3.5
