2002.5973 0 0 0 1.5 1.0 3.1
2002.6000 -0.596339 -0.333101 2 1.4 1.0 3.0
2002.6027 6.3971 -4.55237 1.2 1.4 1.0 2.9
2002.6055 1.78902 -0.555168 -6.9 1.5 1.0 3.0
2002.6082 -1.78902 3.10894 4.1 1.7 1.1 3.3
2002.6110 1.73481 0.3331 7.8 1.6 1.0 3.0
2003.5342 -38.5452 26.7591 -17.4 1.4 1.0 2.9
2003.5370 -34.2082 27.2032 -0.6 1.5 1.1 3.1
2003.5397 -41.9064 29.868 -12.4 2.0 1.2 3.7
2003.5425 -33.3408 26.648 -0.2 1.8 1.2 3.7
2006.4384 -116.178 83.2751 -2.5 1.3 0.9 2.6
2006.4411 -114.226 85.6068 -15.4 1.3 0.8 2.5
2006.4438 -110.377 83.8303 -7.5 1.4 0.9 2.7
2007.4466 -141.441 105.149 -1.7 1.2 0.8 2.4
2007.4493 -147.187 106.925 -5.8 1.2 0.8 2.4
2007.4521 -149.79 103.705 -5.6 1.3 0.9 2.6
