1995.7397 0 0 0 4.5 2.9 6.0
1995.7425 -23.0916 0.666439 -16.6 3.4 1.6 4.5
1995.7534 -18.3298 -4.22078 -25.1 2.0 1.5 4.3
1995.7562 -18.7212 0.999658 -23.3 1.4 1.0 2.8
1995.7589 -24.9833 -1.99932 -16.5 3.4 2.3 5.2
2002.4219 -119.894 -69.9761 -10 2.0 1.5 4.0
2002.4247 -124.525 -70.0872 -18.7 2.0 1.2 3.6
2002.4274 -121.851 -70.0872 1.3 2.0 1.5 4.2
2002.4301 -120.481 -71.9754 -13.8 1.7 1.1 3.5
2002.5041 -125.895 -70.8647 -12.6 1.3 0.9 2.8
2002.5068 -116.697 -71.6422 -14.8 1.7 1.1 3.4
2006.4658 -180.428 -115.96 -6.8 2.2 1.9 4.4
2006.4685 -187.277 -110.629 -4.2 1.5 1.0 3.2
2006.4712 -183.885 -108.518 -9.7 1.9 1.6 3.9
2006.4740 -191.517 -103.298 -8.7 1.5 1.0 3.2
2006.5425 -186.103 -115.738 -3 2.2 1.5 4.2
2006.5452 -190.408 -111.184 -10.1 1.4 1.0 3.0
2011.4575 -265.684 -162.389 -4.4 1.6 1.2 3.5
2011.4603 -264.901 -162.389 -3.4 1.6 1.3 3.5
2011.5260 -264.445 -169.831 6.6 1.6 1.2 3.4
