2005.4986 0 0 0 1.6 1.1 3.6
2005.5014 1.47111 -1.66507 -3.4 1.1 0.9 2.8
2005.5041 3.52174 -1.33206 -3.6 1.1 0.9 2.9
2007.5890 5.61696 -52.2833 4.1 1.1 0.9 2.9
2007.5918 7.26638 -50.6182 3.7 1.1 0.9 2.7
2007.5945 6.5977 -50.9512 4.2 1.1 0.9 2.8
2007.5973 6.15191 -50.6182 -0.6 1.2 1.0 3.2
2009.4603 14.5773 -90.5799 -2.9 1.2 0.9 3.0
2009.4630 15.6918 -89.8029 1 1.1 0.9 2.8
2009.4658 12.5713 -91.1349 2.3 1.1 0.9 2.8
2009.4685 11.8134 -89.2478 -2.6 1.1 0.9 2.8
2009.4712 14.8894 -91.912 -3 1.1 0.9 2.8
