2004.1945 0 0 0 1.6 1.2 3.3
2004.1973 -4.74633 -1.7762 -9.2 1.4 1.0 3.0
2004.2000 -0.522096 0.333038 -8.7 1.3 1.0 2.9
2004.2027 -1.56629 -0.222025 -9 1.4 1.1 3.1
2004.2055 -2.23078 -0.444051 -1.9 1.2 0.9 2.9
2004.2082 -2.51556 -0.222025 -1.2 1.2 0.9 2.7
2004.2110 -0.949266 -0.111013 -4.4 1.2 0.9 2.9
2004.2137 -1.75614 -0.111013 -6.1 1.6 1.0 3.1
2004.2164 0.094927 1.22114 -11.7 1.3 0.9 2.9
2004.2192 3.51229 0.333038 -16.2 1.2 0.9 2.8
2004.2219 1.04419 -2.10924 -15.6 1.5 1.1 3.2
2004.2247 -0.189853 -0.333038 -8.6 1.1 0.9 2.7
2004.2274 -2.70541 0.111013 -5.1 1.1 0.9 2.7
2004.2301 -3.03765 0.333038 -7.1 1.1 0.9 2.7
2004.2329 -0.332244 1.99823 -6.8 1.1 0.9 2.7
2004.2356 -0.901803 -1.55418 -8.4 1.3 1.0 2.8
2004.2384 -1.09166 -1.7762 -1.6 1.3 1.0 2.9
2004.2411 -2.75287 -0.444051 -8.4 1.2 1.0 2.8
2004.2438 -2.70541 -0.555064 -9 1.2 1.0 2.8
2004.2466 -1.85107 -0.666076 -7.7 1.2 1.0 2.9
2004.2493 -2.99019 -0.888102 -10.4 1.1 0.9 2.7
2004.2521 -2.27824 -0.666076 -13.2 1.1 0.9 2.7
2004.2548 -1.85107 -0.444051 -11.6 1.1 0.9 2.6
2004.2575 -2.75287 -1.22114 -3.3 1.9 1.4 3.5
2004.2603 -1.61375 -0.222025 -6.4 1.1 0.9 2.7
2004.2630 -1.4239 0.666078 -11.4 1.5 1.1 3.1
2004.2658 1.946 0.888102 -6.5 1.5 1.1 3.2
2004.2685 0.901803 0 -2.5 1.1 0.9 2.7
2004.2712 0.806876 -0.222025 -7.8 1.3 1.0 2.9
2004.2740 1.61375 -0.222025 -10.1 1.3 0.9 2.8
2004.2767 -0.427169 -1.66519 -11.5 1.3 0.9 2.9
2004.2795 3.18004 -1.66519 -7.2 1.2 0.9 2.7
2004.2822 -1.23405 -0.888102 -5 1.3 0.9 2.8
2004.2849 2.61048 -1.22114 -8.8 1.1 0.9 2.8
2004.2877 -0.189853 -1.66519 -12.3 1.1 0.9 2.8
2004.2904 -0.664486 -0.888102 -9.8 1.1 0.9 2.7
2004.2932 -0.332244 -1.99823 -3.1 1.4 1.0 3.1
2004.2959 4.93619 -0.888102 -10.7 1.1 0.9 2.7
2004.2986 1.85107 -2.10924 -0.8 1.2 1.0 2.9
2004.3014 0.14239 -2.44228 -9.2 1.1 0.9 2.8
2004.3041 1.66122 -2.22026 -7.7 1.1 0.9 2.7
2004.3068 2.61048 -3.21937 -9.4 1.1 0.9 2.8
2004.3096 5.88545 -2.66431 -4.7 1.1 0.9 2.7
2004.3123 1.23405 -4.88456 -4 1.3 1.1 3.2
2004.3151 1.89853 -4.21849 -6.9 1.3 1.0 2.8
2004.3178 1.61375 -7.43786 -7 1.4 1.2 3.2
2004.4274 -4.50901 -5.66165 -26.6 2.4 1.4 4.9
2004.4301 -8.63832 -6.32773 -32.1 1.2 0.9 2.8
2004.4329 -6.54994 -7.43786 -33.7 1.2 0.9 2.8
2004.4356 -3.08512 -8.77001 -41.1 1.2 0.9 2.7
2004.4384 -5.74306 -8.10393 -30.2 1.2 0.9 2.7
2004.4411 -11.1064 -5.88368 -36.3 1.4 1.0 2.8
2004.4438 -6.21769 -7.21583 -30.2 1.1 0.9 2.6
2004.4466 -5.64813 -7.88191 -34.7 1.1 0.9 2.7
2004.4493 -8.30608 -8.43697 -29.8 1.1 0.9 2.7
2004.4521 -6.88218 -7.88191 -30.2 1.1 0.8 2.7
2004.4548 -11.2013 -6.99381 -31 1.3 1.0 3.0
2004.4575 -6.31262 -11.3233 -20.3 1.5 1.1 3.0
2004.4603 -5.6956 -8.10393 -36.9 1.2 0.9 2.8
2004.4630 -3.79707 -9.88014 -38.2 1.2 0.9 2.7
2004.4658 -2.94273 -10.1022 -31 1.2 0.9 2.8
2004.4685 -6.31262 -9.21406 -35.7 1.2 0.9 2.7
2004.4712 -8.30608 -8.10393 -33.6 1.1 0.8 2.7
2004.4740 -3.51228 -10.3242 -25.8 1.1 0.8 2.7
2004.4767 8.9231 -9.76913 -30.4 1.3 1.1 3.2
2005.8027 -14.7136 -40.1866 -30.5 3.4 2.1 6.2
2005.8055 -15.7578 -40.4087 -20.7 1.1 0.8 2.6
2005.8082 -14.239 -42.4069 -17.1 1.1 0.8 2.6
2005.8110 -14.3814 -41.5188 -16.5 1.1 0.8 2.6
2005.8137 -11.9133 -42.8509 -20.8 1.2 0.9 2.7
2005.8164 -14.6187 -41.6298 -24.1 1.4 1.0 2.9
2005.8192 -16.185 -42.0738 -24.4 1.2 0.9 2.8
2005.8219 -15.5205 -40.4087 -24.8 1.1 0.8 2.6
2005.8247 -14.1441 -40.0756 -21.4 1.2 0.9 2.7
2005.8274 -15.8053 -40.6307 -23.1 1.1 0.8 2.6
2005.8301 -14.7136 -41.2968 -23.9 1.1 0.8 2.6
2005.8329 -13.2423 -40.5197 -25.4 1.7 1.1 3.4
2005.8356 -14.9984 -40.9637 -25.8 1.2 1.0 2.8
2005.8384 -16.1375 -40.9637 -21.4 1.2 0.9 2.7
2005.8411 -15.0933 -39.7426 -22.4 1.6 1.1 3.0
2005.8438 -13.9542 -42.0738 -22.3 1.4 1.0 2.8
2005.8466 -15.0933 -41.2968 -29.2 1.2 0.9 2.7
2005.8493 -14.0017 -41.1857 -25.7 1.3 1.0 2.9
2005.8521 -14.0966 -41.7408 -22.9 1.2 0.9 2.7
2005.8548 -13.622 -40.8527 -22.1 1.2 0.9 2.7
2005.8575 -12.1031 -40.8527 -14.9 1.1 0.8 2.6
2005.8603 -11.2013 -42.0738 -23.4 1.1 0.8 2.6
2005.8630 -16.4223 -38.6325 -17.8 1.2 0.9 2.7
2005.8658 -12.4354 -41.5188 -22.2 1.3 0.9 2.7
2005.8685 -14.1915 -39.5206 -19.7 1.5 1.0 2.9
2005.8712 -13.0999 -41.7408 -23.7 1.2 1.0 2.8
2005.8740 -14.0966 -42.6289 -22.4 1.2 0.9 2.7
2005.8767 -13.8593 -41.1857 -21.7 1.1 0.8 2.6
2005.8795 -12.3879 -42.2959 -18.3 1.1 0.8 2.7
2005.8822 -14.6662 -42.4069 -14.1 1.2 0.9 2.7
2005.8849 -16.8969 -42.6289 -11.1 1.2 0.9 2.7
2005.8877 -13.527 -41.8518 -18.2 1.2 0.9 2.8
2005.8904 -13.6694 -42.6289 -13.2 1.2 0.9 2.8
2005.8932 -13.0524 -39.7426 -17 1.3 0.9 2.7
2005.8959 -12.6252 -39.2985 -10 1.3 0.9 2.8
2005.8986 -16.9444 -41.7408 -1.3 1.3 0.9 2.7
2005.9014 -15.7104 -43.517 -3.6 1.2 0.9 2.7
2005.9041 -14.3814 -43.517 -9.6 1.2 0.9 2.7
2005.9068 -17.6089 -41.6298 -3.4 1.1 0.8 2.7
2005.9096 -14.3339 -41.4078 -18.4 1.3 0.9 2.8
2005.9123 -12.9575 -40.6307 -11 1.1 0.8 2.7
2005.9151 -14.4763 -42.4069 -11.7 1.3 1.0 2.8
2005.9178 -12.1506 -41.4078 -11.5 1.2 0.9 2.8
2005.9205 -11.2488 -40.0756 -3.7 1.2 0.9 2.8
2005.9233 -10.5369 -39.2985 -3.8 1.2 0.9 2.7
2005.9260 -12.1981 -40.5197 -8.1 1.1 0.8 2.7
2005.9288 -9.30281 -40.2976 -4.5 1.1 0.8 2.6
2005.9589 -10.2521 -41.9628 -4.6 1.1 0.8 2.7
2005.9616 -12.6727 -43.628 -5.8 1.1 0.8 2.6
2005.9644 -11.9608 -43.184 -4.9 1.1 0.8 2.6
2005.9671 -11.4387 -43.9611 -16.9 1.2 0.9 2.7
2005.9699 -10.4894 -42.7399 -11.5 1.3 0.9 2.8
2005.9726 -10.9166 -42.7399 -12.2 1.1 0.8 2.6
2005.9753 -11.8184 -40.7417 -9.2 1.1 0.8 2.6
2005.9781 -11.676 -43.9611 -6.6 1.2 0.9 2.7
2005.9808 -10.7267 -41.9628 -5.7 1.2 0.8 2.6
2005.9836 -9.20788 -40.6307 -9.7 1.3 0.9 2.7
2005.9863 -10.3945 -42.0738 -4.7 1.1 0.9 2.6
2005.9890 -10.8216 -43.517 -13.2 1.3 0.9 2.7
2005.9918 -6.02784 -41.7408 -5.7 1.3 0.9 2.7
2005.9945 -5.60067 -41.8518 -5.1 1.3 0.9 2.8
2005.9973 -9.30281 -44.4051 -1.3 1.1 0.9 2.6
2006.0000 -8.40101 -42.1849 -6.1 1.2 0.9 2.7
2006.0027 -11.1064 -40.5197 -12.3 1.1 0.8 2.6
2006.0055 -7.64159 -42.0738 -3.2 1.2 0.9 2.6
2006.0082 -8.44847 -43.628 -9.1 1.1 0.8 2.6
2006.0110 -1.80361 -39.7426 -4.2 1.1 0.8 2.6
2006.0137 -8.06876 -42.1849 -9 1.1 0.8 2.6
2006.0164 -6.45501 -41.7408 -11.3 1.2 0.9 2.7
2006.0192 -10.8691 -42.5179 -12.4 1.2 0.9 2.7
2006.0219 -13.3372 -37.6333 -10.3 1.2 0.9 2.7
2006.0247 -9.72998 -44.6271 -7.9 1.1 0.8 2.7
2006.0274 -10.4894 -44.1831 -8.7 1.1 0.8 2.7
2006.0301 -9.06549 -44.2941 -12.7 1.1 0.8 2.6
2006.0329 -8.5434 -42.4069 -13.8 1.1 0.8 2.6
2006.0356 -8.87564 -42.6289 -6.9 1.2 0.8 2.6
2006.0384 -10.1572 -44.4051 -10.8 1.1 0.8 2.6
2006.0411 -4.03438 -47.2915 -4.2 1.1 0.8 2.6
2006.0438 -7.78398 -41.5188 -3.6 1.3 0.9 2.8
2006.0466 -8.73325 -42.7399 -9 1.2 0.9 2.7
2006.0493 -11.2963 -41.8518 -6.8 1.2 0.9 2.7
2006.0521 -10.1097 -43.628 -4.1 1.2 0.9 2.7
2006.0548 -10.4894 -44.1831 -6.1 1.1 0.8 2.6
2006.0575 -9.77744 -42.5179 2.5 1.1 0.8 2.6
2006.0603 -9.30281 -43.517 8.1 1.2 0.8 2.6
2006.0630 -12.1981 -43.517 5.3 1.4 1.0 2.9
2006.0658 -12.1506 -44.7382 1.4 1.2 0.9 2.7
2006.0685 -11.8184 -45.0712 7.3 1.1 0.8 2.6
2006.0712 -10.7742 -44.7382 11.3 1.4 0.9 2.8
2006.0740 -11.1064 -44.0721 5.9 1.1 0.8 2.6
2006.0767 -10.6318 -44.4051 6.4 1.1 0.8 2.6
2006.0795 -11.3437 -44.2941 9.5 1.1 0.8 2.6
2006.0822 -11.3437 -44.4051 12.6 1.1 0.8 2.6
2006.0849 -11.3912 -44.4051 15.4 1.1 0.8 2.6
2006.0877 -10.7267 -43.739 17.7 1.1 0.8 2.6
2006.0904 -11.8184 -43.8501 12.4 1.1 0.8 2.6
2006.0932 -10.964 -45.2932 11.1 1.1 0.8 2.6
2006.0959 -9.9673 -46.9584 11.8 1.1 0.8 2.6
2006.0986 -8.35354 -46.0703 14.1 1.1 0.8 2.6
2006.1014 -8.35354 -45.1822 11.2 1.3 0.9 2.8
2006.1041 -10.0622 -47.0694 4.1 1.1 0.8 2.6
2006.1068 -7.64159 -46.4033 -5.1 1.1 0.8 2.6
2006.1096 -10.2046 -46.6254 -5.5 1.1 0.9 2.7
2006.1123 -9.30281 -45.6263 -0.5 1.2 0.9 2.7
2006.1151 -10.6318 -46.4033 -1.7 1.2 0.9 2.7
2006.1178 -8.30608 -46.8474 3.1 1.1 0.8 2.6
2006.1205 -9.72998 -47.5135 -4.7 1.1 0.8 2.6
2006.1233 -6.50247 -46.6254 -8.2 1.1 0.8 2.6
2006.1260 -9.06549 -46.5144 -11.9 1.1 0.9 2.6
2006.1288 -11.5336 -47.6245 -11 1.2 0.9 2.7
2006.1315 -8.5434 -46.4033 -10.2 1.1 0.9 2.6
2006.1342 -8.44847 -46.8474 -7 1.1 0.8 2.6
2006.1370 -15.1883 -42.5179 5.2 1.1 0.9 2.6
2006.1397 -12.1981 -46.0703 -5.2 1.5 1.0 2.9
2006.1425 -11.0115 -48.6236 -6.8 1.3 1.0 3.0
2006.1452 -10.7267 -47.7355 -13.4 1.2 0.9 2.7
2006.1479 -9.68252 -46.9584 -11.5 1.1 0.8 2.6
2006.1507 -10.5369 -47.6245 -7.6 1.1 0.8 2.6
2006.1534 -12.91 -47.5135 -4.5 1.1 0.8 2.6
2006.1562 -12.7676 -47.6245 -6.1 1.1 0.9 2.6
2006.1589 -10.5843 -46.1813 -5.1 1.1 0.8 2.6
2006.1616 -10.2521 -45.9593 -10.4 1.1 0.9 2.7
2006.1644 -8.78071 -46.8474 -11.1 1.2 0.9 2.7
2006.1671 -9.9673 -48.6236 -6.9 1.1 0.8 2.5
2006.1699 -9.58759 -48.2906 -2.5 1.1 0.9 2.6
2006.1726 -9.82491 -46.0703 -3.9 1.0 0.8 2.5
2006.1753 -10.1097 -46.7364 -4.1 1.0 0.8 2.5
2006.1781 -10.1097 -47.6245 -4.5 1.1 0.9 2.5
2006.1808 -10.347 -47.4025 -2.7 1.2 0.9 2.7
2006.1836 -11.1539 -48.0685 0.8 1.1 0.8 2.5
2006.1863 -11.0115 -47.6245 -3.1 1.1 0.8 2.5
2006.1890 -12.1981 -47.2915 -11.8 1.2 0.9 2.6
2006.1918 -11.3437 -47.6245 -12 1.2 0.9 2.7
2006.1945 -9.82491 -46.7364 -12.1 1.0 0.8 2.5
2006.1973 -9.4452 -47.0694 -9.1 1.1 0.8 2.5
2006.2000 -9.91983 -47.2915 -8.3 1.1 0.8 2.6
2006.2027 -9.54013 -47.1804 -7.6 1.1 0.9 2.6
2006.2055 -5.98038 -43.9611 -10.7 1.2 0.9 2.7
2006.2082 -9.39774 -46.5144 -10.2 1.1 0.9 2.7
2006.2110 -7.78398 -45.5152 -8.2 1.5 1.1 3.1
2006.2137 -7.1195 -47.9575 -5.1 1.4 1.0 2.9
2006.2164 -12.4354 -48.1796 0.2 1.3 1.0 2.7
2006.2192 -7.83145 -47.9575 -6.6 1.3 0.9 2.6
2006.2219 -12.8626 -43.517 -10.5 1.1 0.9 2.6
2006.2247 -9.82491 -47.4025 -7.1 1.1 0.8 2.5
2006.2274 -8.73325 -49.6227 -5.8 1.1 0.8 2.5
2006.2301 -10.347 -48.4016 -5 1.1 0.9 2.6
2006.2329 -9.9673 -49.5117 -6.6 1.1 0.9 2.6
2006.2356 -10.3945 -48.7346 -11 1.1 0.8 2.6
2006.2384 -10.5843 -48.7346 -12.2 1.0 0.8 2.5
2006.2411 -8.78071 -48.6236 -8 1.1 0.8 2.6
2006.2438 -10.0148 -49.7337 -7.2 1.1 0.8 2.5
2006.2466 -10.4419 -49.2897 -3.2 1.2 0.9 2.6
2006.2493 -10.2046 -49.0677 -5.2 1.1 0.8 2.5
2006.2521 -10.8691 -48.8456 -11.9 1.1 0.8 2.5
2006.2548 -11.5336 -48.8456 -10.8 1.0 0.8 2.5
2006.2575 -9.68252 -50.1778 -5.7 1.3 0.9 2.7
2006.2603 -7.68906 -50.0668 -10.8 1.8 1.2 3.4
2006.2630 -12.3405 -51.5099 -9.4 1.3 1.0 3.0
2006.2658 -10.2046 -49.5117 -8 1.1 0.9 2.7
2006.2685 -8.87564 -50.1778 -8 1.1 0.9 2.6
2006.2712 -8.35354 -49.6227 -10.3 1.7 1.1 3.2
2006.2740 -8.63832 -50.5108 -3.8 1.3 0.9 2.7
2006.2767 -11.2963 -51.0659 -10.6 1.1 0.9 2.7
2006.2795 -10.347 -50.2888 -7.7 1.1 0.8 2.7
2006.2822 -12.3405 -49.4007 -2.7 1.2 0.9 2.7
2006.2849 -6.40755 -51.1769 -2.4 2.2 1.2 3.6
2006.2877 -9.91983 -48.6236 -1.8 1.4 1.0 2.8
2006.2904 -12.3879 -48.5126 -4.9 1.2 0.9 2.6
2006.2932 -10.8216 -50.5108 -4.9 1.1 0.8 2.6
2006.2959 -12.1506 -49.6227 -5.3 1.1 0.8 2.6
2006.2986 -11.1064 -50.9549 -6.2 1.1 0.8 2.6
2006.3014 -12.4829 -49.1787 -6.4 1.1 0.9 2.6
2006.3041 -11.0115 -49.0677 -1.4 1.1 0.8 2.6
2006.3068 -13.3847 -49.9558 -9.4 1.3 1.0 2.9
2006.3096 -11.4861 -52.5091 -6.7 1.1 0.9 2.6
2006.3123 -9.72998 -51.2879 -2.2 1.2 0.9 2.7
2006.3151 -12.6252 -49.7337 -4.1 1.1 0.9 2.6
2006.3178 -11.9133 -50.5108 -5.5 1.1 0.8 2.6
2006.3205 -10.0148 -49.0677 -3.1 1.2 0.9 2.7
2006.3233 -12.1031 -49.5117 -5.4 1.3 1.0 2.8
2006.3260 -11.5336 -47.9575 -4.5 1.1 0.8 2.5
2006.3288 -8.9231 -45.4042 -15.7 1.1 0.8 2.6
2006.3315 -11.2488 -48.2906 -4.4 1.1 0.8 2.6
2006.3342 -10.2995 -48.5126 -4.7 1.1 0.8 2.6
2006.3370 -11.0115 -48.7346 -6.9 1.1 0.8 2.6
2006.3397 -8.59086 -48.9566 -5.5 1.5 1.0 2.9
2006.3425 -12.6727 -48.6236 -0.7 1.3 0.9 2.8
2006.3452 -11.4861 -48.4016 2 1.4 1.0 2.9
2006.3479 -9.72998 -49.7337 -2.6 1.4 1.0 2.9
2006.3507 -12.0082 -50.2888 -4.4 1.1 0.8 2.6
2006.3534 -13.1948 -50.5108 -6.4 1.1 0.8 2.6
2006.3562 -13.0524 -50.7328 -8.9 1.1 0.8 2.6
2006.3589 -13.6694 -50.0668 -6 1.3 0.9 2.7
2006.3616 -11.581 -51.2879 -14.3 1.2 0.9 2.7
2006.3644 -11.1064 -51.0659 -15.9 1.2 0.9 2.6
2006.3671 -4.6514 -51.2879 -23 1.1 0.8 2.6
2006.3699 -14.4288 -52.287 -16.7 1.1 0.8 2.6
2006.3726 -13.0049 -52.6201 -16.4 1.1 0.8 2.6
2006.3753 -13.527 -50.1778 -26.4 1.2 0.8 2.6
2006.3781 -14.0017 -54.6183 -20.8 1.3 1.0 2.8
2006.3808 -16.6596 -54.0632 -24.5 1.1 0.8 2.6
2006.3836 -16.7071 -54.2853 -24 1.2 0.9 2.6
2006.3863 -16.2799 -55.2844 -18.9 1.1 0.8 2.6
2006.3890 -23.352 -59.0588 -16.5 1.2 0.8 2.6
2006.3918 -14.1441 -57.1716 -18.9 1.1 0.8 2.6
2006.3945 -18.1784 -54.9513 -22.7 1.1 0.8 2.6
2006.3973 -18.8429 -57.3936 -24.9 1.1 0.8 2.7
2006.4000 -20.5991 -58.0597 -25.1 1.2 0.8 2.7
2006.4027 -19.5549 -56.6165 -22.6 1.1 0.8 2.6
2006.4055 -16.2325 -57.1716 -20.8 1.2 0.8 2.6
2006.4082 -21.0737 -59.7249 -23.2 1.1 0.8 2.6
2006.4110 -20.9788 -57.6156 -19.8 1.2 0.8 2.6
2006.4137 -19.2701 -56.5055 -19.8 1.1 0.8 2.6
2006.4164 -21.311 -56.5055 -22.6 1.2 0.9 2.6
2006.4192 -15.9477 -56.3945 -16.4 1.2 0.9 2.7
2006.4219 -16.8969 -56.0615 -12.5 1.1 0.8 2.6
2006.4247 -18.131 -56.2835 -23.3 1.1 0.8 2.6
2006.4274 -17.9411 -57.0606 -22.4 1.1 0.8 2.6
2006.4301 -18.0835 -56.2835 -20.3 1.6 1.1 3.1
2006.4329 -17.4665 -59.6139 -20.6 1.5 1.0 2.9
2006.4356 -16.3748 -59.1698 -21.7 1.4 0.9 2.7
2006.4384 -17.0393 -56.1725 -20.1 1.2 0.8 2.6
2006.4411 -19.2226 -57.3936 -17.9 1.1 0.8 2.6
2006.4438 -18.6056 -54.9513 -27.6 1.1 0.8 2.6
2006.4466 -19.5074 -58.2817 -18.8 1.1 0.8 2.6
2006.4493 -17.7513 -58.1707 -20.1 1.1 0.8 2.6
2006.4521 -16.2325 -58.0597 -18.7 1.1 0.8 2.6
2006.4548 -20.1244 -54.6183 -19 1.4 1.0 2.9
2006.4575 -16.7071 -57.0606 -22 1.2 0.8 2.6
2006.4603 -18.3683 -57.1716 -19.4 1.2 0.8 2.6
2006.4630 -23.4469 -58.3927 -32.3 1.3 1.0 2.8
2006.4658 -19.7447 -58.1707 -16.4 1.2 0.9 2.7
2006.4685 -25.4403 -61.7231 -22.8 1.2 0.9 2.6
2006.4712 -17.3241 -58.5037 -27.8 1.2 0.9 2.7
2006.4740 -21.0262 -57.9487 -23.4 1.2 0.9 2.6
2006.4767 -17.9886 -57.2826 -14.9 1.1 0.8 2.6
2006.4795 -20.0295 -61.6121 -18.8 1.1 0.8 2.6
2006.4822 -15.4256 -59.8359 -25.9 1.1 0.8 2.6
2006.4849 -20.4567 -64.4984 -24.2 1.1 0.9 2.6
2006.4877 -19.6023 -57.1716 -24.3 1.2 0.8 2.6
2006.4904 -16.2799 -57.0606 -22.4 1.4 1.0 2.8
2006.4932 -17.1343 -59.6139 -21.7 1.2 0.8 2.6
2006.4959 -17.9886 -57.8377 -16.8 1.2 0.8 2.6
2006.4986 -19.0328 -58.9478 -22.8 1.1 0.8 2.6
2006.5014 -18.4158 -59.9469 -21.7 1.1 0.8 2.6
2006.5041 -16.4223 -57.8377 -29.8 1.1 0.8 2.6
2006.5068 -18.2259 -59.9469 -28 1.2 0.9 2.7
2006.5096 -16.1375 -59.1698 -24.6 1.2 0.9 2.6
2006.5123 -16.5172 -56.7275 -22.8 1.2 0.9 2.6
2006.5151 -17.7038 -60.0579 -20 1.2 0.8 2.6
2006.5178 -16.3274 -59.0588 -22.7 1.1 0.8 2.6
2006.5205 -21.5958 -59.5029 -25.7 1.1 0.8 2.6
2006.5233 -19.6973 -60.0579 -17.5 1.3 1.0 2.8
2006.5260 -17.6564 -60.391 -13.8 1.1 0.8 2.5
2006.5288 -17.7038 -60.0579 -21.7 1.2 0.9 2.7
2006.5315 -19.9346 -60.835 -25.7 1.1 0.8 2.6
2006.5342 -18.7005 -59.0588 -20.4 1.2 0.9 2.7
2006.5370 -20.694 -57.1716 -11.6 1.1 0.8 2.6
2006.5397 -18.6531 -60.613 -19 1.1 0.8 2.6
2006.5425 -18.2259 -60.391 -24.9 1.1 0.9 2.6
2006.5452 -17.5614 -59.8359 -28.1 1.1 0.8 2.6
2006.5479 -18.8904 -60.502 -28 1.1 0.8 2.5
2006.5507 -17.9411 -58.5037 -22.2 1.1 0.8 2.5
2006.5534 -15.9951 -57.9487 -26.9 1.1 0.8 2.6
2006.5562 -19.2701 -61.7231 -20.6 1.1 0.8 2.6
2006.5589 -21.7382 -61.9451 -21.2 1.1 0.8 2.6
2006.5616 -16.0426 -58.8368 -23 1.2 0.9 2.6
2006.5644 -18.2259 -59.8359 -12.7 1.2 0.8 2.6
2006.5671 -19.8397 -60.724 -17.6 1.1 0.8 2.6
2006.5699 -19.7922 -61.5011 -24.9 1.1 0.8 2.6
2006.5726 -20.2194 -62.8332 -22.2 1.5 1.1 3.0
2006.5753 -15.6629 -61.3901 -25 1.1 0.8 2.6
2006.5781 -21.2161 -60.502 -27.7 1.1 0.8 2.6
2006.5808 -19.9346 -61.168 -18.3 1.2 0.9 2.7
2006.5836 -15.568 -59.8359 -18.6 1.3 1.0 2.8
2006.5863 -16.7071 -60.2799 -20.7 1.1 0.9 2.7
2006.5890 -14.0017 -59.1698 -16.5 1.1 0.8 2.6
2006.5918 -16.7545 -59.6139 -21.5 1.2 0.9 2.6
2006.5945 -19.4125 -62.0562 -21.4 1.1 0.8 2.6
2006.5973 -17.3716 -61.2791 -18.6 1.1 0.8 2.6
2006.6000 -21.6433 -63.1663 -22.2 1.6 1.3 3.3
2006.6027 -14.6662 -58.3927 -18.4 1.2 0.9 2.7
2006.6055 -17.6089 -60.502 -23.7 1.2 0.9 2.7
2006.6082 -19.1752 -65.3865 -7.5 1.1 0.8 2.6
2006.6110 -18.7005 -62.0562 -15.8 1.1 0.9 2.6
2006.6137 -19.1277 -61.168 -19.8 1.1 0.9 2.6
2006.6164 -20.1244 -61.5011 -21.1 1.1 0.8 2.6
2006.6192 -18.9853 -61.7231 -25.7 1.1 0.8 2.6
2006.6219 -19.6973 -60.613 -23.6 1.1 0.9 2.6
2006.6247 -20.5991 -61.3901 -24.3 1.1 0.8 2.5
2006.6274 -20.4092 -63.6103 -17.6 1.1 0.8 2.5
2006.6301 -17.514 -59.8359 -24.7 1.2 0.9 2.8
2006.6329 -17.7987 -62.6112 -21.6 1.3 1.1 2.9
2006.6356 -17.6089 -60.0579 -28.1 1.2 0.9 2.6
2006.6384 -20.1719 -61.3901 -23 1.2 0.9 2.7
2006.6411 -21.311 -63.1663 -26.3 1.3 1.0 2.8
2006.6438 -20.1244 -61.6121 -22.8 1.1 0.9 2.6
2006.6466 -18.2734 -61.3901 -24 1.1 0.9 2.6
2006.6493 -19.46 -62.8332 -21.5 1.1 0.9 2.6
2006.6521 -19.365 -63.3883 -25.3 1.1 0.9 2.6
2006.6548 -18.9379 -63.4993 -30.6 1.3 1.1 3.0
2006.6575 -22.023 -61.3901 -15.7 1.2 0.9 2.8
2006.6603 -19.5549 -61.7231 -24.2 1.2 0.9 2.8
2006.6630 -20.7889 -62.9443 -21.9 1.2 0.9 2.7
2006.6658 -22.4976 -61.3901 -20.9 1.3 0.9 2.8
2006.6685 -19.6973 -62.9443 -23 1.2 1.0 2.9
2006.6712 -19.0803 -64.9425 -17.6 1.1 0.9 2.7
2006.6740 -20.1244 -63.0553 -23.1 1.1 0.9 2.7
2006.6767 -19.5549 -62.9443 -20.4 1.4 1.0 2.8
2006.6795 -18.8904 -62.9443 -20.4 1.2 1.0 2.9
2006.6822 -21.2161 -64.4984 -21.1 1.2 1.0 2.8
2006.6849 -18.6531 -63.6103 -22.9 1.2 1.0 2.9
2006.6877 -20.2194 -61.057 -14.7 1.1 0.9 2.8
2006.6904 -18.4632 -62.3892 -14.1 1.1 0.9 2.6
2006.6932 -19.8871 -61.9451 -17.8 1.1 0.9 2.6
2006.6959 -19.6973 -62.8332 -17.2 1.1 0.9 2.7
2006.6986 -18.7955 -64.0544 -24 1.1 0.9 2.7
2006.7014 -20.5042 -61.8341 -21.8 1.2 0.9 2.7
2006.7041 -19.2701 -62.2782 -19.2 1.2 0.9 2.7
2006.7068 -19.6023 -62.1672 -16.1 1.1 0.9 2.6
2006.7096 -20.7415 -62.6112 -15.9 1.0 0.8 2.5
2006.7123 -19.0803 -62.8332 -19.8 1.2 1.0 2.8
2006.7151 -21.3585 -62.3892 -16.6 1.3 1.0 2.9
2006.7178 -21.7382 -62.5002 -19.8 1.2 0.9 2.7
2006.7205 -20.7889 -62.3892 -17.9 1.1 0.8 2.6
2006.7233 -18.0361 -63.3883 -26.3 1.1 0.9 2.6
2006.7260 -19.0803 -65.1645 -8.9 1.1 0.9 2.6
2006.7288 -19.46 -64.3874 -18.2 1.1 0.9 2.6
2006.7315 -20.5042 -63.2773 -24.3 1.3 1.1 2.9
2006.7342 -19.365 -63.2773 -21.5 1.1 0.9 2.6
2006.7370 -18.6056 -62.5002 -20.6 1.1 0.8 2.5
2006.7397 -18.6056 -62.5002 -17.2 1.1 0.9 2.6
2006.7425 -19.1277 -63.4993 -16.6 1.1 0.8 2.6
2006.7452 -18.5107 -63.7213 -22.3 1.1 0.8 2.6
2006.7479 -20.0295 -71.3812 -26.7 1.2 1.0 2.8
2006.7507 -14.7136 -65.2755 -23.8 1.4 1.1 3.0
2006.7534 -17.7038 -63.6103 -24.3 1.1 0.9 2.7
2006.7562 -17.5614 -62.7222 -22 1.1 0.9 2.7
2006.7589 -19.1752 -62.8332 -18.4 1.1 0.8 2.6
2006.7616 -19.3176 -63.4993 -22.5 1.1 0.8 2.6
2006.7644 -18.9379 -64.4984 -26.5 1.1 0.8 2.6
2006.7671 -17.6564 -65.2755 -21.5 1.1 0.9 2.7
2006.7699 -24.6809 -58.0597 -9.8 1.1 0.9 2.8
2006.7726 -18.748 -64.1654 -16.9 1.1 0.8 2.6
2006.7753 -20.4567 -65.2755 -18 1.1 0.9 2.7
2006.7781 -20.4092 -65.6086 -18.5 1.1 0.8 2.6
2006.7808 -18.748 -65.8306 -26.7 1.1 0.8 2.6
2006.7836 -17.7987 -63.8324 -27.3 1.3 1.0 2.8
2006.7863 -17.1817 -63.3883 -20.6 1.3 1.0 2.9
2006.7890 -18.748 -63.1663 -21.7 1.1 0.9 2.7
2006.7918 -18.7955 -63.3883 -22.4 1.1 0.8 2.6
2006.7945 -18.4632 -63.4993 -28 1.1 0.8 2.6
2006.7973 -20.5042 -65.7196 -21.3 1.1 0.8 2.7
2006.8000 -18.3683 -67.8288 -21 1.1 0.9 2.7
2006.8027 -20.9313 -65.1645 -19.9 1.3 0.9 2.8
2006.8055 -18.3683 -64.3874 -21.4 1.2 0.9 2.6
2006.8082 -19.3176 -63.0553 -8.3 1.1 0.9 2.6
2006.8110 -17.9411 -64.2764 -17.2 1.1 0.8 2.6
2006.8137 -16.185 -63.8324 -10.1 1.1 0.9 2.7
2006.8164 -19.1752 -61.7231 -5 1.2 0.9 2.7
2006.8192 -21.2636 -60.946 -6.2 1.1 0.9 2.6
2006.8219 -21.5483 -58.3927 -19.5 1.1 0.8 2.6
2006.8247 -19.46 -64.6094 -17 1.2 0.9 2.7
2006.8274 -15.3781 -63.8324 -12.4 1.5 1.0 2.9
2006.8301 -20.077 -63.3883 -14.2 1.1 0.9 2.7
2006.8329 -19.3176 -62.8332 -11.5 1.1 0.8 2.6
2006.8356 -20.6465 -61.2791 -9.6 1.1 0.8 2.6
2006.8384 -20.077 -62.9443 -5.1 1.1 0.9 2.6
2006.8411 -17.514 -63.4993 -9.9 1.2 0.9 2.7
2006.8438 -20.0295 -65.1645 -6.3 1.2 0.9 2.8
2006.8466 -19.8397 -64.0544 -1.7 1.2 0.9 2.8
2006.8493 -21.2636 -64.6094 -2.3 1.1 0.8 2.6
2006.8521 -21.8331 -62.5002 2.3 1.1 0.9 2.7
2006.8548 -21.1686 -65.2755 -2.1 1.1 0.9 2.7
2006.8575 -20.6465 -63.4993 0.2 1.1 0.9 2.7
2006.8603 -21.0262 -62.9443 -2.3 1.7 1.1 3.3
2006.8630 -20.3143 -65.8306 -0.9 1.3 1.0 2.8
2006.8658 -23.4943 -64.7205 2 1.1 0.9 2.7
2006.8685 -20.1244 -62.5002 -1.2 1.1 0.9 2.7
2006.8712 -19.1277 -65.6086 1.8 1.1 0.9 2.6
2006.8740 -20.694 -63.9434 6.7 1.1 0.9 2.7
2006.8767 -20.8364 -65.6086 4.9 1.1 0.9 2.7
2006.8795 -20.2194 -62.6112 2.7 1.2 0.9 2.7
2006.8822 -17.3716 -63.9434 4.7 1.1 0.8 2.7
2006.8849 -18.8904 -65.7196 4.3 1.1 0.8 2.7
2006.8877 -16.3274 -62.9443 7.5 1.1 0.8 2.7
2006.8904 -19.2701 -66.1636 2.7 1.1 0.9 2.7
2006.8932 -21.406 -65.3865 5.9 1.1 0.8 2.7
2006.8959 -16.4698 -64.0544 9.1 1.4 1.0 3.1
2006.8986 -16.9919 -66.7187 5.7 1.3 1.0 2.9
2006.9014 -18.5107 -66.7187 2 1.1 0.8 2.6
2006.9589 -17.4665 -63.2773 17.1 1.1 0.8 2.7
2006.9616 -19.5074 -63.1663 23.3 1.1 0.8 2.7
2006.9644 -17.7513 -64.3874 26.6 1.1 0.8 2.7
2006.9671 -22.9722 -64.3874 23.8 1.3 0.9 2.9
2006.9699 -20.4092 -63.0553 26.5 1.4 0.9 2.8
2006.9726 -17.2292 -63.2773 25.3 1.3 0.9 2.8
2006.9753 -19.4125 -61.9451 22.1 1.3 0.9 2.8
2006.9781 -17.7038 -62.6112 32.2 1.3 0.9 2.7
2006.9808 -14.0491 -62.8332 35 1.1 0.8 2.7
2006.9836 -19.1277 -61.9451 27 1.1 0.8 2.6
2006.9863 -18.7955 -64.4984 22.1 1.1 0.8 2.6
2006.9890 -17.1343 -64.0544 26.9 1.1 0.9 2.7
2006.9918 -15.8527 -61.5011 36.2 1.1 0.9 2.7
2006.9945 -16.4698 -63.9434 27.3 1.1 0.9 2.6
2006.9973 -19.2226 -63.7213 36.2 1.1 0.9 2.7
2007.0000 -21.0737 -66.3857 24.9 1.1 0.9 2.7
2007.0027 -14.6662 -60.613 33.5 1.2 0.9 2.7
2007.0055 -20.5516 -60.502 46.2 1.4 1.0 2.9
2007.0082 -20.0295 -60.946 46.2 1.4 0.9 2.9
2007.0110 -22.64 -60.1689 34.4 1.2 0.9 2.7
2007.0137 -21.9755 -62.5002 36.5 1.2 0.9 2.7
2007.0164 -20.7415 -60.613 36.8 1.1 0.8 2.6
2007.0192 -21.1686 -60.835 32.8 1.1 0.8 2.7
2007.0219 -17.7038 -61.8341 24.5 1.2 0.9 2.7
2007.0247 -19.2226 -60.835 24.7 1.1 0.8 2.7
2007.0274 -22.4501 -60.1689 27.7 1.3 0.9 2.8
2007.0301 -19.8397 -60.724 31 1.2 0.9 2.8
2007.0329 -21.1686 -60.391 31.1 1.1 0.9 2.7
2007.0356 -19.6023 -60.613 32.9 1.1 0.8 2.6
2007.0384 -19.6973 -60.724 37.7 1.1 0.9 2.6
2007.0411 -21.6907 -60.946 35.2 1.2 0.9 2.8
2007.0438 -22.4501 -61.168 29.6 1.1 0.9 2.7
2007.0466 -22.8773 -60.724 37.4 1.4 0.9 3.0
2007.0493 -25.4878 -62.5002 33.5 1.3 0.9 2.8
2007.0521 -20.2194 -63.1663 31.8 1.2 0.9 2.7
2007.0548 -19.1752 -62.2782 30.4 1.2 0.9 2.7
2007.0575 -21.2636 -60.835 40.3 1.1 0.9 2.7
2007.0603 -21.5483 -61.6121 30.1 1.1 0.9 2.6
2007.0630 -22.023 -61.7231 30.3 1.1 0.9 2.6
2007.0658 -19.6973 -61.7231 29.3 1.1 0.9 2.7
2007.0685 -19.1277 -62.5002 26.4 1.1 0.9 2.7
2007.0712 -20.5516 -63.0553 31.1 1.1 0.9 2.7
2007.0740 -21.0737 -63.4993 31.8 1.1 0.9 2.6
2007.0767 -20.4092 -63.1663 35 1.1 0.9 2.7
2007.0795 -19.6498 -63.1663 29.2 1.3 1.0 2.9
2007.0822 -19.5549 -63.3883 31.9 1.3 0.9 2.8
2007.0849 -23.6842 -64.4984 31.9 1.3 0.9 2.7
2007.0877 -23.0672 -64.1654 31.6 1.2 0.9 2.7
2007.0904 -20.5991 -64.0544 40 1.1 0.9 2.7
2007.0932 -21.0262 -64.7205 38.4 1.1 0.9 2.7
2007.0959 -25.82 -68.0508 39 1.1 0.9 2.7
2007.0986 -22.5451 -65.2755 38.8 1.1 0.9 2.7
2007.1014 -22.1654 -64.6094 30.9 1.2 0.9 2.7
2007.1041 -28.0508 -65.3865 37 1.2 0.9 2.7
2007.1068 -29.6171 -66.1636 26.8 1.4 1.0 2.8
2007.1096 -26.0099 -68.1619 16.7 1.2 0.9 2.7
2007.1123 -24.3012 -69.05 19.6 1.1 0.9 2.6
2007.1151 -26.6269 -67.3848 30.3 1.1 0.9 2.6
2007.1178 -26.0574 -68.3839 21.7 1.1 0.9 2.6
2007.1205 -25.2505 -68.2729 20.4 1.1 0.9 2.7
2007.1233 -23.969 -69.827 19.1 1.3 0.9 2.8
2007.1260 -25.2979 -66.9407 21.6 1.2 0.9 2.7
2007.1288 -24.7284 -69.716 8.7 1.2 0.9 2.7
2007.1315 -23.7317 -69.161 1.4 1.2 0.9 2.8
2007.1342 -22.3078 -68.1619 3.2 1.1 0.9 2.7
2007.1370 -24.7759 -66.0526 0.5 1.2 0.9 2.6
2007.1397 -24.3012 -65.3865 0.2 1.1 0.9 2.6
2007.1425 -23.874 -65.2755 -1.2 1.1 0.9 2.6
2007.1452 -19.5549 -64.2764 1 1.1 0.9 2.6
2007.1479 -20.3143 -63.1663 -2.8 1.1 0.8 2.6
2007.1507 -20.2668 -64.4984 -1.2 1.1 0.8 2.6
2007.1534 -19.9821 -64.3874 -2.1 1.1 0.8 2.6
2007.1562 -22.64 -63.3883 -1.7 1.1 0.8 2.6
2007.1589 -23.4943 -64.2764 1.3 1.2 0.9 2.7
2007.1616 -22.64 -64.7205 -4.8 1.4 1.0 2.9
2007.1644 -20.3618 -65.1645 -5.9 1.3 0.9 2.8
2007.1671 -20.9313 -64.2764 -7.7 1.1 0.9 2.6
2007.1699 -20.7415 -64.7205 -7.7 1.1 0.9 2.6
2007.1726 -19.7447 -65.2755 -5 1.1 0.8 2.6
2007.1753 -20.8839 -63.4993 -2.5 1.1 0.9 2.6
2007.1781 -20.2194 -64.6094 -4 1.2 0.9 2.8
2007.1808 -20.9313 -64.1654 -0.3 1.2 0.9 2.7
2007.1836 -20.9313 -63.2773 -3.1 1.1 0.9 2.6
2007.1863 -21.5009 -63.3883 1.1 1.1 0.8 2.5
2007.1890 -21.5009 -63.6103 0.7 1.1 0.9 2.6
2007.1918 -21.5958 -64.9425 -1.8 1.1 0.9 2.6
2007.1945 -22.1179 -65.0535 -3.5 1.1 0.9 2.6
2007.1973 -20.3618 -65.2755 -3.7 1.3 1.0 2.8
2007.2000 -21.1212 -63.7213 -7.4 1.1 0.9 2.6
2007.2027 -22.1654 -65.1645 -6.5 1.1 0.9 2.6
2007.2055 -20.0295 -65.8306 -8.3 1.1 0.9 2.6
2007.2082 -20.5042 -65.8306 -3.3 1.1 0.9 2.6
2007.2110 -20.5516 -66.1636 -6.2 1.1 0.9 2.6
2007.2137 -21.7382 -65.6086 -7 1.0 0.9 2.6
2007.2164 -16.185 -61.9451 1 1.1 0.9 2.6
2007.2192 -20.3143 -65.9416 3.8 1.1 0.9 2.5
2007.2219 -23.352 -67.1627 3.4 1.1 0.8 2.6
2007.2247 -20.0295 -65.7196 4.3 1.2 0.9 2.7
2007.2274 -20.2194 -66.8297 3.5 1.6 1.1 3.2
2007.2301 -21.2636 -67.1627 -1.9 1.2 1.0 2.7
2007.2329 -17.6089 -64.6094 2.5 1.2 0.9 2.6
2007.2356 -21.311 -67.6068 -2.2 1.2 0.9 2.7
2007.2384 -23.0672 -68.3839 -10.3 1.1 0.8 2.7
2007.2411 -20.7415 -66.6077 -4 1.1 0.8 2.6
2007.2438 -21.5009 -68.1619 -7.6 1.1 0.9 2.6
2007.2466 -22.5451 -67.9398 -11.8 1.1 0.8 2.6
2007.2493 -19.5549 -69.05 -7 1.5 1.1 3.1
2007.2521 -21.1212 -71.9363 -15.2 1.4 1.0 3.0
2007.2548 -22.023 -68.4949 -8.7 1.1 0.8 2.6
2007.2575 -20.7415 -68.7169 -6.2 1.1 0.8 2.6
2007.2603 -20.2668 -67.8288 2.1 1.1 0.9 2.6
2007.2630 -24.2538 -69.494 -1.9 1.1 0.9 2.7
2007.2658 -22.2603 -70.1601 6.6 1.1 0.8 2.6
2007.2685 -22.3078 -69.161 4.8 1.1 0.8 2.6
2007.2712 -23.7317 -67.9398 6.2 1.2 0.9 2.6
2007.2740 -20.7889 -70.4931 0.4 1.1 0.9 2.6
2007.2767 -25.8675 -71.8253 -2.6 1.1 0.9 2.6
2007.2795 -23.1146 -70.4931 0.7 1.3 0.9 2.8
2007.2822 -24.7284 -68.8279 2.3 1.1 0.8 2.6
2007.2849 -23.3045 -70.1601 3.9 1.1 0.8 2.5
2007.2877 -22.9248 -70.9372 5.9 1.1 0.8 2.5
2007.2904 -21.6907 -71.9363 2.7 1.1 0.8 2.5
2007.2932 -23.4943 -69.9381 0.2 1.3 1.0 2.8
2007.2959 -23.0672 -69.9381 -0.4 1.1 0.8 2.6
2007.2986 -22.1179 -69.383 2.4 1.2 0.8 2.6
2007.3014 -25.0606 -64.8315 0.4 1.1 0.8 2.5
2007.3041 -21.1686 -68.3839 0.6 1.1 0.8 2.5
2007.3068 -22.2128 -69.272 1.9 1.2 0.9 2.6
2007.3096 -25.0132 -70.0491 3.8 1.2 0.9 2.6
2007.3123 -22.9248 -69.272 1.6 1.1 0.8 2.6
2007.3151 -24.2063 -68.9389 3.3 1.1 0.9 2.6
2007.3178 -25.1081 -69.9381 2.2 1.1 0.8 2.6
2007.3205 -20.7415 -70.7151 3 1.2 0.9 2.6
2007.3233 -21.2636 -71.1592 -4.7 1.6 1.0 2.9
2007.3260 -17.7987 -67.9398 -5.7 1.3 0.9 2.7
2007.3288 -19.6498 -71.4922 -5.1 1.4 0.9 2.8
2007.3315 -22.2128 -69.605 -4.7 1.1 0.9 2.6
2007.3342 -20.2668 -70.8262 -6.4 1.1 0.9 2.6
2007.3370 -19.9346 -71.7143 -10.6 1.1 0.9 2.6
2007.3397 -20.8839 -72.7134 -9.5 1.1 0.8 2.5
2007.3425 -22.2603 -73.8235 -11.9 1.1 0.8 2.6
2007.3452 -21.0737 -73.4905 -11.6 1.1 0.8 2.5
2007.3479 -21.9755 -74.3786 -11.8 1.3 0.9 2.7
2007.3507 -20.5516 -73.2684 -15.1 1.2 0.9 2.6
2007.3534 -19.2226 -73.8235 -16.2 1.2 0.8 2.6
2007.3562 -19.8397 -74.1565 -17.8 1.2 0.9 2.7
2007.3589 -24.8233 -74.7116 -13.7 1.2 0.9 2.7
2007.3616 -22.5925 -75.7107 -17.8 1.1 0.8 2.5
2007.3644 -22.7824 -76.7098 -17.4 1.1 0.8 2.5
2007.3671 -20.9313 -77.0429 -20.3 1.2 0.8 2.6
2007.3699 -19.1277 -78.264 -20.2 1.1 0.8 2.5
2007.3726 -22.7349 -77.0429 -15.7 1.1 0.8 2.5
2007.3753 -25.5353 -76.7098 -14 1.1 0.9 2.6
2007.3781 -23.4469 -78.153 -17.6 1.4 1.0 2.8
2007.3808 -22.4976 -78.264 -24.1 1.2 0.9 2.6
2007.3836 -24.0639 -80.2622 -22.5 1.1 0.8 2.5
2007.3863 -21.9281 -81.3724 -20.4 1.1 0.8 2.6
2007.3890 -25.4878 -77.1539 -18.9 1.3 0.9 2.6
2007.3918 -24.0164 -80.3733 -17.6 1.5 1.0 3.0
2007.3945 -25.2505 -78.486 -15.7 1.5 1.0 2.8
2007.3973 -25.5353 -78.9301 -20.6 1.4 1.0 2.7
2007.4000 -20.2194 -79.3741 -10.9 1.5 1.0 2.8
2007.4027 -24.2063 -78.375 -13.8 1.2 0.8 2.6
2007.4055 -22.9248 -80.0402 -19.8 1.1 0.8 2.6
2007.4082 -22.8773 -81.2614 -20 1.1 0.8 2.5
2007.4110 -22.3552 -79.9292 -16.8 1.1 0.8 2.6
2007.4137 -23.6367 -80.3733 -19.4 1.1 0.8 2.5
2007.4164 -21.0737 -80.2622 -17.6 1.1 0.8 2.5
2007.4192 -23.352 -79.1521 -21.1 1.1 0.8 2.5
2007.4219 -24.3487 -80.5953 -21.1 1.1 0.8 2.6
2007.4247 -21.9281 -80.2622 -17.1 1.1 0.8 2.6
2007.4274 -20.1244 -77.1539 -16.2 1.1 0.8 2.6
2007.4301 -24.9657 -78.486 -18.8 1.1 0.8 2.5
2007.4329 -23.4943 -79.2631 -15.2 1.1 0.8 2.5
2007.4356 -24.9182 -81.2614 -16.9 1.1 0.8 2.6
2007.4384 -22.9722 -78.5971 -18.2 1.2 0.9 2.6
2007.4411 -21.3585 -78.042 -13.1 1.2 0.9 2.6
2007.4438 -23.6367 -80.5953 -21.1 1.1 0.8 2.6
2007.4466 -20.9313 -81.4834 -13.9 1.2 0.9 2.7
2007.4493 -25.4878 -79.3741 -21.9 1.2 0.8 2.6
2007.4521 -25.3929 -82.3715 -23.7 1.3 0.9 2.7
2007.4548 -23.3045 -81.9274 -22.9 1.2 0.8 2.6
2007.4575 -20.4567 -79.0411 -27.4 1.2 0.8 2.5
2007.4603 -20.5516 -80.0402 -17.5 1.2 0.8 2.5
2007.4630 -23.2096 -83.3706 -19.8 1.1 0.8 2.5
2007.4658 -24.1588 -81.0393 -20.6 1.1 0.8 2.5
2007.4685 -21.6907 -78.9301 -21 1.1 0.8 2.5
2007.4712 -25.2979 -82.8155 -12.7 1.2 0.9 2.6
2007.4740 -24.7284 -80.1512 -23.6 1.2 0.9 2.6
2007.4767 -21.406 -77.82 -14.7 1.2 0.9 2.5
2007.4795 -22.1654 -81.2614 -18.4 1.1 0.9 2.6
2007.4822 -21.5958 -81.8164 -18.2 1.1 0.8 2.5
2007.4849 -19.365 -78.264 -22.7 1.1 0.8 2.5
2007.4877 -25.9624 -78.7081 -22.7 1.2 0.8 2.6
2007.4904 -22.4976 -82.2605 -16.1 1.5 1.1 2.9
2007.4932 -23.1621 -84.3697 -21.1 1.1 0.9 2.5
2007.4959 -23.0197 -80.9283 -20.1 1.1 0.8 2.5
2007.4986 -20.7889 -83.4816 -23.5 1.1 0.8 2.5
2007.5014 -24.4911 -81.7054 -22.2 1.1 0.8 2.5
2007.5041 -23.9215 -83.5926 -16.1 1.1 0.8 2.5
2007.5068 -28.0508 -80.3733 -17.9 1.2 0.9 2.5
2007.5096 -25.2505 -81.7054 -15.2 1.1 0.9 2.6
2007.5123 -24.0639 -82.7045 -25 1.1 0.8 2.5
2007.5151 -22.1654 -82.3715 -22.1 1.1 0.8 2.5
2007.5178 -25.7251 -83.7036 -13 1.1 0.8 2.5
2007.5205 -24.6335 -83.1486 -12.7 1.1 0.8 2.5
2007.5233 -21.3585 -81.5944 -20.2 1.1 0.8 2.6
2007.5260 -26.1997 -83.4816 -8.5 1.3 1.0 2.8
2007.5288 -25.2505 -83.4816 -14.4 1.1 0.8 2.6
2007.5315 -23.0672 -83.2596 -19.2 1.1 0.8 2.5
2007.5342 -22.64 -84.1477 -19.5 1.4 1.1 3.0
2007.5370 -25.1081 -86.2569 -24.8 1.1 0.9 2.5
2007.5397 -24.5385 -81.1504 -19 1.1 0.8 2.5
2007.5425 -24.2063 -83.0376 -17.8 1.1 0.8 2.5
2007.5452 -23.8266 -81.7054 -12.1 1.1 0.8 2.5
2007.5479 -26.5795 -79.2631 -18 1.1 0.8 2.5
2007.5507 -22.4027 -82.3715 -19.9 1.2 1.0 2.7
2007.5534 -20.9313 -81.1504 -18 1.2 0.9 2.6
2007.5562 -23.9215 -83.0376 -20.2 1.1 0.8 2.5
2007.5589 -23.7317 -82.0385 -15.9 1.1 0.9 2.5
2007.5616 -25.0132 -79.8182 -17 1.1 0.8 2.6
2007.5644 -24.8708 -83.4816 -13.2 1.1 0.9 2.5
2007.5671 -24.0164 -83.7036 -15.3 1.1 0.9 2.5
2007.5699 -25.2979 -80.8173 -16.7 1.1 0.9 2.6
2007.5726 -25.1556 -83.3706 -15.9 1.1 0.9 2.5
2007.5753 -20.3143 -84.5917 -18.2 1.2 1.0 2.7
2007.5781 -27.5762 -83.5926 -19.5 1.1 0.9 2.5
2007.5808 -22.2128 -83.8147 -28.3 1.1 0.9 2.5
2007.5836 -23.2096 -82.0385 -22 1.2 0.9 2.5
2007.5863 -21.406 -81.9274 -19.3 1.1 0.9 2.4
2007.5890 -23.8266 -82.5935 -23.9 1.1 0.9 2.4
2007.5918 -26.532 -83.8147 -18.4 1.1 0.8 2.5
2007.5945 -25.6777 -82.5935 -17.3 1.1 0.9 2.5
2007.5973 -24.586 -81.1504 -21.6 1.1 0.9 2.6
2007.6000 -24.586 -82.5935 -24.7 1.2 1.0 2.7
2007.6027 -27.2439 -82.3715 -23.2 1.1 0.9 2.5
2007.6055 -25.8675 -82.8155 -24.6 1.1 0.9 2.5
2007.6082 -26.6744 -84.0367 -21.9 1.2 1.0 2.6
2007.6110 -24.5385 -83.0376 -15.8 1.2 0.9 2.6
2007.6137 -24.5385 -85.9239 -19.7 1.1 0.9 2.5
2007.6164 -24.0164 -83.2596 -20.6 1.1 0.9 2.4
2007.6192 -25.915 -82.4825 -21.2 1.1 0.9 2.6
2007.6219 -28.4305 -83.4816 -23.7 1.2 0.9 2.7
2007.6247 -26.4371 -84.1477 -18.3 1.1 0.9 2.7
2007.6274 -24.3961 -83.1486 -21 1.1 0.9 2.6
2007.6301 -27.149 -84.0367 -15.7 1.1 0.9 2.5
2007.6329 -24.1588 -83.4816 -24.2 1.1 0.9 2.6
2007.6356 -22.2128 -86.1459 -15.1 1.1 0.9 2.5
2007.6384 -29.4747 -82.1495 -22.2 1.1 0.9 2.5
2007.6411 -29.4273 -77.1539 -21.1 1.1 0.9 2.6
2007.6438 -25.203 -84.8138 -20.5 1.1 0.8 2.5
2007.6466 -27.2439 -83.8147 -24.1 1.1 0.9 2.6
2007.6493 -25.2979 -81.8164 -22.7 1.2 0.9 2.7
2007.6521 -28.8102 -84.9248 -20.1 1.2 0.9 2.6
2007.6548 -25.5827 -82.9266 -20.4 1.2 0.9 2.6
2007.6575 -23.874 -86.2569 -23.6 1.1 0.9 2.5
2007.6603 -25.3454 -84.7028 -19.6 1.1 0.8 2.5
2007.6630 -26.1523 -85.4799 -21.1 1.1 0.8 2.5
2007.6658 -25.5353 -85.1468 -16.3 1.1 0.8 2.5
2007.6685 -24.1114 -85.9239 -22.7 1.1 0.9 2.6
2007.6712 -23.3045 -86.1459 -24.8 1.3 1.0 2.8
2007.6740 -26.6269 -84.9248 -16.1 1.1 0.9 2.5
2007.6767 -25.2979 -82.5935 -22.6 1.1 0.9 2.5
2007.6795 -28.2881 -86.2569 -15 1.1 0.9 2.6
2007.6822 -26.5795 -85.2578 -19.5 1.2 0.9 2.5
2007.6849 -26.4845 -84.4807 -15.3 1.1 0.9 2.6
2007.6877 -27.1965 -85.2578 -13.8 1.2 0.9 2.6
2007.6904 -24.3961 -86.368 -13.7 1.1 0.9 2.5
2007.6932 -27.0066 -86.812 -25 1.1 0.9 2.5
2007.6959 -26.0574 -84.7028 -22 1.1 0.9 2.5
2007.6986 -26.8168 -87.5891 -16.6 1.1 0.9 2.5
2007.7014 -26.9592 -86.479 -21.1 1.1 0.9 2.5
2007.7041 -25.3929 -86.2569 -14.3 1.1 0.8 2.5
2007.7068 -26.3896 -85.4799 -18.2 1.1 0.8 2.5
2007.7096 -25.2979 -85.4799 -19.3 1.1 0.8 2.5
2007.7123 -25.9624 -87.2561 -20.6 1.1 0.8 2.5
2007.7151 -27.0541 -87.145 -24.5 1.1 0.9 2.5
2007.7178 -25.2505 -86.812 -16.4 1.1 0.8 2.5
2007.7205 -26.6744 -86.812 -16.6 1.1 0.9 2.5
2007.7233 -23.6367 -87.2561 -17.4 1.1 0.9 2.5
2007.7260 -27.149 -87.145 -21.8 1.2 0.9 2.6
2007.7288 -25.2505 -86.59 -20.2 1.2 1.0 2.6
2007.7315 -27.0541 -86.923 -21.7 1.1 0.8 2.5
2007.7342 -24.3961 -87.4781 -17.1 1.1 0.8 2.5
2007.7370 -26.1048 -88.0331 -20.2 1.1 0.8 2.5
2007.7397 -26.9592 -87.4781 -20.3 1.2 0.9 2.6
2007.7425 -26.4845 -86.701 -10 1.2 0.9 2.6
2007.7452 -27.5762 -86.0349 -16.3 1.3 1.1 2.8
2007.7479 -23.6367 -88.5882 -10 1.2 0.9 2.6
2007.7507 -26.1523 -86.479 -14.4 1.1 0.9 2.5
2007.7534 -27.2439 -88.4772 -15 1.1 0.9 2.6
2007.7562 -25.4878 -87.4781 -20.4 1.3 1.0 2.9
2007.7589 -24.1588 -86.923 -18.2 1.1 0.9 2.5
2007.7616 -25.5827 -87.145 -11.6 1.1 0.9 2.5
2007.7644 -24.1114 -86.923 -10.1 1.1 0.8 2.5
2007.7671 -26.2947 -85.1468 -11 1.1 0.8 2.5
2007.7699 -24.3487 -87.7001 -13.5 1.2 0.9 2.7
2007.7726 -30.9935 -87.4781 -27.4 1.2 0.9 2.7
2007.7753 -25.6302 -86.368 -14 1.2 0.9 2.7
2007.7781 -24.6809 -87.5891 -12.1 1.1 0.8 2.5
2007.7808 -24.6809 -86.812 -16.2 1.1 0.8 2.5
2007.7836 -25.82 -86.368 -12.6 1.1 0.8 2.4
2007.7863 -27.9084 -86.812 -13.9 1.2 0.9 2.6
2007.7890 -29.0001 -87.034 -14.2 1.1 0.9 2.5
2007.7918 -27.0541 -86.59 -13.2 1.1 0.9 2.5
2007.7945 -24.7759 -88.1442 -15.5 1.1 0.9 2.5
2007.7973 -25.9624 -87.034 -11.5 1.2 0.9 2.6
2007.8000 -27.149 -86.1459 -10.7 1.4 0.9 2.6
2007.8027 -26.2472 -85.7019 -11.7 1.2 0.9 2.6
2007.8055 -23.8266 -87.2561 -13.2 1.1 0.9 2.5
2007.8082 -24.8708 -86.2569 -11.3 1.1 0.9 2.5
2007.8110 -25.7251 -86.0349 -14.5 1.1 0.9 2.5
2007.8137 -26.0099 -85.1468 -9.1 1.1 0.9 2.5
2007.8164 -24.7284 -84.1477 -10.7 1.4 0.9 2.7
2007.8192 -23.4943 -87.5891 -9.4 1.3 0.9 2.7
2007.8219 -23.5893 -88.2552 -12 1.1 0.9 2.5
2007.8247 -27.5287 -87.5891 -11.7 1.1 0.9 2.5
2007.8274 -29.1425 -86.923 -11.3 1.1 0.8 2.5
2007.8301 -28.2407 -87.3671 -6.2 1.1 0.8 2.5
2007.8329 -29.095 -88.0331 -11.2 1.1 0.9 2.5
2007.8356 -25.4878 -88.4772 -12.4 1.1 0.8 2.5
2007.8384 -26.6744 -87.145 -13.2 1.1 0.9 2.5
2007.8411 -25.5353 -88.5882 -12.3 1.1 0.8 2.5
2007.8438 -26.1048 -88.3662 -15.4 1.1 0.8 2.5
2007.8466 -21.6907 -87.2561 -26.2 1.1 0.8 2.5
2007.8493 -24.8233 -89.4763 -15.5 1.0 0.8 2.5
2007.8521 -24.3961 -89.3653 -12.6 1.1 0.8 2.5
2007.8548 -25.2505 -89.8094 -11.5 1.1 0.9 2.6
2007.8575 -24.4436 -89.4763 -11.7 1.1 0.8 2.5
2007.8603 -27.861 -89.1433 -9.8 1.1 0.8 2.5
2007.8630 -29.3798 -90.2534 -11.3 1.0 0.8 2.5
2007.8658 -26.1997 -90.0314 -15 1.0 0.8 2.5
2007.8685 -25.915 -89.8094 -12.7 1.2 0.9 2.6
2007.8712 -26.7693 -90.0314 -13.8 1.1 0.9 2.5
2007.8740 -26.7218 -89.2543 -13.2 1.1 0.8 2.5
2007.8767 -27.4813 -89.2543 -12.7 1.1 0.8 2.5
2007.8795 -27.4813 -91.3635 -13.8 1.1 0.8 2.5
2007.8822 -25.7251 -91.4745 -13 1.1 0.8 2.5
2007.8849 -26.2472 -90.6975 -9.2 1.1 0.8 2.5
2007.8877 -24.3012 -90.1424 -6.5 1.6 1.0 3.1
2007.8904 -25.0606 -90.9195 -7.2 1.2 0.9 2.6
2007.8932 -25.3454 -92.9177 -19.5 1.1 0.8 2.5
2007.8959 -26.9592 -92.1406 -21.7 1.1 0.9 2.6
2007.8986 -22.64 -91.2525 -10.7 1.1 0.9 2.5
2007.9014 -25.5827 -91.8076 -20.1 1.1 0.9 2.5
2007.9041 -32.2276 -89.1433 -15.5 1.1 0.9 2.6
2007.9068 -27.9559 -92.0296 -21.9 1.1 0.8 2.5
2007.9096 -25.8675 -94.4719 -27.8 1.1 0.8 2.5
2007.9123 -26.7693 -92.9177 -31.7 1.1 0.8 2.5
2007.9151 -21.0737 -92.8067 -30.1 1.1 0.8 2.5
2007.9178 -22.4976 -92.3626 -35.8 1.1 0.8 2.5
2007.9205 -24.586 -90.0314 -19.5 1.1 0.8 2.5
2007.9233 -26.7693 -89.9204 -17.1 1.1 0.9 2.5
2007.9260 -24.7284 -92.8067 -27.4 1.1 0.9 2.5
2007.9288 -27.9559 -93.5838 -29 1.1 0.8 2.5
2007.9315 -24.4911 -92.9177 -31.7 1.1 0.9 2.5
2007.9342 -24.3961 -91.0305 -20.5 1.1 0.8 2.5
2007.9370 -20.1244 -91.1415 -9.3 1.1 0.8 2.5
2007.9397 -23.5893 -92.8067 -16.9 1.1 0.8 2.5
2007.9425 -19.365 -88.5882 -13.4 1.2 0.9 2.5
2007.9452 -21.7857 -88.3662 -8.2 1.2 0.9 2.6
2007.9479 -26.0099 -91.2525 -11.6 1.2 0.9 2.6
2007.9507 -22.2603 -89.9204 -5.5 1.1 0.9 2.5
2007.9534 -26.5795 -92.0296 -7.8 1.1 0.9 2.5
2007.9562 -24.3961 -88.8102 -0.2 1.1 0.8 2.5
2007.9589 -25.3929 -90.2534 0 1.1 0.8 2.5
2007.9616 -18.7955 -86.479 2.1 1.4 0.9 2.7
2007.9644 -23.6842 -87.3671 8.5 1.4 1.0 2.8
2007.9671 -22.3078 -86.923 1.4 1.1 0.9 2.6
2007.9699 -28.8102 -89.4763 3.3 1.3 1.0 2.8
2007.9726 -24.3487 -90.8085 6.9 1.1 0.9 2.5
2007.9753 -24.9657 -90.4754 5 1.1 0.8 2.5
2007.9781 -21.5958 -88.8102 16.5 1.1 0.9 2.5
2007.9808 -21.1212 -91.1415 15.5 1.1 0.9 2.5
2007.9836 -22.8299 -91.5856 7.4 1.1 0.9 2.6
2007.9863 -24.3487 -92.6957 8.1 1.1 0.8 2.5
2007.9890 -22.64 -88.0331 3.9 1.1 0.9 2.6
2007.9918 -22.023 -91.0305 12.2 1.1 0.9 2.6
2007.9945 -22.3552 -90.6975 17.7 1.1 0.9 2.5
2007.9973 -22.8299 -90.5864 17.4 1.0 0.9 2.6
2008.0000 -21.8806 -89.8094 20.1 1.1 0.9 2.6
2008.0027 -21.311 -90.1424 22.6 1.1 0.8 2.5
2008.0055 -21.6907 -89.9204 24.6 1.1 0.8 2.5
2008.0082 -22.0704 -90.1424 25.6 1.0 0.8 2.5
2008.0110 -22.2128 -90.8085 24.9 1.0 0.8 2.4
2008.0137 -23.2096 -90.3644 26.8 1.3 1.0 2.7
2008.0164 -22.023 -91.6966 27.8 1.2 1.0 2.6
2008.0192 -20.9788 -91.9186 25.6 1.1 0.9 2.5
2008.0219 -22.2128 -91.4745 24.1 1.1 0.9 2.6
2008.0247 -21.311 -90.8085 24.7 1.1 0.9 2.5
2008.0274 -21.6907 -91.4745 24.3 1.0 0.9 2.5
2008.0301 -22.64 -92.0296 27.9 1.1 0.9 2.5
2008.0329 -21.1212 -90.9195 24.1 1.1 0.9 2.5
2008.0356 -21.2636 -89.6983 23.8 1.2 0.9 2.6
2008.0384 -22.3552 -90.3644 24.1 1.2 0.9 2.6
2008.0411 -19.9346 -88.8102 25.1 1.1 0.9 2.5
2008.0438 -20.694 -90.6975 27.9 1.2 0.9 2.7
2008.0466 -20.2668 -91.6966 17.8 1.1 0.9 2.6
2008.0493 -19.5549 -91.6966 19.5 1.1 0.9 2.5
2008.0521 -18.8904 -91.6966 17.5 1.1 0.9 2.5
2008.0548 -21.9281 -90.1424 22.8 1.1 0.9 2.5
2008.0575 -23.0197 -90.3644 19.5 1.1 0.9 2.5
2008.0603 -21.5483 -88.9212 28.9 1.0 0.9 2.5
2008.0630 -22.2603 -88.8102 3.7 1.0 0.9 2.5
2008.0658 -22.5925 -90.0314 -7.2 1.1 0.9 2.5
2008.0685 -20.8839 -89.3653 3.2 1.1 0.9 2.5
2008.0712 -21.6433 -87.145 -0.9 1.1 0.9 2.5
2008.0740 -20.5516 -87.4781 -2.4 1.0 0.9 2.5
2008.0767 -19.8871 -89.1433 8 1.1 0.9 2.5
2008.0795 -20.1719 -96.2481 6.8 1.2 0.9 2.6
2008.0822 -21.311 -92.0296 3.8 1.1 0.9 2.6
2008.0849 -19.0803 -86.2569 0.7 1.0 0.8 2.5
2008.0877 -21.8806 -89.1433 5.8 1.2 0.9 2.6
2008.0904 -22.6875 -88.5882 1.6 1.2 0.9 2.7
2008.0932 -22.023 -88.8102 2 1.2 1.0 2.7
2008.0959 -22.023 -89.8094 1.6 1.1 0.8 2.5
2008.0986 -22.3078 -88.4772 3.9 1.1 0.9 2.5
2008.1014 -25.1556 -86.923 4.8 1.1 0.9 2.5
2008.1041 -21.6433 -89.2543 5.4 1.1 0.9 2.5
2008.1068 -19.2701 -88.5882 2.6 1.0 0.8 2.5
2008.1096 -18.748 -87.2561 1.8 1.1 0.9 2.5
2008.1123 -17.8937 -87.4781 8.2 1.3 1.0 2.7
2008.1151 -18.4632 -87.2561 11.7 1.2 0.9 2.6
2008.1178 -16.7545 -86.59 6.5 1.1 0.9 2.5
2008.1205 -18.2259 -89.2543 10.6 1.1 0.9 2.5
2008.1233 -22.0704 -90.8085 8.2 1.1 0.8 2.5
2008.1260 -21.2161 -92.2516 11.3 1.2 0.9 2.7
2008.1288 -20.6465 -90.6975 4.8 1.0 0.8 2.5
2008.1315 -19.8871 -91.2525 8 1.0 0.8 2.5
2008.1342 -17.419 -91.4745 6.6 1.2 0.9 2.6
2008.1370 -19.7922 -92.1406 8.5 1.2 0.9 2.7
2008.1397 -19.6023 -91.4745 5.6 1.1 0.8 2.5
2008.1425 -20.5991 -90.9195 3.3 1.1 0.8 2.5
2008.1452 -19.9346 -91.3635 2.1 1.0 0.8 2.5
2008.1479 -21.2636 -91.6966 -1.9 1.0 0.8 2.5
2008.1507 -19.2701 -92.1406 -3.8 1.0 0.8 2.4
2008.1534 -20.2194 -92.2516 -1.8 1.1 0.8 2.5
2008.1562 -20.7889 -93.4728 -5.1 1.0 0.8 2.5
2008.1589 -21.7382 -91.6966 -4 1.1 0.9 2.5
2008.1616 -21.8806 -91.8076 -4.6 1.2 0.9 2.6
2008.1644 -19.1277 -91.8076 -2.3 1.4 1.1 2.8
2008.1671 -21.1212 -92.6957 -0.7 1.2 0.9 2.6
2008.1699 -22.3552 -95.027 -6.5 1.1 0.9 2.5
2008.1726 -20.5516 -93.4728 -2 1.0 0.8 2.5
2008.1753 -21.2636 -94.5829 -1.5 1.1 0.9 2.5
2008.1781 -19.1277 -93.2507 3.6 1.3 1.0 2.6
2008.1808 -22.0704 -92.4737 -1.9 1.0 0.8 2.4
2008.1836 -21.5483 -92.9177 6.3 1.0 0.8 2.4
2008.1863 -20.5042 -92.4737 5.4 1.2 1.0 2.6
2008.1890 -22.5451 -95.027 6.8 1.5 1.1 2.9
2008.1918 -23.7317 -96.3591 -1.5 1.1 0.9 2.5
2008.1945 -25.0132 -95.027 -1 1.2 0.9 2.6
2008.1973 -23.1146 -94.4719 -5.8 1.1 0.8 2.5
2008.2000 -24.7284 -94.2499 -10.6 1.1 0.9 2.5
2008.2027 -24.1114 -95.027 -4.8 1.1 0.9 2.5
2008.2055 -25.9624 -95.027 -8.1 1.1 0.9 2.6
2008.2082 -22.2603 -93.8058 0.7 1.1 0.8 2.5
2008.2110 -20.7415 -93.6948 -0.8 1.1 0.9 2.6
2008.2137 -21.9755 -94.9159 -1.8 1.1 0.9 2.6
2008.2164 -21.8806 -93.9168 -5.9 1.1 0.9 2.6
2008.2192 -20.3618 -94.4719 -2 1.1 0.9 2.6
2008.2219 -22.4976 -94.5829 -2.2 1.1 0.9 2.5
2008.2247 -22.2128 -96.2481 -4.4 1.1 0.9 2.5
2008.2274 -21.406 -95.36 -4.1 1.1 0.9 2.5
2008.2301 -22.3078 -95.693 -0.9 1.1 0.9 2.5
2008.2329 -24.5385 -95.471 -5.4 1.1 0.9 2.6
2008.2356 -23.5418 -95.36 -2.8 1.4 1.1 2.7
2008.2384 -25.2979 -96.9142 -3.9 1.6 1.0 2.9
2008.2411 -22.4027 -97.8023 -2.6 1.4 1.1 2.7
2008.2438 -21.9281 -95.693 -1.6 1.1 0.9 2.6
2008.2466 -22.4976 -94.6939 1.3 1.2 0.9 2.6
2008.2493 -23.0672 -94.9159 1.1 1.1 0.9 2.5
2008.2521 -19.8397 -95.249 1.6 1.1 0.9 2.5
2008.2548 -21.3585 -95.804 -0.5 1.1 0.9 2.6
2008.2575 -23.6367 -94.2499 1.7 1.1 0.9 2.5
2008.2603 -22.8773 -94.8049 3.1 1.2 0.9 2.5
2008.2630 -25.1081 -95.249 4.8 1.3 1.0 2.6
2008.2658 -22.7349 -96.4701 -0.9 1.4 1.0 2.7
2008.2685 -21.2636 -96.6921 -2.2 1.2 0.9 2.5
2008.2712 -19.8397 -97.5802 1.5 1.2 0.9 2.6
2008.2740 -20.9788 -98.2463 3 1.2 0.9 2.5
2008.2767 -20.5042 -98.6904 6.8 1.2 0.9 2.6
2008.2795 -19.9346 -98.5794 0.3 1.1 0.9 2.5
2008.2822 -18.2259 -98.9124 1.2 1.2 1.0 2.6
2008.2849 -18.2734 -99.5785 2.7 1.1 0.9 2.5
2008.2877 -19.0328 -99.4675 3 1.1 0.9 2.5
2008.2904 -21.5483 -99.5785 -1.8 1.1 0.9 2.6
2008.2932 -17.6089 -98.8014 1.3 1.4 1.0 2.7
2008.2959 -18.7955 -100.8 -2 1.1 0.9 2.5
2008.2986 -18.3683 -100.023 -7.5 1.1 0.9 2.5
2008.3014 -18.8429 -98.9124 -6.5 1.1 0.9 2.5
2008.3041 -18.8429 -101.022 0.1 1.1 0.9 2.5
2008.3068 -19.2226 -100.134 -2.9 1.1 0.9 2.5
2008.3096 -18.1784 -100.134 5 1.1 0.9 2.5
2008.3123 -15.8527 -102.687 -8.1 1.6 1.2 3.0
2008.3151 -18.7005 -97.5802 -1.2 1.4 1.0 2.8
2008.3178 -20.8839 -99.3565 2.7 1.1 0.9 2.5
2008.3205 -15.5205 -92.5847 2.6 1.1 0.9 2.6
2008.3233 -19.8871 -97.0252 3 1.2 0.9 2.5
2008.3260 -20.3143 -99.0234 2.6 1.3 1.0 2.7
2008.3288 -19.9821 -97.0252 -1.3 1.1 0.9 2.6
2008.3315 -20.5516 -98.0243 -2.6 1.1 0.9 2.5
2008.3342 -18.4158 -97.2472 -0.9 1.1 0.9 2.5
2008.3370 -22.4501 -97.5802 1.1 1.1 0.9 2.5
2008.3397 -21.6907 -98.3573 -0.3 1.3 1.0 2.6
2008.3425 -20.694 -96.3591 -0.4 1.2 0.9 2.5
2008.3452 -22.2603 -97.9133 -0.5 1.2 0.9 2.5
2008.3479 -20.5991 -97.5802 -4.3 1.1 0.9 2.5
2008.3507 -22.4976 -98.9124 -6.6 1.1 0.9 2.5
2008.3534 -24.586 -98.6904 -6.3 1.1 0.9 2.5
2008.3562 -22.023 -100.8 -6.6 1.1 0.9 2.5
2008.3589 -22.6875 -99.1344 -1.5 1.1 0.9 2.5
2008.3616 -22.3552 -100.467 -2.4 1.1 0.9 2.5
2008.3644 -24.3961 -100.356 -2.2 1.1 0.9 2.5
2008.3671 -21.4534 -97.5802 -9.7 1.1 0.9 2.5
2008.3699 -23.3045 -101.466 -5 1.1 0.9 2.5
2008.3726 -25.82 -101.577 -6.2 1.1 0.9 2.5
2008.3753 -25.5827 -102.687 -10.5 1.1 0.9 2.5
2008.3781 -26.8168 -101.022 -15.9 1.1 0.9 2.5
2008.3808 -25.7251 -100.578 -17.8 1.1 0.9 2.5
2008.3836 -25.2979 -98.3573 -18.7 1.2 0.9 2.6
2008.3863 -26.4845 -100.578 -16.5 1.2 0.9 2.5
2008.3890 -26.8168 -99.0234 -14.1 1.2 0.9 2.6
2008.3918 -27.0066 -102.576 -18.3 1.1 0.9 2.6
2008.3945 -29.9494 -104.019 -16.5 1.2 0.9 2.6
2008.3973 -25.7251 -101.022 -18 1.2 0.9 2.5
2008.4000 -28.7153 -101.91 -19.3 1.1 0.9 2.5
2008.4027 -30.3765 -100.578 -20.9 1.1 0.9 2.5
2008.4055 -28.7153 -102.354 -22.6 1.3 1.0 2.7
2008.4082 -29.9019 -102.687 -17 1.4 1.1 2.7
2008.4110 -30.0443 -100.911 -23.5 1.2 0.9 2.5
2008.4137 -29.1899 -101.799 -18.4 1.2 0.9 2.6
2008.4164 -30.2341 -99.8005 -20.4 1.3 1.0 2.6
2008.4192 -27.8135 -100.245 -15.8 1.2 0.9 2.5
2008.4219 -29.1425 -101.91 -15.6 1.1 0.9 2.5
2008.4247 -28.0983 -101.355 -7.8 1.1 0.9 2.5
2008.4274 -28.2881 -102.132 -18.2 1.1 0.9 2.5
2008.4301 -30.1392 -102.243 -16.1 1.1 0.9 2.5
2008.4329 -29.6646 -102.465 -15.6 1.1 0.9 2.6
2008.4356 -28.8577 -106.239 -15.4 1.4 1.1 2.8
2008.4384 -29.6171 -103.575 -21.8 1.1 0.9 2.6
2008.4411 -27.1016 -102.798 -19.4 1.1 0.9 2.5
2008.4438 -28.7628 -101.91 -18.6 1.1 0.9 2.5
2008.4466 -28.9526 -103.797 -23 1.1 0.9 2.5
2008.4493 -29.9494 -102.798 -19.6 1.1 0.9 2.6
2008.4521 -30.0917 -102.354 -17.2 1.1 0.9 2.5
2008.4548 -27.861 -102.909 -17 1.1 0.9 2.5
2008.4575 -31.1359 -102.909 -17.1 1.4 1.0 2.7
2008.4603 -27.9084 -100.911 -27.1 1.2 0.9 2.6
2008.4630 -29.9968 -103.353 -20.4 1.1 0.9 2.5
2008.4658 -25.9624 -105.573 -17.4 1.1 0.9 2.5
2008.4685 -27.9084 -102.909 -18.9 1.1 0.9 2.5
2008.4712 -28.7153 -102.798 -18.6 1.2 0.9 2.5
2008.4740 -24.8708 -97.4692 -18.1 1.1 0.9 2.5
2008.4767 -31.041 -100.134 -15.9 1.1 0.9 2.5
2008.4795 -30.0917 -102.798 -15.8 1.1 0.9 2.5
2008.4822 -30.6138 -104.685 -17.6 1.1 0.9 2.5
2008.4849 -28.5255 -103.464 -13.4 1.2 0.9 2.6
2008.4877 -30.4714 -103.797 -9.1 1.2 0.9 2.8
2008.4904 -26.7218 -99.0234 -26.4 1.1 0.9 2.5
2008.4932 -27.4813 -105.129 -8.4 1.1 0.9 2.5
2008.4959 -28.6678 -104.463 -16.1 1.1 0.9 2.5
2008.4986 -31.1359 -104.796 -17.4 1.1 0.9 2.5
2008.5014 -30.424 -103.908 -17.8 1.1 0.9 2.6
2008.5041 -29.4747 -103.353 -15.1 1.1 0.9 2.6
2008.5068 -29.1425 -103.02 -11.3 1.1 0.9 2.5
2008.5096 -31.0885 -102.021 -11.1 1.1 0.9 2.5
2008.5123 -30.424 -105.351 -21.3 1.2 0.9 2.6
2008.5151 -27.6236 -103.464 -15.6 1.1 0.9 2.5
2008.5178 -29.9494 -106.017 -13.6 1.1 0.8 2.5
2008.5205 -31.1834 -104.463 -13.9 1.1 0.8 2.5
2008.5233 -30.0443 -100.578 -13.4 1.1 0.9 2.5
2008.5260 -31.8479 -105.795 -17.1 1.1 0.9 2.5
2008.5288 -32.2751 -106.572 -20.9 1.2 1.0 2.6
2008.5315 -32.1801 -104.685 -15.3 1.3 1.1 2.9
2008.5342 -33.5566 -101.799 -7.7 1.2 0.9 2.5
2008.5370 -28.478 -102.687 -18.7 1.1 0.9 2.5
2008.5397 -27.2439 -104.463 -25.5 1.1 0.9 2.6
2008.5425 -30.0443 -104.907 -18.1 1.1 0.9 2.4
2008.5452 -31.1359 -105.351 -15.9 1.1 0.9 2.4
2008.5479 -31.658 -100.689 -15 1.1 0.9 2.5
2008.5507 -30.8037 -104.019 -13.8 1.1 0.9 2.6
2008.5534 -29.9968 -103.908 -11.8 1.1 0.9 2.5
2008.5562 -32.6073 -103.686 -13.7 1.1 1.0 2.6
2008.5589 -32.6073 -104.13 -19.2 1.2 0.9 2.5
2008.5616 -29.095 -103.464 -22.5 1.3 1.0 2.7
2008.5644 -31.753 -102.687 -18.1 1.1 0.9 2.5
2008.5671 -32.7972 -101.91 -18.5 1.1 0.9 2.5
2008.5699 -31.9428 -103.353 -17.5 1.1 0.9 2.5
2008.5726 -29.8544 -105.462 -15.2 1.1 0.9 2.5
2008.5753 -38.5877 -99.3565 -20 1.1 0.9 2.5
2008.5781 -30.2816 -105.018 -18.4 1.1 0.9 2.5
2008.5808 -29.4273 -97.8023 -10.5 1.1 0.9 2.5
2008.5836 -39.442 -107.349 -21.7 1.1 0.9 2.4
2008.5863 -31.5631 -104.463 -19.2 1.1 0.9 2.5
2008.5890 -31.753 -107.127 -20 1.1 0.9 2.5
2008.5918 -30.6138 -104.019 -20.2 1.1 0.9 2.5
2008.5945 -34.0787 -104.13 -21.1 1.1 0.9 2.5
2008.5973 -36.6891 -105.018 -25.8 1.1 0.9 2.5
2008.6000 -31.2309 -105.795 -20.3 1.1 0.9 2.6
2008.6027 -38.3978 -103.353 -20.8 1.1 0.9 2.6
2008.6055 -32.7972 -105.129 -23.8 1.1 0.9 2.5
2008.6082 -33.8413 -105.462 -20.9 1.2 0.9 2.6
2008.6110 -34.4109 -106.239 -20.3 1.1 0.9 2.6
2008.6137 -32.5598 -105.351 -17.6 1.1 0.9 2.5
2008.6164 -32.7022 -107.127 -19 1.1 0.9 2.5
2008.6192 -31.8004 -106.905 -17.6 1.1 0.9 2.5
2008.6219 -34.5058 -108.571 -16.5 1.1 0.9 2.5
2008.6247 -33.5091 -106.017 -20.5 1.1 0.9 2.5
2008.6274 -30.6613 -107.46 -17.5 1.0 0.9 2.5
2008.6301 -32.8446 -106.017 -24.7 1.1 0.9 2.5
2008.6329 -35.8348 -107.682 -14.8 1.4 1.0 2.8
2008.6356 -32.8921 -107.127 -17.6 1.2 0.9 2.6
2008.6384 -34.2685 -105.684 -20.8 1.0 0.9 2.5
2008.6411 -34.3634 -107.016 -18.4 1.1 0.9 2.5
2008.6438 -34.9805 -107.349 -17.8 1.1 0.9 2.5
2008.6466 -32.0852 -106.683 -20.9 1.1 0.9 2.5
2008.6493 -36.5468 -107.016 -17.2 1.1 0.9 2.5
2008.6521 -32.2276 -106.35 -16.1 1.1 0.9 2.5
2008.6548 -34.9805 -106.794 -21.4 1.1 0.9 2.5
2008.6575 -34.7906 -105.462 -14.9 1.2 0.9 2.6
2008.6603 -35.3127 -104.907 -19.4 3.8 2.6 5.8
2008.6630 -31.9428 -105.462 -17.6 1.0 0.9 2.4
2008.6658 -35.5975 -107.793 -17.5 1.1 0.9 2.5
2008.6685 -33.1294 -105.684 -20.7 1.1 0.9 2.5
2008.6712 -34.5533 -107.127 -16.3 1.1 0.9 2.5
2008.6740 -32.987 -108.793 -15.6 1.1 0.9 2.6
2008.6767 -29.807 -106.683 -6.2 1.1 0.9 2.5
2008.6795 -34.3634 -109.015 -19.4 1.5 1.2 3.2
2008.6822 -33.604 -105.129 -22.5 1.1 0.9 2.5
2008.6849 -31.7055 -107.349 -21.1 1.1 0.9 2.6
2008.6877 -30.3765 -105.684 -12.7 1.1 0.9 2.5
2008.6904 -33.9837 -109.792 -19 1.1 0.9 2.5
2008.6932 -33.5091 -107.238 -20.8 1.1 0.9 2.5
2008.6959 -31.2783 -108.126 -15.5 1.1 0.9 2.5
2008.6986 -31.8953 -109.015 -17.3 1.1 0.9 2.5
2008.7014 -31.5156 -108.237 -15.2 1.1 0.9 2.5
2008.7041 -32.987 -108.237 -16.5 1.1 0.9 2.5
2008.7068 -32.8446 -107.238 -13.2 1.1 0.9 2.5
2008.7096 -32.37 -108.126 -17.7 1.3 1.1 2.8
2008.7123 -34.0787 -109.903 -21 1.2 1.0 2.7
2008.7151 -32.8921 -107.349 -16.6 1.2 0.9 2.6
2008.7178 -29.9968 -110.569 -15.5 1.3 1.0 2.7
2008.7205 -34.2685 -108.459 -12 1.2 0.9 2.5
2008.7233 -33.1769 -108.459 -12.1 1.1 0.9 2.5
2008.7260 -30.1867 -107.682 -15.7 1.1 0.9 2.5
2008.7288 -33.3667 -106.683 -17.6 1.1 0.9 2.5
2008.7315 -32.6073 -107.238 -16.5 1.1 0.9 2.5
2008.7342 -32.0377 -108.682 -15.9 1.1 0.9 2.5
2008.7370 -32.1801 -109.126 -12.3 1.1 0.9 2.5
2008.7397 -31.9903 -108.571 -14.9 1.1 0.9 2.5
2008.7425 -26.3421 -104.352 -27.6 1.2 0.9 2.6
2008.7452 -31.041 -108.571 -18.7 1.1 0.9 2.5
2008.7479 -31.5631 -108.682 -16.6 1.2 0.9 2.5
2008.7507 -30.8037 -109.459 -15.1 1.1 0.9 2.5
2008.7534 -30.3291 -108.904 -13.5 1.2 0.9 2.5
2008.7562 -32.4649 -106.794 -14.6 1.3 1.0 2.7
2008.7589 -31.2783 -107.793 -10 1.3 1.0 2.7
2008.7616 -31.6106 -108.015 -10.7 1.2 0.9 2.6
2008.7644 -34.7431 -108.904 -14.5 1.1 0.9 2.5
2008.7671 -31.9903 -107.904 -10.4 1.1 0.9 2.5
2008.7699 -31.3258 -108.237 -15 1.1 0.9 2.5
2008.7726 -31.5631 -109.459 -17.4 1.1 0.9 2.6
2008.7753 -31.8004 -107.127 -18.4 1.1 0.9 2.5
2008.7781 -28.7628 -107.793 -11.3 1.1 0.9 2.5
2008.7808 -31.5156 -106.794 -17.7 1.6 1.1 3.0
2008.7836 -33.5091 -108.793 -12.9 1.2 0.9 2.5
2008.7863 -31.9903 -109.015 -16.9 1.2 0.9 2.5
2008.7890 -32.1327 -107.238 -16.6 1.1 0.9 2.5
2008.7918 -31.9428 -108.904 -12.4 1.2 0.9 2.6
2008.7945 -32.5124 -109.015 -16.8 1.2 0.9 2.6
2008.7973 -32.4649 -106.461 -13.1 1.1 0.9 2.5
2008.8000 -33.7464 -109.237 -11.5 1.1 0.9 2.4
2008.8027 -33.604 -108.904 -16.3 1.1 0.9 2.5
2008.8055 -33.3192 -108.682 -15 1.1 0.9 2.5
2008.8082 -30.7562 -110.458 -15 1.1 0.9 2.5
2008.8110 -38.3029 -113.455 -12.4 1.1 0.9 2.5
2008.8137 -32.7022 -108.348 -14.9 1.1 0.9 2.5
2008.8164 -32.6548 -109.792 -12.3 1.1 0.9 2.5
2008.8192 -33.4142 -111.568 -18 1.1 0.9 2.5
2008.8219 -33.1294 -109.681 -20 1.1 0.9 2.5
2008.8247 -31.9903 -109.015 -17.9 1.1 0.9 2.5
2008.8274 -32.987 -109.903 -19.4 1.1 0.9 2.5
2008.8301 -30.9461 -107.571 -14.2 1.2 1.0 2.6
2008.8329 -31.753 -110.458 -16.1 1.2 0.9 2.5
2008.8356 -31.5156 -109.237 -17.3 1.1 0.9 2.5
2008.8384 -31.7055 -111.124 -14.6 1.1 0.9 2.5
2008.8411 -32.3225 -109.903 -11.5 1.1 0.9 2.5
2008.8438 -33.0819 -110.347 -10.3 1.1 0.9 2.5
2008.8466 -34.9805 -111.346 -12.1 1.1 0.9 2.5
2008.8493 -33.7939 -112.234 -22.2 1.1 0.9 2.5
2008.8521 -33.4616 -112.567 -18.6 1.1 0.9 2.5
2008.8548 -28.6204 -111.124 -12.9 1.2 0.9 2.5
2008.8575 -28.3356 -109.792 -15.9 1.3 0.9 2.6
2008.8603 -33.9837 -110.902 -15.7 1.2 0.9 2.5
2008.8630 -33.604 -112.123 -9.3 1.1 0.9 2.5
2008.8658 -32.1327 -111.013 1.2 1.1 0.9 2.5
2008.8685 -31.5631 -112.012 -8.6 1.1 0.9 2.5
2008.8712 -33.1294 -111.568 -10.8 1.1 0.9 2.5
2008.8740 -30.8037 -112.789 -13.7 1.1 0.9 2.5
2008.8767 -29.2849 -112.567 -15.4 1.1 0.9 2.5
2008.8795 -34.0312 -115.12 -16.6 1.2 0.9 2.6
2008.8822 -34.5058 -118.118 -15.2 1.1 0.9 2.5
2008.8849 -30.3291 -112.9 -16.8 1.1 0.9 2.5
2008.8877 -31.753 -111.568 -14.1 1.1 0.9 2.5
2008.8904 -31.753 -110.236 -5.3 1.2 0.9 2.6
2008.8932 -31.9903 -109.126 5 1.1 0.9 2.6
2008.8959 -32.8921 -110.902 3.9 1.1 0.9 2.5
2008.8986 -29.9019 -114.01 -10.5 1.1 0.9 2.5
2008.9014 -27.5287 -113.233 1.2 1.1 0.9 2.6
2008.9041 -32.7497 -115.564 1.2 1.2 0.9 2.6
2008.9068 -32.7022 -114.121 -2.5 1.2 0.9 2.5
2008.9096 -32.4174 -113.566 2.4 1.1 0.9 2.5
2008.9123 -31.2783 -114.676 4.6 1.1 0.9 2.5
2008.9151 -29.4273 -113.899 7 1.1 0.9 2.5
2008.9178 -31.3258 -114.232 -0.8 1.1 0.9 2.5
2008.9205 -31.3733 -114.454 -6.8 1.1 0.9 2.5
2008.9233 -28.5255 -113.011 -7.9 1.1 0.9 2.5
2008.9260 -32.2276 -112.123 5.5 1.1 0.9 2.5
2008.9288 -31.658 -113.566 16.8 1.1 0.9 2.5
2008.9315 -32.7022 -114.343 8.4 1.3 0.9 2.6
2008.9342 -32.4174 -112.678 16.1 1.2 0.9 2.5
2008.9370 -32.6073 -112.789 17.8 1.1 0.9 2.5
2008.9397 -32.0377 -111.679 6.3 1.1 0.9 2.5
2008.9425 -30.9935 -112.012 0.6 1.1 0.9 2.5
2008.9452 -33.0819 -117.007 -7.7 1.1 0.9 2.5
2008.9479 -31.8479 -115.342 -1.2 1.1 0.9 2.6
2008.9507 -31.1359 -115.897 -12.1 1.2 0.9 2.6
2008.9534 -30.8037 -117.007 -16.5 1.1 0.9 2.5
2008.9562 -31.8004 -115.12 -12 1.1 0.9 2.5
2008.9589 -29.712 -117.674 -14.7 1.1 0.9 2.5
2008.9616 -30.8986 -114.454 -5.4 1.1 0.9 2.6
2008.9644 -29.2849 -114.565 -1.6 1.1 0.9 2.6
2008.9671 -29.1899 -114.454 -1.8 1.1 0.9 2.5
2008.9699 -29.8544 -113.788 4.5 1.1 0.9 2.5
2008.9726 -31.1359 -114.343 0 1.1 0.9 2.5
2008.9753 -29.9019 -114.454 -0.3 1.1 0.9 2.5
2008.9781 -29.5222 -113.899 2.2 1.1 0.9 2.5
2008.9808 -31.5631 -113.011 5.7 1.2 0.9 2.5
2008.9836 -30.8037 -112.9 9 1.1 0.9 2.5
2008.9863 -31.9903 -113.233 10.4 1.1 0.9 2.5
2008.9890 -30.2816 -111.79 13 1.1 0.9 2.5
2008.9918 -30.1867 -112.789 11.3 1.1 0.9 2.5
2008.9945 -31.5156 -110.902 4.9 1.1 0.9 2.5
2008.9973 -28.1457 -112.345 1.3 1.1 0.9 2.5
2009.0000 -29.4273 -112.456 3.9 1.1 0.9 2.5
2009.0027 -29.5222 -112.456 4.8 1.2 0.9 2.6
2009.0027 -29.4747 -113.344 8.5 1.1 0.9 2.6
2009.0055 -29.2849 -114.343 7 1.1 0.9 2.6
2009.0082 -29.8544 -111.457 8.7 1.2 0.9 2.6
2009.0110 -30.8037 -112.678 10.2 1.1 0.9 2.5
2009.0137 -31.7055 -112.234 8.4 1.1 0.9 2.5
2009.0164 -29.3798 -111.901 7.9 1.1 0.9 2.5
2009.0192 -30.6613 -112.678 7.7 1.1 0.9 2.5
2009.0219 -30.3765 -113.233 4.2 1.1 0.9 2.6
2009.0247 -30.0917 -113.122 9.3 1.1 0.9 2.5
2009.0274 -29.9019 -113.677 5.1 1.1 0.9 2.5
2009.0301 -29.9494 -113.899 6 1.1 0.9 2.5
2009.0329 -32.7022 -111.901 2.9 1.4 1.1 3.1
2009.0356 -31.8004 -112.345 7.5 1.1 0.9 2.5
2009.0384 -28.6204 -112.567 24.5 1.1 0.9 2.5
2009.0411 -28.5729 -112.789 13.9 1.1 0.9 2.5
2009.0438 -26.0099 -116.896 4.9 1.0 0.9 2.5
2009.0466 -29.0475 -116.008 10.9 1.0 0.9 2.5
2009.0493 -25.82 -115.342 -6.7 1.1 0.9 2.5
2009.0521 -23.8266 -115.564 0.9 1.1 0.9 2.5
2009.0548 -26.2947 -115.453 -3.6 1.1 0.9 2.5
2009.0575 -23.2096 -115.675 -0.7 1.0 0.9 2.5
2009.0603 -22.9722 -117.452 -2 1.1 0.9 2.5
2009.0630 -23.7317 -116.341 -8.6 1.0 0.9 2.5
2009.0658 -22.7349 -116.674 -3.9 1.1 0.9 2.5
2009.0685 -26.4845 -115.675 -2.9 1.0 0.9 2.5
2009.0712 -24.6809 -116.119 4.7 1.1 0.9 2.6
2009.0740 -24.6335 -115.897 9.4 1.1 0.9 2.5
2009.0767 -25.5827 -116.452 6.4 1.1 0.9 2.4
2009.0795 -24.0164 -114.565 8.5 1.1 0.9 2.5
2009.0822 -25.7251 -114.565 16.3 1.1 0.9 2.5
2009.0849 -25.7251 -114.232 12.8 1.1 0.9 2.5
2009.0877 -24.2538 -115.12 12.2 1.1 0.9 2.5
2009.0904 -25.5827 -115.675 14 1.0 0.8 2.5
2009.0932 -25.1556 -116.23 15.8 1.0 0.9 2.4
2009.0959 -21.2636 -115.342 18.4 1.2 1.0 2.6
2009.0986 -24.586 -117.118 19.5 1.1 0.9 2.5
2009.1014 -22.4027 -119.45 18.7 1.1 0.9 2.5
2009.1041 -22.4027 -117.007 22.7 1.1 0.9 2.5
2009.1068 -24.5385 -117.674 17.4 1.0 0.9 2.5
2009.1096 -24.3961 -118.34 20.8 1.0 0.9 2.5
2009.1123 -25.7251 -116.896 21.1 1.0 0.9 2.5
2009.1151 -25.1556 -117.674 15.1 1.1 0.9 2.6
2009.1178 -22.4976 -119.339 6.8 1.1 0.9 2.6
2009.1205 -26.2472 -120.782 5.3 1.0 0.9 2.5
2009.1233 -22.4027 -119.45 7.3 1.3 1.0 2.7
2009.1260 -24.4436 -118.562 7.3 1.1 0.9 2.6
2009.1288 -23.969 -117.452 5.5 1.1 0.9 2.5
2009.1315 -24.3012 -118.118 5.7 1.0 0.9 2.5
2009.1342 -22.7824 -119.45 0.9 1.0 0.9 2.5
2009.1370 -23.3994 -120.338 6.6 1.1 0.9 2.5
2009.1397 -24.0164 -119.894 1.6 1.1 0.9 2.5
2009.1425 -24.8233 -117.007 -1.8 1.1 0.9 2.5
2009.1452 -24.6809 -118.673 0.7 1.1 0.9 2.5
2009.1479 -24.8708 -118.118 0.2 1.1 0.9 2.5
2009.1507 -24.3961 -117.785 6.3 1.1 0.9 2.5
2009.1534 -23.7791 -119.228 4.4 1.1 0.9 2.5
2009.1562 -25.2505 -119.894 8.1 1.1 0.9 2.5
2009.1589 -26.1997 -118.229 -1.8 1.2 1.0 2.7
2009.1616 -22.7349 -119.672 3.3 1.1 0.9 2.5
2009.1644 -24.3012 -119.561 3.2 1.1 0.9 2.5
2009.1671 -24.6335 -118.784 4.6 1.1 0.9 2.5
2009.1699 -23.8266 -117.785 3.8 1.1 0.9 2.5
2009.1726 -25.203 -118.451 0 1.1 0.9 2.5
2009.1753 -25.6777 -118.895 7.4 1.1 0.9 2.5
2009.1781 -27.8135 -118.451 3.8 1.1 0.9 2.6
2009.1808 -25.2505 -118.562 -3.6 1.1 0.9 2.5
2009.1836 -18.7955 -116.563 -19.6 1.2 0.9 2.6
2009.1863 -26.4371 -117.563 -1.6 1.1 0.9 2.5
2009.1890 -25.82 -121.892 2.7 1.1 0.9 2.5
2009.1918 -27.4813 -115.453 -1.2 1.0 0.9 2.5
2009.1945 -20.4567 -116.674 -3 1.1 0.9 2.5
2009.1973 -25.8675 -118.229 3.9 1.3 0.9 2.6
2009.2000 -23.0672 -118.451 3.1 1.2 0.9 2.5
2009.2027 -24.6335 -118.784 3.9 1.1 0.9 2.5
2009.2055 -24.6335 -117.896 3.4 1.1 0.9 2.5
2009.2082 -25.2505 -119.006 3.3 1.1 0.9 2.5
2009.2110 -24.2538 -120.227 1.8 1.1 0.9 2.5
2009.2137 -22.9722 -118.118 3.7 1.1 0.9 2.5
2009.2164 -23.0672 -118.784 4.9 1.1 0.9 2.5
2009.2192 -23.0197 -119.561 3 1.2 0.9 2.5
2009.2219 -29.712 -123.224 6.6 1.1 0.9 2.5
2009.2247 -24.586 -120.227 1.1 1.1 0.8 2.5
2009.2274 -25.7726 -120.671 2.7 1.1 0.9 2.5
2009.2301 -23.6367 -121.115 4 1.1 0.9 2.5
2009.2329 -22.7349 -123.335 11.3 1.1 0.9 2.5
2009.2356 -24.4911 -121.115 13.1 1.1 0.9 2.5
2009.2384 -25.7251 -123.335 6.9 1.1 0.9 2.5
2009.2411 -23.7791 -121.67 6.7 1.1 0.8 2.5
2009.2438 -24.6809 -122.891 8.5 1.1 0.9 2.5
2009.2466 -24.3961 -123.002 9.6 1.1 0.9 2.6
2009.2493 -24.2538 -122.225 2.6 1.1 0.9 2.5
2009.2521 -24.8233 -123.224 6.2 1.1 0.9 2.6
2009.2548 -25.203 -123.335 3.2 1.1 0.9 2.5
2009.2575 -23.0672 -122.447 3.8 1.1 0.8 2.5
2009.2603 -23.8266 -121.781 2.4 1.1 0.8 2.5
2009.2630 -23.4469 -122.669 7.3 1.1 0.9 2.6
2009.2658 -22.7349 -123.335 4.5 1.1 0.8 2.6
2009.2685 -23.257 -122.78 0.6 1.1 0.8 2.5
2009.2712 -26.4845 -123.779 0.6 1.2 0.9 2.6
2009.2740 -22.0704 -122.78 7.5 1.1 0.8 2.5
2009.2767 -21.0262 -122.891 8.6 1.1 0.9 2.6
2009.2795 -23.3045 -122.78 10.1 1.1 0.8 2.6
2009.2822 -16.4698 -119.561 -3 1.1 0.8 2.5
2009.2849 -23.257 -123.557 2.4 1.1 0.8 2.5
2009.2877 -23.8266 -123.446 3.7 1.1 0.8 2.5
2009.2904 -26.8168 -123.113 -0.3 1.2 0.9 2.5
2009.2932 -28.5729 -122.78 -6.4 1.1 0.8 2.6
2009.2959 -21.9281 -123.557 0.6 1.2 0.9 2.6
2009.2986 -23.2096 -124.556 0.4 1.1 0.8 2.5
2009.3014 -25.1556 -123.779 0.8 1.1 0.8 2.5
2009.3041 -17.5614 -120.671 -1.7 1.1 0.8 2.5
2009.3068 -25.82 -124.556 1.8 1.1 0.8 2.5
2009.3096 -24.2063 -124.778 -0.8 1.1 0.8 2.6
2009.3123 -26.6269 -124.445 -1.2 1.1 0.8 2.5
2009.3151 -27.2914 -122.336 5.6 1.1 0.8 2.5
2009.3178 -26.1997 -122.225 1.6 1.1 0.8 2.5
2009.3205 -29.3798 -121.781 -7.3 1.6 1.2 3.5
2009.3233 -26.3896 -121.559 -0.2 1.1 0.8 2.5
2009.3260 -24.8233 -123.668 2.9 1.2 0.9 2.6
2009.3288 -26.8642 -123.446 0.9 1.1 0.9 2.6
2009.3315 -27.8135 -122.225 -1.9 1.1 0.8 2.5
2009.3342 -26.7693 -122.447 -1.5 1.1 0.8 2.5
2009.3370 -27.0541 -122.336 1.8 1.1 0.8 2.5
2009.3397 -28.8102 -122.891 -5.1 1.1 0.8 2.6
2009.3425 -28.1932 -124.889 1.3 1.1 0.8 2.6
2009.3452 -29.3323 -123.89 -2.3 1.1 0.8 2.6
2009.3479 -29.3798 -123.113 -7.3 1.1 0.8 2.6
2009.3507 -29.712 -122.336 -12.2 1.2 1.0 2.6
2009.3534 -31.3258 -123.89 -9.8 1.1 0.9 2.6
2009.3562 -30.8512 -124.001 -12.1 1.1 0.8 2.5
2009.3589 -27.2439 -121.67 -13.7 1.1 0.8 2.6
2009.3616 -27.6711 -123.779 -13.2 1.2 0.9 2.6
2009.3644 -31.2309 -123.113 -18.3 1.1 0.8 2.5
2009.3671 -31.658 -122.891 -16.9 1.1 0.8 2.5
2009.3699 -32.7972 -123.89 -12.2 1.1 0.8 2.5
2009.3726 -32.7972 -125.111 -13.6 1.1 0.9 2.7
2009.3753 -31.4682 -125.222 -13.5 1.1 0.8 2.5
2009.3781 -33.5566 -125 -15.6 1.1 0.8 2.5
2009.3808 -34.933 -125.222 -14.8 1.1 0.9 2.6
2009.3836 -35.4076 -125.222 -20.7 1.1 0.8 2.6
2009.3863 -35.7873 -125.222 -16.7 1.1 0.8 2.6
2009.3890 -36.0247 -124.556 -19.2 1.1 0.9 2.6
2009.3918 -36.0247 -126.777 -20 1.1 0.8 2.5
2009.3945 -40.3913 -125.777 -20.9 1.1 0.8 2.6
2009.3973 -35.5975 -124.889 -19.5 1.1 0.8 2.5
2009.4000 -36.4518 -126.111 -21.2 1.1 0.8 2.6
2009.4027 -39.2047 -124.889 -19.9 1.1 0.8 2.6
2009.4055 -37.5909 -124.889 -15.7 1.1 0.9 2.6
2009.4082 -34.9805 -126.888 -16.9 1.1 0.8 2.6
2009.4110 -36.1196 -126.222 -22 1.1 0.8 2.5
2009.4137 -38.0656 -123.779 -23.2 1.1 0.8 2.6
2009.4164 -36.3094 -127.221 -22.2 1.1 0.8 2.6
2009.4192 -36.2145 -126.555 -18.9 1.1 0.8 2.5
2009.4219 -36.8315 -125.333 -21.3 1.1 0.8 2.6
2009.4247 -36.4993 -125.777 -20.7 1.1 0.8 2.6
2009.4274 -35.8348 -125.111 -17.2 1.2 0.9 2.7
2009.4301 -40.4387 -126.222 -20.1 1.1 0.9 2.6
2009.4329 -39.2522 -126.222 -15.4 1.1 0.8 2.5
2009.4356 -34.6008 -124.001 -17.3 1.1 0.8 2.6
2009.4384 -37.8757 -126.666 -10.2 1.1 0.8 2.6
2009.4411 -37.2587 -126.777 -19.1 1.1 0.8 2.5
2009.4438 -34.4584 -126.555 -16.8 1.1 0.8 2.5
2009.4466 -36.3094 -127.11 -19.5 1.1 0.8 2.5
2009.4493 -39.9641 -125.333 -12.6 1.1 0.8 2.5
2009.4521 -35.1229 -125.555 -11.6 1.1 0.8 2.5
2009.4548 -35.8823 -127.776 -17.2 1.1 0.8 2.5
2009.4575 -36.3094 -125.555 -10.3 1.1 0.8 2.5
2009.4603 -35.7873 -126.111 -16.1 1.1 0.8 2.5
2009.4630 -38.113 -125.333 -15.4 1.1 0.8 2.5
2009.4658 -34.8855 -125.889 -13.5 1.1 0.8 2.6
2009.4685 -35.7873 -126.222 -14.2 1.1 0.8 2.6
2009.4712 -38.3029 -125 -18.7 1.1 0.8 2.5
2009.4740 -37.6859 -126.222 -13.1 1.1 0.8 2.5
2009.4767 -39.2522 -124.667 -16.4 1.8 1.3 3.8
2009.4795 -37.7808 -127.332 -15.3 1.1 0.8 2.5
2009.4822 -36.9265 -127.665 -14.7 1.1 0.8 2.5
2009.4849 -36.4044 -127.11 -10.8 1.1 0.8 2.5
2009.4877 -38.208 -127.665 -14.6 1.1 0.8 2.5
2009.4904 -35.8348 -125.333 -11.3 1.1 0.9 2.5
2009.4932 -37.0689 -126.666 -11.8 1.1 0.9 2.5
2009.4959 -35.1703 -125.889 -15.5 1.1 0.9 2.6
2009.4986 -35.4551 -126.444 -18.1 1.1 0.8 2.6
2009.5014 -38.8725 -124.556 -15.6 1.1 0.8 2.5
2009.5041 -37.4486 -126.999 -15.2 1.1 0.8 2.5
2009.5068 -36.879 -126.444 -14.9 1.1 0.8 2.5
2009.5096 -41.0558 -126.333 -15 1.1 0.8 2.5
2009.5123 -32.9395 -126.111 -13.8 1.1 0.8 2.5
2009.5151 -37.2112 -126.666 -14.7 1.1 0.8 2.5
2009.5178 -37.496 -126.666 -12 1.1 0.9 2.6
2009.5205 -37.8283 -128.553 -20.1 1.1 0.8 2.5
2009.5233 -35.4551 -126.333 -17.6 1.1 0.8 2.5
2009.5260 -36.5468 -127.776 -16.1 1.1 0.8 2.5
2009.5288 -34.1736 -127.443 -13.2 1.0 0.8 2.5
2009.5315 -36.4044 -128.331 -11.9 1.1 0.9 2.6
2009.5342 -36.9739 -126.666 -6.7 1.1 0.9 2.5
2009.5370 -40.0116 -126.888 -24.3 1.1 0.8 2.5
2009.5397 -36.0721 -127.998 -18.9 1.1 0.8 2.5
2009.5425 -38.4453 -129.108 -11.3 1.0 0.8 2.5
2009.5452 -36.4518 -127.998 -10.6 1.0 0.8 2.5
2009.5479 -36.0247 -127.221 -15.2 1.1 0.8 2.5
2009.5507 -35.7873 -127.665 -17.1 1.2 1.0 2.7
2009.5534 -35.7399 -126.999 -12.1 1.1 0.9 2.6
2009.5562 -39.7268 -128.886 -6.2 1.5 1.2 3.1
2009.5589 -37.9707 -127.443 -13 1.1 0.9 2.6
2009.5616 -39.3946 -129.108 -15 1.1 0.9 2.6
2009.5644 -37.6859 -129.33 -12.1 1.1 0.9 2.6
2009.5671 -37.3536 -127.887 -13.4 1.1 0.9 2.6
2009.5699 -38.7301 -127.443 -12 1.1 0.9 2.6
2009.5726 -41.6728 -130.218 -23.1 1.3 1.0 2.9
2009.5753 -38.9674 -129.219 -6.4 1.1 0.9 2.5
2009.5781 -41.1982 -131.439 -13.9 1.3 0.9 2.8
2009.5863 -39.1572 -129.441 -12.5 1.1 0.9 2.5
2009.5890 -40.5337 -130.218 -14.4 1.1 0.9 2.5
2009.5918 -38.3978 -129.33 -13.9 1.1 0.9 2.5
2009.5945 -39.7743 -131.772 -14.7 1.2 1.0 2.6
2009.5973 -39.3946 -131.217 -10.4 1.2 1.0 2.7
2009.6000 -39.1098 -129.663 -20.8 1.1 0.9 2.5
2009.6027 -37.1638 -129.885 -18.8 1.1 0.9 2.5
2009.6055 -38.2554 -130.995 -13.3 1.1 0.9 2.6
2009.6082 -41.9576 -128.22 -14.3 1.1 0.9 2.5
2009.6110 -40.2964 -128.553 -17.3 1.0 0.9 2.5
2009.6137 -40.059 -130.107 -18.7 1.1 0.9 2.5
2009.6164 -39.7268 -130.884 -16.8 1.1 0.9 2.5
2009.6192 -39.442 -129.441 -17.8 1.1 0.9 2.5
2009.6219 -39.1572 -129.441 -13.1 1.2 0.9 2.6
2009.6247 -42.0525 -131.439 -10.5 1.1 0.9 2.5
2009.6274 -41.6253 -130.329 -15.4 1.0 0.8 2.5
2009.6301 -42.8119 -130.995 -18.8 1.1 0.8 2.5
2009.6329 -39.6319 -128.775 -18.6 1.3 0.9 2.8
2009.6356 -40.2014 -131.106 -18.6 1.1 0.9 2.6
2009.6384 -43.0967 -130.551 -15 1.2 0.9 2.6
2009.6411 -42.1 -129.996 -20.8 1.1 0.9 2.6
2009.6438 -42.9068 -131.55 -16.6 1.1 0.9 2.6
2009.6466 -41.388 -130.44 -11.7 1.1 0.9 2.6
2009.6493 -39.7743 -129.663 -13.3 1.1 0.9 2.6
2009.6521 -41.5304 -131.772 -14.6 1.1 0.9 2.6
2009.6548 -42.1474 -132.438 -14.7 1.1 0.9 2.6
2009.6575 -42.1 -130.44 -16.3 1.1 0.9 2.6
2009.6603 -41.5779 -130.218 -14.4 1.1 0.8 2.6
2009.6630 -38.3029 -129.33 -16.5 1.3 0.9 2.8
2009.6658 -45.4224 -138.988 -25.6 1.1 0.8 2.6
2009.6685 -37.496 -131.106 -20.2 1.1 0.9 2.6
2009.6712 -37.5909 -127.221 -6.7 1.1 0.9 2.6
2009.6740 -40.3438 -130.773 -13.9 1.1 0.9 2.6
2009.6767 -38.9199 -129.441 -13.4 1.1 0.9 2.6
2009.6795 -41.1982 -130.218 -13.3 1.1 0.9 2.6
2009.6822 -39.7268 -130.884 -15 1.1 0.9 2.6
2009.6849 -38.4453 -131.106 -12.5 1.1 0.9 2.6
2009.6877 -39.0623 -132.993 -14.6 1.0 0.8 2.6
2009.6904 -40.4387 -129.552 -17.5 1.1 0.8 2.6
2009.6932 -44.046 -133.437 -12.8 1.1 0.9 2.6
2009.6959 -38.6826 -131.883 -7.8 1.1 0.9 2.6
2009.6986 -39.1098 -131.439 -11.5 1.1 0.9 2.6
2009.7014 -38.3029 -131.328 -13.6 1.1 0.9 2.6
2009.7041 -40.0116 -130.995 -13.9 1.1 0.8 2.5
2009.7068 -37.7808 -132.438 -15.2 1.1 0.9 2.6
2009.7096 -39.1098 -129.885 -12 1.1 0.9 2.5
2009.7123 -37.4486 -130.44 -14 1.1 0.9 2.6
2009.7151 -39.4895 -130.551 -12.8 1.1 0.9 2.7
2009.7178 -39.7743 -131.772 -14.3 1.1 0.9 2.6
2009.7205 -40.0116 -132.216 -18.5 1.1 0.9 2.6
2009.7233 -37.7333 -132.105 -13.4 1.2 0.9 2.7
2009.7260 -40.8659 -131.994 -9.9 1.1 0.9 2.6
2009.7288 -40.6286 -135.658 -8.7 1.1 0.9 2.6
2009.7315 -40.5811 -131.994 -13.4 1.1 0.9 2.6
2009.7342 -41.4355 -131.772 -15.8 1.1 0.9 2.6
2009.7370 -38.825 -132.216 -16.3 1.1 0.9 2.6
2009.7397 -38.8725 -131.106 -18.6 1.2 0.9 2.7
2009.7425 -37.7333 -131.106 -16.9 1.2 0.9 2.7
2009.7452 -39.8692 -132.216 -16.5 1.1 0.9 2.6
2009.7479 -40.2014 -131.772 -19.9 1.1 0.9 2.6
2009.7507 -41.1032 -132.438 -19.2 1.1 0.9 2.6
2009.7534 -41.2456 -131.55 -23.5 1.1 0.9 2.6
2009.7562 -39.5844 -132.216 -9.9 1.1 0.9 2.6
2009.7589 -40.154 -132.771 -15 1.1 0.8 2.6
2009.7616 -39.9166 -132.549 -19.4 1.1 0.9 2.6
2009.7644 -41.4355 -133.215 -23 1.1 0.8 2.6
2009.7671 -40.5337 -131.661 -18.9 1.1 0.8 2.6
2009.7699 -40.2489 -130.107 -11.4 1.1 0.9 2.6
2009.7726 -40.2014 -132.993 -16.3 1.1 0.9 2.6
2009.7753 -38.7301 -133.548 -21.7 1.1 0.8 2.5
2009.7781 -37.6859 -132.549 -19.1 1.1 0.9 2.6
2009.7808 -40.4862 -133.992 -23.9 1.1 0.8 2.6
2009.7836 -43.0492 -133.437 -18.9 1.1 0.9 2.6
2009.7863 -42.0525 -131.439 -22.6 1.1 0.8 2.6
2009.7890 -39.4895 -131.772 -7.4 1.1 0.9 2.7
2009.7918 -36.1196 -132.438 -16 1.1 0.8 2.6
2009.7945 -41.2931 -133.326 -14.4 1.1 0.9 2.7
2009.7973 -39.4895 -134.436 -16.3 1.1 0.9 2.7
2009.8000 -41.1032 -133.104 -14.4 1.1 0.8 2.6
2009.8027 -38.825 -135.103 -13.3 1.1 0.8 2.5
2009.8055 -39.1572 -133.659 -12.1 1.1 0.8 2.5
2009.8082 -38.5402 -133.215 -16.6 1.3 0.9 2.7
2009.8110 -36.6891 -133.881 -7.8 1.2 0.9 2.6
2009.8137 -41.1032 -132.327 -10.1 1.1 0.8 2.5
2009.8164 -42.0525 -134.881 -5.9 1.2 0.9 2.6
2009.8192 -41.1507 -134.103 -8.7 1.1 0.9 2.7
2009.8219 -41.9101 -131.994 -17.5 1.1 0.8 2.5
2009.8247 -35.8348 -135.103 -15.4 1.1 0.9 2.6
2009.8274 -37.6859 -133.659 -15.9 1.1 0.9 2.6
2009.8301 -37.4486 -133.881 -16.2 1.3 1.0 2.8
2009.8329 -39.0148 -135.103 -13 1.1 0.9 2.6
2009.8356 -40.8659 -132.882 -16.6 1.1 0.8 2.5
2009.8384 -41.4829 -134.548 -15.8 1.1 0.9 2.6
2009.8411 -43.3815 -135.547 -14.9 1.1 0.9 2.6
2009.8493 -43.8561 -133.548 -5.1 1.1 0.9 2.7
2009.8521 -41.2931 -135.658 -12.2 1.1 0.9 2.7
2009.8548 -40.1065 -135.658 -12.2 1.2 0.9 2.8
2009.8603 -41.8626 -135.103 -12.3 1.1 0.9 2.7
2009.8630 -39.6793 -134.103 -6.1 1.1 0.9 2.7
2009.8658 -41.6728 -134.325 -10.5 1.1 0.9 2.8
2009.8685 -41.9576 -135.88 -8.8 1.1 0.9 2.7
2009.8712 -46.2767 -134.214 -4.7 1.2 0.9 2.7
2009.8740 -44.4731 -134.77 -6.2 1.1 0.9 2.7
2009.8767 -38.4453 -134.436 -12.5 1.1 0.9 2.7
2009.8795 -38.0656 -134.103 -11.9 1.3 1.0 3.1
2009.8822 -41.0558 -134.881 -9.2 1.2 0.9 2.8
2009.8849 -41.5304 -134.659 -6.4 1.1 0.8 2.6
2009.8877 -43.2391 -134.992 -6.2 1.1 0.8 2.6
2009.8904 -39.3946 -134.214 -7.9 1.2 0.9 2.6
2009.8932 -37.8283 -133.104 -3 1.1 0.8 2.6
2009.8959 -39.1098 -133.992 -13.2 1.1 0.8 2.6
2009.8986 -39.7743 -133.548 -0.5 1.1 0.9 2.5
2009.9014 -34.1261 -133.77 6.1 1.2 0.9 2.6
2009.9041 -37.1163 -133.659 4.1 1.2 0.9 2.6
2009.9068 -37.3536 -135.658 2.7 1.1 0.9 2.6
2009.9096 -36.9265 -134.214 -4.9 1.1 0.9 2.6
2009.9123 -38.6351 -135.325 -5.6 1.1 0.9 2.6
2009.9151 -37.6859 -136.324 -4.2 1.1 0.9 2.5
2009.9178 -39.3471 -138.1 -2 1.1 0.9 2.6
2009.9205 -38.113 -137.101 -4.1 1.1 0.9 2.6
2009.9233 -39.2047 -136.546 -8.8 1.1 0.8 2.5
2009.9260 -36.9739 -136.213 -16.4 1.1 0.9 2.6
2009.9288 -36.5942 -135.547 -14.2 1.1 0.9 2.6
2009.9315 -36.6891 -137.545 -11.1 1.1 0.9 2.5
2009.9342 -38.208 -136.99 -13 1.1 0.9 2.6
2009.9370 -39.5844 -136.102 -14.2 1.1 0.9 2.6
2009.9397 -37.7333 -136.435 -11 1.1 0.9 2.6
2009.9425 -35.7399 -135.325 -10.2 1.1 0.9 2.6
2009.9452 -36.262 -136.879 -10.1 1.1 0.9 2.7
2009.9479 -36.879 -135.658 -8 1.1 0.9 2.6
2009.9507 -38.1605 -135.88 -9.2 1.1 0.9 2.5
2009.9534 -38.6826 -134.325 -11.7 1.1 0.9 2.7
2009.9562 -36.5468 -134.881 -3.3 1.1 0.9 2.6
2009.9589 -36.6417 -136.213 8.3 1.1 0.9 2.6
2009.9616 -36.6417 -136.768 10.8 1.1 0.9 2.6
2009.9644 -37.0689 -135.214 6.6 1.1 0.9 2.5
2009.9671 -39.2522 -136.657 4.2 1.1 0.9 2.6
2009.9699 -35.1703 -133.659 -0.2 1.1 0.9 2.6
2009.9726 -34.6482 -135.547 4.8 1.1 0.9 2.6
2009.9753 -33.3667 -136.435 8.5 1.1 0.9 2.6
2009.9781 -35.6924 -134.659 7.1 1.0 0.9 2.6
2009.9808 -39.3471 -135.991 9.6 1.0 0.9 2.6
2009.9836 -37.1638 -133.437 5.8 1.0 0.9 2.6
2009.9863 -33.5091 -133.77 1 1.0 0.9 2.5
2009.9890 -35.7873 -135.769 4 1.1 0.9 2.5
2009.9918 -36.6417 -136.213 -0.5 1.0 0.9 2.5
2009.9945 -36.5468 -136.324 -2.1 1.0 0.9 2.5
2009.9973 -35.5975 -135.547 -2.2 1.0 0.9 2.5
2010.0000 -36.4993 -135.214 -0.1 1.0 0.9 2.5
2010.0027 -35.55 -133.437 -1.2 1.0 0.9 2.5
2010.0055 -37.0214 -134.214 -1.1 1.0 0.9 2.5
2010.0082 -34.6482 -134.103 -2.8 1.1 0.9 2.6
2010.0110 -35.2178 -134.659 2.2 1.1 0.9 2.6
2010.0137 -33.7939 -134.77 4.1 1.0 0.9 2.6
2010.0164 -32.987 -135.769 10.9 1.0 0.9 2.5
2010.0192 -34.4584 -137.101 10.7 1.0 0.8 2.5
2010.0219 -34.6957 -135.991 2.2 1.0 0.9 2.5
2010.0247 -32.987 -135.658 4.8 1.0 0.8 2.5
2010.0274 -31.2783 -133.326 3.8 1.1 0.8 2.5
2010.0301 -32.7497 -132.327 7.1 1.1 0.9 2.6
2010.0329 -32.987 -133.326 9.5 1.0 0.8 2.6
2010.0356 -32.3225 -135.436 4.4 1.1 0.9 2.7
2010.0384 -33.3192 -135.88 11.2 1.1 0.9 2.7
2010.0411 -33.6515 -135.103 8.4 1.1 0.9 2.6
2010.0438 -32.5598 -133.881 9.4 1.0 0.8 2.5
2010.0466 -34.1261 -136.99 14.1 1.0 0.8 2.6
2010.0493 -32.5124 -136.102 20 1.0 0.8 2.6
2010.0521 -30.8037 -136.213 12.2 1.1 0.9 2.6
2010.0548 -32.6548 -137.989 19.7 1.2 0.9 2.7
2010.0575 -31.8004 -134.881 8 1.1 0.9 2.6
2010.0603 -31.4682 -135.103 9.5 1.0 0.8 2.5
2010.0630 -30.8512 -135.658 12.9 1.7 1.6 4.1
2010.0658 -31.658 -138.433 9.9 1.1 0.8 2.6
2010.0685 -30.2341 -134.214 5.4 1.0 0.8 2.6
2010.0712 -31.0885 -135.547 8.9 1.1 0.9 2.6
2010.0740 -35.0754 -139.099 8.2 1.1 0.9 2.6
2010.0767 -29.2374 -135.325 16.2 1.0 0.9 2.6
2010.0795 -33.1769 -139.765 9.4 1.0 0.8 2.6
2010.0822 -31.658 -138.1 5.7 1.1 0.8 2.6
2010.0849 -32.0377 -137.101 6.9 1.1 0.8 2.6
2010.0877 -32.2751 -136.657 8.1 1.1 0.9 2.6
2010.0904 -32.1801 -136.879 5 1.1 0.9 2.6
2010.0932 -36.2145 -140.098 11.7 1.1 0.9 2.6
2010.0959 -32.2276 -136.324 15.1 1.0 0.9 2.6
2010.0986 -33.0345 -135.325 9.7 1.1 0.9 2.6
2010.1014 -31.658 -136.546 15.6 1.1 0.9 2.6
2010.1041 -32.1327 -137.434 10.6 1.0 0.8 2.6
2010.1068 -31.0885 -135.658 12.3 1.1 0.9 2.6
2010.1096 -29.807 -135.103 13.3 1.1 0.8 2.6
2010.1123 -31.7055 -134.992 16.8 1.1 0.9 2.6
2010.1151 -33.5091 -135.88 13.4 1.1 0.8 2.6
2010.1178 -33.4142 -134.992 11.7 1.1 0.9 2.7
2010.1205 -30.6613 -135.991 14.4 1.1 0.8 2.6
2010.1233 -30.424 -136.99 15.8 1.1 0.9 2.6
2010.1260 -32.2276 -137.323 12.9 1.2 0.9 2.7
2010.1288 -32.5598 -136.324 9.3 1.2 0.9 2.7
2010.1315 -29.9019 -138.766 9.9 1.1 0.8 2.6
2010.1342 -29.6171 -139.432 9.8 1.1 0.9 2.6
2010.1370 -27.9084 -140.098 8.2 1.1 0.9 2.7
2010.1397 -31.658 -137.767 5.7 1.1 0.8 2.6
2010.1425 -31.2783 -137.989 6.7 1.1 0.8 2.6
2010.1452 -30.9461 -138.988 8.9 1.2 0.9 2.8
2010.1479 -29.9968 -138.655 8.5 1.1 0.9 2.8
2010.1507 -39.6793 -144.761 12.9 1.1 0.8 2.6
2010.1534 -28.478 -139.876 11.7 1.1 0.8 2.6
2010.1562 -32.3225 -135.991 7.7 1.1 0.8 2.6
2010.1589 -30.1392 -134.103 9.2 1.1 0.8 2.6
2010.1616 -30.5189 -137.101 11.8 1.1 0.8 2.6
2010.1644 -29.9019 -138.766 14.9 1.1 0.9 2.6
2010.1671 -28.6204 -139.765 19.2 1.2 0.9 2.6
2010.1699 -31.8479 -138.322 11.4 1.1 0.9 2.6
2010.1726 -31.3733 -137.767 15 1.1 0.8 2.6
2010.1753 -31.0885 -138.433 15.2 1.1 0.9 2.6
2010.1781 -31.9903 -138.988 12.5 1.1 0.8 2.6
2010.1808 -29.9494 -138.433 16.8 1.1 0.8 2.6
2010.1836 -31.1834 -138.766 17 1.1 0.8 2.6
2010.1863 -29.9494 -137.878 18.1 1.1 0.8 2.6
2010.1890 -32.6073 -138.322 14.4 1.1 0.8 2.6
2010.1918 -30.8986 -137.878 9.8 1.2 0.9 2.7
2010.1945 -30.2816 -138.655 15.1 1.1 0.8 2.6
2010.1973 -26.9592 -135.436 9.3 1.1 0.8 2.6
2010.2000 -29.712 -137.656 10.8 1.1 0.8 2.6
2010.2027 -31.4682 -138.877 12.5 1.1 0.8 2.6
2010.2055 -31.5156 -139.432 5.4 1.1 0.8 2.7
2010.2082 -31.5631 -139.987 6.9 1.1 0.8 2.7
2010.2110 -31.0885 -140.098 6.7 1.1 0.8 2.6
2010.2137 -25.7251 -138.544 1 1.1 0.8 2.6
2010.2164 -29.9494 -138.766 9.3 1.1 0.8 2.6
2010.2192 -29.807 -139.432 8.3 1.1 0.8 2.6
2010.2219 -30.2341 -140.098 10 1.1 0.8 2.6
2010.2247 -30.6138 -139.654 5.5 1.1 0.8 2.6
2010.2274 -29.4273 -140.764 9.7 1.1 0.9 2.7
2010.2301 -30.0917 -138.877 10.5 1.1 0.8 2.6
2010.2329 -30.424 -140.209 12.4 1.1 0.8 2.6
2010.2356 -31.5156 -139.987 17.2 1.1 0.8 2.6
2010.2384 -30.1867 -138.544 18.3 1.2 0.9 2.7
2010.2411 -31.658 -139.21 16.7 1.1 0.8 2.6
2010.2438 -32.1327 -139.987 11.5 1.2 0.9 2.8
2010.2466 -30.5664 -140.986 12.5 1.1 0.9 2.6
2010.2493 -31.753 -141.43 13 1.2 0.9 2.7
2010.2521 -30.6613 -140.764 13 1.4 1.0 2.9
2010.2548 -30.9935 -139.654 11.2 1.1 0.9 2.6
2010.2575 -33.2718 -141.652 9.1 1.2 0.9 2.7
2010.2603 -34.5533 -140.32 17.9 1.5 1.1 3.2
2010.2630 -36.0247 -141.874 17.6 2.4 1.6 3.7
2010.2658 -33.4142 -140.653 13.1 1.4 1.0 3.0
2010.2685 -32.37 -141.097 7.3 1.2 0.9 2.6
2010.2712 -31.0885 -140.653 5.8 1.1 0.9 2.7
2010.2740 -33.0345 -141.208 7.1 1.1 0.9 2.6
2010.2767 -32.5124 -141.985 11 1.1 0.9 2.6
2010.2795 -30.0917 -142.762 10.2 1.3 0.9 2.7
2010.2822 -28.0983 -139.987 19.2 1.1 0.8 2.6
2010.2849 -33.4142 -142.318 11.3 1.1 0.9 2.7
2010.2877 -31.753 -143.873 8.4 1.1 0.9 2.6
2010.2904 -31.2309 -143.095 10.8 1.1 0.8 2.6
2010.2932 -29.5696 -141.874 15 1.1 0.8 2.6
2010.2959 -28.478 -142.762 15 1.1 0.9 2.7
2010.2986 -30.2341 -143.207 6.8 1.1 0.8 2.6
2010.3014 -32.0377 -144.206 13.1 1.1 0.9 2.7
2010.3041 -31.4207 -142.54 12.2 1.2 0.9 2.6
2010.3068 -34.6957 -142.54 7.7 1.1 0.9 2.6
2010.3096 -32.0852 -142.762 9.1 1.1 0.9 2.6
2010.3123 -31.2309 -143.095 5.6 1.1 0.9 2.6
2010.3151 -33.5566 -143.429 4.4 1.1 0.9 2.6
2010.3178 -33.9837 -143.651 8.1 1.1 0.9 2.6
2010.3205 -31.9903 -144.428 8.9 1.2 1.0 3.0
2010.3233 -33.0819 -144.761 6 1.1 0.9 2.6
2010.3260 -32.2751 -145.205 1.9 1.1 0.9 2.6
2010.3288 -30.4714 -144.872 3.6 1.1 0.8 2.6
2010.3315 -30.6138 -143.207 -13.7 1.1 0.8 2.6
2010.3342 -36.4044 -149.09 -6.7 1.3 1.1 3.1
2010.3370 -37.0214 -144.983 -1.7 1.4 1.1 2.9
2010.3397 -32.6073 -147.98 -10.9 1.2 0.9 2.7
2010.3425 -35.4076 -148.868 -11.9 1.1 0.9 2.6
2010.3452 -33.5566 -148.313 -11.7 1.2 0.9 2.7
2010.3479 -36.8315 -151.421 -0.2 1.1 0.9 2.7
2010.3507 -36.9739 -147.092 -15.9 1.1 0.9 2.6
2010.3534 -37.7333 -148.757 -9.4 1.1 0.9 2.6
2010.3562 -38.3978 -149.534 -15.8 1.1 0.9 2.6
2010.3589 -38.0656 -148.313 -12.5 1.1 0.9 2.6
2010.3616 -39.442 -147.869 -10.8 1.2 0.9 2.8
2010.3644 -41.0083 -147.314 -13.3 1.1 0.9 2.6
2010.3671 -41.388 -146.426 -13.4 1.1 0.9 2.6
2010.3699 -41.4355 -147.314 -12 1.1 0.9 2.6
2010.3726 -44.0934 -147.425 -11.9 1.1 0.9 2.5
2010.3753 -43.7137 -148.757 -14.1 1.1 0.9 2.6
2010.3781 -44.4731 -147.314 -9.6 1.3 1.1 2.9
2010.3808 -46.3242 -143.651 -7.7 1.1 0.9 2.8
2010.3836 -43.8561 -149.645 -12.6 1.2 1.0 2.8
2010.3863 -44.8528 -148.313 -18.2 1.1 0.9 2.6
2010.3890 -43.6663 -147.425 -11.2 1.1 0.8 2.6
2010.3918 -48.0803 -146.759 -12.3 1.1 0.8 2.6
2010.3945 -43.2391 -146.204 -14.1 1.1 0.8 2.7
2010.3973 -42.3373 -145.538 -12.6 1.1 0.9 2.6
2010.4000 -44.3782 -148.424 -14.8 1.2 0.9 2.6
2010.4027 -45.3749 -145.76 -11.7 1.1 0.8 2.6
2010.4055 -43.7612 -146.537 -22.3 1.2 0.9 2.7
2010.4082 -39.6319 -150.533 -12.2 1.9 1.4 3.8
2010.4110 -47.0836 -148.868 -14 1.5 1.0 2.9
2010.4137 -41.2456 -148.313 -11.6 1.3 1.0 2.8
2010.4164 -42.2424 -147.092 -7.1 1.2 0.9 2.6
2010.4192 -44.1883 -145.538 -5.9 1.1 0.8 2.6
2010.4219 -46.7988 -143.984 -10.6 1.2 0.9 2.7
2010.4247 -45.4224 -147.092 -9.8 1.2 0.9 2.7
2010.4274 -47.3684 -147.869 -6.4 1.1 0.8 2.6
2010.4301 -44.1409 -147.203 -11.7 1.1 0.9 2.6
2010.4329 -45.897 -148.313 -9.3 1.1 0.9 2.6
2010.4356 -43.9036 -145.538 -28.1 1.1 0.9 2.6
2010.4384 -45.7072 -148.313 -11.1 1.1 0.8 2.6
2010.4411 -45.28 -146.648 -9.4 1.1 0.9 2.6
2010.4438 -41.6728 -147.647 -16.4 1.1 0.9 2.6
2010.4466 -44.4257 -148.091 -4.5 1.1 0.8 2.6
2010.4493 -36.3094 -145.871 -4.1 1.1 0.9 2.6
2010.4521 -44.6155 -146.315 -9.7 1.1 0.9 2.6
2010.4548 -42.7644 -147.314 -10.3 1.1 0.9 2.6
2010.4575 -43.0492 -148.757 -9.8 1.3 1.0 2.8
2010.4603 -45.6122 -145.76 -8.9 1.1 0.9 2.7
2010.4630 -44.4257 -144.65 -16.6 1.1 0.9 2.6
2010.4658 -45.5648 -147.203 -10.1 1.1 0.9 2.6
2010.4685 -45.7072 -146.648 -7.7 1.1 0.9 2.6
2010.4712 -43.7137 -145.205 -16.1 1.1 0.9 2.6
2010.4740 -43.7612 -147.869 -19.1 1.4 1.0 3.0
2010.4767 -48.7923 -146.426 -15.4 1.1 0.9 2.6
2010.4795 -47.9379 -147.536 -11.5 1.1 0.9 2.7
2010.4822 -46.3717 -146.981 -10.7 1.1 0.9 2.6
2010.4849 -45.8496 -146.981 -11.8 1.2 1.0 2.6
2010.4877 -44.9003 -148.091 -11 1.2 1.0 2.7
2010.4904 -43.334 -148.979 -6.6 1.1 0.9 2.5
2010.4932 -42.4322 -144.095 -23.1 1.1 0.9 2.6
2010.4959 -35.55 -143.651 -20 1.2 0.9 2.8
2010.4986 -44.7104 -146.759 -10.1 1.1 0.9 2.6
2010.5014 -44.9478 -151.643 -12.6 1.1 0.9 2.6
2010.5041 -44.9952 -147.425 -13.6 1.1 0.9 2.5
2010.5068 -44.6155 -147.536 -11.8 1.0 0.9 2.6
2010.5096 -44.4731 -147.98 -17.2 1.0 0.9 2.6
2010.5123 -45.4224 -148.313 -18.2 1.1 0.9 2.6
2010.5151 -45.5173 -147.425 -10.9 1.0 0.9 2.6
2010.5178 -46.3242 -147.203 -18.3 1.0 0.9 2.6
2010.5205 -42.3373 -148.646 -8.7 1.1 0.9 2.6
2010.5233 -46.5615 -147.758 -7.7 1.0 0.9 2.6
2010.5260 -49.0771 -146.87 -4.8 1.0 0.9 2.6
2010.5288 -45.1376 -148.202 -10.8 1.0 0.9 2.6
2010.5315 -45.1851 -149.645 -14.4 1.0 0.9 2.6
2010.5342 -45.897 -148.535 -18.5 1.1 0.9 2.6
2010.5370 -45.0427 -151.532 -16.7 1.1 0.9 2.8
2010.5397 -44.663 -149.312 -11.4 1.1 0.9 2.6
2010.5425 -41.8152 -149.645 -14.3 1.1 0.9 2.6
2010.5452 -44.7104 -149.201 -18.3 1.1 0.9 2.6
2010.5479 -45.0901 -150.755 -9.7 1.0 0.9 2.6
2011.5562 -61.2751 -180.507 -6.5 1.2 0.9 2.6
