2006.5096 0 0 0 1.4 0.9 2.9
2006.5123 -2.56514 1.88759 1.3 1.3 0.9 2.8
2006.5151 -6.00351 1.44345 -4.2 1.4 0.9 2.7
2006.5178 0.654927 1.55449 -4.5 1.3 0.9 2.7
2006.5205 -4.74823 3.77518 1.9 1.3 0.9 2.7
2006.5233 -3.92957 3.22001 2.2 1.4 0.9 2.8
2006.5260 -3.32922 3.10897 4.1 1.3 0.9 2.8
2006.5288 -7.64083 3.55311 3.5 1.6 1.0 3.1
2008.5068 -44.8626 12.769 39.7 1.4 1.0 2.7
2008.5096 -43.4981 12.1028 41.4 1.3 0.9 2.7
2008.5123 -40.551 12.9911 31.5 1.3 1.0 2.7
2008.5151 -43.389 7.88346 23.8 1.3 1.0 2.7
2008.5178 -44.6443 10.7704 42.6 1.3 0.9 2.6
2008.5205 -45.2992 12.5469 37.2 1.3 0.9 2.6
2008.5233 -42.8432 13.5462 38.3 1.3 0.9 2.6
2008.5260 -42.1883 11.7697 37.6 1.4 1.0 2.7
2008.5288 -42.7341 11.3255 33.6 1.4 1.0 2.7
2008.5315 -43.389 12.769 35.5 1.4 1.0 2.7
2008.5342 -49.2833 13.1021 37.3 1.4 1.0 2.8
