1998.7096 0 0 0 2.1 1.3 4.5
1998.7123 -6.01814 1.88778 -9.1 2.2 1.4 5.3
2001.6301 -39.7544 -37.0893 39.5 6.6 3.2 9.2
2001.6329 -44.3838 -39.7544 45.6 1.9 1.0 3.3
2001.6356 -47.74 -40.0875 51.6 2.4 1.4 4.2
2003.6000 -70.771 -73.5123 118.2 4.0 2.5 7.9
2003.6027 -66.1995 -66.5165 108.9 1.8 1.1 3.8
2003.6055 -64.1163 -64.7397 115.6 1.7 1.1 3.6
2003.6082 -69.6715 -65.6281 111.3 1.7 1.0 3.6
2003.6110 -66.3731 -65.6281 106.3 2.1 1.4 4.4
2004.6110 -75.2846 -79.0646 132.6 1.7 1.0 3.1
2004.6137 -77.252 -80.1751 134.5 1.7 1.0 3.1
2004.6164 -86.395 -79.3978 125.8 3.6 1.7 5.3
2004.6192 -76.5576 -75.9553 118.7 3.1 2.4 6.0
2007.5726 -115.676 -117.486 211.5 1.6 0.9 2.9
2007.5753 -116.601 -116.376 207 1.6 0.9 2.9
2007.5781 -115.618 -114.932 218.4 1.5 0.9 2.8
2011.4329 -160.464 -161.683 299.2 3.6 2.9 7.1
2011.4356 -166.656 -159.351 292 1.7 0.9 3.1
2012.4356 -177.072 -169.9 306.4 1.7 1.0 3.3
2012.4384 -185.116 -169.234 312.6 1.7 1.0 3.2
2012.4411 -178.692 -170.344 312.7 1.6 1.0 3.3
2013.4219 -207.279 -190.888 316.2 3.1 2.3 6.1
2013.4247 -187.257 -188.223 316.4 1.6 0.9 3.1
2013.4274 -188.993 -188.112 305.4 1.9 1.0 3.5
2015.4274 -228.747 -215.651 379.9 4.6 2.2 6.9
2015.4301 -220.761 -220.759 373.1 1.5 0.9 3.0
2015.4329 -223.076 -220.537 382.7 1.6 0.9 3.0
2015.4356 -223.308 -220.648 384.6 2.2 1.3 4.1
2017.7178 -231.409 -252.851 456.4 3.3 1.9 5.9
2017.7205 -237.89 -251.519 461.6 1.5 0.9 2.9
