1997.3863 0 0 0 3.4 2.5 8.2
1997.6740 -6.06339 6.32889 59.6 2.6 1.8 5.5
1998.4219 -28.2597 -0.3331 19.8 33.4 21.7 51.5
1998.4274 -13.4261 6.10683 17.5 4.2 2.9 8.8
1998.4630 -4.60168 15.5447 18.2 15.5 7.5 24.1
1998.7370 -19.327 5.44063 65.3 2.3 1.4 4.8
1998.7397 -18.7857 4.10823 72 2.3 1.4 4.9
2001.4904 -88.8395 -10.5482 81.5 19.1 5.6 17.5
2001.4932 -71.2448 -7.21716 73.6 2.5 1.8 5.4
2001.6603 -50.0771 -4.55236 63 2.6 2.2 6.4
2003.5370 -125.49 -16.4329 70.1 4.8 2.5 8.5
2003.5397 -122.892 -9.88196 79 3.4 1.7 5.6
2015.3616 -375.118 14.8785 147.8 2.0 1.4 3.5
2015.3644 -376.742 15.7667 141.8 1.9 1.4 3.6
2018.9425 -459.626 17.2102 171.7 2.1 1.4 3.9
2018.9452 -457.407 15.7667 182.5 2.1 1.2 3.6
2018.9479 -458.111 14.9895 189.2 1.8 1.2 3.2
2018.9507 -464.661 16.2109 186.5 1.5 1.0 3.0
2018.9534 -459.897 13.1019 185.1 1.5 1.0 2.9
2019.3753 -463.254 20.4301 148.4 2.4 1.6 4.6
2019.3781 -466.015 17.2102 164.6 2.5 1.7 4.5
2019.3808 -459.843 21.6515 162.3 2.8 1.9 4.8
