1995.6658 0 0 0 4.1 3.0 10.2
1995.6685 -5.46678 0.666072 -11.7 2.1 1.7 6.1
1995.6712 -7.49327 0.999107 1.5 2.1 1.7 6.1
1995.7726 17.6257 9.99107 20.4 3.4 2.0 6.5
1995.7753 -11.9704 2.99732 16.5 2.2 1.2 4.0
1995.7781 -7.58752 0.888095 4.1 2.7 2.0 5.6
1996.6192 -2.4035 -15.0976 6.5 1.4 1.0 3.6
1996.6219 -8.0588 -14.4315 13.8 1.7 1.2 3.8
1996.6247 -6.40933 -12.8774 15.9 1.5 1.1 3.6
1996.7096 -0.471275 -19.094 13.2 1.6 1.2 3.7
1996.7123 -3.7702 -14.6536 25.9 1.9 1.2 3.8
1996.7151 -7.2105 -17.6509 16.4 1.4 1.0 3.4
1996.7178 -6.78635 -17.8729 27.6 1.9 1.4 4.0
1997.7370 -23.5637 -39.8532 47.5 11.4 8.4 34.4
1998.5616 -15.175 -54.3958 25.5 2.4 1.5 4.2
1998.5644 -23.4695 -53.6187 19.2 1.5 1.0 3.4
1998.5671 -24.3649 -57.9482 12.7 1.5 1.1 3.3
1998.5699 -26.9569 -55.6169 9 1.6 1.2 3.9
