2008.6603 0 0 0 2.7 2.1 8.4
2008.6630 -5.78586 2.44103 3.3 1.0 0.9 3.7
2008.6658 -4.74441 -0.998605 -8.5 1.1 1.0 3.8
2008.6685 -3.18222 2.88486 -8.9 1.0 0.9 3.7
2008.6712 -7.67591 -0.221913 2.5 1.0 0.9 3.7
2008.6740 -2.7965 0.110956 -11.2 1.0 0.9 3.9
2008.6767 -6.01729 -1.22052 7.3 2.2 2.0 12.6
2008.7452 -2.43006 -4.32729 -3.1 1.7 1.4 5.7
2008.7479 -10.8774 -0.887649 1.9 1.0 0.9 3.7
2008.7507 -6.17158 1.22052 -12.1 1.2 1.1 5.8
2008.8082 -6.94303 3.32868 -0.5 1.0 0.9 3.6
2008.8110 -10.2024 1.66434 -7.9 1.2 1.1 5.3
2008.8630 -9.97096 0 -1.8 1.3 1.1 4.3
2008.8658 -11.1474 1.88625 -3.2 1.1 1.0 4.0
2008.9151 -12.7675 5.65876 24.2 1.9 1.8 6.8
2008.9178 -14.0789 1.66434 -8.4 1.0 0.9 3.7
2008.9205 -14.9275 1.44243 18.9 1.9 1.5 8.6
2008.9671 -11.861 5.76972 -8.2 1.4 1.4 5.3
2008.9699 -16.239 2.21912 13.3 1.1 0.9 3.9
2009.0164 -19.1319 4.10537 -0.6 1.0 0.9 3.7
2009.0192 -16.8176 3.99442 38.3 1.6 1.3 7.1
2009.0630 -20.4048 6.3245 15.2 2.5 2.2 8.9
2009.0658 -19.3441 0.332868 -4.1 1.0 0.9 3.6
2009.0685 -17.4926 3.55059 -22.1 1.9 1.5 8.1
2009.1123 -17.4733 7.65597 7.9 1.3 1.2 4.9
2009.1151 -17.9747 3.43964 -10.8 1.1 1.0 4.1
2009.1589 -23.0277 12.3161 -2.8 2.4 2.4 8.8
2009.1616 -17.2419 2.33008 -12.1 1.0 0.9 3.7
2009.1644 -18.7462 1.44243 -7.3 2.2 1.9 10.7
2009.2082 -21.6777 3.21773 -12.9 1.0 0.9 3.7
2009.2110 -24.8021 7.76692 2.8 1.7 1.4 7.7
2009.2548 -23.5677 4.43824 -10.8 1.0 0.9 3.7
2009.2575 -26.9235 -0.443824 -8.1 1.8 1.6 8.4
2009.2986 -21.5427 2.33008 -9.8 1.2 1.2 4.9
2009.3014 -23.8185 1.88625 -8.6 1.1 1.0 4.3
2009.3425 -23.2013 5.88067 -22.7 2.4 2.1 7.7
2009.3452 -21.8513 2.99581 -8.6 1.0 0.9 3.7
2009.3479 -29.0064 4.10537 28.1 2.7 2.2 12.6
2009.3890 -23.587 4.88207 0.4 1.0 0.9 3.7
2009.3918 -22.1791 -3.10677 -6.2 1.7 1.5 7.8
2009.4329 -21.2727 3.21773 6.3 0.9 0.9 3.7
2009.4356 -27.0778 3.21773 -18.8 1.5 1.5 7.3
2009.4767 -23.587 3.10677 6 0.9 0.9 3.7
2009.4795 -20.9062 -2.10817 7 1.9 1.8 9.9
2009.4904 -15.7568 0.221911 5.9 3.2 2.6 8.9
2009.4932 -19.2476 1.10956 -0.1 1.0 1.0 3.8
2009.5342 -31.2822 2.66295 12 1.5 1.3 5.0
2009.5370 -27.0971 2.66295 -4.2 1.1 1.0 4.6
2009.5781 -28.5243 2.21912 7.9 1.0 1.0 3.8
2009.5808 -23.2977 3.21773 -3.7 1.4 1.4 6.9
2009.6192 -21.022 -0.332868 22.9 1.7 1.5 5.8
2009.6219 -21.967 -0.887649 8.7 1.0 0.9 4.0
2009.6630 -29.0836 0 13.7 1.0 1.0 3.8
2009.6658 -29.1222 0.110956 -12.7 1.5 1.4 7.1
2009.7041 -22.5456 -1.7753 -9.3 1.3 1.2 4.7
2009.7068 -28.4086 1.33147 14 1.1 1.0 4.7
2009.7452 -31.8994 -4.32729 14.5 1.7 1.5 6.2
2009.7479 -34.1173 0.221911 -2.2 1.0 1.0 4.0
2009.7534 -29.3536 0.221911 -16.2 1.5 1.4 5.4
2009.7562 -33.5001 -0.665737 -4.4 1.0 1.0 4.1
2009.7945 -35.7566 -2.44103 -9.7 1.5 1.4 5.4
2009.7973 -29.8743 -1.88625 1.7 1.0 1.0 4.2
2009.8219 -34.7537 -0.554781 -10.7 1.0 1.0 3.8
2009.8603 -27.4828 -0.998605 0.6 1.5 1.5 6.0
2009.8630 -34.1944 -0.332868 3.2 1.0 1.0 4.0
2009.9014 -33.2301 1.66434 19.9 1.4 1.3 5.0
2009.9041 -36.4702 2.33008 15.4 1.2 1.1 4.7
2009.9425 -39.8839 1.55338 -4.5 1.0 1.0 3.9
2009.9452 -34.233 2.10817 13.7 1.6 1.4 6.4
2009.9808 -34.9852 0.332868 -2.3 2.2 2.1 7.6
2009.9836 -38.4953 -0.998605 7.8 1.0 0.9 3.9
2010.0219 -42.4489 -0.110956 19.4 1.2 1.1 4.5
2010.0247 -39.961 -0.443824 -6.3 1.3 1.2 5.4
2010.0603 -41.8318 4.32729 46.5 2.4 2.4 8.0
2010.0630 -39.8646 0.443824 3.2 1.0 0.9 3.9
2010.1014 -47.2512 1.7753 0.6 1.2 1.1 4.2
2010.1041 -39.6717 -0.332868 -2.2 1.5 1.3 6.1
2010.1397 -47.0969 0.221911 1.9 1.5 1.5 5.4
2010.1425 -45.5347 4.5492 0.5 1.2 1.1 4.6
2010.1781 -52.6128 -4.5492 11.1 3.0 2.8 8.8
2010.1808 -42.0053 4.10537 -5.3 1.0 0.9 3.8
2010.2192 -42.8539 0 -18.1 1.0 0.9 3.8
2010.2219 -48.5048 2.33008 -1.3 2.4 1.8 11.0
2010.2575 -45.7083 1.44243 -15.6 1.1 1.1 4.2
2010.2603 -46.0747 6.21354 -4.8 1.7 1.5 7.7
2010.2959 -43.8954 -1.66434 6.9 1.2 1.1 4.3
2010.2986 -42.9118 -1.33147 17.6 1.4 1.3 6.4
2010.3342 -47.0583 -0.776692 8.8 1.5 1.3 4.7
2010.3370 -46.0169 1.88625 5.5 1.5 1.3 6.5
2010.3726 -44.6476 0 -4.2 1.2 1.1 4.2
2010.3753 -44.9754 6.65736 -3 1.4 1.3 6.2
2010.4110 -51.012 4.5492 12.2 1.4 1.2 4.5
2010.4137 -47.5019 3.43964 -15.3 1.5 1.5 6.9
2010.4493 -44.744 0.998605 -6.5 1.1 1.0 4.0
2010.4521 -50.5491 -0.443824 9.2 1.7 1.6 8.2
2010.4877 -41.9475 -2.44103 -2.5 1.1 0.9 3.8
2010.4904 -40.8289 0.998605 12.9 2.5 2.2 13.1
2010.5260 -47.8105 2.44103 33.4 1.0 0.9 3.9
2010.5616 -43.3168 1.88625 2.2 2.0 1.6 6.6
2010.5644 -47.4633 -3.10677 -4.7 1.1 1.0 4.3
2010.6000 -52.0149 -1.66434 4.7 1.4 1.2 4.7
2010.6027 -58.9193 -0.776692 17.6 1.3 1.1 5.4
2010.6384 -51.4942 -4.66015 10.3 1.1 1.0 4.0
2010.6411 -51.0699 -3.88346 27.2 1.8 1.6 8.0
2010.6658 -50.0477 -1.33147 9.2 1.1 1.0 4.0
2010.7014 -54.3099 -10.208 0.2 1.5 1.4 5.4
2010.7041 -51.417 -0.665737 -5.2 1.4 1.2 5.0
2010.7397 -54.5607 -9.87509 14.4 1.3 1.1 4.3
2010.7425 -49.5655 -6.99023 5.4 2.1 1.8 10.1
2010.7753 -57.6079 -1.66434 21.2 2.0 1.8 6.7
2010.7781 -53.8471 -0.221913 -17 1.3 1.1 4.6
2010.8137 -56.3157 -3.66155 7.4 1.2 1.1 4.1
2010.8164 -53.037 -2.66295 19 1.8 1.6 8.7
2010.8493 -56.7014 -4.10538 11.9 1.6 1.4 5.8
2010.8521 -55.4864 -0.998605 14.2 1.1 1.0 4.5
2010.8877 -60.3272 -2.55199 4 1.1 0.9 3.8
2010.9233 -64.9173 -5.5478 5.5 1.2 1.0 4.3
2010.9260 -58.6686 -1.44243 12.4 1.5 1.2 6.4
2010.9589 -62.3523 1.22052 6.4 1.6 1.5 6.0
2010.9616 -56.3736 -5.10398 14 1.2 1.0 4.6
2010.9945 -61.8316 5.65876 -10.7 2.6 2.3 8.4
2010.9973 -61.2144 -3.43964 20.3 1.1 1.0 4.1
2011.0329 -63.818 -4.99302 19.6 1.0 0.9 3.8
2011.0685 -63.7409 -3.55059 27.5 1.1 1.0 4.1
2011.0712 -54.5607 -5.88067 25.9 2.1 1.7 8.5
2011.1041 -63.5866 -3.43964 25.6 1.2 1.1 4.7
2011.1068 -57.5886 -5.10398 15.2 1.5 1.2 5.8
2011.1397 -60.7708 -4.66015 22.8 1.5 1.5 5.5
2011.1425 -72.8054 -1.33147 27.2 1.5 1.2 5.4
2011.1507 -65.2838 -0.332868 6.9 1.8 1.7 7.0
2011.1534 -72.6125 -1.66434 5.3 1.2 1.1 4.3
2011.1562 -68.0224 -0.554781 14.4 1.1 0.9 3.9
2011.1918 -65.3416 -1.7753 3.9 1.2 1.2 4.2
2011.2274 -72.304 5.32589 30.2 1.2 1.0 3.9
2011.2630 -66.5952 -3.43964 3.7 1.9 1.3 4.9
2011.2986 -70.4911 -1.22052 7.1 1.0 0.9 4.0
2011.3342 -71.9568 0.887649 27.7 1.4 1.2 4.5
2011.3671 -65.2838 -0.110956 14.4 2.2 2.1 7.4
2011.3699 -70.3561 0.554781 3.8 1.1 1.1 4.4
2011.4027 -73.0947 3.77251 29.1 3.0 2.8 7.3
2011.4055 -73.1911 1.7753 4.1 1.5 1.2 5.2
2011.4384 -70.2403 -3.77251 -0.9 1.6 1.5 5.3
2011.4411 -75.2933 3.10677 23.1 1.4 1.3 5.8
2011.4740 -67.791 0 9.8 1.3 1.1 4.5
2011.4767 -73.5383 1.7753 23.7 1.8 1.6 8.1
2011.5096 -68.466 -3.99442 6.6 1.1 1.0 3.9
2011.5425 -70.7996 -9.32031 -0.5 2.5 2.2 8.6
2011.5452 -71.2239 -2.21912 9.4 1.1 1.0 4.2
2011.5507 -63.278 -0.665737 19.5 3.1 2.4 8.5
2011.5534 -70.4718 -5.32589 22.3 1.2 1.0 4.3
2011.5863 -69.3725 -5.21494 11.3 1.5 1.3 5.2
2011.5890 -72.5354 -2.99581 30.1 1.3 1.1 5.4
2011.6219 -72.1882 -5.76972 12.1 1.2 1.1 4.2
2011.6247 -71.2046 -3.43964 21 1.4 1.3 5.6
2011.6274 -77.0291 -3.66155 28.4 1.1 0.9 4.2
2011.6603 -68.7939 -6.54641 14.4 1.4 1.3 4.9
2011.6630 -73.6733 -10.8737 24.9 1.4 1.2 6.0
2011.6959 -75.7562 -7.98884 8.6 1.1 1.0 4.0
2011.6986 -79.1891 -10.4299 14.1 2.7 2.1 11.7
2011.7288 -76.9519 0.998605 48.5 2.6 2.4 9.3
2011.7315 -82.2171 -8.21075 17.1 1.3 1.2 4.5
2011.7644 -80.867 -5.88067 8.7 1.7 1.6 5.5
2011.7671 -82.5835 -1.7753 24.7 1.8 1.5 6.8
2011.8000 -85.11 -3.99442 38.8 1.5 1.2 4.9
2011.8329 -82.6414 -2.33008 14.3 2.1 1.9 6.8
2011.8356 -99.3432 -17.4201 4.6 6.7 5.3 12.7
2011.8685 -83.1235 -2.10817 29.9 1.2 1.1 4.3
2011.9014 -86.3829 1.55338 30.6 1.9 1.7 6.2
2011.9041 -89.7773 -5.5478 16.2 1.7 1.4 6.4
2011.9370 -86.3636 -6.76832 33.1 1.2 1.0 4.1
2011.9699 -87.2893 -4.43824 20.2 1.4 1.3 4.9
2011.9726 -93.9624 -1.55338 1.8 1.9 1.4 7.2
2012.0027 -83.5092 -5.88067 25.7 4.0 3.2 9.5
2012.0055 -92.2652 -2.33008 34.2 1.2 1.0 4.5
2012.0384 -87.4822 -5.88067 20.3 1.1 0.9 3.9
2012.0712 -80.6549 -3.88346 18.6 2.4 2.3 7.3
2012.0740 -88.1765 -1.7753 43.4 1.8 1.4 6.2
2012.1068 -94.4638 1.99721 25.4 1.3 1.2 4.7
2012.1397 -88.6587 0.554781 18.2 2.0 1.6 4.8
2012.1726 -90.163 0.998605 12.2 1.6 1.5 5.2
2012.1753 -94.7917 -6.3245 25.8 2.3 1.8 9.0
2012.2055 -91.6673 -4.32729 9.3 2.6 2.2 7.3
2012.2082 -91.2623 -5.10398 40.2 1.4 1.2 5.0
2012.2411 -95.081 -3.88346 23.2 1.3 1.1 4.7
2012.2740 -92.4195 -8.87649 21.7 1.1 0.9 4.0
2012.3068 -93.4609 -4.21633 29.7 1.2 1.1 4.5
2012.3315 -95.3124 -7.98884 29.1 2.6 2.2 8.0
2012.3342 -95.0038 -3.66155 23 1.1 1.0 4.6
2012.3671 -98.9768 -3.21773 34.1 1.4 1.2 4.5
2012.4000 -97.8582 -3.88346 26.8 1.3 1.1 4.2
2012.4329 -98.4175 -1.66434 35.8 1.3 1.2 4.4
2012.4356 -98.8032 -2.88486 46.5 2.3 2.3 12.3
2012.4658 -100.905 -4.5492 24.3 1.4 1.2 4.5
2012.4685 -97.6075 -1.7753 -6.3 1.6 1.5 7.4
2012.4986 -91.0694 -13.9805 30.5 1.9 1.5 5.4
2012.5014 -97.0482 -4.10538 19.9 1.5 1.4 6.6
2012.5315 -99.9411 -7.10119 26 1.5 1.2 4.9
2012.5342 -96.0453 -4.21633 30.2 1.3 1.2 5.9
2012.5644 -93.3066 -6.76832 28.6 2.1 1.7 6.5
2012.5671 -96.4889 -1.88625 28.1 1.3 1.1 5.2
2012.5973 -94.5024 -11.4285 40 2.1 1.7 6.4
2012.6000 -97.8582 -5.76972 32 1.3 1.1 5.0
2012.6301 -101.06 -6.3245 62.9 2.9 1.9 7.6
2012.6329 -101.985 -3.77251 26.6 1.1 1.0 4.4
2012.6630 -107.675 -6.10258 30.5 2.6 2.5 8.9
2012.6658 -102.178 -8.54362 24.6 1.2 1.0 4.5
2012.6986 -101.523 -6.43545 24.5 1.1 1.0 4.1
2012.7315 -100.462 -8.43266 21.3 1.1 1.0 4.3
2012.7644 -100.52 -6.65736 31.1 1.5 1.3 4.9
2012.7973 -105.013 -9.0984 38.6 1.5 1.3 4.9
2012.8274 -97.8775 -4.77111 75.1 5.8 4.7 13.9
2012.8301 -108.003 -4.66015 32.3 1.5 1.3 4.9
2012.8603 -106.556 -2.44103 22.3 1.7 1.7 6.5
2012.8630 -107.328 -8.98744 35.1 1.2 1.1 4.7
2012.8932 -106.614 -5.76972 20.1 2.6 2.1 7.2
2012.8959 -109.43 -5.21494 50.2 1.4 1.2 5.2
2012.9260 -105.515 -7.3231 18.2 1.5 1.4 5.4
2012.9288 -107.598 -4.66015 25.9 1.5 1.3 6.1
2012.9781 -108.446 -6.3245 38.8 1.1 1.0 4.4
2013.0055 -119.902 -8.76553 59.8 1.8 1.9 5.9
2013.0082 -111.956 -3.88346 34.8 1.4 1.2 5.4
2013.0384 -118.224 -6.10258 58.2 2.2 1.8 6.0
2013.0411 -104.84 -5.43685 10.5 1.8 1.4 7.1
2013.0712 -111.146 -9.76414 48.3 1.7 1.4 5.1
2013.1041 -117.202 -4.5492 39.8 1.2 1.2 4.4
2013.1342 -115.177 -5.65876 23.4 3.9 2.4 9.1
2013.1370 -115.293 1.44243 28.7 1.4 1.2 4.8
2013.1671 -115.949 -4.88207 18.2 1.7 1.6 5.7
2013.1699 -112.689 -4.43824 39.4 1.7 1.4 6.3
2013.2000 -117.376 0.221911 40.8 1.7 1.5 5.4
2013.2329 -117.067 -1.55338 41 1.1 1.0 4.4
2013.2575 -116.739 -1.88625 24.6 1.3 1.1 4.5
2013.2877 -122.313 0.221911 40.4 2.1 1.9 6.7
2013.2904 -124.859 0.221911 35.6 1.3 1.2 5.4
2013.3205 -120.23 -1.22052 29.7 1.1 1.0 4.2
2013.3233 -123.528 -6.65736 48.2 2.2 2.0 9.3
2013.3534 -120.982 -1.22052 41 1.3 1.1 4.6
2013.3836 -114.888 -1.22052 37.4 1.9 1.7 5.6
2013.3863 -121.734 -5.32589 24.1 1.5 1.3 5.8
2013.4164 -119.439 -3.32868 33.3 1.7 1.3 5.1
2013.4192 -124.222 -3.43964 35.1 2.7 2.5 13.0
2013.4493 -120.5 -4.99302 23.2 1.1 1.0 4.4
2013.4795 -125.688 0.776692 22.1 2.9 2.8 7.1
2013.4822 -120.5 -2.33008 23.9 1.8 1.6 6.9
2013.5123 -119.806 -5.65876 30.6 1.5 1.3 4.3
2013.5425 -122.12 -4.88207 38.3 2.6 2.2 8.2
2013.5452 -122.004 -4.43824 27.4 1.3 1.1 4.9
2013.5753 -124.55 -7.54501 29.5 1.6 1.3 4.9
2013.5781 -123.258 -3.43964 60.1 1.8 1.5 8.0
2013.6082 -123.393 -7.10119 55.7 1.2 1.0 4.3
2013.6384 -122.39 -5.43685 38.9 2.4 2.0 6.7
2013.6411 -128.427 -7.43406 27.3 2.0 1.3 6.0
2013.6712 -129.719 -10.097 31.9 1.5 1.1 4.2
2013.6740 -124.762 -5.10398 51.8 2.8 2.1 14.2
2013.7014 -128.292 -25.7418 41.5 3.7 3.9 10.9
2013.7041 -127.54 -9.0984 21.9 1.4 1.1 5.0
2013.7342 -127.925 -7.43406 32.2 1.4 1.1 4.6
2013.7370 -129.237 -8.43266 54.1 2.2 1.6 10.7
2013.7671 -132.226 -6.43545 56.8 2.4 2.1 7.3
2013.7973 -140.693 -2.66295 29.1 1.7 1.6 5.4
2013.8000 -129.488 -4.88207 34.8 2.4 1.8 8.9
2013.8274 -128.003 -7.21214 25.2 1.6 1.4 5.0
2013.8575 -138.359 -6.87928 -0.1 2.1 1.8 7.2
2013.8603 -138.089 -4.88207 32.1 2.7 2.0 11.4
2013.8877 -127.868 -7.10119 35.4 3.0 2.8 12.3
2013.8904 -135.081 -5.76972 37.3 1.2 1.1 4.5
2013.9205 -130.664 -7.65597 40.5 1.4 1.2 4.6
2013.9507 -130.645 -7.54501 26.7 2.3 2.1 7.8
2013.9534 -133.596 -11.8723 38.9 2.5 2.2 6.8
2013.9836 -138.745 -5.10398 28.9 1.5 1.3 4.7
2014.0137 -135.833 -5.32589 38.9 1.5 1.5 5.6
2014.0164 -132.843 -7.98884 27.5 1.8 1.4 6.6
2014.0466 -141.484 -5.76972 44.4 1.3 1.1 4.4
2014.0767 -133.441 -11.6504 34.2 2.1 1.9 5.6
2014.0795 -131.378 -9.87509 24.1 4.8 3.2 13.8
2014.1068 -131.725 -10.6518 0.9 5.3 4.3 13.2
2014.1096 -144.974 -5.43685 48.7 2.8 2.9 8.8
2014.1397 -139.902 -6.99023 26 2.8 2.1 6.9
2014.1699 -143.335 -6.54641 29.3 1.8 1.6 5.6
2014.1726 -155.177 1.33147 63.7 4.6 3.7 12.6
2014.2000 -141.291 -1.66434 33.4 2.8 2.1 6.8
2014.2027 -138.166 -4.10538 27 1.8 1.6 6.1
2014.2329 -140.539 -8.21075 29.4 1.6 1.4 5.4
2014.2630 -145.187 -3.10677 43.9 1.6 1.3 4.9
2014.2932 -140.114 -5.76972 45 2.6 2.1 7.0
2014.2959 -149.603 -4.43824 47.2 1.8 1.5 5.9
2014.3233 -142.12 -12.3161 35 3.5 2.1 8.6
2014.3260 -146.363 -6.21354 41.1 1.2 1.0 4.7
2014.3562 -143.354 -3.88346 30.7 1.2 1.2 4.3
2014.3863 -145.919 -6.43545 39.5 1.4 1.2 4.9
2014.3890 -146.999 -4.99302 46.6 2.0 1.8 8.3
2014.4164 -142.255 -8.98744 38.3 2.3 1.6 6.2
2014.4192 -144.859 -6.54641 45.9 1.3 1.2 5.5
2014.4493 -144.338 -5.65876 35.5 1.4 1.1 4.8
2014.4795 -146.402 -11.6504 22.7 1.1 1.0 4.0
2014.4822 -144.724 -6.65736 97.2 5.2 4.0 29.5
2014.5096 -139.999 -5.10398 25 1.4 1.2 4.6
2014.5123 -143.374 1.88625 47.6 1.9 1.7 7.5
2014.5397 -144.338 -7.65597 49 2.0 1.6 6.5
2014.5425 -149.044 -5.32589 34.2 1.4 1.2 5.4
2014.5726 -144.454 -7.21214 32.9 1.3 1.1 4.5
2014.6027 -148.272 -4.66015 41.2 1.1 1.0 4.1
2014.6329 -148.137 -7.76692 47.5 1.6 1.4 5.1
2014.6356 -137.298 -4.32729 23.7 2.7 2.1 9.2
2014.6630 -155.292 -7.21214 61 1.8 1.6 5.9
2014.6658 -153.402 -9.32031 32.6 1.4 1.3 5.6
2014.6959 -158.012 -7.3231 47.6 1.7 1.4 5.5
2014.7260 -148.504 -7.76692 53.1 2.1 2.0 6.2
2014.7562 -158.359 -8.09979 48.2 1.4 1.3 4.8
2014.7589 -147.327 -0.776692 -3 5.1 4.9 18.3
2014.7863 -149.815 -3.99442 41.2 3.3 3.2 7.8
2014.7890 -149.082 -8.43266 30.5 2.5 1.9 9.2
2014.8164 -160.442 -2.44103 65.3 3.6 3.9 9.9
2014.8192 -143.412 -10.5408 43.8 4.4 3.5 9.2
2014.8466 -155.466 -3.55059 61.9 3.5 3.4 11.5
2014.8493 -154.309 -9.0984 38.3 1.5 1.2 5.1
2014.8795 -161.252 -8.98744 10 1.9 1.6 5.6
2014.9096 -162.139 -8.76553 40.7 1.7 1.3 4.9
2014.9397 -157.568 -10.7627 46.5 2.0 1.6 5.3
2014.9699 -158.764 -7.65597 47.8 2.1 1.8 5.7
2015.0000 -158.841 -0.887649 60.6 1.4 1.3 5.0
2015.0027 -162.756 -8.98744 57.6 2.6 2.2 11.5
2015.0301 -159.362 -10.8737 54.4 3.3 2.5 7.2
2015.0329 -163.161 -4.99302 28.3 2.1 1.6 8.2
2015.0603 -159.844 -10.5408 56.9 1.7 1.6 5.9
2015.0630 -163.624 -10.208 57.9 1.9 1.6 7.3
2015.0904 -157.086 -4.88207 53.2 2.7 2.2 8.1
2015.0932 -163.277 -2.10817 33.1 2.5 2.0 9.2
2015.1370 -166.247 -7.87788 42.1 1.5 1.4 5.1
2015.1671 -171.261 -4.10538 24.3 1.9 1.6 5.4
2015.1973 -166.999 -1.10956 63 1.4 1.3 4.8
2015.2274 -170.972 -7.87788 45.6 1.5 1.3 4.6
2015.2575 -171.069 -4.32729 47.4 1.8 1.5 5.3
2015.2877 -163.74 -5.10398 38.7 1.4 1.2 4.6
2015.3178 -167.134 -8.32171 36.3 1.1 1.0 4.2
2015.3288 -169.545 0 61.6 3.4 2.4 8.2
2015.3315 -163.663 -4.77111 13.9 1.4 1.3 5.6
2015.3370 -183.508 -6.21354 48.4 2.7 2.2 7.9
2015.3397 -169.545 -8.43266 46.1 1.4 1.2 5.4
2015.4055 -169.699 -8.32171 39.9 1.2 1.1 4.2
2015.4356 -164.916 -7.54501 57.9 1.4 1.4 5.0
2015.4630 -163.778 5.65876 55.5 2.6 2.7 8.8
2015.4658 -163.412 -4.21633 34 1.2 1.1 4.7
2015.4904 -164.801 -11.4285 28 2.7 2.5 9.1
2015.4932 -168.658 -7.54501 52 1.2 1.2 4.9
2015.5205 -161.56 -3.88346 35.8 1.9 1.5 6.2
2015.5233 -164.569 -4.5492 34.7 1.3 1.2 5.9
2015.5507 -165.341 -6.43545 63 1.1 1.0 4.3
2015.5781 -172.226 0.776692 69.6 3.0 2.4 8.9
2015.5808 -166.401 -10.7627 38.9 1.4 1.2 4.9
2015.6082 -170.76 -11.2066 52.4 1.8 1.8 6.3
2015.6110 -173.229 -7.65597 50.8 1.4 1.3 5.7
2015.6384 -170.066 -13.4257 66.6 1.5 1.5 5.6
2015.6411 -171.879 -13.0928 33.7 1.6 1.3 6.5
2015.6685 -177.954 -12.2052 61.1 1.4 1.2 4.9
2015.6712 -170.008 -12.3161 49.7 2.2 1.7 9.3
2015.6986 -175.447 -12.2052 53.3 1.1 1.1 4.1
2015.7014 -168.137 -13.6476 53.9 3.1 2.7 17.2
2015.7288 -172.959 -12.0942 54.4 1.2 1.1 4.1
2015.7589 -179.825 -13.2038 54.9 1.5 1.4 4.8
2015.7863 -178.937 -8.65457 49.5 1.8 1.8 7.3
2015.7890 -177.24 -12.7599 73.3 1.5 1.3 5.1
2015.8164 -177.452 -9.32031 48 1.6 1.8 6.7
2015.8192 -177.587 -9.98605 56.4 1.5 1.3 6.0
2015.8466 -181.097 -13.8695 62.7 2.9 2.3 6.9
2015.8493 -184.665 -12.4271 50.5 2.6 2.2 10.8
2015.8767 -183.296 -13.2038 67 1.6 1.4 4.8
2015.9068 -180.365 -8.54362 57.4 1.1 1.0 4.3
2015.9342 -184.145 -6.10258 29.7 2.1 1.9 6.9
2015.9370 -179.728 -12.9819 50.6 1.4 1.3 5.5
2015.9644 -184.434 -8.21075 51.3 1.3 1.4 5.0
2015.9671 -177.124 -11.9833 57.1 1.9 1.6 7.6
2015.9945 -183.354 -10.6518 62 1.2 1.2 4.3
2016.0247 -179.593 -8.09979 63.1 1.2 1.1 4.6
2016.0521 -185.938 -4.88207 52.6 1.7 1.7 5.6
2016.0548 -179.053 -9.43127 63.4 1.8 1.5 6.0
2016.0822 -181.792 -10.6518 39.7 1.1 1.2 4.4
2016.0849 -178.282 -8.65457 69.8 2.7 2.1 11.0
2016.1123 -184.781 -12.3161 60.2 1.1 1.1 4.3
2016.1397 -194.347 -10.5408 103.1 2.3 1.9 8.7
2016.1425 -187.076 -4.88207 59.6 1.2 1.2 5.1
2016.1699 -183.489 -8.32171 57.8 1.4 1.5 5.0
2016.1726 -188.079 -9.54222 88 2.5 2.4 10.3
2016.2000 -191.859 -8.21075 67 1.0 1.0 4.1
2016.2274 -188.137 -9.98605 62.5 2.2 1.9 7.1
2016.2301 -187.308 -3.88346 51.1 1.2 1.2 5.1
2016.2575 -188.928 -14.0914 38.6 1.3 1.2 4.7
2016.2603 -193.749 -9.0984 34.4 1.9 2.1 8.6
2016.2877 -189.641 -9.87509 45.2 1.1 1.1 4.3
2016.3151 -192.881 -17.4201 53.5 1.8 1.6 6.1
2016.3178 -191.782 -7.87788 37.1 1.2 1.2 5.4
2016.3452 -189.718 -9.32031 42.9 1.3 1.2 4.5
2016.3479 -190.567 -10.208 68.9 3.1 3.0 15.4
2016.3753 -189.178 -11.0956 54.7 1.3 1.1 4.6
2016.4027 -195.157 -13.8695 64.1 1.5 1.3 5.3
2016.4055 -190.876 -6.10258 55.9 1.5 1.4 6.8
2016.4329 -194.945 -7.21214 38 1.2 1.1 4.2
2016.4603 -187.481 -12.538 51.8 2.2 2.4 8.5
2016.4630 -191.743 -9.98605 57.8 1.2 1.2 5.0
2016.4904 -191.975 -8.65457 56 1.3 1.2 4.6
2016.4932 -194.501 -6.10258 65 1.7 1.6 8.3
2016.5205 -193.306 -11.8723 50 1.1 1.1 4.1
2016.5479 -197.51 -14.2024 51.8 1.7 1.9 6.5
2016.5507 -193.267 -11.0956 53.5 1.3 1.2 5.6
2016.5781 -193.46 -11.3175 65.7 1.1 1.1 4.2
2016.5808 -204.53 -10.8737 44.3 2.6 2.3 12.8
2016.6082 -196.102 -13.4257 55.4 1.1 1.1 4.4
2016.6356 -192.553 -1.22052 94.5 1.4 1.4 5.3
2016.6384 -185.938 -7.43406 68.7 1.7 1.4 7.2
2016.6658 -198.956 -13.8695 71.3 1.1 1.0 4.1
2016.6932 -202.467 -8.09979 75.9 2.1 2.1 7.4
2016.6959 -201.521 -11.4285 60 1.2 1.1 4.9
2016.7233 -199.246 -12.3161 73.8 1.2 1.1 4.4
2016.7260 -198.378 -19.0844 67.5 2.2 1.8 10.4
2016.7534 -199.631 -14.0914 53.7 1.1 1.1 4.3
2016.7808 -203.257 -11.6504 59.3 1.3 1.4 5.3
2016.7836 -203.084 -13.6476 61 1.6 1.4 6.5
2016.8110 -199.998 -10.8737 57.8 1.0 1.0 3.9
2016.8384 -202.563 -10.097 52 1.7 1.7 7.0
2016.8411 -208.947 -11.6504 56.8 1.5 1.3 5.6
2016.8685 -200.364 -10.7627 68 1.1 1.1 4.1
2016.8959 -202.293 -12.0942 61.1 2.2 2.1 8.1
2016.8986 -200.576 -13.8695 49.8 1.3 1.2 5.3
2016.9123 -201.483 -10.6518 84.3 1.9 2.0 6.8
2016.9151 -203.604 -9.98605 70.4 1.3 1.2 4.9
2016.9425 -203.643 -12.3161 45.7 1.2 1.1 4.5
2016.9452 -209.39 -13.7586 113.7 4.4 3.3 20.4
2016.9699 -209.66 -9.54222 68.2 1.7 1.8 6.8
2016.9726 -201.444 -12.9819 71.6 1.2 1.2 4.9
2017.0000 -204.607 -8.87649 65.4 1.1 1.1 4.2
2017.0027 -192.573 -23.3008 33 4.4 3.2 20.0
2017.0247 -199.496 -1.55338 53.1 1.9 1.9 7.2
2017.0274 -207.076 -6.99023 69.6 1.3 1.2 5.1
2017.0548 -203.682 -11.0956 54 1.1 1.1 4.2
2017.0575 -202.081 -12.7599 88.6 4.7 3.7 20.8
2017.0822 -208.484 -16.1996 69.1 1.7 1.6 6.2
2017.0849 -208.503 -13.4257 77.8 1.3 1.3 5.4
2017.1123 -211.57 -10.4299 78.7 1.0 1.0 4.1
2017.1397 -206.709 -1.10956 35 1.8 1.7 5.8
2017.1425 -214.752 -9.43127 71.5 1.4 1.4 5.8
2017.1699 -211.126 -12.0942 57.7 1.1 1.0 4.2
2017.1973 -209.39 -12.4271 45.2 1.3 1.3 5.0
2017.2000 -209.795 -11.0956 52.7 1.5 1.6 7.0
2017.2274 -210.933 -9.20935 63.3 1.1 1.0 4.5
2017.2548 -214.54 -9.76414 73.5 1.2 1.1 4.4
2017.2575 -212.206 -13.5366 45.9 2.0 2.0 9.5
2017.2822 -208.735 -5.76972 65.4 2.4 2.3 7.5
2017.2849 -215.504 -10.097 47.1 1.1 1.1 4.9
2017.3123 -214.752 -13.3147 62.1 1.1 1.1 4.2
2017.3397 -213.113 -13.0928 49.2 1.6 1.4 5.4
2017.3425 -217.722 -8.54362 62.1 1.3 1.3 5.9
2017.3699 -210.914 -10.5408 54.2 1.1 1.0 4.2
2017.3973 -210.933 -8.65457 66 1.2 1.1 4.4
2017.4000 -208.619 -13.3147 71.1 1.8 1.9 9.0
2017.4247 -216.005 -9.65318 62 2.4 2.4 8.2
2017.4274 -212.167 -8.21075 49.7 1.0 1.0 4.1
2017.4548 -217.51 -7.65597 60.6 1.3 1.2 4.7
2017.4575 -220.692 -4.77111 76.6 1.9 1.8 9.5
2017.4822 -216.237 -8.32171 70.7 2.2 2.2 7.7
2017.4849 -219.901 -11.3175 54.3 1.2 1.1 5.0
2017.5123 -220.133 -11.7613 49.5 1.1 1.0 4.1
2017.5151 -219.882 -13.9805 77 4.8 4.1 24.4
2017.5397 -217.606 -8.43266 53.2 1.9 1.8 6.1
2017.5425 -215.639 -12.7599 56.1 1.4 1.2 5.9
2017.5699 -216.391 -12.0942 54.8 1.0 1.0 4.0
2017.5973 -222.119 -9.65318 66.6 1.3 1.3 4.8
2017.6000 -216.256 -14.6462 69.5 1.7 1.5 7.7
2017.6274 -218.705 -11.0956 74.5 1.2 1.2 4.7
2017.6548 -226.343 -10.5408 82 1.2 1.1 4.3
2017.6575 -218.821 -9.54222 42.6 2.6 2.5 15.1
2017.6822 -229.159 -10.6518 32.5 1.7 1.8 6.7
2017.6849 -222.177 -13.6476 56.6 1.7 1.4 5.6
2017.7123 -222.081 -11.6504 64.4 1.0 1.0 3.9
2017.7397 -218.59 -14.2024 58.8 1.8 1.8 5.9
2017.7425 -222.158 -15.4229 71.1 2.5 2.1 8.7
2017.7671 -211.666 -11.5394 47 2.5 2.5 9.0
2017.7699 -220.017 -12.9819 65.5 1.2 1.1 4.5
2017.7973 -222.524 -13.4257 54.8 1.1 1.0 3.9
2017.8247 -224.491 -13.7586 57.4 1.3 1.3 5.3
2017.8274 -228.445 -15.3119 58.1 1.7 1.4 6.3
2017.8548 -227.018 -13.5366 65.8 1.3 1.3 4.7
2017.8822 -225.205 -13.4257 58.4 1.0 1.0 4.1
2017.9096 -222.948 -12.538 69.3 1.3 1.3 5.1
2017.9123 -226.806 -13.4257 60.4 1.7 1.5 6.7
2017.9370 -227.635 -7.87788 48.3 2.2 2.1 8.2
2017.9397 -225.687 -7.10119 67.9 1.2 1.1 4.6
2017.9671 -227.423 -12.7599 79.1 1.0 1.0 4.1
2017.9945 -227.404 -12.8709 56.5 1.2 1.2 4.7
2017.9973 -227.249 -11.3175 83.4 1.9 1.7 7.9
2018.0219 -229.294 -17.1982 50.4 1.8 1.8 6.5
2018.0247 -232.823 -15.201 71.6 1.3 1.2 5.1
2018.0521 -229.853 -13.7586 66 1.0 1.0 4.1
2018.0795 -229.641 -15.3119 68.7 1.1 1.1 4.4
2018.0822 -230.952 -11.2066 84.3 3.2 2.6 14.7
2018.1068 -235.137 -12.2052 71.6 1.4 1.4 5.4
2018.1096 -234.617 -9.87509 63.3 1.4 1.5 6.0
2018.1370 -236.449 -10.9847 53.4 1.1 1.1 4.6
2018.1644 -233.942 -14.6462 54.2 1.0 1.0 4.1
2018.1918 -238.011 -13.4257 58.5 1.2 1.1 4.3
2018.1945 -236.854 -15.09 45.8 2.2 2.2 10.3
2018.2192 -240.383 -15.201 75.5 1.7 1.4 5.4
2018.2219 -232.032 -11.3175 71 1.4 1.4 6.2
2018.2274 -240.345 -13.6476 78.9 2.0 1.6 6.5
2018.2384 -235.349 -10.7627 64.1 1.7 1.6 7.0
2018.2466 -234.269 -15.3119 74.1 2.0 1.8 6.7
2018.2493 -241.135 -9.0984 52.5 1.2 1.2 5.3
2018.2767 -238.223 -10.7627 72.3 1.0 1.0 4.1
2018.2849 -235.523 -17.4201 66.7 1.9 1.6 6.1
2018.2877 -239.284 -10.7627 58.6 1.3 1.2 5.5
2018.2932 -228.271 -8.65457 117.7 2.5 2.1 7.2
2018.2959 -239.612 -12.8709 56.4 1.1 1.1 4.8
2018.3233 -236.237 -10.6518 70.7 1.0 0.9 4.0
2018.3315 -236.757 -16.5325 57.1 2.2 2.2 7.5
2018.3342 -234.115 -11.7613 50 1.2 1.1 5.3
2018.3616 -236.892 -9.43127 64.8 1.0 1.0 4.1
2018.3890 -240.46 -11.5394 57.2 1.2 1.1 4.4
2018.3918 -235.697 -13.3147 27.5 2.7 2.2 13.1
2018.4000 -235.523 -15.09 76.3 1.9 1.9 6.5
2018.4027 -236.044 -11.5394 53.8 1.3 1.2 5.6
2018.4164 -239.38 -8.21075 35.6 1.3 1.3 5.1
2018.4301 -238.898 -15.7558 64 1.1 1.0 4.1
2018.4575 -240.75 -12.9819 59.6 1.2 1.1 4.4
2018.4603 -231.203 -7.54501 66.4 2.3 2.2 12.3
2018.4849 -240.576 -7.54501 70.6 1.7 1.7 6.1
2018.4877 -240.46 -11.0956 31.7 1.4 1.3 6.0
2018.4959 -239.978 -12.9819 83.2 1.9 2.1 7.2
2018.4986 -241.965 -15.5338 50.7 1.3 1.2 5.3
2018.5260 -240.576 -12.538 70.2 1.1 1.0 4.0
2018.5534 -243.373 -6.10258 79.9 1.3 1.3 4.7
2018.5562 -244.414 -14.2024 76.9 1.4 1.2 5.5
2018.5836 -241.347 -10.208 80.7 1.2 1.1 4.7
2018.6110 -249.853 -17.642 55.1 1.1 1.0 4.1
2018.6384 -247.461 -8.32171 79.6 1.3 1.3 5.1
2018.6411 -243.623 -19.7502 64 2.0 1.8 9.0
2018.6658 -236.295 -5.5478 64.4 2.9 2.4 8.7
2018.6685 -247.249 -13.4257 75.5 1.2 1.1 4.6
2018.6959 -247.866 -16.0886 74.5 1.1 1.0 4.2
2018.7233 -242.833 -14.8681 69.5 1.3 1.3 4.8
2018.7260 -250.2 -14.2024 84.9 2.4 1.9 9.4
2018.7534 -247.519 -16.4215 83.2 1.2 1.1 4.7
2018.7644 -239.535 -13.3147 57.7 1.8 1.7 6.9
2018.7671 -251.357 -18.3078 102.8 1.5 1.3 5.5
2018.7945 -247.133 -13.5366 71.5 1.1 1.0 4.3
2018.8219 -244.009 -15.8667 71.2 1.0 1.0 4.1
2018.8356 -250.836 -14.8681 69.4 1.2 1.1 4.7
2018.8603 -248.059 -20.8597 60 1.9 1.8 6.8
2018.8630 -249.428 -14.9791 72.2 1.3 1.2 5.3
2018.8795 -250.875 -9.98605 60.8 1.7 1.7 6.4
2018.8822 -252.186 -18.1968 70.4 1.3 1.2 5.3
2018.9096 -245.05 -18.0858 62 1.1 1.1 4.6
2018.9151 -248.522 -17.642 76.1 1.9 1.9 7.0
2018.9178 -248.368 -15.5338 69.3 1.3 1.2 5.1
2018.9370 -249.621 -29.1814 36.1 1.8 1.9 7.5
2018.9479 -252.977 -11.9833 92.7 1.8 1.9 7.2
2018.9562 -253.401 -14.2024 66.6 1.9 1.8 6.6
2018.9589 -251.048 -15.09 52.3 1.3 1.3 5.4
2018.9863 -249.795 -14.4243 80.2 1.1 1.0 4.5
2018.9945 -245.706 -16.3105 54.5 2.0 1.8 6.6
2018.9973 -253.941 -16.7544 74.7 1.3 1.3 5.4
2019.0000 -258.647 -17.642 66.3 2.2 1.9 7.1
2019.0027 -246.651 -13.5366 78.7 1.3 1.2 5.2
2019.0301 -250.605 -14.5352 71.4 1.1 1.0 4.4
2019.0329 -260.074 -14.6462 88.7 2.0 1.7 6.9
2019.0356 -252.013 -14.0914 98.7 1.3 1.3 5.6
2019.0630 -258.011 -12.7599 66.7 1.1 1.1 4.7
2019.0712 -259.65 -19.1954 72.8 2.0 1.7 6.3
2019.0740 -250.875 -16.7544 86 1.4 1.3 6.1
2019.0849 -272.379 -15.8667 85 2.6 2.4 7.0
2019.0877 -255.465 -11.6504 60.5 1.3 1.3 5.3
2019.1151 -257.239 -13.2038 70 1.1 1.1 4.7
2019.1425 -256.005 -13.5366 76 1.1 1.0 4.2
2019.1616 -261.482 -13.6476 56.2 1.9 1.6 6.4
2019.1644 -254.751 -6.65736 78.1 1.3 1.3 5.7
2019.1918 -257.201 -9.65318 64.1 1.1 1.1 4.8
2019.2192 -260.788 -9.76414 76.1 1.0 1.0 4.1
2019.2247 -260.923 -16.7544 84.5 1.9 1.6 6.3
2019.2274 -261.135 -9.87509 78.2 1.3 1.2 5.6
2019.2438 -255.407 -16.3105 68 2.1 1.7 6.4
2019.2466 -263.777 -6.76832 61.2 1.3 1.3 5.8
2019.2575 -260.152 -12.3161 49.2 1.2 1.1 4.7
2019.2630 -259.052 -18.6406 49.1 2.0 1.7 6.4
2019.2658 -266.323 -10.8737 65.8 1.3 1.3 5.6
2019.2822 -257.316 -13.3147 56.6 1.9 1.6 6.4
2019.2849 -258.724 -9.98605 63.2 1.3 1.2 5.6
2019.3014 -264.047 -20.5269 72.3 1.9 1.7 6.4
2019.3041 -263.777 -5.76972 59.2 1.3 1.3 5.7
2019.3205 -259.361 -16.6434 70.9 1.9 1.8 6.8
2019.3233 -260.499 -6.43545 82.7 1.3 1.2 5.5
2019.3342 -257.259 -15.09 57.7 1.2 1.1 4.9
2019.3616 -259.766 -13.8695 57.3 1.0 1.0 4.2
2019.3890 -259.959 -15.9777 74.1 1.0 1.0 4.1
2019.4137 -262.948 -15.09 84.3 1.8 1.7 6.3
2019.4164 -260.19 -12.3161 65.6 1.4 1.3 5.8
2019.4411 -261.926 -9.0984 52.7 2.5 2.6 8.4
2019.4438 -260.923 -18.0858 63.4 1.3 1.1 5.0
2019.4521 -264.665 -13.2038 59.6 1.2 1.1 4.7
2019.4795 -265.127 -15.5338 79.1 1.0 1.0 4.3
2019.4932 -263.7 -17.642 67.3 1.8 1.9 6.8
2019.4959 -264.317 -13.2038 50.5 1.4 1.2 5.6
2019.4986 -267.056 -7.98884 82.3 1.8 1.9 6.6
2019.5014 -263.642 -11.4285 63 1.4 1.3 5.8
2019.5260 -260.171 -17.9749 74.9 2.4 2.5 8.4
2019.5288 -262.504 -11.9833 76.8 1.2 1.1 4.8
2019.5562 -262.852 -9.87509 76.5 1.1 1.1 4.3
2019.5589 -270.643 -10.9847 78.7 1.9 2.0 8.5
2019.5616 -267.905 -13.7586 55.8 2.6 2.5 9.1
2019.5644 -262.022 -13.3147 70.3 1.2 1.1 4.7
2019.5918 -263.893 -16.3105 77.3 1.1 1.0 4.2
2019.6192 -266.342 -18.6406 66.6 1.1 1.0 4.2
2019.6466 -264.356 -9.98605 93.1 1.2 1.2 4.5
2019.6493 -271.299 -12.8709 80.2 1.4 1.2 5.5
2019.6740 -271.473 -19.8611 87 1.2 1.1 4.6
2019.7014 -272.167 -18.7516 80 1.0 1.0 4.1
2019.7068 -269.737 -14.7572 90.4 1.1 1.1 4.1
2019.7096 -270.277 -17.3091 75.1 1.3 1.2 5.0
2019.7370 -276.082 -18.3078 83.9 1.1 1.0 4.5
2019.7507 -276.911 -17.3091 98.2 1.2 1.1 4.9
2019.7781 -274.713 -17.8639 81.4 1.0 1.0 4.0
2019.7808 -273.729 -17.642 79.1 1.6 1.6 6.0
2019.7836 -273.69 -15.8667 92.7 1.3 1.2 5.3
2019.8082 -276.082 -25.187 82.4 2.0 2.3 7.9
2019.8110 -275.098 -22.1912 54.9 1.2 1.1 4.8
2019.8356 -276.622 -16.9763 72 1.1 1.0 4.4
2019.8466 -279.496 -11.5394 94.7 1.1 1.1 4.5
2019.8658 -271.685 -12.3161 77.5 1.6 1.6 6.1
2019.8685 -278.821 -15.5338 87.1 1.4 1.3 5.8
2019.8932 -276.853 -16.0886 95 2.4 1.9 7.1
2019.8959 -279.245 -14.2024 76.5 1.2 1.2 5.1
2019.9178 -275.33 -13.2038 81.7 1.1 1.1 4.6
2019.9452 -277.162 -18.6406 83.4 1.0 1.0 4.3
2019.9726 -281.366 -17.5311 83.7 1.0 1.0 4.0
2020.0000 -282.948 -15.201 81.5 1.0 1.0 4.0
2020.0274 -278.049 -17.0872 85.9 1.1 1.1 4.0
2020.0301 -280.479 -8.43266 76.4 1.3 1.3 5.6
2020.0548 -288.927 -13.4257 76.8 2.3 1.9 7.1
2020.0575 -282.003 -11.0956 84.8 1.2 1.2 5.1
2020.0822 -284.703 -17.0872 70.5 2.6 2.1 7.8
2020.0849 -279.958 -20.7488 88.4 2.1 1.8 7.0
2020.0877 -282.736 -11.6504 86.7 1.2 1.2 5.2
2020.1068 -284.279 -13.5366 72.4 1.0 1.0 3.9
2020.1096 -286.323 -17.8639 86.6 2.0 1.9 8.8
2020.1342 -285.359 -17.0872 92.5 1.4 1.3 5.1
2020.1370 -285.031 -10.9847 82.5 1.8 1.8 7.8
2020.1616 -286.574 -15.3119 96.4 1.6 1.4 5.6
2020.1644 -287.152 -11.4285 59.2 1.2 1.2 5.2
2020.1890 -286.342 -17.642 93.5 2.2 1.8 7.1
2020.1918 -289.679 -11.7613 82.9 1.2 1.2 5.0
2020.2164 -289.717 -15.6448 71.1 2.6 2.2 8.9
2020.2192 -290.701 -9.54222 67.1 1.3 1.2 5.2
2020.2438 -283.565 -19.6392 93.5 2.3 2.1 8.0
2020.2466 -290.508 -12.2052 68.9 1.2 1.2 5.0
2020.2712 -291.202 -13.4257 83.8 2.1 2.2 8.2
2020.2740 -286.188 -14.9791 65.3 1.3 1.2 5.2
2020.2986 -290.797 -14.3133 64.9 2.2 2.1 8.1
2020.3014 -286.844 -12.0942 70.9 1.3 1.2 5.1
2020.3260 -294.134 -18.3078 76.3 2.3 2.2 7.9
2020.3534 -287.384 -17.1982 69 2.2 2.2 7.8
2020.3562 -284.799 -15.9777 78.2 1.3 1.2 5.4
2020.3808 -297.933 -14.9791 72.6 2.1 2.2 7.5
2020.3836 -286.554 -12.2052 76.2 1.3 1.2 5.5
2020.4082 -287.731 -7.76692 77.2 2.3 2.4 7.9
2020.4110 -291.202 -16.7544 83.1 1.3 1.2 5.5
2020.4356 -285.146 -20.8597 125.5 2.3 2.5 7.7
2020.4384 -290.739 -14.5352 67.3 1.3 1.2 5.5
2020.4630 -291.164 -8.76553 100.6 2.3 2.1 7.6
2020.4658 -286.477 -17.3091 64 1.4 1.2 5.5
2020.4904 -293.98 -19.1954 73 2.6 2.3 8.2
2020.4932 -289.081 -11.5394 87.9 1.4 1.2 5.4
2020.5178 -289.756 -8.65457 93.1 2.5 2.4 8.4
2020.5205 -289.254 -12.4271 84.8 1.3 1.2 5.3
2020.5452 -289.37 -9.98605 69.7 2.6 2.3 8.9
2020.5479 -288.444 -17.0872 105.3 1.3 1.2 5.4
2020.5726 -289.332 -12.538 54.9 2.8 2.2 9.4
2020.5753 -286.94 -19.3064 98.9 1.4 1.2 5.6
2020.6000 -291.395 -13.2038 68 3.0 2.5 10.0
2020.6027 -289.042 -20.194 100.5 1.3 1.2 5.4
2020.6274 -290.315 -20.6378 98.2 2.8 2.5 9.5
2020.6301 -292.244 -18.3078 86.1 1.3 1.1 5.2
2020.6548 -294.095 -20.194 78.7 2.4 2.4 9.3
2020.6575 -292.88 -19.9721 90.3 1.3 1.1 5.0
2020.6822 -291.029 -19.6392 164.3 2.3 2.3 9.0
2020.6849 -293.324 -23.5227 98 1.3 1.1 5.1
2020.7096 -294.481 -17.0872 81.6 2.6 2.6 9.9
2020.7123 -294.327 -24.2994 91.8 1.4 1.2 5.3
2020.7397 -295.812 -15.5338 72.2 1.3 1.2 5.1
2020.9370 -304.259 -15.6448 64.4 1.2 1.2 4.4
2020.9397 -305.86 -15.3119 71.9 1.0 0.9 3.8
2020.9425 -309.1 -18.7516 66.4 1.0 1.0 3.8
2020.9452 -306.149 -18.9735 74.1 1.1 1.0 3.9
2020.9479 -309.37 -16.6434 70.9 1.0 0.9 3.7
2020.9507 -307.653 -15.3119 73.9 1.0 0.9 3.8
2020.9534 -309.1 -17.3091 72.4 1.0 1.0 3.8
2020.9562 -308.078 -15.8667 70.4 1.0 0.9 3.7
2020.9589 -308.791 -16.0886 71 1.0 0.9 3.7
2020.9616 -308.155 -17.642 73.7 1.0 0.9 3.7
2020.9644 -309.081 -14.8681 70.6 1.0 0.9 3.7
2020.9671 -308.039 -17.5311 74.7 1.0 0.9 3.8
2020.9699 -307.75 -16.9763 70.5 1.0 1.0 3.8
2020.9726 -309.293 -15.09 71.8 1.0 1.0 3.8
2020.9753 -308.348 -15.201 68.2 1.1 1.0 3.8
2020.9781 -309.042 -17.5311 71.6 1.0 1.0 3.8
2020.9808 -310.045 -14.8681 70.3 1.0 1.0 3.9
2020.9836 -310.759 -16.0886 73.6 1.1 1.1 4.0
2020.9863 -309.756 -16.3105 65.3 1.0 1.0 3.9
2020.9890 -309.37 -15.09 70.4 1.0 0.9 3.7
2020.9918 -308.888 -17.1982 67.9 1.0 1.0 3.8
2020.9945 -309.331 -15.9777 74.7 1.0 1.0 3.8
2020.9973 -308.676 -16.8653 72 1.0 1.0 3.8
2021.0000 -309.331 -16.0886 72.2 1.0 0.9 3.7
2021.0027 -310.894 -15.09 71.3 1.0 1.0 4.0
2021.0027 -309.775 -15.4229 74.6 1.0 0.9 3.7
2021.0082 -309.91 -16.0886 75.8 1.0 1.0 3.8
2021.0110 -309.408 -14.7572 71.1 1.0 0.9 3.8
2021.0137 -308.406 -16.3105 66.4 1.0 1.0 3.7
2021.0164 -308.116 -16.6434 74.3 1.0 1.0 3.7
2021.0192 -308.078 -15.4229 71.2 1.0 1.0 3.7
2021.0219 -309.293 -14.5352 70.1 1.0 1.0 3.7
2021.0247 -307.364 -16.4215 74.3 1.0 0.9 3.7
2021.0274 -310.103 -14.8681 71.3 1.0 0.9 3.7
2021.0301 -308.232 -14.9791 70.2 1.1 1.0 3.8
2021.0329 -308.483 -15.4229 74.4 1.0 0.9 3.8
2021.0356 -308.483 -13.6476 66.9 1.0 0.9 3.8
2021.0384 -309.216 -15.4229 70 1.0 0.9 3.8
2021.0411 -310.296 -13.0928 73.5 1.0 0.9 3.8
2021.0438 -311.665 -14.0914 69.5 1.0 0.9 3.7
2021.0466 -309.061 -14.4243 69.9 1.0 0.9 3.7
2021.0493 -310.18 -14.0914 77.2 1.0 0.9 3.7
2021.0521 -309.524 -13.5366 71.2 1.0 0.9 3.7
2021.0548 -309.601 -15.6448 67.6 1.1 1.0 4.0
2021.0575 -310.45 -14.6462 66.7 1.0 0.9 3.7
2021.0603 -310.681 -15.7558 66.6 1.0 0.9 3.7
2021.0630 -309.543 -17.8639 67.4 1.0 0.9 3.7
2021.0658 -310.894 -14.7572 69.3 1.0 0.9 3.7
2021.0685 -310.161 -15.3119 61.8 1.0 1.0 3.8
2021.0712 -309.273 -15.5338 69.2 1.0 1.0 3.8
2021.0740 -311.048 -13.0928 67.1 1.0 0.9 3.7
2021.0767 -307.846 -15.201 70.5 1.0 0.9 3.7
2021.0795 -310.296 -14.6462 63.1 1.0 0.9 3.7
2021.0822 -312.031 -14.6462 72.2 1.0 0.9 3.7
2021.0849 -309.505 -14.8681 62.4 1.0 0.9 3.7
2021.0877 -310.585 -16.4215 65.8 1.0 0.9 3.7
2021.0932 -308.849 -15.3119 60.5 1.1 1.0 3.9
2021.0959 -310.971 -13.4257 68 1.0 1.0 3.8
2021.0986 -311.26 -14.7572 66.9 1.0 1.0 3.8
2021.1014 -309.91 -15.201 62.2 1.0 0.9 3.7
2021.1041 -312.764 -14.9791 70.9 1.0 1.0 3.7
2021.1068 -312.919 -15.9777 74.3 1.0 0.9 3.8
2021.1096 -311.549 -16.0886 62 1.0 0.9 3.7
2021.1123 -314.866 -14.9791 80.3 1.0 0.9 3.8
2021.1151 -311.607 -15.3119 75 1.0 1.0 3.8
2021.1178 -313.401 -12.9819 73.8 1.0 1.0 3.7
2021.1205 -313.324 -13.7586 83.3 1.0 0.9 3.8
2021.1233 -312.803 -14.9791 76.6 1.0 0.9 3.8
2021.1260 -314.886 -13.2038 79.6 1.0 0.9 3.8
2021.1288 -314.654 -12.8709 74.6 1.0 1.0 3.8
2021.1315 -312.475 -11.3175 70.8 1.0 1.0 3.8
2021.1342 -314.577 -11.8723 73.8 1.0 1.0 3.8
2021.1370 -312.726 -12.0942 73 1.0 1.0 3.9
2021.1397 -313.015 -10.4299 75.4 1.0 1.0 3.7
2021.1425 -314.056 -10.208 75.8 1.0 0.9 3.8
2021.1452 -314.249 -10.097 69.2 1.0 1.0 3.9
2021.1479 -313.555 -12.0942 74.1 1.0 1.0 3.8
2021.1507 -314.076 -10.3189 73.9 1.0 1.0 3.8
2021.1534 -313.979 -11.4285 69 1.0 1.0 3.9
2021.1562 -315.754 -11.2066 74.6 1.0 1.0 3.8
2021.1589 -316.525 -9.20935 68.3 1.0 1.0 4.0
2021.1616 -313.632 -10.5408 72.7 1.0 1.0 3.9
2021.1644 -312.976 -11.2066 69.9 1.1 1.0 4.0
2021.1671 -313.034 -12.8709 67.2 1.1 1.0 3.8
2021.1699 -314.635 -16.4215 72.6 1.0 1.0 3.8
2021.1726 -315.734 -12.538 62.2 1.0 0.9 3.8
2021.1753 -314.577 -11.9833 63.7 1.1 1.0 3.9
2021.1781 -313.864 -12.538 68.9 1.0 1.0 3.8
2021.1808 -312.668 -12.3161 67.6 1.0 1.0 3.7
2021.1836 -314.5 -13.5366 64.9 1.1 1.0 3.9
2021.1863 -320.479 -15.3119 86.3 1.0 0.9 3.8
2021.1890 -315.792 -12.538 70.4 1.0 0.9 3.7
2021.1918 -314.866 -14.4243 70.8 1.0 1.0 3.7
2021.1945 -314.307 -13.3147 73.6 1.1 1.0 3.8
2021.1973 -315.31 -14.7572 64.4 1.0 1.0 3.7
2021.2000 -316.294 -13.3147 69.2 1.1 1.0 3.8
2021.2027 -315.387 -13.9805 72 1.0 0.9 3.7
2021.2055 -315.387 -14.5352 67.5 1.0 0.9 3.7
2021.2082 -315.329 -12.4271 65.2 1.0 1.0 3.7
2021.2110 -315.792 -14.4243 72.9 1.0 1.0 3.7
2021.2137 -315.194 -15.3119 64.5 1.0 1.0 3.8
2021.2164 -316.872 -13.7586 65.6 1.1 1.0 3.8
2021.2192 -315.271 -15.201 69.7 1.0 1.0 3.9
2021.2219 -316.525 -14.9791 66.1 1.0 0.9 3.7
2021.2247 -315.927 -14.0914 68.6 1.0 1.0 3.7
2021.2274 -316.409 -16.5325 66.1 1.1 0.9 3.7
2021.2301 -315.85 -14.5352 62.9 1.0 1.0 3.7
2021.2329 -317.74 -13.7586 72.7 1.0 1.0 3.7
2021.2356 -314.847 -13.9805 74.1 1.0 1.0 3.8
2021.2384 -315.542 -12.2052 65.9 1.0 0.9 3.7
2021.2411 -316.101 -16.9763 66 1.0 0.9 3.7
2021.2438 -315.233 -14.7572 69 1.0 0.9 3.7
2021.2466 -316.795 -14.0914 75.4 1.0 0.9 3.7
2021.2493 -315.831 -15.09 67.3 1.0 1.0 3.8
2021.2521 -315.812 -15.6448 66.1 1.0 1.0 3.7
2021.2548 -317.104 -13.9805 68.7 1.0 0.9 3.6
2021.2575 -313.574 -16.7544 62.9 1.0 0.9 3.6
2021.2603 -316.911 -15.5338 74.7 1.0 0.9 3.7
2021.2630 -317.914 -15.9777 70.1 1.0 0.9 3.7
2021.2658 -315.638 -16.6434 70.7 1.0 0.9 3.7
2021.2685 -317.74 -14.8681 73.8 1.0 0.9 3.8
2021.2712 -317.567 -15.8667 65 1.0 0.9 3.7
2021.2740 -317.933 -17.1982 72.8 1.0 0.9 3.5
2021.2767 -316.313 -15.4229 67.4 1.0 0.9 3.5
2021.2795 -315.484 -18.4187 71.7 1.0 0.9 3.6
2021.2822 -315.985 -15.201 71.5 1.0 0.9 3.7
2021.2849 -314.249 -15.7558 68.5 1.0 0.9 3.6
2021.2877 -317.509 -15.8667 63.5 1.0 0.9 3.6
2021.2904 -318.203 -15.09 70.9 1.1 1.0 3.7
2021.2932 -318.955 -15.09 68.3 1.0 0.9 3.7
2021.2959 -315.889 -16.3105 72.2 1.0 1.0 3.7
2021.2986 -317.759 -14.8681 71.6 1.0 1.0 3.8
2021.3014 -317.219 -16.0886 73.1 1.0 1.0 3.6
2021.3041 -315.426 -18.0858 76.8 1.0 0.9 3.6
2021.3068 -319.534 -15.09 74 1.0 1.0 3.7
2021.3096 -316.66 -17.8639 69.6 1.0 1.0 3.8
2021.3123 -318.299 -15.7558 77.6 1.0 0.9 3.7
2021.3151 -318.608 -15.09 66.5 1.0 0.9 3.5
2021.3178 -315.503 -16.8653 67.5 0.9 0.9 3.6
2021.3205 -319.013 -17.3091 76.2 1.0 0.9 3.7
2021.3233 -317.393 -16.7544 64.4 1.0 0.9 3.7
2021.3260 -316.969 -16.5325 76.1 1.0 0.9 3.6
2021.3288 -317.856 -13.4257 67.7 0.9 0.9 3.6
2021.3315 -317.972 -15.09 68.1 0.9 0.9 3.5
2021.3342 -316.564 -13.8695 75.2 1.0 1.0 3.6
2021.3370 -319.418 -15.7558 70.5 1.0 0.9 3.7
2021.3397 -316.371 -15.5338 69.3 1.0 0.9 3.6
2021.3425 -318.396 -15.5338 67.2 0.9 0.9 3.6
2021.3452 -318.28 -16.0886 67.8 1.0 0.9 3.7
2021.3479 -316.352 -15.9777 67.5 0.9 0.9 3.5
2021.3507 -318.28 -15.8667 69.2 0.9 0.9 3.6
2021.3534 -318.434 -15.5338 73.7 1.0 0.9 3.6
2021.3562 -316.795 -14.7572 65.6 1.0 1.0 3.6
2021.3589 -317.489 -15.4229 67.8 0.9 0.9 3.5
2021.3616 -317.432 -14.5352 66.7 1.0 1.0 3.6
2021.3644 -318.222 -16.1996 66.4 1.0 0.9 3.6
2021.3671 -318.377 -14.4243 73.6 1.0 0.9 3.6
2021.3699 -315.696 -14.8681 63.3 1.0 0.9 3.6
2021.3726 -317.297 -15.5338 65.2 0.9 0.9 3.5
2021.3753 -318.743 -15.3119 70.2 1.0 0.9 3.6
2021.3781 -316.641 -15.201 63.8 1.0 0.9 3.6
2021.3808 -318.087 -16.1996 71.1 1.0 0.9 3.7
2021.3836 -316.757 -14.4243 67.8 1.1 1.0 3.9
2021.3863 -317.528 -17.4201 73.4 1.0 1.0 3.7
2021.3890 -316.872 -17.0872 75.8 1.0 0.9 3.6
2021.3918 -318.396 -16.8653 75.5 1.0 0.9 3.5
2021.3945 -317.297 -16.1996 67.1 1.0 0.9 3.5
2021.3973 -318.396 -13.8695 73.8 1.0 0.9 3.6
2021.4000 -317.837 -15.4229 73.7 1.0 0.9 3.6
2021.4027 -317.914 -16.1996 69.1 1.1 1.0 3.8
2021.4055 -315.001 -15.8667 83.3 1.1 1.1 3.9
2021.4082 -317.104 -14.0914 73.5 1.0 0.9 3.5
2021.4110 -316.371 -15.7558 74.7 1.0 0.9 3.5
2021.4137 -317.547 -14.9791 79 1.0 0.9 3.5
2021.4164 -318.049 -14.6462 81.2 1.0 0.9 3.6
2021.4192 -318.627 -15.4229 78.1 1.0 0.9 3.5
2021.4219 -316.679 -16.0886 81.2 1.0 0.9 3.6
2021.4247 -317.798 -14.0914 74.8 1.0 0.9 3.6
2021.4274 -316.197 -13.9805 71.1 1.0 1.0 3.6
2021.4301 -316.853 -14.4243 81.1 1.1 1.1 3.8
2021.4329 -319.399 -13.2038 79.4 1.0 0.9 3.7
2021.4356 -318.55 -14.9791 75.7 1.0 0.9 3.5
2021.4384 -314.153 -12.4271 76 0.9 0.9 3.5
2021.4411 -318.415 -14.2024 79 1.0 0.9 3.7
2021.4438 -316.139 -13.9805 67.4 1.0 0.9 3.7
2021.4466 -318.589 -14.8681 76.7 1.0 1.0 3.7
2021.4493 -317.856 -14.6462 71.4 1.0 0.9 3.6
2021.4521 -317.856 -13.4257 76.9 1.0 0.9 3.7
2021.4548 -319.399 -12.9819 83.4 1.1 1.0 3.9
2021.4575 -320.324 -13.5366 69.8 1.0 1.0 3.7
2021.4603 -317.914 -13.9805 81.1 1.0 0.9 3.6
2021.4630 -318.917 -13.8695 80.3 1.0 0.9 3.6
2021.4658 -320.826 -14.5352 71 1.0 0.9 3.5
2021.4685 -319.765 -14.2024 82.9 1.0 0.9 3.5
2021.4712 -319.167 -10.3189 71.3 1.0 0.9 3.7
2021.4740 -319.379 -11.7613 75.5 1.0 1.0 3.7
2021.4767 -322.234 -9.87509 79.6 1.0 1.0 3.7
2021.4795 -318.338 -15.09 69.6 1.0 0.9 3.6
2021.4822 -318.936 -15.9777 73.3 1.0 0.9 3.6
2021.4849 -318.049 -15.09 75.6 1.1 1.0 3.7
2021.4877 -318.299 -13.3147 66.9 1.0 0.9 3.6
2021.4904 -319.264 -15.6448 77.7 1.0 0.9 3.6
2021.4932 -320.093 -13.2038 87.5 1.0 1.0 3.7
2021.4959 -319.399 -15.3119 67.4 1.0 0.9 3.7
2021.4986 -319.63 -16.0886 72.7 1.1 1.0 3.8
2021.5014 -321.057 -13.4257 72.9 1.1 1.0 3.8
2021.5041 -321.231 -12.8709 69.6 1.0 0.9 3.6
2021.5068 -321.25 -13.2038 81.9 1.0 0.9 3.6
2021.5096 -320.652 -17.5311 75.8 1.1 1.0 3.7
2021.5123 -320.845 -13.4257 70 1.0 0.9 3.6
2021.5151 -320.132 -16.0886 82.4 1.0 0.9 3.7
2021.5178 -322.427 -15.3119 82 1.0 0.9 3.7
2021.5205 -320.286 -15.4229 75.3 1.1 1.0 3.9
2021.5233 -320.594 -13.3147 80 1.1 1.0 3.8
2021.5260 -319.244 -16.0886 75.5 1.0 0.9 3.6
2021.5288 -320.363 -12.8709 78.4 1.0 0.9 3.6
2021.5315 -321.52 -10.9847 90.1 1.0 0.9 3.7
2021.5342 -322.195 -12.8709 73.1 1.0 0.9 3.7
2021.5370 -322.253 -17.4201 82.5 1.1 1.0 3.9
2021.5397 -319.476 -15.8667 78.4 1.1 1.0 4.0
2021.5425 -321.559 -13.4257 73 1.0 1.0 3.7
2021.5452 -319.997 -15.09 64.9 1.0 1.0 3.7
2021.5479 -323.179 -13.8695 85.9 1.0 0.9 3.7
2021.5507 -322.137 -14.8681 61.4 1.1 1.0 3.8
2021.5534 -319.727 -17.0872 79.3 1.0 0.9 3.7
2021.5562 -317.972 -15.09 74.8 1.1 1.0 3.8
2021.5589 -320.999 -17.642 68.1 1.1 1.0 3.8
2021.5616 -319.572 -15.6448 78.4 1.0 1.0 3.7
2021.5644 -321.848 -16.1996 80.3 1.0 0.9 3.7
2021.5671 -320.71 -18.3078 67.8 1.0 0.9 3.6
2021.5699 -318.377 -19.1954 73.6 1.0 0.9 3.6
2021.5726 -322.581 -16.9763 83.2 1.1 1.0 3.8
2021.5753 -321.077 -16.9763 74.5 1.0 1.0 3.7
2021.5781 -320.112 -15.8667 79.8 1.0 0.9 3.7
2021.5808 -324.741 -15.6448 75.9 1.0 0.9 3.7
2021.5836 -320.71 -17.1982 71.9 1.0 0.9 3.7
2021.5863 -321.925 -17.1982 80.3 1.1 1.0 3.9
2021.5890 -324.78 -15.8667 76.2 1.0 1.0 3.7
2021.5918 -320.903 -16.7544 75.1 1.0 0.9 3.7
2021.5945 -322.697 -18.1968 81.4 1.0 0.9 3.7
2021.5973 -323.622 -17.3091 79.4 1.1 1.0 3.8
2021.6000 -320.922 -19.8611 71.1 1.0 0.9 3.7
2021.6027 -323.777 -14.8681 82.2 1.0 0.9 3.7
2021.6055 -321.019 -15.6448 83.6 1.0 0.9 3.7
2021.6082 -322.041 -16.0886 76.2 1.0 0.9 3.7
2021.6110 -322.465 -16.1996 77.2 1.0 0.9 3.8
2021.6137 -321.655 -17.753 84.7 1.0 1.0 3.7
2021.6164 -321.559 -16.7544 78.1 1.0 0.9 3.7
2021.6192 -321.424 -17.8639 82.8 1.0 0.9 3.7
2021.6219 -321.482 -19.9721 82.2 1.0 1.0 3.7
2021.6247 -323.237 -17.3091 78.4 1.1 0.9 3.7
2021.6274 -319.457 -18.6406 76.1 1.0 0.9 3.7
2021.6301 -321.405 -17.753 78.7 1.0 0.9 3.7
2021.6329 -322.253 -16.0886 82.3 1.0 0.9 3.7
2021.6356 -321.462 -18.0858 80.8 1.1 0.9 3.7
2021.6384 -323.063 -16.0886 84.5 1.1 1.1 3.8
2021.6411 -324.182 -18.7516 71.2 1.0 1.0 3.7
2021.6438 -320.614 -18.0858 77.4 1.1 1.0 3.7
2021.6466 -324.702 -18.4187 79.2 1.0 0.9 3.7
2021.6493 -323.102 -16.9763 78.5 1.0 1.0 3.8
2021.6521 -321.192 -17.8639 90.4 1.1 0.9 3.7
2021.6548 -322.87 -19.6392 84.3 1.2 1.1 3.9
2021.6575 -321.655 -17.5311 74.3 1.1 1.0 3.8
2021.6603 -323.873 -20.194 78.9 1.1 1.0 3.7
2021.6630 -318.743 -16.6434 91 1.0 0.9 3.7
2021.6658 -322.812 -16.4215 75.1 1.1 1.0 3.8
2021.6685 -325.782 -15.3119 84 1.0 0.9 3.7
2021.6712 -324.49 -16.9763 77.1 1.0 1.0 3.7
2021.6740 -324.047 -19.5283 81.5 1.2 1.1 3.9
2021.6767 -324.702 -17.1982 77.5 1.1 1.0 3.9
2021.6795 -323.738 -20.305 75.7 1.1 1.0 3.9
2021.6822 -323.256 -19.4173 81.3 1.0 0.9 3.7
2021.6849 -326.882 -18.9735 79.2 1.0 1.0 3.8
2021.6877 -321.906 -19.0844 73.5 1.1 1.0 3.7
2021.6904 -323.391 -20.6378 79.4 1.0 1.0 3.7
2021.6932 -325.165 -17.8639 79.8 1.1 1.0 3.7
2021.6959 -322.272 -19.5283 76.3 1.1 1.0 3.9
2021.6986 -329.485 -18.7516 80.6 1.2 1.1 4.0
2021.7014 -323.719 -23.1898 87 1.1 1.0 3.8
2021.7041 -324.278 -20.7488 70.5 1.1 1.1 3.8
2021.7068 -325.435 -19.1954 77.8 1.0 1.0 3.7
2021.7096 -323.603 -17.3091 75.6 1.0 1.0 3.7
2021.7123 -326.245 -20.194 70.3 1.1 1.1 3.9
2021.7151 -326.824 -18.9735 73.4 1.0 0.9 3.7
2021.7178 -324.702 -19.7502 77.7 1.1 1.0 3.7
2021.7205 -324.22 -18.1968 69.2 1.0 0.9 3.7
2021.7233 -325.86 -16.7544 74.1 1.0 1.0 3.7
2021.7260 -324.915 -17.8639 80 1.0 1.0 3.7
2021.7288 -325.59 -16.0886 77.8 1.0 1.0 3.8
2021.7315 -324.876 -14.9791 80.3 1.1 1.0 4.0
2021.7342 -324.683 -15.7558 78.6 1.1 1.0 3.9
2021.7370 -326.766 -16.4215 77.2 1.0 1.0 3.7
2021.7397 -324.606 -17.753 71.8 1.1 1.0 3.9
2021.7425 -323.796 -17.3091 71.4 1.2 1.2 3.9
2021.7452 -328.328 -14.5352 76.7 1.1 1.0 3.7
2021.7479 -326.438 -16.5325 79.5 1.1 1.0 3.8
2021.7507 -324.375 -17.8639 78.5 1.2 1.1 3.9
2021.7534 -327.943 -17.642 76.5 1.2 1.0 4.1
2021.7562 -325.377 -17.642 79.7 1.1 1.0 3.8
2021.7589 -325.262 -15.7558 78.7 1.1 0.9 3.7
2021.7616 -326.94 -16.9763 83.8 1.1 1.0 3.7
2021.7644 -327.865 -17.1982 78 1.1 1.0 3.9
2021.7671 -327.75 -17.8639 78.5 1.1 1.0 3.8
2021.7699 -324.876 -17.5311 74.6 1.1 0.9 3.7
2021.7726 -326.535 -17.0872 79.9 1.0 1.0 3.8
2021.7753 -326.11 -17.3091 77 1.1 1.0 3.8
2021.7781 -328.772 -15.8667 81.8 1.2 1.1 4.0
2021.7808 -325.667 -16.5325 78 1.1 1.0 3.8
2021.7836 -328.135 -16.1996 74.4 1.1 0.9 3.7
2021.7863 -326.322 -20.9707 81 1.1 1.1 3.8
2021.7890 -327.133 -15.9777 76.9 1.0 0.9 3.7
2021.7918 -325.59 -15.9777 80.7 1.0 0.9 3.7
2021.7945 -328.791 -17.4201 76 1.3 1.1 4.0
2021.7973 -326.843 -16.3105 73.3 1.1 1.0 3.7
2021.8000 -326.207 -15.4229 81.1 1.0 0.9 3.7
2021.8027 -327.133 -17.642 75.2 1.0 1.0 3.7
2021.8055 -326.631 -16.9763 78.1 1.1 1.0 3.8
2021.8082 -326.882 -16.4215 80.4 1.0 1.0 3.8
2021.8110 -328.637 -14.2024 74.2 1.0 0.9 3.7
2021.8137 -328.753 -16.7544 74.4 1.2 1.1 4.0
2021.8164 -327.846 -16.0886 80.5 1.0 1.0 3.8
2021.8192 -328.097 -15.3119 77.6 1.0 1.0 3.8
2021.8219 -326.978 -16.5325 84.7 1.0 1.0 3.8
2021.8247 -328.888 -15.3119 77.6 1.1 1.0 3.8
2021.8274 -332.494 -13.5366 78.5 1.2 1.1 3.9
2021.8301 -324.432 -16.4215 73.2 1.2 1.1 4.0
2021.8329 -330.835 -17.4201 81.2 1.4 1.3 4.3
2021.8356 -329.833 -17.642 78.3 1.1 1.0 3.9
2021.8384 -329.64 -18.6406 80.8 1.4 1.3 4.2
2021.8411 -329.235 -14.8681 80.2 1.3 1.2 4.1
2021.8438 -327.383 -17.9749 79.3 2.0 1.8 5.3
2021.8466 -330.025 -19.9721 78.5 1.2 1.1 3.8
2021.8493 -331.53 -15.09 74.4 1.3 1.2 4.3
2021.8521 -326.67 -16.4215 81.2 1.1 1.0 3.8
2021.8548 -328.232 -18.3078 71.2 1.1 1.1 3.9
2021.8575 -330.083 -17.1982 83.9 1.1 1.0 3.9
2021.8603 -325.474 -18.4187 73.9 1.0 0.9 3.7
2021.8630 -328.598 -15.201 75.1 1.0 1.0 3.8
2021.8658 -327.75 -14.8681 78.9 1.1 1.0 4.0
2021.8685 -330.295 -16.4215 80.4 1.1 1.0 4.0
2021.8712 -330.527 -14.4243 67.6 1.1 1.0 3.9
2021.8740 -330.045 -16.9763 79.2 1.2 1.0 4.0
2021.8767 -328.907 -15.201 81.8 1.1 1.0 3.9
2021.8795 -329.948 -14.4243 80.9 1.1 0.9 3.7
2021.8822 -328.695 -15.09 83.3 1.0 0.9 3.7
2021.8849 -329.871 -13.9805 73.4 1.0 0.9 3.8
2021.8877 -329.678 -14.5352 70.4 1.1 1.0 3.8
2021.8904 -328.598 -15.8667 79.7 1.1 1.0 3.8
2021.8932 -329.929 -15.6448 75 1.1 1.0 3.8
2021.8959 -327.576 -17.0872 76 1.1 1.0 3.8
2021.8986 -329.505 -15.4229 76.8 1.0 0.9 3.8
2021.9014 -329.196 -15.9777 72.5 1.0 0.9 3.7
2021.9041 -329.755 -15.8667 78.8 1.0 0.9 3.7
2021.9068 -329.408 -16.8653 82.8 1.1 1.0 3.8
2021.9096 -329.755 -14.5352 79.9 1.1 1.0 3.9
2021.9123 -329.08 -15.201 87.9 1.0 0.9 3.7
2021.9151 -330.797 -14.8681 79.6 1.1 1.0 4.0
2021.9178 -327.981 -16.3105 85 1.3 1.1 3.9
2021.9205 -332.128 -14.5352 87.3 1.2 1.1 4.0
2021.9233 -333.844 -15.9777 82 1.2 1.1 3.9
2021.9260 -329.312 -15.8667 83.4 1.0 1.0 3.8
2021.9288 -332.513 -13.7586 86.2 1.1 1.0 3.9
2021.9315 -331.973 -15.8667 85.8 1.1 1.0 3.9
2021.9342 -328.078 -14.9791 81 1.1 1.0 3.9
2021.9370 -330.238 -14.8681 82.8 1.1 1.0 3.9
2021.9397 -329.987 -14.5352 82.5 1.1 1.0 4.0
2021.9425 -330.585 -11.7613 85.2 1.1 1.0 4.1
2021.9452 -332.764 -11.9833 76.1 1.1 1.0 3.8
2021.9479 -330.797 -13.8695 76.2 1.0 1.0 3.8
2021.9507 -331.395 -15.5338 77.4 1.1 1.0 3.9
2021.9534 -331.067 -14.6462 90.3 1.0 1.0 3.8
2021.9562 -329.62 -16.0886 77.5 1.2 1.2 4.0
2021.9589 -330.18 -13.6476 73.2 1.1 1.0 3.8
2021.9616 -332.533 -13.6476 75.5 1.0 1.0 3.8
2021.9644 -328.81 -14.2024 67 1.0 1.0 3.9
2021.9671 -330.623 -12.649 67.5 1.3 1.2 4.4
2021.9699 -331.318 -11.7613 69.2 1.1 1.1 4.1
2021.9726 -330.411 -12.8709 77.8 1.2 1.2 4.1
2021.9753 -333.883 -12.4271 64.6 1.2 1.3 4.1
2021.9781 -332.417 -11.4285 63.5 1.1 1.1 4.0
2021.9808 -331.028 -13.2038 63.6 1.1 1.2 4.0
2021.9836 -330.855 -12.8709 65.3 1.3 1.3 4.3
2021.9863 -331.163 -14.5352 71.1 1.1 1.0 3.8
2021.9890 -329.023 -14.6462 65.9 1.2 1.1 3.9
2021.9918 -334.095 -15.7558 63.1 1.2 1.1 3.9
2021.9945 -328.714 -16.1996 66.3 1.1 1.0 3.8
2021.9973 -330.411 -14.7572 60.1 1.1 1.0 3.8
2022.0000 -332.243 -14.5352 67.1 1.1 1.0 3.8
2022.0027 -329.698 -14.6462 69.1 1.2 1.1 4.0
2022.0055 -332.629 -14.0914 59.3 1.1 1.1 4.0
2022.0082 -332.648 -17.4201 66.4 1.1 1.0 3.9
2022.0110 -331.125 -17.0872 62.4 1.1 1.0 3.8
2022.0137 -331.703 -15.09 73.4 1.0 1.0 3.8
2022.0164 -332.745 -16.5325 68.6 1.1 1.0 3.9
2022.0192 -330.43 -13.4257 71.1 1.0 1.0 3.8
2022.0219 -334.037 -14.4243 69.5 1.1 1.1 4.0
2022.0247 -329.62 -14.9791 65.3 1.2 1.1 4.1
2022.0274 -331.954 -14.8681 65.9 1.1 1.0 3.9
2022.0301 -330.72 -15.7558 75.9 1.0 1.0 3.8
2022.0329 -330.681 -14.3133 67.2 1.1 1.0 3.9
2022.0356 -333.343 -15.09 74.7 1.1 1.0 4.0
2022.0384 -329.852 -13.8695 68.4 1.2 1.2 4.2
2022.0411 -328.386 -15.4229 59.3 1.2 1.1 4.0
2022.0438 -333.073 -15.8667 69.9 1.2 1.1 4.0
2022.0466 -328.618 -15.6448 68.7 1.2 1.1 4.1
2022.0493 -331.588 -14.9791 73.8 1.3 1.2 4.4
2022.0521 -331.472 -17.753 78.6 1.1 1.0 4.0
2022.0548 -330.874 -14.3133 70.1 1.0 1.0 3.8
2022.0575 -333.574 -16.1996 74.2 1.1 1.1 4.1
2022.0603 -331.607 -15.201 79.1 1.2 1.1 4.1
2022.0630 -331.665 -14.2024 70.5 1.1 1.0 3.9
2022.0658 -332.128 -15.6448 73.1 1.0 1.0 3.9
2022.0685 -333.15 -16.8653 75.5 1.1 1.1 4.0
2022.0712 -332.378 -19.0844 67.9 1.1 1.0 4.0
2022.0740 -335.676 -16.5325 81.5 1.1 1.0 3.8
2022.0767 -332.668 -15.4229 70.7 1.2 1.2 3.8
2022.0795 -332.918 -17.642 77.5 1.2 1.1 4.1
2022.0822 -335.831 -16.8653 73.2 1.3 1.1 4.1
2022.0849 -336.351 -17.642 74 2.0 1.4 5.2
2022.0877 -333.362 -18.0858 75.6 1.0 1.0 3.8
2022.0904 -336.062 -15.09 80.6 1.1 1.1 3.9
2022.0932 -334.886 -17.3091 80.9 1.3 1.2 4.2
2022.0959 -336.621 -13.9805 81.6 1.4 1.4 4.3
2022.0986 -335.252 -15.5338 76.5 1.1 1.0 4.0
2022.1014 -334.673 -14.6462 82 1.3 1.3 4.2
2022.1041 -334.114 -14.8681 79.5 1.2 1.2 4.1
2022.1068 -336.332 -15.09 85.9 1.2 1.2 4.2
2022.1096 -332.957 -14.7572 70.6 1.1 1.1 4.0
2022.1123 -335.696 -12.3161 80.9 1.6 1.5 4.9
2022.1151 -334.558 -13.8695 79.4 1.2 1.1 4.1
2022.1178 -333.883 -15.9777 76.5 1.1 1.1 4.0
2022.1205 -335.715 -17.753 76.3 1.5 1.4 4.2
2022.1233 -336.467 -13.5366 68.3 1.2 1.1 3.9
2022.1260 -335.966 -13.2038 69.6 1.1 1.1 3.9
2022.1288 -336.313 -12.8709 76.5 1.3 1.2 4.2
2022.1315 -336.988 -12.8709 65.4 1.1 1.1 4.1
2022.1342 -337.894 -11.5394 77.1 1.2 1.2 4.0
2022.1370 -335.252 -15.4229 69.9 1.2 1.1 3.9
2022.1397 -336.293 -14.2024 67.7 1.2 1.1 3.9
2022.1425 -338.955 -15.5338 75.1 1.3 1.1 4.0
2022.1452 -336.833 -17.0872 75.9 1.4 1.2 4.2
2022.1479 -337.605 -14.4243 75 1.2 1.2 4.2
2022.1507 -338.087 -12.3161 75.1 1.3 1.2 4.4
2022.1534 -335.811 -14.7572 71.7 1.3 1.2 4.2
2022.1562 -335.676 -13.7586 76.9 1.1 1.0 3.7
2022.1589 -337.836 -14.7572 76.1 1.3 1.2 4.2
2022.1616 -337.875 -17.5311 76.5 1.1 1.0 3.9
2022.1644 -342.696 -18.1968 89.8 1.3 1.2 4.2
2022.1671 -338.396 -18.5297 73.2 1.1 1.0 3.8
2022.1699 -337.971 -17.3091 65.3 1.3 1.2 4.0
2022.1726 -340.112 -15.9777 86 1.4 1.4 4.4
2022.1753 -338.106 -15.8667 72.3 1.8 1.6 5.1
2022.1781 -341.501 -17.8639 76.2 1.4 1.1 4.1
2022.1808 -338.897 -16.4215 79.9 1.4 1.3 4.3
2022.1836 -337.354 -17.8639 66.3 1.1 1.1 3.9
2022.1863 -338.724 -18.4187 81 1.2 1.0 3.9
2022.1890 -340.266 -15.7558 84.3 1.6 1.5 4.7
2022.1918 -339.071 -16.5325 70.8 1.3 1.1 4.2
2022.1945 -336.891 -19.0844 72.1 1.2 1.1 4.2
2022.1973 -336.313 -15.7558 78.7 1.5 1.5 4.7
2022.2000 -340.131 -17.4201 73 1.3 1.2 4.2
2022.2027 -340.845 -15.5338 81.2 1.3 1.2 4.3
2022.2055 -337.2 -14.9791 80.5 1.1 1.0 3.8
2022.2082 -335.175 -14.9791 83.1 1.1 1.0 4.0
2022.2110 -335.966 -11.3175 88.5 1.1 1.0 4.0
2022.2137 -335.175 -12.2052 74.5 1.1 1.0 3.9
2022.2164 -337.894 -12.7599 80.7 1.2 1.1 4.0
2022.2192 -339.225 -13.6476 79.3 1.3 1.1 4.1
2022.2219 -336.756 -13.9805 71.9 1.1 1.1 3.8
2022.2247 -337.142 -13.6476 77.5 1.1 1.2 3.9
2022.2274 -335.522 -15.7558 69.6 1.2 1.1 4.1
2022.2301 -338.068 -12.8709 72.1 1.5 1.4 4.6
2022.2329 -337.354 -13.9805 77.7 1.3 1.2 4.1
2022.2356 -338.299 -13.2038 68.4 1.3 1.3 4.1
2022.2384 -337.875 -15.3119 71.1 1.1 1.0 3.8
2022.2411 -338.994 -11.0956 76.3 1.3 1.2 4.0
2022.2438 -338.743 -13.9805 67.9 1.3 1.1 4.0
2022.2466 -339.553 -10.9847 67 1.4 1.3 4.4
2022.2493 -341.829 -10.3189 87 1.8 1.7 5.2
2022.2521 -341.154 -14.4243 76.2 1.6 1.4 4.6
2022.2548 -338.608 -14.8681 72 1.2 1.1 4.1
2022.2575 -336.872 -20.194 80.6 1.4 1.6 4.5
2022.2603 -340.228 -14.9791 73.7 1.2 1.1 4.0
2022.2630 -340.286 -18.1968 79 1.2 1.1 4.1
2022.2658 -344.124 -18.7516 77.1 1.5 1.4 4.7
2022.2685 -341.559 -15.9777 71.1 1.2 1.1 4.2
2022.2712 -342.156 -13.5366 81.4 1.3 1.3 4.1
2022.2740 -340.054 -15.201 67.7 1.3 1.2 4.2
2022.2767 -341.674 -17.3091 68.4 1.1 1.1 3.9
2022.2795 -340.344 -18.1968 78.2 1.3 1.2 4.3
2022.2822 -342.465 -16.7544 65.4 1.2 1.2 4.1
2022.2849 -341.925 -14.7572 83.3 1.6 1.5 4.4
2022.2877 -339.861 -16.4215 72.1 1.1 1.1 3.9
2022.2904 -341.751 -14.8681 73.5 1.1 1.1 3.9
2022.2932 -341.501 -18.4187 80 1.2 1.1 3.9
2022.2959 -343.661 -14.8681 77 1.3 1.2 4.2
2022.2986 -340.961 -17.9749 74.7 1.2 1.1 3.9
2022.3014 -339.996 -17.4201 69 1.1 1.1 3.9
2022.3041 -338.762 -15.5338 65.5 1.2 1.2 4.2
2022.3068 -342.137 -16.6434 74.1 1.2 1.1 4.0
2022.3096 -339.784 -18.0858 68.9 1.2 1.1 4.1
2022.3123 -339.861 -16.9763 75.7 1.0 1.0 3.8
2022.3151 -342.523 -16.0886 75.4 1.2 1.1 3.9
2022.3178 -342.176 -16.4215 68.6 1.1 1.1 3.8
2022.3205 -338.666 -18.4187 73.5 1.5 1.4 4.5
2022.3233 -340.536 -15.201 68.7 1.5 1.3 4.7
2022.3260 -343.044 -16.7544 68.3 1.4 1.3 4.1
2022.3288 -343.777 -14.8681 72.1 1.3 1.2 4.1
2022.3315 -342.947 -15.7558 69 1.1 1.0 3.9
2022.3342 -338.916 -18.6406 67.4 1.2 1.0 4.0
2022.3370 -344.548 -16.5325 75.5 1.4 1.3 4.2
2022.3397 -342.369 -19.1954 79.5 1.2 1.1 4.1
2022.3425 -342.195 -18.7516 74.5 1.1 1.0 3.8
2022.3452 -343.217 -14.0914 87 1.2 1.0 4.0
2022.3479 -339.379 -14.9791 68.6 1.1 1.1 3.8
2022.3507 -342.311 -14.2024 70 1.0 1.0 3.9
2022.3534 -342.87 -15.7558 81.8 1.1 1.0 3.9
2022.3562 -342.156 -18.4187 69.4 1.0 1.0 3.8
2022.3589 -344.683 -14.9791 80.5 1.1 1.0 4.0
2022.3616 -339.495 -15.9777 73.8 1.1 1.0 3.8
2022.3644 -341.385 -16.0886 73.4 1.1 1.0 3.8
2022.3671 -343.989 -14.4243 77.3 1.2 1.1 4.0
2022.3699 -341.809 -16.1996 77.3 1.1 1.1 3.9
2022.3726 -343.063 -15.3119 79.7 1.1 1.1 3.9
2022.3753 -341.25 -18.4187 79.6 1.1 1.0 3.8
2022.3781 -339.495 -17.3091 75.6 1.1 1.1 3.8
2022.3808 -343.545 -15.5338 79.2 1.3 1.2 4.0
2022.3836 -342.561 -16.0886 82.5 1.3 1.2 4.2
2022.3863 -343.159 -18.5297 85.7 1.2 1.2 4.0
2022.3890 -341.52 -15.09 82.3 1.1 1.0 3.9
2022.3918 -343.371 -15.7558 83.4 1.1 1.0 3.7
2022.3945 -341.906 -16.8653 85.4 1.1 1.0 3.8
2022.3973 -340.652 -13.7586 83.8 1.1 1.1 3.9
2022.4000 -342.889 -15.201 81.7 1.2 1.1 3.9
2022.4027 -339.186 -17.642 78 1.2 1.2 4.2
2022.4055 -343.275 -11.6504 86.6 1.1 1.0 3.9
2022.4082 -338.608 -15.8667 77.9 1.5 1.3 4.4
2022.4110 -341.269 -15.9777 83.2 1.2 1.2 4.1
2022.4137 -340.498 -14.8681 82.3 1.4 1.3 4.4
2022.4164 -342.33 -17.753 75.8 1.0 1.0 3.8
2022.4192 -339.861 -15.9777 82.2 1.1 1.0 3.8
2022.4219 -342.195 -13.3147 71.3 1.0 1.0 3.8
2022.4247 -341.771 -16.3105 76.5 1.0 0.9 3.7
2022.4274 -343.777 -14.9791 79.8 1.0 1.0 3.7
2022.4301 -342.099 -14.5352 78.4 1.0 1.0 3.7
2022.4329 -341.443 -15.8667 81.2 1.0 1.0 3.8
2022.4356 -344.085 -14.9791 82.6 1.0 1.0 3.8
2022.4384 -342.677 -15.9777 76.7 1.0 1.0 3.7
2022.4411 -343.468 -13.7586 78.9 1.0 1.0 3.7
2022.4438 -342.426 -14.8681 82.3 1.1 1.0 3.8
2022.4466 -342.928 -15.7558 82.9 1.4 1.2 4.5
2022.4493 -345.165 -13.0928 79.4 1.2 1.2 4.2
2022.4521 -344.027 -13.7586 79.6 1.0 1.0 3.8
2022.4548 -340.209 -14.8681 80.7 1.3 1.2 4.2
2022.4575 -345.069 -15.3119 75.8 1.1 1.1 3.8
2022.4603 -344.047 -15.201 78.6 1.2 1.3 4.2
2022.4630 -342.291 -14.4243 81.6 1.4 1.1 4.2
2022.4658 -343.159 -16.7544 92.4 1.3 1.2 4.2
2022.4685 -340.729 -13.3147 75.9 1.3 1.2 4.0
2022.4712 -343.391 -14.0914 85.7 1.0 1.0 3.8
2022.4740 -347.094 -14.7572 71.1 1.2 1.0 4.1
2022.4767 -343.815 -12.649 85.1 1.2 1.0 4.0
2022.4795 -344.953 -15.5338 78.1 1.1 1.1 4.0
2022.4822 -343.584 -15.3119 81.1 1.2 1.1 3.9
2022.4849 -343.506 -16.1996 82.1 1.2 1.1 4.2
2022.4877 -340.749 -14.9791 78.1 1.1 1.1 3.9
2022.4904 -344.992 -19.8611 85.8 1.0 1.0 3.7
2022.4932 -343.275 -15.5338 75.9 1.1 1.0 3.7
2022.4959 -341.539 -15.3119 71.5 1.0 1.0 3.7
2022.4986 -339.418 -14.7572 77.7 1.0 0.9 3.8
2022.5014 -342.176 -14.3133 79.6 1.1 1.0 3.9
2022.5041 -343.275 -15.8667 78.6 1.0 1.0 3.8
2022.5068 -341.655 -15.9777 77.9 1.2 1.2 4.3
2022.5096 -341.694 -14.2024 82.5 1.0 1.0 3.8
2022.5123 -341.809 -16.1996 82.6 1.0 1.0 3.7
2022.5151 -341.944 -15.7558 80.7 1.2 1.1 4.1
2022.5178 -344.297 -16.1996 80.3 1.1 1.0 3.8
2022.5205 -342.928 -17.0872 77 1.0 0.9 3.7
2022.5425 -343.506 -15.7558 73.4 1.2 1.0 3.8
2022.5452 -343.699 -16.5325 85.9 1.2 1.2 4.0
2022.5479 -344.876 -14.6462 93.2 1.4 1.2 4.1
2022.5507 -342.696 -17.8639 76.4 1.0 1.0 3.7
2022.5534 -343.989 -18.7516 88.6 1.1 1.1 3.8
2022.5562 -344.413 -18.3078 88.8 1.3 1.1 4.1
2022.5589 -344.837 -16.7544 87.5 1.2 1.1 3.8
2022.5616 -345.724 -17.4201 91.5 1.1 1.1 3.9
2022.5644 -343.526 -15.7558 85.5 1.0 1.0 3.7
2022.5671 -343.738 -16.1996 82.9 1.1 1.0 3.8
2022.5699 -344.548 -17.8639 86.2 1.2 1.1 3.8
2022.5726 -342.484 -18.5297 82 1.2 1.1 3.9
2022.5753 -344.317 -17.753 83.4 1.1 1.0 3.8
2022.5781 -342.214 -19.9721 84.1 1.1 1.0 3.7
2022.5808 -343.352 -15.09 74.7 1.0 1.0 3.8
2022.5836 -345.532 -19.9721 87.7 1.1 1.0 3.8
2022.5863 -344.76 -18.0858 85.8 1.1 1.2 4.0
2022.5890 -344.644 -20.083 77.8 1.2 1.1 4.0
2022.5918 -344.934 -20.083 87.5 1.1 1.0 3.9
2022.5945 -344.567 -15.8667 82.6 1.0 1.0 3.8
2022.5973 -346.014 -17.5311 84.4 1.0 0.9 3.7
2022.6000 -348.733 -18.5297 89.8 1.4 1.3 4.4
2022.6027 -345.03 -20.9707 87.5 1.3 1.2 4.1
2022.6055 -345.088 -22.4131 86 1.3 1.1 4.1
2022.6082 -346.997 -21.3036 85.9 1.1 1.0 3.8
2022.6110 -346.014 -19.4173 83.7 1.5 1.3 4.2
2022.6137 -347.036 -19.0844 87.3 1.2 1.1 4.0
2022.6164 -343.777 -21.1926 94.2 1.2 1.1 3.9
2022.6192 -344.799 -20.083 80.4 1.1 1.0 3.8
2022.6219 -343.429 -22.635 91 1.2 1.1 4.0
2022.6247 -344.394 -20.305 76.4 1.0 1.0 3.7
2022.6274 -346.419 -17.1982 87.8 1.4 1.3 4.3
2022.6301 -344.76 -19.6392 93.7 1.3 1.1 4.0
2022.6329 -344.548 -20.8597 74.7 1.2 1.1 4.1
2022.6356 -347.113 -19.5283 85.1 1.1 1.0 3.9
2022.6384 -344.509 -20.5269 79.6 1.2 1.1 4.0
2022.6411 -344.818 -19.5283 83.4 1.1 1.0 3.7
2022.6438 -344.76 -19.5283 75.8 1.2 1.1 4.1
2022.6466 -341.636 -22.4131 73.6 1.2 1.1 4.1
2022.6493 -342.716 -19.7502 78.4 1.2 1.0 4.0
2022.6521 -345.127 -18.6406 79.4 1.2 1.0 4.1
2022.6548 -345.782 -20.7488 76.8 1.2 1.1 4.1
2022.6575 -345.628 -21.0817 77.7 1.2 1.1 4.0
2022.6603 -345.049 -19.7502 82.8 1.2 1.0 3.9
2022.6630 -344.22 -21.6364 72 1.2 1.1 4.0
2022.6658 -348.039 -19.5283 76.5 1.2 1.1 4.1
2022.6685 -344.992 -21.8583 76.2 1.1 1.0 3.9
2022.6712 -344.509 -19.0844 81.2 1.1 1.0 3.9
2022.6740 -348.887 -21.3036 77.9 1.4 1.2 4.3
2022.6767 -345.917 -22.1912 78.1 1.2 1.2 4.0
2022.6795 -348.289 -19.8611 81.4 1.3 1.3 4.0
2022.6822 -350.411 -21.0817 87.1 1.2 1.1 4.0
2022.6849 -345.917 -20.7488 80.6 1.3 1.2 4.2
2022.6877 -347.325 -23.3008 80 1.2 1.1 3.9
2022.6904 -347.422 -20.5269 79.9 1.2 1.1 4.0
2022.6932 -346.014 -20.305 88.9 1.3 1.2 4.1
2022.6959 -350.237 -21.0817 83.8 1.1 1.0 3.8
2022.6986 -344.702 -19.8611 80.6 1.1 1.1 4.0
2022.7014 -346.708 -21.8583 86.6 1.2 1.1 3.9
2022.7041 -348.964 -18.7516 77.5 1.2 1.1 3.8
2022.7068 -346.361 -18.7516 82.5 1.4 1.4 4.5
2022.7096 -348.482 -20.194 83.3 1.0 1.0 3.9
2022.7123 -345.802 -19.8611 96.1 1.3 1.1 4.2
2022.7151 -346.901 -18.9735 81.4 1.4 1.2 4.3
2022.7178 -347.865 -18.6406 85.1 1.7 1.2 4.6
2022.7205 -345.821 -23.0789 83.5 1.2 1.1 4.2
2022.7233 -346.284 -18.6406 88.9 1.2 1.1 3.9
2022.7260 -347.364 -20.9707 89.2 1.1 1.0 4.0
2022.7288 -344.394 -21.3036 87.4 1.6 1.4 5.0
2022.7315 -346.766 -20.9707 81.6 1.4 1.4 4.3
2022.7342 -347.557 -20.9707 83.7 1.2 1.1 4.0
2022.7370 -347.152 -18.8625 74.1 1.1 0.9 3.8
2022.7397 -343.391 -17.1982 93.9 1.5 1.3 4.6
2022.7425 -348.81 -19.5283 87.7 1.2 1.2 4.4
2022.7452 -349.601 -18.8625 89.2 1.5 1.5 5.1
2022.7479 -351.992 -23.6336 93.5 2.0 1.7 5.3
2022.7507 -345.821 -19.5283 91.3 1.3 1.2 4.1
2022.7534 -352.147 -16.0886 89.5 1.9 1.8 5.2
2022.7562 -355.233 -18.3078 109.2 2.0 1.9 5.5
2022.7589 -350.353 -15.09 85.1 1.4 1.4 4.4
2022.7616 -351.992 -14.7572 84.4 1.9 2.2 5.6
2022.7644 -351.684 -22.1912 88.2 2.2 2.0 5.3
2022.7671 -344.239 -19.4173 82 1.6 1.4 4.6
2022.7699 -354.885 -22.5241 94.1 2.4 1.9 6.3
2022.7726 -352.513 -15.8667 92.7 3.7 3.9 7.9
2022.7753 -346.65 -16.8653 77.7 1.5 1.6 4.8
2022.7781 -352.282 -11.6504 84.2 1.8 1.8 5.0
2022.7808 -351.954 -15.8667 77.9 1.4 1.3 4.8
2022.7836 -348.386 -16.5325 81.9 1.4 1.3 4.4
2022.7863 -348.907 -18.3078 91.1 1.8 1.6 5.1
2022.7890 -351.703 -16.4215 84.5 1.4 1.3 4.7
2022.7918 -353.034 -19.0844 74.2 2.0 1.7 5.6
2022.7945 -346.457 -18.7516 90.9 1.3 1.2 4.3
2022.7973 -349.466 -22.1912 82.4 1.4 1.3 4.6
2022.8000 -349.697 -16.0886 84.2 1.4 1.4 4.8
2022.8027 -352.224 -17.5311 79.6 1.8 1.4 5.1
2022.8055 -350.623 -17.753 62.2 1.3 1.2 4.3
2022.8082 -353.574 -16.4215 67.1 2.4 1.9 6.1
2022.8110 -352.667 -15.8667 86.5 1.6 1.4 4.6
2022.8137 -351.144 -18.1968 81.6 1.2 1.1 4.2
2022.8164 -355.001 -16.4215 83.8 1.1 1.1 4.1
2022.8192 -352.822 -17.9749 73.2 1.2 1.3 4.5
2022.8219 -349.408 -17.3091 77 1.5 1.4 5.0
2022.8247 -350.912 -19.0844 84.6 1.8 1.6 5.4
2022.8274 -359.842 -15.3119 98.3 2.6 2.1 5.2
2022.8301 -353.69 -12.2052 92.7 2.5 1.9 5.4
2022.8329 -352.166 -18.0858 86.1 3.0 2.5 6.0
2022.8356 -353.96 -19.3064 78.9 1.7 1.3 4.9
2022.8384 -352.88 -15.6448 80.9 2.5 2.4 6.2
2022.8411 -347.171 -20.6378 99.7 3.5 2.8 7.3
2022.8438 -355.869 -19.8611 85.5 2.2 2.0 5.5
2022.8466 -353.4 -25.0761 84.3 2.3 2.2 5.3
2022.8493 -354.249 -18.5297 79.3 1.4 1.3 4.7
2022.8521 -349.331 -14.6462 78.5 1.6 1.4 5.2
2022.8548 -351.202 -18.7516 91.5 2.7 1.9 5.5
2022.8575 -354.152 -16.4215 86.6 1.3 1.3 4.2
2022.8603 -352.301 -17.753 85.4 1.2 1.1 4.0
2022.8630 -352.494 -17.3091 89.7 1.4 1.5 4.4
2022.8658 -351.761 -17.4201 80.2 1.1 1.1 4.1
2022.8685 -355.792 -15.6448 88.1 1.3 1.2 4.6
2022.8712 -354.21 -16.3105 89.7 1.2 1.2 4.3
2022.8740 -350.604 -15.8667 84.1 1.1 1.1 4.1
2022.8767 -356.756 -14.6462 84.9 1.1 1.1 4.0
2022.8795 -352.764 -16.3105 86.7 1.1 1.0 4.1
2022.8822 -344.355 -16.7544 88.3 2.4 2.1 6.4
2022.8849 -351.26 -15.6448 87.6 1.3 1.2 4.1
2022.8877 -350.72 -15.4229 83.1 1.2 1.1 4.2
2022.8904 -351.684 -17.3091 85.2 1.1 1.1 3.9
2022.8932 -354.77 -16.4215 87.2 1.0 1.0 3.8
2022.8959 -352.32 -15.3119 85.1 1.2 1.0 3.9
2022.8986 -352.937 -17.4201 85.8 1.0 1.0 3.7
2022.9014 -350.951 -16.0886 89.1 1.8 1.7 4.9
2022.9041 -352.397 -18.0858 88 1.3 1.1 4.2
2022.9068 -354.095 -17.9749 82.3 1.3 1.2 4.5
2022.9096 -350.045 -17.0872 83.2 1.4 1.4 4.7
2022.9123 -354.538 -15.5338 79.7 1.5 1.4 4.4
2022.9151 -351.105 -17.642 88.2 1.3 1.3 4.3
2022.9178 -353.69 -19.9721 85.9 1.5 1.5 4.7
2022.9205 -352.667 -17.9749 86.3 1.3 1.3 4.4
2022.9233 -350.7 -18.6406 91.4 1.3 1.2 4.3
2022.9260 -353.42 -15.3119 81.7 1.4 1.3 4.9
2022.9288 -350.488 -16.3105 79.5 1.2 1.1 4.3
2022.9315 -351.163 -16.1996 85.7 1.2 1.1 4.1
2022.9342 -354.962 -13.3147 87 1.2 1.1 4.3
2022.9370 -354.133 -17.1982 80.7 1.2 1.1 4.1
2022.9397 -354.307 -16.6434 93.8 1.1 1.1 4.0
2022.9425 -350.392 -18.7516 77.3 1.2 1.2 4.2
2022.9452 -353.323 -16.4215 81.9 1.2 1.2 4.3
2022.9479 -352.957 -16.7544 85.2 1.1 1.1 4.1
2022.9507 -354.982 -15.9777 71.2 1.1 1.0 4.0
2022.9534 -354.268 -17.5311 83.1 1.2 1.2 4.2
2022.9562 -352.571 -17.8639 83.5 1.1 1.1 4.0
2022.9589 -353.4 -19.5283 82.3 1.1 1.0 3.9
2022.9616 -354.23 -18.4187 82 1.0 1.0 3.8
2022.9644 -353.304 -16.3105 85.1 1.1 1.1 4.2
2022.9671 -354.268 -16.0886 74.3 1.2 1.3 4.0
2022.9699 -353.805 -16.6434 86.5 1.2 1.1 4.3
2022.9726 -353.304 -18.3078 82.8 1.2 1.1 4.1
2022.9753 -355.001 -19.0844 79.6 1.3 1.3 4.6
2022.9781 -356.833 -15.6448 77.1 1.4 1.2 4.5
2022.9808 -355.04 -20.083 80.6 1.4 1.3 4.3
2022.9836 -352.629 -15.7558 77 1.2 1.1 4.2
2022.9863 -350.893 -18.5297 80.8 1.4 1.2 4.5
2022.9890 -351.973 -22.5241 95 1.8 1.9 5.0
2022.9918 -353.94 -17.5311 80.4 1.1 1.0 4.0
2022.9945 -354.461 -17.0872 87.2 1.3 1.3 4.7
2022.9973 -353.767 -16.5325 75.3 2.2 1.6 5.3
2023.0000 -352.185 -17.1982 79.5 1.2 1.2 4.4
2023.0027 -352.822 -17.642 85.3 1.2 1.3 4.4
2023.0055 -354.017 -18.1968 82.3 1.2 1.1 4.3
2023.0082 -353.207 -17.3091 81.2 1.1 1.1 4.1
2023.0110 -353.111 -21.4145 79.8 1.5 1.4 5.0
2023.0137 -353.4 -19.7502 85.4 1.2 1.1 4.2
2023.0164 -353.092 -16.4215 74.1 1.2 1.1 4.2
2023.0192 -353.362 -17.753 78.6 1.2 1.1 4.0
2023.0411 -351.221 -14.3133 79.8 2.4 2.4 6.2
2023.0438 -353.458 -17.8639 75 1.2 1.2 4.1
2023.0466 -356.043 -17.0872 78.4 1.1 1.0 3.9
2023.0493 -357.913 -16.6434 77.4 2.8 2.0 5.7
2023.0521 -360.035 -15.8667 78.4 1.8 1.5 5.0
2023.0548 -358.588 -16.1996 89.1 1.7 1.4 5.2
2023.0575 -358.125 -13.8695 74.2 2.3 2.0 6.3
2023.0603 -357.913 -11.9833 80 2.0 1.7 5.4
2023.0630 -349.871 -13.6476 71.6 1.9 1.9 5.5
2023.0658 -362.793 -12.2052 80.9 1.5 1.3 4.5
2023.0685 -357.335 -17.1982 78.5 1.7 1.5 5.3
2023.0712 -357.605 -12.8709 77.1 2.2 1.9 6.2
2023.0740 -357.605 -12.0942 76.1 1.9 1.6 5.6
2023.0767 -360.768 -13.2038 74.8 2.1 1.8 5.6
2023.0795 -359.398 -13.7586 91 1.3 1.3 4.4
2023.0822 -360.633 -11.8723 81 1.3 1.2 4.3
2023.0849 -359.823 -14.2024 78.3 1.8 1.5 5.3
2023.0877 -358.395 -14.8681 87 1.4 1.3 4.8
2023.0904 -359.861 -13.9805 77.8 1.4 1.3 5.1
2023.0932 -359.553 -13.5366 86.8 1.4 1.3 4.8
2023.0959 -360.555 -13.4257 80.1 1.7 1.3 4.9
2023.0986 -359.9 -11.6504 78.9 1.2 1.1 4.3
2023.1014 -359.283 -16.6434 84.6 2.1 2.1 5.6
2023.1041 -363.834 -10.9847 89.8 2.3 2.4 6.0
2023.1068 -356.891 -12.0942 87.3 2.7 2.1 6.5
2023.1096 -361.018 -13.0928 94.7 2.0 1.7 6.0
2023.1123 -355.792 -15.201 84.1 2.3 2.5 7.1
2023.1151 -355.85 -17.5311 87.1 2.5 2.8 6.8
2023.1178 -360.555 -9.65318 86.8 2.8 2.3 7.0
2023.1205 -357.778 -13.9805 70.3 2.2 1.8 5.1
2023.1233 -366.283 -14.6462 71.9 2.5 2.6 6.5
2023.1260 -368.328 -6.99023 95.8 5.4 4.5 9.3
2023.1288 -358.203 -13.4257 86.5 2.5 2.2 6.6
2023.1315 -357.161 -13.5366 90.6 2.6 2.1 6.1
2023.1342 -365.975 -11.0956 97.5 2.2 2.0 5.7
2023.1370 -360.69 -10.9847 78.4 2.7 2.0 5.9
2023.1397 -364.22 -15.3119 77.9 1.8 1.7 5.2
2023.1425 -361.674 -14.8681 72.6 1.8 1.6 5.2
2023.1452 -363.236 -8.65457 73.6 2.0 1.9 5.4
2023.1479 -358.395 -4.5492 72.6 4.1 3.6 8.0
2023.1507 -360.266 -13.0928 87.8 1.2 1.1 4.4
2023.1534 -362.446 -11.6504 78.7 2.2 1.9 5.9
2023.1562 -361.944 -14.6462 85.7 1.5 1.3 5.0
2023.1589 -363.815 -10.208 75.2 4.3 3.6 8.0
2023.1616 -365.454 -15.201 75.8 1.8 1.4 5.3
2023.1644 -362.542 -15.9777 70.9 1.4 1.4 4.8
2023.1671 -363.294 -14.9791 74 1.6 1.6 5.7
2023.1699 -356.428 -14.6462 85.1 2.8 2.2 6.5
2023.1726 -357.315 -13.0928 77.6 2.2 1.9 7.0
2023.1753 -375.406 -2.66295 80.4 3.8 3.9 8.7
2023.1781 -356.853 -10.4299 80 2.2 2.3 6.5
2023.1808 -355.503 -12.8709 82.6 2.4 2.5 6.7
2023.1836 -362.368 -10.097 64.2 2.9 2.6 7.1
2023.1863 -354.249 -18.8625 73 4.1 3.8 8.3
2023.1890 -360.883 -15.9777 82.3 2.2 1.8 6.2
2023.1918 -360.536 -16.5325 74.5 1.8 1.4 5.4
2023.1945 -360.864 -13.2038 90.2 1.5 1.3 5.2
2023.1973 -361.308 -15.3119 78.1 1.3 1.3 4.9
2023.2000 -357.47 -12.0942 64 2.7 2.3 6.3
2023.2027 -362.542 -19.0844 82.8 2.3 1.7 6.4
2023.2055 -361.828 -12.9819 68.9 1.3 1.2 4.5
2023.2082 -360.401 -13.6476 88.8 1.9 1.5 5.4
2023.2110 -363.969 -14.9791 77.8 2.3 2.0 5.5
2023.2137 -359.996 -14.2024 84.6 2.3 2.3 5.8
2023.2164 -360.517 -15.9777 77.8 1.6 1.5 4.9
2023.2192 -362.6 -11.9833 65.6 1.8 1.6 5.5
2023.2219 -359.533 -16.7544 79.8 2.1 2.2 5.9
2023.2247 -358.183 -12.7599 83.1 2.2 1.7 6.0
2023.2274 -358.28 -13.5366 78.5 1.5 1.3 4.6
2023.2301 -362.773 -10.4299 64.1 2.4 2.0 5.7
2023.2329 -362.33 -7.3231 81.6 2.2 1.8 5.5
2023.2356 -358.974 -14.4243 67.8 1.8 1.7 5.1
2023.2384 -362.021 -16.4215 71.2 2.1 1.8 5.4
2023.2411 -366.226 -11.6504 79.2 2.1 2.0 6.0
2023.2438 -361.308 -10.3189 54.7 3.5 3.1 7.2
2023.2466 -359.263 -6.99023 78.8 3.2 2.4 6.3
2023.2493 -366.881 -11.3175 72.7 1.7 1.4 4.8
2023.2521 -361.366 -14.5352 71.6 1.3 1.2 4.5
2023.2548 -361.655 -12.8709 78.6 2.7 2.4 6.0
2023.2575 -364.818 -14.4243 75.5 1.5 1.3 4.7
2023.2603 -363.969 -13.8695 68.3 1.8 1.6 4.9
2023.2630 -365.512 -12.4271 82.3 1.5 1.3 4.5
2023.2658 -363.159 -13.9805 73.9 1.4 1.3 4.4
2023.2685 -366.65 -15.201 72.5 1.4 1.3 4.2
2023.2712 -363.41 -14.4243 72.3 1.4 1.2 4.4
2023.2740 -364.239 -17.642 69.8 1.6 1.5 4.9
2023.2767 -366.554 -13.4257 78.3 1.6 1.5 4.7
2023.2795 -366.515 -14.7572 60.7 1.2 1.2 4.2
2023.2822 -362.233 -15.3119 73.3 1.3 1.2 4.3
2023.2849 -368.54 -17.0872 63.2 1.5 1.3 4.9
2023.2877 -365.821 -14.8681 66.8 1.7 1.5 4.8
2023.2904 -364.548 -18.1968 69.7 1.4 1.1 4.5
2023.2932 -363.988 -15.201 74.1 1.4 1.2 4.2
2023.2959 -367.171 -15.09 73 1.6 1.3 4.5
2023.2986 -367.904 -12.0942 78.2 1.7 1.4 5.1
2023.3014 -362.446 -12.9819 79.7 1.5 1.2 4.5
2023.3041 -369.62 -14.3133 74.6 1.6 1.5 5.0
2023.3068 -365.377 -22.4131 71.2 1.3 1.1 4.1
2023.3096 -366.264 -21.4145 70.4 1.9 2.1 5.7
2023.3123 -370.681 -19.3064 77.7 1.5 1.2 4.6
2023.3151 -367.248 -20.8597 76.3 1.2 1.1 4.3
2023.3178 -364.22 -18.7516 74.6 1.6 1.3 4.9
2023.3205 -365.396 -18.0858 73.2 1.9 1.5 4.9
2023.3233 -364.779 -20.083 70.8 1.6 1.3 4.6
2023.3260 -363.333 -16.8653 86.4 1.6 1.2 4.7
2023.3288 -363.699 -18.8625 69.5 1.2 1.0 4.0
2023.3315 -366.129 -16.9763 82 1.4 1.3 4.5
2023.3342 -365.338 -16.3105 85.9 1.3 1.2 4.1
2023.3370 -365.57 -18.0858 87.2 1.1 1.0 4.0
2023.3397 -365.512 -19.1954 81.8 1.2 1.0 4.1
2023.3425 -367.094 -17.5311 86.8 1.2 1.0 4.2
2023.3452 -365.994 -18.3078 81.5 1.3 1.2 4.3
2023.3479 -366.824 -17.642 78.5 1.3 1.1 4.2
2023.3507 -366.766 -16.8653 81 1.4 1.2 4.4
2023.3534 -364.741 -20.9707 84.3 1.3 1.1 4.2
2023.3562 -367.884 -17.753 86.3 1.4 1.2 4.3
2023.3589 -363.41 -18.6406 79.8 1.2 1.0 4.1
2023.3616 -361.385 -19.6392 86.9 1.3 1.1 4.4
2023.3644 -364.837 -18.9735 84.5 1.2 1.0 4.1
2023.3671 -368.347 -18.0858 87.6 1.3 1.1 4.1
2023.3699 -364.972 -16.5325 87.9 1.2 1.1 4.0
2023.3726 -366.65 -16.3105 92.9 1.2 1.1 4.2
2023.3753 -368 -16.4215 78.9 1.1 1.0 3.9
2023.3781 -365.705 -16.8653 90.6 1.1 1.0 4.1
2023.3808 -366.052 -17.0872 89.7 1.2 1.0 4.1
2023.3836 -366.129 -13.6476 90 1.7 1.3 4.9
2023.3863 -369.254 -15.7558 83.7 1.4 1.3 4.7
2023.3890 -370.642 -16.8653 84 1.4 1.2 4.4
2023.3918 -364.451 -18.4187 88.7 1.3 1.0 4.1
2023.3945 -365.416 -16.8653 89.3 1.3 1.1 4.3
2023.3973 -366.206 -15.4229 86.6 1.3 1.1 4.0
2023.4000 -365.801 -18.6406 82 1.2 1.1 4.0
2023.4027 -365.049 -15.8667 89.4 1.1 1.0 4.0
