1997.5589 0 0 0 4.0 2.3 7.4
1997.5616 -1.065 9.65783 -15.3 1.8 1.4 4.2
1998.6630 -3.51912 -10.4349 -28.8 1.6 1.0 3.1
1998.6658 1.89847 -7.88168 -26 2.0 1.3 3.8
1998.6685 -2.59304 -9.43581 -13.5 2.1 1.6 4.5
1999.4247 -17.04 -35.19 -40.2 4.6 3.0 8.5
1999.4274 -17.1789 -31.0827 -27.7 1.3 1.0 2.9
1999.4301 -18.6143 -31.0827 -26.4 1.3 1.0 3.0
1999.4329 -25.0043 -41.0735 7.6 14.6 8.0 15.7
2000.5945 -43.4797 -53.6176 -10.9 5.1 3.4 9.7
2000.5973 -29.0791 -53.7286 -19.8 2.1 1.5 4.6
2000.6000 -26.3471 -55.1717 -21.1 2.2 1.5 4.5
2003.4247 -31.6721 -175.062 -26.6 1.6 1.1 3.4
2003.4274 -34.7745 -178.503 -28.7 1.4 1.0 3.2
