2005.5068 0 0 0 3.0 2.2 5.7
2005.5096 -4.04308 -2.44271 7.9 1.2 0.8 2.5
2005.5123 -5.44468 -2.10962 0.1 1.2 0.8 2.5
2005.5151 -7.6549 -1.66549 5.9 1.2 0.8 2.5
2005.5178 -6.68456 -3.10891 1 1.2 0.8 2.6
2005.5205 -5.98376 0.222065 10.7 1.5 1.0 3.0
2005.5233 -13.9082 5.99575 3.3 2.1 1.4 3.9
2008.6740 -80.2686 47.5219 55.4 1.2 0.9 2.5
2008.6767 -81.5085 46.1895 60 1.1 0.9 2.5
2008.6795 -81.1851 45.3013 46 1.4 1.0 2.8
2008.6822 -80.5921 45.1902 46.1 1.1 0.9 2.4
2008.6849 -81.7241 48.0771 46.2 1.1 0.9 2.4
2008.6877 -78.328 47.1888 43.8 1.1 0.9 2.5
2008.6904 -78.3819 47.4109 40.1 1.1 0.9 2.4
2008.6932 -80.2686 47.1888 44 1.2 0.9 2.5
2008.6959 -82.964 44.8571 42.5 1.5 1.0 2.9
2008.6986 -78.0045 46.6336 44 1.5 1.0 2.9
2008.7014 -74.0692 50.7418 64.2 1.2 0.9 2.5
2008.7041 -80.5921 49.2984 41.6 2.3 1.7 4.2
2008.7068 -73.7997 45.1902 47.6 2.2 1.5 3.9
2008.7096 -78.2201 46.3005 48.9 1.5 1.1 2.9
2008.7123 -82.1015 47.966 47.9 1.7 1.0 3.2
2008.7151 -82.8562 46.3005 47.7 2.5 1.7 5.1
2008.7178 -79.5678 47.6329 48.4 1.5 1.0 2.8
2008.7205 -82.964 48.1881 45.8 4.5 2.3 5.9
2008.7233 -77.3037 45.9675 54.1 2.4 1.5 3.9
2008.7260 -79.2444 47.855 53.8 1.7 1.1 3.2
2008.7288 -81.0233 44.1909 47 3.3 2.5 6.5
