1995.4849 0 0 0 3.0 2.5 6.4
1995.4877 2.61278 4.88492 -1.3 1.3 1.0 3.1
1995.4904 3.86893 1.33225 -4.8 1.9 1.6 4.5
1995.4959 -4.67286 1.77634 0.9 1.8 1.5 4.0
1998.6986 -42.7089 -47.517 29.8 2.1 1.3 4.3
1998.7014 -42.6085 -50.8476 20 1.7 1.3 4.2
1999.4110 -50.9995 -69.1661 18.5 1.5 1.2 3.3
1999.4137 -49.8941 -68.611 14.6 1.4 1.1 3.1
2000.5726 -65.822 -83.9319 22.2 1.4 1.1 3.3
2000.5753 -69.7412 -87.0405 27 2.4 1.7 4.4
2000.5781 -65.1688 -87.0405 19.7 2.2 1.5 4.0
2000.5808 -64.4151 -87.8176 20.7 1.4 1.1 3.2
2000.5836 -66.5255 -85.8192 12.4 2.6 2.2 5.5
2000.5890 -69.9924 -95.256 8.7 4.6 3.5 7.7
2002.8521 -1013.66 254.46 -27.9 3.0 2.2 6.2
2002.8548 -1017.83 256.125 -37.2 1.2 1.0 2.9
2002.8575 -1017.18 257.236 -32.3 1.2 1.0 3.0
2002.8603 -1018.28 259.567 -32.6 1.3 1.1 3.2
2002.8630 -1025.72 259.456 -33.1 1.3 1.1 3.2
2002.8658 -1025.17 258.457 -34.5 1.4 1.1 3.2
2002.8685 -1024.21 259.567 -30.1 1.3 1.0 3.0
2002.8712 -1024.51 261.454 -33.5 1.2 1.0 2.9
2002.8740 -1024.66 263.453 -26.3 1.2 1.1 3.0
2002.8767 -1027.43 264.23 -27 1.2 1.0 2.9
2002.8795 -1031.19 264.23 -34.2 1.2 1.0 3.0
2002.8822 -1029.29 262.454 -30.1 1.5 1.2 3.2
2002.8849 -1028.53 265.562 -26.7 1.1 1.0 2.9
2002.8877 -1033.15 265.229 -31.8 1.3 1.0 3.0
2002.8904 -1032.1 265.451 -32 2.0 1.4 4.0
2002.8932 -1034.01 264.23 -30.9 1.4 1.1 3.1
2002.8959 -1038.23 261.676 -33.2 1.4 1.1 3.2
2002.8986 -1036.72 266.672 -29.1 1.3 1.0 3.0
2002.9014 -1036.07 266.228 -37.6 1.3 1.1 3.0
2002.9041 -1037.48 266.339 -38.2 1.3 1.0 3.0
2002.9068 -1038.63 268.671 -30.6 1.5 1.2 3.4
2002.9096 -1041.34 269.67 -30.2 1.2 1.0 3.0
2002.9123 -1042.55 265.895 -14 1.2 1.0 2.9
2002.9151 -1043.45 281.105 -6.9 1.7 1.1 3.4
2002.9178 -1040.89 269.892 -40.5 1.4 1.1 3.1
2002.9205 -1039.03 268.449 -37.5 1.3 1.0 3.1
2002.9233 -1040.19 272.446 -38.9 1.2 1.0 3.0
2002.9260 -1039.03 273.445 -44.3 1.4 1.0 3.0
2002.9288 -1040.89 269.115 -40.6 1.2 1.0 2.9
2002.9315 -1042 271.446 -37 1.3 1.0 3.0
2002.9342 -1045.57 268.338 -34 1.4 1.1 3.2
2002.9370 -1046.67 270.891 -38.5 1.3 1.1 3.3
2003.4575 -1105.96 284.88 -19.4 2.5 1.8 5.2
2003.7808 -1132.59 285.102 -19.3 2.2 2.0 5.0
2003.7836 -1134.15 291.097 -32.8 1.3 1.0 3.0
2003.7863 -1138.37 298.424 -33.6 1.8 1.4 3.7
2003.7890 -1137.46 302.976 -21.8 2.9 2.2 5.5
2003.7973 -1132.99 282.437 -13.6 2.1 1.8 4.6
2004.3781 -1161.28 284.991 -19.1 1.4 1.0 3.4
2004.3808 -1158.22 285.546 -21.1 1.1 0.9 2.8
2004.7973 -1177.46 285.546 -17.2 1.1 0.9 2.7
2004.8000 -1174.75 288.544 -10.2 1.3 1.0 3.2
2006.6027 -1247.05 274.222 -12.5 1.3 1.0 2.9
2006.6055 -1245.04 273.556 -4.8 1.2 0.9 2.8
2006.6082 -1245.19 272.223 -12.2 1.2 0.9 2.7
2006.6110 -1243.48 276.442 -6.9 1.2 0.9 2.8
2007.7616 -1284.58 267.339 7.9 1.1 0.9 2.6
2007.7644 -1285.59 266.894 8.4 1.1 0.9 2.6
2007.7671 -1284.74 268.116 10.7 1.4 1.0 3.1
2008.7096 -1312.47 258.346 8 1.4 1.1 3.1
2008.7123 -1312.42 256.681 6.7 1.4 1.1 3.0
2008.7151 -1315.13 259.456 6.9 1.3 0.9 3.0
2008.7178 -1310.86 259.123 12.5 1.5 1.2 3.0
2009.7863 -1338.85 250.241 18.5 1.3 1.0 3.0
2009.7890 -1338.3 252.129 21.7 1.2 0.9 2.8
2009.7918 -1338.15 249.908 21 1.2 0.9 2.9
2009.7945 -1337.59 251.241 19.3 1.2 0.9 2.9
2010.7534 -1366.28 238.362 23.6 1.1 0.8 2.6
2010.7562 -1364.27 237.03 25.7 1.1 0.8 2.6
2010.7589 -1366.54 236.919 23.8 1.1 0.8 2.6
2010.7616 -1368.8 238.362 21.8 1.1 0.8 2.6
2010.7644 -1367.29 236.919 18.8 1.2 0.8 2.6
2013.7096 -1439.69 206.166 29.4 1.1 0.8 2.7
2013.7123 -1441.95 206.721 29.4 1.1 0.8 2.6
2013.7151 -1439.89 205.389 12.7 1.1 0.8 2.6
2013.7178 -1433.92 198.617 45.9 1.3 0.9 2.9
2014.7151 -1461.5 198.839 29.7 1.1 0.9 2.6
2014.7178 -1460.34 199.172 26.9 1.4 1.0 2.9
2014.7205 -1460.8 198.506 30.4 1.1 0.9 2.7
2014.7233 -1462.96 196.396 20.4 1.1 0.9 2.7
2014.7260 -1461.95 199.061 36.7 1.4 1.0 3.0
2015.6685 -1480.19 186.404 54.8 2.7 2.0 5.6
2015.6712 -1485.27 186.515 42.1 1.1 0.9 2.7
2015.6740 -1483.76 188.625 45.1 1.1 0.9 2.7
2015.6767 -1485.42 186.293 39.1 1.5 1.0 3.1
2015.6795 -1485.32 186.182 35.2 1.2 0.9 2.7
2015.6822 -1483.96 190.734 42.4 1.8 1.3 3.9
2016.4986 -1504.86 182.63 41.5 1.2 1.1 3.1
2016.5014 -1507.27 180.853 39.2 1.1 0.8 2.6
2016.5041 -1502.5 178.189 51.1 1.1 0.8 2.6
2016.5068 -1505.57 181.186 40.1 1.1 0.8 2.7
2016.5096 -1504.96 181.519 39.7 1.1 0.8 2.7
2016.5123 -1505.41 179.299 40 1.1 0.8 2.6
2016.5151 -1506.52 181.519 48.5 1.1 0.8 2.6
2017.4986 -1523.96 174.747 45.3 1.3 1.0 3.0
2017.5014 -1521.24 179.299 29.8 1.6 1.0 3.1
2018.7616 -1560.03 153.653 68 2.9 1.8 5.3
2018.7644 -1556.16 153.209 59 1.1 0.9 2.7
2018.7671 -1557.72 153.32 55 1.3 1.0 2.8
2018.7699 -1556.01 150.433 66.6 1.3 1.0 2.8
2018.7726 -1556.87 150.211 60.7 1.2 1.0 2.7
2018.7753 -1553.25 147.88 55.5 1.2 0.9 2.8
2018.7781 -1557.32 151.433 58.3 1.1 0.9 2.7
2018.7808 -1554.35 150.1 60.1 1.3 1.0 3.1
2019.4356 -1572.54 137.888 57.3 1.2 1.0 2.9
2019.4384 -1570.13 140.108 57.4 1.1 0.8 2.6
2019.4411 -1570.68 139.886 62.3 1.1 0.8 2.7
2019.4438 -1572.49 143.217 64.4 1.7 1.2 4.0
2020.5342 -1594.45 127.23 165.4 1.2 1.0 2.9
2020.5370 -1597.62 129.006 174.7 1.4 1.0 3.1
