2006.7233 0 0 0 1.1 0.9 2.7
2006.7260 -0.790833 -2.10954 5.1 1.1 0.9 2.6
2006.7288 0.896276 -1.77646 -8.4 1.3 1.0 2.9
2012.5890 -84.4609 -78.9414 -1 3.8 2.0 5.8
2012.5918 -81.8248 -89.9332 -2.5 1.0 0.8 2.5
2012.5945 -83.3537 -91.5987 -1 1.0 0.8 2.4
2012.5973 -83.4592 -89.4891 -2.7 1.3 1.0 3.0
2013.4685 -94.7417 -103.59 8.3 1.3 1.0 2.7
2013.4712 -94.5308 -105.144 19.3 1.3 1.0 2.8
2013.4740 -95.2162 -100.925 8.5 1.1 0.9 2.6
2013.4767 -96.7979 -103.257 2.6 1.7 1.1 3.3
2017.5370 -161.066 -166.543 -11 1.2 0.8 2.6
2017.5397 -154.476 -166.876 -10 1.9 1.1 3.3
2017.5425 -151.26 -170.984 -6.6 2.5 1.5 4.1
2018.5342 -174.299 -179.866 -10.3 1.2 0.8 2.6
2018.5370 -172.454 -180.755 -12.4 1.2 0.8 2.6
2018.5397 -170.293 -182.198 -0.7 1.6 1.1 3.1
2019.4932 -184.211 -194.411 0.7 1.2 0.8 2.6
2019.4959 -192.436 -196.188 -8.3 1.3 0.9 2.8
2021.6247 -218.744 -220.725 -6.8 5.5 3.3 9.2
2021.6274 -216.846 -234.159 2.3 1.3 0.9 3.0
2021.6301 -215.475 -233.604 -0.3 1.3 0.9 3.0
2021.6329 -216.477 -233.271 -10.4 1.7 1.2 3.8
