2003.7918 0 0 0 1.4 1.1 3.0
2003.7945 -3.02176 1.22126 0.7 1.5 1.2 3.1
2003.7973 1.94622 -1.55434 -4.3 2.0 1.5 4.0
2004.4027 -17.7721 12.8788 -7.8 1.1 0.9 2.6
2004.4055 -14.4942 12.7678 -6 1.1 0.9 2.7
2004.7973 -29.347 26.6458 13.8 1.3 1.0 3.0
2004.8000 -31.242 25.3135 7.5 1.4 1.1 3.2
2005.8082 -53.4186 42.5222 31.6 1.2 0.9 2.6
2005.8110 -51.4212 41.0789 33.8 1.2 0.9 2.6
2005.8137 -52.087 38.1922 32.7 1.3 1.0 2.9
2006.6000 -72.5736 43.6324 28.4 1.7 1.2 3.4
2006.6027 -73.9564 43.8545 32.4 1.3 0.9 2.7
2007.7589 -90.6529 57.9545 44 1.4 0.9 2.7
2007.7616 -93.4186 55.623 54.7 1.4 0.9 2.7
2007.7644 -94.1356 53.8466 53.1 1.5 1.1 3.0
2008.5397 -100.947 53.5135 60.6 1.2 1.0 2.6
2008.5425 -104.02 55.401 55.9 1.2 0.9 2.5
2009.3616 -123.278 60.397 66.2 1.8 1.2 3.8
2010.7178 -145.096 62.9506 62.5 1.1 0.9 2.5
2010.7205 -144.379 62.7285 68.3 1.1 0.8 2.5
2010.7233 -146.684 62.3955 68.7 1.2 0.9 2.5
2010.7260 -146.428 61.9514 67.4 1.2 0.9 2.5
2012.6466 -177.465 59.3978 66.5 1.3 0.9 2.5
2012.6493 -178.796 57.6214 63.3 1.2 0.8 2.5
2013.7370 -201.844 53.1805 77.6 1.1 0.9 2.6
2013.7397 -198.617 55.9561 83.5 1.1 0.9 2.5
2013.7425 -198.566 54.6238 85.3 1.1 0.9 2.6
2013.7452 -200.41 53.0695 84.6 1.2 0.9 2.6
2013.7479 -197.541 53.4025 84.1 1.1 0.9 2.6
2013.7507 -200 52.6254 80.2 1.3 1.0 3.0
2014.7288 -220.794 54.1797 92.7 1.4 1.0 2.8
2014.7315 -215.979 53.5135 84.4 1.5 1.0 2.9
2014.7342 -212.599 54.6238 88.7 1.2 0.9 2.6
2014.7370 -215.211 51.4041 88.9 1.4 1.0 2.8
2014.7397 -219.769 51.8482 87.5 1.4 1.0 2.7
2014.7425 -222.125 51.4041 90.4 1.5 1.0 2.9
2015.6548 -236.876 43.0773 67.6 3.0 2.2 6.0
2015.6575 -234.571 48.2954 84.4 2.2 1.4 3.9
2015.6603 -228.527 49.2946 90.6 1.3 0.9 2.7
2015.6630 -229.449 49.4057 97.2 1.1 0.9 2.6
2015.6658 -230.576 49.0726 87.7 1.1 0.9 2.6
2015.6685 -231.037 48.9616 90.4 1.2 0.9 2.6
2016.5205 -250.294 43.5214 104.9 1.8 1.1 3.2
2016.5233 -255.365 47.6293 97.3 1.3 0.9 2.7
2016.5260 -251.677 47.5183 93.4 1.2 0.8 2.5
2016.5288 -250.704 48.2954 99.3 1.2 0.8 2.5
2017.8027 -273.546 41.634 114.5 1.3 0.9 2.7
2017.8055 -271.959 42.1891 115.8 1.1 0.8 2.6
2017.8082 -274.315 41.3009 111.4 1.1 0.8 2.5
2017.8110 -272.266 40.7458 113 1.2 0.9 2.7
2017.8137 -272.266 43.6324 112.9 1.2 0.9 2.7
2017.8164 -275.544 44.9647 109 2.1 1.9 4.9
2018.7644 -292.24 32.7521 116.4 1.2 0.9 2.7
2018.7671 -295.467 34.3064 118.7 1.3 1.0 2.8
2018.7699 -293.572 34.7505 115.4 1.3 1.0 2.9
2018.7726 -293.47 31.9749 117.5 1.3 1.0 2.7
2018.7753 -290.858 28.7552 123.4 1.2 0.9 2.7
2020.5288 -321.229 20.2064 125.8 1.2 1.0 2.9
2020.5315 -324.148 22.6489 123.6 1.5 1.1 3.3
2021.4603 -337.925 12.3237 136.3 1.2 0.9 2.8
2021.4630 -342.791 11.4355 151.4 1.4 1.1 3.3
