2003.7973 0 0 0 1.6 1.4 3.6
2004.3836 -12.0273 -14.5435 -4.2 1.3 0.9 2.9
2004.3863 -15.1584 -16.8749 -2.2 1.2 0.9 2.8
2004.8082 -12.5243 -18.7623 6.9 1.1 0.9 2.6
2004.8110 -14.3632 -18.9843 10.4 1.1 0.9 2.6
2004.8137 -13.1207 -21.0937 17.9 1.1 0.8 2.5
2004.8164 -11.2321 -18.2072 13.9 1.1 0.8 2.6
2004.8192 -12.1764 -16.5419 7.4 1.2 0.9 2.7
2004.8219 -18.1404 -21.8708 10.3 1.1 0.9 2.7
2004.8247 -16.4506 -22.2039 26.2 1.2 0.9 2.7
2005.8384 -32.7023 -38.1907 26.9 1.2 0.9 2.7
2005.8411 -31.9568 -37.6356 25.6 1.5 1.0 3.0
2005.8438 -32.1556 -38.9678 24 1.3 1.0 2.8
2005.8466 -32.0562 -38.3017 18.4 1.3 0.9 2.8
2006.8219 -44.9781 -56.1758 6.8 3.6 2.1 6.2
2006.8247 -39.9088 -55.1766 25.3 1.3 0.9 2.8
2006.8274 -35.8334 -57.7301 27.6 1.2 1.0 2.8
2006.8301 -37.7717 -57.7301 28.5 1.2 0.9 2.7
2006.8329 -39.6603 -53.9554 24.3 1.3 1.0 3.1
2007.7753 -52.284 -73.0507 35.4 1.2 0.9 2.7
2007.7781 -54.1726 -76.1593 37.5 1.2 0.9 2.6
2007.7808 -53.4768 -76.0483 35.8 1.2 0.9 2.6
2007.7836 -53.0295 -74.716 36.3 1.2 0.9 2.6
2007.7863 -57.5521 -75.0491 32.3 1.2 0.9 2.6
2007.7890 -53.3774 -78.1576 38.8 1.2 0.9 2.6
2008.8082 -74.45 -97.697 39 1.1 0.8 2.5
2008.8110 -68.2872 -90.4808 45.8 1.1 0.8 2.5
2008.8137 -69.4303 -91.813 47.7 1.1 0.8 2.5
2008.8164 -66.5975 -92.8122 49.5 1.1 0.8 2.5
2008.8192 -69.9273 -94.0334 41.2 2.1 1.2 3.9
2009.7890 -77.2332 -109.354 55.5 1.1 0.8 2.7
2009.7918 -77.7799 -110.131 48.7 1.2 0.9 2.7
2009.7945 -78.426 -110.131 52.3 1.1 0.9 2.6
2009.7973 -78.9726 -110.797 52.6 1.2 0.9 2.8
2010.7534 -97.0136 -129.671 59 1.1 0.9 2.5
2010.7562 -94.6777 -127.561 64.2 1.1 0.8 2.5
2010.7589 -97.0136 -130.226 55.7 1.1 0.8 2.5
2010.7616 -94.3795 -128.893 62.6 1.1 0.8 2.5
2010.7644 -94.7274 -128.005 61.2 1.2 0.9 2.5
2010.7671 -98.8525 -132.446 50 1.1 0.8 2.5
2010.7699 -92.8388 -126.451 59.2 1.1 0.8 2.4
2010.7726 -93.5346 -126.895 59.8 1.1 0.8 2.4
2010.7753 -92.1927 -128.671 65.7 1.1 0.8 2.4
2010.7781 -96.9142 -130.337 66.4 2.0 1.1 3.3
2013.7068 -131.803 -181.517 69.5 1.1 0.9 2.7
2013.7096 -131.654 -180.184 71.5 1.1 0.8 2.5
2013.7123 -132.797 -179.296 77.8 1.1 0.8 2.5
2013.7151 -134.636 -178.963 72 1.1 0.8 2.5
2014.7123 -148.005 -200.723 74 1.2 0.9 2.7
2014.7151 -142.737 -194.617 75 1.1 0.8 2.5
2014.7178 -144.029 -193.951 81.8 1.4 1.0 2.8
2014.7205 -141.495 -197.392 81 1.1 0.8 2.6
2014.7233 -146.713 -195.949 80.4 1.1 0.9 2.6
2015.7178 -159.884 -211.714 72.1 2.9 1.8 5.8
2015.7205 -163.71 -209.049 88.5 1.7 1.0 3.2
2015.7233 -160.878 -209.382 87 1.1 0.8 2.6
2015.7260 -162.319 -209.271 80.1 1.1 0.8 2.6
2015.7288 -161.573 -209.16 83 1.3 0.9 2.8
2015.7315 -162.667 -210.049 85 1.1 0.8 2.6
2015.7342 -165.301 -211.603 90.3 1.5 1.3 3.5
2016.7616 -176.583 -227.812 89.7 1.4 1.0 2.9
2016.7644 -172.458 -226.702 95.1 1.1 0.8 2.5
2016.7671 -175.39 -227.479 95.7 1.1 0.9 2.6
2017.8000 -187.765 -244.354 99.9 1.7 1.1 3.2
2017.8027 -187.765 -246.463 97.7 1.3 0.9 2.7
2017.8055 -187.069 -246.241 103.8 1.1 0.8 2.6
2017.8082 -190.2 -248.461 100.5 1.1 0.8 2.7
2017.8110 -187.119 -249.46 103.6 1.1 0.8 2.7
2017.8137 -187.367 -245.908 96.5 1.3 0.9 2.8
2017.8164 -188.759 -255.678 102.1 2.3 2.3 5.7
2018.7616 -201.88 -268.001 109.1 1.2 0.9 2.6
2018.7644 -203.868 -266.335 110.2 1.1 0.9 2.6
2018.7671 -204.216 -264.337 105.2 1.3 1.0 2.8
2018.7699 -204.961 -265.891 107.8 1.8 1.6 4.4
2018.7726 -201.929 -266.891 113.2 1.3 1.0 2.9
