2003.7973 0 0 0 1.8 1.5 3.9
2004.3808 -26.7999 -3.9967 -5.4 4.4 2.1 6.9
2004.3836 -9.29792 -7.21626 6.1 1.3 1.0 2.9
2004.3863 -8.00516 -7.21626 7.3 1.3 1.0 3.0
2004.8082 -14.469 -20.6496 17.9 1.1 0.9 2.6
2004.8110 -13.0768 -17.43 22.4 1.1 0.9 2.6
2004.8137 -16.2092 -20.6496 22.4 1.1 0.8 2.5
2004.8164 -14.8667 -18.7623 27 1.1 0.8 2.5
2004.8192 -15.2148 -18.3182 28.3 1.2 0.9 2.7
2004.8219 -18.6953 -22.5369 32.1 1.1 0.9 2.6
2004.8247 -17.502 -22.981 20.3 1.1 0.9 2.7
2005.8384 -32.8659 -39.3009 35.4 1.2 0.9 2.7
2005.8411 -32.5179 -38.0797 32.4 1.5 1.0 3.0
2005.8438 -33.214 -38.7458 38 1.3 1.0 2.8
2005.8466 -28.8385 -36.4144 31.1 1.4 1.0 3.2
2006.8247 -43.0091 -55.8428 33 1.2 0.9 2.7
2006.8274 -42.7605 -61.0607 30.7 1.2 1.0 2.7
2006.8301 -43.5063 -59.7284 29.1 1.1 0.9 2.6
2006.8329 -43.7549 -56.8419 28.9 1.4 1.0 3.1
2007.7753 -59.268 -74.272 49.4 1.2 0.9 2.7
2007.7781 -58.2239 -76.2703 50.6 1.1 0.8 2.5
2007.7808 -60.4116 -76.3814 46.8 1.1 0.9 2.6
2007.7836 -59.815 -75.4932 54.1 1.1 0.9 2.5
2007.7863 -64.1905 -74.8271 52 1.2 0.9 2.6
2007.7890 -61.8038 -76.7144 50.8 1.2 0.9 2.6
2008.8247 -75.6264 -92.3681 51.7 1.1 0.8 2.5
2008.8274 -73.3889 -92.8122 47.9 1.1 0.9 2.5
2009.7890 -87.1121 -107.689 70 1.1 0.8 2.6
2009.7918 -86.6646 -107.689 65.5 1.1 0.8 2.6
2009.7945 -88.8523 -107.467 70.9 1.1 0.8 2.6
2009.7973 -86.3165 -107.911 65.1 1.2 0.9 2.8
2010.7534 -104.515 -126.007 72.3 1.1 0.8 2.5
2010.7562 -103.57 -125.008 83.2 1.1 0.8 2.5
2010.7589 -106.553 -125.785 74.5 1.1 0.8 2.5
2010.7616 -105.459 -126.007 72.3 1.1 0.8 2.4
2010.7644 -103.669 -124.009 79.9 1.2 0.8 2.5
2010.7671 -102.575 -127.894 69.9 1.1 0.8 2.4
2010.7699 -102.327 -126.451 76.2 1.1 0.8 2.4
2010.7726 -102.575 -125.341 76.2 1.5 1.1 3.2
2010.7753 -99.1944 -127.006 80.8 1.6 1.1 3.4
2013.7068 -143.148 -175.3 93.8 1.1 1.0 2.8
2013.7096 -140.811 -174.745 92.6 1.1 0.8 2.5
2013.7123 -143.297 -176.854 94.5 1.1 0.8 2.5
2013.7151 -143.944 -176.188 89.8 1.1 0.8 2.5
2014.7151 -156.424 -190.62 89.9 1.1 0.8 2.5
2014.7178 -154.236 -187.068 104.2 1.4 1.0 2.8
2014.7205 -155.429 -190.065 103.4 1.1 0.8 2.5
2014.7233 -158.562 -193.396 92.6 1.1 0.8 2.5
2014.7260 -159.009 -190.509 103.7 1.7 1.1 3.1
2015.7178 -167.313 -199.169 103.9 3.3 1.9 5.9
2015.7205 -171.639 -201.611 115.8 1.6 1.0 3.1
2015.7233 -170.694 -203.388 109.7 1.1 0.8 2.5
2015.7260 -172.434 -202.277 109.5 1.1 0.8 2.6
2015.7288 -173.727 -203.388 111.2 1.3 0.9 2.7
2015.7315 -172.335 -204.165 111.1 1.1 0.8 2.5
2015.7342 -172.384 -205.719 115.8 1.8 1.4 4.2
2016.7616 -186.058 -224.148 115.8 1.4 1.0 2.8
2016.7644 -182.428 -222.261 114.2 1.1 0.8 2.5
2016.7671 -183.025 -224.37 112 1.0 0.8 2.5
2017.8000 -201.621 -241.467 133.6 1.6 1.1 3.1
2017.8027 -198.787 -243.133 134.2 1.2 0.9 2.7
2017.8055 -199.731 -243.133 136.6 1.1 0.8 2.6
2017.8082 -200.875 -244.354 135.1 1.1 0.8 2.6
2017.8110 -198.041 -244.354 138.9 1.1 0.8 2.6
2017.8137 -198.886 -241.134 137 1.2 0.9 2.8
2017.8164 -200.378 -245.575 139.9 2.2 2.2 5.2
2018.7616 -212.907 -261.784 144.1 1.2 0.9 2.6
2018.7644 -212.808 -261.562 143.3 1.1 0.8 2.5
2018.7671 -216.189 -259.23 135.2 1.3 1.0 2.7
2018.7699 -214.001 -255.789 136.2 1.3 0.9 2.7
2018.7726 -213.554 -260.785 139.5 1.2 0.9 2.7
2018.7753 -211.615 -262.228 137.1 1.2 0.9 2.7
2018.7781 -210.272 -259.452 141.4 1.4 1.1 3.3
