2004.3808 0 0 0 1.2 0.9 2.8
2004.3836 -1.04435 0.333058 -6.8 1.1 0.9 2.7
2004.8082 -5.96771 -11.435 19.4 1.1 0.9 2.6
2004.8110 -5.71905 -9.88073 21.7 1.1 0.9 2.6
2004.8137 -7.95694 -10.3248 24.5 1.1 0.8 2.5
2004.8164 -6.96232 -8.88156 25.5 1.1 0.8 2.6
2004.8192 -7.26071 -6.66117 18.7 1.2 0.9 2.7
2004.8219 -11.637 -8.77054 21.5 1.1 0.9 2.6
2004.8247 -12.6814 -10.7689 17.2 1.2 0.9 2.8
2005.8384 -29.4407 -22.2039 22.6 3.8 2.3 6.5
2005.8411 -27.6504 -26.9777 27.3 1.5 1.0 3.0
2005.8438 -27.352 -28.8651 26.7 1.3 1.0 2.8
2005.8466 -24.5671 -26.9777 21.3 1.2 0.9 2.8
2005.8493 -23.4232 -29.6422 21.5 2.2 1.6 4.5
2006.8247 -38.442 -43.6306 19 1.2 0.9 2.7
2006.8274 -38.442 -48.7375 22.7 1.2 0.9 2.7
2006.8301 -39.0885 -47.4053 17.6 1.1 0.9 2.6
2006.8329 -38.1436 -44.8519 22.1 1.1 0.8 2.6
2006.8356 -40.6301 -43.1866 37.1 1.9 1.2 3.8
2007.7753 -51.1731 -63.059 44 1.3 0.9 2.8
2007.7781 -51.8196 -64.5023 45.2 1.1 0.8 2.5
2007.7808 -50.8747 -64.3913 45.2 1.1 0.8 2.5
2007.7836 -51.2228 -63.8362 51.4 1.1 0.9 2.5
2007.7863 -55.6986 -61.9488 42.7 1.2 0.9 2.6
2007.7890 -53.8088 -63.3921 44.7 1.1 0.8 2.5
2008.8247 -68.927 -82.0434 38.3 1.1 0.8 2.5
2008.8274 -70.6676 -81.4883 37.7 1.1 0.9 2.5
2008.8301 -72.8557 -81.9323 41.3 1.2 0.9 2.6
2008.8329 -68.4297 -81.2662 38.1 1.1 0.8 2.5
2008.8356 -69.2751 -81.4883 38.9 1.2 0.9 2.7
2009.7890 -81.6581 -99.9175 59.4 1.1 0.8 2.6
2009.7918 -87.9739 -105.024 65.3 1.1 0.8 2.6
2009.7945 -81.7078 -99.8065 56.3 1.1 0.8 2.6
2009.7973 -79.9673 -102.36 58.3 1.2 0.9 2.8
2010.7534 -95.1849 -119.013 69.3 1.1 0.8 2.4
2010.7562 -97.3233 -118.347 73.3 1.1 0.8 2.5
2010.7589 -99.1634 -118.902 67.6 1.1 0.8 2.5
2010.7616 -95.9806 -119.124 61.9 1.1 0.8 2.4
2010.7644 -98.318 -118.458 71.3 1.1 0.8 2.5
2010.7671 -96.5276 -120.456 66.1 1.1 0.8 2.4
2010.7699 -94.5384 -119.346 67.4 1.1 0.8 2.4
2010.7726 -93.693 -118.902 74.1 1.1 0.8 2.4
2013.7096 -137.208 -168.861 85.3 1.1 0.9 2.6
2013.7123 -141.037 -171.192 86.8 1.1 0.8 2.5
2013.7151 -138.849 -168.416 81 1.1 0.8 2.5
2013.7178 -141.335 -171.969 79.4 3.7 1.7 5.9
2014.7151 -149.839 -185.402 96.3 1.1 0.8 2.5
2014.7178 -151.629 -185.18 101.5 1.4 1.0 2.8
2014.7205 -151.082 -185.847 93.9 1.1 0.8 2.5
2014.7233 -154.166 -188.955 89.8 1.1 0.8 2.5
2014.7260 -156.304 -186.18 94.7 1.7 1.0 3.1
2015.7205 -166.002 -197.837 95 1.6 1.0 3.1
2015.7233 -167.145 -200.501 95.2 1.1 0.8 2.6
2015.7260 -167.991 -199.058 92.4 1.1 0.8 2.6
2015.7288 -169.483 -199.28 93.4 1.3 0.9 2.7
2015.7315 -169.284 -199.502 95.3 1.1 0.8 2.6
2015.7342 -170.577 -202.388 99.2 1.1 0.9 2.6
2015.7370 -168.289 -201.167 93 1.1 0.8 2.6
2015.7397 -168.936 -202.277 92 3.0 1.8 5.4
2016.7616 -184.253 -217.82 102.9 1.4 1.0 2.8
2016.7644 -179.628 -216.266 102.7 1.1 0.8 2.5
2016.7671 -181.418 -217.376 102.5 1.0 0.8 2.5
2017.8000 -199.122 -234.029 114.6 1.8 1.1 3.4
2017.8027 -198.973 -234.251 117 1.2 0.9 2.7
2017.8055 -199.62 -232.253 120.4 1.1 0.8 2.6
2017.8082 -201.161 -233.03 117 1.1 0.8 2.6
2017.8110 -200.316 -231.809 120 1.1 0.8 2.6
2017.8137 -201.708 -228.034 115.9 1.2 0.9 2.8
2017.8164 -203.499 -234.584 126.5 2.3 2.3 5.6
2018.7616 -212.102 -253.901 124.4 1.2 0.9 2.7
2018.7644 -212.997 -252.791 121.9 1.1 0.9 2.6
2018.7671 -215.136 -250.127 119.1 1.3 1.0 2.8
2018.7699 -214.788 -249.461 113.8 1.3 0.9 2.7
2018.7726 -211.903 -254.457 120.5 1.2 0.9 2.7
2018.7753 -210.909 -254.012 116.5 1.2 0.9 2.7
