1999.5014 0 0 0 2.2 1.8 4.9
1999.5041 -2.29818 0.555222 -11.2 1.9 1.2 3.3
1999.5068 -3.44727 0 -16.9 2.2 1.8 4.9
1999.5096 -7.12437 -1.33253 -19.6 1.2 0.9 2.6
1999.5123 -11.4909 -1.9988 -18.4 1.8 1.2 3.3
1999.5151 -1.55127 3.44238 -35.9 2.2 1.8 5.0
1999.5178 -12.8698 -2.66507 -9.7 1.7 1.2 3.4
2002.4822 -49.8706 -35.3121 -14.1 1.9 1.6 4.3
2002.4849 -50.0429 -41.3085 -12.1 1.6 1.1 3.5
2002.4904 -50.6749 -36.2005 -15.6 1.9 1.5 4.1
2002.4932 -51.824 -41.3085 -5.2 1.7 1.2 3.6
2002.4986 -46.136 -36.7557 -1.1 2.0 1.7 4.2
2002.5014 -51.9964 -42.7521 -9.2 1.6 1.1 3.2
2006.5178 -108.704 -88.5024 -5.9 2.2 1.6 4.2
2006.5205 -109.049 -91.2785 2 1.2 0.9 2.5
2006.5233 -106.923 -89.946 -0.4 1.8 1.2 3.4
2006.5288 -117.552 -89.7239 -0.6 2.0 1.5 3.9
2006.5315 -112.841 -92.0558 3.2 1.6 1.0 3.3
2006.5342 -108.762 -95.054 9.2 2.1 1.5 3.8
2006.5370 -105.429 -93.9436 4.2 2.6 1.6 4.9
2011.4986 -186.842 -162.125 15.8 1.6 1.3 3.5
2011.5014 -184.314 -164.124 9.2 1.6 1.3 3.5
2011.5096 -186.957 -154.796 17.6 1.5 1.2 3.4
