1999.5205 0 0 0 9.4 3.4 9.9
1999.5233 -12.8375 -3.99913 16.8 1.6 1.0 3.2
1999.5260 -7.68876 -2.77717 13.2 1.7 1.0 3.2
1999.5288 -13.1121 -6.33196 6.7 1.7 1.2 3.4
2004.4466 -57.0479 -71.4289 63.1 1.4 1.0 3.3
2004.4493 -58.9701 -67.8741 62.8 1.4 1.0 3.3
2005.6411 -78.9471 -74.4283 58.7 1.5 0.9 3.0
2005.6438 -74.0043 -77.8719 68.8 1.4 0.9 2.8
2005.6466 -71.8762 -81.76 60.3 1.5 1.0 3.1
2012.4767 -157.07 -149.856 90.1 1.4 0.8 2.6
2012.4795 -153.432 -152.633 90.5 1.4 0.8 2.5
2012.4822 -158.443 -150.078 91.7 1.4 0.8 2.6
2012.4849 -159.199 -148.857 91.3 1.4 0.8 2.6
2013.6849 -163.592 -172.296 101.3 1.3 0.8 2.6
2013.6877 -162.356 -170.185 103.6 1.3 0.9 2.6
