2011.7973 0 0 0 1.7 1.0 3.1
2011.8000 -1.0053 0.666234 4.4 1.7 1.0 3.1
2011.8027 -0.781901 1.88766 -2 1.7 1.0 3.1
2012.3534 -2.234 -23.0961 31.8 3.1 2.2 6.2
2012.3562 -2.84835 -17.1 26.5 1.6 1.0 3.0
2012.3589 -12.0636 -18.6545 28 1.6 1.0 3.0
2012.3616 -8.99186 -16.3227 30.7 2.0 1.1 3.5
2012.7014 -11.8961 -21.9857 24.2 1.7 1.0 3.1
2012.7041 -9.60621 -24.0954 22.1 1.7 0.9 3.0
2012.7068 -11.4493 -25.9831 28.8 1.8 1.0 3.3
2013.4082 -19.9385 -32.7565 28.8 1.7 1.0 3.2
2013.4110 -19.2124 -35.5325 33.2 1.7 1.0 3.2
2013.4137 -21.4464 -32.8675 33.2 1.9 1.2 3.6
2013.7890 -25.7469 -44.3045 4.4 1.7 1.0 3.1
2013.7918 -21.7815 -43.1941 14.5 1.7 1.0 3.2
2013.7945 -38.7041 -34.9773 19.2 1.7 1.0 3.1
2013.7973 -21.2789 -44.6376 1.4 1.7 1.0 3.1
