2019.6466 0 0 0 1.2 0.9 2.6
2019.6493 -4.24243 -2.77574 3 1.1 0.9 2.5
2019.6521 2.4394 -2.33162 18.5 1.2 0.9 2.6
2019.6548 -3.87122 -2.22059 3.7 1.2 0.9 2.6
2019.6575 -5.25001 -1.1103 9.4 1.2 0.9 2.6
2019.6603 -2.54546 -3.55295 3.2 1.2 0.9 2.6
2019.6630 -4.34849 -2.22059 8.9 1.2 0.9 2.6
2019.6658 -1.32576 -3.33089 2.6 1.2 0.9 2.7
2019.6685 -5.03789 -4.1081 2.8 1.3 0.9 2.8
2019.6712 -5.25001 -6.66178 9.7 1.2 0.9 2.6
2019.6740 -1.96212 -5.44045 14.6 1.2 0.9 2.6
2019.6767 -2.70455 -6.10663 9.7 1.2 0.9 2.6
2019.6795 -7.8485 -2.55368 4.4 1.2 0.9 2.6
2019.6822 -2.4394 -4.8853 12.7 1.2 0.9 2.6
2019.6849 -1.32576 -4.8853 14.3 1.2 0.9 2.6
2019.6877 -0.530303 -5.55148 23.1 1.2 0.9 2.6
2019.6904 -2.65152 -3.99707 6.3 1.2 0.9 2.7
2019.6932 -2.81061 -5.77354 6.8 1.2 0.9 2.7
2019.6959 -2.86364 -5.21839 10 1.2 0.9 2.6
2019.6986 -0.530303 -4.66325 17.8 1.2 0.9 2.6
2019.7014 -5.67425 -5.66251 17.2 1.2 0.9 2.6
2019.7041 -1.69697 -6.43972 9.6 1.2 0.9 2.6
2019.7068 -3.07576 -5.21839 8.5 1.2 0.9 2.6
2019.7096 -3.34092 -5.55148 10.4 1.2 0.9 2.6
2019.7123 -5.72728 -4.21913 8.7 1.2 0.9 2.6
2019.7151 0.795457 -7.66105 18.9 1.2 0.9 2.6
2019.7178 -4.71971 -6.43972 17 1.2 0.9 2.6
2019.7205 -4.82577 -4.8853 11.8 1.3 0.9 2.8
2019.7233 -5.35607 -4.8853 16.1 1.3 0.9 2.8
2019.7260 -4.34849 -1.66544 9.5 1.2 0.9 2.6
2019.7288 -3.50001 -2.9978 11.6 1.2 0.9 2.6
2019.7315 -2.38637 -3.44192 15.1 1.2 0.9 2.6
2019.7342 -2.86364 -5.88457 15.6 1.2 0.9 2.6
2019.7370 -6.46971 -3.55295 6.8 1.2 0.9 2.6
2019.7397 -6.52274 -2.66471 2.9 1.2 0.9 2.6
2019.7425 -4.82577 -2.44265 11.9 1.3 0.9 2.8
2019.7452 -3.07576 -4.77428 16.3 1.2 0.9 2.6
2019.7479 -0.583334 -6.99487 15.8 1.2 0.9 2.6
2019.7507 -5.99244 -4.21913 12.4 1.2 0.9 2.7
2019.7534 -5.51516 -6.10663 10.8 1.2 0.9 2.7
2019.7562 -0.0530299 -7.43899 14.2 1.3 0.9 2.7
2019.7589 -2.86364 -5.77354 14.7 1.2 0.9 2.7
2019.7616 -1.85606 -6.77281 11.8 1.2 0.9 2.6
2019.7644 -5.30304 -5.44045 11.7 1.2 0.8 2.6
2019.7671 -2.49243 -4.77428 10.2 1.2 0.9 2.6
2019.7699 -5.35607 -6.10663 6.8 1.2 0.9 2.7
2019.7726 -2.59849 -6.99487 11 1.2 0.9 2.7
2019.7753 -2.86364 -5.9956 15.2 1.3 0.9 2.8
2019.7781 -0.265152 -6.10663 18.9 1.2 0.9 2.7
2019.7808 -7.00001 -4.8853 12.8 1.2 0.9 2.6
2019.7836 -4.56062 -5.32942 4.8 1.2 0.9 2.6
2019.7863 -3.87122 -5.32942 10.8 1.2 0.9 2.6
2019.7890 -5.09092 -6.99487 10.8 1.2 0.9 2.6
2019.7918 -2.86364 -4.21913 18.9 1.2 0.9 2.7
2019.7945 -2.81061 -6.32869 14.9 1.2 0.9 2.7
2019.7973 -3.23485 -6.55075 14.8 1.2 0.9 2.7
2019.8000 -6.25759 -5.21839 13 1.2 0.9 2.7
2019.8027 -6.78789 -7.55002 12.2 1.2 0.8 2.6
2019.8055 -7.63638 -6.88384 10.6 1.2 0.9 2.7
2019.8082 -3.07576 -7.21693 16.4 1.2 0.8 2.6
2019.8110 -4.29546 -4.77428 13.8 1.2 0.8 2.6
2019.8137 -6.89395 -7.32796 14.6 1.2 0.9 2.6
2019.8164 -7.15911 -5.10736 9.7 1.3 0.9 2.7
2019.8192 -8.00759 -3.77501 3.1 1.3 0.9 2.7
2019.8219 -4.82577 -4.44119 11.8 1.2 0.9 2.7
2019.8247 -7.8485 -7.1059 16.8 1.2 0.9 2.6
2019.8274 -0.901517 -9.54855 12.5 1.2 0.8 2.6
2019.8301 -7.47729 -7.55002 12.3 1.2 0.9 2.6
2019.8329 -6.6288 -6.88384 4.4 1.3 0.9 2.7
2019.8356 -3.07576 -7.1059 7.2 1.3 0.9 2.7
2019.8384 -5.72728 -8.10516 4.9 1.2 0.9 2.7
2019.8411 -6.04547 -6.66178 4.2 1.2 0.9 2.7
2019.8438 -7.63638 -7.43899 7.6 1.2 0.9 2.6
2019.8466 -6.84092 -4.77428 4.8 1.3 0.9 2.7
2019.8493 -5.56819 -6.77281 8.2 1.2 0.8 2.7
2019.8521 -6.04547 -5.10736 7.5 1.2 0.8 2.6
2019.8548 -6.6288 -4.21913 8.6 1.2 0.9 2.7
2019.8575 -9.28032 -7.88311 4.8 1.2 0.9 2.7
2019.8603 -6.73486 -7.99414 7.9 1.2 0.8 2.6
2019.8630 -4.40152 -5.77354 7.4 1.3 0.9 2.6
2019.8658 -8.16668 -7.21693 7.4 1.2 0.9 2.6
2019.8685 -6.52274 -7.77208 7 1.3 0.9 2.7
2019.8712 -8.32577 -7.1059 4.7 1.2 0.9 2.6
2019.8740 -6.0985 -8.43825 10.8 1.3 0.9 2.7
2019.8767 -7.10608 -6.21766 18.2 1.2 0.9 2.6
2019.8795 -6.94698 -5.44045 -11.4 1.2 0.9 2.6
2019.8822 -6.0985 -6.88384 -16.4 1.2 0.8 2.6
2019.8849 -4.56062 -9.32649 -10.8 1.2 0.9 2.6
2019.8877 -4.13637 -7.66105 -1.9 1.2 0.8 2.6
2019.8904 -7.74244 -8.21619 18.9 1.3 0.9 2.7
2019.8932 -2.86364 -7.21693 27 1.2 0.9 2.6
2019.8959 -9.65153 -6.99487 11.2 1.2 0.8 2.6
2019.8986 -7.74244 -6.88384 4.6 1.3 0.8 2.6
2019.9014 -10.0227 -4.99633 -1.7 1.2 0.8 2.6
2019.9041 -9.12123 -5.44045 2.4 1.2 0.8 2.6
2019.9068 -3.28789 -6.88384 6.7 1.3 0.8 2.6
2019.9096 -11.2955 -7.55002 9.2 1.2 0.8 2.6
2019.9123 -7.95456 -8.77134 4.4 1.2 0.9 2.6
2019.9151 -9.54548 -8.77134 -1.5 1.3 0.8 2.6
2019.9178 -7.47729 -5.9956 7.9 1.3 0.8 2.7
2019.9205 -10.9773 -6.10663 3.2 1.2 0.8 2.6
2019.9233 -7.15911 -6.66178 -5.4 1.2 0.8 2.6
2019.9260 -9.22729 -5.10736 -8.1 1.2 0.8 2.6
2019.9288 -7.05304 -3.66398 -5.2 1.2 0.8 2.6
2019.9315 -5.99244 -4.21913 -2.6 1.2 0.8 2.6
2019.9342 -4.13637 -4.99633 1.6 1.2 0.8 2.6
2019.9370 -6.20456 -5.66251 14 1.2 0.8 2.6
2019.9397 -8.48487 -3.99707 11.9 1.2 0.9 2.6
2019.9425 -12.8334 -2.55368 11.7 1.2 0.9 2.7
2019.9452 -10.5531 -7.43899 3.2 1.2 0.8 2.6
2019.9479 -8.64396 -7.77208 13.1 1.2 0.8 2.6
2019.9507 -8.90911 -10.3258 -2.5 1.2 0.8 2.6
2019.9534 -9.70457 -8.21619 2.5 1.3 0.9 2.7
2019.9562 -8.43184 -9.32649 -1.7 1.2 0.8 2.6
2019.9589 -11.9849 -8.77134 5 1.2 0.8 2.6
2019.9616 -8.59093 -9.21546 3.5 1.2 0.8 2.6
2019.9644 -8.80305 -6.21766 7.1 1.2 0.8 2.6
2019.9671 -9.96972 -7.21693 7.9 1.2 0.9 2.6
2019.9699 -8.96214 -7.21693 6.6 1.2 0.9 2.6
2019.9726 -10.2879 -7.55002 5.4 1.2 0.8 2.6
2019.9753 -12.7803 -7.66105 3.9 1.2 0.8 2.6
2019.9781 -11.4546 -7.1059 11.7 1.2 0.8 2.6
2019.9808 -7.90153 -8.88237 7 1.2 0.8 2.6
2019.9836 -10.7121 -7.55002 -0.2 1.2 0.8 2.6
2019.9863 -14.9546 -9.54855 -0.2 1.2 0.8 2.6
2019.9890 -11.5076 -6.88384 2.6 1.2 0.8 2.6
2019.9918 -11.9849 -7.66105 3 1.2 0.8 2.6
2019.9945 -14.7955 -6.32869 1.3 1.2 0.8 2.6
2019.9973 -11.6137 -6.55075 2.6 1.2 0.8 2.6
2020.0000 -13.6818 -7.21693 12.5 1.2 0.8 2.6
2020.0027 -14.4243 -7.43899 8.8 1.2 0.9 2.6
2020.0055 -13.8409 -5.77354 6.6 1.2 0.8 2.6
2020.0082 -13.5758 -5.88457 4.8 1.2 0.9 2.7
2020.0110 -13.0455 -6.66178 6.5 1.2 0.8 2.6
2020.0137 -12.4621 -4.66325 1.3 1.2 0.8 2.6
2020.0164 -10.447 -5.9956 0.8 1.2 0.8 2.7
2020.0192 -9.49244 -5.77354 0.4 1.2 0.8 2.7
2020.0219 -7.15911 -5.9956 -0.6 1.2 0.8 2.6
2020.0247 -12.6743 -6.55075 3.8 1.2 0.9 2.7
2020.0274 -12.25 -5.55148 0.5 1.2 0.8 2.7
2020.0301 -12.8864 -9.43752 -5.6 1.2 0.8 2.6
2020.0329 -10.0758 -8.10516 0.6 1.2 0.8 2.6
2020.0356 -8.5379 -8.10516 -2 1.2 0.8 2.6
2020.0384 -11.1894 -7.1059 3.1 1.2 0.8 2.6
2020.0411 -12.5152 -4.44119 -2.9 1.2 0.8 2.6
2020.0438 -9.86366 -3.88604 -2.6 1.2 0.9 2.7
2020.0466 -11.7197 -4.66325 13.8 1.2 0.9 2.7
2020.0493 -11.6137 -4.77428 7.9 1.2 0.8 2.6
2020.0521 -9.81063 -6.88384 13.1 1.2 0.8 2.6
2020.0548 -11.3485 -5.55148 12 1.2 0.9 2.6
2020.0575 -12.144 -6.88384 5.4 1.2 0.8 2.6
2020.0603 -12.8334 -6.66178 -1.3 1.2 0.9 2.6
2020.0630 -13.7879 -7.55002 5.1 1.2 0.8 2.6
2020.0658 -11.1894 -6.43972 -0.4 1.2 0.8 2.6
2020.0685 -11.6137 -6.77281 3.7 1.2 0.9 2.6
2020.0712 -13.0455 -7.1059 -3.5 1.2 0.9 2.6
2020.0740 -12.3561 -6.99487 -3 1.2 0.9 2.6
2020.0767 -11.6667 -6.21766 -2.2 1.2 0.8 2.6
2020.0795 -10.2349 -5.32942 9.1 1.2 0.9 2.6
2020.0822 -14.0531 -10.1037 7.1 1.2 0.9 2.6
2020.0849 -14.6894 -5.88457 10.2 1.2 0.9 2.6
2020.0877 -12.4091 -6.21766 0.7 1.2 0.9 2.6
2020.0904 -13.5228 -5.44045 -1.4 1.2 0.9 2.6
2020.0932 -12.0379 -7.43899 2.5 1.2 0.9 2.5
2020.0959 -11.3485 -6.66178 10.2 1.2 0.9 2.6
2020.0986 -12.0379 -7.66105 11.5 1.2 0.9 2.6
2020.1014 -12.4621 -5.66251 0 1.2 0.9 2.6
2020.1041 -13.2046 -7.43899 0.7 1.2 0.9 2.6
2020.1068 -12.3031 -7.32796 8.3 1.2 0.9 2.6
2020.1096 -13.6288 -7.66105 9.1 1.1 0.9 2.6
2020.1123 -13.5758 -6.55075 9.1 1.1 0.9 2.6
2020.1151 -11.5606 -3.55295 10.5 1.1 0.9 2.6
2020.1178 -13.7349 -4.44119 10.5 1.1 0.9 2.5
2020.1205 -15.1667 -7.43899 7 1.2 0.9 2.6
2020.1233 -13.6818 -5.77354 1.8 1.2 0.9 2.6
2020.1260 -10.3409 -6.99487 4.8 1.1 0.9 2.6
2020.1288 -14.6894 -8.77134 6.1 1.1 0.9 2.6
2020.1315 -13.4167 -6.55075 9.6 1.1 0.9 2.6
2020.1342 -11.9849 -10.2147 -2.1 1.2 0.9 2.6
2020.1370 -12.7273 -8.54928 1.9 1.2 0.9 2.6
2020.1397 -13.6818 -5.77354 0.7 1.2 0.9 2.7
2020.1425 -14.9015 -8.10516 3.6 1.2 0.9 2.7
2020.1452 -14.5834 -6.66178 1.1 1.1 0.9 2.6
2020.1479 -12.3031 -5.88457 -6.5 1.1 0.9 2.6
2020.1507 -14.1061 -6.99487 -10.1 1.1 0.9 2.6
2020.1534 -13.2576 -7.1059 -5.6 1.1 0.9 2.6
2020.1562 -15.5379 -7.77208 0.7 1.2 0.9 2.6
2020.1589 -13.7879 -6.99487 1.6 1.2 0.9 2.6
2020.1616 -13.5228 -9.21546 -2.4 1.1 0.9 2.6
2020.1644 -13.4697 -8.9934 -11 1.1 0.9 2.5
2020.1671 -13.3637 -7.88311 2.1 1.1 0.9 2.6
2020.1699 -16.1743 -8.9934 -4.5 1.2 0.9 2.6
2020.1726 -16.3864 -6.77281 -9.1 1.1 0.9 2.5
2020.1753 -15.8561 -5.9956 -5.6 1.1 0.9 2.6
2020.1781 -13.7349 -8.88237 -3.3 1.2 0.9 2.6
2020.1808 -13.5758 -8.10516 -9.1 1.2 0.9 2.6
2020.1836 -15.2728 -6.55075 -5.9 1.1 0.9 2.6
2020.1863 -16.1743 -7.55002 -13.5 1.2 0.9 2.6
2020.1890 -12.8864 -6.66178 -9.5 1.2 0.9 2.6
2020.1918 -14.3712 -7.55002 1.4 1.2 0.9 2.6
2020.1945 -18.2955 -6.55075 -9 1.2 0.9 2.6
2020.1973 -14.7955 -4.77428 -11.4 1.2 0.9 2.6
2020.2000 -17.7652 -7.66105 -12.5 1.2 0.9 2.7
2020.2027 -17.7652 -6.77281 -10.6 1.2 0.9 2.7
2020.2055 -17.1819 -6.88384 -13.9 1.2 0.9 2.7
2020.2082 -13.4167 -8.77134 -8 1.2 0.9 2.7
2020.2110 -16.5985 -7.88311 -9 1.2 0.9 2.7
2020.2137 -14.6894 -8.88237 -14.7 1.2 0.9 2.6
2020.2164 -15.4319 -7.77208 -7 1.5 1.0 3.0
2020.2192 -14.1591 -7.21693 -8.6 1.3 1.0 2.8
2020.2219 -14.4243 -7.43899 -2 1.2 0.9 2.7
2020.2247 -15.1137 -8.21619 -9.3 1.2 0.9 2.7
2020.2274 -14.6364 -7.77208 -13.5 1.2 0.9 2.7
2020.2301 -15.4849 -6.77281 -16.1 1.2 0.9 2.7
2020.2329 -17.9773 -6.88384 -4.7 1.2 0.9 2.7
2020.2356 -21.2122 -8.9934 -3.8 1.2 0.9 2.7
2020.2384 -13.8409 -8.77134 -7.9 1.2 0.9 2.7
2020.2411 -14.5303 -7.55002 -8.1 1.3 0.9 2.7
2020.2438 -13.4697 -5.66251 -0.4 1.2 0.9 2.7
2020.2466 -14.6894 -8.9934 -8 1.2 0.9 2.7
2020.2493 -16.4394 -10.3258 -8 1.2 0.9 2.7
2020.2521 -14.6894 -8.10516 -10.3 1.2 0.9 2.7
2020.2548 -15.0076 -9.10443 -14.9 1.2 0.9 2.7
2020.2575 -14.7425 -6.55075 -10 1.3 0.9 2.7
2020.2603 -16.2273 -6.88384 -9.2 1.3 0.9 2.7
2020.2630 -17.2879 -9.43752 -5.8 1.2 0.9 2.7
2020.2658 -13.6818 -9.54855 -3.3 1.3 0.9 2.7
2020.2685 -16.8637 -6.99487 -6.5 1.3 0.9 2.7
2020.2712 -17.1288 -7.43899 -5.9 1.3 0.9 2.7
2020.2740 -14.8485 -6.77281 -3.5 1.3 0.9 2.7
2020.2767 -14.3712 -6.32869 -8.9 1.3 0.9 2.7
2020.2795 -16.1743 -7.1059 -6.1 1.2 0.9 2.7
2020.2822 -16.6516 -6.99487 -8.8 1.3 0.9 2.8
2020.2849 -17.0228 -7.99414 0.8 1.3 0.9 2.8
2020.2877 -14.3712 -6.10663 -1.2 1.3 0.9 2.7
2020.2904 -12.6743 -6.32869 0 1.3 0.9 2.7
2020.2932 -15.8031 -7.77208 9.8 1.2 0.9 2.7
2020.2959 -14.4773 -5.44045 8.6 1.3 0.9 2.7
2020.2986 -15.4849 -7.21693 -0.8 1.2 0.9 2.7
2020.3014 -15.0076 -5.88457 2.4 1.3 0.9 2.8
2020.3041 -14.2122 -4.66325 6.8 1.5 1.0 2.9
2020.3068 -12.5682 -7.32796 1.3 1.3 0.9 2.7
2020.3096 -15.0606 -6.43972 -0.9 1.2 0.9 2.7
2020.3123 -16.3334 -4.55222 -1.2 1.3 0.9 2.8
2020.3151 -14.4243 -7.88311 0.6 1.3 0.9 2.8
2020.3178 -12.5152 -7.1059 -7.7 1.3 0.9 2.8
2020.3205 -12.25 -8.10516 0.9 1.2 0.9 2.7
2020.3233 -13.0985 -7.43899 3.6 1.3 0.9 2.8
2020.3260 -13.6288 -9.88164 2.6 1.2 0.9 2.7
2020.3288 -13.5758 -10.3258 -1.6 1.2 0.9 2.7
2020.3315 -11.1894 -8.9934 1.1 1.2 0.9 2.7
2020.3342 -13.894 -7.77208 -1.2 1.2 0.9 2.7
2020.3370 -10.5531 -5.21839 6.8 1.3 0.9 2.8
2020.3397 -15.1137 -5.32942 1.9 1.2 0.9 2.8
2020.3425 -15.9091 -5.77354 -3.9 1.2 0.9 2.8
2020.3452 -13.0455 -8.10516 -3.7 1.3 0.9 2.8
2020.3479 -14.0531 -6.43972 -5.1 1.2 0.9 2.7
2020.3507 -12.6743 -6.88384 -6 1.2 0.9 2.7
2020.3534 -12.5682 -10.2147 -2.2 1.3 0.9 2.9
2020.3562 -11.5076 -6.55075 -6.9 1.3 0.9 2.8
2020.3589 -17.1819 -7.55002 -1.7 1.3 0.9 2.9
2020.3616 -13.947 -7.77208 -0.6 1.2 0.9 2.8
2020.3644 -13.6818 -7.21693 -2 1.2 0.9 2.7
2020.3671 -14.8485 -6.66178 -0.8 1.2 0.9 2.7
2020.3699 -13.6818 -4.21913 -11.9 1.2 0.9 2.7
2020.3726 -17.7652 -6.32869 -7.1 1.2 0.9 2.7
2020.3753 -17.447 -7.43899 -1.4 1.2 0.9 2.7
2020.3781 -17.1819 -6.55075 -0.7 1.2 0.9 2.7
2020.3808 -13.6818 -4.66325 -8.1 1.2 0.9 2.7
2020.3836 -12.9394 -6.77281 -2.6 1.2 0.9 2.7
2020.3863 -18.7197 -5.88457 -3.2 1.2 0.9 2.8
2020.3890 -16.4925 -7.21693 -4 1.2 0.9 2.7
2020.3918 -16.7576 -10.9919 1.2 1.3 0.9 2.8
2020.3945 -16.8106 -6.99487 -2.1 1.2 0.9 2.7
2020.3973 -14.1061 -8.88237 -2.3 1.2 0.9 2.7
2020.4000 -17.2879 -7.32796 1.5 1.2 0.9 2.8
2020.4027 -16.0682 -8.66031 -1.2 1.2 0.9 2.8
2020.4055 -14.8485 -8.32722 -3.9 1.2 0.9 2.7
2020.4082 -15.5909 -6.10663 3.6 1.3 0.9 2.8
2020.4110 -15.9622 -6.32869 -4.1 1.2 0.9 2.7
2020.4137 -15.5909 -7.1059 -8.5 1.3 0.9 2.7
2020.4164 -17.7122 -8.54928 -0.6 1.2 0.9 2.7
2020.4192 -16.9167 -8.10516 -0.3 1.2 0.9 2.8
2020.4219 -16.7046 -8.21619 6 1.2 0.9 2.8
2020.4247 -14.6364 -8.54928 -2.3 1.2 0.9 2.7
2020.4274 -19.25 -10.3258 -6.6 1.3 0.9 2.8
2020.4301 -16.9167 -7.88311 -5.5 1.3 0.9 2.8
2020.4329 -17.9243 -8.9934 -0.2 1.2 0.9 2.8
2020.4356 -19.4091 -9.32649 -10.2 1.3 0.9 2.8
2020.4384 -23.0152 -8.88237 -5.4 1.2 0.9 2.8
2020.4411 -17.6061 -9.10443 2.3 1.2 0.9 2.8
2020.4438 -18.9319 -10.5478 0.7 1.2 0.9 2.8
2020.4466 -16.9167 -10.2147 -6.9 1.2 0.9 2.8
2020.4493 -16.4925 -10.6588 -0.9 1.2 0.9 2.8
2020.4521 -19.9394 -7.77208 -1.4 1.2 0.9 2.8
2020.4548 -18.8788 -7.43899 6.7 1.2 0.9 2.7
2020.4575 -18.9849 -7.21693 0.8 1.2 0.9 2.7
2020.4603 -17.7652 -10.1037 2.1 1.2 0.9 2.8
2020.4630 -15.697 -9.65958 1 1.2 0.9 2.8
2020.4658 -16.5985 -10.1037 0.4 1.2 0.9 2.7
2020.4685 -20.3106 -9.32649 -2.7 1.2 0.9 2.8
2020.4712 -17.8712 -10.5478 -1.1 1.2 0.9 2.7
2020.4740 -18.8788 -9.77061 -10.3 1.2 0.9 2.8
2020.4767 -16.3864 -10.2147 -3.2 1.2 0.9 2.8
2020.4795 -16.4394 -12.3243 3.3 1.2 0.9 2.8
2020.4822 -17.1288 -10.1037 -1.4 1.2 0.9 2.8
2020.4849 -20.3637 -9.54855 0.8 1.2 0.9 2.8
2020.4877 -16.2803 -11.4361 -5.1 1.3 0.9 3.0
2020.4904 -18.3485 -10.7699 3.4 1.2 0.9 2.9
2020.4932 -18.3485 -11.325 1.3 1.3 0.9 2.9
2020.4959 -17.7122 -10.7699 2.6 1.3 0.9 2.9
2020.4986 -23.2804 -8.43825 -7.8 1.3 0.9 2.9
2020.5014 -13.1515 -10.9919 -2.4 1.2 0.9 2.8
2020.5041 -14.9015 -11.214 -11 1.2 0.9 2.8
2020.5068 -13.7879 -9.43752 0.2 1.2 0.9 2.8
2020.5096 -16.5455 -14.5449 -3.7 1.2 0.9 2.8
2020.5123 -18.3485 -11.7691 -11.1 1.2 0.9 2.8
2020.5151 -20.3106 -10.5478 3.7 1.2 0.9 2.8
2020.5178 -21.1061 -10.8809 -1.2 1.2 0.9 2.8
2020.5205 -17.2879 -12.5464 -6.4 1.3 0.9 2.8
2020.5233 -16.3334 -12.8794 9 1.3 0.9 2.9
2020.5260 -17.0228 -13.6566 8 1.3 1.0 2.9
2020.5288 -16.8106 -14.7669 10.9 1.3 1.0 2.9
2020.5315 -17.9773 -8.66031 3.5 1.3 1.0 2.8
2020.5342 -17.2349 -11.103 1.3 1.2 1.0 2.8
2020.5370 -18.1894 -12.1022 -1.4 1.3 1.0 2.9
2020.5397 -18.1364 -12.8794 -0.2 1.3 1.0 2.9
2020.5425 -13.8409 -11.8802 -5.9 1.3 1.0 2.8
2020.5452 -18.2955 -6.10663 3.9 1.3 1.0 2.8
2020.5479 -18.0303 -11.103 -1 1.2 1.0 2.8
2020.5507 -16.7576 -10.8809 -2.1 1.2 1.0 2.9
2020.5534 -15.697 -11.9912 3.2 1.2 1.0 2.9
2020.5562 -15.5909 -14.2118 -2.1 1.3 1.0 2.9
2020.5589 -18.8258 -10.8809 6 1.3 1.0 2.8
2020.5616 -18.2425 -11.103 -2.4 1.2 1.0 2.8
2020.5644 -19.6743 -10.9919 2.7 1.3 1.0 2.8
2020.5671 -20.5758 -12.5464 9.5 1.3 1.0 2.8
2020.5699 -18.4016 -11.325 4.4 1.2 1.0 2.8
2020.5726 -18.5076 -12.1022 -2 1.2 1.0 2.8
2020.5753 -18.4546 -11.5471 3.1 1.3 1.0 3.0
2020.5781 -17.1288 -10.5478 -4.8 1.2 1.0 2.8
2020.5808 -17.1288 -10.8809 2.7 1.2 1.0 2.8
2020.5836 -15.9622 -10.2147 0.6 1.2 0.9 2.8
2020.5863 -18.7197 -11.4361 1.7 1.2 1.0 2.8
2020.5890 -18.6667 -10.1037 3.3 1.3 1.0 2.9
2020.5918 -20.6819 -10.7699 -2.6 1.2 0.9 2.8
2020.5945 -15.2197 -10.6588 -6.1 1.2 0.9 2.8
2020.5973 -20.0985 -11.103 6.3 1.3 0.9 2.9
2020.6000 -18.5606 -11.5471 2.3 1.3 1.0 3.0
2020.6027 -16.0152 -11.103 2.4 1.3 1.0 2.9
2020.6055 -20.894 -11.6581 1.7 1.2 0.9 2.9
2020.6082 -19.9925 -10.8809 -0.5 1.2 0.9 2.9
2020.6110 -17.6591 -9.65958 -2 1.2 0.9 2.9
2020.6137 -17.8712 -10.3258 1.7 1.2 1.0 3.0
2020.6164 -18.4016 -13.5456 -8.9 1.2 0.9 2.9
2020.6192 -20.894 -11.7691 -7.6 1.2 0.9 2.9
2020.6219 -17.5531 -10.5478 -8.3 1.2 0.9 2.8
2020.6247 -19.3031 -12.1022 4.5 1.2 0.9 2.8
2020.6274 -17.6061 -10.4368 -6.3 1.2 0.9 2.9
2020.6301 -17.447 -10.8809 -1.5 1.2 0.9 2.9
2020.6329 -22.2728 -10.9919 -1.8 1.2 0.9 2.8
2020.6356 -17.9243 -14.3228 2.8 1.2 1.0 2.8
2020.6384 -18.1364 -12.5464 0.7 1.2 0.9 2.8
2020.6411 -18.2955 -13.1015 -4.8 1.2 1.0 2.9
2020.6438 -19.0379 -11.9912 1 1.2 1.0 2.9
2020.6466 -18.8788 -12.2133 2.4 1.2 0.9 2.8
2020.6493 -19.144 -12.9905 7.5 1.2 0.9 2.8
2020.6521 -17.1288 -12.7684 5.1 1.2 1.0 2.8
2020.6548 -20.2046 -12.5464 -0.7 1.2 0.9 2.8
2020.6575 -18.2955 -10.6588 -7.1 1.2 0.9 2.8
2020.6603 -19.0379 -12.7684 3.2 1.2 0.9 2.8
2020.6630 -19.6743 -11.6581 3 1.2 0.9 2.8
2020.6658 -16.6516 -15.3221 6.1 1.2 0.9 2.8
2020.6685 -21.1061 -12.7684 8.8 1.3 0.9 2.8
2020.6712 -23.2804 -13.9897 3.7 1.3 0.9 2.9
2020.6740 -16.6516 -13.3236 2.2 1.3 0.9 2.8
2020.6767 -17.7652 -14.878 5.9 1.3 0.9 2.8
2020.6795 -19.7273 -12.5464 9.3 1.3 0.9 2.8
2020.6822 -21.4243 -11.8802 -5.5 1.3 0.9 2.9
2020.6849 -21.9016 -11.9912 -2.8 1.3 0.9 2.8
2020.6877 -16.9697 -12.4353 5.7 1.3 0.9 2.8
2020.6904 -20.4167 -13.7677 8.2 1.3 0.9 2.8
2020.6932 -23.5455 -13.9897 -5 1.3 0.9 2.8
2020.6959 -23.2273 -14.1008 -5.6 1.3 1.0 2.9
2020.6986 -20.7879 -12.4353 -8.6 1.4 1.0 2.9
2020.7014 -21 -12.3243 -3.7 1.3 1.0 2.9
2020.7041 -22.8561 -11.4361 6.1 1.3 0.9 2.8
2020.7068 -18.4016 -15.1 9.2 1.3 0.9 2.8
2020.7096 -20.7879 -14.6559 10.5 1.4 1.0 3.0
2020.7123 -22.4849 -8.9934 4.1 1.5 1.0 3.1
2020.7151 -23.2273 -12.1022 9.3 1.4 0.9 2.8
2020.7178 -26.8334 -14.878 5.8 1.4 0.9 2.8
2020.7205 -23.4925 -14.1008 1.5 1.4 0.9 2.8
2020.7233 -21.3713 -14.6559 -1 1.3 0.9 2.8
2020.7260 -21.8485 -15.4331 -1.3 1.3 0.9 2.8
2020.7288 -25.7728 -14.1008 6.5 1.3 0.9 2.9
2020.7315 -23.9697 -11.9912 16.5 1.4 1.0 2.9
2020.7342 -25.5076 -12.3243 15 1.4 1.0 2.8
2020.7370 -22.697 -12.9905 8.9 1.3 0.9 2.8
2020.7397 -21.3713 -14.7669 3.8 1.4 0.9 2.8
2020.7425 -21.3182 -14.4339 12.3 1.3 0.9 2.8
2020.7452 -23.8637 -13.4346 9.3 1.3 0.9 2.8
2020.7479 -23.4394 -13.6566 12.4 1.3 0.9 2.8
2020.7507 -24.9773 -11.214 20.7 1.3 0.9 2.8
2020.7534 -21.7955 -13.7677 13 1.3 0.9 2.8
2020.7562 -26.3561 -9.65958 23.8 1.3 0.9 2.9
2020.7589 -25.3485 -13.1015 22.4 1.3 0.9 2.8
2020.7616 -24.1288 -14.989 10.8 1.3 0.9 2.8
2020.7644 -23.7046 -15.6552 12.6 1.3 0.9 2.8
2020.7671 -24.0228 -17.9868 4.9 1.3 0.9 2.8
2020.7699 -22.591 -14.878 8.7 1.3 0.9 2.8
2020.7726 -24.447 -12.8794 8.8 1.3 0.9 2.8
2020.7753 -22.4849 -12.8794 9.9 1.3 0.9 2.8
2020.7781 -23.8107 -14.4339 16.1 1.3 0.9 2.7
2020.7808 -25.0834 -15.5442 18.8 1.3 0.9 2.8
2020.7836 -23.4394 -13.7677 12.6 1.3 0.9 2.8
2020.7863 -23.4925 -14.5449 10.6 1.3 0.9 2.8
2020.7890 -22.8561 -15.1 17.1 1.3 0.9 2.8
2020.7918 -23.7576 -13.4346 11.8 1.3 0.9 2.8
2020.7945 -22.9622 -15.2111 14.3 1.3 0.9 2.8
2020.7973 -21.1061 -15.7662 12.2 1.3 0.9 2.8
2020.8000 -25.3485 -15.2111 8.6 1.3 0.9 2.8
2020.8027 -22.644 -14.989 13.1 1.3 0.9 2.7
2020.8055 -24.8713 -15.1 6.9 1.3 0.9 2.9
2020.8082 -24.7122 -14.1008 9.9 1.3 0.9 2.7
2020.8110 -24.9243 -16.8765 9.4 1.3 0.9 2.8
2020.8137 -20.4167 -16.0993 2.6 1.3 0.9 2.8
2020.8164 -23.3334 -15.6552 7.7 1.3 0.9 2.8
2020.8192 -25.7198 -15.3221 9.1 1.3 0.9 2.8
2020.8219 -27.1516 -16.3214 17.1 1.3 0.9 2.8
2020.8247 -23.3334 -15.3221 13.6 1.3 0.9 2.8
2020.8274 -24.394 -14.3228 10.8 1.3 0.9 2.8
2020.8301 -25.1364 -14.2118 5.3 1.3 0.9 2.8
2020.8329 -25.2955 -11.9912 6.9 1.3 0.9 2.8
2020.8356 -23.5455 -14.3228 4.8 1.3 0.9 2.8
2020.8384 -25.4016 -15.2111 10.9 1.3 0.9 2.8
2020.8411 -24.1288 -15.8772 14.4 1.3 0.9 2.7
2020.8438 -24.394 -15.9883 7.4 1.3 0.9 2.7
2020.8466 -25.2955 -12.5464 11.5 1.3 0.9 2.8
2020.8493 -24.447 -13.4346 8.4 1.3 0.9 2.8
2020.8521 -24.5531 -14.878 10.6 1.3 0.9 2.7
2020.8548 -22.3258 -14.6559 16.2 1.3 0.9 2.7
2020.8575 -22.591 -18.875 6.2 1.3 0.9 2.8
2020.8603 -23.5455 -14.1008 14.2 1.4 0.9 2.9
2020.8630 -20.2576 -12.5464 9.6 1.3 0.9 2.8
2020.8658 -25.0304 -12.7684 14.1 1.3 0.9 2.8
2020.8685 -24.5001 -12.9905 20.4 1.3 0.9 2.9
2020.8712 -28.2122 -13.4346 13.8 1.4 0.9 2.8
2020.8740 -25.7198 -13.3236 11.6 1.3 0.9 2.8
2020.8767 -23.7576 -14.3228 12.9 1.3 0.9 2.8
2020.8795 -27.2046 -13.3236 4.6 1.3 0.9 2.8
2020.8822 -24.6591 -13.3236 11.8 1.3 0.9 2.9
2020.8849 -27.0985 -12.8794 14.4 1.3 0.9 2.9
2020.8877 -24.7652 -12.7684 9.5 1.3 0.9 2.8
2020.8904 -26.7804 -11.8802 9.4 1.4 0.9 3.0
2020.8932 -26.8864 -15.7662 16 1.4 0.9 2.9
2020.8959 -25.8788 -14.989 17 1.3 0.9 2.8
2020.8986 -26.7273 -11.5471 13.1 1.3 1.0 2.9
2020.9014 -27.841 -13.2125 14.6 1.4 0.9 2.8
2020.9041 -27.5228 -11.103 15.6 1.3 0.9 2.7
2020.9068 -28.2652 -15.4331 8 1.3 0.9 2.8
2020.9096 -26.2501 -12.1022 11.6 1.3 0.9 2.8
2020.9123 -26.197 -14.7669 18.4 1.4 0.9 2.8
2020.9151 -23.8637 -12.6574 12.5 1.4 1.0 2.9
2020.9178 -27.3637 -12.5464 12.2 1.3 0.9 2.8
2020.9205 -26.3561 -14.4339 10.1 1.3 0.9 2.8
2020.9233 -29.644 -15.8772 14.9 1.3 0.9 2.8
2020.9260 -26.9925 -16.6544 5.5 1.3 0.9 2.8
2020.9288 -25.8788 -11.9912 -2.1 1.3 0.9 2.8
2020.9315 -30.8107 -14.6559 4.6 1.3 0.9 2.8
2020.9342 -26.3031 -14.1008 8.4 1.3 0.9 2.7
2020.9370 -25.0304 -14.878 6.4 1.3 0.9 2.7
2020.9397 -27.5758 -14.7669 -3.7 1.3 0.9 2.8
2020.9425 -25.8788 -14.6559 -3.2 1.3 0.9 2.7
2020.9452 -26.8334 -14.6559 -5.8 1.3 0.9 2.8
2020.9479 -28.3182 -14.6559 0.1 1.3 0.9 2.7
2020.9507 -26.5682 -15.2111 0.2 1.3 0.9 2.8
2020.9534 -27.947 -15.1 -4.7 1.3 0.9 2.7
2020.9562 -25.7728 -15.8772 -1.5 1.3 0.9 2.7
2020.9589 -24.6061 -15.1 -2.6 1.3 0.9 2.8
2020.9616 -27.1516 -16.5434 3.4 1.3 0.9 2.8
2020.9644 -26.4622 -16.2103 2.8 1.3 0.9 2.8
2020.9671 -28.3713 -14.3228 2.3 1.3 0.9 2.7
2020.9699 -29.3258 -17.7647 8.2 1.3 0.9 2.8
2020.9726 -25.9319 -17.2096 1.8 1.3 0.9 2.8
2020.9753 -26.3031 -18.2089 2.9 1.3 0.9 2.8
2020.9781 -24.447 -16.9875 11.6 1.3 0.9 2.9
2020.9808 -30.8107 -16.8765 13.9 1.3 0.9 2.9
2020.9836 -29.8031 -15.4331 13.5 1.3 0.9 3.0
2020.9863 -27.7879 -16.7655 10.6 1.3 0.9 2.9
2020.9890 -24.5531 -15.4331 8.9 1.3 0.9 2.8
2020.9918 -29.2728 -17.7647 8.9 1.3 0.9 2.8
2020.9945 -28.0531 -17.6537 10.8 1.3 0.9 2.8
2020.9973 -26.8864 -15.8772 4.5 1.3 0.9 2.8
2021.0000 -28.5304 -16.9875 14.8 1.3 0.9 2.8
2021.0027 -26.3561 -17.2096 5.3 1.3 0.9 2.8
2021.0027 -25.5607 -18.4309 7.6 1.3 0.9 2.7
2021.0055 -26.5682 -18.653 20.5 1.3 0.9 2.8
2021.0082 -28.4773 -16.3214 15 1.3 0.9 2.8
2021.0110 -27.3637 -17.0986 12 1.3 0.9 2.7
2021.0137 -27.1516 -18.0978 13.7 1.3 0.9 2.8
2021.0164 -25.3485 -16.6544 11.7 1.3 0.9 2.7
2021.0192 -26.5682 -16.4324 18.1 1.3 0.9 2.8
2021.0219 -29.697 -17.8758 16.7 1.3 0.9 2.8
2021.0247 -29.0076 -15.5442 11.2 1.3 0.9 2.8
2021.0274 -27.0985 -19.5412 13.9 1.3 0.9 2.8
2021.0301 -29.1667 -18.9861 12.6 1.3 0.9 2.8
2021.0329 -27.2046 -19.7633 12.3 1.3 0.9 2.7
2021.0356 -29.9622 -15.4331 12.1 1.2 0.9 2.7
2021.0384 -29.4849 -15.4331 2.3 1.2 0.9 2.7
2021.0411 -28.3182 -18.0978 12.2 1.2 0.9 2.8
2021.0438 -29.4319 -18.4309 10.7 1.2 0.9 2.7
2021.0466 -28.0001 -18.875 3.6 1.2 0.9 2.7
2021.0493 -25.1364 -18.3199 8 1.2 0.9 2.7
2021.0521 -28.8485 -15.7662 14 1.2 0.9 2.8
2021.0548 -25.0834 -15.9883 3 1.3 1.0 2.9
2021.0575 -23.7046 -18.542 9 1.3 1.0 2.8
2021.0603 -28.1592 -16.5434 8.7 1.2 0.9 2.7
2021.0630 -24.8182 -18.875 11.3 1.2 0.9 2.7
2021.0658 -26.6743 -16.9875 8.5 1.2 1.0 2.8
2021.0685 -27.841 -15.5442 14.6 1.3 1.0 2.8
2021.0712 -28.8485 -15.5442 9.8 1.2 0.9 2.8
2021.0740 -25.1894 -17.0986 8.4 1.2 0.9 2.8
2021.0767 -26.3031 -15.2111 9.4 1.2 0.9 2.7
2021.0795 -28.2122 -18.764 12.6 1.2 0.9 2.8
2021.0822 -27.841 -15.6552 12.7 1.2 0.9 2.8
2021.0849 -26.3031 -15.6552 7.6 1.2 0.9 2.7
2021.0877 -26.144 -17.0986 7.9 1.2 0.9 2.8
2021.0904 -26.3561 -16.8765 2 1.2 0.9 2.8
2021.0932 -26.7273 -18.653 6.4 1.2 0.9 2.7
2021.0959 -26.9925 -14.6559 -0.4 1.3 1.0 2.8
2021.0986 -26.6743 -18.3199 -4.5 1.3 1.0 2.9
2021.1014 -29.3789 -16.2103 -0.2 1.2 0.9 2.8
2021.1041 -29.4849 -17.8758 -3 1.3 1.0 2.8
2021.1068 -28.9546 -16.9875 -5 1.2 0.9 2.8
2021.1096 -27.5228 -16.2103 -2.8 1.2 0.9 2.8
2021.1123 -30.3864 -14.4339 -8.3 1.2 0.9 2.8
2021.1151 -28.2122 -17.0986 -0.6 1.2 0.9 2.8
2021.1178 -32.1895 -18.2089 -4.2 1.2 0.9 2.8
2021.1205 -31.2349 -15.7662 3.6 1.2 0.9 2.8
2021.1233 -30.4925 -16.2103 5.1 1.2 0.9 2.8
2021.1260 -30.1213 -17.2096 7.3 1.2 0.9 2.7
2021.1288 -33.2501 -17.2096 1.6 1.2 0.9 2.7
2021.1315 -30.2273 -16.8765 2.7 1.2 0.9 2.8
2021.1342 -31.0228 -16.7655 3.9 1.3 0.9 2.9
2021.1370 -30.4395 -17.8758 -0.5 1.3 0.9 2.8
2021.1397 -29.3789 -16.0993 6.9 1.2 0.9 2.7
2021.1425 -31.1819 -14.7669 4.4 1.2 0.9 2.7
2021.1452 -30.8107 -14.989 0.9 1.2 0.9 2.7
2021.1479 -29.2728 -16.5434 -1.7 1.2 0.9 2.8
2021.1507 -29.0076 -15.6552 1.5 1.3 0.9 2.8
2021.1534 -33.3561 -18.0978 -0.9 1.3 1.0 2.8
2021.1562 -29.8561 -16.9875 -7.5 1.3 1.0 2.8
2021.1589 -29.8561 -16.4324 1.4 1.3 1.0 2.9
2021.1616 -30.5985 -15.7662 -1.8 1.3 1.0 2.8
2021.1644 -29.5379 -15.2111 -3.4 1.3 1.0 2.8
2021.1671 -33.2501 -16.6544 5.9 1.3 0.9 2.8
2021.1699 -33.8864 -17.5427 1.8 1.2 0.9 2.7
2021.1726 -32.9319 -18.3199 -3.3 1.2 0.9 2.7
2021.1753 -31.9773 -15.4331 6.3 1.3 0.9 2.9
2021.1781 -33.3561 -15.2111 -1.2 1.3 1.0 2.9
2021.1808 -30.8637 -14.1008 -3.2 1.3 0.9 2.9
2021.1836 -34.3107 -16.4324 -2.3 1.4 1.0 2.9
2021.1863 -32.8789 -19.7633 -6 1.3 0.9 2.7
2021.1890 -31.1819 -16.2103 -9.3 1.3 0.9 2.8
2021.1918 -30.2804 -16.0993 2.1 1.3 0.9 2.8
2021.1945 -28.7955 -13.9897 -5 1.3 1.0 2.8
2021.1973 -29.8031 -15.8772 -1.7 1.3 0.9 2.8
2021.2000 -33.9925 -14.7669 3.7 1.3 0.9 2.8
2021.2027 -30.7046 -16.9875 2.6 1.3 0.9 2.7
2021.2055 -31.7122 -17.8758 -0.5 1.3 0.9 2.8
2021.2082 -31.7652 -17.6537 4.8 1.3 0.9 2.8
2021.2110 -31.394 -18.3199 -0.2 1.3 1.0 2.8
2021.2137 -30.3334 -15.3221 2.2 1.3 1.0 2.8
2021.2164 -30.0152 -16.3214 4.3 1.3 1.0 2.8
2021.2192 -28.6364 -17.0986 -2.1 1.3 0.9 2.7
2021.2219 -27.947 -18.542 2.7 1.3 0.9 2.7
2021.2247 -29.644 -17.0986 -1 1.3 0.9 2.8
2021.2274 -27.841 -18.3199 -6.3 1.3 0.9 2.7
2021.2301 -30.0682 -18.653 -8.6 1.3 0.9 2.8
2021.2329 -29.591 -18.0978 1.7 1.3 0.9 2.7
2021.2356 -27.4698 -17.7647 4.1 1.3 0.9 2.8
2021.2384 -28.0531 -17.3206 -8.2 1.3 0.9 2.8
2021.2411 -28.7425 -18.764 -2.3 1.3 0.9 2.8
2021.2438 -28.1592 -19.3192 -10.5 1.3 0.9 2.8
2021.2466 -32.4546 -18.542 -9.8 1.3 0.9 2.8
2021.2493 -28.7425 -16.3214 2.5 1.4 0.9 2.9
2021.2521 -26.9395 -18.542 -6.2 1.3 0.9 2.8
2021.2548 -28.1592 -17.9868 -7.5 1.3 0.9 2.8
2021.2575 -31.9243 -16.6544 -2.2 1.3 0.9 2.8
2021.2603 -29.4849 -17.3206 -6.3 1.3 0.9 2.8
2021.2630 -30.0152 -17.3206 -3.1 1.3 0.9 2.8
2021.2658 -25.6137 -15.8772 -7.9 1.3 0.9 2.8
2021.2685 -28.7425 -15.1 -5.7 1.3 1.0 2.9
2021.2712 -30.0682 -16.7655 -13.3 1.3 1.0 2.8
2021.2740 -28.5304 -16.5434 -18.1 1.3 0.9 2.8
2021.2767 -26.5152 -15.9883 -5.7 1.3 0.9 2.8
2021.2795 -26.6213 -16.6544 -14 1.3 1.0 2.9
2021.2822 -27.6819 -17.0986 -9.6 1.3 1.0 2.9
2021.2849 -28.7955 -18.2089 -3.1 1.3 1.0 2.9
2021.2877 -29.4849 -16.6544 -4 1.3 1.0 2.9
2021.2904 -29.2728 -20.2074 3.6 1.3 1.0 2.9
2021.2932 -28.1061 -18.764 -7.4 1.4 1.0 3.0
2021.2959 -29.5379 -17.0986 -4.4 1.4 1.0 3.0
2021.2986 -27.0455 -17.9868 -4.2 1.4 1.1 3.0
2021.3014 -29.9092 -14.878 -0.6 1.3 1.0 2.9
2021.3041 -31.8713 -16.7655 -5.4 1.3 1.0 2.9
2021.3068 -28.7955 -15.6552 1.5 1.3 1.0 3.0
2021.3096 -29.3258 -15.7662 -11.2 1.3 1.0 3.0
2021.3123 -29.3789 -16.0993 2.2 1.3 0.9 2.8
2021.3151 -31.341 -18.0978 -5.4 1.3 0.9 2.9
2021.3178 -34.0986 -15.8772 -7.4 1.3 0.9 2.8
2021.3205 -29.8031 -18.9861 3.2 1.3 0.9 2.9
2021.3233 -31.8182 -19.4302 -7.2 1.3 0.9 2.9
2021.3260 -31.0228 -16.9875 -2.4 1.3 0.9 2.8
2021.3288 -28.3713 -17.4317 -3.4 1.3 0.9 2.8
2021.3315 -32.2955 -17.5427 -4.4 1.3 0.9 2.8
2021.3342 -30.3864 -17.3206 2.2 1.3 0.9 2.8
2021.3370 -31.6592 -18.4309 -3.1 1.3 0.9 2.8
2021.3397 -29.9092 -17.8758 -1.3 1.3 0.9 2.9
2021.3425 -33.5683 -17.9868 -5.6 1.3 0.9 2.8
2021.3452 -31.447 -17.9868 -0.5 1.3 1.0 2.9
2021.3479 -32.5076 -16.4324 1 1.3 0.9 2.8
2021.3507 -33.7273 -15.8772 0.3 1.3 0.9 2.9
2021.3534 -33.5152 -18.653 -7.2 1.3 0.9 2.9
2021.3562 -33.144 -19.5412 -3.8 1.3 0.9 2.9
2021.3589 -31.2349 -18.875 -8.3 1.3 0.9 2.8
2021.3616 -34.4698 -19.8743 -2.8 1.5 1.0 3.1
2021.3644 -32.0834 -19.3192 -4.5 1.3 0.9 2.9
2021.3671 -34.841 -19.5412 -3.2 1.3 0.9 2.9
2021.3699 -28.8485 -18.764 -5.7 1.3 1.0 2.9
2021.3726 -35.1061 -17.9868 -10.3 1.2 0.9 2.9
2021.3753 -31.9773 -18.875 -6.4 1.2 1.0 2.9
2021.3781 -32.5607 -18.0978 -6.7 1.2 1.0 2.9
2021.3808 -34.3107 -16.3214 -2.3 1.3 1.0 2.9
2021.3836 -30.7046 -18.9861 -6.4 1.5 1.1 3.2
2021.3863 -31.0228 -19.5412 -2.6 1.3 1.1 3.1
2021.3890 -33.3561 -18.4309 -12.5 1.3 1.0 3.0
2021.3918 -32.4016 -16.0993 -8.4 1.2 1.0 2.9
2021.3945 -32.9319 -17.0986 -4.1 1.2 1.0 2.9
2021.3973 -32.2425 -16.5434 -14.5 1.2 1.0 2.9
2021.4000 -30.7046 -19.0971 -5.5 1.2 1.0 2.9
2021.4027 -34.4167 -19.3192 -5.1 1.3 1.0 3.0
2021.4055 -36.3258 -17.4317 -5.4 1.2 1.0 3.0
2021.4082 -32.7198 -18.653 -7.3 1.2 1.0 2.9
2021.4110 -32.7728 -16.5434 1.6 1.2 1.0 2.9
2021.4137 -30.3864 -18.875 -8.1 1.2 1.0 2.9
2021.4164 -31.9243 -21.3177 -1.7 1.2 1.0 2.9
2021.4192 -30.2273 -19.3192 -7.9 1.2 1.0 2.9
2021.4219 -34.788 -16.6544 3.4 1.2 1.0 2.9
2021.4247 -33.9395 -18.653 -10.8 1.2 1.0 3.0
2021.4274 -32.0834 -18.2089 -15.2 1.2 1.0 2.9
2021.4301 -31.1289 -19.9853 2.9 1.2 1.0 2.9
2021.4329 -35.2122 -17.7647 3.4 1.2 1.0 3.0
2021.4356 -34.2046 -18.4309 -9.4 1.2 1.0 2.9
2021.4384 -35.2122 -18.653 -9.1 1.2 1.0 2.9
2021.4411 -35.9546 -19.8743 -4.4 1.3 1.0 2.9
2021.4438 -34.2046 -18.764 -13.6 1.3 1.0 3.0
2021.4466 -33.5152 -19.0971 -7.2 1.2 1.0 2.9
2021.4493 -32.4546 -17.2096 1.6 1.2 1.0 3.0
2021.4521 -35.1061 -19.4302 -6.5 1.2 1.0 3.0
2021.4548 -35.5834 -21.3177 -2.2 1.2 1.0 3.0
2021.4575 -33.8334 -20.4295 -5 1.2 1.0 3.0
2021.4603 -33.144 -21.3177 -11.4 1.2 1.0 2.9
2021.4630 -35.1061 -16.8765 2.2 1.2 1.0 2.9
2021.4658 -36.9622 -18.3199 -1.4 1.2 1.0 3.0
2021.4685 -38.394 -19.4302 -3.4 1.2 1.0 2.9
2021.4712 -35.0001 -21.5398 0.3 1.3 1.0 3.0
2021.4740 -34.2046 -20.9846 -12.3 1.2 1.0 3.0
2021.4767 -32.3486 -19.0971 -5 1.2 1.0 3.0
2021.4795 -31.9243 -19.2081 0.7 1.2 1.0 3.0
2021.4822 -35.0001 -19.8743 -1.9 1.2 1.0 2.9
2021.4849 -34.0986 -19.6522 -7.7 1.2 1.0 3.0
2021.4877 -35.6895 -20.7625 3.6 1.2 1.0 3.0
2021.4904 -35.3713 -19.2081 -12.2 1.2 1.0 2.9
2021.4932 -33.5152 -18.2089 -9.7 1.2 1.0 3.0
2021.4959 -37.1213 -17.9868 0.7 1.2 1.0 2.9
2021.4986 -32.9849 -17.9868 -2.6 1.2 1.0 3.0
2021.5014 -32.6137 -19.5412 -2.9 1.3 1.0 3.1
2021.5041 -34.5228 -21.7618 -3.8 1.2 1.1 3.0
2021.5068 -31.0758 -16.3214 -7.1 1.2 1.0 3.0
2021.5096 -32.6137 -16.7655 -3.6 1.2 1.0 3.0
2021.5123 -36.3789 -17.9868 1.3 1.2 1.0 3.0
2021.5151 -36.2198 -19.2081 -2 1.2 1.0 3.0
2021.5178 -36.4319 -19.7633 -3 1.2 1.0 3.0
2021.5205 -36.4849 -20.0964 -0.5 1.3 1.1 3.0
2021.5233 -33.6213 -18.764 -7.9 1.2 1.0 3.0
2021.5260 -30.9167 -22.317 -2.4 1.2 1.0 3.0
2021.5288 -35.0531 -18.4309 -6.7 1.2 1.0 3.0
2021.5315 -31.7122 -21.8728 -5.3 1.2 1.0 3.0
2021.5342 -34.0455 -23.2052 -7.4 1.2 1.0 3.0
2021.5370 -36.0077 -18.764 -9 1.3 1.1 3.0
2021.5397 -38.6592 -19.7633 -9 1.4 1.1 3.2
2021.5425 -38.1289 -18.4309 -5.7 1.3 1.0 3.1
2021.5452 -39.6668 -19.6522 2.8 1.3 1.0 3.2
2021.5479 -35.9016 -20.9846 -11 1.2 1.0 3.0
2021.5507 -36.2198 -19.5412 1 1.2 1.0 3.0
2021.5534 -36.644 -23.3162 -8 1.2 1.0 3.0
2021.5562 -33.6743 -23.9824 -6.5 1.4 1.1 3.1
2021.5589 -36.3789 -21.2067 -3.6 1.3 1.1 3.0
2021.5616 -32.0834 -20.3184 -2.5 1.2 1.0 3.1
2021.5644 -37.0152 -20.3184 5.2 1.2 1.0 3.1
2021.5671 -40.5152 -21.4287 -1.1 1.2 1.0 3.0
2021.5699 -32.3486 -20.2074 -6.5 1.2 1.0 3.0
2021.5726 -37.5986 -22.6501 -5.6 1.2 1.0 3.0
2021.5753 -38.5531 -20.4295 -6.3 1.2 1.0 3.0
2021.5781 -36.2198 -22.539 0.1 1.2 1.0 3.0
2021.5808 -34.4167 -19.7633 -3.4 1.2 1.0 3.0
2021.5836 -33.5683 -19.7633 -1 1.2 1.0 3.1
2021.5863 -38.4471 -22.0949 -0.3 1.2 1.0 3.0
2021.5890 -37.0152 -20.2074 -10.4 1.2 1.0 3.0
2021.5918 -35.5834 -24.0934 1.3 1.2 1.0 3.0
2021.5945 -35.3713 -24.0934 0.9 1.2 1.0 3.0
2021.5973 -37.1743 -21.3177 4.8 1.3 1.0 3.1
2021.6000 -35.9016 -22.539 3.1 1.3 1.1 3.1
2021.6027 -36.9622 -23.3162 -6.4 1.3 1.0 3.0
2021.6055 -36.8561 -24.2045 0.5 1.2 1.0 3.0
2021.6082 -36.4849 -22.428 1.3 1.3 1.0 3.0
2021.6110 -36.538 -22.0949 -5.2 1.2 1.0 3.0
2021.6137 -35.1061 -20.3184 3 1.3 1.0 3.0
2021.6164 -38.4471 -25.2037 -1 1.3 1.0 3.0
2021.6192 -38.0228 -22.7611 -5.7 1.3 1.0 3.0
2021.6219 -35.9016 -21.3177 -0.8 1.3 1.0 3.0
2021.6247 -36.1137 -19.7633 0.7 1.3 1.0 3.0
2021.6274 -35.6364 -20.3184 2.8 1.3 1.0 3.0
2021.6301 -35.8486 -19.5412 -6.9 1.3 1.0 3.0
2021.6329 -38.4471 -21.5398 -8 1.3 1.0 3.0
2021.6356 -37.1743 -19.8743 3.4 1.3 1.0 3.0
2021.6384 -35.7425 -21.8728 -11 1.3 1.1 3.1
2021.6411 -34.6289 -24.4265 -7.3 1.3 1.1 3.1
2021.6438 -35.0001 -23.3162 -11.3 1.3 1.0 3.1
2021.6466 -36.0607 -21.5398 -4.1 1.3 1.0 3.0
2021.6493 -34.4167 -20.4295 -1.6 1.3 1.0 3.0
2021.6521 -34.5758 -18.0978 6.5 1.3 1.0 3.0
2021.6548 -36.538 -22.8721 2.1 1.4 1.0 3.1
2021.6575 -38.8713 -23.0942 4 1.3 1.0 3.0
2021.6603 -37.8637 -23.3162 -4.3 1.3 1.0 3.0
2021.6630 -37.1743 -21.7618 -8.6 1.3 1.0 3.0
2021.6658 -38.288 -19.6522 -1.7 1.3 1.0 3.0
2021.6685 -38.7122 -22.317 -3.4 1.3 1.0 3.0
2021.6712 -41.2046 -24.5376 -0.6 1.4 1.0 3.2
2021.6740 -33.9395 -23.6493 6.2 1.5 1.1 3.3
2021.6767 -39.6668 -24.2045 7.4 1.5 1.0 3.3
2021.6795 -37.7046 -23.4273 6.7 1.4 1.0 3.2
2021.6822 -36.0607 -20.0964 2.4 1.3 1.0 3.0
2021.6849 -37.9167 -22.428 4.8 1.3 1.0 3.0
2021.6877 -39.0834 -23.6493 -3.3 1.3 1.0 3.0
2021.6904 -37.5986 -25.7589 2.9 1.3 1.0 3.0
2021.6932 -38.2349 -25.0927 5 1.3 1.0 3.1
2021.6959 -36.0077 -25.2037 -3.6 1.3 1.0 3.0
2021.6986 -36.591 -22.6501 9.2 1.3 1.0 3.0
2021.7014 -39.7198 -20.8736 13.2 1.3 1.0 3.0
2021.7041 -36.0607 -24.7596 2.8 1.3 1.0 3.0
2021.7068 -37.9167 -26.314 -2.3 1.3 1.0 3.0
2021.7096 -36.8031 -22.317 3.7 1.3 1.0 3.0
2021.7123 -35.8486 -19.8743 2.9 1.3 1.0 3.1
2021.7151 -40.4622 -23.6493 10.5 1.3 1.0 3.0
2021.7178 -36.2728 -22.9831 1.8 1.3 1.0 3.0
2021.7205 -36.1137 -24.4265 -0.6 1.3 1.0 3.0
2021.7233 -38.7652 -24.3155 8.4 1.3 1.0 3.0
2021.7260 -38.341 -23.4273 7 1.3 1.0 3.0
2021.7288 -42.6365 -24.2045 1.7 1.3 1.0 3.0
2021.7315 -41.0986 -24.7596 3.1 1.4 1.1 3.2
2021.7342 -36.0607 -22.7611 8 1.3 1.0 3.0
2021.7370 -34.5758 -22.9831 -2.5 1.3 1.0 3.0
2021.7397 -35.1592 -26.5361 3.6 1.3 1.0 2.9
2021.7425 -35.7425 -22.9831 9.9 1.3 1.0 3.0
2021.7452 -36.4319 -22.539 8.7 1.3 1.0 3.0
2021.7479 -37.4925 -24.4265 6.7 1.3 1.0 2.9
2021.7507 -41.3637 -23.0942 8.1 1.3 1.0 3.0
2021.7534 -40.6213 -23.5383 10.8 1.3 1.0 3.0
2021.7562 -35.4243 -22.9831 9 1.3 1.0 2.9
2021.7589 -36.4319 -21.5398 1.7 1.3 1.0 3.0
2021.7616 -36.4849 -23.6493 6.9 1.3 1.0 2.9
2021.7644 -40.1971 -26.4251 8.9 1.3 1.0 3.0
2021.7671 -36.697 -22.0949 15.4 1.3 1.0 3.0
2021.7699 -38.1819 -24.2045 12.6 1.3 1.0 3.0
2021.7726 -39.9849 -25.0927 15.2 1.3 1.0 2.9
2021.7753 -39.7728 -22.8721 0.3 1.3 1.0 3.0
2021.7781 -42.4774 -24.3155 15.2 1.3 1.0 3.0
2021.7808 -40.6743 -24.2045 10.6 1.7 1.1 3.3
2021.7836 -37.7577 -24.4265 18.7 1.3 1.0 2.9
2021.7863 -36.591 -22.0949 14.6 1.3 1.0 2.9
2021.7890 -41.5758 -25.7589 10 1.3 1.0 2.9
2021.7918 -41.5228 -23.9824 8.2 1.3 1.0 2.9
2021.7945 -39.4016 -21.7618 12.6 1.3 0.9 2.9
2021.7973 -41.7349 -23.8714 18 1.3 1.0 2.9
2021.8000 -39.2425 -22.8721 5.9 1.3 1.0 2.9
2021.8027 -43.591 -26.4251 9 1.3 1.0 3.0
2021.8055 -40.038 -24.8706 11.5 1.3 1.0 3.0
2021.8082 -39.9319 -25.8699 20.8 1.3 1.0 2.9
2021.8110 -42.1062 -22.9831 20.1 1.3 1.0 2.9
2021.8137 -40.9395 -22.8721 14.2 1.4 1.0 3.1
2021.8164 -39.8789 -26.9802 12.4 1.3 1.0 2.9
2021.8192 -40.7804 -26.314 9.5 1.3 1.0 2.9
2021.8219 -42.2122 -25.6479 12.4 1.4 1.0 3.0
2021.8247 -40.8865 -25.5368 6.9 1.4 1.0 3.0
2021.8274 -41.5758 -22.8721 5.8 1.4 1.0 3.0
2021.8301 -40.4622 -18.9861 18.6 1.4 1.0 3.1
2021.8329 -44.4395 -22.2059 24.4 1.4 1.0 3.1
2021.8356 -38.9774 -25.3148 15.5 1.4 1.0 3.0
2021.8384 -43.591 -26.203 11.8 1.4 1.0 3.0
2021.8411 -41.6819 -26.6471 13.2 1.4 1.0 3.1
2021.8438 -43.4849 -27.5354 4.5 2.0 1.3 3.9
2021.8466 -42.3183 -25.6479 6.7 1.4 1.0 3.1
2021.8493 -38.9243 -26.6471 12.6 1.4 1.0 3.2
2021.8521 -45.1289 -26.203 4.9 1.4 1.0 3.0
2021.8548 -43.6971 -25.4258 6.1 1.4 1.0 3.0
2021.8575 -38.4471 -25.3148 9 1.3 1.0 2.9
2021.8603 -40.7804 -26.092 4 1.3 1.0 2.9
2021.8630 -40.144 -24.3155 4.5 1.3 1.0 2.9
2021.8658 -42.1592 -23.4273 -17.6 1.4 1.0 2.9
2021.8685 -43.0077 -24.5376 -15 1.4 1.0 3.0
2021.8712 -38.4471 -23.6493 -17.7 1.4 1.0 3.0
2021.8740 -38.5531 -24.7596 -10.1 1.4 1.0 3.0
2021.8767 -37.3864 -23.5383 -13.3 1.4 1.0 3.0
2021.8795 -38.1819 -23.3162 -18.5 1.3 1.0 2.9
2021.8822 -42.2122 -25.7589 -13.6 1.3 1.0 2.9
2021.8849 -43.644 -24.2045 -14.6 1.3 1.0 2.9
2021.8877 -39.7198 -24.7596 -12.3 1.3 1.0 2.9
2021.8904 -38.8183 -24.9817 -11.4 1.3 1.0 2.9
2021.8932 -39.1895 -24.0934 -15.1 1.3 1.0 2.9
2021.8959 -38.341 -23.5383 -11.6 1.3 1.0 2.9
2021.8986 -40.6743 -23.6493 -10.5 1.3 1.0 2.9
2021.9014 -41.3107 -26.092 0.2 1.3 1.0 2.9
2021.9041 -40.9395 -27.4243 -8.3 1.3 1.0 2.9
2021.9068 -37.8637 -23.3162 -9.5 1.3 1.0 2.9
2021.9096 -38.8713 -25.7589 -0.6 1.3 1.0 2.9
2021.9123 -39.8789 -23.8714 -2.6 1.3 1.0 2.9
2021.9151 -38.7122 -24.2045 -5.2 1.3 1.0 2.9
2021.9178 -39.4016 -27.3133 -18 1.4 1.0 2.9
2021.9205 -39.7198 -24.8706 -25.6 1.4 1.0 2.9
2021.9233 -40.038 -25.4258 -22 1.5 1.0 3.2
2021.9260 -40.038 -27.4243 -29.5 1.3 1.0 3.0
2021.9288 -38.288 -25.0927 -26.1 1.3 1.0 3.0
2021.9315 -38.5001 -28.2015 -14.4 1.4 1.0 3.0
2021.9342 -41.4168 -24.7596 14.6 1.4 1.0 3.1
2021.9370 -42.7425 -24.9817 12.8 1.4 1.0 3.1
2021.9397 -40.8334 -24.5376 8.7 1.4 1.0 3.0
2021.9425 -44.0152 -24.6486 14.8 1.4 1.0 3.2
2021.9452 -42.4774 -25.9809 7 1.3 1.0 3.0
2021.9479 -41.9471 -22.9831 8.7 1.3 1.0 3.0
2021.9507 -42.0531 -21.9839 6.1 1.3 1.0 3.0
2021.9534 -41.7349 -22.8721 16.9 1.3 1.0 3.0
2021.9562 -43.8031 -23.4273 6.9 1.4 1.0 3.2
2021.9589 -43.7501 -23.8714 8.3 1.3 1.0 3.1
2021.9616 -43.3789 -25.2037 3.5 1.3 1.0 3.1
2021.9644 -43.0607 -26.4251 4.4 1.3 1.0 3.1
2021.9671 -44.2804 -24.2045 3.1 1.4 1.0 3.1
2021.9699 -40.3031 -25.0927 2.6 1.3 1.0 3.1
2021.9726 -43.2728 -25.7589 -10.6 1.3 1.0 3.1
2021.9753 -44.7577 -24.7596 -17.2 1.3 1.0 3.1
2021.9781 -47.5153 -23.3162 -11.6 1.3 1.0 3.1
2021.9808 -46.1365 -23.9824 -14.7 1.3 1.0 3.1
2021.9836 -44.1743 -24.0934 -7.2 1.3 1.0 3.1
2021.9863 -43.4319 -23.4273 -6.5 1.3 1.0 3.1
2021.9890 -40.8865 -25.7589 -11.8 1.3 1.0 3.1
2021.9918 -44.1743 -23.6493 -13.9 1.3 1.0 3.0
2021.9945 -41.6819 -22.7611 -6.5 1.3 1.0 3.0
2021.9973 -46.5607 -22.2059 5.9 1.3 1.0 3.0
2022.0000 -43.591 -20.7625 9.7 1.3 1.0 3.0
2022.0027 -42.7955 -24.4265 2.3 1.3 1.0 3.0
2022.0055 -44.4925 -23.0942 -4.6 1.3 1.0 3.0
2022.0082 -43.1137 -23.5383 -3.8 1.3 1.0 3.0
2022.0110 -45.4471 -22.2059 -8.5 1.3 1.0 3.0
2022.0137 -42.2122 -22.428 -1.7 1.3 1.0 3.0
2022.0164 -42.2122 -22.539 2.3 1.3 1.0 3.0
2022.0192 -45.1819 -23.4273 1.3 1.3 1.0 2.9
2022.0219 -44.4395 -24.7596 6.1 1.3 1.0 2.9
2022.0247 -41.894 -19.8743 4.2 1.4 1.0 3.3
2022.0274 -42.6895 -26.7581 12.3 1.3 1.0 2.9
2022.0301 -44.3334 -23.0942 13.2 1.3 1.0 3.0
2022.0329 -44.2274 -23.4273 7.6 1.3 1.0 3.0
2022.0356 -44.6516 -27.4243 9.5 1.3 1.0 3.0
2022.0384 -46.4546 -23.0942 9.5 1.3 1.0 3.1
2022.0411 -42.2652 -22.9831 4.6 1.3 1.0 3.0
2022.0438 -41.1516 -23.8714 -10.8 1.3 1.0 3.0
2022.0466 -45.1289 -24.3155 -9.4 1.3 1.0 3.0
2022.0493 -45.0759 -26.092 -8.9 1.3 1.0 3.0
2022.0521 -46.1895 -25.5368 -1 1.3 1.0 3.0
2022.0548 -45.8183 -23.3162 -7.4 1.3 1.0 3.0
2022.0575 -41.3637 -26.092 -4.2 1.3 1.0 3.0
2022.0603 -44.8107 -23.7603 11.1 1.3 1.0 3.0
2022.0630 -45.0228 -22.7611 6.2 1.3 1.0 3.1
2022.0658 -46.6137 -25.0927 17.9 1.3 1.0 3.0
2022.0685 -49.4774 -26.092 15 1.3 1.0 3.0
2022.0712 -48.5759 -23.3162 1 1.3 1.0 2.9
2022.0740 -46.8789 -24.6486 4.4 1.3 0.9 3.0
2022.0767 -45.1289 -25.3148 2.1 1.3 0.9 3.0
2022.0795 -48.0986 -25.7589 5.7 1.3 1.0 3.0
2022.0822 -45.0228 -27.0912 4.7 1.3 1.0 2.9
2022.0849 -48.3107 -25.0927 3.2 1.2 1.0 2.9
2022.0877 -45.6062 -25.4258 2.5 1.3 0.9 2.9
2022.0904 -46.5077 -25.5368 0.9 1.3 0.9 2.9
2022.0932 -48.0456 -22.539 2.6 1.3 1.1 3.0
2022.0959 -44.5455 -25.8699 1.7 1.5 1.1 3.1
2022.0986 -46.2956 -26.7581 -0.5 1.3 0.9 2.9
2022.1014 -43.6971 -27.7574 3.6 1.3 1.0 3.0
2022.1041 -44.1743 -23.7603 7.3 1.3 1.0 3.0
2022.1068 -44.2804 -24.9817 8.4 1.3 1.0 3.0
2022.1096 -46.2425 -26.8692 -0.6 1.3 1.0 3.1
2022.1123 -45.9243 -24.8706 5.2 1.3 1.0 3.0
2022.1151 -46.4546 -23.8714 -2.9 1.3 1.0 2.9
2022.1178 -44.8107 -24.4265 1.4 1.3 1.0 3.0
2022.1205 -47.2501 -23.7603 0.9 1.3 1.0 3.0
2022.1233 -44.7577 -24.7596 -5.1 1.3 1.0 3.0
2022.1260 -46.4546 -25.0927 -15.5 1.3 1.0 2.9
2022.1288 -46.6668 -23.5383 -15.4 1.3 0.9 2.9
2022.1315 -47.6743 -25.5368 -10 1.3 1.0 3.0
2022.1342 -44.2274 -26.7581 -2 1.3 1.0 3.0
2022.1370 -45.7652 -25.7589 -7.6 1.3 1.0 3.0
2022.1397 -46.3486 -22.2059 -9.3 1.3 1.0 3.0
2022.1425 -44.7577 -24.9817 -9.3 1.3 1.0 3.0
2022.1452 -48.4698 -26.8692 -8.5 1.3 1.0 3.0
2022.1479 -47.1971 -28.4236 -10.7 1.3 0.9 3.0
2022.1507 -41.788 -26.314 -3.7 1.5 1.0 3.2
2022.1534 -46.7198 -26.7581 -4.6 1.4 1.0 3.3
2022.1562 -46.3486 -24.9817 -6.6 1.3 1.0 3.0
2022.1589 -46.7198 -26.314 -1.7 1.3 1.0 3.0
2022.1616 -49.6365 -25.3148 -9.5 1.3 1.0 2.9
2022.1644 -44.2804 -25.6479 -1.3 1.3 0.9 2.9
2022.1671 -43.8031 -25.6479 -2.8 1.3 0.9 3.0
2022.1699 -46.1895 -24.9817 -13.3 1.3 0.9 2.9
2022.1726 -44.5986 -27.8684 0.1 1.3 0.9 3.0
2022.1753 -48.0986 -24.8706 -9.7 1.4 1.0 3.0
2022.1781 -46.6668 -24.2045 -12.1 1.3 0.9 3.0
2022.1808 -43.2728 -24.6486 -18.6 1.3 0.9 2.9
2022.1836 -43.9092 -25.8699 -2.7 1.3 0.9 2.9
2022.1863 -45.8713 -24.4265 -12.6 1.3 0.9 2.9
2022.1890 -43.9092 -25.6479 -3.8 1.4 1.0 3.0
2022.1918 -46.4546 -25.9809 -4 1.4 1.0 3.1
2022.1945 -46.0304 -25.7589 -13 1.3 0.9 3.0
2022.1973 -44.2274 -24.6486 -5.4 1.5 1.0 3.0
2022.2000 -42.9016 -26.4251 -7.4 1.3 0.9 3.0
2022.2027 -45.7122 -24.5376 -8.2 1.3 0.9 3.0
2022.2055 -44.7046 -25.6479 -15 1.3 0.9 3.0
2022.2082 -43.0607 -27.2023 -12.7 1.4 1.0 3.1
2022.2110 -43.1668 -26.9802 -15 1.4 1.0 3.1
2022.2137 -42.2122 -25.8699 -10 1.3 0.9 3.0
2022.2164 -40.8334 -26.9802 -7.1 1.3 1.0 3.0
2022.2192 -43.8562 -26.314 -6.4 1.3 0.9 3.0
2022.2219 -44.7577 -24.4265 -5.7 1.3 0.9 3.0
2022.2247 -41.6289 -26.203 -9.3 1.3 1.0 3.0
2022.2274 -44.3334 -26.203 -14.4 1.4 1.0 3.1
2022.2301 -42.7955 -26.092 -9.3 1.4 1.0 3.1
2022.2329 -40.6743 -24.9817 -8 1.3 1.0 3.0
2022.2356 -45.9774 -24.8706 -8 1.3 0.9 2.9
2022.2384 -42.6895 -24.8706 -5.9 1.3 0.9 3.0
2022.2411 -42.2122 -26.314 -2.6 1.3 1.0 3.0
2022.2438 -44.9698 -25.7589 -8.7 1.3 0.9 3.0
2022.2466 -43.9092 -25.7589 -12.2 1.4 1.0 3.0
2022.2493 -47.9395 -26.8692 -10.4 1.4 1.0 3.0
2022.2521 -46.5077 -26.5361 -5.3 1.3 1.0 3.0
2022.2548 -43.8562 -28.4236 -4.5 1.3 0.9 3.0
2022.2575 -45.9243 -26.9802 -0.7 1.3 1.0 3.0
2022.2603 -49.5834 -28.0905 -8.9 1.3 1.0 2.9
2022.2630 -46.3486 -26.314 -7.5 1.3 0.9 2.9
2022.2658 -45.8183 -27.5354 -8 1.4 1.0 3.0
2022.2685 -46.4016 -29.0898 -10.3 1.3 1.0 3.1
2022.2712 -50.3789 -25.2037 -9.3 1.4 1.0 3.0
2022.2740 -59.235 -24.3155 -17.5 1.5 1.1 3.1
2022.2767 -45.8183 -25.8699 -12.2 1.3 1.0 3.0
2022.2795 -45.9243 -25.9809 -10.3 1.3 0.9 2.9
2022.2822 -43.6971 -25.3148 -14.8 1.3 0.9 3.0
2022.2849 -42.1062 -24.6486 -9.2 1.9 1.2 3.5
2022.2877 -46.7198 -25.3148 -8.8 1.4 1.0 3.1
2022.2904 -49.6365 -26.203 -2 1.4 1.0 3.1
2022.2932 -48.0456 -22.9831 -1.8 1.3 0.9 2.9
2022.2959 -47.2501 -25.9809 -3.7 1.3 1.0 3.0
2022.2986 -48.3637 -25.2037 -8.5 1.3 0.9 3.0
2022.3014 -46.5077 -27.0912 -11 1.3 0.9 2.9
2022.3041 -49.5304 -27.7574 -8.5 1.4 1.0 3.1
2022.3068 -50.591 -26.9802 -0.9 1.3 1.0 3.0
2022.3096 -51.2804 -26.8692 -0.9 1.4 1.0 3.0
2022.3123 -49.5304 -25.9809 -9.3 1.3 0.9 3.0
2022.3151 -43.6971 -26.6471 -3.6 1.3 0.9 3.0
2022.3178 -46.4546 -26.8692 -8 1.3 0.9 3.0
2022.3205 -48.6819 -25.7589 -13.1 1.4 1.0 3.2
2022.3233 -52.4471 -25.9809 -5.5 1.4 1.0 3.1
2022.3260 -48.788 -24.9817 -6.8 1.3 1.0 3.0
2022.3288 -49.9016 -27.3133 -1.9 1.3 1.0 3.0
2022.3315 -46.0304 -25.6479 -3.5 1.3 1.0 3.0
2022.3342 -50.8562 -26.8692 -1.5 1.3 1.0 3.0
2022.3370 -48.2577 -27.8684 -4.1 1.4 1.0 3.1
2022.3397 -46.3486 -28.0905 -5.6 1.4 1.1 3.1
2022.3425 -47.091 -28.4236 -2.1 1.3 1.0 3.0
2022.3452 -47.1971 -28.3126 -6 1.3 1.0 3.0
2022.3479 -49.8486 -26.8692 -9.4 1.3 1.0 3.0
2022.3507 -52.1819 -26.092 -9 1.3 0.9 3.0
2022.3534 -49.1592 -25.7589 -1 1.3 1.0 3.0
2022.3562 -53.6668 -26.7581 2.9 1.3 0.9 3.0
2022.3589 -49.9016 -26.5361 -1.3 1.3 0.9 3.0
2022.3616 -48.841 -23.6493 -4.8 1.3 1.0 3.0
2022.3644 -50.644 -27.8684 -3.7 1.3 1.0 2.9
2022.3671 -50.8562 -26.9802 -8.2 1.3 1.0 3.0
2022.3699 -49.6895 -26.8692 -10.4 1.3 1.0 3.0
2022.3726 -51.1213 -26.8692 -4.4 1.3 1.0 3.0
2022.3753 -46.9319 -28.5346 -3.6 1.3 1.0 3.0
2022.3781 -48.3107 -32.0876 -5.5 1.2 1.0 3.0
2022.3808 -45.7122 -27.3133 -18.4 1.2 0.9 3.0
2022.3836 -49.7956 -29.978 -11.2 1.3 0.9 3.0
2022.3863 -50.538 -27.5354 -9.6 1.2 1.0 3.0
2022.3890 -45.7652 -27.7574 -14.1 1.3 1.0 3.0
2022.3918 -51.1744 -29.2008 -0.4 1.3 0.9 3.0
2022.3945 -49.6365 -28.4236 -9 1.3 1.0 3.0
2022.3973 -49.4774 -27.5354 -5.6 1.2 1.0 3.0
2022.4000 -49.4243 -28.4236 -6.9 1.3 1.0 3.1
2022.4027 -48.1516 -29.7559 -4.9 1.3 1.0 3.2
2022.4055 -49.7956 -29.6449 -3.2 1.3 1.0 3.0
2022.4082 -47.8334 -32.1986 -9.9 1.3 1.0 3.0
2022.4110 -44.7577 -27.0912 -14.1 1.3 1.0 3.0
2022.4137 -51.4395 -28.3126 -10.7 1.3 1.0 3.0
2022.4164 -49.0001 -29.4229 -9.2 1.2 0.9 3.0
2022.4192 -44.4925 -29.978 -3.3 1.3 1.0 3.1
2022.4219 -47.8334 -29.4229 -10.3 1.3 1.0 3.1
2022.4247 -47.3562 -27.9795 1.3 1.3 1.0 3.0
2022.4274 -47.6213 -29.978 0 1.2 1.0 3.0
2022.4301 -48.5228 -28.3126 0.3 1.3 1.0 3.0
2022.4329 -51.7047 -29.7559 0.2 1.3 1.0 3.1
2022.4356 -46.9319 -28.8677 -0.9 1.3 1.0 3.0
2022.4384 -49.3713 -28.9787 -9.3 1.2 1.0 3.0
2022.4411 -46.7198 -29.3118 5 1.2 1.0 3.0
2022.4438 -47.038 -25.8699 -2.2 1.2 1.0 3.0
2022.4466 -45.1819 -29.867 -0.6 1.3 1.0 3.0
2022.4493 -44.3865 -30.089 0.3 1.3 1.0 3.0
2022.4521 -46.2956 -26.9802 -8.1 1.3 1.0 3.0
2022.4548 -50.3789 -28.9787 -2.5 1.3 1.0 3.0
2022.4575 -49.2653 -27.9795 -2.9 1.3 1.0 3.0
2022.4603 -51.2274 -30.3111 -8.1 1.3 1.0 3.0
2022.4630 -47.5153 -29.867 0.5 1.3 1.0 3.0
2022.4658 -45.9774 -24.4265 1.3 1.2 1.0 3.0
2022.4685 -48.0986 -26.6471 2 1.3 1.0 3.0
2022.4712 -51.6516 -27.4243 -1.8 1.3 1.0 3.0
2022.4740 -47.9925 -24.8706 -1.4 1.3 1.0 3.0
2022.4767 -52.7653 -26.5361 -7.2 1.3 1.0 3.0
2022.4795 -51.1744 -29.4229 -11.7 1.4 1.0 3.2
2022.4822 -49.3183 -27.6464 -1.4 1.3 1.0 3.0
2022.4849 -53.6138 -28.2015 5.4 1.3 1.0 3.0
2022.4877 -49.5304 -29.4229 -6.6 1.3 1.0 3.0
2022.4904 -52.0228 -28.6457 4.5 1.3 1.0 3.0
2022.4932 -49.7425 -29.2008 -9 1.3 1.0 3.0
2022.4959 -45.7652 -26.203 -16.9 1.3 1.0 3.1
2022.4986 -48.2046 -27.4243 -3.2 1.3 1.0 3.0
2022.5014 -52.0228 -32.9758 -1.9 1.5 1.0 3.1
2022.5041 -51.1744 -32.3096 -2.4 1.3 1.0 3.0
2022.5068 -49.6365 -27.0912 -1.6 1.4 1.0 3.3
2022.5096 -47.1971 -28.5346 -4.6 1.3 1.0 3.2
2022.5123 -48.735 -31.6435 10.9 1.3 1.0 3.2
2022.5151 -50.8031 -28.4236 -17.1 1.4 1.1 3.2
2022.5178 -51.9168 -30.9773 0.2 1.3 1.0 3.1
2022.5205 -49.9547 -25.7589 4.8 1.2 1.0 3.0
2022.5233 -50.9622 -29.3118 10.5 1.3 1.0 3.0
2022.5260 -49.6365 -29.867 1.1 1.3 1.0 3.0
2022.5288 -52.0759 -30.4221 -0.2 1.3 1.0 3.1
2022.5315 -50.9622 -30.2001 -4.3 1.2 1.0 3.0
2022.5342 -54.3562 -29.0898 -6.8 1.3 1.0 3.1
2022.5370 -50.6971 -31.1993 -4.6 1.3 1.0 3.1
2022.5397 -49.9547 -28.9787 3.9 1.3 1.0 3.0
2022.5425 -49.8486 -30.7552 0.8 1.3 1.0 3.0
2022.5452 -52.7122 -29.978 -6 1.2 1.0 3.1
2022.5479 -53.5607 -27.3133 2.8 1.5 1.1 3.2
2022.5507 -52.235 -30.089 -0.4 1.2 1.0 3.0
2022.5534 -51.5456 -33.1979 2.7 1.3 1.0 3.0
2022.5562 -51.1213 -29.978 1.6 1.3 1.0 3.0
2022.5589 -51.7577 -31.5324 -8.7 1.3 1.0 3.1
2022.5616 -50.7501 -29.5339 -2.8 1.3 1.0 3.0
2022.5644 -48.2577 -28.5346 0.5 1.3 1.0 3.0
2022.5671 -54.038 -29.0898 -9.6 1.2 1.0 3.0
2022.5699 -49.1062 -29.5339 -4.7 1.2 1.0 3.0
2022.5726 -51.5986 -28.6457 -6.8 1.2 1.0 3.0
2022.5753 -52.0228 -30.9773 -10.1 1.3 1.0 3.0
2022.5781 -52.0228 -28.3126 -4.8 1.3 1.0 3.0
2022.5808 -50.644 -28.9787 -4.1 1.3 1.0 3.0
2022.5836 -53.8259 -30.5332 -0.8 1.3 1.0 3.0
2022.5863 -49.8486 -30.9773 -7.7 1.3 1.1 3.2
2022.5890 -50.0077 -31.4214 -12 1.3 1.0 3.1
2022.5918 -56.1062 -29.4229 -16.5 1.3 1.0 3.1
2022.5945 -54.5153 -30.5332 0.5 1.3 1.0 3.0
2022.5973 -52.9774 -27.7574 -6.4 1.2 1.0 2.9
2022.6000 -57.7501 -29.6449 -2.3 1.4 1.1 3.1
2022.6027 -52.4471 -29.2008 3 1.4 1.1 3.1
2022.6055 -54.7274 -33.0868 -3.5 1.3 1.0 3.0
2022.6082 -49.4243 -29.3118 -7.2 1.3 1.0 3.0
2022.6110 -52.9244 -28.2015 0.4 1.4 1.0 3.1
2022.6137 -55.788 -30.2001 6.3 1.4 1.0 3.1
2022.6164 -54.3562 -30.2001 0.7 1.3 1.0 3.0
2022.6192 -48.0456 -28.9787 0.8 1.3 1.0 3.0
2022.6219 -54.2501 -28.2015 2.3 1.3 1.0 3.0
2022.6247 -52.1289 -29.5339 -8.6 1.3 1.0 3.0
2022.6274 -52.9244 -31.6435 -2.9 1.3 1.0 3.1
2022.6301 -52.7653 -29.3118 -6.1 1.4 1.0 3.1
2022.6329 -53.5607 -30.4221 5 1.3 1.0 3.1
2022.6356 -51.0683 -31.3104 -4.2 1.3 1.0 3.0
2022.6384 -52.7653 -30.6442 0 1.3 1.0 3.0
2022.6411 -51.8107 -30.4221 3.7 1.3 1.0 3.0
2022.6438 -52.1289 -30.3111 1.8 1.5 1.1 3.4
2022.6466 -50.644 -29.3118 7.8 1.5 1.1 3.3
2022.6493 -55.3107 -32.6427 5 1.3 1.0 3.1
2022.6521 -54.5683 -33.3089 2.7 1.3 1.0 3.0
2022.6548 -53.8259 -34.5302 5.7 1.6 1.3 3.7
2022.8192 -60.9319 -35.1964 12.8 1.5 1.0 3.0
2022.8219 -64.1668 -33.531 10.7 1.5 1.1 3.1
2022.8247 -55.0456 -35.0854 10.7 1.4 1.0 3.0
2022.8274 -60.5607 -36.3067 10.9 1.5 1.0 3.0
2022.8301 -59.1819 -31.8655 10.6 1.3 0.9 2.9
2022.8329 -58.9168 -33.642 8.8 1.4 0.9 2.9
2022.8356 -55.788 -33.753 -1.1 1.3 1.0 3.0
2022.8384 -59.7122 -33.531 9.3 1.4 1.0 3.1
2022.8411 -57.0077 -37.9721 5.8 1.7 1.1 3.5
2022.8438 -58.0153 -34.6413 -1.1 1.4 1.0 3.0
2022.8466 -56.5835 -30.6442 -6.2 1.4 0.9 2.9
2022.8493 -54.9925 -32.3096 -11.2 1.3 0.9 2.9
2022.8521 -55.841 -32.7537 -5.7 1.5 1.2 3.2
2022.8548 -58.4925 -36.4177 0.9 1.4 1.0 3.0
2022.8575 -59.1289 -35.7516 4.5 1.4 1.0 3.0
2022.8603 -55.4168 -36.3067 7.5 1.4 1.0 3.0
2022.8630 -58.2804 -33.4199 11.7 1.4 1.0 3.0
2022.8658 -60.0835 -43.5236 9.2 1.3 1.0 2.9
2022.8685 -55.6289 -32.9758 6.7 1.3 1.0 2.9
2022.8712 -59.235 -33.753 7.6 1.3 1.0 3.1
2022.8740 -59.8713 -34.0861 6.7 1.3 1.0 2.9
2022.8767 -59.9244 -33.642 6.9 1.3 0.9 2.9
2022.8795 -55.0456 -33.0868 2.3 1.3 0.9 2.9
2022.8822 -61.3562 -32.9758 7.6 1.3 1.0 2.9
2022.8849 -56.4774 -31.9765 8.7 1.3 0.9 2.9
2022.8877 -59.9244 -35.3074 14.4 1.3 0.9 2.9
2022.8904 -60.4547 -35.7516 18 1.3 1.0 2.9
2022.8932 -59.341 -34.9743 10.9 1.3 0.9 2.9
2022.8959 -59.1819 -34.3082 13.4 1.3 1.0 2.9
2022.8986 -57.538 -34.5302 9.2 1.3 0.9 2.9
2022.9014 -60.7198 -35.7516 12.9 1.4 1.0 3.0
2022.9041 -60.5077 -30.7552 4.4 1.3 1.0 2.9
2022.9068 -58.6516 -31.7545 1.7 1.3 0.9 2.9
2022.9096 -57.2198 -32.8648 2 1.3 0.9 3.0
2022.9123 -58.0153 -32.0876 -1.5 1.3 0.9 2.9
2022.9151 -54.3562 -31.7545 2.1 1.3 1.0 3.0
2022.9178 -60.6138 -30.9773 6.4 1.3 0.9 3.0
2022.9205 -58.8638 -34.5302 3.2 1.3 0.9 2.9
2022.9233 -59.0759 -32.7537 0.8 1.3 0.9 2.9
2022.9260 -57.6441 -34.3082 -6.9 1.3 0.9 3.0
2022.9288 -55.4168 -34.8633 3.5 1.3 1.0 3.0
2022.9315 -60.1895 -31.9765 -3.5 1.3 0.9 2.9
2022.9342 -59.5532 -32.8648 -30.9 1.4 1.1 3.1
2022.9370 -58.3865 -32.6427 -46.1 1.3 0.9 2.9
2022.9397 -58.5986 -31.6435 -50 1.3 0.9 2.9
2022.9425 -60.2956 -31.6435 -50.3 1.3 0.9 2.9
2022.9452 -58.3865 -35.0854 -45.2 1.3 0.9 2.9
2022.9479 -58.2274 -33.3089 -41 1.3 0.9 2.9
2022.9507 -61.1971 -30.4221 -39.5 1.3 0.9 2.9
2022.9534 -60.3486 -30.3111 -42.7 1.3 0.9 2.9
2022.9562 -62.2047 -29.2008 -44.6 1.3 0.9 2.9
2022.9589 -60.0304 -30.9773 -53 1.3 0.9 2.9
2022.9616 -60.2426 -29.3118 -52.3 1.3 0.9 2.9
2022.9644 -60.2426 -30.7552 -53.9 1.2 0.9 2.9
2022.9671 -61.7804 -29.7559 -51.3 1.3 0.9 2.8
2022.9699 -61.038 -27.5354 -50.1 1.3 1.0 2.9
2022.9726 -59.1819 -28.7567 -48.9 1.3 0.9 2.9
2022.9753 -60.6138 -30.8662 -43.6 1.2 0.9 2.8
2022.9781 -59.7653 -31.4214 -25.3 1.3 0.9 2.9
2022.9808 -61.2501 -37.9721 -18.2 1.3 0.9 2.8
2022.9836 -59.7122 -36.6398 -10.7 1.2 0.9 2.8
2022.9863 -60.0835 -34.9743 3.7 1.3 1.0 3.1
2022.9890 -60.985 -33.4199 7.6 1.4 1.1 3.2
2022.9918 -61.7274 -34.0861 7.9 1.3 1.0 3.1
2022.9945 -63.5304 -34.3082 8 1.2 0.9 2.9
2022.9973 -63.6895 -34.9743 11.2 1.3 1.0 3.0
2023.0000 -58.7577 -32.9758 -0.7 1.3 0.9 2.9
2023.0027 -59.5001 -35.9736 13.6 1.3 1.0 2.9
2023.0055 -59.8183 -34.4192 18.8 1.3 1.0 2.9
2023.0082 -60.0304 -34.1971 8.1 1.3 0.9 2.9
2023.0110 -62.4698 -34.7523 11.6 1.3 1.0 2.9
2023.0137 -60.8259 -34.3082 4.7 1.3 1.0 2.9
2023.0164 -61.4092 -33.864 1.8 1.2 0.9 2.8
2023.0192 -58.4395 -34.6413 2 1.2 0.9 2.8
2023.0411 -65.3335 -34.3082 11.3 1.5 1.1 3.1
2023.0438 -61.038 -36.1957 5 1.3 1.0 2.9
2023.0466 -65.4926 -35.1964 -0.4 1.2 1.0 2.8
2023.0493 -64.3259 -35.4185 10.3 1.3 1.0 2.9
2023.0521 -61.6213 -37.0839 5.6 1.3 1.0 2.9
2023.0548 -63.2653 -36.1957 2.5 1.3 1.0 2.9
2023.0575 -63.5304 -36.7508 -3.7 1.3 1.0 2.9
2023.0603 -59.6592 -32.9758 -2.6 1.3 1.0 3.0
2023.0630 -63.5304 -34.7523 -1.4 1.4 1.0 3.0
2023.0658 -66.0759 -35.4185 0.9 1.3 1.0 2.9
2023.0685 -61.3562 -37.1949 2.4 1.4 1.1 3.1
2023.0712 -64.538 -35.7516 5.6 1.4 1.1 3.2
2023.0740 -64.591 -35.1964 -3.4 1.3 1.0 3.1
2023.0767 -63.3183 -34.1971 4.3 1.3 1.0 3.0
2023.0795 -65.3865 -33.864 5.9 1.3 1.1 3.0
2023.0822 -65.3865 -34.5302 5.6 1.3 1.1 3.1
2023.0849 -64.2198 -34.7523 4 1.3 1.1 3.1
2023.0877 -63.9017 -32.3096 8.2 1.3 1.1 3.1
2023.0904 -64.432 -34.5302 4.8 1.3 1.0 3.0
2023.0932 -65.9698 -33.9751 -0.3 1.3 1.0 2.9
2023.0959 -64.0077 -35.3074 -5.4 1.3 1.0 2.9
2023.0986 -60.9319 -35.3074 -5.7 1.3 1.0 3.0
2023.1014 -62.0986 -34.8633 1.7 1.4 1.0 3.0
2023.1041 -66.288 -35.1964 -1.7 1.4 1.0 3.0
2023.1068 -64.6441 -33.753 -9.3 1.4 1.0 3.0
2023.1096 -66.288 -34.5302 -13.9 1.3 1.0 2.9
2023.1123 -65.5986 -34.8633 -11.8 1.4 1.0 3.0
2023.1151 -63.9017 -34.7523 -4.3 1.4 1.0 3.0
2023.1178 -67.1895 -31.9765 -19 1.3 1.0 3.0
2023.1205 -61.9395 -35.8626 -34.5 1.4 1.0 3.0
2023.1233 -61.9395 -35.3074 -34.4 1.4 1.0 3.0
2023.1260 -64.6971 -35.8626 -26.6 1.8 1.3 3.4
2023.1288 -66.3411 -33.753 10.4 1.6 1.2 3.2
2023.1315 -62.9471 -34.5302 5.7 1.4 1.0 3.1
2023.1342 -64.1138 -33.9751 2 1.3 1.0 3.0
2023.1370 -66.182 -33.864 -1 1.3 1.0 2.9
2023.1397 -65.2804 -31.1993 7.1 1.3 1.0 2.9
2023.1425 -60.9319 -34.7523 2 1.5 1.1 3.3
2023.1452 -62.788 -33.0868 7.4 1.3 1.0 3.0
2023.1479 -64.2729 -35.4185 9.2 1.4 1.0 3.0
2023.1507 -63.9017 -32.6427 -1.1 1.3 1.0 2.9
2023.1534 -65.5986 -33.0868 7.6 1.4 1.0 3.0
2023.1562 -62.5229 -35.7516 11.2 1.4 1.0 3.1
2023.1589 -63.2653 -37.8611 10.7 2.6 1.5 4.2
2023.1616 -60.5607 -34.9743 8 1.4 1.0 3.1
2023.1644 -60.9319 -33.642 6.5 1.3 1.0 2.9
2023.1671 -62.4168 -32.1986 4 1.3 1.0 3.0
2023.1699 -64.538 -33.642 12.9 1.4 1.0 3.0
2023.1726 -61.7804 -33.4199 0.6 1.3 1.0 2.9
2023.1753 -62.2577 -31.6435 5.9 1.7 1.1 3.1
2023.1781 -62.0986 -31.9765 -2.3 1.4 1.0 3.0
2023.1808 -63.1062 -29.867 -2.3 1.3 1.0 2.9
2023.1836 -60.5607 -31.0883 0.7 1.3 1.0 2.9
2023.1863 -63.2123 -31.1993 1.5 1.6 1.1 3.1
2023.1890 -63.1062 -32.0876 0.1 1.5 1.0 3.1
2023.1918 -62.788 -32.6427 2.1 1.4 1.0 3.0
2023.1945 -64.2198 -31.5324 2.5 1.5 1.1 3.1
2023.1973 -62.2047 -28.6457 4.9 1.3 1.0 2.9
2023.2000 -64.485 -28.9787 3.6 1.6 1.1 3.1
2023.2027 -61.1441 -32.5317 3.2 1.5 1.1 3.2
2023.2055 -62.841 -31.3104 2.7 1.3 1.0 2.9
2023.2082 -61.1971 -30.9773 7.7 1.4 1.0 3.0
2023.2110 -64.3259 -30.5332 3.6 1.3 1.0 3.0
2023.2137 -61.1441 -30.8662 2.3 1.3 1.0 3.0
2023.2164 -59.5001 -30.2001 1.9 1.3 1.0 3.0
2023.2192 -62.5229 -33.531 2.9 1.3 1.0 3.0
2023.2219 -64.3789 -34.3082 1.3 1.4 1.0 3.0
2023.2247 -63.5835 -32.4207 -5.3 1.9 1.2 3.4
2023.2274 -63.0532 -32.6427 -1.6 1.7 1.3 3.6
2023.2301 -61.7274 -32.1986 -4.6 1.4 1.0 3.0
2023.2329 -64.591 -32.0876 -6.2 1.3 1.0 3.0
2023.2356 -63.1592 -30.089 -5.9 1.3 1.0 3.0
2023.2384 -66.4471 -30.9773 -1.8 1.4 1.0 3.1
2023.2411 -62.8941 -33.642 -7.9 1.4 1.1 3.1
2023.2438 -64.9092 -29.6449 -1.6 1.7 1.2 3.2
2023.2466 -63.0532 -29.867 -4.7 1.4 1.0 3.0
2023.2493 -69.5229 -32.5317 2 1.4 1.0 3.0
2023.2521 -66.0229 -32.7537 -9 1.3 1.1 3.1
2023.2548 -64.2198 -32.9758 -4.5 1.4 1.0 3.1
2023.2575 -64.2729 -32.8648 -5.3 1.4 1.0 3.1
2023.2603 -63.4774 -32.7537 -5.1 1.3 1.0 3.0
2023.2630 -65.5986 -32.4207 5.2 1.4 1.0 3.1
2023.2658 -66.9244 -31.7545 -0.5 1.3 1.1 3.0
2023.2685 -68.1441 -32.3096 3.2 1.3 1.0 3.0
2023.2712 -65.2274 -30.8662 -11.4 1.3 1.0 2.9
2023.2740 -66.3941 -32.7537 -12.6 1.4 1.0 3.0
2023.2767 -65.0683 -33.1979 -3.9 1.3 1.0 2.9
2023.2795 -64.3259 -31.5324 -4.5 1.3 1.0 3.0
2023.2822 -68.4092 -32.0876 -3.7 1.3 1.0 3.1
2023.2849 -66.0759 -32.8648 -13.4 1.5 1.1 3.3
2023.2877 -65.9168 -29.7559 -2.2 1.5 1.1 3.1
2023.2904 -63.6365 -32.9758 -2.5 1.3 1.0 3.0
2023.2932 -66.4471 -31.5324 -8.1 1.3 1.0 3.0
2023.2959 -66.5001 -29.978 -6.9 1.3 1.0 2.9
2023.2986 -68.7804 -33.642 -13.9 1.5 1.1 3.1
2023.3014 -64.538 -34.4192 -10.9 1.3 1.0 2.9
2023.3041 -67.7729 -32.9758 -7.1 1.3 1.0 2.9
2023.3068 -66.3941 -34.7523 -6.9 1.3 1.0 2.9
2023.3096 -71.3259 -32.6427 0.7 1.8 1.2 3.3
2023.3123 -67.2956 -34.7523 -1.4 1.7 1.3 3.6
2023.3151 -67.985 -33.0868 -0.9 1.3 1.0 2.9
2023.3178 -67.8259 -32.5317 4.3 1.3 1.0 2.9
2023.3205 -70.8486 -32.9758 -0.5 1.3 1.0 3.0
2023.3233 -67.4017 -32.5317 0.8 1.4 1.0 2.9
2023.3260 -68.2501 -33.753 4.6 1.4 1.0 3.0
2023.3288 -66.5001 -35.7516 -3.7 1.3 1.0 2.9
2023.3315 -67.8259 -32.4207 7.9 1.3 1.0 2.9
2023.3342 -66.8183 -35.8626 1.6 1.3 1.0 2.9
2023.3370 -68.7804 -34.6413 6.4 1.3 1.0 2.9
2023.3397 -65.0153 -35.0854 -4.2 1.3 1.0 2.9
2023.3425 -66.8714 -32.8648 -1.8 1.3 1.0 3.0
2023.3452 -67.2426 -32.9758 -4.5 1.5 1.2 3.3
2023.3479 -67.6138 -33.642 0.4 1.3 1.0 3.0
2023.3507 -66.8183 -33.3089 -3.3 1.3 1.0 3.1
2023.3534 -68.1971 -31.9765 -1.4 1.3 1.0 3.0
2023.3562 -69.4168 -35.1964 7.1 1.3 1.0 3.1
2023.3589 -66.4471 -32.7537 -7.7 1.3 1.0 3.0
2023.3616 -65.3335 -32.6427 -0.9 1.3 1.0 3.0
2023.3644 -65.5986 -34.1971 6.7 1.3 1.0 3.0
2023.3671 -67.2426 -35.0854 -3.4 1.3 1.0 3.0
2023.3699 -63.6365 -34.1971 -9.5 1.3 1.0 3.0
2023.3726 -65.7047 -33.642 -5.9 1.3 1.0 3.0
2023.3753 -66.8183 -34.0861 -4.4 1.3 1.0 3.0
2023.3781 -66.4471 -32.7537 -7.6 1.3 1.1 3.1
2023.3808 -66.9244 -33.9751 -6.4 1.4 1.1 3.1
2023.3836 -62.4168 -36.5288 -7.4 1.6 1.2 3.4
2023.3863 -66.7123 -33.864 -4.5 1.3 1.0 3.2
2023.3890 -67.6138 -35.3074 -4.2 1.4 1.1 3.1
2023.3918 -65.4395 -33.864 -3 1.3 1.0 3.0
2023.3945 -64.3789 -32.7537 -8.6 1.3 1.0 2.9
2023.3973 -64.6441 -33.864 -7.7 1.3 1.0 3.0
2023.4000 -65.1214 -34.6413 3.3 1.3 1.0 3.0
2023.4027 -67.1895 -33.864 -0.3 1.3 1.0 3.0
