2019.6493 0 0 0 1.2 0.9 2.9
2019.6521 3.12084 -0.888234 7.9 1.2 0.9 2.9
2019.6548 -4.12586 -2.44264 8.5 1.2 0.9 2.9
2019.6575 1.2166 -2.10956 0.5 1.2 0.9 3.0
2019.6603 0.634747 0.666175 12.2 1.3 1.0 3.0
2019.6630 -1.32239 -1.55441 6.6 1.3 1.0 3.0
2019.6658 1.74555 -0.11103 0.7 1.3 1.0 3.0
2019.6685 4.8135 -3.21985 6.1 1.4 1.0 3.1
2019.6712 -2.85636 -2.99779 0.3 1.2 0.9 2.9
2019.6740 1.11081 -2.6647 11.1 1.2 0.9 2.9
2019.6767 0.264478 -4.33014 9.6 1.2 0.9 2.8
2019.6822 5.13087 -3.44191 3 1.2 0.9 2.8
2019.6849 0.95212 -5.55146 0.5 1.2 0.9 2.8
2019.6877 0.899225 -2.77573 5.8 1.2 0.9 2.9
2019.6904 1.90424 -3.33088 5.3 1.2 1.0 2.9
2019.6932 0.264478 -6.4397 5.1 1.2 0.9 2.8
2019.6959 3.01505 -0.11103 13.2 1.2 0.9 2.8
2019.6986 3.27953 -5.44043 17.1 1.2 0.9 2.8
2019.7014 2.48609 -6.77278 11.7 1.2 0.9 2.8
2019.7041 1.42818 -2.99779 2 1.2 0.9 2.9
2019.7068 3.75559 -4.21911 9.4 1.2 0.9 2.9
2019.7096 1.63976 -2.10956 12.8 1.2 0.9 2.9
2019.7123 -3.96717 -0.555147 11.1 1.2 0.9 2.8
2019.7151 4.07296 -5.88455 17 1.2 0.9 2.9
2019.7178 0.581852 -3.99705 14.7 1.2 0.9 2.9
2019.7205 1.58687 -5.10735 6.2 1.4 1.0 3.2
2019.7233 1.74555 -3.77499 16.4 1.3 1.0 3.1
2019.7260 -0.105792 -2.99779 15.3 1.2 0.9 2.8
2019.7288 -3.06795 -2.77573 19.3 1.2 0.9 2.8
2019.7315 -0.105792 -2.6647 17 1.2 0.9 2.8
2019.7342 -1.79845 -6.66175 7 1.2 0.9 2.9
2019.7370 0 -2.55367 11.9 1.2 0.9 2.8
2019.7397 -2.3803 0.444117 9 1.2 0.9 2.8
2019.7425 -3.49111 -3.55294 22.5 1.4 0.9 3.1
2019.7452 0.264478 -5.55146 10.4 1.3 0.9 2.8
2019.8932 2.01003 -8.99337 26.3 1.3 0.9 2.9
2019.8959 -4.65481 -9.32646 21.4 1.3 0.9 2.8
2019.8986 -1.00502 -6.99484 9.2 1.3 0.9 2.8
2019.9014 -6.71774 -7.54999 8.2 1.2 0.8 2.6
2019.9041 -5.55404 -7.43896 8.7 1.2 0.8 2.6
2019.9068 -1.58687 -7.43896 1.4 1.2 0.8 2.7
2019.9096 -2.22162 -7.9941 13.3 1.3 0.9 3.0
2019.9123 -3.01505 -8.21616 15.5 1.3 0.9 3.0
2019.9151 -4.02007 -8.43822 13.1 1.3 0.9 2.9
2019.9178 -3.6498 -7.2169 10 1.3 0.9 2.9
2019.9205 -9.15094 -7.2169 5.9 1.2 0.8 2.8
2019.9233 -4.91929 -6.4397 -3 1.2 0.8 2.7
2019.9260 -5.23667 -5.55146 -5.5 1.2 0.8 2.7
2019.9288 -2.53899 -3.77499 -6 1.2 0.8 2.6
2019.9315 -2.64478 -5.10735 -7.4 1.1 0.8 2.6
2019.9342 -4.17875 -6.32867 -1.5 1.2 0.8 2.7
2019.9370 -2.11582 -6.10661 7.2 1.2 0.9 2.9
2019.9397 -1.05791 -5.44043 18.4 1.3 0.9 2.9
2019.9425 -3.27953 -9.1044 9.9 1.2 0.9 2.9
2019.9452 -4.02007 -7.88308 11 1.2 0.8 2.7
2019.9479 -5.81852 -7.9941 19.3 1.2 0.8 2.7
2019.9507 -5.9772 -10.4367 14.5 1.2 0.8 2.7
2019.9534 -5.76562 -9.77057 9.7 1.3 0.9 2.9
2019.9562 -4.02007 -9.1044 10.8 1.2 0.8 2.7
2019.9589 -7.14091 -6.88381 14.4 1.2 0.8 2.7
2019.9616 -5.50114 -7.32793 4.8 1.2 0.8 2.6
2019.9644 -4.65481 -8.10513 9 1.2 0.8 2.6
2019.9671 -5.44825 -7.9941 13.9 1.1 0.8 2.6
2019.9699 -6.29458 -7.9941 13.6 1.2 0.8 2.6
2019.9726 -7.40539 -9.21543 11.5 1.1 0.8 2.6
2019.9753 -7.72276 -9.8816 8.5 1.1 0.8 2.6
2019.9781 -7.03512 -6.4397 16.3 1.2 0.8 2.6
2019.9808 -7.61697 -9.8816 25.2 1.2 0.8 2.6
2019.9836 -7.14091 -10.2147 12.6 1.2 0.8 2.6
2019.9863 -11.161 -10.1037 13.3 1.2 0.8 2.6
2019.9890 -14.6521 -8.21616 12 1.1 0.8 2.6
2019.9918 -8.62199 -10.7698 8.5 1.1 0.8 2.6
2019.9945 -11.9015 -10.2147 7.8 1.1 0.8 2.6
2019.9973 -9.78569 -10.1037 20.2 1.2 0.8 2.7
2020.0000 -11.3726 -9.32646 10.2 1.2 0.9 3.0
2020.0027 -10.6849 -9.32646 11 1.2 0.8 2.7
2020.0055 -10.0502 -7.32793 9.2 1.1 0.8 2.6
2020.0082 -8.09303 -5.66249 15.8 1.2 0.8 2.7
2020.0110 -10.8436 -9.21543 13.8 1.2 0.8 2.6
2020.0137 -8.4633 -8.21616 13.4 1.2 0.8 2.7
2020.0164 -10.7907 -7.88308 9.3 1.2 0.8 2.7
2020.0192 -5.9772 -7.43896 -1 1.2 0.8 2.7
2020.0219 -4.60192 -6.99484 6.4 1.2 0.8 2.7
2020.0247 -8.78067 -9.32646 10.4 1.2 0.8 2.7
2020.0274 -10.4204 -6.4397 11 1.2 0.8 2.7
2020.0301 -9.73279 -8.99337 0.8 1.2 0.8 2.6
2020.0329 -7.51118 -10.2147 3.5 1.1 0.8 2.6
2020.0356 -7.45828 -9.77057 -2.2 1.2 0.8 2.6
2020.0384 -6.083 -8.21616 2.1 1.2 0.8 2.6
2020.0411 -9.36252 -8.32719 7.7 1.1 0.8 2.6
2020.0438 -4.97219 -7.9941 -0.1 1.2 0.9 2.8
2020.0466 -8.30461 -6.99484 5.7 1.1 0.8 2.6
2020.0493 -5.60694 -8.77131 6.5 1.1 0.8 2.6
2020.0521 -9.36252 -8.77131 13.9 1.1 0.8 2.6
2020.0548 -9.6799 -8.21616 19.6 1.2 0.8 2.7
2020.0575 -8.67488 -9.43748 14.6 1.2 0.8 2.6
2020.0603 -8.78067 -8.32719 5 1.1 0.8 2.6
2020.0630 -10.0502 -9.77057 -1.3 1.1 0.8 2.5
2020.0658 -10.4204 -7.32793 1.9 1.1 0.8 2.6
2020.0685 -9.78569 -7.43896 4.6 1.2 0.8 2.6
2020.0712 -9.52121 -9.32646 -0.8 1.2 0.8 2.6
2020.0740 -10.4204 -10.6588 9.8 1.2 0.8 2.6
2020.0767 -6.61195 -10.1037 3.3 1.1 0.8 2.6
2020.0795 -7.72276 -7.88308 10.7 1.1 0.8 2.6
2020.0822 -12.5892 -9.54851 6.2 1.1 0.8 2.6
2020.0849 -12.6949 -7.77205 3.9 1.1 0.8 2.6
2020.0877 -9.41542 -9.8816 6.9 1.1 0.8 2.6
2020.0904 -8.67488 -11.1029 7.5 1.1 0.8 2.6
2020.0932 -4.65481 -9.99263 0.3 1.1 0.8 2.6
2020.0959 -9.46832 -7.43896 7.7 1.1 0.9 2.6
2020.0986 -9.09805 -7.54999 19.6 1.1 0.9 2.7
2020.1014 -12.9594 -9.1044 11.5 1.1 0.9 2.7
2020.1041 -9.57411 -8.77131 25.1 1.1 0.9 2.6
2020.1068 -9.627 -9.65954 26.4 1.2 0.9 2.7
2020.1096 -10.8436 -6.10661 10.3 1.2 0.9 2.8
2020.1123 -10.3146 -4.21911 11.6 1.2 0.9 2.7
2020.1151 -6.82353 -6.77278 10.8 1.1 0.9 2.6
2020.1178 -11.3726 -8.99337 14.9 1.1 0.9 2.6
2020.1205 -11.9015 -9.1044 13.7 1.2 0.9 2.7
2020.1233 -9.52121 -11.436 17.1 1.1 0.9 2.7
2020.1260 -8.83357 -11.1029 18.1 1.1 0.9 2.6
2020.1288 -9.78569 -10.6588 17.2 1.1 0.8 2.6
2020.1315 -11.4783 -12.4353 18.4 1.1 0.9 2.6
2020.1342 -12.6421 -12.3242 20.8 1.2 0.9 2.8
2020.1370 -8.25172 -8.99337 18.7 1.2 0.9 2.8
2020.1397 -11.4783 -9.1044 16 1.2 0.9 2.9
2020.1425 -10.4204 -6.4397 19 1.2 0.9 2.7
2020.1452 -13.171 -5.88455 17.8 1.1 0.9 2.6
2020.1479 -10.8436 -6.99484 11.1 1.1 0.8 2.6
2020.1507 -10.4204 -5.99558 9.2 1.1 0.8 2.6
2020.1534 -10.5262 -8.88234 11.6 1.1 0.8 2.6
2020.1562 -10.2618 -6.99484 14.9 1.1 0.8 2.6
2020.1589 -12.5363 -8.32719 14.5 1.1 0.8 2.6
2020.1616 -10.2618 -9.1044 3.2 1.1 0.8 2.6
2020.1644 -11.4783 -8.99337 2.1 1.1 0.8 2.6
2020.1671 -11.5841 -8.77131 11.2 1.1 0.8 2.6
2020.1699 -14.176 -10.2147 10.3 1.1 0.9 2.6
2020.1726 -12.0602 -10.3257 11.3 1.1 0.9 2.6
2020.1753 -11.1081 -9.77057 6.6 1.1 0.8 2.6
2020.1781 -8.83357 -10.4367 7.7 1.1 0.9 2.6
2020.1808 -12.8007 -9.21543 14 1.1 0.8 2.6
2020.1836 -11.5312 -7.43896 7.8 1.1 0.9 2.6
2020.1863 -11.0552 -10.8809 2.5 1.1 0.9 2.6
2020.1890 -7.66986 -12.4353 10.8 1.1 0.9 2.6
2020.1918 -10.7907 -8.99337 10.4 1.2 0.9 2.6
2020.1945 -13.5942 -12.2132 9.3 1.2 0.9 2.6
2020.1973 -14.9695 -10.6588 10.1 1.2 0.9 2.7
2020.2000 -12.7478 -11.436 8.7 1.2 0.9 2.6
2020.2027 -13.9115 -11.325 3 1.2 0.9 2.7
2020.2055 -14.0173 -11.1029 14.6 1.2 0.9 2.7
2020.2082 -10.0502 -10.9919 5.3 1.2 0.9 2.7
2020.2110 -12.8536 -8.54925 11.3 1.2 0.9 2.7
2020.2137 -15.3926 -9.43748 5.3 1.2 0.9 2.8
2020.2164 -11.6899 -11.547 11.9 1.5 1.0 3.1
2020.2192 -12.0602 -12.9904 8.1 1.3 1.0 3.0
2020.2219 -10.2089 -8.10513 8.1 1.3 0.9 3.0
2020.2247 -11.9544 -9.1044 5.7 1.3 0.9 2.9
2020.2274 -14.8108 -7.66102 5.1 1.2 0.9 2.8
2020.2301 -12.3776 -8.43822 0.8 1.2 0.9 2.8
2020.2329 -16.9266 -10.4367 12.2 1.3 0.9 2.9
2020.2356 -15.71 -9.1044 3.7 1.3 0.9 2.8
2020.2384 -9.83859 -8.66028 -0.9 1.2 0.9 2.8
2020.2411 -11.5312 -10.3257 7.2 1.2 0.9 2.8
2020.2438 -9.52121 -8.77131 9.4 1.2 0.9 2.8
2020.2466 -9.57411 -11.547 7.1 1.3 0.9 2.9
2020.2493 -14.2818 -11.325 1.2 1.3 0.9 2.8
2020.2521 -10.1031 -8.66028 0.3 1.2 0.9 2.7
2020.2548 -12.2718 -10.5478 -2.5 1.3 0.9 2.8
2020.2575 -14.3347 -8.10513 2.7 1.3 0.9 2.9
2020.2603 -9.83859 -11.7691 0.6 1.3 0.9 2.8
2020.2630 -11.2139 -12.3242 11.1 1.3 0.9 2.9
2020.2658 -8.93936 -9.77057 1.5 1.3 0.9 2.8
2020.2685 -12.9065 -7.2169 5.3 1.3 0.9 2.7
2020.2712 -12.166 -9.32646 -2.2 1.3 0.9 2.8
2020.2740 -8.14593 -10.1037 2.7 1.3 0.9 2.7
2020.2767 -12.3247 -11.7691 -0.5 1.3 0.9 2.8
2020.2795 -8.67488 -7.77205 4.8 1.3 0.9 2.7
2020.2822 -12.9594 -11.7691 3.1 1.3 0.9 2.9
2020.2849 -9.20384 -10.6588 0.9 1.4 0.9 2.9
2020.2877 -7.2996 -10.1037 -7.8 1.3 0.9 2.9
2020.2904 -8.67488 -7.77205 9.7 1.3 0.9 2.9
2020.2932 -8.4104 -10.2147 7.7 1.3 0.9 2.9
2020.2959 -9.09805 -7.66102 6.3 1.3 0.9 2.9
2020.2986 -12.0073 -8.54925 4.8 1.3 0.9 2.9
2020.3014 -11.2139 -8.77131 5.6 1.3 0.9 2.9
2020.3041 -11.9015 -9.21543 10 1.6 1.0 3.0
2020.3068 -8.56909 -10.1037 7.4 1.3 0.9 2.9
2020.3096 -6.0301 -10.4367 10.8 1.3 0.9 2.8
2020.3123 -8.88646 -11.436 4.5 1.4 1.0 3.0
2020.3151 -9.25673 -10.8809 0.6 1.3 0.9 3.0
2020.3178 -10.4204 -10.5478 1.2 1.3 0.9 2.9
2020.3205 -10.3146 -10.8809 1.8 1.3 0.9 2.9
2020.3233 -9.09805 -9.99263 12 1.3 0.9 2.9
2020.3260 -9.30963 -10.3257 5.4 1.3 0.9 2.9
2020.3288 -7.77566 -13.9897 5.9 1.3 0.9 3.0
2020.3315 -10.7378 -12.4353 7.3 1.3 0.9 2.9
2020.3342 -11.5841 -10.5478 2.1 1.3 0.9 2.9
2020.3370 -6.40037 -8.77131 5.1 1.3 0.9 2.9
2020.3397 -8.25172 -10.1037 7.2 1.3 0.9 2.9
2020.3425 -11.4255 -11.214 0.9 1.3 0.9 3.0
2020.3452 -8.88646 -11.8801 3 1.3 1.0 3.0
2020.3479 -14.3347 -10.8809 -4.6 1.3 0.9 3.0
2020.3507 -10.2618 -9.99263 2.6 1.3 0.9 2.9
2020.3534 -7.14091 -12.6573 -4.7 1.3 0.9 3.0
2020.3562 -8.25172 -10.7698 3.1 1.3 0.9 3.1
2020.3589 -8.93936 -9.43748 -0.3 1.3 0.9 3.1
2020.3616 -9.04515 -8.21616 -3.7 1.3 0.9 2.9
2020.3644 -14.3347 -9.21543 7.4 1.3 0.9 3.0
2020.3671 -9.36252 -10.7698 5.1 1.3 0.9 3.0
2020.3699 -8.19882 -10.9919 3.8 1.3 0.9 3.0
2020.3726 -11.637 -10.1037 3.1 1.3 0.9 3.0
2020.3753 -12.0602 -9.21543 -1.8 1.3 0.9 3.0
2020.3781 -17.244 -9.54851 0.6 1.3 0.9 3.0
2020.3808 -12.3776 -7.9941 1.5 1.3 0.9 2.9
2020.3836 -8.67488 -11.547 10.6 1.3 0.9 3.0
2020.3863 -9.04515 -10.1037 4.2 1.3 0.9 3.0
2020.3890 -12.2189 -11.547 -0.6 1.3 0.9 3.1
2020.3918 -13.4884 -10.4367 -3.2 1.3 0.9 3.1
2020.3945 -17.0324 -10.6588 10.4 1.3 0.9 3.0
2020.3973 -14.4934 -10.8809 9.3 1.3 0.9 3.1
2020.4000 -10.8965 -11.8801 6.2 1.3 0.9 3.0
2020.4027 -13.1181 -8.66028 7.3 1.3 0.9 3.1
2020.4055 -12.7478 -10.8809 2.7 1.3 0.9 3.0
2020.4082 -14.8637 -10.6588 10 1.4 1.0 3.2
2020.4110 -13.7 -7.10587 -3.6 1.4 0.9 3.1
2020.4137 -14.9695 -11.214 10.5 1.3 0.9 3.1
2020.4164 -12.9065 -7.54999 14 1.3 0.9 3.0
2020.4192 -16.715 -10.8809 13.5 1.3 0.9 3.1
2020.4219 -12.2718 -10.7698 9.8 1.3 0.9 3.0
2020.4247 -14.3876 -12.3242 11.8 1.3 0.9 3.1
2020.4274 -17.4027 -10.2147 3 1.4 1.0 3.1
2020.4301 -13.2239 -9.99263 4.7 1.4 1.0 3.1
2020.4329 -14.705 -10.8809 3.3 1.4 1.0 3.2
2020.4356 -14.5463 -11.8801 0.7 1.3 1.0 3.1
2020.4384 -15.6571 -10.5478 4 1.3 1.0 3.1
2020.4411 -13.8587 -12.2132 6.8 1.3 1.0 3.1
2020.4438 -15.3926 -11.8801 0.7 1.4 1.0 3.1
2020.4466 -17.3498 -11.7691 -3.9 1.3 1.0 3.2
2020.4493 -14.1231 -12.4353 6.8 1.3 0.9 3.1
2020.4521 -17.5613 -9.77057 2.7 1.3 1.0 3.2
2020.4548 -14.1231 -8.54925 5 1.3 0.9 3.1
2020.4575 -15.7629 -10.2147 9.4 1.3 0.9 3.1
2020.4603 -14.9166 -10.8809 13.2 1.3 1.0 3.1
2020.4630 -12.1131 -9.32646 -1.5 1.3 0.9 3.0
2020.4658 -13.6471 -12.1022 -9.8 1.3 1.0 3.1
2020.4685 -15.8158 -11.436 4.8 1.3 0.9 3.1
2020.4712 -15.71 -12.4353 12.6 1.3 0.9 3.1
2020.4740 -14.2289 -11.214 5.1 1.3 0.9 3.0
2020.4767 -14.6521 -12.6573 3.5 1.3 1.0 3.1
2020.4795 -12.2189 -15.6551 3.9 1.3 1.0 3.1
2020.4822 -11.5841 -13.2125 7.5 1.3 1.0 3.2
2020.4849 -14.5992 -13.3235 11.8 1.3 1.0 3.1
2020.4877 -14.0173 -13.7676 11 1.4 1.0 3.3
2020.4904 -19.6772 -13.2125 13.4 1.3 1.0 3.2
2020.4932 -12.166 -13.9897 -2.1 1.3 1.0 3.2
2020.4959 -16.0274 -13.4345 0.5 1.4 1.0 3.3
2020.4986 -16.4505 -13.6566 -0.7 1.4 1.0 3.2
2020.5014 -16.7679 -12.6573 5.5 1.3 1.0 3.2
2020.5041 -14.3876 -14.7669 9.2 1.3 1.0 3.1
2020.5068 -15.3926 -13.4345 5.5 1.3 1.0 3.1
2020.5096 -13.9644 -16.9875 4.1 1.3 1.0 3.1
2020.5123 -15.0224 -10.9919 -0.9 1.3 1.0 3.2
2020.5151 -19.0424 -12.3242 9.8 1.3 1.0 3.2
2020.5178 -16.715 -14.3228 11.9 1.3 1.0 3.1
2020.5205 -6.92933 -16.4323 11.1 1.3 1.0 3.1
2020.5233 -17.9845 -14.3228 0.2 1.4 1.0 3.3
2020.5260 -13.0652 -14.4338 11 1.4 1.0 3.2
2020.5288 -21.4756 -12.3242 -5.5 1.3 1.0 3.1
2020.5315 -16.3976 -11.9912 17.9 1.3 1.0 3.3
2020.5342 -10.5791 -18.0978 11 1.3 1.0 3.2
2020.5370 -16.6621 -13.4345 0.3 1.3 1.0 3.2
2020.5397 -13.9644 -15.7662 4.7 1.3 1.0 3.2
2020.5425 -14.9695 -11.1029 8.5 1.3 1.0 3.2
2020.5452 -20.6293 -13.5456 10.1 1.3 1.0 3.2
2020.5479 -10.6849 -17.3206 9 1.3 1.0 3.2
2020.5507 -13.9644 -14.9889 3.7 1.3 1.0 3.2
2020.5534 -13.7 -16.3213 11.3 1.3 1.0 3.2
2020.5562 -17.5084 -14.3228 7.3 1.4 1.1 3.2
2020.5589 -16.2919 -15.4331 10.1 1.3 1.1 3.2
2020.5616 -16.239 -17.2095 0.5 1.3 1.0 3.1
2020.5644 -16.239 -12.9904 8.7 1.4 1.0 3.2
2020.5671 -16.4505 -15.211 13.7 1.3 1.0 3.1
2020.5699 -15.8158 -14.1007 8.7 1.3 1.0 3.2
2020.5726 -16.8737 -15.8772 7.2 1.3 1.0 3.2
2020.5753 -16.6092 -13.8787 3.1 1.4 1.1 3.4
2020.5781 -11.3726 -15.322 8.6 1.3 1.0 3.1
2020.5808 -18.1432 -15.1 8.6 1.3 1.0 3.1
2020.5836 -9.99727 -10.6588 6 1.3 1.0 3.2
2020.5863 -15.1281 -12.2132 5.1 1.3 1.0 3.2
2020.5890 -13.2768 -13.2125 1.8 1.4 1.0 3.2
2020.5918 -16.3447 -12.2132 2.3 1.4 1.0 3.1
2020.5945 -11.5312 -16.0992 8 1.3 1.0 3.2
2020.5973 -15.3397 -12.9904 6.6 1.4 1.0 3.3
2020.6000 -19.8888 -10.3257 8.8 1.4 1.1 3.3
2020.6027 -11.1081 -10.3257 2.3 1.4 1.1 3.2
2020.6055 -17.4556 -13.1014 2.1 1.3 1.0 3.2
2020.6082 -15.6571 -12.7684 0.3 1.3 1.0 3.2
2020.6110 -15.4455 -12.3242 4.8 1.3 1.0 3.2
2020.6137 -19.9945 -16.5434 14.4 1.3 1.0 3.4
2020.6164 -13.4884 -13.7676 2.5 1.4 1.0 3.2
2020.6192 -16.239 -13.3235 6.4 1.3 1.0 3.2
2020.6219 -14.3347 -12.9904 6 1.3 1.0 3.1
2020.6247 -15.6042 -15.6551 7.3 1.3 1.0 3.2
2020.6274 -12.5363 -15.322 9.1 1.3 1.0 3.2
2020.6301 -17.2969 -12.2132 4.2 1.3 1.0 3.2
2020.6329 -13.9644 -12.8794 -0.9 1.3 1.0 3.2
2020.6356 -9.627 -17.3206 3.4 1.3 1.0 3.1
2020.6384 -14.9166 -16.2103 11.6 1.3 1.0 3.2
2020.6411 -15.8687 -18.4309 15.9 1.4 1.1 3.3
2020.6438 -16.4505 -14.3228 11.5 1.3 1.0 3.1
2020.6466 -16.1861 -14.1007 12.6 1.3 1.0 3.1
2020.6493 -16.715 -19.6522 13.3 1.3 1.0 3.2
2020.6521 -14.7579 -12.8794 5.7 1.3 1.0 3.2
2020.6548 -16.0803 -19.6522 7.5 1.3 1.0 3.1
2020.6575 -18.725 -16.8764 5.1 1.3 1.0 3.1
2020.6603 -21.264 -14.3228 12.2 1.3 1.0 3.1
2020.6630 -17.8258 -14.7669 12.8 1.3 1.0 3.1
2020.6658 -13.5942 -17.0985 7.9 1.3 1.0 3.2
2020.6685 -18.3548 -18.0978 7.6 1.4 1.0 3.2
2020.6712 -16.5034 -16.3213 12.1 1.4 1.0 3.1
2020.6740 -16.9266 -17.6536 7.8 1.3 1.0 3.1
2020.6767 -17.244 -14.1007 3.6 1.3 1.0 3.1
2020.6795 -17.2969 -12.4353 2.1 1.4 1.0 3.2
2020.6822 -19.254 -16.3213 1.5 1.4 1.0 3.2
2020.6849 -21.5285 -16.2103 3.5 1.4 1.0 3.2
2020.6877 -13.8587 -19.097 9.6 1.4 1.0 3.2
2020.6904 -17.9845 -16.0992 16.3 1.4 1.0 3.1
2020.6932 -25.0196 -15.7662 11.3 1.4 1.0 3.2
2020.6959 -17.4027 -18.3198 8.8 1.4 1.0 3.2
2020.6986 -17.4556 -17.6536 2.8 1.5 1.1 3.3
2020.7014 -17.9845 -16.9875 8.7 1.4 1.0 3.2
2020.7041 -19.3069 -16.2103 1.3 1.4 1.0 3.2
2020.7068 -16.2919 -13.7676 10.4 1.4 1.0 3.1
2020.7096 -22.1633 -15.6551 14.8 1.5 1.0 3.4
2020.7123 -20.7351 -12.3242 11.5 1.6 1.0 3.4
2020.7151 -22.3219 -15.8772 3.1 1.5 1.0 3.2
2020.7178 -17.3498 -16.3213 5.5 1.5 1.0 3.2
2020.7205 -17.8258 -16.6544 3.1 1.5 1.0 3.1
2020.7233 -18.7779 -15.322 -2.8 1.4 1.0 3.1
2020.7260 -23.9088 -17.3206 13.8 1.4 1.0 3.1
2020.7288 -21.5814 -17.0985 16.5 1.4 1.0 3.2
2020.7315 -20.259 -15.7662 14.3 1.4 1.0 3.2
2020.7342 -20.2061 -16.7654 17.8 1.4 1.0 3.1
2020.7370 -22.8509 -16.6544 8.5 1.4 1.0 3.1
2020.7397 -20.788 -17.9867 15.9 1.4 1.0 3.0
2020.7425 -18.725 -18.0978 13 1.4 1.0 3.1
2020.7452 -16.1861 -18.7639 20.5 1.4 0.9 3.0
2020.7479 -15.5513 -17.3206 12.9 1.4 1.0 3.1
2020.7507 -18.6722 -18.2088 23.3 1.4 1.0 3.1
2020.7534 -20.3648 -17.6536 18.7 1.4 1.0 3.1
2020.7562 -21.6872 -17.8757 13.9 1.4 1.0 3.2
2020.7589 -17.5084 -19.4301 21.6 1.4 1.0 3.1
2020.7616 -17.9845 -19.8742 24.9 1.4 1.0 3.0
2020.7644 -16.6092 -21.2066 11.3 1.3 0.9 3.0
2020.7671 -24.808 -20.5404 18.6 1.3 0.9 2.9
2020.7699 -22.5864 -19.4301 21.7 1.4 1.0 3.0
2020.7726 -17.1382 -19.5411 14.7 1.4 1.0 3.1
2020.7753 -18.3019 -18.5419 31.2 1.3 0.9 3.0
2020.7781 -15.3926 -19.097 26.5 1.3 0.9 3.0
2020.7808 -22.3748 -19.2081 25.1 1.4 0.9 3.0
2020.7836 -23.3799 -18.5419 24.6 1.3 1.0 3.0
2020.7863 -21.1054 -17.5426 17.1 1.3 0.9 3.0
2020.7890 -20.259 -18.3198 20.9 1.3 0.9 3.0
2020.7918 -18.4077 -18.986 18.1 1.3 0.9 3.0
2020.7945 -20.5764 -18.2088 23.6 1.3 0.9 3.0
2020.7973 -19.3598 -18.875 22.3 1.4 0.9 3.0
2020.8000 -23.6443 -17.4316 16.9 1.3 0.9 3.0
2020.8027 -21.8459 -18.7639 13.7 1.3 0.9 2.9
2020.8055 -16.3976 -22.3169 18.2 1.4 0.9 3.0
2020.8082 -20.9996 -19.4301 16.2 1.3 0.9 2.9
2020.8110 -23.3799 -17.4316 19.9 1.3 1.0 3.0
2020.8137 -19.6772 -19.2081 11.3 1.4 1.0 3.0
2020.8164 -20.5235 -17.5426 11.3 1.4 0.9 2.9
2020.8192 -20.788 -19.5411 18.1 1.3 0.9 3.0
2020.8219 -27.5057 -24.4264 32.7 1.4 1.0 3.2
2020.8247 -20.1532 -20.2073 17.6 1.3 0.9 3.0
2020.8274 -23.5914 -16.9875 12.6 1.3 1.0 2.9
2020.8301 -24.9138 -16.9875 12 1.3 0.9 2.8
2020.8329 -21.9517 -16.4323 14.5 1.3 0.9 2.8
2020.8356 -23.3799 -18.7639 16.9 1.2 0.9 2.8
2020.8384 -23.1154 -15.5441 9.1 1.3 0.9 2.8
2020.8411 -20.6822 -16.3213 9.1 1.2 0.9 2.7
2020.8438 -20.259 -16.8764 10.7 1.2 0.9 2.8
2020.8466 -22.5335 -16.5434 15.6 1.3 0.9 2.9
2020.8493 -20.8409 -17.7647 16 1.3 0.9 2.8
2020.8521 -21.8988 -18.7639 16.1 1.2 0.9 2.8
2020.8548 -20.6822 -17.9867 17.9 1.3 0.9 2.7
2020.8575 -20.9996 -23.8713 10.2 1.3 0.9 2.9
2020.8603 -21.3698 -16.6544 15.1 1.4 0.9 3.0
2020.8630 -21.2111 -15.5441 18.9 1.3 0.9 2.9
2020.8658 -16.7679 -18.6529 25.4 1.3 0.9 2.9
2020.8685 -18.5664 -20.3183 24 1.4 0.9 3.1
2020.8712 -25.5486 -17.5426 31.1 1.4 0.9 3.0
2020.8740 -27.2941 -18.5419 19.9 1.3 0.9 2.8
2020.8767 -23.9617 -18.5419 18.9 1.3 0.9 2.8
2020.8795 -24.2791 -19.2081 14.4 1.3 0.9 2.8
2020.8822 -22.6393 -21.4286 11.9 1.3 0.9 2.8
2020.8849 -22.5335 -18.875 11 1.3 0.9 2.9
2020.8877 -19.8359 -19.2081 22.1 1.2 0.9 2.8
2020.8904 -23.803 -19.2081 21.5 1.3 0.9 3.0
2020.8932 -18.5135 -20.3183 19.7 1.3 0.9 2.9
2020.8959 -21.4227 -19.8742 16.9 1.4 0.9 2.9
2020.8986 -24.6494 -19.097 17.8 1.3 1.0 3.0
2020.9014 -21.8988 -18.4309 13.9 1.3 0.9 2.9
2020.9041 -23.6443 -17.2095 22 1.3 0.9 2.8
2020.9068 -24.6494 -18.4309 21.7 1.4 0.9 3.0
2020.9096 -21.6872 -18.2088 14.3 1.3 0.9 2.9
2020.9123 -23.9088 -21.6507 19.1 1.4 0.9 3.0
2020.9151 -24.0146 -19.2081 23.7 1.4 1.0 3.0
2020.9178 -22.5335 -18.5419 20.3 1.3 0.9 2.9
2020.9205 -24.2791 -19.7632 22.9 1.3 0.9 3.0
2020.9233 -24.808 -21.8728 16.9 1.4 0.9 3.0
2020.9260 -22.2162 -20.8735 11.7 1.3 0.9 2.8
2020.9288 -27.5586 -19.3191 6.3 1.2 0.9 2.8
2020.9315 -22.798 -20.4294 5.1 1.2 0.9 2.8
2020.9342 -21.7401 -19.2081 12.8 1.2 0.9 2.8
2020.9370 -20.1532 -20.4294 19.8 1.2 0.9 2.8
2020.9397 -24.5965 -19.097 10.3 1.3 0.9 2.9
2020.9425 -24.2262 -19.4301 12.8 1.3 0.9 2.9
2020.9452 -25.9717 -19.3191 5.6 1.2 0.9 2.8
2020.9479 -20.5764 -19.2081 13.2 1.3 0.9 2.8
2020.9507 -23.7501 -19.3191 8.7 1.2 0.9 2.7
2020.9534 -26.342 -20.6514 7.8 1.2 0.9 2.7
2020.9562 -21.264 -20.2073 15.5 1.2 0.9 2.8
2020.9589 -26.9239 -22.4279 14.3 1.2 0.9 2.8
2020.9616 -20.3119 -20.0963 13.1 1.2 0.9 2.8
2020.9644 -21.2111 -20.9845 13.2 1.3 0.9 2.8
2020.9671 -21.5814 -21.8728 11.1 1.2 0.9 2.8
2020.9699 -23.0096 -19.5411 10.2 1.3 0.9 2.9
2020.9726 -20.4706 -19.4301 1.9 1.3 0.9 2.9
2020.9753 -21.3698 -20.9845 0.5 1.3 0.9 2.9
2020.9781 -18.0374 -22.761 0.1 1.3 1.0 3.1
2020.9808 -26.2891 -24.2044 29.9 1.4 1.0 3.2
2020.9836 -23.803 -21.5397 14.9 1.3 0.9 3.1
2020.9863 -21.3698 -22.65 17.9 1.3 0.9 2.9
2020.9890 -20.9467 -22.5389 15.9 1.2 0.9 2.8
2020.9918 -20.5235 -21.7617 16.9 1.2 0.9 2.8
2020.9945 -21.8988 -19.9853 21.2 1.3 1.0 3.0
2020.9973 -23.2212 -22.0948 18.2 1.3 0.9 2.9
2021.0000 -23.1154 -23.2051 20.9 1.3 0.9 2.8
2021.0027 -23.6443 -23.6492 14.4 1.2 0.9 2.8
2021.0027 -19.1482 -24.0933 19.5 1.2 0.9 2.8
2021.0055 -20.2061 -22.2058 22.8 1.2 0.9 2.8
2021.0082 -24.0146 -21.4286 19.3 1.2 0.9 2.7
2021.0110 -23.6443 -24.3154 15.5 1.2 0.9 2.7
2021.0137 -24.7551 -24.7595 16.4 1.2 0.9 2.8
2021.0164 -22.1633 -22.4279 16.8 1.3 0.9 2.8
2021.0192 -20.2061 -23.2051 22.5 1.3 1.0 3.0
2021.0219 -21.0525 -22.4279 18.8 1.3 1.0 2.9
2021.0247 -27.1883 -21.4286 14.9 1.3 0.9 2.8
2021.0274 -25.0725 -23.0941 13.7 1.3 1.0 2.9
2021.0301 -25.4428 -24.2044 18.9 1.3 1.0 3.0
2021.0329 -20.788 -24.6485 11.3 1.3 0.9 2.8
2021.0356 -22.4806 -20.7625 4.1 1.2 0.9 2.8
2021.0384 -26.1304 -22.5389 8 1.2 0.9 2.8
2021.0411 -28.2992 -23.2051 4.5 1.3 0.9 2.9
2021.0438 -27.1355 -22.0948 15.8 1.3 0.9 2.8
2021.0466 -23.7501 -25.0926 23 1.3 0.9 2.9
2021.0493 -22.6922 -20.5404 19.7 1.3 1.0 3.1
2021.0521 -21.7401 -21.6507 22.8 1.3 1.0 3.0
2021.0548 -21.1582 -22.4279 5.5 1.3 1.0 3.1
2021.0575 -23.0096 -21.8728 9.9 1.3 1.0 2.9
2021.0603 -23.5385 -22.9831 15.5 1.3 1.0 3.0
2021.0630 -22.6393 -22.761 19.2 1.3 1.0 2.9
2021.0658 -23.2741 -20.2073 22.8 1.3 1.0 3.0
2021.0685 -23.2212 -20.7625 14.3 1.3 1.0 2.9
2021.0712 -25.0196 -21.4286 17.3 1.2 0.9 2.8
2021.0740 -25.9189 -22.5389 7.8 1.2 0.9 2.8
2021.0767 -25.2312 -22.65 11.7 1.2 0.9 2.8
2021.0795 -21.5285 -20.7625 18.6 1.2 0.9 2.8
2021.0822 -24.1204 -21.0956 13.4 1.2 0.9 2.8
2021.0849 -24.6494 -24.4264 8.8 1.2 0.9 2.8
2021.0877 -24.5436 -23.7603 11.9 1.2 0.9 2.8
2021.0904 -26.1833 -22.3169 8.9 1.2 0.9 2.8
2021.0932 -24.1204 -22.2058 7 1.2 0.9 2.8
2021.0959 -22.5864 -18.4309 7.2 1.2 1.0 2.9
2021.0986 -25.2841 -23.0941 3.8 1.2 1.0 2.8
2021.1014 -25.337 -24.7595 2.4 1.2 0.9 2.8
2021.1041 -26.2362 -25.2036 3.6 1.2 0.9 2.8
2021.1068 -25.866 -24.9816 -3.7 1.2 0.9 2.8
2021.1096 -25.9717 -20.5404 5.6 1.2 0.9 2.8
2021.1123 -29.5158 -19.8742 17.5 1.2 0.9 2.7
2021.1151 -27.0297 -20.5404 17.2 1.2 0.9 2.8
2021.1178 -23.5914 -23.0941 7.1 1.2 0.9 2.8
2021.1205 -25.1783 -23.7603 10.1 1.2 0.9 2.8
2021.1233 -26.4478 -22.0948 9.4 1.2 0.9 2.8
2021.1260 -27.5586 -19.2081 13.2 1.2 0.9 2.7
2021.1288 -30.3621 -20.3183 14.8 1.2 0.9 2.8
2021.1315 -27.7173 -21.8728 22.1 1.2 0.9 2.8
2021.1342 -25.8131 -22.5389 15.6 1.3 0.9 2.9
2021.1370 -28.9339 -21.5397 14.9 1.3 0.9 2.9
2021.1397 -26.9239 -20.2073 10.4 1.3 0.9 2.7
2021.1425 -27.5057 -20.9845 20 1.2 0.9 2.7
2021.1452 -26.5536 -21.3176 17.8 1.2 0.9 2.7
2021.1479 -26.342 -21.5397 7.4 1.2 0.9 2.7
2021.1507 -27.1355 -21.6507 1.7 1.2 0.9 2.8
2021.1534 -27.2941 -19.9853 -11.1 1.3 1.0 2.9
2021.1562 -24.1733 -18.6529 4.8 1.2 1.0 2.8
2021.1589 -26.342 -19.5411 10.6 1.3 1.0 2.9
2021.1616 -23.4857 -18.875 17.5 1.2 1.0 2.9
2021.1644 -24.7023 -21.2066 10.3 1.3 1.0 2.9
2021.1671 -28.4049 -21.2066 7.7 1.2 0.9 2.8
2021.1699 -26.4478 -19.2081 14.4 1.2 0.9 2.7
2021.1726 -28.0347 -19.7632 13.3 1.2 0.9 2.7
2021.1753 -25.7073 -19.097 16.5 1.3 0.9 2.8
2021.1781 -25.7602 -20.9845 16.7 1.3 0.9 2.9
2021.1808 -25.1783 -19.3191 4.1 1.3 0.9 2.9
2021.1836 -29.3042 -18.3198 7.2 1.3 1.0 3.0
2021.1863 -27.5586 -20.0963 3.9 1.2 0.9 2.8
2021.1890 -23.4857 -22.5389 5.9 1.3 0.9 2.9
2021.1918 -25.7602 -20.3183 10.8 1.2 0.9 2.8
2021.1945 -21.9517 -21.3176 6.2 1.2 0.9 2.8
2021.1973 -25.5486 -19.8742 8 1.3 0.9 2.8
2021.2000 -28.5636 -20.7625 14.9 1.2 0.9 2.8
2021.2027 -28.0347 -21.4286 14.4 1.2 0.9 2.8
2021.2055 -25.8131 -20.3183 13.5 1.2 0.9 2.8
2021.2082 -28.1405 -22.872 14.3 1.2 0.9 2.8
2021.2110 -22.4806 -22.0948 9.9 1.2 0.9 2.9
2021.2137 -26.1833 -19.7632 2.6 1.3 0.9 2.9
2021.2164 -23.7501 -22.3169 6.2 1.3 1.0 2.9
2021.2192 -22.798 -19.7632 12.5 1.2 0.9 2.8
2021.2219 -28.5636 -19.097 5.5 1.2 0.9 2.7
2021.2247 -23.6972 -21.3176 9 1.3 0.9 2.8
2021.2274 -20.1532 -20.7625 2.9 1.2 0.9 2.8
2021.2301 -21.6872 -22.9831 5.2 1.3 0.9 2.8
2021.2329 -24.2791 -20.6514 0.6 1.3 0.9 2.8
2021.2356 -24.0675 -21.7617 7.1 1.3 0.9 2.8
2021.2384 -20.8409 -21.8728 4.1 1.2 0.9 2.8
2021.2411 -21.6872 -23.4272 1.8 1.2 0.9 2.8
2021.2438 -21.2111 -24.0933 -1.7 1.3 0.9 2.9
2021.2466 -25.0725 -21.4286 11.4 1.3 0.9 2.9
2021.2493 -24.1733 -23.2051 3.3 1.4 0.9 3.0
2021.2521 -24.7551 -19.6522 3.2 1.3 0.9 2.8
2021.2548 -20.9996 -22.5389 3.1 1.3 0.9 2.9
2021.2575 -20.1532 -20.3183 7.1 1.3 0.9 3.0
2021.2603 -24.9667 -21.5397 8.6 1.3 0.9 2.9
2021.2630 -23.9088 -20.7625 10.5 1.2 0.9 2.9
2021.2658 -19.9416 -19.6522 -3 1.4 0.9 2.9
2021.2685 -20.1532 -21.0956 4.8 1.3 1.0 3.0
2021.2712 -26.0775 -22.0948 3 1.3 0.9 2.9
2021.2740 -23.7501 -21.8728 8.1 1.2 0.9 2.8
2021.2767 -21.6343 -18.875 6.3 1.3 0.9 2.9
2021.2795 -20.9467 -23.2051 11.5 1.3 1.0 3.0
2021.2822 -25.2841 -22.9831 7.5 1.4 1.0 3.1
2021.2849 -22.798 -26.0919 8.4 1.4 1.0 3.2
2021.2877 -24.9667 -20.7625 -1.9 1.4 1.0 3.2
2021.2904 -25.8131 -23.6492 5.9 1.3 1.0 3.1
2021.2932 -21.5814 -22.3169 1.5 1.4 1.1 3.2
2021.2959 -23.6972 -22.5389 2.5 1.4 1.0 3.1
2021.2986 -20.6822 -24.5375 11.9 1.5 1.1 3.2
2021.3014 -23.1683 -18.4309 -0.1 1.4 1.0 3.2
2021.3041 -23.5914 -18.986 -0.5 1.3 1.0 3.1
2021.3068 -29.9389 -21.4286 6.3 1.4 1.0 3.2
2021.3096 -22.8509 -22.5389 2.5 1.3 1.0 3.2
2021.3123 -24.2262 -21.4286 7.2 1.3 0.9 3.0
2021.3151 -24.1733 -22.3169 5.9 1.4 1.0 3.1
2021.3178 -26.871 -21.5397 0.7 1.3 1.0 3.0
2021.3205 -28.5107 -24.3154 7.3 1.3 0.9 3.1
2021.3233 -23.0096 -24.6485 0.5 1.3 0.9 3.1
2021.3260 -24.3849 -23.4272 11.6 1.3 0.9 3.0
2021.3288 -24.2791 -22.872 -0.3 1.3 0.9 3.0
2021.3315 -26.5536 -24.0933 2.1 1.3 1.0 3.1
2021.3342 -26.4478 -24.3154 2.2 1.3 0.9 3.1
2021.3370 -29.7273 -25.0926 4.6 1.3 1.0 3.1
2021.3397 -21.9517 -23.2051 6.1 1.4 1.0 3.2
2021.3425 -26.2362 -22.9831 5.2 1.4 1.0 3.1
2021.3452 -26.1833 -22.4279 3.5 1.3 1.0 3.1
2021.3479 -25.337 -24.6485 -4.3 1.3 1.0 3.1
2021.3507 -24.6494 -24.8705 3.6 1.3 1.0 3.1
2021.3534 -22.0575 -24.0933 1.1 1.3 1.0 3.1
2021.3562 -26.0775 -23.5382 -0.7 1.3 1.0 3.2
2021.3589 -28.1405 -24.2044 11.7 1.3 1.0 3.1
2021.3616 -28.4578 -28.3125 -7 1.6 1.1 3.4
2021.3644 -29.1455 -27.5352 -3.3 1.3 1.0 3.1
2021.3671 -31.6316 -25.5367 7.9 1.3 1.0 3.1
2021.3699 -26.6065 -23.3161 -2.1 1.3 1.0 3.1
2021.3726 -27.7173 -23.0941 4.6 1.3 1.0 3.1
2021.3753 -27.6115 -26.758 1.4 1.3 1.0 3.1
2021.3781 -27.9289 -26.536 3.9 1.3 1.0 3.1
2021.3808 -28.7223 -24.2044 2.9 1.3 1.0 3.2
2021.3836 -25.1254 -24.5375 -3.3 1.6 1.1 3.5
2021.3863 -27.7173 -24.4264 -2.1 1.4 1.1 3.3
2021.3890 -26.3949 -25.2036 -0.3 1.3 1.1 3.3
2021.3918 -26.6065 -23.8713 2.2 1.3 1.0 3.2
2021.3945 -30.2034 -23.0941 -4.4 1.3 1.0 3.2
2021.3973 -30.9439 -21.8728 -1.2 1.3 1.0 3.2
2021.4000 -29.3571 -23.5382 -3.3 1.3 1.0 3.1
2021.4027 -27.9818 -25.5367 2.3 1.4 1.1 3.3
2021.4055 -27.6115 -25.2036 9.8 1.3 1.0 3.2
2021.4082 -32.7953 -25.9808 2 1.3 1.0 3.1
2021.4110 -32.1605 -24.7595 8.7 1.3 1.0 3.2
2021.4137 -32.0547 -22.9831 6.1 1.3 1.0 3.2
2021.4164 -30.891 -23.8713 -0.1 1.3 1.0 3.2
2021.4192 -30.3092 -19.9853 5.9 1.3 1.0 3.2
2021.4219 -34.2764 -23.7603 4.5 1.3 1.0 3.3
2021.4247 -33.2184 -25.0926 4.1 1.3 1.0 3.2
2021.4274 -32.3192 -23.9823 0.5 1.3 1.0 3.3
2021.4301 -32.5308 -25.7588 8.1 1.3 1.0 3.3
2021.4329 -30.8381 -22.761 -3.8 1.3 1.0 3.3
2021.4356 -31.8961 -23.4272 -4.3 1.3 1.0 3.3
2021.4384 -34.7524 -24.6485 5.9 1.3 1.0 3.2
2021.4411 -33.0069 -20.2073 5.2 1.4 1.0 3.3
2021.4438 -30.2563 -22.872 -4.9 1.4 1.1 3.4
2021.4466 -29.7802 -22.761 -6 1.4 1.1 3.4
2021.4493 -31.3671 -23.0941 1.7 1.3 1.1 3.3
2021.4521 -31.4729 -24.2044 -1.2 1.3 1.1 3.4
2021.4548 -30.0976 -27.3132 14.4 1.3 1.0 3.4
2021.4575 -31.42 -24.8705 7 1.4 1.0 3.4
2021.4603 -30.4679 -26.9801 4.5 1.3 1.0 3.3
2021.4630 -33.0598 -24.7595 -2.1 1.3 1.0 3.3
2021.4658 -36.6567 -25.3147 4.5 1.3 1.0 3.3
2021.4685 -34.8582 -26.3139 -7.6 1.3 1.0 3.2
2021.4712 -36.0219 -25.0926 12.3 1.3 1.0 3.4
2021.4740 -34.7524 -29.4227 11 1.3 1.1 3.4
2021.4767 -32.4779 -24.2044 8.4 1.3 1.1 3.4
2021.4795 -34.5408 -27.4242 15.1 1.3 1.1 3.4
2021.4822 -34.4879 -29.7558 2.5 1.3 1.0 3.3
2021.4849 -35.0169 -23.7603 3.3 1.3 1.1 3.4
2021.4877 -32.1605 -25.0926 0.4 1.3 1.1 3.3
2021.4904 -31.0497 -27.9794 14 1.3 1.1 3.4
2021.4932 -32.425 -24.2044 -7.9 1.3 1.1 3.4
2021.4959 -35.969 -22.65 0.3 1.4 1.1 3.4
2021.4986 -33.8532 -24.8705 13 1.3 1.1 3.4
2021.5014 -31.6845 -25.0926 13.9 1.3 1.1 3.4
2021.5041 -34.1706 -24.2044 7.3 1.3 1.1 3.4
2021.5068 -30.3621 -23.8713 2 1.3 1.1 3.4
2021.5096 -33.3771 -26.2029 3.9 1.3 1.1 3.3
2021.5123 -35.2814 -23.8713 8.5 1.4 1.1 3.4
2021.5151 -32.6895 -24.4264 7.7 1.4 1.1 3.4
2021.5178 -34.0119 -24.5375 9.7 1.3 1.1 3.4
2021.5205 -33.7474 -27.5352 3.8 1.4 1.1 3.4
2021.5233 -32.2663 -27.3132 -2.1 1.3 1.1 3.3
2021.5260 -31.8432 -30.7551 4.8 1.3 1.1 3.4
2021.5288 -29.6744 -27.3132 11.7 1.3 1.1 3.3
2021.5315 -32.1076 -24.0933 5.8 1.3 1.1 3.3
2021.5342 -28.9339 -28.5345 5.7 1.3 1.1 3.3
2021.5370 -30.2563 -26.536 -7 1.4 1.1 3.5
2021.5397 -33.6416 -26.425 -4.1 1.5 1.2 3.6
2021.5425 -34.9111 -26.425 6.7 1.4 1.1 3.6
2021.5452 -37.1856 -29.6448 14.3 1.5 1.1 3.6
2021.5479 -32.425 -27.9794 11.1 1.3 1.1 3.4
2021.5507 -32.5308 -26.0919 5.6 1.3 1.1 3.3
2021.5534 -34.8053 -30.2 -0.3 1.3 1.1 3.5
2021.5562 -33.4829 -31.7544 4.4 1.5 1.2 3.5
2021.5589 -32.425 -29.8669 -2.3 1.4 1.2 3.4
2021.5616 -31.3671 -28.0904 10.6 1.3 1.1 3.4
2021.5644 -33.0598 -23.2051 2.9 1.3 1.1 3.5
2021.5671 -34.2764 -25.4257 0.8 1.3 1.1 3.4
2021.5699 -28.9868 -29.8669 -3.1 1.3 1.1 3.4
2021.5726 -36.3393 -28.9786 -1.7 1.4 1.1 3.5
2021.5753 -32.7953 -26.8691 1.6 1.3 1.1 3.3
2021.5781 -33.3771 -25.6478 0.5 1.3 1.1 3.3
2021.5808 -30.5737 -22.761 3.7 1.3 1.1 3.5
2021.5836 -28.7223 -26.9801 -7 1.3 1.1 3.4
2021.5863 -34.4879 -27.5352 4 1.4 1.1 3.5
2021.5890 -39.1428 -25.2036 3.4 1.4 1.1 3.5
2021.5918 -35.5987 -29.9779 12.7 1.3 1.1 3.4
2021.5945 -34.2764 -26.9801 13.4 1.4 1.1 3.4
2021.5973 -30.7852 -28.0904 4.8 1.4 1.1 3.5
2021.6000 -32.2134 -28.3125 -8.8 1.4 1.1 3.5
2021.6027 -33.2184 -32.1985 8.1 1.4 1.1 3.5
2021.6055 -37.3443 -32.4205 16.2 1.4 1.1 3.4
2021.6082 -29.0926 -28.5345 0.1 1.3 1.1 3.4
2021.6110 -33.8532 -29.7558 10.8 1.3 1.1 3.3
2021.6137 -29.6215 -29.3117 2.5 1.4 1.1 3.4
2021.6164 -34.3293 -30.2 -1.8 1.3 1.1 3.4
2021.6192 -36.1806 -28.7566 9.2 1.4 1.1 3.4
2021.6219 -36.8153 -28.2014 -1 1.3 1.1 3.3
2021.6247 -32.7953 -27.6463 13.4 1.3 1.1 3.3
2021.6274 -30.4679 -27.7573 6.4 1.4 1.1 3.4
2021.6301 -32.7953 -27.7573 8.7 1.4 1.1 3.4
2021.6329 -31.949 -28.2014 6.3 1.4 1.1 3.4
2021.6356 -29.6744 -30.7551 4.4 1.4 1.1 3.4
2021.6384 -35.3343 -33.5308 12.9 1.4 1.2 3.5
2021.6411 -29.9918 -30.2 -3.8 1.4 1.1 3.4
2021.6438 -30.3092 -27.8683 12.7 1.4 1.1 3.5
2021.6466 -33.5887 -33.5308 12.5 1.4 1.1 3.5
2021.6493 -33.6945 -27.9794 8.4 1.4 1.1 3.4
2021.6521 -34.0648 -26.9801 4.7 1.4 1.1 3.5
2021.6548 -33.8003 -29.5338 3.6 1.4 1.1 3.5
2021.6575 -33.6945 -29.0897 5.3 1.4 1.1 3.4
2021.6603 -32.6366 -29.3117 13.5 1.4 1.1 3.4
2021.6630 -37.6088 -29.4227 11.7 1.4 1.1 3.4
2021.6658 -40.9412 -29.4227 8.4 1.4 1.1 3.4
2021.6685 -34.4879 -27.3132 6.4 1.4 1.1 3.3
2021.6712 -32.0547 -31.3102 8.8 1.4 1.1 3.5
2021.6740 -32.2134 -29.7558 14 1.6 1.1 3.6
2021.6767 -37.6088 -28.9786 4.4 1.6 1.1 3.7
2021.6795 -42.4752 -28.6455 13.3 1.5 1.1 3.5
2021.6822 -34.1177 -28.2014 11.3 1.4 1.1 3.4
2021.6849 -32.5837 -28.7566 7.6 1.4 1.1 3.4
2021.6877 -33.1656 -28.2014 9.1 1.4 1.1 3.5
2021.6904 -38.3493 -30.2 8.2 1.4 1.1 3.3
2021.6932 -38.4551 -29.8669 19.2 1.4 1.1 3.4
2021.6959 -39.8833 -30.8661 8.9 1.4 1.1 3.4
2021.6986 -32.5837 -28.7566 19.3 1.4 1.1 3.4
2021.7014 -36.974 -31.3102 21 1.5 1.1 3.5
2021.7041 -37.6088 -33.3088 6.9 1.4 1.1 3.3
2021.7068 -33.959 -29.3117 11.3 1.4 1.1 3.4
2021.7096 -34.3293 -28.2014 17.8 1.4 1.1 3.4
2021.7123 -31.7903 -30.311 13.8 1.4 1.1 3.4
2021.7151 -32.1076 -28.2014 17.3 1.4 1.1 3.3
2021.7178 -30.7852 -28.3125 10.3 1.4 1.0 3.4
2021.7205 -37.2914 -29.2007 9.6 1.4 1.1 3.3
2021.7233 -32.7953 -30.533 19.3 1.4 1.1 3.4
2021.7260 -34.8582 -33.7529 14.7 1.4 1.0 3.2
2021.7288 -36.0219 -30.6441 12.1 1.4 1.0 3.3
2021.7315 -34.3822 -27.6463 12.6 1.5 1.2 3.6
2021.7342 -30.9968 -31.3102 16.2 1.4 1.1 3.3
2021.7370 -35.1756 -29.0897 12.1 1.4 1.0 3.2
2021.7397 -32.6895 -33.7529 11.1 1.3 1.0 3.1
2021.7425 -32.3721 -31.7544 18.9 1.3 1.0 3.2
2021.7452 -32.954 -31.8654 14.3 1.3 1.0 3.2
2021.7479 -31.3671 -30.2 15 1.3 1.0 3.1
2021.7507 -33.1127 -28.6455 26.1 1.4 1.0 3.3
2021.7534 -33.43 -30.9772 17.7 1.4 1.0 3.3
2021.7562 -32.1076 -31.7544 10.2 1.3 1.0 3.1
2021.7589 -29.5158 -29.2007 10.4 1.3 1.0 3.2
2021.7616 -30.0976 -29.2007 16.1 1.4 1.0 3.2
2021.7644 -31.8432 -31.5323 23 1.4 1.0 3.2
2021.7671 -31.7374 -31.5323 22.1 1.4 1.0 3.3
2021.7699 -30.7324 -31.8654 15.3 1.4 1.0 3.2
2021.7726 -34.0648 -35.8624 17.3 1.4 1.0 3.2
2021.7753 -33.0598 -29.2007 17 1.4 1.1 3.3
2021.7781 -34.0119 -31.5323 18 1.4 1.0 3.3
2021.7808 -32.954 -30.6441 22.1 1.8 1.2 3.6
2021.7836 -32.1076 -30.8661 14.2 1.4 1.0 3.1
2021.7863 -32.2134 -30.9772 16.8 1.3 1.0 3.2
2021.7890 -39.9891 -31.6433 17.5 1.4 1.0 3.2
2021.7918 -36.6038 -30.2 16.3 1.4 1.0 3.2
2021.7945 -29.5686 -28.7566 17.7 1.3 1.0 3.1
2021.7973 -33.6945 -30.6441 19.3 1.4 1.0 3.2
2021.8000 -32.7424 -30.422 16.9 1.4 1.0 3.2
2021.8027 -35.2285 -35.6404 20.6 1.4 1.1 3.4
2021.8055 -33.959 -32.8647 19.6 1.4 1.1 3.4
2021.8082 -34.1706 -32.5316 19.5 1.4 1.0 3.1
2021.8110 -33.0598 -31.0882 23.6 1.4 1.0 3.1
2021.8137 -31.1026 -32.8647 19.7 1.4 1.1 3.3
2021.8164 -33.0598 -33.5308 13 1.4 1.0 3.2
2021.8192 -36.1806 -30.6441 18.9 1.3 1.0 3.1
2021.8219 -34.964 -33.7529 15.9 1.4 1.0 3.3
2021.8247 -31.6316 -31.1992 15.7 1.4 1.0 3.2
2021.8274 -34.9111 -27.5352 14.1 1.4 1.0 3.2
2021.8301 -31.7374 -31.6433 23.8 1.5 1.0 3.4
2021.8329 -31.7374 -27.9794 11.8 1.6 1.1 3.5
2021.8356 -35.969 -32.9757 19 1.5 1.0 3.4
2021.8384 -31.3671 -33.7529 19.9 1.5 1.0 3.4
2021.8411 -35.8632 -34.308 19.5 1.5 1.0 3.4
2021.8438 -37.8733 -36.4176 17.6 2.1 1.3 4.3
2021.8466 -35.5459 -33.6419 23.5 1.5 1.0 3.3
2021.8493 -32.3192 -32.5316 16.3 1.5 1.0 3.4
2021.8521 -39.037 -33.4198 17.6 1.4 1.0 3.3
2021.8548 -36.8682 -31.5323 12.4 1.4 1.0 3.2
2021.8575 -33.43 -31.0882 10.6 1.3 1.0 3.0
2021.8603 -34.2764 -27.4242 13.9 1.3 1.0 3.0
2021.8630 -34.7524 -31.4213 -1 1.3 1.0 3.0
2021.8658 -38.0848 -31.9764 -10 1.4 1.0 3.0
2021.8685 -36.1277 -33.1977 -10.1 1.5 1.0 3.1
2021.8712 -35.493 -32.3095 -10.7 1.4 1.0 3.0
2021.8740 -33.7474 -33.1977 -15 1.3 1.0 3.0
2021.8767 -34.0119 -29.9779 -10.6 1.3 1.0 3.0
2021.8795 -35.9161 -30.9772 -6.4 1.3 1.0 3.0
2021.8822 -36.6038 -34.9742 -10.6 1.3 1.0 2.9
2021.8849 -36.0219 -31.0882 -9.4 1.3 1.0 3.0
2021.8877 -36.0219 -30.422 -5.9 1.3 1.0 3.0
2021.8904 -34.5937 -33.0867 -13.4 1.3 1.0 3.0
2021.8932 -34.1706 -31.0882 -12 1.3 1.0 3.0
2021.8959 -37.0269 -33.1977 -6.5 1.3 1.0 3.0
2021.8986 -31.42 -31.1992 -1.7 1.3 1.0 3.0
2021.9014 -33.7474 -32.6426 1.9 1.3 1.0 3.0
2021.9041 -35.4401 -32.4205 -4.8 1.3 1.0 3.0
2021.9068 -33.0598 -31.1992 3.8 1.3 1.0 3.0
2021.9096 -35.7574 -33.6419 1.8 1.3 1.0 3.0
2021.9123 -32.6366 -31.3102 5.3 1.3 1.0 2.9
2021.9151 -33.5887 -32.0874 3.1 1.3 1.0 3.0
2021.9178 -34.6995 -33.7529 -13 1.4 1.0 3.0
2021.9205 -34.435 -32.4205 -11.2 1.3 1.0 3.0
2021.9233 -36.974 -34.197 -7.2 1.5 1.0 3.2
2021.9260 -40.9412 -32.0874 -12.5 1.3 1.0 3.0
2021.9288 -29.5686 -35.0852 -13.1 1.3 1.0 3.0
2021.9315 -34.1177 -34.9742 -2.1 1.4 1.0 3.3
2021.9342 -37.5559 -32.8647 15.9 1.4 1.0 3.4
2021.9370 -42.3694 -34.7521 19.9 1.4 1.0 3.1
2021.9397 -40.5709 -31.6433 24 1.4 1.0 3.1
2021.9425 -39.9891 -32.9757 16.7 1.4 1.0 3.3
2021.9452 -38.8254 -30.2 14.1 1.3 1.0 3.1
2021.9479 -38.1906 -29.8669 6.5 1.4 1.0 3.1
2021.9507 -38.6667 -32.8647 10.9 1.3 1.0 3.1
2021.9534 -39.4601 -32.5316 21.1 1.3 1.0 3.0
2021.9562 -39.8833 -29.8669 7.8 1.3 1.0 3.1
2021.9589 -36.0219 -31.9764 10.3 1.3 1.0 3.1
2021.9616 -39.4072 -28.6455 9.2 1.3 1.0 3.1
2021.9644 -39.4072 -33.6419 9 1.3 1.0 3.2
2021.9671 -40.0949 -32.3095 5.4 1.3 1.0 3.2
2021.9699 -36.0219 -35.4183 8 1.3 1.0 3.2
2021.9726 -37.9262 -35.0852 -4.9 1.3 1.0 3.2
2021.9753 -36.6567 -31.3102 -5.5 1.3 1.0 3.1
2021.9781 -45.0142 -28.8676 -5.7 1.3 1.0 3.1
2021.9808 -40.3594 -30.0889 -7 1.3 1.0 3.1
2021.9836 -37.7675 -34.4191 -6.8 1.3 1.0 3.1
2021.9863 -40.7825 -32.0874 -2.6 1.3 1.0 3.2
2021.9890 -36.5509 -31.7544 -29.7 1.3 1.0 3.3
2021.9918 -41.8404 -25.5367 -28.9 1.3 1.0 3.2
2021.9945 -40.518 -26.0919 -28.8 1.3 1.0 3.2
2021.9973 -36.498 -29.0897 -35.4 1.3 1.0 3.1
2022.0000 -36.498 -30.422 -31.4 1.3 1.0 3.0
2022.0027 -35.969 -30.311 -36.1 1.3 1.0 3.1
2022.0055 -39.1428 -29.0897 -38.2 1.2 0.9 3.0
2022.0082 -36.8153 -29.6448 -30.7 1.3 1.0 3.0
2022.0110 -38.4022 -28.3125 -22.8 1.3 0.9 3.0
2022.0137 -39.1957 -30.2 -19 1.2 0.9 3.0
2022.0164 -35.9161 -28.8676 -17.6 1.2 0.9 3.0
2022.0192 -36.8682 -28.6455 -21 1.2 0.9 3.0
2022.0219 -39.4072 -27.2022 -12.2 1.2 0.9 3.0
2022.0247 -37.2385 -24.7595 -11.8 1.3 1.0 3.3
2022.0274 -35.6516 -31.5323 -1 1.3 0.9 3.0
2022.0301 -37.4501 -27.6463 -5.6 1.3 1.0 3.0
2022.0329 -38.4551 -30.311 16.3 1.3 1.0 3.2
2022.0356 -41.0999 -32.5316 20.9 1.3 1.0 3.2
2022.0384 -44.2736 -28.3125 30.1 1.4 1.0 3.2
2022.0411 -37.9262 -30.8661 18.5 1.3 1.0 3.1
2022.0438 -37.7146 -29.4227 5.1 1.3 1.0 3.0
2022.0466 -42.3165 -30.2 3.5 1.2 1.0 3.0
2022.0493 -40.7825 -31.3102 9.9 1.3 1.0 3.1
2022.0521 -45.0142 -31.0882 7 1.3 1.0 3.1
2022.0548 -42.7397 -28.6455 6.9 1.3 1.0 3.1
2022.0575 -39.0899 -32.6426 6.3 1.3 1.0 3.1
2022.0603 -39.8833 -33.0867 17.4 1.4 1.0 3.3
2022.0630 -38.0848 -34.9742 15.4 1.3 1.0 3.2
2022.0658 -40.2536 -32.8647 23.4 1.4 1.0 3.3
2022.0685 -43.7447 -32.8647 18.6 1.4 1.1 3.3
2022.0712 -45.7018 -29.3117 12.7 1.3 1.0 3.0
2022.0740 -42.2636 -31.8654 18.5 1.3 0.9 3.0
2022.0767 -46.0721 -33.6419 14.9 1.3 0.9 3.1
2022.0795 -38.9312 -34.7521 16.9 1.3 1.0 3.1
2022.0822 -43.7447 -33.8639 -0.6 1.3 0.9 3.0
2022.0849 -44.6439 -33.5308 4.8 1.3 0.9 3.0
2022.0877 -40.9941 -35.7514 20.1 1.3 0.9 2.9
2022.0904 -42.6339 -36.7507 8.8 1.3 0.9 3.0
2022.0932 -40.9412 -35.7514 4.2 1.4 1.1 3.1
2022.0959 -39.4072 -34.197 6.9 1.5 1.1 3.2
2022.0986 -43.586 -35.5294 12.5 1.3 1.0 3.0
2022.1014 -42.4752 -34.9742 25.1 1.3 1.0 3.1
2022.1041 -43.2157 -34.197 17.2 1.3 1.0 3.1
2022.1068 -38.7196 -34.197 23.9 1.3 1.0 3.1
2022.1096 -41.4173 -32.9757 14 1.3 1.0 3.1
2022.1123 -43.2686 -34.8632 6.3 1.4 1.0 3.1
2022.1151 -43.9034 -32.4205 16.7 1.3 0.9 3.0
2022.1178 -43.0041 -31.1992 16.8 1.3 1.0 3.1
2022.1205 -40.8883 -35.0852 25.7 1.3 1.0 3.2
2022.1233 -37.8733 -31.3102 8 1.3 0.9 3.1
2022.1260 -41.8404 -31.1992 -4.9 1.3 0.9 3.0
2022.1288 -42.1049 -29.5338 6.5 1.3 1.0 3.1
2022.1315 -43.4273 -28.3125 14.5 1.4 1.0 3.3
2022.1342 -42.1578 -33.4198 19.9 1.4 1.0 3.4
2022.1370 -40.1478 -34.308 16.9 1.4 1.0 3.3
2022.1397 -37.3443 -30.533 5 1.3 1.0 3.1
2022.1425 -45.12 -32.0874 15.4 1.3 1.0 3.1
2022.1452 -43.7447 -31.1992 3.4 1.4 1.1 3.4
2022.1479 -41.5231 -30.311 7.6 1.4 0.9 3.1
2022.1507 -40.5709 -33.9749 15.2 1.5 1.0 3.4
2022.1534 -39.3543 -33.7529 12.1 1.6 1.0 3.6
2022.1562 -41.2057 -31.4213 14.8 1.4 1.0 3.2
2022.1589 -41.5231 -33.1977 12.4 1.4 1.0 3.2
2022.1616 -44.062 -32.8647 13 1.4 0.9 3.1
2022.1644 -42.2636 -31.4213 19.2 1.4 1.0 3.2
2022.1671 -42.6339 -32.5316 11.3 1.4 0.9 3.1
2022.1699 -39.1957 -34.308 14.6 1.4 1.0 3.2
2022.1726 -38.6667 -29.6448 15.5 1.4 1.0 3.2
2022.1753 -45.9663 -28.9786 5.6 1.5 1.0 3.2
2022.1781 -40.6767 -29.9779 2.4 1.4 1.0 3.1
2022.1808 -41.7875 -30.6441 3.2 1.3 0.9 3.0
2022.1836 -38.4022 -32.0874 11.1 1.3 0.9 3.0
2022.1863 -41.3644 -30.9772 9.8 1.4 0.9 3.1
2022.1890 -42.2107 -27.6463 6.4 1.5 1.0 3.4
2022.1918 -43.9034 -30.6441 4.9 1.5 1.0 3.3
2022.1945 -42.3694 -30.9772 2.6 1.4 1.0 3.3
2022.1973 -39.6188 -31.0882 12.7 1.6 1.0 3.2
2022.2000 -42.5281 -32.8647 13 1.3 1.0 3.1
2022.2027 -43.9563 -30.311 15.8 1.3 0.9 3.1
2022.2055 -38.9841 -32.3095 9.8 1.4 0.9 3.1
2022.2082 -40.9941 -31.5323 8.7 1.5 1.0 3.4
2022.2110 -37.5559 -33.1977 8.1 1.4 1.0 3.3
2022.2137 -40.3065 -35.1963 17.5 1.4 1.0 3.3
2022.2164 -38.8783 -31.1992 9.1 1.4 1.0 3.2
2022.2192 -37.503 -32.4205 4.7 1.4 1.0 3.1
2022.2219 -40.8354 -30.8661 14.9 1.4 1.0 3.2
2022.2247 -36.974 -31.7544 5.4 1.4 1.0 3.1
2022.2274 -39.6717 -31.8654 10.2 1.5 1.0 3.3
2022.2301 -31.8961 -32.5316 12.2 1.5 1.0 3.3
2022.2329 -37.2914 -30.533 6.1 1.4 1.0 3.2
2022.2356 -43.586 -30.311 11.2 1.4 1.0 3.2
2022.2384 -43.6389 -31.7544 8.3 1.4 1.0 3.3
2022.2411 -40.3065 -33.4198 6.4 1.4 1.0 3.3
2022.2438 -36.974 -33.1977 7.9 1.4 1.0 3.2
2022.2466 -35.0169 -32.4205 10.6 1.5 1.1 3.3
2022.2493 -41.8933 -33.1977 14.7 1.5 1.0 3.3
2022.2521 -46.2308 -34.4191 12.2 1.4 1.0 3.2
2022.2548 -41.7875 -34.6411 4 1.4 1.0 3.2
2022.2575 -40.0949 -35.5294 7.7 1.4 1.0 3.2
2022.2603 -41.576 -33.8639 10.9 1.4 1.0 3.2
2022.2630 -40.4651 -32.4205 16.9 1.4 1.0 3.2
2022.2658 -41.576 -32.5316 6.7 1.4 1.0 3.2
2022.2685 -37.8204 -36.6396 -2.1 1.4 1.0 3.3
2022.2712 -41.7875 -32.9757 1 1.4 1.0 3.2
2022.2740 -44.591 -35.4183 3.9 1.5 1.1 3.3
2022.2767 -40.4651 -29.9779 -0.6 1.4 1.0 3.2
2022.2795 -41.4702 -31.0882 -4.1 1.4 1.0 3.1
2022.2822 -40.3065 -34.7521 3.5 1.4 1.0 3.2
2022.2849 -43.0041 -34.197 1.4 2.0 1.3 3.7
2022.2877 -45.12 -32.1985 9.5 1.5 1.0 3.3
2022.2904 -47.2887 -34.9742 12.8 1.4 1.0 3.3
2022.2932 -41.3644 -32.7536 5.5 1.4 1.0 3.1
2022.2959 -43.4273 -34.6411 3.2 1.4 1.0 3.2
2022.2986 -43.6918 -34.086 2 1.4 1.0 3.2
2022.3014 -46.4424 -35.8624 3 1.4 1.0 3.2
2022.3041 -47.5003 -35.9735 11 1.5 1.0 3.2
2022.3068 -46.7597 -36.9727 18.9 1.4 1.0 3.3
2022.3096 -45.5431 -36.0845 12.5 1.4 1.0 3.2
2022.3123 -46.8126 -31.3102 5.6 1.4 1.0 3.2
2022.3151 -41.8933 -36.4176 8.7 1.4 1.0 3.3
2022.3178 -43.6918 -34.7521 4.3 1.4 1.0 3.3
2022.3205 -45.3844 -36.1955 7.4 1.5 1.1 3.5
2022.3233 -43.7976 -35.6404 3.3 1.4 1.1 3.4
2022.3260 -46.1779 -34.6411 7 1.4 1.0 3.3
2022.3288 -42.581 -33.4198 12.2 1.4 1.0 3.3
2022.3315 -44.2207 -33.1977 10.9 1.4 1.0 3.3
2022.3342 -43.057 -35.6404 6.8 1.4 1.1 3.4
2022.3370 -41.4173 -34.308 1.1 1.5 1.1 3.4
2022.3397 -44.2736 -34.5301 7.9 1.5 1.1 3.3
2022.3425 -44.8555 -37.4169 11.6 1.4 1.0 3.3
2022.3452 -46.1779 -34.6411 6.5 1.4 1.0 3.2
2022.3479 -44.1678 -36.4176 6.5 1.4 1.0 3.3
2022.3507 -43.4273 -36.8617 -1.2 1.4 1.0 3.3
2022.3534 -46.4424 -34.9742 0.7 1.4 1.0 3.3
2022.3562 -46.125 -34.197 1.4 1.4 1.0 3.4
2022.3589 -47.13 -31.4213 4.6 1.4 1.0 3.4
2022.3616 -43.7447 -34.4191 13.9 1.4 1.0 3.3
2022.3644 -48.7698 -35.4183 9.3 1.4 1.0 3.4
2022.3671 -47.3416 -37.0838 6.1 1.4 1.0 3.4
2022.3699 -45.4902 -36.6396 -2.4 1.4 1.0 3.4
2022.3726 -46.3366 -36.0845 10.4 1.3 1.0 3.3
2022.3753 -45.7018 -36.7507 1.8 1.4 1.0 3.3
2022.3781 -46.8655 -40.3036 -3 1.4 1.0 3.4
2022.3808 -47.3416 -39.9705 -5.6 1.4 1.0 3.4
2022.3836 -49.4045 -34.8632 -4.6 1.4 1.0 3.3
2022.3863 -47.5003 -34.086 -5 1.3 1.0 3.3
2022.3890 -44.7497 -33.7529 -5.7 1.4 1.0 3.3
2022.3918 -47.3945 -33.7529 0.6 1.4 1.0 3.4
2022.3945 -48.6111 -37.5279 5.6 1.4 1.0 3.5
2022.3973 -48.5053 -36.7507 6.9 1.4 1.1 3.5
2022.4000 -46.6539 -34.086 1 1.5 1.0 3.6
2022.4027 -48.4524 -37.972 -1 1.5 1.0 3.6
2022.4055 -47.5532 -36.5286 -0.1 1.4 1.1 3.5
2022.4082 -47.8705 -38.5271 0.3 1.4 1.0 3.4
2022.4110 -45.1729 -36.6396 -11.3 1.4 1.1 3.4
2022.4137 -48.7169 -36.0845 2.3 1.4 1.1 3.5
2022.4164 -45.2258 -39.3043 -4.4 1.3 1.0 3.3
2022.4192 -42.8983 -32.7536 -1.5 1.5 1.0 3.5
2022.4219 -42.7926 -37.1948 2.8 1.4 1.1 3.6
2022.4247 -43.6389 -38.5271 -1.1 1.4 1.0 3.5
2022.4274 -44.6968 -38.6382 4.4 1.4 1.0 3.4
2022.4301 -45.12 -37.1948 2.7 1.4 1.0 3.5
2022.4329 -49.0871 -34.197 7.8 1.4 1.1 3.4
2022.4356 -46.4424 -36.8617 10.9 1.4 1.1 3.5
2022.4384 -49.9335 -35.7514 0.1 1.4 1.0 3.4
2022.4411 -45.9134 -35.7514 4 1.4 1.0 3.5
2022.4438 -46.2308 -33.6419 13 1.4 1.0 3.3
2022.4466 -41.7346 -37.972 17.9 1.4 1.1 3.6
2022.4493 -42.2636 -36.8617 8.6 1.3 1.1 3.5
2022.4521 -48.6111 -38.083 1.6 1.4 1.1 3.6
2022.4548 -47.0242 -37.4169 6.3 1.4 1.1 3.6
2022.4575 -51.0443 -37.4169 5.2 1.4 1.1 3.4
2022.4603 -42.7397 -39.4154 5.7 1.4 1.1 3.4
2022.4630 -47.6061 -35.3073 10.5 1.4 1.1 3.5
2022.4658 -42.8454 -35.1963 -10.9 1.4 1.1 3.5
2022.4685 -40.7825 -33.7529 0.6 1.4 1.1 3.4
2022.4712 -48.0292 -35.1963 3.5 1.3 1.1 3.5
2022.4740 -46.1779 -34.6411 7.6 1.4 1.1 3.5
2022.4767 -49.0871 -35.8624 11.3 1.4 1.1 3.5
2022.4795 -45.2258 -33.0867 1.6 1.4 1.0 3.5
2022.4822 -44.4852 -32.9757 -1.2 1.4 1.0 3.4
2022.4849 -49.9864 -36.1955 0.6 1.3 1.0 3.4
2022.4877 -47.6061 -36.0845 9.2 1.3 1.1 3.4
2022.4904 -48.7169 -33.3088 4.6 1.3 1.1 3.4
2022.4932 -43.3215 -34.197 -3.6 1.4 1.1 3.4
2022.4959 -44.6968 -37.861 -1.8 1.4 1.1 3.5
2022.4986 -43.2686 -37.7499 -1.1 1.4 1.0 3.4
2022.5014 -48.6111 -39.6374 5.8 1.6 1.1 3.7
2022.5041 -44.3794 -36.5286 4.5 1.3 1.0 3.4
2022.5068 -48.5053 -34.4191 24.4 1.6 1.1 3.9
2022.5096 -44.6439 -37.0838 8.2 1.4 1.1 3.8
2022.5123 -47.9763 -40.6367 20 1.4 1.0 3.6
2022.5151 -45.596 -38.1941 2.7 1.6 1.2 3.7
2022.5178 -45.9134 -36.1955 12.8 1.4 1.1 3.5
2022.5205 -48.6111 -32.9757 9 1.3 1.0 3.4
2022.5233 -49.0871 -35.8624 16.7 1.3 1.1 3.5
2022.5260 -45.4373 -37.861 11.2 1.4 1.1 3.5
2022.5288 -48.0821 -36.6396 13.5 1.4 1.1 3.6
2022.5315 -47.9234 -33.4198 4.4 1.4 1.1 3.6
2022.5342 -51.3087 -32.3095 10.8 1.4 1.1 3.5
2022.5370 -49.7219 -35.6404 0.4 1.4 1.1 3.5
2022.5397 -50.7269 -34.4191 8 1.4 1.1 3.5
2022.5425 -47.9763 -36.4176 15.1 1.4 1.1 3.6
2022.5452 -50.8327 -39.6374 7.1 1.4 1.1 3.5
2022.5479 -51.7848 -35.0852 21.1 1.6 1.3 3.8
2022.5507 -44.5381 -36.4176 -1.1 1.4 1.1 3.6
2022.5534 -49.7748 -36.6396 -0.3 1.4 1.1 3.6
2022.5562 -51.7319 -36.6396 8.1 1.3 1.1 3.4
2022.5589 -51.4145 -36.5286 1.5 1.4 1.1 3.5
2022.5616 -46.2308 -35.3073 0.5 1.4 1.1 3.4
2022.5644 -49.3516 -35.9735 3.6 1.4 1.1 3.5
2022.5671 -51.0972 -37.7499 8.5 1.3 1.1 3.5
2022.5699 -51.3087 -33.5308 -9 1.3 1.1 3.4
2022.5726 -54.3767 -33.3088 5.1 1.4 1.1 3.5
2022.5753 -51.9964 -36.0845 5.8 1.4 1.1 3.5
2022.5781 -48.2408 -37.0838 5.7 1.3 1.1 3.3
2022.5808 -50.9914 -36.9727 13.4 1.3 1.1 3.4
2022.5836 -45.4373 -33.4198 -4.4 1.4 1.1 3.5
2022.5863 -49.4045 -35.4183 5.6 1.4 1.2 3.6
2022.5890 -51.9964 -37.1948 3.4 1.4 1.1 3.5
2022.5918 -50.6211 -35.8624 4.8 1.4 1.1 3.5
2022.5945 -50.4624 -35.4183 8.2 1.4 1.1 3.4
2022.5973 -52.1551 -38.6382 21.4 1.4 1.1 3.4
2022.6000 -60.3539 -34.086 8.3 1.6 1.2 3.6
2022.6027 -49.4574 -37.3058 2.4 1.5 1.2 3.7
2022.6055 -52.2609 -39.4154 -2.4 1.4 1.1 3.6
2022.6082 -51.9964 -34.8632 12 1.4 1.1 3.4
2022.6110 -49.5103 -35.6404 11.7 1.5 1.1 3.6
2022.6137 -50.1979 -37.1948 11.8 1.5 1.1 3.5
2022.6164 -49.14 -33.1977 5.1 1.5 1.1 3.5
2022.6192 -51.4145 -36.9727 13.4 1.4 1.1 3.5
2022.6219 -57.1273 -36.3066 8.4 1.4 1.1 3.4
2022.6247 -54.9056 -38.6382 12.2 1.4 1.1 3.5
2022.6274 -56.7041 -37.5279 22.7 1.4 1.1 3.7
2022.6301 -52.9485 -39.3043 12.9 1.6 1.1 3.6
2022.6329 -54.0593 -39.1933 16.8 1.5 1.1 3.5
2022.6356 -55.3817 -38.4161 8.3 1.4 1.1 3.5
2022.6384 -55.3288 -40.8588 21.4 1.4 1.1 3.5
2022.6411 -49.5103 -35.9735 18.8 1.4 1.1 3.5
2022.6438 -53.3188 -41.1918 20.3 1.7 1.2 3.7
2022.6466 -48.3995 -36.1955 18.4 1.7 1.2 3.9
2022.6493 -54.5883 -42.9683 10.8 1.5 1.1 3.5
2022.6521 -54.5883 -40.6367 17.2 1.5 1.1 3.6
2022.6548 -55.8049 -38.5271 23.2 1.5 1.2 3.5
2022.6575 -55.1172 -38.4161 19.1 1.4 1.1 3.4
2022.6603 -54.218 -36.9727 17.4 1.4 1.1 3.4
2022.6630 -51.5732 -40.4146 6.5 1.4 1.0 3.4
2022.6658 -49.669 -42.4132 10.7 1.4 1.0 3.4
2022.6685 -51.679 -41.4139 19.6 1.4 1.1 3.4
2022.6712 -54.7999 -38.3051 15.9 1.4 1.1 3.4
2022.6740 -56.5983 -41.5249 19.1 1.5 1.1 3.5
2022.6767 -54.747 -41.636 14.5 2.4 1.3 4.2
2022.6795 -54.1651 -42.5242 16.1 1.7 1.1 3.5
2022.6822 -49.8806 -41.4139 14.9 1.4 1.0 3.3
2022.6849 -51.8377 -39.5264 14.5 1.4 1.0 3.4
2022.6877 -53.7419 -38.5271 18.5 1.5 1.1 3.4
2022.6904 -53.7948 -38.3051 18.5 1.5 1.1 3.5
2022.6932 -48.2937 -42.9683 1.7 1.4 1.1 3.5
2022.6959 -51.7848 -44.7448 8.7 1.4 1.0 3.5
2022.6986 -55.3817 -39.5264 20.8 1.4 1.0 3.4
2022.7014 -53.0543 -41.747 24.8 1.4 1.0 3.5
2022.7041 -57.3388 -40.9698 19 1.5 1.1 3.7
2022.7068 -52.1551 -38.7492 15.6 1.4 1.0 3.5
2022.7096 -49.0342 -42.6352 20.8 1.4 1.0 3.4
2022.7123 -56.9686 -38.1941 19.1 1.4 1.0 3.5
2022.7151 -56.4396 -41.4139 13.1 1.4 1.0 3.4
2022.7178 -55.3817 -43.3014 25.2 1.4 1.0 3.3
2022.7205 -51.203 -41.636 22.7 1.4 1.0 3.5
2022.7233 -48.9284 -45.744 16.6 1.4 1.0 3.4
2022.7260 -52.5253 -39.4154 16.6 1.5 1.1 3.5
2022.7288 -53.1601 -42.8573 28.3 1.5 1.1 3.4
2022.7315 -51.3616 -40.7477 29.8 1.4 1.0 3.3
2022.7342 -52.0493 -43.0793 19.6 1.4 1.0 3.3
2022.7370 -52.0493 -44.8558 12.7 1.4 1.0 3.2
2022.7397 -52.2609 -44.6338 21.1 1.5 1.0 3.4
2022.7425 -51.3087 -44.7448 21.4 1.4 1.1 3.3
2022.7452 -51.8377 -40.1926 19.1 1.5 1.2 3.5
2022.7479 -51.0443 -42.7463 26.9 1.5 1.0 3.3
2022.7507 -53.7948 -42.6352 15.4 1.4 1.0 3.3
2022.7534 -51.2559 -44.4117 13 1.4 1.0 3.3
2022.7562 -47.9234 -42.4132 19.5 1.4 1.0 3.2
2022.7589 -53.7419 -40.3036 13.2 1.4 1.0 3.2
2022.7616 -49.9335 -40.6367 12.1 1.4 1.0 3.3
2022.7644 -51.1501 -39.9705 22 1.6 1.0 3.4
2022.7671 -56.9686 -40.8588 18.3 1.5 1.0 3.4
2022.7699 -55.9636 -45.1889 5.8 1.4 1.0 3.3
2022.7726 -59.3489 -45.1889 16.9 1.6 1.0 3.5
2022.7753 -53.5833 -41.747 15.5 1.4 1.0 3.2
2022.7781 -55.4875 -41.4139 20.2 1.4 1.0 3.3
2022.7808 -57.4975 -40.5257 29.7 1.5 1.0 3.4
2022.7836 -51.9435 -41.4139 13.2 1.5 1.0 3.3
2022.7863 -54.4296 -44.3007 16.2 1.8 1.1 3.6
2022.7890 -51.679 -39.8595 5.4 1.4 1.0 3.2
2022.7918 -55.8049 -41.747 22.9 1.5 1.0 3.3
2022.7945 -54.218 -39.0823 22.4 1.4 1.0 3.2
2022.7973 -57.9207 -41.1918 19.5 1.4 1.0 3.5
2022.8000 -54.9056 -43.1904 24.6 1.6 1.1 3.7
2022.8027 -50.4624 -44.9668 13.4 1.4 1.0 3.4
2022.8055 -57.8678 -39.5264 9.5 1.5 1.1 3.4
2022.8082 -54.4296 -40.6367 11.5 1.7 1.2 3.7
2022.8110 -57.0744 -41.4139 17.8 1.4 1.0 3.2
2022.8137 -57.0744 -40.8588 8.8 1.3 1.0 3.1
2022.8164 -52.7898 -42.7463 11 1.3 0.9 3.0
2022.8192 -53.5304 -46.7433 24.1 1.5 1.0 3.2
2022.8219 -57.0744 -45.1889 34.7 1.5 1.0 3.3
2022.8247 -49.8806 -39.5264 10.7 1.4 1.0 3.2
2022.8274 -57.9207 -42.5242 24.5 1.6 1.0 3.1
2022.8301 -57.4446 -40.5257 20.2 1.4 0.9 3.0
2022.8329 -54.9056 -39.9705 13.7 1.4 1.0 3.1
2022.8356 -49.8277 -43.3014 15.3 1.3 1.0 3.0
2022.8384 -51.4145 -38.9713 13.8 1.4 1.0 3.2
2022.8411 -52.6311 -42.3021 17.9 1.7 1.1 3.5
2022.8438 -57.8678 -44.6338 4.1 1.4 1.0 3.0
2022.8466 -56.757 -44.1896 11.6 1.3 0.9 3.0
2022.8493 -55.2759 -39.0823 12.6 1.3 0.9 2.9
2022.8521 -57.8149 -40.5257 5.1 1.5 1.2 3.3
2022.8548 -53.5304 -43.8565 9.5 1.5 1.0 3.1
2022.8575 -58.1852 -43.1904 10.6 1.4 1.0 3.2
2022.8603 -54.6412 -45.522 21.4 1.4 1.0 3.2
2022.8630 -49.9864 -42.7463 21.8 1.5 1.0 3.2
2022.8658 -50.8856 -43.4124 10.9 1.4 1.0 3.2
2022.8685 -49.9335 -39.3043 13 1.4 1.0 3.2
2022.8712 -54.218 -39.3043 6.2 1.4 1.0 3.3
2022.8740 -51.7848 -39.3043 -2 1.4 1.0 3.1
2022.8767 -56.0694 -41.4139 12.3 1.3 0.9 3.0
2022.8795 -55.223 -42.0801 19.4 1.3 0.9 3.0
2022.8822 -58.3439 -43.9676 15.1 1.3 1.0 3.0
2022.8849 -53.7948 -43.0793 11.1 1.3 0.9 3.0
2022.8877 -55.0114 -44.4117 17.9 1.3 1.0 3.1
2022.8904 -56.1222 -40.5257 16.6 1.4 1.0 3.3
2022.8932 -56.1751 -43.5235 22.2 1.3 1.0 3.1
2022.8959 -55.9107 -44.4117 21 1.4 1.0 3.1
2022.8986 -56.228 -43.6345 22.3 1.3 0.9 2.9
2022.9014 -56.5983 -43.3014 8.8 1.4 1.0 3.1
2022.9041 -58.0265 -42.5242 17.9 1.3 1.0 3.0
2022.9068 -56.5454 -41.747 1.5 1.3 0.9 3.0
2022.9096 -57.8149 -39.7485 9.8 1.3 1.0 3.1
2022.9123 -54.9585 -43.5235 7.4 1.3 0.9 3.0
2022.9151 -52.1551 -38.5271 9.7 1.3 1.0 3.0
2022.9178 -57.4446 -40.8588 8.2 1.3 0.9 3.1
2022.9205 -58.8728 -42.7463 13.3 1.3 1.0 3.1
2022.9233 -57.1802 -43.4124 8.8 1.3 0.9 3.0
2022.9260 -56.4925 -45.411 4.5 1.3 0.9 3.1
2022.9288 -54.5354 -45.744 9.7 1.3 0.9 3.0
2022.9315 -54.5883 -40.0816 5.9 1.3 0.9 3.0
2022.9342 -53.3717 -42.3021 -30.2 1.5 1.1 3.4
2022.9370 -54.6941 -45.8551 -33.2 1.3 0.9 3.0
2022.9397 -56.3338 -47.1874 -46.4 1.3 0.9 3.0
2022.9425 -56.2809 -46.9654 -41.3 1.3 0.9 2.9
2022.9452 -54.2709 -46.6323 -38.6 1.3 0.9 3.0
2022.9479 -52.5782 -42.7463 -46.1 1.3 0.9 3.0
2022.9507 -58.0265 -47.6315 -36.2 1.3 0.9 3.0
2022.9534 -54.218 -43.3014 -51.4 1.3 0.9 3.0
2022.9562 -54.3238 -45.9661 -56.8 1.3 0.9 3.0
2022.9589 -53.1601 -45.522 -53.9 1.3 0.9 2.9
2022.9616 -51.7848 -42.9683 -50.4 1.3 0.9 2.9
2022.9644 -55.5404 -43.7455 -52.9 1.3 0.9 3.0
2022.9671 -57.6033 -43.4124 -52.1 1.2 0.9 2.9
2022.9699 -54.218 -44.9668 -55.4 1.3 0.9 2.9
2022.9726 -52.8427 -44.0786 -52.9 1.2 1.0 2.9
2022.9753 -49.2987 -41.747 -54.4 1.2 0.9 3.0
2022.9781 -54.8528 -44.1896 -51.6 1.3 1.0 3.0
2022.9808 -56.4396 -45.9661 -56.5 1.3 0.9 2.9
2022.9836 -54.4296 -45.8551 -58.2 1.2 0.9 2.9
2022.9863 -59.3489 -44.4117 -45.3 1.3 1.0 3.1
2022.9890 -54.1651 -48.1867 -40.5 1.4 1.1 3.3
2022.9918 -56.2809 -45.9661 -35.4 1.3 1.0 3.1
2022.9945 -55.1172 -46.8543 -37.1 1.3 0.9 2.9
2022.9973 -56.8628 -45.633 -34.2 1.3 1.1 3.0
2023.0000 -56.6512 -44.9668 -37.2 1.3 0.9 2.9
2023.0027 -52.0493 -42.9683 -28.5 1.3 0.9 3.0
2023.0055 -51.8906 -42.1911 -36 1.3 1.0 3.0
2023.0082 -51.8377 -41.747 -31.6 1.3 1.0 3.1
2023.0110 -50.2508 -41.1918 -39.2 1.3 1.0 3.1
2023.0137 -56.9686 -44.5227 14.8 1.3 1.0 3.0
2023.0164 -58.5026 -42.5242 14 1.2 0.9 2.9
2023.0192 -55.752 -43.6345 17.9 1.2 0.9 2.9
2023.0411 -60.3539 -43.5235 12.3 1.5 1.1 3.2
2023.0438 -54.6941 -44.4117 12 1.3 1.0 2.9
2023.0466 -59.9307 -45.411 15.6 1.2 0.9 2.9
2023.0493 -58.4497 -45.522 18.4 1.3 0.9 2.9
2023.0521 -58.7141 -45.411 14 1.3 0.9 2.9
2023.0548 -60.9357 -45.0779 8.6 1.3 1.0 3.0
2023.0575 -58.3968 -47.0764 6 1.4 1.0 3.1
2023.0603 -59.8778 -44.7448 8.5 1.3 1.0 3.1
2023.0630 -57.1273 -46.0771 13.7 1.4 1.0 3.0
2023.0658 -62.9987 -47.9646 14.4 1.3 1.0 3.1
2023.0685 -59.296 -47.4095 23.7 1.5 1.2 3.3
2023.0712 -56.2809 -45.1889 9.2 1.5 1.2 3.5
2023.0740 -59.0315 -46.1882 11.9 1.4 1.1 3.3
2023.0767 -62.1523 -44.1896 16.7 1.3 1.0 3.1
2023.0795 -62.9987 -44.5227 15.2 1.3 1.0 3.2
2023.0822 -61.8879 -46.0771 14.1 1.4 1.1 3.3
2023.0849 -62.1523 -43.6345 18.5 1.4 1.1 3.4
2023.0877 -54.5354 -45.8551 21.8 1.3 1.0 3.1
2023.0904 -60.5126 -43.3014 16.7 1.3 1.0 3.2
2023.0932 -62.2581 -43.7455 13.3 1.4 1.0 3.1
2023.0959 -62.0995 -44.1896 -3.3 1.3 1.0 3.1
2023.0986 -60.9357 -42.7463 10.3 1.3 1.0 3.1
2023.1014 -56.7041 -41.5249 10.3 1.4 1.0 3.1
2023.1041 -60.7771 -41.5249 6.5 1.5 1.0 3.1
2023.1068 -58.7141 -41.1918 3.9 1.4 1.0 3.2
2023.1096 -63.6863 -41.858 -10 1.4 1.0 3.1
2023.1123 -62.0466 -42.3021 -9.3 1.3 1.0 3.1
2023.1151 -59.5076 -42.9683 -0.6 1.4 1.0 3.1
2023.1178 -61.1473 -41.636 -6 1.4 1.0 3.2
2023.1205 -59.5076 -44.5227 11.3 1.4 1.0 3.1
2023.1233 -56.9157 -44.1896 10.8 1.4 1.1 3.1
2023.1260 -55.3817 -45.2999 22.1 1.9 1.3 3.7
2023.1288 -57.8149 -40.0816 11.7 1.7 1.2 3.5
2023.1315 -58.8199 -44.7448 11 1.4 1.0 3.1
2023.1342 -58.2381 -44.4117 9.9 1.3 1.0 3.0
2023.1370 -62.4697 -42.8573 9.1 1.4 1.0 3.1
2023.1397 -64.0037 -44.3007 14.1 1.3 1.0 3.0
2023.1425 -56.6512 -45.9661 9.6 1.5 1.1 3.3
2023.1452 -61.4647 -41.1918 10 1.3 1.0 3.0
2023.1479 -61.8879 -46.4102 13 1.4 1.0 3.1
2023.1507 -59.8249 -44.8558 21.1 1.4 1.0 3.2
2023.1534 -62.7342 -44.0786 14.9 1.4 1.0 3.2
2023.1562 -59.296 -44.4117 18.3 1.4 1.0 3.1
2023.1589 -58.4497 -45.744 12.6 2.4 1.4 4.1
2023.1616 -58.1323 -44.1896 9.7 1.4 1.0 3.0
2023.1644 -59.0844 -44.7448 22.5 1.3 1.0 3.0
2023.1671 -60.1423 -43.9676 15.1 1.4 1.0 3.0
2023.1699 -61.5705 -44.6338 17.8 1.4 1.0 3.1
2023.1726 -57.0744 -43.3014 6.2 1.3 1.0 3.0
2023.1753 -58.1323 -44.8558 6.6 1.6 1.1 3.2
2023.1781 -57.6562 -44.5227 7.4 1.4 1.0 3.0
2023.1808 -57.3917 -44.8558 6.4 1.4 1.0 3.1
2023.1836 -60.6713 -40.6367 11.8 1.4 1.0 3.2
2023.1863 -59.7191 -42.1911 20.1 1.6 1.1 3.3
2023.1890 -59.6663 -39.9705 7.8 1.5 1.1 3.5
2023.1918 -59.5605 -42.8573 1.3 1.4 1.0 3.1
2023.1945 -61.4647 -44.1896 13.7 1.5 1.0 3.1
2023.1973 -56.757 -43.3014 15.6 1.3 1.0 3.0
2023.2000 -57.5504 -40.5257 15.5 1.6 1.0 3.2
2023.2027 -58.767 -40.8588 13.7 1.5 1.1 3.2
2023.2055 -59.0844 -43.7455 2.6 1.3 1.0 3.0
2023.2082 -56.2809 -44.4117 16.6 1.4 1.0 3.1
2023.2110 -59.0315 -41.747 13.4 1.4 1.0 3.2
2023.2137 -54.9585 -45.2999 15.7 1.4 1.0 3.2
2023.2164 -58.3968 -42.9683 17.1 1.4 1.0 3.2
2023.2192 -58.8728 -45.744 10 1.4 1.1 3.3
2023.2219 -58.4497 -43.9676 6.3 1.5 1.1 3.3
2023.2247 -59.9836 -44.3007 11 2.1 1.2 3.7
2023.2274 -60.1952 -43.4124 2.4 1.9 1.4 3.9
2023.2301 -55.1701 -42.0801 4 1.5 1.0 3.2
2023.2329 -59.5605 -44.1896 10.6 1.4 1.0 3.1
2023.2356 -57.1802 -44.8558 -4.1 1.4 1.0 3.2
2023.2384 -56.3867 -40.3036 5.6 1.5 1.1 3.4
2023.2411 -61.8879 -40.3036 9.9 1.4 1.1 3.2
2023.2438 -61.306 -41.1918 5.7 1.8 1.3 3.6
2023.2466 -58.8728 -40.8588 12.4 1.4 1.0 3.3
2023.2493 -64.5855 -46.1882 11.7 1.6 1.1 3.3
2023.2521 -59.3489 -43.5235 -1.8 1.4 1.1 3.2
2023.2548 -64.5855 -42.5242 15.4 1.5 1.0 3.3
2023.2575 -59.6134 -42.5242 7.1 1.4 1.1 3.4
2023.2603 -59.5076 -44.7448 2.3 1.4 1.1 3.3
2023.2630 -60.9886 -45.411 13.2 1.4 1.1 3.2
2023.2658 -65.5377 -40.3036 8.3 1.3 1.1 3.1
2023.2685 -62.5226 -43.5235 9.4 1.4 1.0 3.1
2023.2712 -65.6964 -41.1918 10.3 1.3 1.0 3.1
2023.2740 -63.6863 -45.522 3.5 1.4 1.1 3.1
2023.2767 -63.2103 -43.8565 7.2 1.3 1.0 3.1
2023.2795 -60.301 -42.4132 3.2 1.4 1.0 3.2
2023.2822 -65.2203 -41.969 8.7 1.4 1.1 3.3
2023.2849 -65.9079 -42.4132 3.1 1.5 1.1 3.5
2023.2877 -61.0944 -43.9676 4.5 1.5 1.1 3.4
2023.2904 -59.6134 -44.5227 0.4 1.4 1.1 3.3
2023.2932 -59.5076 -44.9668 -0.3 1.4 1.1 3.2
2023.2959 -57.9207 -44.0786 8.4 1.4 1.0 3.1
2023.2986 -68.8701 -45.1889 -1.4 1.5 1.1 3.3
2023.3014 -60.7771 -45.1889 0.9 1.4 1.1 3.1
2023.3041 -59.8249 -45.744 3.9 1.5 1.1 3.2
2023.3068 -61.3589 -46.6323 7.5 1.4 1.1 3.2
2023.3096 -63.0516 -42.7463 4.1 1.9 1.3 3.7
2023.3123 -65.1674 -45.633 9.3 1.7 1.3 3.8
2023.3151 -58.9786 -41.0808 4.7 1.4 1.1 3.2
2023.3178 -63.2632 -47.0764 5.5 1.4 1.1 3.3
2023.3205 -59.9307 -47.1874 16.5 1.4 1.1 3.4
2023.3233 -60.6184 -44.3007 16.2 1.4 1.1 3.3
2023.3260 -65.5377 -47.5205 22 1.4 1.1 3.3
2023.3288 -64.2153 -46.7433 17.9 1.4 1.1 3.3
2023.3315 -67.6006 -46.8543 14.4 1.4 1.1 3.2
2023.3342 -61.9937 -50.9624 12.2 1.3 1.1 3.2
2023.3370 -61.5176 -44.1896 11.2 1.4 1.1 3.3
2023.3397 -64.6913 -46.2992 5.1 1.3 1.1 3.2
2023.3425 -63.4747 -46.4102 6.5 1.4 1.1 3.4
2023.3452 -65.1145 -38.9713 -1.5 1.6 1.2 3.9
2023.3479 -61.835 -47.4095 11.2 1.4 1.1 3.4
2023.3507 -60.0894 -47.4095 9.8 1.4 1.1 3.3
2023.3534 -61.2531 -44.6338 9.9 1.4 1.1 3.4
2023.3562 -68.2882 -45.8551 11.7 1.4 1.1 3.5
2023.3589 -64.0037 -44.4117 15.5 1.4 1.1 3.4
2023.3616 -63.2632 -44.9668 4.6 1.4 1.1 3.4
2023.3644 -59.4018 -44.9668 6.9 1.4 1.1 3.4
2023.3671 -62.7871 -47.7426 4.7 1.4 1.1 3.4
2023.3699 -62.5226 -45.9661 1.6 1.4 1.1 3.4
2023.3726 -62.5755 -44.8558 -0.9 1.4 1.1 3.4
2023.3753 -64.3211 -46.4102 2.9 1.4 1.1 3.5
2023.3781 -65.8021 -43.7455 9.8 1.4 1.1 3.5
2023.3808 -65.3261 -45.8551 6.8 1.5 1.2 3.6
2023.3836 -58.1323 -43.3014 -2.7 1.7 1.3 3.9
2023.3863 -63.5805 -45.2999 -3.4 1.4 1.1 3.5
2023.3890 -68.4469 -43.8565 3.8 1.5 1.1 3.6
2023.3918 -63.1045 -41.3029 2.1 1.4 1.1 3.4
2023.3945 -60.301 -45.1889 5.7 1.4 1.1 3.5
2023.3973 -64.85 -44.1896 -5.1 1.4 1.1 3.4
2023.4000 -64.6384 -44.3007 5.3 1.5 1.1 3.4
2023.4027 -64.0566 -45.744 8.8 1.4 1.1 3.4
