1995.6247 0 0 0 1.7 1.5 5.2
1995.6274 2.64683 5.6625 4.9 1.8 1.6 5.2
1995.6301 2.11746 5.99559 12.5 1.6 1.5 4.9
1995.6329 4.87016 11.8801 7.4 1.8 1.5 5.2
1995.6356 5.92889 12.7684 12 1.7 1.6 5.2
1995.6384 -4.39373 10.6588 58.7 7.2 3.8 15.5
1996.6521 -10.005 -9.21544 23.7 1.8 1.6 5.4
1996.6548 -5.6642 -7.88308 22.3 1.8 1.6 5.2
1996.6575 -8.94627 -10.5478 13.7 4.0 4.2 10.1
1996.6630 0.0529374 -12.1022 63.4 6.6 2.9 11.1
1996.6658 -4.07611 -9.88161 12 2.2 1.7 6.1
1996.6685 -8.62865 -14.2118 49.4 4.7 5.4 14.2
1996.6767 -8.15222 -13.3235 8.9 1.9 1.7 5.6
1996.6795 -6.72294 -8.88235 24.3 1.9 1.6 5.6
1996.6822 -18.7925 5.88456 19.2 3.3 3.3 9.1
1997.3562 -5.61127 -25.9809 25.4 2.0 1.8 5.6
1997.3589 -12.0166 -21.8728 23.9 2.3 1.7 5.9
1997.6603 -27.474 -33.3088 46 6.5 3.2 11.5
1997.6630 -11.4343 -29.7559 31 2.1 1.6 5.6
1997.6658 -14.6105 -34.086 28.4 2.1 1.8 6.2
1998.6904 -64.0532 -50.6294 283.6 38.5 22.0 58.6
1998.6932 25.7801 -67.2838 156.5 98.2 63.5 194.2
1998.6959 -20.5394 -58.5125 58.9 1.9 1.3 4.6
1998.6986 -17.9984 -56.1809 48.3 2.1 1.5 4.8
1998.7014 -23.9802 -59.5117 62.3 1.9 1.3 4.4
1998.7041 -27.9505 -55.0706 56.4 9.4 9.4 20.0
1999.6521 -26.7329 -89.7117 104.9 6.7 6.5 14.7
1999.6548 -36.1556 -94.8191 105.8 2.5 2.1 7.4
2000.3836 -34.7263 -117.247 80.8 2.0 1.5 4.7
2000.3863 -34.0382 -114.249 71.1 1.9 1.5 5.2
2000.3890 -41.9257 -119.579 62.5 2.0 1.5 5.4
2000.3918 -45.049 -118.357 75.6 2.7 2.0 6.9
2000.6384 -40.0729 -115.471 75.3 2.1 1.7 6.0
2000.6411 -34.0911 -111.696 42.5 2.2 1.5 5.7
2000.6438 -54.9481 -90.1558 68 12.7 10.2 22.1
2001.4548 -84.1161 -122.91 12.1 15.5 6.5 24.2
2001.4575 -52.513 -135.789 66.8 2.3 2.1 6.6
2001.4603 -55.848 -136.677 57.3 2.4 2.1 6.9
2001.4630 -59.2359 -152.776 60.6 2.9 3.1 8.2
2002.3753 -45.4195 -148.113 44.4 8.5 3.3 14.7
2002.3781 -54.7363 -152.998 52.7 1.4 1.2 4.1
2002.3808 -59.0242 -150.445 58.3 1.5 1.3 4.2
2002.3836 -59.2359 -151.555 48.4 1.6 1.5 4.6
2002.9068 -115.56 -166.433 104.1 7.7 3.5 11.1
2002.9096 -92.5859 -179.312 73.7 1.5 1.2 4.1
2002.9123 -88.5628 -175.648 79.1 1.6 1.2 4.0
2002.9151 -88.404 -171.207 84.2 1.6 1.3 4.1
2002.9178 -89.5156 -170.208 78.4 1.5 1.2 3.8
2002.9205 -87.6099 -176.426 67.4 1.4 1.1 3.8
2002.9233 -90.5214 -168.654 69.5 1.4 1.2 3.9
2002.9260 -91.3684 -177.647 89.9 2.3 2.2 6.4
2003.7836 -112.225 -190.415 76.6 2.0 1.6 5.6
2003.8110 -117.625 -196.855 69.2 2.2 1.8 5.7
2003.8137 -110.849 -190.082 92.7 2.5 1.8 6.5
2004.3863 -117.943 -194.968 65.2 1.7 1.4 4.9
2004.3890 -119.478 -195.19 65.6 1.6 1.3 4.8
2004.8055 -132.182 -206.293 76.1 1.8 1.4 4.6
2004.8082 -130.647 -203.073 65.3 1.5 1.3 4.3
2005.5863 -148.01 -223.835 75.3 2.2 1.7 6.4
2005.5890 -145.258 -223.724 83.4 2.1 1.5 6.5
2006.3562 -146.581 -233.606 90.9 1.6 1.2 4.1
2006.3589 -150.975 -229.72 78.6 1.6 1.2 4.1
2006.3616 -150.128 -227.832 74.1 1.6 1.1 4.0
2006.3644 -149.387 -226.722 62.4 1.6 1.2 4.2
2006.3671 -152.404 -229.387 77.8 1.6 1.2 4.0
2006.3699 -152.722 -229.831 77 2.4 1.9 6.7
2008.7863 -182.049 -270.69 81.2 1.4 1.0 3.3
2008.7890 -180.196 -271.467 81.7 1.4 1.0 3.2
2008.7918 -188.825 -269.357 88 1.4 1.0 3.4
2008.7945 -190.201 -270.356 85.2 1.5 1.1 3.5
2008.7973 -189.83 -272.91 74.2 1.4 1.0 3.2
2008.8000 -193.324 -271.023 78.5 1.5 1.0 3.4
2009.4493 -201.847 -288.454 117.9 2.0 1.7 6.2
2009.4521 -195.706 -292.118 104.7 2.0 1.6 5.7
2011.4000 -226.727 -318.876 115.5 1.8 1.5 4.9
2011.4027 -237.103 -320.764 120.3 1.7 1.3 4.4
2011.4055 -236.15 -324.428 106.7 1.9 1.7 5.5
2012.4767 -249.596 -346.523 95.7 1.9 1.6 5.5
2012.4795 -242.502 -341.859 109.4 1.9 1.6 5.6
2012.4822 -251.184 -343.081 97.3 1.9 1.7 6.3
2012.4849 -246.949 -339.639 97.8 2.0 1.8 6.1
2013.4904 -264.947 -365.842 130 2.9 2.0 7.0
2013.4932 -261.348 -367.396 131.6 2.8 2.1 6.1
2013.4959 -258.436 -358.847 133.6 1.8 1.5 5.2
2013.4986 -263.094 -366.508 117.4 2.8 2.1 6.7
2014.7753 -267.594 -383.717 116.5 1.8 1.5 4.7
2014.7781 -276.434 -386.937 84.9 1.8 1.5 4.7
2014.7808 -270.453 -392.489 103.7 1.6 1.4 4.3
2014.7836 -273.099 -382.94 99.2 1.6 1.4 4.5
2014.7863 -267.382 -387.715 90.3 1.5 1.3 4.0
2014.7890 -264.788 -379.387 126.2 1.7 1.5 4.4
2015.3562 -275.164 -399.595 121.9 1.6 1.3 4.7
2015.3589 -283.793 -395.153 124 1.8 1.2 4.5
2015.3616 -283.528 -390.712 126.8 1.8 1.6 4.9
2015.3644 -285.275 -389.38 128.6 2.0 1.6 5.3
2015.3671 -289.669 -396.153 97.7 2.9 2.7 9.2
2016.7123 -309.943 -410.031 140.5 1.7 1.4 5.3
2016.7151 -311.055 -408.81 134 1.5 1.3 4.7
2016.7178 -316.137 -407.256 91.7 1.5 1.4 5.1
2016.7205 -305.655 -405.701 121.9 1.6 1.3 4.7
2016.7233 -308.302 -397.596 135.8 1.8 1.6 5.5
2017.3973 -320.266 -416.471 123 2.3 1.8 6.9
2017.4000 -328.259 -413.584 147.8 1.9 1.4 5.6
2017.4027 -322.489 -417.692 126 1.7 1.4 5.5
2017.4055 -304.967 -425.131 93 3.9 3.0 9.7
2018.9397 -340.117 -470.764 80.7 1.6 1.2 4.1
2018.9425 -338.158 -471.653 90.7 1.5 1.1 3.6
2018.9452 -342.076 -470.764 99.1 1.5 1.1 3.8
2018.9479 -337.047 -469.654 86.2 1.5 1.1 3.6
2018.9507 -336.464 -468.877 89.2 1.4 1.0 3.5
2019.0493 -334.506 -464.88 71 1.4 1.1 3.7
2019.0521 -339.958 -472.43 84.3 1.4 1.1 3.6
2019.0548 -342.605 -471.32 82.9 1.4 1.1 3.8
2019.0575 -338.264 -473.651 81.4 1.6 1.1 3.9
2019.0603 -339.429 -474.428 86.1 1.5 1.1 4.0
2019.0630 -338.952 -472.43 81.7 1.5 1.2 4.4
2019.0658 -345.675 -467.656 66.4 2.5 2.1 7.3
2019.1288 -336.57 -468.544 86.3 1.4 1.1 3.5
2019.1315 -344.67 -470.431 86.1 1.4 1.1 3.7
2019.1342 -348.64 -468.655 83 2.4 1.9 6.7
2019.1425 -337.735 -471.209 73.5 1.4 1.0 3.4
2019.1452 -342.34 -470.876 68.5 1.3 1.1 3.6
2019.1479 -342.34 -472.319 67.9 1.3 1.0 3.4
2019.1507 -343.081 -470.987 67.8 1.4 1.0 3.4
2019.1534 -339.164 -466.545 72.3 1.4 1.1 3.5
2019.1562 -339.323 -465.99 76.5 2.0 1.4 4.8
2019.1890 -349.328 -472.985 81.7 2.3 1.7 6.7
2019.3041 -346.522 -468.988 77.9 2.0 1.5 5.5
2019.3068 -347.634 -469.876 77.7 1.7 1.3 4.9
2019.3096 -347.528 -468.655 81.4 1.7 1.2 4.5
2019.3123 -351.922 -468.655 77.9 1.8 1.3 4.9
2019.3863 -347.052 -465.324 70.4 1.7 1.4 5.0
2019.3890 -357.692 -467.212 64.8 1.8 1.5 5.5
2019.3918 -350.016 -467.101 43.8 2.1 1.7 6.4
2019.5370 -358.221 -467.545 70.9 1.9 1.7 5.9
2019.5397 -364.521 -473.318 69.5 1.8 1.6 5.7
2019.5425 -353.881 -472.763 60.2 1.8 1.6 5.6
2019.5452 -359.28 -477.537 91 1.8 1.6 5.8
2019.5479 -352.822 -477.981 67.7 2.0 1.7 6.2
2019.5507 -357.904 -468.544 72.8 1.8 1.7 5.7
2019.7123 -358.909 -479.536 106.2 1.9 1.5 5.2
2019.7151 -363.515 -475.428 127.4 1.8 1.5 5.3
2019.7178 -364.097 -477.648 122.7 1.8 1.5 5.1
2019.8795 -361.609 -483.644 70.7 1.8 1.4 5.2
2019.8822 -361.45 -480.979 86.5 1.6 1.3 4.5
2019.8849 -352.716 -476.76 90.4 1.8 1.2 4.6
2020.4356 -371.773 -479.98 82.9 2.0 1.6 6.1
2020.4384 -370.979 -477.204 81.2 1.9 1.8 6.2
2020.4411 -369.338 -480.313 47.7 2.0 1.8 6.3
