2000.5616 0 0 0 5.4 3.7 8.5
2000.5644 0.861268 10.3302 -0.4 1.5 0.9 2.9
2000.5671 7.88391 11.3299 -13.8 1.5 1.0 3.0
2000.5699 2.51755 9.77479 -7.8 1.5 0.9 2.9
2000.5726 5.23386 11.7742 -3.4 1.6 1.0 3.0
2000.5753 -7.6189 9.44156 6 1.7 1.0 3.1
2000.5781 -1.78879 10.108 -13.6 1.7 1.0 3.1
2000.5808 -4.10758 11.441 -10.1 1.5 1.0 2.9
2000.5836 -2.05379 11.552 -11.6 1.5 0.9 2.9
2000.5863 0 9.55264 8.4 1.7 1.0 3.2
2000.5890 1.72254 11.552 -1.7 1.7 1.0 3.1
2001.4575 -21.6642 0.222154 39 5.6 2.3 7.7
2001.4603 -16.4303 -5.88709 11.8 1.5 1.0 3.0
2001.4630 -4.30634 -8.7751 5.8 1.4 0.9 3.0
2001.4658 -4.7701 -6.66463 10.8 1.4 1.0 3.0
2001.4685 -8.94393 -4.8874 10.3 1.5 1.1 3.0
2001.4712 -1.65628 -10.6634 9.1 1.5 1.1 3.3
2001.4767 -3.71008 -5.22063 -2.3 1.5 0.9 3.0
2001.4795 -4.30634 -7.10894 -4.8 1.5 1.0 3.0
2001.4822 -5.36636 -7.7754 -0.3 1.5 1.0 2.9
2001.4849 -6.02887 -8.99725 0.5 1.5 1.0 3.0
2001.4877 -8.14891 -6.3314 5.2 3.4 1.6 4.9
2001.5753 8.87768 -1.11077 -41.1 5.1 4.0 9.4
2001.5781 -13.979 -16.5505 10.9 11.9 6.7 19.3
2001.5808 -11.1302 -14.44 22 3.7 2.5 6.4
2001.5836 -7.55265 -17.328 13.5 1.5 1.1 3.1
2001.5863 -0.463758 -13.9957 12.3 1.4 1.0 3.1
2001.5890 -3.97508 -13.3293 13.4 1.4 1.0 3.0
2001.5918 0.662514 -14.329 10.1 1.6 1.0 3.1
2001.5945 -1.12627 -15.4397 6.2 1.5 1.0 3.0
2001.5973 -4.50509 -14.329 1.4 1.5 1.0 3.1
2001.6000 -4.70385 -13.3293 17.8 1.8 1.2 3.5
2001.6027 -7.2214 -23.3262 3.3 1.5 1.1 3.2
2001.6055 -13.1178 -15.3287 8 1.5 1.1 3.2
2001.6082 -2.12004 -13.2182 -3.2 1.6 1.0 3.1
2002.5041 -4.30634 -26.8807 -9.9 3.5 1.8 5.7
2002.5068 -8.41392 -29.6576 -6.2 1.3 0.9 2.7
2002.5096 -0.331257 -29.4355 -10.3 1.3 0.8 2.6
2002.5123 -4.10758 -29.7687 -6.6 1.3 0.8 2.5
2002.5151 -6.16137 -27.5471 -4.1 1.3 0.8 2.6
2002.5178 -9.27519 -30.3241 2.6 1.3 0.8 2.6
2002.5205 -5.36636 -29.9908 -3.3 1.3 0.9 2.8
2002.5233 -5.0351 -32.2124 -6.5 1.3 0.8 2.6
2002.5260 -11.2627 -30.5462 -1.3 1.3 0.8 2.5
2002.5288 0.265006 -32.7678 -15.7 1.4 0.9 2.6
2003.5863 -11.859 -55.3164 -21.3 1.3 0.8 2.6
2003.5890 -5.23386 -54.7611 -20.3 1.3 0.9 2.7
2003.5918 -3.77633 -51.762 -32.4 2.6 1.9 5.7
2003.5945 -12.2565 -51.873 -14.9 1.3 0.8 2.5
2003.5973 -8.67893 -52.0952 -8.1 1.2 0.8 2.5
2003.6000 -14.4428 -52.2063 -17.9 1.2 0.8 2.5
2003.6027 -9.54019 -53.3171 -10.5 1.2 0.8 2.5
2003.6055 -8.74518 -53.5392 -9 1.2 0.8 2.5
2003.6082 -5.76387 -54.5389 -12.9 1.2 0.8 2.5
2003.6110 -8.61268 -52.9838 -15.7 1.2 0.8 2.5
2003.6137 -10.004 -54.0946 -11.5 1.2 0.8 2.5
2003.6164 -11.9252 -55.7608 -3.9 1.2 0.8 2.5
2003.6192 -11.064 -55.2054 3.5 1.2 0.8 2.5
2003.6219 -9.34144 -54.8721 -2.2 1.2 0.8 2.5
2003.6247 -8.34767 -53.4281 -3 1.2 0.8 2.5
2004.6384 -18.4841 -74.0885 -5.5 1.2 0.9 2.8
2004.6411 -3.51132 -77.3097 22.3 1.2 0.8 2.6
2004.6438 -9.01018 -72.8666 -2.9 1.2 0.8 2.5
2004.6466 -17.6229 -73.8663 -7.5 1.2 0.8 2.6
2004.6493 -13.8465 -77.643 13.1 1.2 0.8 2.6
2004.6521 -17.4241 -75.9768 8.1 1.2 0.8 2.6
2004.6548 -21.8629 -76.31 7.1 1.2 0.8 2.6
2004.6575 -21.9954 -75.9768 6.8 1.2 0.8 2.5
2004.6603 -23.5855 -75.3103 6.7 1.2 0.9 2.6
2004.6630 -20.3392 -75.1993 6.4 1.2 0.9 2.6
2004.6658 -21.2004 -77.9762 0.7 1.2 0.9 2.7
2004.6685 -24.3805 -74.1996 -9.1 1.3 0.9 2.6
2004.6712 -26.368 -77.0876 2.9 2.5 1.9 5.3
2005.5342 -28.7531 -95.5264 -7.8 1.2 0.8 2.6
2005.5370 -25.1755 -95.7485 -9.3 1.2 0.8 2.6
2005.5397 -21.6642 -96.3039 16.4 1.2 0.8 2.6
2008.6932 -145.157 -131.182 -19.9 1.6 0.9 2.9
2008.6959 -129.654 -135.958 -15.1 1.3 0.8 2.5
2008.6986 -138.929 -135.514 -11.4 1.3 0.8 2.5
2008.7014 -126.871 -134.292 -9 1.5 1.0 3.0
2010.4986 -165.098 -184.499 -17.6 1.6 0.9 2.9
2010.5014 -161.521 -181.5 -13.6 1.3 0.8 2.5
2010.5041 -157.148 -183.611 9.5 1.3 0.8 2.5
2010.5068 -162.25 -183.055 -9.2 1.7 1.1 3.1
2010.5123 -162.25 -186.499 -11.2 5.1 2.0 5.9
2010.5151 -157.546 -185.832 -12.2 1.3 0.8 2.5
2010.5178 -163.641 -185.055 -9.5 1.3 0.8 2.5
2010.5205 -161.72 -179.612 0.3 1.5 1.0 3.0
