1995.7726 0 0 0 2.0 1.6 4.9
1995.7753 -8.70121 -1.88859 -3.6 1.4 1.0 3.0
1995.7781 -28.2088 17.9971 -14.4 1.4 1.0 3.0
1995.7808 -11.9291 3.3328 -11.3 1.9 1.1 3.7
1999.5288 -82.1001 -30.4396 -34 2.2 1.9 5.1
1999.5315 -74.3813 -34.2167 -20.9 1.3 0.9 2.9
1999.5342 -70.5921 -34.1056 -28.1 1.4 0.9 3.0
1999.5370 -78.381 -33.2169 -36.5 1.8 1.1 3.7
2002.4356 -102.38 -67.2114 -12.6 2.0 1.6 4.5
2002.4384 -114.659 -69.1 -15.7 1.4 1.0 3.0
2002.4411 -107.221 -60.8791 -15.6 1.4 1.0 3.2
2002.4438 -112.554 -66.9893 -15 1.4 1.0 3.0
2002.4466 -117.887 -67.7669 -15.2 1.8 1.1 3.9
2006.4795 -170.095 -112.315 -16.3 2.9 1.8 5.1
2006.4822 -169.674 -113.648 -17.3 1.4 0.9 2.9
2006.4849 -169.814 -115.093 -8.3 1.5 1.0 3.1
2006.4877 -172.831 -113.982 -14.6 1.7 1.1 3.8
2011.4740 -230.442 -164.974 -10.1 1.9 1.4 4.4
2011.4795 -237.318 -161.53 -25.6 1.7 1.3 4.1
2011.4822 -237.88 -160.863 -24.5 1.7 1.3 4.1
