1995.7397 0 0 0 2.9 2.0 5.3
1995.7425 -12.0959 -3.33213 -2.6 1.6 1.1 3.1
1995.7452 -17.3353 -4.10963 4.2 1.4 1.0 2.8
1995.7479 -12.484 -7.55283 4.6 1.9 1.3 3.7
2002.4274 -120.571 -81.0818 19.3 2.0 1.5 4.3
2002.4301 -124.387 -83.6365 7.9 1.6 1.0 3.2
2002.4986 -120.959 -82.6368 20.7 1.9 1.6 3.9
2002.5014 -120.635 -86.1911 11.4 1.6 1.1 3.3
2002.5041 -121.929 -79.4158 13 1.3 0.9 2.7
2002.5068 -122.253 -82.859 19.3 1.6 1.0 3.2
2006.4712 -180.209 -127.176 0.7 2.1 1.7 4.0
2006.4740 -184.543 -127.398 10.5 1.6 1.1 3.3
2006.5342 -180.597 -127.954 17.5 1.7 1.0 2.9
2006.5370 -183.185 -126.288 23.5 1.4 1.0 3.0
2006.5425 -185.449 -132.508 27.2 2.2 1.6 4.2
2006.5452 -184.22 -132.174 22.6 1.5 1.0 3.1
2011.4986 -252.267 -182.712 29.2 1.6 1.2 3.5
2011.5014 -250.585 -181.934 27.5 1.6 1.2 3.4
2011.5260 -256.278 -182.49 14.7 1.6 1.2 3.4
