1995.7397 0 0 0 2.4 1.9 5.1
1995.7425 3.17037 -1.44386 -6.3 1.6 1.1 3.1
1995.7452 2.15585 -2.88772 1.3 1.3 1.0 2.8
1995.7479 2.47289 0.111066 -2.1 1.8 1.4 3.7
1999.4822 -54.9108 -46.2035 -2.6 2.6 1.8 4.8
1999.4849 -58.7787 -45.5371 -4.9 2.3 1.4 3.8
1999.5068 -67.6557 -46.4256 1.5 2.7 1.9 5.1
1999.5096 -61.1882 -50.6461 0.5 1.3 0.9 2.7
1999.5123 -67.0851 -48.5359 -2.6 1.4 0.9 2.8
1999.5151 -64.1049 -46.0924 -3.3 1.6 1.1 3.5
2002.4740 -102.593 -74.4143 28.1 2.1 1.8 4.5
2002.4767 -107.285 -80.8561 19.3 1.3 0.9 2.6
2002.4795 -111.28 -80.1897 15.8 1.7 1.1 3.2
2002.4904 -111.597 -77.9684 13.8 1.9 1.6 4.0
2002.4932 -112.675 -80.4118 21.6 1.7 1.1 3.4
2002.4986 -107.349 -77.4131 21.2 1.9 1.6 4.0
2002.5014 -109.948 -81.4114 18.2 1.6 1.1 3.3
2006.5123 -167.776 -124.949 27.9 2.3 1.6 4.2
2006.5151 -166.952 -126.282 29.6 1.4 1.0 3.0
2006.5315 -164.606 -127.615 35.3 2.5 1.8 4.5
2006.5342 -168.283 -126.837 33.1 1.3 0.9 2.6
2006.5370 -170.566 -126.282 28.1 1.6 1.1 3.4
