2021.7178 0 0 0 1.5 1.0 3.1
2021.7205 0.315095 -1.22131 0.8 1.5 1.0 3.1
2021.7233 0.315095 -0.555141 -0.4 1.5 1.0 3.1
2021.7260 -2.57328 -1.55439 -3 1.5 1.0 3.1
2021.7288 -2.83586 -0.888224 2.5 1.5 1.0 3.1
2021.7315 -1.628 0.55514 3.9 1.6 1.1 3.2
2021.7342 1.99561 1.44336 0.5 1.5 1.0 3.1
2021.7370 -0.157548 0.999252 -7.1 1.5 1.0 3.0
2021.7397 1.15535 -1.66542 -4.6 1.5 1.0 3.1
2021.7425 -0.52516 1.11028 3.9 1.5 1.0 3.1
2021.7452 -1.47045 0.888224 4.6 1.5 1.0 3.0
2021.7479 -0.52516 -0.555141 -2.7 1.5 1.0 3.1
2021.7507 -0.577675 1.88748 2 1.5 1.0 3.1
2021.7534 1.94309 0.666168 4.7 1.5 1.0 3.1
2021.7562 1.41793 0.999252 -6 1.5 1.0 3.1
2021.7589 0.0525154 1.88748 -4.4 1.5 1.0 3.1
2021.7616 2.25819 0.666168 1.8 1.5 1.0 3.0
2021.7644 -0.315095 -0.222056 2.3 1.5 1.0 3.1
2021.7671 -0.52516 0.222056 3.9 1.5 1.0 3.1
2021.7699 -0.105032 1.33234 -1 1.5 1.0 3.0
2021.7726 -3.57108 -1.22131 0.1 1.5 1.0 3.1
2021.7753 -2.10064 1.9985 -4.6 1.5 1.0 3.0
2021.7781 -3.15096 1.11028 1.8 1.5 1.0 3.1
2021.7808 -2.6258 1.55439 -1.4 1.9 1.2 3.6
2021.7836 -0.367612 0.111028 2.9 1.5 1.0 3.0
2021.7863 -0.997803 1.9985 1.7 1.5 1.0 3.1
2021.7890 -6.45946 2.33159 -2.8 1.5 1.0 3.0
2021.7918 -3.20347 2.22056 -3.2 1.5 1.0 3.0
2021.7945 -1.47045 2.66467 -0.1 1.5 1.0 3.1
2021.7973 -5.19908 2.22056 -2.1 1.5 1.0 3.0
2021.8000 -4.35882 1.44336 -3.2 1.5 1.0 3.0
2021.8027 -4.14876 0.666168 -0.2 1.5 1.1 3.1
2021.8055 -2.10064 2.10953 -4.9 1.6 1.1 3.1
2021.8082 -2.6258 3.66392 -2.3 1.5 1.0 3.0
2021.8110 -6.72204 2.99776 3.7 1.5 1.0 3.0
2021.8137 -3.46605 2.88673 -2.4 1.6 1.0 3.2
2021.8164 -4.20128 0.888224 2.1 1.5 1.0 3.0
2021.8192 -4.83147 1.77645 0.8 1.5 1.0 3.0
2021.8219 -3.57108 1.88748 0.4 1.6 1.0 3.2
2021.8247 -5.09405 2.33159 -8.7 1.6 1.0 3.2
2021.8274 -3.9387 3.21981 -1.3 1.6 1.0 3.2
2021.8301 -3.09844 5.21832 -1.5 1.6 1.0 3.2
2021.8329 -8.82268 6.43963 7.6 1.8 1.1 3.3
2021.8356 -4.30631 0.777196 -1.6 1.6 1.0 3.2
2021.8384 -6.77456 3.10878 -2.9 1.6 1.0 3.2
2021.8411 -3.72863 0.55514 -5.4 1.6 1.0 3.3
2021.8438 -0.157548 -2.10953 -7 2.2 1.3 4.0
2021.8466 -4.35882 2.10953 -5.4 1.6 1.0 3.2
2021.8493 -4.41134 0.999252 -7.4 1.6 1.0 3.2
2021.8521 -7.2472 1.22131 -8 1.6 1.0 3.2
2021.8548 -3.99121 2.33159 -11.4 1.6 1.0 3.2
2021.8575 -2.20567 0.666168 -5 1.6 1.0 3.1
2021.8603 -3.51857 2.44262 -6.7 1.5 1.0 3.1
2021.8630 -4.6214 1.66542 -5.2 1.5 1.0 3.0
2021.8658 -3.67612 0 -8.4 1.6 1.0 3.1
2021.8685 -6.03933 0.333084 -6.1 1.7 1.1 3.2
2021.8712 -5.04153 2.10953 -10.6 1.7 1.1 3.2
2021.8740 -4.9365 2.10953 -10.8 1.6 1.0 3.2
2021.8767 -4.25379 1.55439 -6.5 1.6 1.0 3.2
2021.8795 -6.51198 1.11028 -7.1 1.5 1.0 3.0
2021.8822 -8.77016 1.33234 -10.4 1.5 1.0 3.1
2021.8849 -7.19468 2.22056 -13 1.6 1.0 3.1
2021.8877 -5.19908 3.44187 -11 1.6 1.0 3.1
2021.8904 -5.46166 1.22131 -12.6 1.6 1.0 3.1
2021.8932 -5.67172 2.99776 -8.9 1.5 1.0 3.1
2021.8959 -3.51857 3.99701 -7.7 1.5 1.0 3.1
2021.8986 -6.40695 2.33159 -9.5 1.5 1.0 3.1
2021.9014 -6.19688 1.88748 -8.6 1.6 1.0 3.1
2021.9041 -5.35663 2.10953 -12.7 1.6 1.0 3.1
2021.9068 -5.88179 2.10953 -10 1.6 1.0 3.1
2021.9096 -6.51198 3.10878 -11.4 1.6 1.0 3.1
2021.9123 -6.72204 3.33084 -6.5 1.5 1.0 3.1
2021.9151 -7.50978 3.5529 -7.5 1.6 1.0 3.1
2021.9178 -5.51417 0.888224 -8.3 1.6 1.1 3.1
2021.9205 -6.45946 1.77645 -9.3 1.6 1.0 3.1
2021.9233 -7.35223 2.55364 -10.6 1.8 1.0 3.3
2021.9260 -8.45507 2.88673 -13.1 1.6 1.0 3.1
2021.9288 -5.88179 1.22131 -12.7 1.6 1.0 3.2
2021.9315 -7.2472 0 -6.1 1.6 1.0 3.2
2021.9342 -7.77236 1.11028 -2.8 1.7 1.1 3.3
2021.9370 -9.50539 1.22131 -3 1.6 1.1 3.3
2021.9397 -8.45507 0.999252 -4.4 1.6 1.1 3.2
2021.9425 -8.19249 0.888224 -0.1 1.6 1.1 3.3
2021.9452 -10.1356 1.88748 -6.2 1.6 1.0 3.2
2021.9479 -11.4485 3.99701 -10.8 1.6 1.0 3.2
2021.9507 -7.98242 3.5529 -7.2 1.6 1.0 3.2
2021.9534 -8.45507 3.77495 -3.2 1.6 1.0 3.2
2021.9562 -8.245 3.77495 -9.9 1.6 1.0 3.3
2021.9589 -8.92771 2.88673 -6 1.6 1.1 3.3
2021.9616 -9.5579 0.666168 -1.3 1.6 1.1 3.3
2021.9644 -7.19468 3.10878 -3.2 1.6 1.1 3.3
2021.9671 -10.8708 2.33159 -5.8 1.6 1.1 3.3
2021.9699 -8.03494 0.999252 -5.5 1.6 1.0 3.3
2021.9726 -7.71984 0.333084 -5.6 1.6 1.0 3.3
2021.9753 -10.8708 3.33084 -9.1 1.6 1.0 3.2
2021.9781 -10.3982 1.88748 -5.3 1.6 1.0 3.3
2021.9808 -9.71545 5.88449 -8.1 1.6 1.0 3.2
2021.9836 -8.13997 3.21981 -7.8 1.6 1.0 3.3
2021.9863 -7.19468 4.99626 -2.5 1.6 1.0 3.3
2021.9890 -9.03274 0.444112 -8 1.5 1.0 3.2
2021.9918 -8.50758 2.7757 -2 1.5 1.0 3.2
2021.9945 -7.92991 2.44262 -8.1 1.5 1.0 3.2
2021.9973 -9.5579 4.55215 -3.4 1.5 1.0 3.2
2022.0000 -9.97803 3.88598 -9.1 1.5 1.0 3.1
2022.0027 -7.92991 4.44112 -5.8 1.5 1.0 3.1
2022.0055 -8.45507 1.66542 -11.6 1.5 1.0 3.2
2022.0082 -5.98682 2.44262 -19.9 1.5 1.0 3.1
2022.0110 -8.08746 3.21981 -13.6 1.5 1.0 3.2
2022.0137 -8.5601 5.66243 -13.6 1.5 1.0 3.1
2022.0164 -7.03714 4.77421 -8.5 1.5 1.0 3.1
2022.0192 -9.34784 2.33159 -9.7 1.5 1.0 3.1
2022.0219 -6.87959 3.10878 -7.5 1.5 1.0 3.1
2022.0247 -7.5623 4.21906 -0.6 1.6 1.1 3.4
2022.0274 -5.72424 1.33234 6.8 1.5 1.0 3.1
2022.0301 -9.40036 3.88598 0.5 1.5 1.0 3.1
2022.0329 -6.66952 3.88598 -5.4 1.5 1.0 3.1
2022.0356 -7.19468 1.33234 -1.5 1.5 1.0 3.1
2022.0384 -7.66733 2.33159 0.2 1.5 1.0 3.2
2022.0411 -5.67172 2.55364 -5.1 1.5 1.0 3.2
2022.0438 -7.5623 3.33084 -6.3 1.5 1.0 3.1
2022.0466 -9.29532 3.33084 -6.9 1.5 1.0 3.2
2022.0493 -11.0809 3.99701 -5 1.5 1.0 3.2
2022.0521 -11.5535 2.33159 -0.6 1.5 1.0 3.2
2022.0548 -10.5032 2.88673 2.2 1.5 1.0 3.1
2022.0575 -6.35443 1.9985 -1 1.5 1.0 3.1
2022.0603 -8.8752 1.88748 -1.7 1.5 1.0 3.1
2022.0630 -10.0831 2.33159 -5.2 1.5 1.0 3.2
2022.0658 -8.50758 -0.111028 -0.6 1.5 1.0 3.2
2022.0685 -13.3916 0.222056 0.8 1.5 1.1 3.2
2022.0712 -10.4507 2.33159 -7.1 1.5 1.0 3.1
2022.0740 -9.97803 3.10878 -5.8 1.5 1.0 3.1
2022.0767 -11.3434 2.88673 -3 1.5 1.0 3.1
2022.0795 -12.4463 1.44336 -4.2 1.5 1.0 3.1
2022.0822 -11.9211 1.11028 -6.1 1.5 1.0 3.1
2022.0849 -11.1859 3.10878 -12 1.5 1.0 3.1
2022.0877 -8.92771 2.99776 -8.9 1.5 1.0 3.1
2022.0904 -11.2909 2.33159 -9 1.5 1.0 3.0
2022.0932 -12.5513 5.10729 -8.4 1.5 1.1 3.2
2022.0959 -8.8752 4.33009 -6.7 1.8 1.2 3.5
2022.0986 -7.61481 2.7757 -11.8 1.5 1.0 3.0
2022.1014 -11.396 1.11028 -5.1 1.5 1.0 3.2
2022.1041 -9.71545 4.44112 -5.8 1.5 1.0 3.1
2022.1068 -10.6082 3.21981 -5.1 1.5 1.0 3.2
2022.1096 -11.2909 3.66392 -6.6 1.5 1.0 3.2
2022.1123 -10.2406 2.55364 -13.3 1.6 1.0 3.2
2022.1151 -9.24281 3.44187 -5.5 1.5 1.0 3.1
2022.1178 -7.71984 4.33009 -6.1 1.5 1.0 3.0
2022.1205 -11.9736 2.55364 -2 1.5 1.0 3.1
2022.1233 -12.0787 5.77346 -8.7 1.5 1.0 3.1
2022.1260 -3.72863 8.3271 -17.9 1.5 1.0 3.1
2022.1288 19.6935 10.9918 -13 1.5 1.0 3.1
2022.1315 30.9844 6.77271 -9.1 1.5 1.0 3.1
2022.1342 33.0325 5.32934 -11.3 1.5 1.0 3.1
2022.1370 36.6561 6.3286 -7.4 1.5 1.0 3.1
2022.1397 37.2338 9.1043 -12.4 1.6 1.0 3.1
2022.1425 36.341 5.88449 -10.5 1.6 1.0 3.2
2022.1452 31.1945 4.55215 -14.6 1.6 1.0 3.1
2022.1479 34.3454 6.10654 -13.6 1.6 1.0 3.1
2022.1507 -11.501 3.77495 -6.8 1.7 1.0 3.3
2022.1534 -9.873 2.7757 -4.9 1.7 1.0 3.3
2022.1562 -10.0305 2.33159 -4 1.5 1.0 3.1
2022.1589 -11.8686 2.99776 -8.9 1.5 1.0 3.1
2022.1616 -12.9189 4.66318 -9.4 1.5 1.0 3.1
2022.1644 -11.3434 3.66392 -11.9 1.5 1.0 3.1
2022.1671 -11.2909 3.99701 -11.1 1.5 1.0 3.1
2022.1699 -11.4485 2.7757 -12 1.5 1.0 3.1
2022.1726 -9.50539 3.44187 -14 1.5 1.0 3.1
2022.1753 -12.0787 4.99626 -15.7 1.6 1.0 3.2
2022.1781 -12.5513 4.44112 -17 1.5 1.0 3.1
2022.1808 -9.97803 6.21757 -23.5 1.5 1.0 3.1
2022.1836 -9.19029 4.55215 -16.8 1.5 1.0 3.1
2022.1863 -9.50539 4.88523 -16.6 1.5 1.0 3.1
2022.1890 -7.5623 2.33159 -11 1.6 1.0 3.2
2022.1918 -8.82268 3.21981 -16.9 1.6 1.0 3.2
2022.1945 -11.2384 2.88673 -15.8 1.6 1.0 3.1
2022.1973 -9.82048 4.10804 -16.1 1.8 1.0 3.2
2022.2000 -9.66294 4.66318 -12.5 1.5 1.0 3.1
2022.2027 -10.2931 3.77495 -9.8 1.6 1.0 3.1
2022.2055 -9.45287 5.88449 -15.5 1.5 1.0 3.1
2022.2082 -8.98023 4.77421 -15.7 1.6 1.0 3.3
2022.2110 -9.24281 4.44112 -15 1.6 1.0 3.2
2022.2137 -10.6082 3.10878 -14.8 1.5 1.0 3.1
2022.2164 -9.92551 3.77495 -16.1 1.5 1.0 3.1
2022.2192 -10.3982 4.33009 -18.1 1.5 1.0 3.1
2022.2219 -8.03494 6.3286 -13.2 1.5 1.0 3.1
2022.2247 -7.92991 4.77421 -10.8 1.5 1.0 3.2
2022.2274 -8.8752 5.10729 -12.8 1.6 1.0 3.2
2022.2301 -5.77675 0.999252 -10.7 1.6 1.0 3.1
2022.2329 -8.77016 4.44112 -15.7 1.5 1.0 3.1
2022.2356 -10.9758 4.10804 -11.6 1.5 1.0 3.1
2022.2384 -9.71545 2.66467 -10.7 1.6 1.0 3.1
2022.2411 -10.0831 3.44187 -13.7 1.5 1.0 3.1
2022.2438 -12.0787 3.88598 -16.9 1.5 1.0 3.1
2022.2466 -10.1356 1.66542 -11.1 1.6 1.0 3.2
2022.2493 -8.03494 3.88598 -11.6 1.6 1.0 3.2
2022.2521 -13.3916 3.99701 -10.9 1.6 1.0 3.1
2022.2548 -10.2406 3.5529 -14.2 1.5 1.0 3.1
2022.2575 -11.4485 2.44262 -11.6 1.5 1.0 3.1
2022.2603 -12.5513 2.44262 -16.5 1.5 1.0 3.1
2022.2630 -10.5557 2.99776 -15.3 1.5 1.0 3.1
2022.2658 -11.6585 3.33084 -17.7 1.6 1.0 3.1
2022.2685 -10.3982 2.33159 -23.3 1.6 1.0 3.2
2022.2712 -12.4988 5.32934 -22.5 1.6 1.0 3.2
2022.2740 -14.3894 3.5529 -25.8 1.7 1.1 3.3
2022.2767 -11.7111 5.21832 -25.6 1.6 1.0 3.2
2022.2795 -12.3938 3.44187 -22.6 1.6 1.0 3.1
2022.2822 -10.0305 4.66318 -21.3 1.6 1.0 3.1
2022.2849 -12.7614 4.10804 -25.6 2.2 1.3 3.6
2022.2877 -14.2843 4.33009 -18.7 1.7 1.0 3.3
2022.2904 -16.595 3.66392 -16.4 1.7 1.0 3.2
2022.2932 -13.2865 4.99626 -20.4 1.6 1.0 3.1
2022.2959 -12.1837 3.44187 -19.4 1.6 1.0 3.1
2022.2986 -12.8664 4.10804 -18.2 1.6 1.0 3.1
2022.3014 -10.6607 2.7757 -23 1.6 1.0 3.1
2022.3041 -15.5447 2.99776 -16.3 1.6 1.0 3.2
2022.3068 -13.6541 2.22056 -13.7 1.6 1.0 3.2
2022.3096 -13.7592 3.44187 -10.8 1.7 1.0 3.1
2022.3123 -13.7592 2.66467 -13.4 1.6 1.0 3.1
2022.3151 -9.97803 2.22056 -15.7 1.6 1.0 3.1
2022.3178 -9.5579 2.44262 -13.2 1.6 1.0 3.1
2022.3205 -12.7089 3.99701 -18 1.7 1.1 3.4
2022.3233 -13.5491 1.22131 -16.3 1.6 1.0 3.3
2022.3260 -13.0765 3.10878 -10.2 1.6 1.0 3.1
2022.3288 -12.2362 2.55364 -13.3 1.6 1.0 3.1
2022.3315 -11.501 0.777196 -7.6 1.5 1.0 3.1
2022.3342 -12.2887 2.10953 -8.9 1.6 1.0 3.1
2022.3370 -12.0262 1.88748 -16 1.6 1.0 3.2
2022.3397 -10.9758 0 -11.8 1.6 1.0 3.2
2022.3425 -10.7658 0.55514 -9.2 1.5 1.0 3.1
2022.3452 -12.3412 1.55439 -13.2 1.5 1.0 3.1
2022.3479 -12.3938 2.55364 -14.8 1.5 1.0 3.1
2022.3507 -10.1881 2.88673 -15.5 1.5 1.0 3.1
2022.3534 -13.234 1.77645 -12.9 1.5 1.0 3.1
2022.3562 -13.9167 2.7757 -13.3 1.5 1.0 3.1
2022.3589 -13.4966 3.99701 -14.2 1.5 1.0 3.1
2022.3616 -12.7089 3.10878 -12.8 1.5 1.0 3.1
2022.3644 -14.1793 2.66467 -11.2 1.5 1.0 3.1
2022.3671 -13.4441 1.66542 -14.3 1.5 1.0 3.1
2022.3699 -15.7548 2.22056 -17.9 1.5 1.0 3.1
2022.3726 -12.2887 1.77645 -11.9 1.5 1.0 3.1
2022.3753 -13.3916 0.999252 -5.1 1.5 1.0 3.1
2022.3781 -12.4463 -0.111028 -15.1 1.5 1.0 3.1
2022.3808 -13.6541 0.999252 -18.8 1.5 0.9 3.1
2022.3836 -15.9123 0 -17.2 1.5 1.0 3.1
2022.3863 -13.1815 0.777196 -12.2 1.5 1.0 3.1
2022.3890 -13.1815 0.222056 -12.9 1.5 1.0 3.1
2022.3918 -14.3894 0.666168 -13.4 1.8 1.1 3.6
2022.3945 -14.3894 0.999252 -15.7 1.5 1.0 3.1
2022.3973 -11.9736 1.33234 -13.5 1.5 1.0 3.1
2022.4000 -15.5447 -1.22131 -10.8 1.6 1.0 3.3
2022.4027 -12.4463 -0.777197 -13.9 1.6 1.0 3.3
2022.4055 -14.2843 -1.22131 -9.8 1.6 1.0 3.1
2022.4110 -12.3412 -2.55364 -13.3 1.5 1.0 3.1
2022.4137 -11.0809 -1.44336 -11.4 1.5 1.0 3.1
2022.4164 -12.6038 -1.77645 -15.9 1.5 1.0 3.0
2022.4192 -9.03274 -2.7757 -11.1 1.5 1.0 3.1
2022.4219 -14.1793 -4.10804 -1.5 1.5 1.0 3.2
2022.4247 -11.4485 0.222056 -9.7 1.5 1.0 3.1
2022.4274 -13.4966 -3.88598 -6.5 1.5 1.0 3.1
2022.4301 -13.6541 -2.33159 -3.8 1.5 1.0 3.1
2022.4329 -18.5906 -0.666168 -9 1.5 1.0 3.1
2022.4356 -10.9758 -3.33084 -9 1.5 1.0 3.1
2022.4384 -12.0262 -4.55215 -5.8 1.5 1.0 3.1
2022.4411 -11.1859 -3.21981 -8 1.5 1.0 3.1
