1999.6658 0 0 0 14.4 9.3 18.4
2002.5973 -79.7587 81.7217 -2 1.4 1.0 3.4
2002.6000 -81.6161 79.9451 12.1 1.4 1.1 3.3
2002.6027 -82.2171 81.2775 8 1.4 1.0 3.3
2002.6055 -80.6874 80.7223 6.5 1.5 1.1 3.4
2002.6082 -63.9163 83.0541 7.8 6.1 3.3 9.5
2003.5342 -116.36 115.92 -6.9 1.4 1.0 3.1
2003.5370 -110.952 117.697 -0.1 1.6 1.1 3.2
2003.5397 -108.931 118.696 5.5 2.0 1.2 3.7
2003.5425 -106.91 119.362 -5.3 1.6 1.2 3.5
2006.4384 -199.288 189.425 3.4 1.3 0.9 2.6
2006.4411 -201.309 190.869 -2.6 1.3 0.9 2.7
2006.4438 -206.772 189.981 -1.3 1.4 0.9 2.8
