2022.4000 0 0 0 1.2 0.9 2.9
2022.4027 0.232382 -0.555234 2.1 1.2 0.9 2.9
2022.4055 1.22001 -1.55465 -2.3 1.4 1.0 3.5
2022.4082 -0.174287 0.999419 6.1 1.4 1.0 3.4
2022.4110 2.09145 0.888373 -0.2 1.4 1.0 3.3
2022.4137 -1.22001 0 4.4 1.3 0.9 3.0
2022.4164 2.61431 1.33256 2.2 1.2 0.9 2.8
2022.4192 2.38193 1.44361 9.3 1.2 0.9 2.9
2022.4219 0.639054 0 3.7 1.2 0.9 2.9
2022.4247 -0.0580952 -0.111047 4 1.4 0.9 3.0
2022.4274 0.174287 1.77675 5.3 1.4 1.0 3.3
2022.4301 3.66004 -1.99884 3.6 1.4 1.0 3.3
2022.4329 -5.28672 -2.10989 10.6 1.5 1.0 3.3
2022.4356 -4.47338 -2.10989 9.9 1.5 1.0 3.4
2022.4384 -1.97526 -0.99942 8.3 1.4 1.0 3.4
2022.4411 2.90479 -1.77675 9.5 1.4 1.0 3.3
2022.4438 -2.55621 -1.6657 7.9 1.4 1.0 3.3
2022.4466 -2.7305 -1.6657 8.8 1.4 1.0 3.4
2022.4493 0.987628 -1.22151 4.5 1.4 1.0 3.3
2022.4521 -1.80097 -1.33256 7.6 1.4 1.0 3.4
2022.4548 -1.56859 0.111046 12 1.4 1.0 3.3
2022.4575 -2.96289 1.44361 11.5 1.2 0.9 2.8
2022.4603 -0.174287 1.55465 6.5 1.2 0.9 2.8
2022.4630 2.32383 -2.66512 6.1 1.2 0.9 2.8
2022.4658 0.639054 -3.3314 9.9 1.2 0.9 2.8
2022.4685 -0.697149 -4.21977 8.6 1.2 0.9 2.8
2022.4712 0.0580952 -2.66512 10.2 1.2 0.9 2.8
2022.4740 -4.76386 -3.22035 5.3 1.2 0.9 2.8
2022.4767 0.348574 -0.888373 10.4 1.2 0.9 2.7
2022.4795 0 -2.66512 7.3 1.3 0.9 2.9
2022.4822 -3.07908 0.444187 8.4 1.2 0.9 2.8
2022.4849 -1.22001 0.777326 10.6 1.3 0.9 2.8
2022.4877 2.26574 -0.222093 11.4 1.2 0.9 2.8
2022.4904 2.44002 -0.555234 5.6 1.3 0.9 3.0
2022.4932 -0.174287 -1.55465 0.9 1.4 1.0 3.3
2022.4959 -1.16192 -2.10989 14 1.5 1.0 3.4
2022.4986 2.61431 0.777326 5 1.4 1.0 3.3
2022.5014 1.27811 -0.111047 1.6 1.5 1.0 3.4
2022.5041 2.14955 2.77617 19 1.5 1.0 3.4
2022.5068 -2.38193 0.444187 14.9 1.5 1.1 3.7
2022.5096 -1.85907 -3.10931 11.5 1.5 1.0 3.6
2022.5123 0.639054 -1.22151 10.8 1.4 1.0 3.5
2022.5151 -2.20764 -3.55349 17.6 1.5 1.0 3.5
2022.5178 -0.697149 -3.3314 14.8 1.4 1.0 3.4
2022.5205 -3.02098 -2.33198 15.2 1.4 1.0 3.4
2022.5233 1.3362 -3.55349 19.2 1.4 1.0 3.4
2022.5260 -0.522862 -2.88721 10.3 1.5 1.0 3.5
2022.5288 0.929533 -1.77675 18.7 1.4 1.0 3.5
2022.5315 1.62668 -1.77675 15.1 1.4 1.0 3.4
2022.5342 0.232382 -0.444187 20.3 1.5 1.1 3.6
2022.5370 2.26574 -2.88721 12.3 1.9 1.1 3.9
2022.5397 1.22001 -2.22093 24.6 1.4 1.0 3.5
2022.5425 -0.116192 -5.44128 6.5 1.4 1.0 3.4
2022.5452 -2.38193 -3.99768 22 1.4 1.0 3.3
2022.5479 -2.90479 -3.55349 19.1 1.5 1.0 3.5
2022.5507 -2.09145 -4.88605 8.3 1.4 1.0 3.5
2022.5534 -1.56859 -6.10756 17.1 1.5 1.1 3.4
2022.5562 2.38193 -4.88605 21.8 1.4 1.0 3.5
2022.5589 -4.76386 -7.55117 8.7 1.4 1.0 3.4
2022.5616 -0.987628 -4.44187 16.4 1.4 1.0 3.4
2022.5644 -0.813341 -5.99652 8.3 1.4 1.0 3.5
2022.5671 -0.813341 -7.10698 25.1 1.4 1.0 3.5
2022.5699 -4.00861 -3.66454 10.4 1.4 1.0 3.4
2022.5726 -0.522862 -4.10873 14.9 1.4 1.1 3.5
2022.5753 -0.987628 -3.77559 5.3 1.4 1.1 3.4
2022.5781 -5.80958 -5.88547 18.2 1.3 0.9 3.0
2022.5808 -1.74287 -7.66222 22 1.2 0.9 2.8
2022.5836 -3.02098 -5.88547 18.6 1.2 0.9 2.9
2022.5863 1.51049 -4.77501 15.6 1.3 1.0 2.8
2022.5890 -0.116192 -7.32908 19 1.2 0.9 2.8
2022.5918 2.32383 -3.66454 19.3 1.2 0.9 2.8
2022.5973 -6.9715 0 24.1 1.2 0.9 2.8
2022.6000 -6.10006 -5.55233 21.3 1.3 1.0 2.9
2022.6027 -4.76386 -4.77501 18.5 1.2 0.9 2.8
2022.6055 -4.58957 -6.6628 25.6 1.3 0.9 2.8
2022.6082 -3.48575 -4.88605 31.3 1.2 0.9 2.8
2022.6110 -4.00861 -6.32966 27.7 1.3 0.9 2.9
2022.6137 -4.93814 -7.21803 26.6 1.4 1.0 3.0
2022.6164 -4.70576 -5.66338 21.6 1.3 1.0 2.9
2022.6192 0 -7.10698 18.9 1.2 0.9 2.8
2022.6219 -5.98387 -6.77384 19.8 1.2 0.9 2.9
2022.6247 -5.22862 -5.66338 21.8 1.2 0.9 2.8
2022.6274 -6.10006 -5.99652 35.1 1.2 0.9 2.8
2022.6301 -2.38193 -4.33082 19.4 1.3 0.9 2.8
2022.6329 -5.63529 -7.55117 24.5 1.3 0.9 2.9
2022.6356 -4.53147 -4.66396 28.2 1.2 0.9 2.8
2022.6384 -1.3943 -6.88489 34 1.2 0.9 2.8
2022.6411 -3.36956 -7.77326 26 1.3 0.9 2.8
2022.6438 -2.20764 -2.33198 34 1.5 1.0 3.2
2022.6466 -3.19527 -4.77501 31.5 1.4 0.9 3.0
2022.6493 -4.35719 -4.44187 21.5 1.2 0.9 2.8
2022.6521 -8.01722 -4.33082 26 1.2 0.9 2.8
2022.6548 -5.98387 -9.21687 20.3 1.2 0.9 2.8
2022.6575 -7.84293 -5.44128 28.9 1.2 0.9 2.8
2022.6603 -2.03335 -8.21745 20.2 1.3 0.9 2.8
2022.6630 -4.06671 -7.32908 25.2 1.3 0.9 2.9
2022.6658 -1.85907 -6.4407 25.6 1.2 0.9 2.8
2022.6685 -7.61055 -7.10698 31.6 1.2 0.9 2.8
2022.6712 -1.45239 -7.88431 33.8 1.2 0.9 2.8
2022.6740 -9.00485 -4.10873 28.5 1.3 0.9 2.8
2022.6767 -3.31146 -8.66164 26.6 1.8 1.0 3.0
2022.6795 -3.66004 -6.10756 31.3 1.3 0.9 2.8
2022.6822 -5.92577 -6.77384 28.4 1.2 0.9 2.8
2022.6849 -3.77623 -8.21745 25.5 1.3 0.9 2.7
2022.6877 -8.59818 -6.88489 32.3 1.3 0.9 2.8
2022.6904 -7.84293 -8.21745 22.5 1.2 0.9 2.7
2022.6932 -6.44863 -9.43896 29.3 1.3 0.9 2.8
2022.6959 -3.19527 -8.66164 23.7 1.6 1.0 2.9
2022.6986 -2.03335 -9.43896 23.2 1.7 1.1 3.2
2022.7014 4.06671 -5.10815 17.6 1.9 1.2 3.6
2022.7041 -1.3943 -9.88315 35.2 1.9 1.1 3.4
2022.7068 -0.871438 -10.6605 36.1 1.4 0.9 2.9
2022.7096 -0.406671 -10.4384 32.3 1.2 0.9 2.8
2022.7123 -3.60194 -7.66222 32.8 1.2 0.9 2.7
2022.7151 -6.44863 -8.88373 29 1.3 0.9 2.8
2022.7178 -4.64766 -8.88373 24.9 1.2 0.9 2.7
2022.7205 0.290479 -9.9942 34.3 1.2 0.9 2.7
2022.7233 -8.88866 -8.55059 25.2 1.4 0.9 2.8
2022.7260 -7.78484 -10.3273 18.2 1.3 0.9 2.8
2022.7288 -9.7601 -11.3268 26.8 1.3 0.9 2.8
2022.7315 -7.14578 -12.5483 23 1.3 0.9 2.8
2022.7342 -3.42765 -9.66106 18.9 1.7 1.2 3.7
2022.7370 -3.25337 -5.88547 26.9 1.8 1.0 3.1
2022.7397 -7.20388 -7.32908 16.7 1.3 0.9 2.7
2022.7425 -7.61055 -9.43896 18.1 1.3 0.9 2.9
2022.7452 -10.8058 -8.99478 22.9 1.4 0.9 2.9
2022.7479 -4.64766 -7.10698 20.9 1.3 0.9 2.9
2022.7507 -5.86768 -9.55001 32.4 1.3 0.9 2.9
2022.7534 -16.9059 -14.7692 16 1.7 1.2 3.3
2022.7562 -4.70576 -5.44128 26 1.7 1.0 3.0
2022.7589 -6.9134 -4.9971 24.8 1.3 0.9 2.9
2022.7616 -8.19151 -9.55001 21.7 1.6 1.0 3.0
2022.7644 16.0344 4.21977 3.6 2.8 1.6 4.7
2022.7671 -31.6041 -17.8785 -24.6 2.8 1.5 4.5
2022.7699 -18.5326 -10.8826 11.8 2.0 1.2 3.7
2022.7726 -4.70576 -8.1064 10 1.4 0.9 2.9
2022.7753 -3.95051 -11.5488 36.3 1.3 0.9 2.7
2022.7781 -5.22862 -7.99536 27.4 1.3 0.9 2.9
2022.7808 -6.9715 -9.10582 25 1.6 1.0 3.2
2022.7836 -12.4325 -9.43896 32.9 1.6 1.0 3.2
2022.7863 -38.227 -18.7669 4.4 2.3 1.3 4.2
2022.7890 -16.6154 -16.3239 18.3 2.0 1.2 3.5
2022.7918 -3.31146 -12.1041 30.5 1.9 1.4 3.6
2022.7945 -7.55245 -5.99652 16 1.6 1.0 3.3
2022.7973 -3.60194 -6.99594 28.6 1.5 1.0 3.0
2022.8000 -12.5487 -5.44128 27.8 1.5 1.0 3.2
2022.8027 -6.9134 -4.88605 16.8 1.3 0.9 2.9
2022.8055 -1.04573 -3.77559 28.3 1.4 0.9 2.8
2022.8082 -12.142 -9.32792 15.8 1.4 1.0 2.9
2022.8110 -9.7601 -10.8826 25 1.3 0.9 2.8
2022.8137 -12.6649 -9.66106 27.8 1.3 0.9 2.7
2022.8164 -7.14578 -12.4372 24.1 1.3 0.9 2.7
2022.8192 -11.3287 -12.7704 18.3 1.4 1.0 2.9
2022.8219 -11.1544 -11.5488 27 1.4 1.0 2.9
2022.8247 -10.2249 -10.6605 30.9 1.3 0.9 2.9
2022.8274 -11.2125 -12.1041 23.3 1.4 0.9 2.8
2022.8301 -11.3868 -10.1052 31.8 1.3 0.9 2.9
2022.8329 -11.7354 -13.2145 30 1.3 0.9 2.8
2022.8356 -8.42389 -11.1047 25.1 1.3 0.9 2.8
2022.8384 -7.84293 -10.2163 29.2 1.5 1.0 3.0
2022.8411 -8.19151 -10.7715 24.9 1.5 0.9 3.0
2022.8438 -13.3039 -11.1047 30.9 1.3 0.9 2.8
2022.8466 -8.2496 -10.2163 23.1 1.3 0.9 2.8
2022.8493 -13.2458 -10.6605 24.3 1.3 0.9 2.8
2022.8521 -11.6192 -11.6599 26 1.4 1.0 3.0
2022.8548 -10.9801 -11.2157 25.6 1.3 0.9 2.8
2022.8575 -7.20388 -12.7704 32.3 1.3 0.9 2.8
2022.8603 -6.21625 -12.3262 41.7 1.3 0.9 2.9
2022.8630 -7.78484 -9.21687 49.9 1.4 0.9 2.8
2022.8658 -5.40291 -13.6587 23.4 1.3 0.9 2.8
2022.8685 -8.77247 -11.993 28.5 1.3 0.9 2.8
2022.8712 -6.73911 -10.4384 26.4 1.3 0.9 2.8
2022.8740 -6.33244 -9.9942 30.4 1.3 0.9 2.8
2022.8767 -10.2249 -8.43954 23.4 1.3 0.9 2.8
2022.8795 -10.4572 -9.66106 30 1.3 0.9 2.8
2022.8822 -12.723 -11.993 28.1 1.3 0.9 2.8
2022.8877 -10.1087 -13.2145 23.6 1.3 0.9 2.8
2022.8904 -7.61055 -9.66106 25.5 1.3 0.9 2.8
2022.8932 -11.6773 -13.4366 32.1 1.3 0.9 2.8
2022.8959 -10.3992 -12.1041 31.6 1.4 0.9 2.8
2022.8986 -11.9677 -13.5477 23.5 1.3 0.9 2.8
2022.9014 -9.6439 -9.88315 24.6 1.4 0.9 2.8
2022.9041 -9.52771 -8.43954 26.1 1.4 0.9 2.9
2022.9068 -13.362 -11.3268 27.1 1.4 0.9 2.9
2022.9096 -12.2001 -9.66106 33.9 1.3 0.9 2.9
2022.9123 -12.8973 -11.882 29.5 1.3 0.9 2.8
2022.9151 -12.4325 -10.2163 34.9 1.3 0.9 2.8
2022.9178 -13.2458 -10.8826 35.4 1.3 0.9 2.8
2022.9205 -13.8268 -13.1035 32.9 1.3 0.9 2.8
2022.9233 -11.0382 -12.2151 35.5 1.3 0.9 2.8
2022.9260 -11.2125 -12.7704 29.6 1.3 0.9 2.8
2022.9288 -10.4572 -14.7692 36.7 1.3 0.9 2.8
2022.9315 -8.71437 -11.4378 58.2 1.4 1.0 2.9
2022.9342 -5.34481 -4.55291 23.6 1.4 0.9 2.8
2022.9370 -9.46962 -12.8814 35.5 1.3 0.9 2.8
2022.9397 -11.3287 -14.325 34.7 1.3 1.0 2.9
2022.9425 -16.1506 -13.7698 38.7 1.3 0.9 2.9
2022.9452 -12.8973 -15.6576 31.2 1.2 0.9 2.8
2022.9479 -12.5487 -13.3256 47.1 1.3 0.9 2.8
2022.9507 -9.52771 -13.7698 35.4 1.3 0.9 2.9
2022.9534 -11.2706 -12.5483 29.3 1.2 0.9 2.8
2022.9562 -6.9715 -11.3268 39.6 1.2 0.9 2.7
2022.9589 -11.1544 -11.4378 37.6 1.2 0.9 2.7
2022.9616 -11.1544 -10.7715 25.5 1.2 0.9 2.7
2022.9644 -14.6982 -13.6587 31.2 1.2 0.9 2.7
2022.9671 -16.9059 -10.6605 31.7 1.2 0.9 2.7
2022.9699 -11.2706 -14.214 35.5 1.4 0.9 2.9
2022.9726 -11.2125 -9.7721 32.3 1.2 0.9 2.8
2022.9753 -13.4201 -11.3268 33.3 1.2 0.9 2.8
2022.9781 -13.5944 -11.2157 33.4 1.2 0.9 2.7
2022.9808 -12.9554 -13.5477 36.4 1.2 0.9 2.7
2022.9836 -14.1173 -12.4372 36.1 1.2 0.9 2.8
2022.9863 -15.3373 -11.993 52.5 1.2 0.9 2.8
2022.9890 -12.3744 -12.7704 30.6 1.3 0.9 2.9
2022.9918 -12.4906 -14.1029 33.6 1.3 1.0 3.1
2022.9945 -12.3163 -14.4361 32.6 1.2 0.9 2.7
2022.9973 -9.17914 -14.5471 58.7 1.2 0.9 2.8
2023.0000 -8.83056 -14.5471 40.4 1.2 0.9 2.7
2023.0027 -8.65627 -11.3268 34.1 1.2 0.9 2.8
2023.0055 -12.8392 -11.4378 32 1.3 0.9 2.8
2023.0082 -10.3411 -12.4372 32.6 1.3 0.9 2.8
2023.0110 -2.44002 -10.4384 42.6 1.5 1.1 2.9
2023.0137 -10.4572 -11.4378 33.6 1.2 0.9 2.8
2023.0164 -9.41152 -13.1035 34.3 1.3 1.0 2.9
2023.0192 -11.4449 -13.9919 38 1.6 1.0 3.2
2023.0411 -17.1964 -2.77617 156 1.4 1.1 3.0
2023.0438 -11.7934 -12.3262 43.7 1.2 0.9 2.7
2023.0466 -10.1668 -10.4384 21.3 1.7 1.1 3.3
2023.0493 -19.2297 -12.6593 29.6 1.7 1.1 3.2
2023.0521 -16.964 -32.9808 25 2.9 1.7 4.5
2023.0548 -21.5535 -12.1041 26.1 1.3 1.0 2.9
2023.0575 -12.0258 -9.43896 30.5 1.2 0.9 2.8
2023.0603 -13.362 -13.7698 33.3 1.3 1.0 2.8
2023.0630 -17.0802 -11.993 59.8 1.2 1.0 2.9
2023.0658 -6.10006 -4.66396 44.3 2.0 1.3 3.6
2023.0685 4.64766 -23.2087 26.7 3.0 1.8 4.6
2023.0712 -1.22001 -4.21977 46.6 1.7 1.2 3.2
2023.0740 -15.5116 -10.7715 27.4 1.2 0.9 2.9
2023.0767 -16.9059 -11.2157 35.3 1.2 0.9 2.8
2023.0795 -14.4078 -13.4366 33 1.2 0.9 2.8
2023.0822 -12.0839 -9.32792 36.7 1.4 1.0 3.0
2023.0849 -8.42389 -8.43954 57.3 1.2 0.9 2.8
2023.0877 -13.0135 -11.4378 40.8 1.2 0.9 2.8
2023.0904 -10.6896 -10.9936 55.4 1.2 0.9 2.7
2023.0932 -11.7354 -13.6587 46.3 1.3 1.0 2.9
2023.0959 -14.7563 -11.882 29.9 1.2 0.9 2.8
2023.0986 -14.524 -14.5471 36.1 1.2 0.9 2.9
2023.1014 -16.0344 -15.7686 40.8 1.2 0.9 2.9
2023.1041 -17.1383 -10.3273 37.1 1.2 0.9 2.8
2023.1068 -12.4906 -11.6599 37.3 1.2 0.9 2.8
2023.1096 -16.2087 -12.5483 30.6 1.2 0.9 2.8
2023.1123 -11.7354 -13.7698 86 1.2 0.9 2.8
2023.1151 -12.2001 -10.7715 92.2 1.5 1.1 3.3
2023.1178 -16.0344 -13.2145 29 1.2 0.9 2.8
2023.1205 -14.1173 -13.3256 29.2 1.2 0.9 2.9
2023.1233 -14.7563 -14.1029 33.3 1.3 1.0 2.9
2023.1260 -14.0592 -11.2157 37.4 1.4 1.1 3.0
2023.1288 -13.2458 -17.6564 108.6 1.5 1.0 3.0
2023.1315 -13.2458 -12.6593 39.7 1.3 0.9 2.9
2023.1342 -13.1877 -13.1035 30.8 1.2 0.9 2.8
2023.1370 -13.943 -9.88315 28.6 1.2 0.9 2.8
2023.1397 -14.0592 -12.2151 30.3 1.2 0.9 2.8
2023.1425 -16.0344 -13.1035 28.2 1.3 1.0 2.9
2023.1452 -13.7687 -13.5477 32.9 1.2 0.9 2.8
2023.1479 -16.9059 -15.4355 31.9 1.2 0.9 2.8
2023.1507 -14.1754 -16.4349 32.4 1.2 0.9 2.8
2023.1534 -16.1506 -14.8802 34.4 1.3 0.9 2.8
2023.1562 -13.4201 -16.1018 32.5 1.2 0.9 2.8
2023.1589 -17.603 -16.657 30.4 1.7 1.2 3.3
2023.1616 -13.943 -17.5454 27.8 1.3 1.0 2.9
2023.1644 -10.6315 -15.6576 35.2 1.2 0.9 2.8
2023.1671 -12.7811 -16.3239 50.2 1.3 0.9 2.8
2023.1699 -15.6278 -13.7698 34.2 1.3 0.9 2.7
2023.1726 -11.3868 -14.4361 27.8 1.2 0.9 2.7
2023.1753 -16.0925 -14.7692 28.3 1.3 0.9 2.8
2023.1781 -16.6735 -15.7686 22.5 1.2 0.9 2.8
2023.1808 -13.3039 -12.7704 20.9 1.2 0.9 2.8
2023.1836 -16.964 -15.3244 30.3 1.4 1.0 2.8
2023.1863 -9.58581 -14.8802 27.2 1.4 1.1 3.1
2023.1890 -12.0258 -13.4366 28.9 1.3 0.9 2.9
2023.1918 -15.163 -15.2134 24.2 1.4 0.9 2.9
2023.1945 -11.8515 -13.8808 25.5 1.2 0.9 2.8
2023.1973 -14.0011 -13.7698 31.7 1.3 0.9 2.8
2023.2000 -14.8725 -14.325 24.3 1.3 0.9 2.9
2023.2027 -13.4782 -12.3262 24.5 1.4 1.1 3.1
2023.2055 -11.9677 -12.8814 28.2 1.3 0.9 2.8
2023.2082 -9.81819 -14.8802 20.7 1.3 0.9 2.8
2023.2110 -9.58581 -11.993 20.1 1.3 0.9 2.9
2023.2137 -10.2249 -12.3262 27.3 1.4 0.9 2.9
2023.2192 -11.3287 -13.5477 22.6 1.3 0.9 2.8
2023.2219 -14.1173 -15.1023 22.7 1.3 1.0 3.0
2023.2247 -12.723 -14.1029 18.3 1.9 1.1 3.5
2023.2274 -15.2211 -2.10989 29.1 1.9 1.5 3.8
2023.2301 -10.8058 -12.8814 24.7 1.5 1.0 3.0
2023.2329 -12.142 -13.2145 24.9 1.3 0.9 2.9
2023.2356 -11.7354 -12.2151 24.8 1.3 1.0 2.9
2023.2384 -14.0011 -13.1035 25 1.4 1.0 3.0
2023.2411 -10.8058 -14.214 26.9 1.4 1.0 3.1
2023.2438 -15.2211 -8.66164 6.3 1.9 1.2 3.6
2023.2466 -2.7305 -14.214 13.6 1.6 1.1 3.1
2023.2493 -11.9096 -16.2128 30.2 1.7 1.1 3.1
2023.2521 -2.26574 -18.3227 31 2.0 1.5 3.9
2023.2548 -11.0382 -12.8814 24 1.9 1.2 3.7
2023.2575 -23.8774 -28.4279 40.5 2.3 1.4 3.6
2023.2603 -9.00485 -14.214 26.5 1.8 1.2 3.4
2023.2630 -11.6773 -8.88373 -0.6 2.1 1.2 3.4
2023.2658 -18.8811 -13.8808 28.6 1.4 1.0 3.0
2023.2685 -12.2001 -12.9925 35.3 1.4 1.0 3.0
2023.2712 -16.964 -15.5465 24.2 1.4 1.0 2.9
2023.2740 -15.5697 -17.4343 22.5 1.5 1.1 3.1
2023.2767 -16.4411 -13.4366 26.7 1.5 1.0 3.0
2023.2795 -12.4325 -14.4361 22.4 1.4 1.0 3.0
2023.2822 -22.8897 -15.2134 47.4 1.7 1.2 3.3
2023.2849 -16.8478 -18.5448 46.6 1.5 1.1 3.2
2023.2877 -19.1716 -16.3239 19.4 1.6 1.1 3.3
2023.2904 -18.0097 -7.99536 19.8 1.9 1.2 3.4
2023.2932 -8.19151 -5.88547 12.4 1.4 1.1 3.1
2023.2959 -27.0146 -14.8802 26.8 1.6 1.1 3.2
2023.2986 -17.2545 -10.1052 39.8 2.8 1.8 4.1
2023.3014 -15.744 -19.8773 43.8 1.4 1.0 2.9
2023.3041 -19.2878 -16.768 23.5 1.9 1.2 3.2
2023.3068 -12.4906 -22.9867 33.6 2.5 1.7 4.7
2023.3096 -3.77623 -1.6657 24.6 2.6 1.4 3.8
2023.3123 -22.1926 6.10756 5.8 2.7 1.9 4.6
2023.3151 -18.9973 -7.99536 25.7 1.9 1.2 3.5
2023.3178 -20.624 -14.9913 36.8 1.4 1.1 3.1
2023.3205 -19.1716 -16.657 49 1.9 1.2 3.2
2023.3233 -12.6649 -10.2163 8.6 2.0 1.5 3.6
2023.3260 -23.3545 -17.3233 26.9 1.5 1.0 3.1
2023.3288 -21.6697 -15.2134 16.8 1.3 1.0 2.9
2023.3315 -18.823 -14.6582 21.9 1.3 1.0 2.9
2023.3342 -1.97526 -5.44128 0.7 1.9 1.2 3.3
2023.3370 -20.5659 -14.1029 26 1.6 1.1 3.1
2023.3397 -18.6488 -15.5465 28.4 1.3 1.0 3.0
2023.3425 -22.7736 -12.1041 32.2 1.6 1.1 3.1
2023.3452 -16.3249 -10.2163 25 1.8 1.1 3.4
2023.3479 -15.5116 -14.8802 28.5 1.4 1.1 3.2
2023.3507 -7.55245 -15.6576 47.9 1.7 1.1 3.3
2023.3534 -8.77247 -0.33314 -12.7 1.8 1.2 3.3
2023.3562 -16.0925 -12.1041 21.4 1.5 1.0 3.0
2023.3589 -14.2335 -14.7692 29.9 1.3 0.9 2.9
2023.3616 -12.723 -12.6593 27.4 1.5 1.0 3.0
2023.3644 -13.3039 -14.5471 28.9 3.1 1.7 5.3
2023.3671 -15.744 -12.9925 26.1 1.3 1.0 2.9
2023.3699 -13.5944 -13.2145 25.7 1.3 1.0 2.9
2023.3726 -11.7934 -12.1041 18.9 1.3 0.9 2.9
2023.3753 -8.42389 -15.9907 28.5 1.2 0.9 2.8
2023.3781 -4.24099 -14.4361 55 1.9 1.3 3.5
2023.3808 0.348574 -12.8814 42 2.3 1.3 3.6
2023.3836 -29.4546 -16.768 28.8 2.5 1.7 4.0
2023.3863 -14.6982 -13.4366 29.2 1.5 1.1 3.1
2023.3890 -17.0802 -15.7686 31.6 1.3 1.0 3.0
2023.3918 -14.524 -12.8814 26.5 1.4 1.1 3.1
2023.3945 -9.93438 -14.5471 41.1 1.4 1.1 3.0
2023.3973 -14.3497 -15.1023 21.9 1.3 0.9 2.8
2023.4000 -15.5697 -12.1041 29.5 1.3 0.9 2.9
2023.4027 -12.6068 -15.1023 27.9 1.3 0.9 2.8
