1999.4329 0 0 0 2.6 1.7 5.0
1999.4356 -13.6137 -3.11053 -7.6 1.7 1.1 3.5
1999.4384 -20.6289 0.222181 -2.5 2.6 1.7 5.0
1999.4411 -15.628 -2.44399 -8 1.6 1.1 3.5
1999.4438 -2.43102 -5.7767 4.1 2.5 1.7 5.1
1999.4466 -16.8087 -6.66542 -9.7 1.6 1.1 3.5
1999.4767 -12.7107 -5.66561 3.4 2.3 1.7 5.0
1999.4795 -15.6974 -3.66598 -0.7 1.7 1.1 3.5
1999.5288 -6.45956 -15.7748 3.5 2.2 1.9 5.0
1999.5315 -12.6413 -1.1109 -3.4 1.3 0.9 2.9
1999.5342 -9.93244 1.22199 -16 1.4 0.9 2.9
1999.5370 -16.2531 -1.88854 -16.4 1.9 1.1 3.7
2001.4630 -22.8516 -25.4397 16.5 2.0 1.3 4.1
2001.4658 -34.451 -23.1068 8 1.8 1.1 3.5
2001.4685 -30.5613 -24.551 13.8 1.4 0.9 3.1
2002.4438 -47.9257 -33.1049 11.6 1.9 1.5 4.1
2002.4466 -54.038 -34.8824 2.8 1.7 1.0 3.5
2002.4493 -40.2854 -28.7724 -12.2 2.0 1.6 4.4
2002.4521 -59.8725 -38.3262 4.8 1.7 1.0 3.6
2002.4548 -51.9543 -30.8831 1.3 1.9 1.6 4.3
2002.4575 -52.51 -36.882 -3.3 1.3 0.9 2.8
2002.4603 -52.7878 -37.1042 15 1.8 1.1 3.7
2006.4877 -112.799 -77.4299 12 2.5 1.9 4.8
2006.4904 -113.633 -75.6525 32.4 1.7 1.1 3.7
2006.4986 -94.1151 -82.429 8.9 2.3 1.6 4.2
2006.5014 -101.825 -77.7632 20.6 1.3 0.9 2.8
2006.5041 -110.507 -77.3189 39.3 1.4 1.0 3.2
2011.4740 -166.212 -133.086 26.9 1.6 1.3 3.8
2011.4795 -172.463 -131.864 33.5 1.7 1.4 4.1
2011.4822 -173.158 -129.198 27.5 1.6 1.3 3.8
