2017.7096 0 0 0 1.3 1.0 3.0
2017.7123 -1.97332 -1.11026 7.4 1.3 0.9 2.8
2017.7151 -1.45402 -2.5536 3 1.2 0.9 2.7
2017.7178 -2.12911 -0.333079 3.7 1.1 0.8 2.6
2017.7205 0.259647 -0.444105 2.5 1.1 0.8 2.6
2017.7233 0.103859 -0.999236 -3.7 1.1 0.8 2.6
2017.7260 -0.778941 0.111026 0.6 1.1 0.8 2.6
2017.7288 -0.8828 -0.222052 4.5 1.1 0.8 2.6
2017.7315 -0.571224 -2.5536 4.3 1.1 0.8 2.6
2017.7342 -2.44068 1.77642 -0.8 1.1 0.8 2.6
2017.7370 -0.8828 1.22129 0.7 1.1 0.8 2.6
2017.7397 0.778942 1.11026 4.8 1.3 1.0 2.9
2017.7425 2.2849 0.555131 6.9 1.5 0.9 2.9
2017.7452 1.35017 0 1.5 1.2 0.8 2.6
2017.7479 -0.415436 -0.444105 -3.7 1.1 0.8 2.6
2017.7507 -2.02525 -0.444105 -2.6 1.2 0.8 2.6
2017.7534 -0.467365 -0.777184 -0.7 1.1 0.8 2.6
2017.7562 -3.99857 -1.99847 2.3 1.1 0.8 2.6
2017.7589 0.934731 -1.22129 2.1 1.2 0.9 2.7
2017.7616 -0.571224 0.333078 6.7 1.1 0.9 2.6
2017.7644 -0.830871 -2.1095 7.5 1.1 0.8 2.6
2017.7671 -4.77751 -0.222052 4.8 1.1 0.8 2.6
2017.7699 -4.51786 -1.33231 4 1.1 0.8 2.6
2017.7726 -3.37541 -1.55437 -0.5 1.1 0.8 2.6
2017.7753 -3.42734 1.33231 -4.1 1.1 0.8 2.6
2017.7781 -2.2849 0.222052 -5.8 1.3 0.9 2.7
2017.7808 -0.155788 -0.888209 6.5 1.3 0.9 2.8
2017.7836 -4.51786 -1.22129 2 1.3 1.0 2.8
2017.7863 -0.571224 -0.777184 5.8 1.3 0.9 2.8
2017.7890 -1.14245 -0.222052 1.5 1.3 0.9 2.6
2017.7918 -2.18104 -0.222052 3.8 1.1 0.8 2.6
2017.7945 -2.6484 -0.333079 6.3 1.1 0.8 2.6
2017.7973 -5.03716 -0.222052 5.3 1.1 0.8 2.6
2017.8000 -3.84278 -2.1095 6.6 1.2 0.9 2.6
2017.8027 -3.68699 -1.11026 6 1.2 0.9 2.7
2017.8055 -4.20629 -1.55437 6.7 1.1 0.8 2.6
2017.8082 -3.47927 -0.888209 3.9 1.1 0.8 2.6
2017.8110 -3.99857 -1.44334 3.1 1.1 0.8 2.6
2017.8137 -6.6989 0.777183 4.6 1.2 0.9 2.7
2017.8164 -5.50452 -2.77566 5.3 1.2 0.8 2.6
2017.8192 -2.02525 -1.55437 9.4 1.2 0.9 2.7
2017.8219 -2.54454 -0.666157 4.7 1.2 0.8 2.7
2017.8247 -4.51786 -1.22129 -0.1 1.2 0.8 2.6
2017.8274 1.45403 -2.1095 0 1.1 0.8 2.6
2017.8301 -1.66174 0.222052 7.8 1.2 0.8 2.6
2017.8329 -1.55788 -0.333079 7 1.2 0.8 2.6
2017.8356 -1.92139 -0.999236 -2.5 1.2 0.8 2.6
2017.8384 -4.31014 0 -3.7 1.2 0.8 2.7
2017.8411 -1.7656 -0.666157 -1.5 1.2 0.8 2.6
2017.8438 -1.09052 -0.888209 1.3 1.2 0.8 2.6
2017.8466 -5.50452 -0.333079 1.9 1.1 0.8 2.6
2017.8493 -4.56979 0.888209 -1.5 1.1 0.8 2.6
2017.8521 -1.92139 -1.77642 5.4 1.4 1.0 3.1
2017.8548 -4.31014 -1.44334 10.6 1.6 1.0 2.9
2017.8575 -4.9333 -3.33079 13 1.3 0.9 2.7
2017.8603 -6.95854 -0.555131 10 1.4 0.9 2.7
2017.8630 -6.6989 -0.888209 0.7 1.2 0.8 2.6
2017.8658 -6.75083 -0.333079 5.1 1.1 0.8 2.6
2017.8685 -6.75083 0.555131 4 1.1 0.8 2.6
2017.8712 -6.43925 -1.11026 -2.5 1.2 0.8 2.6
2017.8740 -2.07718 -0.999236 2.9 1.2 0.8 2.6
2017.8767 -6.6989 -1.77642 1.1 1.2 0.8 2.6
2017.8795 -6.59504 0.888209 10.4 1.2 0.8 2.5
2017.8822 -4.20629 -1.33231 1.6 1.1 0.8 2.5
2017.8849 -6.38732 -1.55437 7 1.1 0.8 2.5
2017.8877 -7.37398 -1.77642 11.7 1.2 0.8 2.5
2017.8904 -1.60981 -3.21976 8.2 1.2 0.9 2.6
2017.8932 -6.59504 -1.44334 5.7 1.2 0.8 2.5
2017.8959 -8.41257 -1.88745 7.6 1.2 0.8 2.5
2017.8986 -7.84135 -1.55437 9.6 1.1 0.8 2.5
2017.9014 -7.63363 -2.5536 2.2 1.2 0.8 2.5
2017.9041 -4.51786 -3.77489 14.1 1.2 0.8 2.6
2017.9068 -5.71224 -3.10873 15.4 1.2 0.8 2.5
2017.9096 -7.37398 -1.88745 14.2 1.2 0.8 2.6
2017.9123 -9.24344 -3.44181 12.5 1.2 0.8 2.6
2017.9151 -9.76274 -4.10797 9.2 1.2 0.8 2.6
2017.9178 -8.77608 -3.88592 8.6 1.2 0.8 2.5
2017.9205 -5.03716 -3.55284 11.8 1.2 0.8 2.6
2017.9233 -5.34873 -2.99771 7.8 1.2 0.8 2.6
2017.9260 -4.10243 -3.99694 18.4 1.2 0.8 2.6
2017.9288 -7.21819 -1.44334 13.6 1.4 0.9 2.7
2017.9315 -7.63363 -3.55284 4.8 1.2 0.8 2.6
2017.9342 5.86803 -2.66463 -13.9 1.2 0.8 2.6
2017.9370 -3.01191 -3.55284 5.9 1.2 0.8 2.6
2017.9397 -5.40066 -3.77489 9.3 1.2 0.8 2.6
2017.9425 -6.33539 -5.1072 7.8 1.2 0.8 2.6
2017.9452 -4.77751 -3.33079 1.1 1.3 0.8 2.6
2017.9479 -7.5817 -4.6631 5.2 1.2 0.8 2.6
2017.9507 -6.43925 -4.219 11.4 1.2 0.8 2.6
2017.9534 -6.28346 -3.55284 12.4 1.2 0.8 2.7
2017.9562 -4.9333 -6.99465 7.3 1.2 0.8 2.6
2017.9589 -2.80419 -6.10644 6.7 1.2 0.8 2.5
2017.9616 -5.97189 -5.21823 6.4 1.2 0.8 2.5
2017.9644 -3.99857 -6.88362 5.8 1.2 0.8 2.5
2017.9671 -3.99857 -6.10644 -1.5 1.2 0.8 2.5
2017.9699 -5.66031 -6.7726 5.5 1.2 0.8 2.5
2017.9726 -3.47927 -5.66234 0.6 1.1 0.8 2.5
2017.9753 -4.36207 -4.219 -3.6 1.1 0.8 2.5
2017.9781 -5.08909 -5.77336 2.3 1.2 0.8 2.5
2017.9808 -5.34873 -6.32849 3.8 1.2 0.8 2.5
2017.9836 -5.03716 -5.66234 2.4 1.2 0.8 2.5
2017.9863 -6.6989 -5.55131 -2.8 1.2 0.8 2.5
2017.9890 -2.90805 -3.55284 -4.2 1.1 0.8 2.5
2017.9918 -5.50452 -4.44105 -2.4 1.1 0.8 2.5
2017.9945 -3.37541 -4.99618 -2.1 1.1 0.8 2.5
2017.9973 -7.42591 -4.6631 1.9 1.7 1.2 3.7
2018.7507 -21.8623 -12.546 6.9 1.2 0.9 2.5
2018.7534 -21.5507 -13.7672 11.6 1.1 0.9 2.5
2018.7562 -22.6412 -12.1019 14 1.1 0.9 2.5
2018.7589 -19.5774 -12.546 15.2 1.2 0.9 2.6
2018.7616 -22.1739 -14.5444 12.2 1.2 0.8 2.5
2018.7644 -22.3816 -13.2121 10.6 1.1 0.9 2.6
2018.7671 -23.1086 -11.8798 11.4 1.2 0.9 2.6
2018.7699 -23.524 -11.7688 7.7 1.3 0.9 2.7
2018.7726 -24.4588 -12.4349 8.6 1.2 0.9 2.6
2018.7753 -19.9409 -16.987 6.7 1.2 0.9 2.6
2018.7781 -21.2391 -14.1003 19 2.3 2.3 5.5
2018.8055 -23.7837 -15.2106 13.9 1.2 0.8 2.6
2018.8082 -24.9781 -14.9885 12.3 1.2 0.8 2.6
2018.8110 -22.7451 -12.546 7.4 1.2 0.8 2.6
2018.8137 -20.616 -15.6547 18.6 1.2 0.9 2.6
2018.8164 -23.7837 -14.3224 15.6 1.2 0.8 2.5
2018.8192 -23.8875 -13.3231 12.1 1.2 0.8 2.6
2018.8219 -21.2911 -14.6555 12 1.2 0.8 2.6
2018.8247 -24.0953 -14.5444 18.3 1.2 0.8 2.6
2018.8274 -24.1472 -14.5444 11.1 1.1 0.8 2.5
2018.8301 -23.6798 -14.6555 12.9 1.2 0.8 2.5
2018.8329 -24.5626 -15.8767 11.7 1.2 0.8 2.5
2018.8356 -23.0047 -13.8783 11 1.2 0.8 2.5
2018.8384 -23.3683 -14.7665 13.3 1.2 0.8 2.5
2018.8411 -24.1472 -13.1011 12.4 1.2 0.8 2.5
2018.8438 -25.1339 -12.4349 4.8 1.2 0.8 2.5
2018.8466 -26.1205 -11.4357 10.7 1.5 1.0 2.8
2018.8493 -26.9514 -14.2114 0.9 1.1 0.8 2.5
2018.8521 -24.7184 -13.2121 5.8 1.2 0.8 2.5
2018.8548 -25.4454 -15.3216 14.2 1.2 0.8 2.5
2018.8575 -25.1858 -14.3224 12.4 1.1 0.8 2.5
2018.8603 -26.7956 -12.879 10 1.2 0.8 2.5
2018.8630 -25.9647 -14.1003 14.4 1.2 0.8 2.5
2018.8658 -23.3683 -11.9908 20.7 1.2 0.8 2.6
2018.8685 -23.0047 -15.0996 17.4 1.2 0.8 2.6
2018.8712 -26.5879 -13.8783 16.4 1.2 0.8 2.5
2018.8740 -23.9395 -14.6555 11 1.2 0.8 2.6
2018.8767 -22.3297 -13.8783 8.4 1.2 0.8 2.5
2018.8795 -24.0433 -12.9901 17.5 1.2 0.8 2.6
2018.8822 -27.7823 -15.7657 18.4 1.2 0.8 2.5
2018.8849 -25.3935 -15.6547 22.1 1.2 0.8 2.6
2018.8877 -25.9647 -16.4319 19.9 1.2 0.8 2.6
2018.8904 -26.1724 -15.5437 14.7 1.2 0.8 2.6
2018.8932 -26.0167 -13.8783 15.3 1.2 0.8 2.5
2018.8959 -27.7823 -14.4334 18 1.2 0.8 2.5
2018.8986 -26.6917 -15.9878 18.8 1.2 0.9 2.6
2018.9014 -27.211 -14.3224 17 1.2 0.8 2.6
2018.9041 -27.263 -15.8767 15.7 1.2 0.8 2.6
2018.9068 -22.3297 -15.0996 1.9 1.2 0.8 2.6
2018.9096 -27.0552 -16.2098 16.3 1.2 0.8 2.6
2018.9123 -28.4054 -15.6547 16.4 1.2 0.8 2.5
2018.9151 -28.1458 -15.9878 16.2 1.2 0.8 2.6
2018.9178 -22.1219 -12.9901 0.7 1.2 0.8 2.6
2018.9205 -24.4068 -14.3224 15.2 1.2 0.8 2.6
2018.9233 -25.757 -14.8775 12.5 1.2 0.8 2.6
2018.9260 -24.8742 -16.4319 15.9 1.2 0.8 2.5
2018.9288 -27.0552 -14.8775 23.7 1.2 0.8 2.5
2018.9315 -26.8475 -16.0988 26.4 1.2 0.8 2.5
2018.9342 -24.303 -12.9901 25.8 1.2 0.9 2.6
2018.9370 -20.9276 -14.8775 29 1.2 0.8 2.5
2018.9397 -25.9128 -16.3208 22 1.2 0.8 2.6
2018.9425 -25.3416 -18.7634 24.1 1.2 0.8 2.5
2018.9452 -26.2244 -16.0988 22.8 1.2 0.8 2.5
2018.9479 -28.6651 -16.0988 20.9 1.1 0.8 2.5
2018.9507 -26.8995 -15.4326 19 1.1 0.8 2.5
2018.9534 -24.7703 -14.7665 19.9 1.2 0.8 2.6
2018.9562 -24.7703 -14.8775 22 1.1 0.8 2.5
2018.9589 -25.757 -16.765 21.8 1.1 0.8 2.5
2018.9616 -25.9128 -17.098 26.7 1.2 0.8 2.5
2018.9644 -23.3163 -15.3216 22.2 1.2 0.8 2.5
2018.9671 -26.5359 -14.9885 21.2 1.1 0.8 2.5
2018.9699 -25.9647 -14.7665 18.1 1.1 0.8 2.5
2018.9726 -24.8742 -15.9878 19.8 1.1 0.8 2.5
2018.9753 -28.6651 -17.5421 13.2 1.1 0.8 2.5
2018.9781 -26.7437 -17.4311 18.8 1.1 0.8 2.5
2018.9808 -28.8728 -15.2106 10.6 1.1 0.8 2.5
2018.9836 -29.8594 -15.5437 19 1.1 0.8 2.5
2018.9863 -25.9647 -16.2098 21.4 1.2 0.8 2.5
2018.9890 -24.9781 -17.3201 23.3 1.1 0.8 2.5
2018.9918 -24.4588 -15.0996 19.4 1.2 0.8 2.5
2018.9945 -28.1977 -15.7657 12.2 1.1 0.8 2.5
2018.9973 -26.9514 -16.4319 18.2 1.1 0.8 2.5
2019.0000 -25.7051 -16.765 18.3 1.2 0.8 2.6
2019.0027 -27.8342 -16.3208 24 1.2 0.8 2.6
2019.0055 -28.1458 -14.4334 23.1 1.2 0.8 2.6
2019.0082 -28.4054 -14.8775 22 1.1 0.8 2.5
2019.0110 -27.6784 -15.0996 11.2 1.1 0.8 2.5
2019.0137 -27.8342 -16.6539 16.7 1.1 0.8 2.5
2019.0164 -29.5998 -13.7672 16.5 1.1 0.8 2.5
2019.0192 -28.9247 -14.8775 19.8 1.1 0.8 2.5
2019.0219 -29.9114 -15.4326 12.7 1.1 0.8 2.5
2019.0247 -32.4559 -16.6539 11.7 1.1 0.8 2.5
2019.0274 -30.7942 -15.6547 17.2 1.1 0.8 2.5
2019.0301 -30.3268 -15.6547 21.5 1.2 0.8 2.5
2019.0329 -31.4692 -14.5444 21.2 1.2 0.8 2.5
2019.0356 -33.5464 -18.2083 20.3 1.1 0.8 2.5
2019.0384 -28.5093 -16.5429 12.1 1.1 0.8 2.5
2019.0411 -27.6784 -15.2106 12.2 1.1 0.8 2.5
2019.0438 -31.7289 -19.2075 19.6 1.1 0.8 2.5
2019.0466 -29.1844 -16.0988 21.7 1.1 0.8 2.5
2019.0493 -31.8847 -15.0996 18.6 1.2 0.8 2.5
2019.0521 -29.7556 -15.3216 18.8 1.2 0.8 2.5
2019.0548 -29.9633 -17.4311 19.5 1.2 0.8 2.6
2019.0575 -29.2882 -18.5414 23.4 1.1 0.8 2.5
2019.0603 -30.0152 -18.0973 19.4 1.2 0.8 2.6
2019.0630 -28.9247 -17.5421 23.6 1.1 0.8 2.6
2019.0658 -30.171 -16.0988 15.4 1.2 0.8 2.6
2019.0685 -29.0805 -17.8752 21.6 1.2 0.8 2.6
2019.0712 -29.444 -15.9878 26 1.2 0.8 2.6
2019.0740 -29.9633 -18.0973 15.9 1.1 0.8 2.5
2019.0767 -31.1577 -15.2106 25.1 1.1 0.8 2.5
2019.0795 -30.6384 -16.987 16.4 1.1 0.8 2.5
2019.0822 -28.5093 -16.5429 9 1.1 0.8 2.5
2019.0849 -26.9514 -14.2114 10 1.2 0.8 2.6
2019.0877 -31.7289 -15.8767 13.6 1.2 0.8 2.5
2019.0904 -30.2749 -15.2106 10.3 1.2 0.8 2.5
2019.0932 -30.3787 -17.5421 16.8 1.1 0.8 2.5
2019.0959 -30.5864 -15.9878 6.8 1.1 0.8 2.5
2019.0986 -29.3401 -17.2091 23.2 1.1 0.8 2.5
2019.1014 -29.7036 -17.098 21.7 1.1 0.8 2.5
2019.1041 -27.6784 -18.4303 22.5 1.1 0.8 2.5
2019.1068 -27.3149 -16.6539 15.9 1.1 0.8 2.5
2019.1096 -29.2363 -15.4326 15.7 1.1 0.8 2.5
2019.1123 -30.3268 -18.0973 16.5 1.1 0.8 2.5
2019.1151 -31.3654 -18.2083 18.9 1.1 0.8 2.6
2019.1178 -28.1977 -19.0965 24.7 1.2 0.9 2.7
2019.1205 -31.1577 -13.6562 20.4 1.2 0.8 2.5
2019.1233 -29.9114 -12.879 15 1.1 0.8 2.5
2019.1260 -30.7422 -13.8783 18.3 1.1 0.8 2.5
2019.1288 -29.9633 -15.3216 19.6 1.1 0.8 2.5
2019.1315 -29.6517 -13.2121 11.9 1.1 0.8 2.5
2019.1342 -32.9233 -15.2106 18.4 1.2 0.8 2.5
2019.1370 -30.8461 -15.4326 14.9 1.1 0.8 2.5
2019.1397 -30.5345 -14.9885 13.1 1.1 0.8 2.5
2019.1425 -29.2363 -15.2106 13.9 1.1 0.8 2.5
2019.1452 -29.9114 -14.7665 10.9 1.1 0.8 2.5
2019.1479 -29.8594 -14.7665 7.3 1.1 0.8 2.5
2019.1507 -30.4826 -15.4326 10.5 1.1 0.8 2.5
2019.1534 -31.2096 -14.3224 9.2 1.1 0.8 2.5
2019.1562 -30.0672 -14.1003 13.8 1.1 0.8 2.5
2019.1589 -33.3906 -13.4342 16 1.1 0.8 2.5
2019.1616 -29.444 -14.4334 10.3 1.2 0.8 2.5
2019.1644 -29.1844 -13.9893 7.1 1.2 0.8 2.6
2019.1671 -31.2096 -14.5444 8.1 1.1 0.8 2.5
2019.1699 -29.3921 -16.0988 9.4 1.1 0.8 2.5
2019.1726 -32.1443 -14.2114 7.7 1.1 0.8 2.5
2019.1753 -30.2749 -14.3224 12.4 1.1 0.8 2.5
2019.1781 -32.4559 -13.3231 13.2 1.1 0.8 2.5
2019.1808 -29.2363 -15.2106 10.7 1.1 0.8 2.5
2019.1836 -29.0286 -16.4319 14.4 1.1 0.8 2.5
2019.1863 -31.9885 -14.4334 17.8 1.1 0.8 2.5
2019.1890 -34.9485 -16.6539 22 1.1 0.8 2.6
2019.1918 -34.0657 -17.5421 27.1 1.1 0.8 2.5
2019.1945 -30.8461 -14.1003 15.9 1.1 0.8 2.6
2019.1973 -31.0538 -15.4326 11.6 1.1 0.8 2.5
2019.2000 -28.4573 -15.4326 24.9 1.1 0.8 2.5
2019.2027 -30.95 -17.7642 19.7 1.2 0.8 2.6
2019.2055 -32.9233 -16.0988 17.2 1.2 0.8 2.5
2019.2082 -32.5598 -16.0988 19.9 1.2 0.9 2.6
2019.2110 -30.0672 -19.4296 20 1.1 0.8 2.6
2019.2137 -30.3787 -17.098 10.2 1.1 0.8 2.6
2019.2164 -31.0538 -14.9885 10.9 1.1 0.8 2.5
2019.2192 -30.2229 -14.1003 11.7 1.1 0.8 2.6
2019.2219 -31.5212 -14.2114 13.9 1.2 0.9 2.7
2019.2247 -32.2482 -14.9885 12.1 1.1 0.8 2.6
2019.2274 -34.6369 -15.3216 7.1 1.1 0.8 2.6
2019.2301 -33.7022 -16.6539 9.7 1.1 0.8 2.5
2019.2329 -32.4559 -15.4326 8.1 1.1 0.9 2.6
2019.2356 -34.0138 -15.3216 3.6 1.1 0.8 2.6
2019.2384 -31.9885 -16.2098 5.7 1.2 0.8 2.6
2019.2411 -30.0152 -16.4319 9.2 1.1 0.8 2.6
2019.2438 -29.9633 -16.6539 5.7 1.2 0.9 2.6
2019.2466 -30.5345 -15.8767 8.9 1.2 0.8 2.6
2019.2493 -31.9366 -15.5437 6.2 1.2 0.9 2.7
2019.2521 -29.1844 -18.5414 8.7 1.1 0.8 2.6
2019.2548 -33.9099 -16.4319 4.9 1.2 0.8 2.6
2019.2575 -32.404 -15.8767 12.2 1.2 0.9 2.6
2019.2603 -30.4826 -16.987 12 1.1 0.8 2.6
2019.2630 -28.6651 -17.6532 12.2 1.1 0.8 2.6
2019.2658 -33.4945 -16.5429 14.2 1.2 0.8 2.6
2019.2685 -32.3001 -18.6524 8.9 1.2 0.8 2.6
2019.2712 -31.2615 -19.5406 12.5 1.2 0.9 2.6
2019.2740 -30.898 -19.4296 14.9 1.2 0.9 2.7
2019.2767 -31.5731 -15.8767 16.8 1.2 0.8 2.6
2019.2795 -31.5731 -17.7642 15.2 1.2 0.8 2.6
2019.2822 -30.1191 -18.6524 5 1.2 0.8 2.6
2019.2849 -29.444 -19.6516 9.4 1.2 0.8 2.6
2019.2877 -31.3135 -16.6539 14.1 1.2 0.8 2.6
2019.2904 -31.8847 -16.876 14.6 1.2 0.8 2.6
2019.2932 -30.3268 -17.4311 9.2 1.2 0.8 2.6
2019.2959 -29.3401 -16.765 9.3 1.2 0.8 2.6
2019.2986 -28.6131 -16.4319 7.5 1.2 0.8 2.7
2019.3014 -33.0271 -16.5429 13.1 1.2 0.8 2.6
2019.3041 -32.4559 -16.6539 16.9 1.2 0.8 2.6
2019.3068 -32.5078 -18.4303 17.6 1.2 0.8 2.6
2019.3096 -30.171 -16.765 5.7 1.2 0.8 2.6
2019.3123 -29.7556 -17.4311 8 1.2 0.8 2.6
2019.3151 -29.3921 -15.8767 3.2 1.2 0.8 2.6
2019.3178 -31.2096 -17.6532 5.6 1.2 0.8 2.6
2019.3205 -31.0019 -17.2091 5.2 1.2 0.8 2.6
2019.3233 -29.5998 -15.8767 11.7 1.2 0.8 2.6
2019.3260 -29.5479 -17.9862 2 1.2 0.8 2.6
2019.3288 -30.6384 -17.2091 9.6 1.2 0.8 2.6
2019.3315 -32.8713 -15.6547 3.8 1.2 0.8 2.6
2019.3342 -28.2496 -16.876 12.8 1.2 0.9 2.7
2019.3370 -31.4692 -14.8775 2.7 1.2 0.9 2.7
2019.3397 -33.131 -17.6532 4.5 1.2 0.8 2.6
2019.3425 -29.9114 -17.6532 8.4 1.2 0.8 2.6
2019.3452 -29.8075 -17.8752 15.9 1.2 0.8 2.6
2019.3479 -24.4068 -17.098 11.1 1.2 0.9 2.7
2019.3507 -30.171 -17.4311 13.2 1.2 0.9 2.7
2019.3534 -31.8328 -17.6532 10.4 1.2 0.8 2.6
2019.3562 -31.2096 -18.8745 8.5 1.2 0.8 2.6
2019.3589 -25.8089 -18.3193 17.1 1.3 0.9 2.7
2019.3616 -30.3787 -17.6532 14 1.2 0.8 2.6
2019.3644 -31.1577 -16.987 7.1 1.2 0.9 2.6
2019.3671 -29.7036 -15.8767 6.3 1.4 1.0 2.9
2019.3699 -30.8461 -17.098 8.6 1.2 0.8 2.6
2019.3726 -32.1963 -16.987 12 1.2 0.8 2.6
2019.3753 -29.7556 -16.765 15.3 1.2 0.8 2.6
2019.3781 -31.677 -16.3208 9.1 1.2 0.9 2.7
2019.3808 -31.8328 -16.765 12.6 1.2 0.8 2.6
2019.3836 -29.9633 -18.7634 12.6 1.2 0.8 2.6
2019.3863 -32.7675 -17.3201 3.9 1.2 0.8 2.5
2019.3890 -31.1057 -18.5414 3 1.2 0.8 2.6
2019.3918 -32.3001 -16.5429 11.4 1.2 0.8 2.6
2019.3945 -31.625 -17.4311 9.5 1.2 0.8 2.6
2019.3973 -33.131 -18.9855 8.4 1.2 0.8 2.6
2019.4000 -31.677 -18.0973 4.9 1.2 0.8 2.6
2019.4027 -33.7022 -19.9847 11 1.2 0.8 2.6
2019.4055 -30.8461 -16.3208 7.3 1.2 0.8 2.6
2019.4082 -32.404 -16.2098 9.5 1.2 0.9 2.6
2019.4110 -30.8461 -16.5429 9.4 1.2 0.8 2.6
2019.4137 -34.0138 -16.765 10.6 1.2 0.8 2.6
2019.4164 -32.0924 -17.3201 5.8 1.2 0.8 2.6
2019.4192 -33.3906 -17.2091 9.3 1.2 0.8 2.6
2019.4219 -34.4812 -18.7634 12.3 1.2 0.8 2.6
2019.4247 -35.9352 -20.5398 13.3 1.2 0.8 2.6
2019.4274 -31.7289 -20.9839 8.1 1.2 0.8 2.6
2019.4301 -35.0524 -17.6532 9.1 1.2 0.8 2.7
2019.4329 -35.8313 -17.5421 3.2 1.2 0.8 2.6
2019.4356 -35.1043 -19.5406 4.3 1.2 0.8 2.6
2019.4384 -33.3906 -19.4296 11.2 1.2 0.8 2.6
2019.4411 -37.3373 -19.0965 5.7 1.2 0.8 2.6
2019.4438 -32.3001 -15.0996 1.3 1.2 0.8 2.7
2019.4466 -32.0405 -17.9862 12.6 1.2 0.8 2.7
2019.4493 -34.0657 -19.5406 12.7 1.2 0.8 2.6
2019.4521 -33.0271 -18.9855 14.4 1.2 0.8 2.6
2019.4548 -32.8194 -18.4303 13.8 1.2 0.8 2.6
2019.4575 -33.5984 -16.2098 7.7 1.2 0.8 2.6
2019.4603 -34.4812 -18.3193 9.6 1.2 0.8 2.6
2019.4630 -34.3773 -18.9855 8.1 1.2 0.8 2.6
2019.4658 -33.3906 -17.6532 8.9 1.3 0.9 2.7
2019.4685 -39.1548 -21.095 10.4 1.3 0.9 2.7
2019.4712 -29.0286 -29.755 5.6 1.2 0.9 2.6
2019.4740 -37.4931 -19.7627 9.1 1.2 0.9 2.6
2019.4767 -34.1696 -16.3208 14.5 1.2 0.8 2.6
2019.4795 -32.8713 -19.4296 17.8 1.2 0.8 2.6
2019.4822 -33.858 -16.6539 6.6 1.2 0.8 2.6
2019.4849 -39.2587 -17.3201 4.9 1.2 0.9 2.6
2019.4877 -33.4945 -17.9862 9.2 1.2 0.8 2.6
2019.4904 -35.5197 -18.6524 15 1.2 0.8 2.6
2019.4932 -35.0524 -17.6532 10.5 1.2 0.8 2.6
2019.4959 -38.5836 -17.4311 14.6 1.2 0.8 2.6
2019.4986 -37.7527 -23.3155 23.3 1.2 0.8 2.6
2019.5014 -35.6236 -17.3201 13.2 1.2 0.8 2.6
2019.5041 -36.3506 -19.5406 15.4 1.2 0.8 2.6
2019.5068 -35.8832 -18.2083 14 1.2 0.8 2.6
2019.5096 -35.9352 -17.098 7.2 1.2 0.8 2.6
2019.5123 -35.4678 -17.6532 14.1 1.2 0.8 2.6
2019.5151 -33.5984 -20.5398 11.2 1.2 0.8 2.6
2019.5178 -35.1043 -17.9862 17.2 1.2 0.8 2.6
2019.5205 -39.3106 -16.4319 13.4 1.2 0.8 2.6
2019.5233 -37.2853 -15.2106 5.2 1.3 0.9 2.7
2019.5260 -34.7408 -17.5421 12.6 1.2 0.8 2.7
2019.5288 -34.1696 -14.8775 12.3 1.2 0.8 2.6
2019.5315 -35.8832 -22.3163 27.8 1.2 0.9 2.7
2019.5342 -39.3625 -17.8752 14.1 1.2 0.8 2.7
2019.5370 -38.272 -17.2091 10.2 1.2 0.8 2.6
2019.5397 -39.9337 -17.4311 7.4 1.2 0.8 2.7
2019.5425 -32.8713 -21.206 22.7 1.2 0.8 2.7
2019.5452 -36.6622 -17.3201 20.2 1.2 0.8 2.7
2019.5479 -35.8313 -20.4288 20.2 1.3 0.9 2.8
2019.5507 -37.5969 -19.8737 15.2 1.2 0.8 2.6
2019.5534 -36.766 -18.5414 3.8 1.2 0.8 2.6
2019.5562 -38.3759 -17.2091 14.3 1.2 0.9 2.7
2019.5589 -36.6622 -15.9878 23.9 1.2 0.8 2.6
2019.5616 -37.0776 -18.2083 19.9 1.2 0.9 2.7
2019.5644 -39.4664 -17.098 19.1 1.2 0.8 2.6
2019.5671 -35.364 -16.876 13.3 1.2 0.9 2.7
2019.5699 -40.7646 -16.765 19.8 1.2 0.8 2.6
2019.5726 -39.4664 -18.9855 22.1 1.2 0.8 2.6
2019.5753 -39.9337 -16.876 13.7 1.2 0.9 2.7
2019.5781 -39.4145 -18.5414 19.7 1.2 0.9 2.6
2019.5808 -34.3254 -17.8752 17.5 1.2 0.9 2.7
2019.5836 -33.4426 -17.8752 5.8 1.2 0.9 2.6
2019.5863 -37.3892 -18.0973 18.1 1.2 0.9 2.6
2019.5890 -38.4278 -19.9847 18.9 1.2 0.9 2.6
2019.5918 -39.6741 -16.876 19.1 1.2 0.8 2.6
2019.5945 -37.0257 -16.6539 20.9 1.5 1.0 3.0
2019.5973 -36.8699 -14.3224 13.4 1.2 0.9 2.6
2019.6000 -40.2973 -16.6539 15.2 1.2 0.9 2.7
2019.6027 -36.1429 -16.987 22.1 1.3 0.9 2.7
2019.6055 -38.5836 -17.3201 12.2 1.1 0.9 2.6
2019.6082 -35.6236 -18.2083 18.6 1.2 0.9 2.8
2019.6110 -37.7008 -17.3201 19 1.2 0.9 2.8
2019.6137 -35.7275 -13.8783 14.1 1.2 0.9 2.6
2019.6164 -36.1948 -19.2075 17.9 1.2 0.9 2.6
2019.6192 -41.7513 -20.7619 20.9 1.2 0.9 2.6
2019.6219 -34.9485 -16.5429 7.7 1.2 0.9 2.6
2019.6247 -36.5064 -17.7642 17.4 1.2 0.9 2.6
2019.6274 -34.7927 -17.4311 16.6 1.2 0.8 2.6
2019.6301 -34.4812 -14.3224 18.7 1.2 0.9 2.7
2019.6329 -36.1429 -17.7642 14.9 1.1 0.8 2.6
2019.6356 -36.9738 -17.9862 19.4 1.2 0.8 2.6
2019.6384 -35.8832 -17.3201 18.3 1.1 0.8 2.6
2019.6411 -37.0776 -19.6516 23 1.2 0.8 2.6
2019.6438 -36.766 -16.6539 15.7 1.2 0.9 2.6
2019.6466 -31.677 -19.3186 12.8 1.2 0.8 2.6
2019.6493 -34.2215 -17.4311 18.8 1.1 0.8 2.6
2019.6521 -34.3254 -18.7634 18.1 1.1 0.8 2.6
2019.6548 -37.1296 -17.2091 13.6 1.2 0.8 2.6
2019.6575 -34.3773 -18.0973 16.8 1.1 0.8 2.6
2019.6603 -35.364 -18.8745 18.9 1.2 0.9 2.6
2019.6630 -37.3373 -17.098 19.6 1.2 0.9 2.7
2019.6658 -37.5969 -17.4311 11.6 1.3 0.9 2.8
2019.6685 -38.3239 -19.6516 14.5 1.5 1.0 3.0
2019.6712 -38.6355 -16.876 18.5 1.2 0.9 2.6
2019.6740 -35.7794 -18.0973 17.2 1.2 0.9 2.6
2019.6767 -37.0776 -18.9855 13.8 1.2 0.9 2.6
2019.6795 -40.9723 -16.765 12.2 1.2 0.9 2.7
2019.6822 -36.9218 -18.5414 16.2 1.2 0.9 2.6
2019.6849 -37.0257 -20.2068 16 1.2 0.9 2.6
2019.6877 -35.9871 -16.876 20.9 1.2 0.9 2.6
2019.6904 -37.545 -17.2091 15.1 1.2 0.9 2.6
2019.6932 -38.272 -17.9862 17.5 1.2 0.9 2.6
2019.6959 -38.8432 -17.5421 14.4 1.1 0.9 2.6
2019.6986 -34.0657 -17.098 22.2 1.2 0.9 2.6
2019.7014 -39.8299 -19.2075 20.2 1.1 0.9 2.6
2019.7041 -40.9204 -18.3193 17.6 1.1 0.9 2.5
2019.7068 -35.5717 -15.5437 16.9 1.2 0.9 2.6
2019.7096 -38.7913 -15.8767 18.4 1.2 0.9 2.6
2019.7123 -40.1934 -15.7657 15 1.1 0.9 2.6
2019.7151 -36.6103 -18.7634 24.6 1.2 0.9 2.5
2019.7178 -37.7527 -17.7642 28.9 1.2 0.9 2.5
2019.7205 -42.5302 -17.7642 25.8 1.2 0.9 2.7
2019.7233 -42.5821 -17.7642 23.5 1.3 0.9 2.8
2019.7260 -39.4664 -15.2106 18.6 1.2 0.9 2.6
2019.7288 -39.3625 -16.2098 22.4 1.2 0.9 2.6
2019.7315 -38.0643 -17.9862 25.3 1.2 0.9 2.6
2019.7342 -38.3239 -18.2083 20.8 1.2 0.9 2.6
2019.7370 -39.6741 -17.6532 22 1.2 0.8 2.6
2019.7397 -37.3892 -14.7665 16.5 1.2 0.9 2.6
2019.7425 -35.364 -16.876 19.9 1.4 0.9 2.9
2019.7452 -36.818 -19.3186 27.6 1.2 0.9 2.7
2019.7479 -35.9871 -19.6516 27.3 1.2 0.9 2.6
2019.7507 -36.4025 -18.2083 25.5 1.3 0.9 2.7
2019.7534 -40.6608 -17.9862 21 1.2 0.9 2.6
2019.7562 -35.7275 -20.9839 29.3 1.3 0.9 2.7
2019.7589 -38.6355 -19.7627 16.6 2.1 2.1 5.0
