1995.7452 0 0 0 2.0 1.5 4.2
1995.7479 -0.790985 1.66614 2.7 1.8 1.3 3.6
1995.7534 -1.97747 -2.22152 -7 2.6 1.8 4.5
1995.7562 -1.05465 7.21993 -6.4 1.9 1.3 3.6
1995.7644 2.43887 -6.10917 -8.8 2.0 1.6 4.3
1995.7671 -7.90986 -4.55411 -7.8 2.7 1.4 4.1
2002.4219 -100.192 -65.9791 7.9 1.9 1.4 3.9
2002.4247 -102.169 -69.6446 2.2 1.9 1.2 3.6
2002.4274 -99.9279 -72.9768 31.2 2.0 1.5 4.3
2002.4301 -97.0276 -72.7547 9.6 1.7 1.1 3.5
2002.4329 -96.8299 -72.4215 11.3 2.0 1.5 4.2
2002.4356 -99.071 -73.8654 8.1 1.8 1.1 3.5
2006.4658 -152.001 -116.852 13.9 2.3 1.9 4.5
2006.4685 -161.427 -112.298 19 1.4 1.0 3.0
2006.4712 -157.736 -113.186 2.1 2.1 1.8 4.2
2006.4740 -159.977 -110.52 -2 1.3 0.9 2.8
2006.4767 -161.295 -110.076 5.4 1.3 0.9 2.6
2006.4795 -168.085 -111.964 9.1 1.6 1.0 3.2
2011.4575 -239.405 -169.946 18.5 1.6 1.3 3.6
2011.4603 -239.076 -175.611 26.1 1.6 1.3 3.6
2011.5260 -238.944 -167.836 5.1 1.2 0.9 2.6
