1997.6000 0 0 0 5.9 2.7 9.0
1997.6027 -12.7121 -2.99749 -25 1.4 1.3 3.8
1997.6055 -5.96186 -9.76959 -25.3 1.4 1.2 3.7
1997.6082 -26.4588 -7.54923 -10.5 1.4 1.2 3.6
1997.6110 -19.5116 -11.4349 -33.4 1.4 1.3 3.8
1997.6137 -12.1701 -11.2128 -9.6 1.5 1.2 3.7
1997.6164 -17.5407 -5.99498 -32 1.8 1.6 4.3
1998.4658 -19.2159 -23.3138 -9 2.9 1.8 5.2
1998.4685 -22.9113 -20.5383 -31.2 1.4 1.2 3.6
1998.4712 -21.039 -18.9841 -14.1 1.4 1.2 3.6
1998.4740 -33.5047 -29.9749 -18 7.5 4.3 11.8
1998.4767 -29.2181 -32.5283 -36.7 13.0 7.1 13.5
1999.3918 -32.5193 -49.5141 -27.6 1.5 1.3 3.6
1999.3945 -36.7566 -51.5124 -25.6 2.1 1.7 4.7
2000.4219 -46.1182 -66.2778 -32.5 1.4 1.1 3.4
2000.4247 -49.1238 -66.1668 -21.7 1.7 1.5 4.1
2003.3781 -44.8372 -194.171 -31 1.4 1.3 3.8
2003.4247 -47.9905 -190.285 -24.6 2.0 1.4 4.4
2003.7644 -58.4361 -199.055 -4.8 1.2 1.0 3.2
2003.7671 -60.4562 -202.386 -19 1.3 1.1 3.5
2003.7699 -52.4742 -200.943 -24 1.4 1.1 3.6
2004.3726 -62.1808 -219.372 -25 1.2 1.0 3.3
2004.3753 -61.7866 -217.817 -9.4 1.2 1.1 3.4
2004.8000 -64.7429 -225.478 -25 2.0 1.7 4.8
2004.8027 -66.1225 -220.038 -4.6 2.6 1.7 6.2
2004.8110 -61.5895 -218.151 -16 3.2 2.3 6.9
2004.8137 -79.4751 -218.039 -16.8 2.9 2.4 6.7
2006.3699 -107.215 -257.451 -26 3.7 2.3 6.6
2006.3726 -93.1233 -259.449 -16.5 1.2 0.9 3.0
2006.3753 -84.1066 -254.897 -37 1.2 0.9 2.9
2006.3781 -91.5466 -258.561 -34.6 1.4 1.0 3.1
2006.3808 -92.3842 -256.23 -19.8 1.4 1.2 3.4
2007.4712 -96.4245 -272.216 -0.8 1.2 1.0 2.9
2007.4740 -94.7493 -274.326 3.7 1.2 0.9 2.7
2007.4767 -95.6854 -270.995 7.2 1.2 0.9 2.7
2007.4795 -91.3003 -272.66 4.9 1.2 1.0 2.8
2007.4822 -95.5869 -273.882 -2.2 1.1 0.9 2.7
2008.4849 -113.029 -294.42 -2.4 1.2 1.0 3.0
2009.4027 -121.652 -310.073 1.4 1.6 1.3 4.1
2009.4055 -123.13 -322.285 -1.6 1.5 1.2 3.9
2009.4082 -124.706 -313.515 4.7 1.5 1.3 4.0
2009.4110 -122.883 -317.623 7.1 1.5 1.2 4.0
2010.4493 -137.714 -333.831 2.8 1.2 1.0 3.2
2010.4521 -137.665 -335.386 -7.8 1.1 1.0 3.0
2010.4548 -136.335 -329.835 11.3 1.2 1.0 3.0
2010.4575 -138.453 -333.165 0.9 1.8 1.4 4.1
2011.5836 -144.366 -350.595 -2.8 2.9 2.0 5.7
2011.5863 -152.742 -355.924 21.7 1.2 0.9 2.9
2011.5890 -151.362 -354.37 18.7 1.2 0.9 3.0
2011.5918 -150.278 -348.486 27.2 1.1 0.9 2.9
2011.5945 -152.151 -349.929 15.6 1.2 0.9 3.0
2012.3479 -157.423 -370.8 5.7 1.1 0.9 2.8
2012.3507 -158.901 -370.356 10.5 1.1 0.9 3.0
2012.3534 -158.31 -369.801 10.4 1.1 0.9 2.9
2012.3562 -156.437 -371.577 12.8 1.4 1.2 3.2
2012.3589 -167.523 -373.243 15.7 1.1 0.9 2.9
2013.6767 -173.485 -394.447 26.6 1.4 1.3 3.8
2013.6795 -173.387 -404.328 20.1 1.2 0.9 3.0
2013.6822 -169.987 -396.112 23.5 1.2 1.0 3.2
2013.6849 -176.934 -391.783 29.4 1.2 1.0 3.1
2013.6877 -169.691 -391.339 15.6 1.2 1.0 3.1
2013.6904 -165.75 -398.111 22.3 3.4 1.9 6.9
2014.4329 -179.94 -408.324 25.8 1.4 1.1 3.5
2014.4356 -181.615 -404.994 23.9 1.5 1.3 3.7
2014.4384 -178.068 -401.996 26.9 1.2 1.0 3.2
2015.4438 -192.455 -424.644 -7.5 1.3 1.1 3.4
2015.4466 -191.617 -425.199 5.9 1.2 1.0 3.3
2015.4493 -193.046 -426.198 10 1.3 1.1 3.4
2016.3863 -204.428 -446.182 -49.7 1.4 1.1 3.6
2017.3863 -213.888 -458.283 35.7 1.3 1.1 3.5
2017.3890 -216.007 -461.391 31.4 1.3 1.0 3.3
2017.3918 -210.488 -456.617 37.3 1.2 1.0 3.3
2017.3973 -215.662 -461.502 32.8 1.2 1.0 3.3
2017.4000 -215.76 -463.611 35.8 1.2 1.0 3.3
2017.4027 -210.882 -458.283 43.9 1.2 1.0 3.3
2017.4055 -210.784 -462.834 29.6 2.2 1.5 4.6
2018.4356 -230 -475.379 36.1 1.4 1.1 3.4
2018.4384 -231.379 -472.271 42.6 1.2 1.0 3.4
2018.4411 -229.113 -478.044 43.1 1.2 1.0 3.3
2018.4438 -233.055 -471.05 41.3 1.4 1.2 3.9
2019.4329 -239.805 -499.026 26.2 1.3 1.1 3.6
2019.4356 -239.509 -499.914 23.6 1.2 1.1 3.5
2019.4384 -242.367 -500.025 31.8 1.3 1.1 3.4
2019.4411 -238.721 -498.36 42.4 1.3 1.1 3.6
