1995.4849 0 0 0 2.1 1.9 6.3
1995.4877 -4.27283 1.33214 17.2 1.6 1.5 4.6
1995.4904 2.67639 2.88629 -3.1 1.7 1.5 4.9
1995.4932 0.704312 1.22112 7.7 1.7 1.5 4.8
1995.4959 1.87817 -5.99461 15.3 2.1 1.9 5.6
1995.4986 1.03299 4.77349 18 2.4 1.9 5.8
1995.5014 -0.281724 2.55326 5.4 1.6 1.5 4.9
1995.5041 1.17385 8.43686 15.3 2.2 1.9 5.7
1995.5096 -0.845173 -0.222023 0.8 4.0 4.5 9.7
1995.5123 -2.39466 6.66068 -6.6 4.2 4.2 9.4
1995.5151 8.12306 -1.66517 -8.7 4.9 4.2 9.5
1995.5178 -12.4898 2.22023 5 5.2 4.1 9.8
1995.5233 4.13196 6.8827 41.6 4.1 2.1 6.5
1995.5260 17.0913 2.55326 -0.2 5.6 3.1 13.3
1995.5288 -27.4212 16.7627 12.3 13.0 4.7 15.4
