1997.5233 0 0 0 6.1 4.3 8.6
1997.6000 153192 -362630 3371.2 31.9 18.8 29.8
1997.6027 153202 -362646 3368.2 1.4 1.2 3.7
1997.6055 153189 -362639 3382.1 1.8 1.6 4.9
1997.6932 153201 -362640 3420.6 12.4 9.0 18.7
1997.6986 153198 -362637 3386.6 1.6 1.1 3.3
1997.7014 153197 -362638 3387.1 1.4 1.1 3.1
1997.7041 153237 -362613 3467.4 54.9 42.2 88.8
1998.3753 153196 -362656 3372.6 1.9 1.6 4.2
1998.5781 153203 -362662 3380.6 1.4 1.1 3.8
1998.5808 153197 -362660 3382.8 2.3 2.0 5.4
1999.3836 153184 -362676 3385.1 1.4 1.0 3.3
1999.3863 153182 -362676 3392.3 1.6 1.2 3.6
2004.5233 153172 -362854 3404.7 1.2 0.9 2.6
2004.5260 153169 -362857 3404.8 1.4 1.0 3.1
2013.6767 153081 -363058 3417.8 1.2 1.0 2.7
2013.6795 153079 -363047 3404.2 1.0 0.8 2.4
2013.6822 153076 -363041 3421.3 1.1 0.8 2.4
2013.6849 153076 -363062 3414.2 1.4 1.0 3.0
