2014.6493 0 0 0 1.2 0.9 2.6
2014.6521 4.25931 0 4 1.2 0.8 2.5
2014.6548 3.34192 -1.88826 7.5 1.3 0.9 2.7
2014.6575 0.982919 -4.10975 10.9 1.2 0.8 2.6
2014.6603 3.2764 -0.222149 13.2 1.2 0.8 2.5
2014.6630 4.25931 -2.22149 16.3 1.2 0.8 2.5
2014.6658 3.07981 -1.88826 6.1 1.2 0.8 2.5
2014.6685 7.01148 -1.44397 7.4 1.2 0.8 2.6
2014.6712 5.30776 -2.22149 6.9 1.2 0.8 2.6
2014.6740 8.05993 -1.55504 10.7 1.2 0.8 2.5
2014.6767 5.70093 -2.99901 15 1.2 0.8 2.5
2014.6795 5.76646 0.111074 9.9 1.2 0.8 2.6
2014.6822 8.58415 -1.44397 5.8 1.2 0.8 2.5
2014.6849 6.94596 -4.7762 9.5 1.2 0.8 2.6
2014.6877 3.21087 -1.55504 9.1 1.2 0.8 2.6
2014.6904 4.4559 -2.22149 4.7 1.2 0.8 2.6
2014.6932 10.8121 -1.66612 13 1.2 0.8 2.6
2014.6959 5.56987 -0.888595 16.3 1.2 0.8 2.6
2014.6986 9.69813 -1.66612 11.4 1.1 0.8 2.5
2014.7014 3.9972 -2.33256 5 1.1 0.8 2.5
2014.7041 5.70093 -2.66578 7.7 1.1 0.8 2.5
2014.7068 6.48726 -2.55471 14.9 1.1 0.8 2.5
2014.7096 8.78074 0 10.5 1.1 0.8 2.5
2014.7123 6.02857 -1.11074 5.3 1.1 0.8 2.5
2014.7151 6.35621 -0.777521 10.2 1.1 0.8 2.5
2014.7178 1.1795 1.11074 17 1.2 0.8 2.6
2014.7205 3.86615 -0.444297 17.5 1.1 0.8 2.5
2014.7233 0 0.999669 8.9 1.1 0.8 2.5
2014.7260 6.94596 -3.4433 12.6 1.1 0.8 2.5
2014.7288 5.11118 0.888595 9.2 1.2 0.8 2.5
2014.7315 2.42453 0.666446 9 1.2 0.8 2.5
2014.7342 8.19099 -1.11074 8.1 1.1 0.8 2.5
2014.7370 8.91179 -3.4433 10.8 1.2 0.8 2.6
2014.7397 4.32484 0.999669 0.3 1.1 0.8 2.6
2014.7425 6.55279 -2.77686 14 1.2 0.8 2.6
2014.7452 5.50434 1.22182 9.8 1.2 0.8 2.6
2014.7479 4.19379 -2.22149 3 1.2 0.8 2.6
2014.7507 -1.50714 0.999669 7.2 1.2 0.9 2.7
2014.7534 2.29348 0.111074 5.3 1.2 0.9 2.7
2014.7562 -0.786334 -1.44397 7.6 1.2 0.8 2.6
2014.7589 3.60404 -3.33223 11.2 1.2 0.8 2.6
2014.7616 6.48726 -2.99901 5.7 1.2 0.8 2.6
2014.7644 2.94876 -0.666446 2.3 1.2 0.8 2.6
2014.7671 3.9972 -1.88826 2.4 1.2 0.8 2.6
2014.7699 8.05993 -1.77719 6.6 1.2 0.8 2.6
2014.7726 4.78354 1.77719 19.8 1.2 0.9 2.6
2014.7753 -3.07981 -1.88826 12.7 1.2 0.8 2.6
2014.7781 -2.68664 -2.33256 10.3 1.2 0.8 2.6
2014.7808 2.62112 -1.99934 6.7 1.2 0.8 2.6
2014.7836 1.11397 -1.22182 8.9 1.2 0.8 2.6
2014.7863 2.359 -1.88826 10.1 1.2 0.8 2.6
2014.7890 4.32484 -3.4433 14.9 1.2 0.8 2.6
2014.7918 1.57267 -2.99901 9 1.2 0.8 2.6
2014.7945 4.58695 -1.33289 5.6 1.2 0.8 2.6
2014.7973 -0.786334 -3.66545 14 1.2 0.8 2.5
2014.8000 -0.655279 -2.44364 11.4 1.2 0.9 2.6
2014.8027 -2.55559 -1.55504 12.4 1.2 0.8 2.6
2014.8055 1.70373 -4.22082 13.3 1.2 0.9 2.6
2014.8082 -1.57267 -1.33289 8.1 1.2 0.9 2.6
2014.8110 0.982919 -0.111075 7.5 1.2 0.8 2.5
2014.8137 -0.131056 -0.999669 9 1.2 0.8 2.5
2014.8164 1.31056 -5.77587 14.1 1.2 0.8 2.5
2014.8192 1.76925 -4.3319 13.9 1.2 0.8 2.5
2014.8219 3.2764 -2.99901 15.1 1.2 0.8 2.6
2014.8247 1.50714 -2.66578 9 1.3 0.9 2.6
2014.8274 1.44161 -2.22149 3.5 1.2 0.8 2.5
2014.8301 2.16242 -3.55438 6.2 1.2 0.8 2.5
2014.8329 0.982919 -3.33223 5.4 1.2 0.8 2.5
2014.8356 2.16242 -0.333223 4.4 1.2 0.8 2.5
2014.8384 -1.57267 -3.11008 15.8 1.2 0.8 2.5
2014.8411 0.32764 -0.777521 2 1.2 0.8 2.5
2014.8438 3.2764 -2.33256 4 1.3 0.9 2.6
2014.8466 4.39037 -2.66578 12.4 1.2 0.8 2.6
2014.8493 -0.720807 -3.66545 5.7 1.2 0.8 2.6
2014.8521 3.53851 -2.22149 4.5 1.2 0.8 2.6
2014.8548 3.93167 -3.99868 3.5 1.2 0.8 2.6
2014.8575 2.29348 -4.44297 7 1.2 0.8 2.5
2014.8603 2.42453 -5.22049 8.5 1.3 0.9 2.7
2014.8630 3.60404 -5.55372 10.2 1.2 0.8 2.6
2014.8658 3.40745 -4.3319 12.4 1.2 0.8 2.6
2014.8685 3.60404 -3.99868 14.2 1.2 0.8 2.6
2014.8712 2.359 -4.44297 10.3 1.2 0.8 2.5
2014.8740 4.84907 -4.66512 10.4 1.2 0.8 2.5
2014.8767 4.25931 -3.99868 8.7 1.2 0.9 2.6
2014.8795 1.44161 -5.10942 10.2 1.2 0.8 2.5
2014.8822 1.90031 -6.88661 6.7 1.2 0.8 2.6
2014.8849 0.458696 -2.44364 4.5 1.2 0.8 2.5
2014.8877 0.58975 -4.10975 5.6 1.2 0.8 2.6
2014.8904 1.11397 -5.66479 11.5 1.2 0.9 2.7
2014.8932 -0.524223 -4.7762 9.1 1.2 0.9 2.7
2014.8959 4.12826 -5.88694 4.2 1.2 0.9 2.6
2014.8986 2.22795 -3.33223 2.7 1.2 0.9 2.6
2014.9014 3.01428 -2.33256 5.7 1.2 0.8 2.6
2014.9041 1.6382 -3.8876 3.9 1.2 0.8 2.6
2014.9068 1.24503 -4.88727 11.2 1.2 0.8 2.5
2014.9096 3.07981 -5.55372 9.7 1.2 0.8 2.6
2014.9123 1.44161 -7.10876 15.7 1.2 0.8 2.5
2014.9151 2.42453 -5.55372 12.7 1.2 0.8 2.5
2014.9178 1.96584 -6.33124 8.9 1.2 0.8 2.5
2014.9205 -1.1795 -5.33157 9.3 1.2 0.8 2.5
2014.9233 1.96584 -4.7762 11.4 1.2 0.8 2.6
2014.9260 4.65248 -5.33157 7.3 1.2 0.8 2.5
2014.9288 6.48726 -4.7762 4.6 1.2 0.8 2.5
2014.9315 2.75217 -6.88661 10.6 1.2 0.8 2.5
2014.9342 3.07981 -2.44364 2.4 1.2 0.8 2.5
2014.9370 2.94876 -3.66545 6.5 1.2 0.8 2.5
2014.9397 0 -7.44198 5.5 1.2 0.8 2.5
2014.9425 -2.16242 -6.66446 0.2 1.2 0.8 2.5
2014.9452 -2.68664 -4.66512 3.4 1.2 0.8 2.5
2014.9479 4.78354 -6.66446 5.5 1.2 0.8 2.5
2014.9507 2.03137 -3.66545 -0.3 1.2 0.8 2.6
2014.9534 0.58975 -2.11041 -0.4 1.2 0.8 2.5
2014.9562 -0.0655272 -6.10909 9.6 1.2 0.8 2.5
2014.9589 -0.524223 -5.10942 -3.4 1.2 0.8 2.6
2014.9616 3.40745 -7.3309 7 1.2 0.8 2.5
2014.9644 -0.393167 -4.3319 7.2 1.2 0.8 2.5
2014.9671 0.0655272 -2.77686 -1.3 1.2 0.8 2.6
2014.9699 -2.03136 -5.66479 1.6 1.2 0.8 2.5
2014.9726 2.03137 -5.22049 5.7 1.2 0.8 2.5
2014.9753 -0.0655272 -4.66512 0.5 1.3 0.8 2.5
2014.9781 1.6382 -4.10975 5.4 1.2 0.8 2.5
2014.9808 -3.86615 -7.88628 2.3 1.2 0.8 2.5
2014.9836 0.0655272 -4.10975 -3.7 1.2 0.8 2.5
2014.9863 3.47298 -5.22049 2.2 1.2 0.8 2.5
2014.9890 1.37609 -7.10876 2.1 1.2 0.8 2.5
2014.9918 -1.11397 -4.88727 4.7 1.2 0.8 2.4
2014.9945 4.06273 -5.66479 7.2 1.2 0.8 2.5
2014.9973 -0.131056 -5.10942 5.3 1.2 0.8 2.5
2015.0000 1.50714 -5.10942 6.1 1.2 0.8 2.5
2015.0027 0.32764 -5.66479 0.4 1.2 0.8 2.5
2015.0055 1.11397 -5.22049 5.4 1.2 0.8 2.5
2015.0082 1.04845 -3.99868 5 1.2 0.8 2.5
2015.0110 2.09689 -5.77587 9.8 1.2 0.9 2.6
2015.0137 0.982919 -5.44264 5 1.2 0.8 2.5
2015.0164 -2.75217 -7.10876 -2.6 1.2 0.8 2.5
2015.0219 1.1795 -6.44231 3.5 1.2 0.8 2.4
2015.0247 0.458696 -8.55272 6.8 1.2 0.8 2.5
2015.0274 -0.32764 -7.55305 -2.2 1.1 0.8 2.4
2015.0301 1.96584 -6.77553 -1.8 1.2 0.8 2.5
2015.0329 1.96584 -5.33157 2.4 1.2 0.8 2.5
2015.0356 1.70373 -3.99868 3.8 1.2 0.8 2.4
2015.0384 1.50714 -2.88793 0.6 1.1 0.8 2.4
2015.0411 -2.55559 -3.77653 5.7 1.1 0.8 2.4
2015.0438 0.131056 -7.44198 4 1.2 0.8 2.5
2015.0466 4.52143 -3.77653 1.2 1.2 0.8 2.5
2015.0493 0.720807 -6.66446 0.2 1.2 0.8 2.5
2015.0521 -3.53851 -5.10942 0 1.2 0.8 2.5
2015.0548 0.262113 -4.88727 2.7 1.2 0.8 2.5
2015.0575 1.57267 -7.88628 13.5 1.1 0.8 2.5
2015.0603 -1.24503 -4.66512 3 1.2 0.8 2.5
2015.0630 -3.34192 -4.66512 1.5 1.2 0.8 2.5
2015.0658 -2.75217 -5.77587 9.1 1.3 0.8 2.6
2015.0685 -2.42453 -7.88628 3.6 1.2 0.8 2.5
2015.0712 1.31056 -6.99768 1.9 1.2 0.8 2.4
2015.0740 4.58695 -7.88628 1.5 1.2 0.8 2.5
2015.0767 1.24503 -4.7762 2.2 1.2 0.8 2.5
2015.0795 -1.24503 -8.99702 7.6 1.2 0.8 2.5
2015.0822 1.90031 -6.77553 2.7 1.2 0.8 2.5
2015.0849 -0.32764 -6.77553 4.4 1.2 0.8 2.5
2015.0877 1.50714 -5.99801 0.1 1.2 0.8 2.4
2015.0904 3.60404 -5.66479 -1 1.3 0.8 2.6
2015.0932 1.83478 -9.77454 2.3 1.2 0.8 2.5
2015.0959 1.57267 -7.99735 5.3 1.2 0.8 2.5
2015.0986 -0.58975 -7.66413 9.3 1.2 0.8 2.5
2015.1014 -6.42173 -8.33057 12.3 1.2 0.8 2.6
2015.1041 -1.04845 -8.2195 5.6 1.3 0.8 2.5
2015.1068 1.6382 -6.88661 6.1 1.2 0.8 2.5
2015.1096 1.11397 -9.10809 3.4 1.2 0.8 2.5
2015.1123 -0.851863 -6.22016 3.4 1.2 0.8 2.5
2015.1151 0.0655272 -5.66479 4 1.2 0.8 2.6
2015.1178 0 -4.10975 0.7 1.2 0.8 2.5
2015.1205 -2.55559 -6.66446 2.9 1.2 0.8 2.6
2015.1233 -0.131056 -5.88694 0.8 1.2 0.8 2.5
2015.1260 4.19379 -4.99834 2.9 1.2 0.8 2.5
2015.1288 -2.09689 -6.22016 5.5 1.2 0.8 2.5
2015.1315 -0.524223 -7.88628 8 1.2 0.8 2.5
2015.1342 -0.786334 -4.22082 8.2 1.2 0.8 2.5
2015.1370 -3.07981 -6.88661 8.2 1.2 0.8 2.5
2015.1397 -2.94876 -5.99801 6.7 1.2 0.8 2.5
2015.1425 -0.393167 -6.22016 8.1 1.2 0.8 2.5
2015.1452 -0.58975 -5.99801 7.1 1.2 0.8 2.5
2015.1479 -0.32764 -6.77553 8.7 1.3 0.8 2.5
2015.1507 2.42453 -6.88661 3.7 1.2 0.8 2.5
2015.1534 2.49006 -6.77553 1.6 1.2 0.8 2.5
2015.1562 0.131056 -6.88661 9 1.2 0.8 2.5
2015.1589 -3.14534 -7.10876 5.3 1.2 0.8 2.5
2015.1616 -0.720807 -7.21983 8.6 1.2 0.8 2.5
2015.1644 -0.655279 -7.55305 4.6 1.2 0.8 2.5
2015.1671 -2.8177 -6.77553 9.2 1.3 0.9 2.6
2015.1699 0.655279 -6.55339 4.9 1.2 0.8 2.5
2015.1726 -1.37609 -7.66413 11.2 1.2 0.8 2.5
2015.1753 -4.06273 -8.77487 6.6 1.2 0.8 2.5
2015.1781 0.458696 -8.55272 3.6 1.2 0.8 2.5
2015.1808 0.720807 -9.44132 0.8 1.2 0.8 2.5
2015.1836 -0.524223 -7.66413 5.6 1.2 0.8 2.5
2015.1863 -7.01148 -10.3299 16.8 1.2 0.8 2.5
2015.1890 -0.982917 -8.2195 11.9 1.2 0.8 2.5
2015.1918 -2.09689 -8.77487 4 1.2 0.8 2.5
2015.1945 -8.05993 -11.4407 9.4 1.3 0.8 2.6
2015.1973 -5.04565 -10.5521 3.4 1.2 0.8 2.5
2015.2000 -4.78354 -7.3309 7 1.2 0.8 2.5
2015.2027 -0.0655272 -7.66413 7.7 1.2 0.8 2.5
2015.2055 -0.32764 -7.3309 6.8 1.2 0.8 2.5
2015.2082 1.1795 -7.99735 -0.1 1.7 1.1 3.0
2015.2110 0.196583 -6.55339 8.1 1.2 0.8 2.5
2015.2137 -2.94876 -8.44165 6.8 1.2 0.8 2.5
2015.2164 -2.88323 -5.10942 7 1.3 0.8 2.5
2015.2192 0.131056 -8.55272 3.2 1.2 0.8 2.5
2015.2219 0 -10.5521 4.2 1.2 0.8 2.5
2015.2247 -2.55559 -8.33057 6.5 1.2 0.8 2.5
2015.2274 -1.04845 -9.66347 6.1 1.2 0.8 2.5
2015.2301 0.196583 -9.33024 6.7 1.2 0.8 2.5
2015.2329 2.42453 -7.44198 2.7 1.2 0.8 2.5
2015.2356 1.11397 -9.33024 5.6 1.2 0.8 2.5
2015.2384 0.32764 -7.88628 5.6 1.2 0.8 2.6
2015.2411 -0.58975 -8.88595 3.6 1.3 0.9 2.7
2015.2493 1.44161 -7.7752 2.9 1.2 0.8 2.6
2015.2521 -1.04845 -9.88561 2.1 1.2 0.8 2.5
2015.2548 0.786336 -6.77553 5.4 1.2 0.8 2.5
2015.2575 -1.50714 -8.33057 1.7 1.2 0.8 2.5
2015.2603 -1.96584 -9.44132 8.4 1.2 0.8 2.5
2015.2630 -1.57267 -9.88561 9.7 1.2 0.8 2.5
2015.2658 0.262113 -11.1074 4.8 1.2 0.8 2.5
2015.2685 -0.655279 -8.6638 6.5 1.2 0.8 2.5
2015.2712 -2.16242 -9.10809 6.3 1.2 0.8 2.5
2015.2740 -1.76925 -8.88595 1.6 1.3 0.9 2.7
2015.2767 -3.07981 -9.44132 7.9 1.2 0.9 2.6
2015.2795 1.31056 -8.6638 5.7 1.2 0.8 2.5
2015.2822 -5.43882 -9.66347 -3.1 1.2 0.8 2.5
2015.2849 -0.458696 -11.4407 2.9 1.2 0.8 2.5
2015.2877 -4.71801 -6.22016 1.1 1.3 0.9 2.6
2015.2904 -1.37609 -10.2188 2 1.4 0.9 2.6
2015.2932 -2.29348 -9.99669 -2.8 1.2 0.8 2.5
2015.2959 -3.07981 -10.441 4.8 1.2 0.8 2.5
2015.2986 0.131056 -9.66347 5.6 1.2 0.8 2.5
2015.3014 -1.04845 -10.441 4.4 1.2 0.8 2.5
2015.3041 -2.75217 -10.3299 5.1 1.2 0.8 2.5
2015.3068 -2.42453 -9.33024 5.2 1.1 0.8 2.5
2015.3096 -4.84906 -10.2188 2.6 1.1 0.8 2.5
2015.3123 -1.31056 -9.88561 4.8 1.1 0.8 2.5
2015.3151 -2.42453 -10.2188 -2.7 1.1 0.8 2.5
2015.3178 -2.03136 -8.2195 1.9 1.1 0.8 2.5
2015.3205 -1.1795 -9.21917 1.8 1.1 0.8 2.5
2015.3233 -2.68664 -10.7742 2.8 1.1 0.8 2.5
2015.3260 -2.55559 -9.55239 -0.6 1.1 0.8 2.5
2015.3288 -1.57267 -8.6638 0.3 1.1 0.8 2.5
2015.3315 -2.94876 -10.441 2 1.1 0.8 2.5
2015.3342 0.786336 -9.66347 -2.6 1.1 0.8 2.5
2015.3370 -5.6354 -9.99669 2.4 1.1 0.8 2.4
2015.3397 -4.71801 -9.77454 2.2 1.1 0.8 2.5
2015.3425 -3.21087 -9.88561 1.6 1.1 0.8 2.5
2015.3452 -3.01428 -9.99669 1.8 1.1 0.8 2.5
2015.3479 -0.91739 -8.6638 5.2 1.1 0.8 2.5
2015.3507 0.196583 -8.99702 5.7 1.1 0.8 2.5
2015.3534 -3.47298 -9.33024 10.7 1.1 0.8 2.5
2015.3562 -3.07981 -10.7742 2.8 1.1 0.8 2.5
2015.3589 -3.40745 -9.77454 4.3 1.1 0.8 2.5
2015.3616 -1.57267 -10.9964 -0.4 1.1 0.8 2.5
2015.3644 -6.09409 -11.5517 8.8 1.1 0.9 2.6
2015.3671 -4.71801 -10.7742 3.2 1.1 0.8 2.5
2015.3699 -4.52143 -10.9964 0.6 1.1 0.8 2.5
2015.3726 0.655279 -12.1071 5.2 1.1 0.8 2.5
2015.3753 -2.359 -10.8853 10.1 1.1 0.8 2.5
2015.3781 -1.6382 -10.2188 4 1.1 0.8 2.5
2015.3808 -4.19379 -8.6638 2.5 1.1 0.9 2.6
2015.3836 -3.47298 -10.7742 4.3 1.1 0.8 2.5
2015.3863 -3.93167 -9.10809 0.9 1.1 0.8 2.5
2015.3890 -2.42453 -12.2182 2.9 1.1 0.8 2.5
2015.3918 -5.30776 -9.44132 6.8 1.1 0.8 2.5
2015.3945 -6.42173 -11.885 7.3 1.1 0.8 2.5
2015.3973 0.32764 -12.2182 7.7 1.1 0.8 2.5
2015.4000 -5.04565 -11.1074 9.9 1.1 0.8 2.5
2015.4027 -4.12826 -11.996 10.1 1.1 0.8 2.5
2015.4055 -4.52143 -12.8846 8.9 1.1 0.8 2.5
2015.4082 -3.07981 -12.1071 6.5 1.1 0.8 2.5
2015.4110 -5.56987 -13.7732 9.2 1.1 0.8 2.5
2015.4137 -5.1767 -11.7739 7.1 1.1 0.8 2.5
2015.4164 -4.84906 -11.885 9.6 1.1 0.8 2.5
2015.4192 -3.21087 -10.8853 16.4 1.1 0.8 2.5
2015.4219 -2.75217 -11.3296 9 1.1 0.8 2.5
2015.4247 -3.73509 -11.885 10.3 1.1 0.8 2.5
2015.4274 -6.61832 -14.6618 10.4 1.1 0.8 2.5
2015.4301 -5.24223 -13.5511 9.2 1.1 0.8 2.5
2015.4329 -7.73229 -13.1068 9.8 1.1 0.8 2.5
2015.4356 -7.14254 -12.2182 9.2 1.1 0.8 2.5
2015.4384 -6.29068 -14.2175 5 1.1 0.8 2.5
2015.4411 -6.22515 -15.2172 6.5 1.1 0.8 2.5
2015.4438 -4.32484 -11.996 10.8 1.1 0.9 2.6
2015.4466 -5.6354 -13.7732 10.4 1.1 0.8 2.5
2015.4493 -3.93167 -13.6621 16.5 1.1 0.8 2.5
2015.4521 -5.11118 -14.5507 8.7 1.1 0.8 2.5
2015.4548 -4.98012 -12.7735 13 1.1 0.8 2.5
2015.4575 -6.74937 -13.2178 8.9 1.1 0.8 2.4
2015.4603 -4.25931 -13.8843 9 1.1 0.8 2.5
2015.4630 -5.70093 -14.4397 3.2 1.2 0.8 2.5
2015.4658 -8.05993 -13.2178 11.7 1.1 0.8 2.5
2015.4685 -6.48726 -14.7729 7.3 1.1 0.8 2.5
2015.4712 -8.12546 -15.4393 8.4 1.1 0.8 2.4
2015.4740 -6.02857 -14.1064 7.2 1.1 0.8 2.5
2015.4767 -2.55559 -14.995 5.5 1.3 1.0 2.7
2015.4795 -5.56987 -8.44165 11.7 1.1 0.8 2.5
2015.4822 -5.70093 -12.5514 4.9 1.2 0.8 2.6
2015.4849 -8.97732 -13.1068 16.4 1.1 0.8 2.5
2015.4877 -7.60124 -14.6618 13.3 1.1 0.8 2.5
2015.4904 -2.8177 -13.2178 11.3 1.1 0.8 2.5
2015.4932 -8.64968 -13.2178 14.2 1.1 0.8 2.5
2015.4959 -7.07701 -15.4393 11 1.1 0.8 2.5
2015.4986 -7.86335 -15.2172 13.9 1.1 0.8 2.5
2015.5014 -9.50154 -13.6621 20.1 1.1 0.8 2.5
2015.5041 -7.40465 -15.4393 9.4 1.1 0.8 2.5
2015.5068 -7.20807 -14.2175 12.3 1.1 0.8 2.5
2015.5096 -2.8177 -14.3286 15.9 1.1 0.8 2.5
2015.5123 -5.1767 -16.6611 18.2 1.1 0.8 2.5
2015.5151 -10.2224 -14.884 12.9 1.1 0.8 2.5
2015.5178 -12.7779 -15.9947 17.8 1.1 0.8 2.5
2015.5205 -6.88043 -16.8833 20.2 1.1 0.8 2.5
2015.5233 -5.37329 -12.3292 18.6 1.1 0.8 2.5
2015.5260 -4.06273 -9.77454 14.9 1.1 0.8 2.6
2015.5288 -4.84906 -12.7735 15.9 1.1 0.8 2.5
2015.5315 -2.88323 -15.2172 14.4 1.2 0.8 2.6
2015.5342 -5.96304 -14.884 10.7 1.1 0.8 2.5
2015.5370 -6.29068 -13.2178 9.7 1.1 0.8 2.5
2015.5397 -1.70373 -12.7735 11.2 1.1 0.8 2.5
2015.5425 -6.22515 -15.2172 10.4 1.1 0.8 2.5
2015.5452 -7.9944 -17.994 20.3 1.1 0.8 2.5
2015.5479 -6.48726 -18.7716 16.4 1.1 0.8 2.5
2015.5507 -9.6326 -13.6621 14.2 1.1 0.8 2.5
2015.5534 -10.6155 -14.5507 8.9 1.1 0.8 2.5
2015.5562 -9.23943 -15.5504 17.7 1.1 0.8 2.5
2015.5589 -5.6354 -12.7735 13.1 1.1 0.9 2.6
2015.5616 -6.15962 -14.6618 14.9 1.1 0.8 2.5
2015.5644 -9.10838 -12.9957 10.8 1.2 0.8 2.5
2015.5671 -6.15962 -13.6621 13.7 1.1 0.8 2.5
2015.5699 -5.96304 -12.2182 6.8 1.2 0.8 2.5
2015.5726 -5.56987 -14.3286 10.7 1.2 0.8 2.6
2015.5753 -5.56987 -15.2172 13.8 1.2 0.8 2.6
2015.5781 -4.06273 -16.9944 7.3 1.2 0.8 2.5
2015.5808 0.393167 -12.9957 7 1.2 0.8 2.5
2015.5836 -4.71801 -14.7729 14.7 1.2 0.8 2.5
2015.5863 -8.78074 -14.6618 15 1.2 0.8 2.5
2015.5890 -8.84627 -14.4397 4.3 1.2 0.8 2.5
2015.5918 -8.51863 -16.1058 8.6 1.2 0.8 2.5
2015.5945 -4.91459 -17.6608 12.4 1.2 0.8 2.5
2015.5973 -9.30496 -17.2165 17 1.2 0.8 2.5
2015.6000 -3.21087 -14.4397 4.9 1.2 0.8 2.5
2015.6027 -8.25651 -15.8836 16.7 1.2 0.8 2.6
2015.6055 -7.33912 -14.995 7.6 1.2 0.8 2.6
2015.6082 -5.70093 -16.2169 6.7 1.2 0.8 2.5
2015.6110 -6.02857 -15.8836 13.4 1.2 0.8 2.5
2015.6137 -12.2537 -15.8836 18 1.1 0.8 2.5
2015.6164 -8.38757 -15.7726 13.2 1.2 0.8 2.5
2015.6192 -11.9916 -19.1048 11.6 1.1 0.8 2.5
2015.6219 -10.0913 -15.4393 14 1.4 0.8 2.6
2015.6247 -9.23943 -15.8836 4.5 1.2 0.8 2.6
2015.6274 -7.2736 -16.8833 16.8 1.1 0.8 2.5
2015.6301 -12.1882 -17.6608 17.9 1.1 0.8 2.5
2015.6329 -12.5158 -17.2165 19.7 1.1 0.8 2.5
2015.6356 -9.6326 -18.2162 17.6 1.1 0.8 2.5
2015.6384 -12.5814 -14.6618 14.8 1.1 0.8 2.5
2015.6411 -8.84627 -15.6615 14.7 1.1 0.8 2.5
2015.6438 -11.9916 -14.4397 12.7 1.3 0.8 2.5
2015.6466 -7.9944 -15.3283 10 1.1 0.8 2.5
2015.6493 -11.2708 -17.2165 10.2 1.1 0.8 2.5
2015.6521 -9.76366 -16.439 13.6 1.1 0.8 2.5
2015.6548 -11.4019 -17.994 14.1 1.4 0.9 2.6
2015.6575 -16.9717 -13.44 15.8 1.2 0.8 2.6
2015.6603 -14.2196 -17.5497 17.1 1.1 0.8 2.5
2015.6630 -17.2338 -16.6611 12.4 1.1 0.8 2.5
2015.6658 -17.0373 -20.7709 9.5 1.1 0.8 2.5
2015.6685 -11.5329 -17.3276 12 1.2 0.8 2.5
2015.6712 -15.9888 -19.1048 14.5 1.1 0.8 2.5
2015.6740 -10.7466 -17.6608 12.5 1.1 0.8 2.5
2015.6767 -8.91179 -17.883 9.2 1.1 0.8 2.5
2015.6795 -9.76366 -14.995 9.6 1.1 0.8 2.5
2015.6822 -11.9916 -18.9937 10.4 1.1 0.8 2.5
2015.6849 -11.8605 -16.6611 10.7 1.1 0.8 2.5
2015.6877 -12.3192 -18.1051 17.3 1.2 0.8 2.5
2015.6904 -8.64968 -16.7722 17.6 1.4 0.9 2.7
2015.6932 -7.86335 -18.3273 11.8 1.1 0.8 2.5
2015.6959 -11.7295 -17.6608 7.8 1.3 0.8 2.7
2015.6986 -11.4019 -19.6602 10.5 1.1 0.8 2.5
2015.7014 -14.0885 -17.883 12.9 1.1 0.8 2.5
2015.7041 -9.1739 -20.7709 15.4 1.1 0.8 2.5
2015.7068 -10.55 -18.1051 10.3 1.1 0.8 2.5
2015.7096 -8.38757 -16.1058 12.3 1.1 0.8 2.5
2015.7123 -9.04285 -17.4387 8.1 1.1 0.8 2.5
2015.7151 -12.9745 -18.2162 16.5 1.1 0.8 2.5
2015.7178 -13.1711 -18.3273 22.3 1.1 0.8 2.5
2015.7205 -9.56707 -18.6605 13.5 1.3 0.8 2.6
2015.7233 -9.30496 -18.3273 14.5 1.1 0.8 2.5
2015.7260 -10.6155 -14.995 13.3 1.1 0.8 2.5
2015.7288 -13.2366 -16.2169 11.4 1.1 0.8 2.5
2015.7315 -15.0714 -17.883 16.6 1.1 0.8 2.5
2015.7342 -15.7267 -20.993 12.7 1.1 0.8 2.5
2015.7370 -8.97732 -18.7716 8.4 1.1 0.8 2.5
2015.7397 -10.681 -18.3273 15.3 1.1 0.8 2.5
2015.7425 -10.2224 -19.438 14 1.1 0.8 2.6
2015.7452 -10.0258 -19.9934 12.9 1.2 0.8 2.6
2015.7479 -10.55 -19.3269 9.5 1.2 0.9 2.6
2015.7507 -10.1568 -17.4387 15.7 1.2 0.9 2.6
2015.7534 -15.9888 -18.7716 11.9 1.1 0.8 2.5
2015.7562 -10.3534 -19.6602 12.8 1.1 0.8 2.5
2015.7589 -12.6469 -20.882 13.7 1.2 0.8 2.5
2015.7616 -14.5472 -18.5494 16.5 1.1 0.8 2.5
2015.7644 -12.909 -20.3266 17.6 1.1 0.8 2.5
2015.7671 -12.2537 -18.5494 18.4 1.3 0.8 2.7
2015.7699 -14.6782 -18.8826 10 1.2 0.8 2.6
2015.7726 -13.2366 -20.1045 17 1.1 0.8 2.5
2015.7753 -15.2025 -20.2155 13.2 1.1 0.8 2.5
2015.7781 -12.8435 -17.6608 13.4 1.1 0.8 2.5
2015.7808 -17.4304 -22.1038 13.9 1.1 0.8 2.5
2015.7836 -12.909 -18.1051 12.5 1.1 0.8 2.5
2015.7863 -10.8121 -18.4383 9.5 1.1 0.8 2.5
2015.7890 -10.55 -19.9934 12.4 1.1 0.8 2.5
2015.7918 -9.10838 -18.6605 11.8 1.1 0.8 2.5
2015.7945 -12.0571 -16.2169 4.5 1.1 0.8 2.5
2015.7973 -12.0571 -19.3269 16.7 1.2 0.8 2.6
2015.8000 -12.8435 -19.7712 9.6 1.1 0.8 2.5
2015.8027 -14.5472 -20.2155 7.9 1.1 0.8 2.5
2015.8055 -13.4332 -19.5491 10.5 1.1 0.8 2.5
2015.8082 -13.6298 -16.8833 14.5 1.1 0.8 2.5
2015.8110 -13.8264 -17.6608 8 1.1 0.8 2.5
2015.8137 -11.8605 -19.8823 10 1.1 0.8 2.5
2015.8164 -9.76366 -17.994 15.2 1.1 0.8 2.5
2015.8192 -13.7609 -18.3273 9.7 1.1 0.8 2.5
2015.8219 -8.91179 -20.882 17.9 1.1 0.8 2.5
2015.8247 -12.7124 -16.439 9.5 1.1 0.8 2.5
2015.8274 -11.2053 -17.6608 10.7 1.1 0.8 2.5
2015.8301 -21.0345 -19.6602 9.6 1.1 0.8 2.5
2015.8329 -10.8776 -17.994 13.8 1.1 0.8 2.5
2015.8356 -13.3677 -17.6608 14.4 1.1 0.8 2.5
2015.8384 -13.6953 -19.5491 8.9 1.1 0.8 2.5
2015.8411 -14.6127 -20.7709 11.5 1.2 0.8 2.6
2015.8438 -10.681 -19.9934 15.6 1.1 0.8 2.5
2015.8466 -14.2196 -21.3263 8.8 1.1 0.8 2.5
2015.8493 -13.3022 -20.2155 11.6 1.1 0.8 2.6
2015.8521 -13.8919 -21.4373 14.5 1.2 0.8 2.7
2015.8548 -13.0401 -21.2152 14.4 1.1 0.8 2.6
2015.8575 -10.9432 -20.3266 7.3 1.1 0.8 2.6
2015.8603 -12.5814 -20.7709 13.3 1.1 0.8 2.6
2015.8630 -12.3848 -19.1048 8.3 1.1 0.8 2.6
2015.8658 -13.7609 -18.9937 12 1.1 0.8 2.6
2015.8685 -22.6071 -21.5484 7.3 1.1 0.8 2.6
2015.8712 -14.3506 -20.6598 7 1.1 0.8 2.5
2015.8740 -14.9404 -19.6602 12.1 1.1 0.8 2.5
2015.8767 -15.7922 -20.7709 13.9 1.1 0.8 2.6
2015.8795 -20.1826 -20.2155 8.2 1.1 0.8 2.6
2015.8822 -14.2196 -18.5494 13.1 1.1 0.8 2.6
2015.8849 -14.8093 -20.4377 10.5 1.1 0.8 2.5
2015.8877 -12.5158 -20.5487 9.8 1.1 0.8 2.6
2015.8904 -10.2879 -17.6608 9.3 1.1 0.8 2.6
2015.8932 -12.1227 -21.9927 11 1.1 0.8 2.5
2015.8959 -13.4332 -19.6602 11.8 1.1 0.8 2.5
2015.8986 -12.2537 -18.9937 12.9 1.1 0.8 2.5
2015.9014 -12.909 -19.7712 13 1.1 0.8 2.5
2015.9041 -14.2851 -20.5487 12.2 1.1 0.8 2.6
2015.9068 -12.6469 -20.993 13.1 1.1 0.8 2.5
2015.9096 -13.2366 -18.7716 10 1.1 0.8 2.5
2015.9123 -15.3991 -18.7716 9 1.1 0.8 2.5
2015.9151 -16.1199 -19.1048 16.3 1.1 0.8 2.6
2015.9178 -16.9062 -18.7716 10.5 1.1 0.8 2.6
2015.9205 -19.7239 -19.8823 8 1.1 0.8 2.5
2015.9233 -15.5956 -19.2159 10.3 1.1 0.8 2.6
2015.9260 -15.2025 -20.5487 12.6 1.1 0.8 2.5
2015.9288 -15.5301 -19.5491 6.2 1.1 0.8 2.5
2015.9315 -13.5643 -20.7709 8.9 1.1 0.8 2.5
2015.9342 -11.0087 -20.2155 12.5 1.2 0.8 2.5
2015.9370 -14.5472 -20.7709 12 1.2 0.8 2.6
2015.9397 -16.2509 -20.7709 4.3 1.2 0.8 2.6
2015.9425 -16.1854 -19.3269 10.8 1.2 0.8 2.6
2015.9452 -12.3848 -19.9934 12.5 1.2 0.8 2.6
2015.9479 -14.154 -22.6592 9.3 1.2 0.8 2.6
2015.9507 -14.7438 -23.7699 17.8 1.2 0.8 2.5
2015.9534 -14.0885 -23.4367 14.1 1.1 0.8 2.5
2015.9562 -15.0059 -20.4377 11.3 1.1 0.8 2.5
2015.9589 -14.9404 -21.2152 9.7 1.1 0.8 2.5
2015.9616 -14.8093 -19.6602 12.2 1.1 0.8 2.5
2015.9644 -14.154 -19.6602 11.6 1.1 0.8 2.5
2015.9671 -16.3164 -19.7712 13.2 1.1 0.8 2.5
2015.9699 -14.154 -22.8813 17.5 1.3 1.0 2.8
2015.9726 -16.4475 -18.3273 8.4 1.2 0.8 2.6
2015.9753 -16.1199 -20.4377 10.5 1.1 0.8 2.5
2015.9781 -14.6127 -22.2149 13.4 1.1 0.8 2.5
2015.9808 -14.154 -21.3263 11.8 1.1 0.8 2.5
2015.9836 -15.0059 -21.8816 12 1.1 0.8 2.5
2015.9863 -14.8093 -20.4377 12.7 1.1 0.8 2.5
2015.9890 -12.7779 -21.3263 5.9 1.1 0.8 2.5
2015.9918 -14.2851 -20.1045 7.3 1.1 0.8 2.5
2015.9945 -16.6441 -22.5481 11.4 1.1 0.8 2.5
2015.9973 -16.6441 -20.882 15.4 1.1 0.8 2.5
2016.0000 -13.6298 -19.7712 13.6 1.1 0.8 2.5
2016.0027 -12.0571 -19.3269 11.6 1.1 0.8 2.5
2016.0055 -11.0087 -18.9937 16.1 1.1 0.8 2.5
2016.0082 -12.8435 -21.4373 10 1.1 0.8 2.5
2016.0110 -14.9404 -21.2152 14.4 1.1 0.8 2.5
2016.0137 -15.4646 -21.5484 19.2 1.1 0.8 2.5
2016.0164 -14.2196 -21.6595 14 1.1 0.8 2.5
2016.0192 -13.3677 -21.3263 15.6 1.2 0.9 2.6
2016.0219 -13.3022 -19.2159 15.5 1.2 0.9 2.6
2016.0247 -15.6612 -19.9934 10.6 1.2 0.8 2.6
2016.0274 -15.8578 -20.993 12.9 1.1 0.8 2.5
2016.0301 -18.3478 -20.2155 5.1 1.1 0.8 2.5
2016.0329 -20.3136 -21.4373 12.1 1.1 0.8 2.5
2016.0356 -17.4304 -20.6598 12.3 1.1 0.8 2.5
2016.0384 -13.4987 -21.8816 14.7 1.1 0.8 2.5
2016.0411 -14.4161 -21.3263 6.9 1.2 0.8 2.6
2016.0438 -14.7438 -19.9934 11 1.1 0.8 2.5
2016.0466 -14.9404 -20.3266 14.6 1.1 0.8 2.5
2016.0493 -23.459 -18.1051 17.5 1.1 0.8 2.5
2016.0521 -18.872 -20.993 16 1.1 0.8 2.5
2016.0548 -15.268 -18.5494 12.6 1.3 0.9 2.7
2016.0575 -15.0714 -21.2152 13.4 1.1 0.8 2.5
2016.0603 -16.5786 -19.7712 5 1.1 0.8 2.5
2016.0630 -17.4959 -20.882 9.8 1.1 0.8 2.5
2016.0658 -18.2823 -21.2152 11.9 1.1 0.8 2.5
2016.0685 -17.7581 -21.9927 16.2 1.2 0.8 2.6
2016.0712 -17.4304 -23.6588 13.7 1.2 0.8 2.5
2016.0740 -18.9376 -21.6595 8.1 1.2 0.8 2.5
2016.0767 -24.573 -20.7709 12.4 1.2 0.8 2.5
2016.0795 -15.3991 -19.8823 15.3 1.2 0.8 2.6
2016.0822 -16.7751 -23.5478 12.3 1.2 0.8 2.5
2016.0849 -20.9034 -23.881 13.9 1.2 0.8 2.6
2016.0877 -16.5786 -22.437 13.3 1.2 0.8 2.5
2016.0904 -14.154 -20.2155 15 1.2 0.8 2.5
2016.0932 -18.0857 -20.993 10.4 1.2 0.8 2.5
2016.0959 -17.5615 -20.4377 11.2 1.2 0.8 2.5
2016.0986 -17.2338 -23.7699 10.5 1.2 0.8 2.5
2016.1014 -16.7096 -19.7712 3.3 1.2 0.8 2.5
2016.1041 -15.0059 -20.2155 9.9 1.2 0.8 2.5
2016.1068 -18.2168 -20.993 4 1.2 0.8 2.5
2016.1096 -16.513 -21.5484 9.4 1.2 0.8 2.5
2016.1123 -17.9546 -20.4377 14.4 1.2 0.8 2.5
2016.1151 -18.4789 -18.5494 5.8 1.2 0.8 2.6
2016.1178 -16.2509 -20.882 12 1.2 0.8 2.5
2016.1205 -16.1854 -19.438 14.4 1.2 0.8 2.5
2016.1233 -19.1997 -21.2152 12.3 1.2 0.8 2.5
2016.1260 -19.0031 -22.9924 12.6 1.2 0.8 2.5
2016.1288 -18.8065 -24.7696 8.6 1.2 0.8 2.6
2016.1315 -13.7609 -22.5481 13.5 1.2 0.8 2.6
2016.1342 -17.7581 -23.3256 10.2 1.2 0.8 2.5
2016.1370 -15.5301 -20.993 8.2 1.2 0.8 2.5
2016.1397 -19.7894 -21.6595 10.3 1.2 0.8 2.5
2016.1425 -16.9717 -21.8816 9.1 1.2 0.8 2.5
2016.1452 -15.7267 -21.8816 -0.2 1.2 0.8 2.5
2016.1479 -14.6782 -22.6592 8.6 1.2 0.8 2.5
2016.1507 -17.1028 -23.2145 14 1.2 0.8 2.5
2016.1534 -14.8748 -20.882 15.6 1.2 0.8 2.5
2016.1562 -16.7096 -21.8816 11.6 1.2 0.8 2.6
2016.1589 -15.5301 -18.2162 7.3 1.2 0.8 2.5
2016.1616 -17.6925 -22.7702 7.6 1.2 0.8 2.6
2016.1644 -17.1683 -21.8816 4.2 1.2 0.8 2.6
2016.1671 -15.8578 -22.9924 13.5 1.2 0.8 2.5
2016.1699 -16.3164 -23.5478 18.4 1.2 0.8 2.5
2016.1726 -17.0373 -22.8813 12.7 1.2 0.8 2.5
2016.1753 -21.1655 -22.7702 8.4 1.2 0.8 2.6
2016.1781 -18.5444 -21.1041 10.7 1.2 0.8 2.5
2016.1808 -15.3335 -25.8803 11.9 1.2 0.8 2.6
2016.1836 -15.3991 -24.1031 7.8 1.2 0.8 2.6
2016.1863 -17.7581 -20.6598 9.4 1.2 0.8 2.7
2016.1890 -17.5615 -19.7712 4.3 1.2 0.8 2.5
2016.1918 -17.5615 -23.2145 10.9 1.2 0.8 2.5
2016.1945 -16.0543 -20.882 9.2 1.2 0.8 2.5
2016.1973 -19.6584 -21.8816 15.7 1.2 0.8 2.5
2016.2000 -19.0686 -22.1038 6.7 1.2 0.8 2.5
2016.2027 -17.1683 -20.6598 14.5 1.2 0.8 2.6
2016.2055 -11.3363 -22.6592 6.6 1.2 0.8 2.6
2016.2082 -15.0059 -22.2149 11.1 1.3 0.8 2.6
2016.2110 -15.268 -22.5481 12.6 1.2 0.8 2.6
2016.2137 -14.4161 -21.5484 12.9 1.2 0.8 2.6
2016.2164 -14.2851 -22.7702 10.8 1.2 0.8 2.6
2016.2192 -14.4161 -21.1041 11.7 1.2 0.8 2.5
2016.2219 -18.4133 -19.1048 10 1.2 0.8 2.5
2016.2247 -17.3649 -22.8813 10.7 1.2 0.8 2.5
2016.2274 -18.872 -20.2155 7 1.2 0.8 2.5
2016.2301 -16.1854 -21.4373 4 1.2 0.8 2.5
2016.2329 -16.7096 -23.7699 8.7 1.2 0.8 2.5
2016.2356 -19.0686 -21.7706 12.1 1.2 0.8 2.5
2016.2384 -17.6925 -22.437 6.1 1.2 0.8 2.5
2016.2411 -18.1512 -24.9917 16.2 1.2 0.8 2.5
2016.2438 -7.60124 -23.881 4.9 1.2 0.8 2.5
2016.2466 -18.2168 -23.881 7.3 1.2 0.8 2.5
2016.2493 -16.7096 -22.437 9.9 1.2 0.8 2.5
2016.2521 -14.154 -24.4364 10.3 1.1 0.8 2.5
2016.2548 -13.2366 -22.1038 9.6 1.2 0.8 2.5
2016.2575 -14.4817 -22.8813 11.7 1.1 0.8 2.5
2016.2603 -15.5956 -23.3256 9 1.2 0.8 2.5
2016.2630 -16.7751 -23.5478 13 1.1 0.8 2.5
2016.2658 -17.0373 -22.437 13.2 1.1 0.8 2.5
2016.2685 -13.9574 -23.6588 7.7 1.2 0.8 2.5
2016.2712 -17.3649 -20.6598 14.3 1.1 0.8 2.5
2016.2740 -18.5444 -24.2142 15 1.1 0.8 2.5
2016.2767 -16.7096 -22.9924 10.2 1.1 0.8 2.5
2016.2795 -15.3991 -23.4367 10.1 1.1 0.8 2.5
2016.2822 -19.4618 -22.437 13.9 1.1 0.8 2.5
2016.2849 -18.0202 -23.9921 11.4 1.1 0.8 2.5
2016.2877 -16.9717 -24.6585 16.9 1.2 0.8 2.5
2016.2904 -18.9376 -23.3256 17.1 1.1 0.8 2.5
2016.2932 -17.0373 -22.5481 5.5 1.1 0.8 2.4
2016.2959 -18.0202 -21.7706 11.8 1.1 0.8 2.5
2016.2986 -20.9689 -23.3256 11.1 1.1 0.8 2.5
2016.3014 -22.0829 -25.7692 8.9 1.2 0.8 2.6
2016.3041 -18.2823 -24.5474 12 1.2 0.8 2.6
2016.3068 -15.6612 -22.8813 14.3 1.1 0.8 2.4
2016.3096 -16.513 -24.7696 14.4 1.1 0.8 2.4
2016.3123 -16.513 -21.6595 12.5 1.1 0.8 2.5
2016.3151 -18.0857 -26.5468 13 1.1 0.8 2.5
2016.3178 -18.0857 -25.5471 13.7 1.1 0.8 2.5
2016.3205 -17.0373 -23.3256 11.8 1.1 0.8 2.4
2016.3233 -17.5615 -23.4367 13.2 1.1 0.8 2.4
2016.3260 -16.4475 -21.5484 15.6 1.1 0.8 2.4
2016.3288 -20.3792 -25.3249 10.7 1.1 0.8 2.5
2016.3315 -17.8236 -26.1025 8.8 1.1 0.8 2.5
2016.3342 -23.5245 -24.9917 11.6 1.1 0.8 2.5
2016.3370 -19.855 -22.6592 16.5 1.1 0.8 2.5
2016.3397 -17.3649 -26.6578 14.2 1.1 0.8 2.5
2016.3425 -18.8065 -23.7699 13.3 1.1 0.8 2.5
2016.3452 -15.9888 -26.9911 11.9 1.1 0.8 2.5
2016.3479 -15.9888 -24.2142 14.4 1.1 0.8 2.5
2016.3507 -20.1171 -26.3246 17 1.1 0.8 2.5
2016.3534 -21.5587 -25.2139 12.4 1.3 0.9 2.7
2016.3562 -20.7723 -28.435 13.7 1.1 0.8 2.5
2016.3589 -20.3136 -28.1018 14.4 1.1 0.8 2.5
2016.3616 -17.5615 -27.9907 13.3 1.1 0.8 2.4
2016.3644 -18.3478 -24.8806 16.1 1.1 0.8 2.4
2016.3671 -16.382 -24.6585 10.5 1.1 0.8 2.4
2016.3699 -18.872 -26.3246 17.6 1.1 0.8 2.4
2016.3726 -18.2168 -26.4357 21.9 1.1 0.8 2.5
2016.3753 -20.1826 -27.5464 15.3 1.1 0.8 2.4
2016.3781 -16.0543 -25.9914 12.1 1.1 0.8 2.4
2016.3808 -20.5102 -25.7692 10.2 1.1 0.8 2.4
2016.3836 -18.6099 -26.7689 12.4 1.1 0.8 2.5
2016.3863 -18.4133 -29.4347 13.2 1.1 0.8 2.4
2016.3890 -18.6099 -25.9914 13.6 1.1 0.8 2.4
2016.3918 -18.741 -29.1015 19.8 1.1 0.8 2.4
2016.3945 -20.4447 -27.4354 18.2 1.1 0.8 2.4
2016.3973 -22.345 -26.4357 15.7 1.1 0.8 2.4
2016.4000 -18.872 -26.4357 18.8 1.1 0.8 2.4
2016.4027 -20.1171 -27.4354 19.3 1.1 0.8 2.4
2016.4055 -18.4133 -26.88 14.7 1.1 0.8 2.5
2016.4082 -19.7239 -27.4354 16.9 1.2 0.8 2.5
2016.4110 -21.0345 -28.6572 17.9 1.1 0.8 2.4
2016.4137 -19.986 -25.7692 12.3 1.2 0.8 2.4
2016.4164 -18.3478 -26.5468 17 1.1 0.8 2.4
2016.4192 -20.2481 -27.7686 21.8 1.1 0.8 2.4
2016.4219 -18.8065 -24.9917 12.7 1.1 0.8 2.4
2016.4247 -25.2938 -28.1018 13 1.1 0.8 2.4
2016.4274 -21.1655 -27.2132 17.3 1.1 0.8 2.4
2016.4301 -20.1171 -28.435 19.2 1.1 0.8 2.4
2016.4329 -19.7894 -26.3246 20.6 1.2 0.8 2.4
2016.4356 -21.5587 -28.8793 12.6 1.1 0.8 2.4
2016.4384 -23.5245 -28.9904 16.8 1.1 0.8 2.4
2016.4411 -21.0345 -29.7679 19.5 1.1 0.8 2.4
2016.4438 -21.2966 -29.4347 19 1.1 0.8 2.4
2016.4466 -23.0003 -26.88 17 1.1 0.8 2.4
2016.4493 -19.986 -27.3243 18.4 1.1 0.8 2.5
2016.4521 -22.9348 -28.2129 18.6 1.1 0.8 2.4
2016.4548 -19.3963 -28.2129 21.9 1.1 0.8 2.4
2016.4575 -19.6584 -28.9904 22.9 1.1 0.8 2.4
2016.4603 -21.1 -28.324 19.1 1.1 0.8 2.4
2016.4630 -20.1171 -27.3243 16.3 1.1 0.8 2.4
2016.4658 -21.9518 -27.4354 16.1 1.1 0.8 2.4
2016.4685 -20.1826 -27.9907 15.8 1.1 0.8 2.4
2016.4712 -21.8863 -29.5458 16 1.1 0.8 2.4
2016.4740 -15.9888 -26.1025 19.8 1.2 0.8 2.4
2016.4767 -21.8863 -27.4354 14.5 1.2 0.8 2.4
2016.4795 -23.8522 -28.8793 18.5 1.2 0.8 2.4
2016.4822 -21.8208 -28.7682 15.9 1.2 0.8 2.5
2016.4849 -16.382 -30.8787 23.9 1.2 0.8 2.4
2016.4877 -19.2652 -26.7689 15.9 1.2 0.8 2.4
2016.4904 -23.59 -27.1021 21.5 1.2 0.8 2.4
2016.4932 -17.627 -27.1021 22 1.2 0.8 2.4
2016.4959 -20.1826 -27.9907 26.9 1.2 0.8 2.4
2016.4986 -22.6071 -26.5468 24.6 1.2 0.8 2.4
2016.5014 -18.6754 -25.9914 14.5 1.2 0.8 2.4
2016.5041 -20.8379 -25.3249 21.2 1.2 0.8 2.4
2016.5068 -23.59 -27.3243 15.4 1.2 0.8 2.5
2016.5096 -18.6099 -30.5454 23 1.2 0.8 2.5
2016.5123 -19.4618 -30.3233 18.4 1.2 0.8 2.4
2016.5151 -18.9376 -27.9907 21.9 1.2 0.8 2.4
2016.5178 -19.3963 -29.7679 21.1 1.2 0.8 2.4
2016.5205 -25.7525 -28.7682 17.2 1.2 0.8 2.5
2016.5233 -23.8522 -30.4344 16.4 1.2 0.8 2.4
2016.5260 -22.0174 -29.5458 19.5 1.2 0.8 2.4
2016.5288 -21.3621 -25.5471 25.8 1.2 0.8 2.4
2016.5315 -20.5758 -29.2125 26.2 1.2 0.8 2.4
2016.5342 -19.7239 -28.9904 16.3 1.2 0.8 2.4
2016.5370 -20.6413 -29.3236 18.2 1.2 0.8 2.4
2016.5397 -17.7581 -31.323 18.8 1.2 0.8 2.4
2016.5425 -24.7695 -29.2125 26.7 1.2 0.8 2.4
2016.5452 -21.0345 -28.5461 16.5 1.2 0.8 2.4
2016.5479 -20.5102 -29.879 21.1 1.2 0.8 2.4
2016.5507 -24.9661 -26.6578 15.8 1.2 0.8 2.4
2016.5534 -23.2624 -26.7689 15.9 1.2 0.8 2.4
2016.5562 -24.9006 -29.9901 14.3 1.2 0.8 2.4
2016.5589 -23.0658 -27.8797 15.1 1.2 0.8 2.4
2016.5616 -22.8692 -29.6568 6.8 1.2 0.8 2.4
2016.5644 -24.9006 -27.6575 20.7 1.2 0.8 2.4
2016.5671 -24.9661 -29.3236 20.7 1.2 0.8 2.4
2016.5699 -20.1826 -28.9904 22.3 1.2 0.8 2.4
2016.5726 -28.5046 -30.5454 19.7 1.2 0.8 2.4
2016.5753 -20.0515 -29.879 17.4 1.2 0.8 2.4
2016.5781 -20.3792 -29.4347 19.9 1.2 0.8 2.4
2016.5808 -22.8037 -29.2125 20 1.2 0.8 2.4
2016.5836 -23.2624 -29.7679 22.9 1.2 0.8 2.4
2016.5863 -24.8351 -28.8793 21 1.2 0.8 2.4
2016.5890 -27.7838 -29.3236 15.7 1.2 0.8 2.4
2016.5918 -26.0146 -31.5451 20.6 1.3 0.8 2.4
2016.5945 -23.7866 -30.8787 17.4 1.2 0.8 2.4
2016.5973 -23.6556 -28.324 23.8 1.2 0.8 2.4
2016.6000 -28.6357 -30.2122 26.2 1.2 0.8 2.4
2016.6027 -19.3963 -28.435 17.6 1.2 0.8 2.4
2016.6055 -24.1143 -29.4347 21 1.2 0.8 2.4
2016.6082 -22.9348 -28.8793 22.6 1.2 0.8 2.4
2016.6110 -23.3935 -31.6562 22.8 1.2 0.8 2.4
2016.6137 -28.4391 -30.5454 18 1.2 0.8 2.4
2016.6164 -23.59 -32.6559 21.3 1.2 0.8 2.4
2016.6192 -23.0658 -30.4344 16.6 1.2 0.8 2.4
2016.6219 -20.3792 -30.4344 14.7 1.2 0.8 2.4
2016.6247 -23.6556 -28.1018 14.7 1.2 0.8 2.4
2016.6274 -25.2282 -29.2125 18.3 1.2 0.8 2.5
2016.6301 -27.9804 -31.7673 20.2 1.2 0.8 2.4
2016.6329 -26.0146 -30.6565 22.7 1.2 0.8 2.4
2016.6356 -26.1456 -31.8783 21.1 1.2 0.8 2.4
2016.6384 -24.7695 -32.1005 25.5 1.2 0.8 2.4
2016.6411 -24.5074 -33.4334 25.2 1.2 0.8 2.4
2016.6438 -25.2938 -33.2112 16.5 1.2 0.8 2.4
2016.6466 -25.7525 -31.1008 18.9 1.2 0.8 2.4
2016.6493 -25.818 -31.8783 25.9 1.2 0.8 2.4
2016.6521 -26.2112 -31.9894 21.7 1.2 0.8 2.4
2016.6548 -24.5074 -32.878 25 1.2 0.8 2.4
2016.6575 -23.9832 -32.2116 19.9 1.2 0.8 2.4
2016.6603 -26.1456 -30.4344 16.4 1.2 0.8 2.4
2016.6630 -26.0801 -29.7679 18.8 1.2 0.8 2.4
2016.6658 -25.6214 -27.7686 20.7 1.2 0.8 2.4
2016.6685 -22.0829 -31.1008 17.5 1.2 0.8 2.4
2016.6712 -24.9661 -31.434 21.5 1.2 0.8 2.4
2016.6740 -24.7695 -31.2119 18.2 1.2 0.8 2.4
2016.6767 -24.9006 -31.434 21 1.2 0.8 2.4
2016.6795 -23.7866 -31.434 16.6 1.2 0.8 2.4
2016.6822 -23.3935 -31.7673 21.4 1.2 0.8 2.4
2016.6849 -25.7525 -31.1008 23 1.2 0.8 2.4
2016.6877 -29.6841 -30.1011 18.2 1.3 0.8 2.5
2016.6904 -25.0972 -29.2125 16.2 1.3 0.9 2.6
2016.6932 -23.3935 -31.8783 23.5 1.2 0.8 2.5
2016.6959 -26.4733 -30.2122 22.9 1.2 0.8 2.4
2016.6986 -21.0345 -30.6565 14.7 1.2 0.8 2.4
2016.7014 -24.9661 -32.1005 19.8 1.2 0.8 2.4
2016.7041 -26.8664 -30.9897 18.2 1.2 0.8 2.4
2016.7068 -22.8037 -30.8787 23.3 1.2 0.8 2.4
2016.7096 -24.3108 -26.88 16.9 1.2 0.8 2.5
2016.7123 -25.3593 -30.8787 18.9 1.2 0.8 2.5
2016.7151 -24.704 -29.9901 15.5 1.2 0.8 2.4
2016.7178 -26.4077 -32.1005 14.5 1.2 0.8 2.4
2016.7205 -25.3593 -33.4334 14.4 1.2 0.8 2.4
2016.7233 -25.6869 -32.878 21.2 1.2 0.8 2.4
2016.7260 -25.0317 -32.2116 18.8 1.2 0.8 2.4
2016.7288 -26.8664 -29.6568 22 1.2 0.8 2.5
2016.7315 -26.932 -32.7669 16.1 1.2 0.8 2.5
2016.7342 -22.8692 -30.2122 17.8 1.2 0.8 2.4
2016.7370 -28.8323 -31.434 14.7 1.2 0.8 2.4
2016.7397 -28.6357 -32.6559 18.2 1.2 0.8 2.4
2016.7425 -23.9832 -33.1001 18 1.2 0.8 2.4
2016.7452 -26.8664 -32.6559 13.3 1.2 0.8 2.4
2016.7479 -26.0146 -31.8783 18.1 1.2 0.8 2.4
2016.7507 -26.1456 -33.2112 16.3 1.2 0.8 2.4
2016.7534 -23.8522 -33.2112 17.7 1.2 0.8 2.4
2016.7562 -23.9832 -32.9891 19.5 1.2 0.8 2.4
2016.7589 -27.063 -32.2116 22 1.2 0.8 2.4
2016.7616 -26.9975 -34.7663 19.1 1.2 0.8 2.4
2016.7644 -24.3108 -34.5441 15.1 1.2 0.8 2.4
2016.7671 -26.8664 -31.2119 16.3 1.2 0.8 2.4
2016.7699 -27.3907 -31.5451 23.2 1.2 0.8 2.4
2016.7726 -26.6043 -33.2112 15.2 1.1 0.8 2.4
2016.7753 -29.8807 -32.3226 18.5 1.1 0.8 2.4
2016.7781 -26.6699 -31.7673 21.3 1.2 0.8 2.4
2016.7808 -27.5217 -32.9891 20.6 1.2 0.8 2.4
2016.7836 -23.6556 -30.7676 15.8 1.1 0.8 2.4
2016.7863 -28.8978 -31.6562 22.3 1.3 0.8 2.5
2016.7890 -29.422 -34.9884 21.5 1.1 0.8 2.4
2016.7918 -27.5872 -32.4337 25 1.1 0.8 2.4
2016.7945 -24.9006 -33.9887 23.2 1.1 0.8 2.4
2016.7973 -27.5217 -33.2112 21.4 1.1 0.8 2.4
2016.8000 -26.3422 -32.9891 12.6 1.1 0.8 2.4
2016.8027 -32.0431 -31.5451 13.6 1.1 0.8 2.4
2016.8055 -30.0118 -32.3226 12.4 1.1 0.8 2.4
2016.8082 -30.1428 -33.1001 10.8 1.1 0.8 2.4
2016.8110 -30.2084 -32.2116 13.8 1.1 0.8 2.4
2016.8137 -28.7012 -35.6549 14.9 1.1 0.8 2.4
2016.8164 -27.9804 -35.3216 18.9 1.1 0.8 2.4
2016.8192 -29.6186 -33.4334 17 1.1 0.8 2.4
2016.8219 -30.2084 -31.2119 21.1 1.1 0.8 2.4
2016.8247 -29.291 -33.1001 17.6 1.1 0.8 2.4
2016.8274 -28.0459 -33.4334 17.5 1.1 0.8 2.4
2016.8301 -27.3251 -33.4334 13.4 1.1 0.8 2.4
2016.8329 -27.1285 -33.9887 20.8 1.1 0.8 2.4
2016.8356 -29.291 -34.5441 13.8 1.1 0.8 2.4
2016.8384 -31.9776 -32.4337 13.7 1.1 0.8 2.4
2016.8411 -31.65 -32.7669 26.5 1.1 0.8 2.4
2016.8438 -30.4049 -39.0982 14.3 1.1 0.8 2.4
2016.8466 -25.2282 -34.322 9.3 1.1 0.8 2.5
2016.8493 -30.9947 -32.7669 9 1.1 0.8 2.4
2016.8521 -30.4705 -32.7669 15.1 1.1 0.8 2.4
2016.8548 -32.4363 -34.7663 14.2 1.1 0.8 2.4
2016.8575 -33.0916 -34.8773 12.8 1.1 0.8 2.4
2016.8603 -28.4391 -30.1011 12.9 1.1 0.8 2.5
2016.8630 -31.3879 -32.9891 14.7 1.2 0.8 2.5
2016.8658 -34.4677 -31.6562 8.1 1.1 0.8 2.5
2016.8685 -29.9462 -35.4327 13.4 1.1 0.8 2.5
2016.8712 -28.6357 -33.8777 11 1.1 0.8 2.4
2016.8740 -28.0459 -31.8783 9.7 1.1 0.8 2.5
2016.8767 -28.3736 -33.3223 16.8 1.1 0.8 2.5
2016.8795 -28.1115 -34.9884 9.4 1.1 0.8 2.5
2016.8822 -28.8323 -33.8777 17.7 1.1 0.8 2.5
2016.8849 -28.7012 -33.5444 16.6 1.1 0.8 2.4
2016.8877 -30.3394 -34.2109 18.8 1.1 0.8 2.5
2016.8904 -28.7667 -34.322 18.7 1.1 0.8 2.5
2016.8932 -29.6186 -32.4337 8.3 1.1 0.8 2.5
2016.8959 -29.9462 -33.3223 15.8 1.1 0.8 2.5
2016.8986 -30.9947 -32.4337 -1 1.1 0.8 2.5
2016.9014 -29.0289 -32.4337 17.7 1.1 0.8 2.5
2016.9041 -28.5702 -34.5441 14.5 1.1 0.8 2.5
2016.9068 -28.2425 -34.9884 16.5 1.2 0.8 2.5
2016.9096 -28.7012 -32.5448 13 1.2 0.8 2.5
2016.9123 -31.5844 -34.433 16.6 1.1 0.8 2.4
2016.9151 -32.3053 -32.1005 12.8 1.2 0.8 2.4
2016.9178 -29.5531 -35.4327 14.4 1.1 0.8 2.4
2016.9205 -27.063 -33.3223 9.4 1.2 0.8 2.5
2016.9233 -34.8608 -36.0992 14.5 1.2 0.8 2.5
2016.9260 -35.7782 -33.8777 13.6 1.2 0.8 2.4
2016.9288 -32.7639 -34.7663 14.3 1.2 0.8 2.4
2016.9315 -29.7497 -34.5441 15.2 1.2 0.8 2.4
2016.9342 -29.8152 -34.2109 12.8 1.1 0.8 2.4
2016.9370 -31.3879 -34.433 14.3 1.2 0.8 2.4
2016.9397 -30.7326 -34.322 19.3 1.2 0.8 2.4
2016.9425 -29.291 -34.2109 18.8 1.2 0.8 2.5
2016.9452 -29.5531 -34.7663 16.2 1.2 0.8 2.4
2016.9479 -31.1258 -34.9884 16.5 1.2 0.8 2.4
2016.9507 -32.1087 -33.3223 14.5 1.2 0.8 2.4
2016.9534 -31.9776 -33.8777 15.4 1.2 0.8 2.4
2016.9562 -30.3394 -34.7663 14.4 1.2 0.8 2.4
2016.9589 -31.9776 -33.6555 17.7 1.2 0.8 2.4
2016.9616 -32.4363 -33.8777 17.9 1.2 0.8 2.4
2016.9644 -32.0431 -33.4334 14.7 1.2 0.8 2.4
2016.9671 -32.1087 -34.5441 13.9 1.2 0.8 2.4
2016.9699 -33.1571 -31.7673 26.7 1.2 0.8 2.4
2016.9726 -33.0261 -34.7663 15.5 1.2 0.8 2.4
2016.9753 -34.7953 -35.4327 12.6 1.2 0.8 2.4
2016.9781 -31.1913 -35.7659 15.1 1.2 0.8 2.4
2016.9808 -30.0118 -36.2102 13 1.2 0.8 2.4
2016.9836 -31.5189 -33.9887 17 1.2 0.8 2.4
2016.9863 -29.422 -34.9884 17.6 1.2 0.8 2.4
2016.9890 -30.6671 -33.3223 16.5 1.2 0.8 2.4
2016.9918 -34.9264 -35.877 15.2 1.2 0.8 2.4
2016.9945 -33.6158 -32.4337 9.8 1.2 0.8 2.4
2016.9973 -30.4705 -33.8777 14.9 1.2 0.8 2.4
2017.0000 -31.65 -34.433 14.1 1.2 0.8 2.4
2017.0027 -32.4363 -32.6559 13.3 1.2 0.8 2.4
2017.0027 -27.1285 -30.7676 16.7 1.2 0.8 2.4
2017.0055 -30.4049 -34.5441 16.1 1.2 0.8 2.4
2017.0082 -29.422 -34.8773 12.1 1.2 0.8 2.4
2017.0110 -31.781 -33.8777 12.9 1.2 0.8 2.4
2017.0137 -33.4192 -34.322 10.8 1.2 0.8 2.4
2017.0164 -30.0773 -33.7666 13.9 1.2 0.8 2.4
2017.0192 -29.422 -31.1008 17.9 1.2 0.8 2.4
2017.0219 -28.9633 -34.5441 12.9 1.2 0.8 2.4
2017.0247 -31.4534 -34.433 14.1 1.2 0.8 2.4
2017.0274 -30.2739 -34.7663 15.4 1.2 0.8 2.5
2017.0301 -29.2254 -34.0998 11.2 1.2 0.8 2.4
2017.0329 -31.0602 -35.7659 11.4 1.2 0.8 2.4
2017.0356 -27.2596 -32.3226 10.3 1.2 0.8 2.4
2017.0384 -25.7525 -31.434 5.6 1.2 0.8 2.4
2017.0411 -27.8494 -33.3223 9.5 1.2 0.8 2.4
2017.0438 -30.2084 -32.4337 8.9 1.2 0.8 2.4
2017.0466 -29.6841 -34.2109 10.8 1.2 0.8 2.5
2017.0493 -36.1714 -34.2109 14.9 1.2 0.8 2.5
2017.0521 -31.0602 -36.8767 14.5 1.2 0.8 2.4
2017.0548 -30.9947 -36.0992 7.3 1.2 0.8 2.4
2017.0575 -31.7155 -35.6549 14.2 1.2 0.8 2.4
2017.0603 -30.536 -33.2112 12.9 1.2 0.8 2.4
2017.0630 -28.8323 -34.9884 16.6 1.2 0.8 2.4
2017.0658 -32.7639 -35.6549 11.5 1.2 0.8 2.4
2017.0685 -31.5844 -34.433 3 1.2 0.8 2.4
2017.0712 -32.3053 -35.877 1.6 1.2 0.8 2.4
2017.0740 -28.177 -33.4334 2.7 1.2 0.8 2.4
2017.0767 -34.9919 -36.9877 5.9 1.2 0.8 2.4
2017.0795 -38.0717 -36.0992 9.5 1.2 0.8 2.4
2017.0822 -34.3366 -36.0992 12.6 1.2 0.8 2.4
2017.0849 -31.4534 -34.8773 8.9 1.2 0.8 2.4
2017.0877 -31.65 -35.877 9.8 1.2 0.8 2.4
2017.0904 -30.8636 -34.2109 11.2 1.2 0.8 2.5
2017.0932 -31.2568 -33.1001 13.3 1.2 0.8 2.4
2017.0959 -32.7639 -35.7659 17.9 1.2 0.8 2.4
2017.0986 -31.781 -35.2106 9.2 1.2 0.8 2.4
2017.1014 -32.2397 -34.5441 12.1 1.2 0.8 2.5
2017.1041 -32.1087 -35.877 10.3 1.2 0.8 2.4
2017.1068 -31.65 -35.4327 14 1.2 0.8 2.4
2017.1096 -33.8779 -35.3216 12.4 1.2 0.8 2.4
2017.1123 -32.895 -36.4324 11.9 1.2 0.8 2.4
2017.1151 -31.9776 -34.7663 14 1.2 0.8 2.4
2017.1178 -33.8124 -37.321 8.5 1.2 0.8 2.5
2017.1205 -26.2112 -38.4317 9.6 1.2 0.8 2.4
2017.1233 -32.3053 -36.4324 14.8 1.2 0.8 2.4
2017.1260 -30.6671 -37.432 12.6 1.2 0.8 2.4
2017.1288 -32.3708 -37.6542 14.2 1.2 0.8 2.4
2017.1315 -31.65 -36.7656 10.6 1.2 0.8 2.5
2017.1342 -32.6329 -36.6545 12.5 1.2 0.8 2.4
2017.1370 -30.4705 -35.9881 16.4 1.2 0.8 2.5
2017.1397 -31.5189 -35.0995 12.8 1.2 0.8 2.4
2017.1425 -34.0745 -36.6545 8.8 1.2 0.8 2.4
2017.1452 -31.9776 -36.4324 9.8 1.2 0.8 2.4
2017.1479 -29.291 -38.6539 21.5 2.2 1.2 3.8
2017.1507 -32.8295 -37.432 13.2 1.2 0.8 2.4
2017.1534 -31.9776 -33.7666 21.7 1.2 0.8 2.4
2017.1562 -32.6984 -34.6552 16.1 1.2 0.8 2.4
2017.1589 -32.4363 -37.2099 21.1 1.2 0.8 2.5
2017.1616 -31.65 -36.0992 16.4 1.2 0.8 2.4
2017.1644 -32.8295 -36.8767 16.9 1.2 0.8 2.4
2017.1671 -26.7354 -32.5448 7.3 1.2 0.8 2.4
2017.1699 -34.2711 -36.6545 10.2 1.2 0.8 2.4
2017.1726 -32.6329 -37.5431 12.1 1.2 0.8 2.4
2017.1753 -30.7981 -36.5435 14.4 1.2 0.8 2.4
2017.1781 -33.3537 -37.2099 14.3 1.2 0.8 2.5
2017.1808 -30.7981 -32.878 17 1.2 0.8 2.5
2017.1836 -33.0916 -34.8773 12 1.2 0.8 2.4
2017.1863 -31.781 -36.3213 11.4 1.2 0.8 2.4
2017.1890 -31.4534 -36.6545 16.5 1.2 0.8 2.4
2017.1918 -27.5217 -36.7656 12.1 1.2 0.8 2.4
2017.1945 -30.6671 -36.8767 14.7 1.2 0.8 2.4
2017.1973 -37.613 -37.432 6.9 1.2 0.8 2.4
2017.2000 -31.5189 -37.6542 9.2 1.2 0.8 2.4
2017.2027 -33.6813 -36.6545 13.6 1.2 0.8 2.4
2017.2055 -32.9605 -34.7663 10.9 1.2 0.8 2.4
2017.2082 -32.2397 -34.8773 10.8 1.2 0.8 2.4
2017.2110 -32.4363 -35.3216 11 1.2 0.8 2.4
2017.2137 -30.6671 -36.9877 7.3 1.2 0.8 2.4
2017.2164 -32.895 -35.9881 6.8 1.2 0.8 2.4
2017.2192 -31.4534 -37.0988 13.4 1.2 0.8 2.4
2017.2219 -31.3223 -36.6545 10.3 1.5 0.9 2.8
2017.2247 -27.1285 -30.6565 17.8 4.7 1.9 5.8
2017.2274 -31.3223 -32.9891 -1.6 1.2 0.8 2.5
2017.2301 -32.3053 -34.322 5.3 1.1 0.8 2.4
2017.2329 -30.0773 -35.5438 12.3 1.1 0.8 2.4
2017.2356 -33.6158 -35.5438 11.1 1.2 0.8 2.5
2017.2384 -31.9121 -37.8763 7.1 1.1 0.8 2.4
2017.2411 -30.8636 -36.5435 10.3 1.1 0.8 2.4
2017.2438 -30.0773 -38.2096 9.9 1.1 0.8 2.4
2017.2466 -27.3907 -34.433 4.3 1.1 0.8 2.4
2017.2493 -31.2568 -36.6545 7.5 1.1 0.8 2.5
2017.2521 -30.4049 -37.6542 2 1.1 0.8 2.4
2017.2548 -31.4534 -38.5428 8.6 1.1 0.8 2.4
2017.2575 -32.0431 -33.7666 5.5 1.2 0.8 2.5
2017.2603 -36.2369 -36.2102 4.9 1.1 0.8 2.4
2017.2630 -33.7469 -36.0992 6 1.1 0.8 2.4
2017.2658 -34.7298 -39.2092 11.6 1.1 0.8 2.5
2017.2685 -33.5503 -36.9877 10.7 1.1 0.8 2.5
2017.2712 -32.7639 -36.2102 7.2 1.1 0.8 2.4
2017.2740 -33.4192 -37.7653 11.7 1.1 0.8 2.4
2017.2767 -32.1087 -38.0985 9.9 1.1 0.8 2.4
2017.2795 -33.4848 -39.0982 5.1 1.1 0.8 2.4
2017.2822 -33.5503 -37.6542 11.4 1.1 0.8 2.4
2017.2849 -33.2882 -37.6542 7.5 1.1 0.8 2.4
2017.2877 -32.9605 -38.0985 12.4 1.1 0.8 2.4
2017.2904 -34.6643 -35.6549 11.3 1.1 0.8 2.4
2017.2932 -35.5161 -38.0985 9.6 1.1 0.8 2.5
2017.2959 -34.2711 -37.6542 8.1 1.1 0.8 2.5
2017.2986 -35.1885 -36.8767 10.8 1.1 0.8 2.4
2017.3014 -34.009 -38.5428 9.3 1.1 0.8 2.5
2017.3041 -31.1913 -35.7659 14.9 1.1 0.8 2.4
2017.3068 -33.6158 -36.5435 15.1 1.2 0.8 2.5
2017.3096 -33.2226 -38.4317 13.1 1.1 0.8 2.5
2017.3123 -36.2369 -37.7653 9.2 1.1 0.8 2.4
2017.3151 -36.4335 -36.9877 8.9 1.1 0.8 2.4
2017.3178 -33.6158 -37.6542 9.3 1.1 0.8 2.4
2017.3205 -34.9919 -38.5428 7.3 1.1 0.8 2.5
2017.3233 -33.7469 -38.876 11 1.1 0.8 2.5
2017.3260 -34.5332 -37.2099 13.6 1.1 0.8 2.4
2017.3288 -36.3025 -38.9871 7.4 1.1 0.8 2.4
2017.3315 -35.5816 -38.0985 8.6 1.1 0.8 2.5
2017.3342 -34.5987 -37.8763 11.3 1.1 0.8 2.5
2017.3370 -37.0888 -37.5431 10.1 1.1 0.8 2.4
2017.3397 -33.4848 -39.0982 14.3 1.1 0.8 2.5
2017.3425 -35.0574 -38.0985 16.4 1.1 0.8 2.5
2017.3452 -35.5816 -37.9874 9.8 1.1 0.8 2.4
2017.3479 -33.8779 -36.7656 13.1 1.1 0.8 2.5
2017.3507 -32.3053 -37.7653 10.5 1.1 0.8 2.4
2017.3534 -33.6813 -38.5428 12.4 1.1 0.8 2.4
2017.3562 -35.9093 -38.9871 18 1.1 0.8 2.4
2017.3589 -33.8779 -38.5428 12.1 1.1 0.8 2.4
2017.3616 -33.8124 -39.0982 6.6 1.1 0.8 2.5
2017.3644 -33.3537 -38.7649 7.8 1.1 0.8 2.4
2017.3671 -32.8295 -38.6539 14.6 1.1 0.8 2.4
2017.3699 -34.4677 -38.9871 11.9 1.1 0.8 2.4
2017.3726 -38.2683 -40.4311 13.2 1.1 0.8 2.4
2017.3753 -36.1059 -39.5425 14.3 1.1 0.8 2.4
2017.3781 -35.5816 -37.9874 9 1.1 0.8 2.4
2017.3808 -35.8438 -38.876 9.9 1.1 0.8 2.5
2017.3836 -35.3851 -38.2096 9.6 1.2 0.8 2.5
2017.3863 -37.0233 -38.4317 25.2 1.1 0.8 2.4
2017.3890 -36.499 -37.9874 19.6 1.1 0.8 2.4
2017.3918 -35.9748 -40.4311 17.2 1.1 0.8 2.4
2017.3945 -34.2711 -39.7646 8.8 1.1 0.8 2.4
2017.3973 -37.1543 -41.2086 16.3 1.1 0.8 2.4
2017.4000 -36.368 -43.0968 16.3 1.1 0.8 2.4
2017.4027 -37.0233 -40.8754 16.6 1.1 0.8 2.4
2017.4055 -34.7953 -39.4314 20.7 1.3 0.9 2.7
2017.4082 -37.0888 -37.9874 17.1 1.1 0.8 2.4
2017.4110 -37.6785 -39.5425 12.7 1.1 0.8 2.4
2017.4137 -33.3537 -40.9864 19.8 1.1 0.8 2.4
2017.4164 -38.0717 -39.5425 13.1 1.1 0.8 2.4
2017.4192 -36.1714 -38.6539 16.6 1.2 0.9 2.5
2017.4219 -34.9264 -38.7649 13.5 1.1 0.8 2.4
2017.4247 -37.613 -37.8763 12.5 1.1 0.8 2.4
2017.4274 -35.7782 -38.2096 15.5 1.1 0.8 2.4
2017.4301 -32.9605 -39.6535 19.5 1.1 0.8 2.4
2017.4329 -36.7611 -39.7646 19.9 1.2 0.8 2.5
2017.4356 -33.6158 -40.2089 14.9 1.1 0.8 2.4
2017.4384 -35.1885 -39.8757 13.2 1.1 0.8 2.4
2017.4411 -39.6444 -41.0975 13 1.1 0.8 2.4
2017.4438 -36.5646 -43.6522 16.3 1.1 0.8 2.4
2017.4466 -34.3366 -40.6532 19.5 1.2 0.8 2.4
2017.4493 -35.5161 -39.8757 20.6 1.1 0.8 2.4
2017.4521 -36.5646 -37.8763 15.2 1.1 0.8 2.5
2017.4548 -36.368 -39.2092 12 1.2 0.8 2.5
2017.4575 -37.482 -40.32 22.3 1.3 0.8 2.5
2017.4603 -34.5987 -41.5418 14.9 1.2 0.8 2.4
2017.4630 -38.3338 -41.6529 21 1.2 0.8 2.4
2017.4658 -37.1543 -38.4317 22.9 1.2 0.8 2.4
2017.4685 -37.613 -37.6542 13.9 1.1 0.8 2.4
2017.4712 -35.3851 -40.4311 16.8 1.2 0.8 2.4
2017.4740 -40.2997 -39.8757 10.9 1.2 0.8 2.4
2017.4767 -36.3025 -39.9868 16.9 1.2 0.8 2.4
2017.4795 -37.8751 -39.4314 14.6 1.2 0.8 2.4
2017.4822 -42.2 -39.7646 11.4 1.1 0.8 2.4
2017.4849 -33.6813 -41.7639 22.2 1.2 0.8 2.4
2017.4877 -35.9093 -42.9858 20.7 1.2 0.8 2.4
2017.4904 -38.9236 -42.8747 19.4 1.2 0.8 2.4
2017.4932 -33.8779 -43.0968 20.3 1.2 0.8 2.4
2017.4959 -40.8894 -41.3196 12.9 1.2 0.8 2.4
2017.4986 -41.4792 -40.9864 14.5 1.2 0.8 2.4
2017.5014 -33.0916 -38.7649 21.1 1.2 0.8 2.4
2017.5041 -36.4335 -40.0978 14.4 1.2 0.8 2.4
2017.5068 -36.8267 -41.6529 17.1 1.2 0.8 2.4
2017.5096 -35.7127 -42.3193 17.8 1.2 0.8 2.4
2017.5123 -43.1174 -45.4294 15.3 1.2 0.8 2.5
2017.5151 -36.8922 -41.2086 15.9 1.2 0.8 2.5
2017.5178 -40.6928 -40.9864 16.7 1.2 0.8 2.4
2017.5205 -39.972 -40.8754 20.7 1.2 0.8 2.4
2017.5233 -37.0888 -41.7639 14.1 1.2 0.8 2.4
2017.5260 -37.1543 -42.4304 22.4 1.2 0.8 2.4
2017.5288 -38.6615 -41.3196 18 1.2 0.8 2.5
2017.5315 -37.0233 -42.0972 13.3 1.2 0.8 2.4
2017.5342 -37.7441 -41.3196 12.6 1.2 0.8 2.4
2017.5370 -45.6074 -39.7646 12.4 1.2 0.8 2.4
2017.5397 -36.1714 -42.8747 13.9 1.3 0.8 2.5
2017.5425 -37.613 -43.4301 17.9 1.2 0.8 2.4
2017.5452 -38.4649 -42.7636 15 1.2 0.8 2.4
2017.5479 -45.2798 -42.7636 16.2 1.2 0.8 2.4
2017.5507 -40.7583 -41.6529 11 1.2 0.8 2.4
2017.5534 -38.5304 -40.5421 18.8 1.2 0.8 2.4
2017.5562 -43.1829 -39.6535 17.2 1.2 0.8 2.4
2017.5589 -41.0205 -44.4297 15 1.2 0.8 2.4
2017.5616 -39.1857 -43.5411 15.3 1.2 0.8 2.4
2017.5644 -39.1202 -42.7636 18.5 1.2 0.8 2.4
2017.5671 -41.8068 -41.6529 17.5 1.2 0.8 2.4
2017.5699 -38.9891 -43.8744 16.3 1.2 0.8 2.4
2017.5726 -43.1829 -43.2079 17.3 1.2 0.8 2.4
2017.5753 -38.2683 -37.8763 17.9 1.2 0.8 2.4
2017.5781 -39.7754 -40.9864 16.7 1.2 0.8 2.4
2017.5808 -38.0717 -42.2082 14 1.2 0.8 2.4
2017.5836 -37.9406 -43.7633 23.5 1.2 0.8 2.4
2017.5863 -36.499 -43.6522 17.2 1.2 0.8 2.4
2017.5890 -41.4792 -45.6515 19.6 1.2 0.8 2.5
2017.5918 -42.7242 -44.6519 24.7 1.3 0.8 2.5
2017.5945 -39.5133 -44.9851 23.3 1.2 0.8 2.4
2017.5973 -37.8096 -43.6522 19.5 1.2 0.8 2.4
2017.6000 -35.8438 -43.8744 18.2 1.2 0.8 2.4
2017.6685 -36.4335 -42.7636 21.1 1.3 0.8 2.5
2017.6712 -39.1202 -44.9851 20.3 1.2 0.8 2.4
2017.6740 -44.69 -46.7623 22 1.2 0.8 2.5
2017.6767 -40.6273 -44.9851 21.9 1.2 0.8 2.4
2017.6795 -35.123 -46.318 28 1.2 0.8 2.4
2017.6822 -36.6301 -43.4301 24.5 1.2 0.8 2.4
2017.6849 -39.4478 -43.5411 28.5 1.2 0.8 2.5
2017.6877 -40.4962 -47.2066 24 1.3 0.9 2.7
2017.6904 -44.9521 -43.8744 22.8 1.2 0.8 2.4
2017.6932 -43.1829 -43.4301 23.1 1.2 0.8 2.4
2017.6959 -42.2 -45.9848 18.4 1.2 0.8 2.4
2017.6986 -40.1031 -45.4294 17.7 1.2 0.8 2.5
2017.7014 -38.7925 -47.4287 15.4 1.2 0.8 2.4
2017.7041 -41.5447 -46.318 16.2 1.2 0.8 2.5
2017.7068 -39.3823 -45.3183 18.9 1.2 0.8 2.4
2017.7096 -40.2341 -45.9848 23.8 1.2 0.8 2.4
2017.7123 -42.8552 -42.9858 19.7 1.2 0.8 2.4
2017.7151 -40.8894 -48.5395 16.4 1.2 0.8 2.4
2017.7178 -41.217 -46.7623 19.5 1.2 0.8 2.4
2017.7205 -41.4792 -48.9838 16.4 1.2 0.8 2.4
2017.7233 -40.6273 -46.6512 20.9 1.2 0.8 2.4
2017.7260 -39.841 -45.6515 21.4 1.2 0.8 2.4
2017.7288 -38.7925 -44.6519 18.5 1.2 0.8 2.4
2017.7315 -40.6928 -46.4291 20.1 1.2 0.8 2.4
2017.7342 -39.7099 -45.9848 16.9 1.2 0.8 2.4
2017.7370 -41.8723 -44.4297 14.5 1.2 0.8 2.4
2017.7397 -43.7726 -38.6539 18.7 1.2 0.8 2.4
2017.7425 -41.2826 -42.3193 15 1.3 0.8 2.5
2017.7452 -40.6273 -45.8737 21.5 1.2 0.8 2.4
2017.7479 -40.8239 -48.7616 17.8 1.2 0.8 2.4
2017.7507 -39.7754 -49.0948 16.7 1.1 0.8 2.4
2017.7534 -40.6273 -46.8734 22 1.1 0.8 2.4
2017.7562 -44.559 -48.6506 21.7 1.2 0.8 2.4
2017.7589 -38.3993 -45.2072 20.8 1.2 0.8 2.5
2017.7616 -41.086 -46.6512 23.3 1.1 0.8 2.4
2017.7644 -42.7897 -47.2066 24.6 1.1 0.8 2.4
2017.7671 -42.9863 -47.4287 20.8 1.1 0.8 2.4
2017.7699 -41.6757 -47.873 20.2 1.1 0.8 2.4
2017.7726 -42.9208 -47.2066 20.4 1.1 0.8 2.4
2017.7753 -43.1174 -47.3177 16.5 1.1 0.8 2.4
2017.7781 -41.7413 -47.873 19.3 1.1 0.8 2.4
2017.7808 -43.576 -48.3173 18.7 1.1 0.8 2.4
2017.7836 -42.2655 -45.0962 12.4 1.1 0.8 2.4
2017.7863 -37.4164 -46.6512 20.7 1.2 0.8 2.4
2017.7890 -41.086 -49.8724 22.6 1.1 0.8 2.4
2017.7918 -40.4307 -47.4287 23.3 1.1 0.8 2.4
2017.7945 -42.5276 -46.4291 19.1 1.1 0.8 2.4
2017.7973 -41.8068 -46.7623 15.1 1.1 0.8 2.4
2017.8000 -45.5419 -48.9838 16.8 1.2 0.8 2.5
2017.8027 -43.3795 -48.6506 18.4 1.2 0.8 2.5
2017.8055 -41.1515 -46.8734 21.6 1.1 0.8 2.4
2017.8082 -43.1174 -45.9848 19.8 1.1 0.8 2.4
2017.8110 -43.9037 -47.9841 19.6 1.1 0.8 2.4
2017.8137 -43.445 -46.2069 11.2 1.1 0.8 2.5
2017.8164 -46.4593 -46.318 16 1.1 0.8 2.5
2017.8192 -39.7754 -46.2069 16.5 1.1 0.8 2.4
2017.8219 -42.0034 -47.3177 17.8 1.2 0.8 2.5
2017.8247 -41.9379 -49.317 23 1.1 0.8 2.5
2017.8274 -39.4478 -47.762 17.8 1.1 0.8 2.5
2017.8301 -42.3965 -46.318 22.2 1.1 0.8 2.5
2017.8329 -43.576 -46.0958 23.2 1.2 0.8 2.5
2017.8356 -44.4279 -46.7623 23.5 1.2 0.8 2.5
2017.8384 -36.6956 -46.2069 20.7 1.2 0.8 2.6
2017.8411 -40.9549 -46.9844 21.7 1.1 0.8 2.5
2017.8438 -41.6102 -47.762 23 1.1 0.8 2.5
2017.8466 -43.3795 -46.7623 21.3 1.1 0.8 2.5
2017.8493 -42.7897 -45.5405 19.6 1.2 0.8 2.5
2017.8521 -44.1003 -46.6512 15 1.2 0.8 2.5
2017.8548 -42.4621 -48.5395 25.6 1.2 0.8 2.5
2017.8575 -41.6102 -49.4281 24.5 1.2 0.8 2.5
2017.8603 -42.1344 -49.2059 26.3 1.2 0.8 2.5
2017.8630 -48.163 -44.763 16.8 1.2 0.8 2.5
2017.8658 -45.2798 -45.6515 23.4 1.2 0.8 2.4
2017.8685 -43.576 -49.5391 23.6 1.2 0.8 2.5
2017.8712 -44.4934 -46.9844 20.5 1.2 0.8 2.5
2017.8740 -43.576 -47.3177 19.9 1.2 0.8 2.4
2017.8767 -44.3624 -48.8727 19.2 1.2 0.8 2.4
2017.8795 -44.1003 -45.8737 20.4 1.2 0.8 2.4
2017.8822 -44.2313 -48.7616 21.4 1.2 0.8 2.4
2017.8849 -45.1487 -48.9838 18.7 1.2 0.8 2.5
2017.8877 -45.9351 -47.2066 21.1 1.2 0.8 2.4
2017.8904 -44.6245 -48.3173 23.6 1.2 0.8 2.4
2017.8932 -44.9521 -49.0948 20 1.2 0.8 2.4
2017.8959 -45.3453 -45.4294 20.6 1.2 0.8 2.4
2017.8986 -44.6245 -48.0952 24.7 1.2 0.8 2.4
2017.9014 -48.3596 -44.4297 13.1 1.2 0.8 2.4
2017.9041 -46.4593 -46.5401 17.5 1.2 0.8 2.4
2017.9068 -45.6729 -46.9844 20.6 1.2 0.8 2.4
2017.9096 -45.0177 -46.6512 18.2 1.2 0.8 2.4
2017.9123 -44.69 -46.6512 19.4 1.2 0.8 2.5
2017.9151 -49.0804 -48.7616 19.7 1.2 0.8 2.5
2017.9178 -46.7214 -44.5408 13.2 1.2 0.8 2.5
2017.9205 -44.2969 -48.8727 19 1.2 0.8 2.4
2017.9233 -45.5419 -47.762 16 1.2 0.8 2.4
2017.9260 -45.0177 -47.9841 12.2 1.2 0.8 2.4
2017.9288 -43.0518 -46.5401 14.9 1.2 0.8 2.4
2017.9315 -43.576 -48.3173 15.2 1.2 0.8 2.5
2017.9342 -42.5276 -49.317 23.9 1.2 0.8 2.4
2017.9370 -48.3596 -49.2059 14.4 1.2 0.8 2.4
2017.9397 -42.7897 -46.6512 17.4 1.2 0.8 2.4
2017.9425 -40.4307 -47.2066 14.8 1.2 0.8 2.4
2017.9452 -44.3624 -49.317 16.8 1.2 0.8 2.5
2017.9479 -45.2142 -44.763 11 1.2 0.8 2.4
2017.9507 -44.4934 -48.7616 17.7 1.2 0.8 2.5
2017.9534 -46.3937 -47.0955 17.7 1.3 0.8 2.5
2017.9562 -48.0975 -47.5398 15.4 1.2 0.8 2.4
2017.9589 -46.5903 -48.4284 17.6 1.2 0.8 2.4
2017.9616 -46.7869 -48.3173 20.8 1.2 0.8 2.4
2017.9644 -51.1118 -47.0955 7 1.2 0.8 2.4
2017.9671 -43.6416 -48.8727 16.9 1.2 0.8 2.5
2017.9699 -49.8667 -49.0948 20.7 1.2 0.8 2.4
2017.9726 -48.0319 -48.3173 15.3 1.2 0.8 2.4
2017.9753 -43.9692 -48.2063 19.6 1.2 0.8 2.4
2017.9781 -45.2142 -48.7616 20.6 1.2 0.8 2.4
2017.9808 -45.0177 -47.762 21.4 1.2 0.8 2.4
2017.9836 -45.0832 -47.9841 21.3 1.2 0.8 2.4
2017.9863 -47.5733 -48.5395 16.8 1.2 0.8 2.4
2017.9890 -45.1487 -48.0952 17 1.2 0.8 2.4
2017.9918 -47.1146 -48.6506 21.8 1.2 0.8 2.4
2017.9945 -45.2798 -47.762 18.1 1.2 0.8 2.4
2017.9973 -45.0177 -48.7616 18.9 1.2 0.8 2.4
2018.0000 -47.049 -47.9841 15.5 1.2 0.8 2.4
2018.0027 -44.9521 -47.6509 16 1.2 0.8 2.4
2018.0055 -43.2484 -49.317 12.9 1.2 0.8 2.4
2018.0082 -46.5248 -46.5401 19.2 1.2 0.8 2.4
2018.0110 -44.3624 -47.9841 17.9 1.2 0.8 2.4
2018.0137 -50.5875 -48.3173 15.6 1.2 0.8 2.4
2018.0164 -45.3453 -49.5391 13.2 1.2 0.8 2.4
2018.0192 -49.8667 -50.2056 16 1.2 0.8 2.4
2018.0219 -45.8695 -47.4287 12.8 1.2 0.8 2.4
2018.0247 -47.7043 -48.2063 14.3 1.2 0.8 2.4
2018.0274 -48.3596 -48.2063 18.7 1.2 0.8 2.4
2018.0301 -47.1801 -48.5395 17 1.2 0.8 2.4
2018.0329 -46.1972 -47.762 20 1.2 0.8 2.5
2018.0356 -42.5931 -47.0955 8.8 1.2 0.8 2.4
2018.0384 -47.9664 -44.6519 10.6 1.2 0.8 2.4
2018.0411 -45.6729 -48.3173 15.3 1.2 0.8 2.4
2018.0438 -49.6701 -47.873 12.5 1.2 0.8 2.4
2018.0466 -47.6388 -47.9841 14.2 1.2 0.8 2.4
2018.0493 -41.5447 -50.0945 12 1.2 0.8 2.4
2018.0521 -47.8354 -49.317 18.3 1.2 0.8 2.4
2018.0548 -47.6388 -49.7613 17.7 1.2 0.8 2.4
2018.0575 -45.4764 -48.7616 15.5 1.2 0.8 2.4
2018.0603 -48.0319 -47.9841 18 1.2 0.8 2.4
2018.0630 -46.0661 -47.3177 19 1.2 0.8 2.4
2018.0658 -47.5077 -48.3173 15.7 1.2 0.8 2.5
2018.0685 -47.1801 -49.8724 18.6 1.2 0.8 2.5
2018.0712 -46.9835 -46.8734 15.2 1.2 0.8 2.5
2018.0740 -46.8524 -48.7616 15.2 1.2 0.8 2.5
2018.0767 -44.2313 -48.8727 15.3 1.2 0.8 2.5
2018.0795 -50.1288 -48.0952 16.3 1.2 0.8 2.5
2018.0822 -52.0291 -47.2066 10.6 1.2 0.8 2.5
2018.0849 -47.9009 -46.5401 7.6 1.2 0.8 2.5
2018.0877 -45.6729 -49.2059 8 1.2 0.8 2.5
2018.0904 -47.8354 -50.4277 11.8 1.2 0.8 2.5
2018.0932 -46.7869 -49.4281 17.5 1.2 0.8 2.5
2018.0959 -43.9037 -51.3163 -8.9 1.3 0.9 2.7
2018.0986 -47.9664 -49.4281 11.2 1.3 0.8 2.5
2018.1014 -45.1487 -46.8734 17.2 1.2 0.8 2.5
2018.1041 -45.2798 -49.6502 17.2 1.2 0.8 2.5
2018.1068 -45.9351 -49.317 18.9 1.2 0.8 2.6
2018.1096 -44.3624 -48.8727 15.5 1.2 0.8 2.5
2018.1123 -44.9521 -47.873 18 1.2 0.8 2.5
2018.1151 -48.8183 -48.2063 18.4 1.2 0.8 2.5
2018.1178 -48.8183 -49.0948 19 1.2 0.8 2.5
2018.1205 -46.3937 -47.0955 17.6 1.2 0.8 2.6
2018.1233 -47.8354 -51.0942 19.8 1.2 0.8 2.6
2018.1260 -47.5077 -50.3167 12.8 1.2 0.8 2.5
2018.1288 -49.7357 -48.0952 17.7 1.2 0.8 2.5
2018.1315 -49.5391 -48.9838 17.2 1.2 0.8 2.5
2018.1342 -47.9009 -49.5391 21.1 1.2 0.8 2.5
2018.1370 -47.7043 -50.3167 22.5 1.2 0.8 2.5
2018.1397 -45.6074 -48.9838 21.5 1.2 0.8 2.5
2018.1425 -45.5419 -48.6506 16.7 1.2 0.8 2.4
2018.1452 -44.2313 -48.2063 21.5 1.2 0.8 2.5
2018.1479 -47.7698 -48.5395 17.9 1.3 0.8 2.6
2018.1507 -48.163 -50.5388 13 1.2 0.8 2.5
2018.1534 -48.163 -48.9838 22.9 1.2 0.8 2.5
2018.1562 -44.9521 -49.6502 13.1 1.2 0.8 2.5
2018.1589 -45.2142 -47.9841 19.9 1.2 0.8 2.5
2018.1616 -47.7043 -49.6502 20.1 1.2 0.8 2.5
2018.1644 -45.4764 -50.761 17.9 1.2 0.8 2.5
2018.1671 -43.6416 -49.0948 18.4 1.2 0.8 2.5
2018.1699 -43.8382 -49.7613 17.7 1.2 0.8 2.5
2018.1726 -46.4593 -48.2063 24.1 1.2 0.8 2.5
2018.1753 -43.2484 -47.2066 18.2 1.2 0.8 2.5
2018.1781 -46.6559 -49.4281 20.2 1.2 0.8 2.5
2018.1808 -43.7726 -47.6509 16.1 1.2 0.8 2.4
2018.1836 -46.0006 -48.2063 15.3 1.2 0.8 2.5
2018.1863 -46.7869 -48.0952 15.9 1.2 0.8 2.5
2018.1890 -44.1658 -47.4287 15.6 1.2 0.8 2.4
2018.1918 -45.6729 -46.9844 10.1 1.2 0.8 2.4
2018.1945 -46.0661 -46.8734 8 1.2 0.8 2.4
2018.1973 -46.7869 -49.317 18.4 1.2 0.8 2.4
2018.2000 -46.3282 -48.7616 10.1 1.2 0.8 2.4
2018.2027 -45.7385 -50.872 10.6 1.2 0.8 2.5
2018.2055 -46.2627 -49.4281 13.8 1.1 0.8 2.4
2018.2082 -48.5562 -49.4281 16.4 1.1 0.8 2.4
2018.2110 -44.3624 -49.7613 11.5 1.1 0.8 2.4
2018.2137 -48.3596 -49.7613 15.8 1.1 0.8 2.4
2018.2164 -45.6074 -48.6506 12.2 1.1 0.8 2.5
2018.2192 -47.1146 -50.0945 13 1.1 0.8 2.5
2018.2219 -48.8838 -49.0948 8.6 1.1 0.8 2.4
2018.2247 -49.4736 -50.2056 16.4 1.1 0.8 2.4
2018.2274 -47.7698 -49.7613 16.3 1.1 0.8 2.4
2018.2301 -47.1801 -49.4281 10.5 1.1 0.8 2.5
2018.2329 -47.5077 -47.873 6.9 1.1 0.8 2.5
2018.2356 -50.2599 -49.2059 9.1 1.1 0.8 2.5
2018.2384 -47.1146 -50.761 10.1 1.1 0.8 2.4
2018.2411 -45.9351 -50.4277 7.5 1.1 0.8 2.4
2018.2438 -45.5419 -51.7606 13.3 1.1 0.8 2.4
2018.2466 -44.2313 -50.5388 11.8 1.2 0.8 2.5
2018.2493 -48.3596 -50.5388 15.4 1.1 0.8 2.5
2018.2521 -49.6701 -50.9831 15.8 1.1 0.8 2.4
2018.2548 -52.1602 -49.317 21.5 1.1 0.8 2.4
2018.2575 -48.7528 -51.2053 14.2 1.1 0.8 2.4
2018.2603 -48.2285 -50.872 15.4 1.2 0.8 2.5
2018.2630 -48.4251 -49.5391 10.5 1.2 0.8 2.5
2018.2658 -51.3739 -51.7606 16.9 1.1 0.8 2.5
2018.2685 -48.9493 -50.5388 14.9 1.1 0.8 2.4
2018.2712 -47.3767 -49.8724 13.2 1.1 0.8 2.4
2018.2740 -51.8981 -50.9831 14.8 1.1 0.8 2.5
2018.2767 -50.7841 -51.2053 13.8 1.1 0.8 2.5
2018.2795 -50.2599 -48.6506 11.7 1.2 0.8 2.6
2018.2822 -44.559 -51.4274 6 1.1 0.8 2.5
2018.2849 -47.7043 -49.6502 11.8 1.1 0.8 2.5
2018.2877 -50.1944 -49.4281 14 1.1 0.8 2.5
2018.2904 -51.3083 -51.2053 11.3 1.1 0.8 2.5
2018.2932 -53.995 -53.4267 12.8 1.1 0.8 2.6
2018.2959 -46.918 -51.9828 11.5 1.1 0.8 2.6
2018.2986 -48.9493 -51.9828 13.7 1.1 0.8 2.5
2018.3014 -47.1146 -50.761 8.2 1.2 0.8 2.6
2018.3041 -49.1459 -50.2056 11.5 1.1 0.8 2.5
2018.3068 -48.6217 -49.8724 13.7 1.1 0.8 2.5
2018.3096 -51.3739 -49.9834 19.8 1.1 0.8 2.5
2018.3123 -52.3568 -52.7603 16.7 1.1 0.8 2.5
2018.3151 -50.9807 -52.6492 16 1.1 0.8 2.5
2018.3178 -50.0633 -51.4274 11.1 1.1 0.8 2.5
2018.3205 -51.1118 -52.0939 22.2 1.2 0.8 2.6
2018.3233 -47.8354 -54.3153 18.6 1.1 0.8 2.5
2018.3260 -44.4279 -53.6489 14.2 1.1 0.8 2.5
2018.3288 -51.767 -52.7603 10 1.1 0.8 2.5
2018.3315 -48.2941 -53.9821 16.2 1.2 0.8 2.5
2018.3342 -54.1916 -52.316 19.8 1.1 0.8 2.5
2018.3370 -50.7186 -51.4274 13.9 1.2 0.8 2.6
2018.3397 -47.3767 -52.9825 14.6 1.2 0.8 2.6
2018.3425 -49.0804 -52.4271 13.3 1.1 0.8 2.5
2018.3452 -53.1431 -52.7603 11.6 1.1 0.8 2.5
2018.3479 -52.2257 -52.4271 15.8 1.1 0.8 2.5
2018.3507 -51.8981 -54.0932 12.9 1.1 0.8 2.5
2018.3534 -48.3596 -52.9825 20.5 1.1 0.8 2.5
2018.3562 -49.6046 -52.7603 18.6 1.1 0.8 2.5
2018.3589 -53.995 -52.5382 16.1 1.1 0.8 2.5
2018.3616 -51.636 -53.6489 19.8 1.1 0.8 2.5
2018.3644 -48.6872 -54.3153 21.8 1.2 0.8 2.6
2018.3671 -46.2627 -54.0932 19.5 1.2 0.8 2.6
2018.3699 -51.1773 -56.0925 24 1.1 0.8 2.6
2018.3726 -51.5705 -53.3157 14.2 1.1 0.8 2.5
2018.3753 -52.2257 -53.2046 21.2 1.2 0.8 2.6
2018.3781 -50.522 -53.6489 20 1.2 0.9 2.7
2018.3808 -49.0804 -54.6486 22.7 1.2 0.8 2.6
2018.3836 -47.6388 -53.3157 18.5 1.1 0.8 2.6
2018.3863 -48.4906 -53.2046 26.1 1.2 0.8 2.6
2018.3890 -53.995 -50.5388 12.6 1.2 0.8 2.6
2018.3918 -51.0462 -52.5382 22.3 1.2 0.8 2.6
2018.3945 -52.75 -55.2039 18.7 1.2 0.8 2.6
2018.3973 -49.408 -53.2046 28.2 1.2 0.8 2.6
2018.4000 -52.2257 -52.8714 20.2 1.2 0.8 2.6
2018.4027 -51.636 -53.4267 19 1.2 0.8 2.6
2018.4055 -49.7357 -54.4264 27.2 1.2 0.8 2.6
2018.4082 -50.7186 -52.5382 21.7 1.2 0.8 2.6
2018.4110 -51.9636 -55.4261 20.1 1.2 0.8 2.6
2018.4137 -50.4565 -55.315 21.4 1.2 0.8 2.6
2018.4164 -52.75 -52.6492 17.4 1.2 0.8 2.6
2018.4192 -51.4394 -51.9828 17.5 1.2 0.8 2.6
2018.4247 -49.277 -53.76 21.9 1.2 0.8 2.6
2018.4274 -50.4565 -54.5375 24.9 1.2 0.8 2.6
2018.4301 -52.5534 -54.9818 21.3 1.2 0.8 2.6
2018.4329 -54.8468 -52.8714 18.7 1.2 0.8 2.6
2018.4356 -51.0462 -54.2043 22.9 1.2 0.8 2.6
2018.4384 -51.8326 -53.76 26.6 1.2 0.8 2.6
2018.4411 -50.1288 -56.0925 20.5 1.2 0.8 2.6
2018.4438 -49.8667 -55.6482 24.5 1.2 0.8 2.6
2018.4466 -51.4394 -53.6489 17.4 1.2 0.8 2.6
2018.4493 -52.8155 -54.7596 16.8 1.2 0.8 2.6
2018.4521 -50.8496 -54.8707 18.4 1.2 0.8 2.6
2018.4548 -51.767 -56.4258 20.4 1.2 0.8 2.6
2018.4575 -50.7186 -55.315 20.1 1.2 0.8 2.7
2018.4603 -52.0291 -56.8701 33.4 1.2 0.9 2.8
2018.4630 -53.6018 -58.0919 27.6 1.3 0.9 3.1
2018.4658 -50.9807 -55.4261 24.9 1.5 1.1 3.8
2018.4685 -44.9521 -54.6486 26.2 1.5 1.1 3.8
2018.4712 -50.4565 -53.4267 17.3 1.4 1.0 3.5
2018.4740 -50.1944 -56.0925 21.4 1.3 0.9 3.1
2018.4767 -52.6189 -54.8707 16.6 1.3 0.9 3.0
2018.4795 -52.8155 -52.8714 29 1.3 0.9 3.0
2018.4822 -50.391 -51.7606 24.9 1.3 0.9 3.0
2018.4849 -52.6189 -54.9818 17.6 1.3 0.9 3.0
2018.4877 -50.6531 -55.7593 20.7 1.3 0.9 3.0
2018.4904 -53.995 -54.9818 18.7 1.3 0.9 2.9
2018.4932 -51.3739 -55.7593 16.4 1.3 0.9 3.0
2018.4959 -52.8155 -55.4261 20 1.3 0.9 3.0
2018.4986 -50.522 -57.8697 25.4 1.3 0.9 3.0
2018.5014 -52.2913 -57.7586 26.3 1.3 0.9 3.0
2018.5041 -53.4052 -54.8707 24 1.4 0.9 3.2
2018.5068 -52.4878 -52.316 12.6 1.5 1.1 3.9
2018.5096 -51.3083 -53.4267 25.1 1.6 1.1 3.9
2018.5123 -51.1773 -57.4254 23.4 1.4 1.0 3.4
2018.5151 -45.2142 -53.871 25.9 1.4 1.0 3.5
2018.5178 -52.4223 -55.7593 20.3 1.5 1.0 3.6
2018.5205 -52.4878 -56.3147 9.3 1.5 1.1 3.9
2018.5233 -51.9636 -54.9818 9.2 1.5 1.1 4.0
2018.5260 -54.2571 -55.7593 18.1 1.5 1.1 3.7
2018.5288 -53.5363 -57.5365 20.4 1.4 1.0 3.4
2018.5315 -54.2571 -59.6469 19.8 1.5 1.1 3.7
2018.5342 -54.4537 -56.2036 16.5 1.5 1.1 4.0
2018.5370 -55.6332 -58.5362 16.7 1.5 1.1 3.8
2018.5397 -49.277 -57.6476 20.4 1.6 1.2 4.2
2018.5425 -53.6673 -56.2036 20.5 1.7 1.3 4.6
2018.5452 -51.7015 -55.8704 22 1.6 1.1 4.2
2018.5479 -53.9295 -57.3143 21.7 1.5 1.1 3.6
2018.5507 -50.4565 -53.6489 22.5 1.5 1.0 3.5
2018.5534 -52.4878 -56.3147 11.4 1.4 1.0 3.5
2018.5562 -53.8639 -56.9811 13.8 1.4 1.0 3.6
2018.5589 -52.0291 -56.5368 12.6 1.6 1.1 4.2
2018.5616 -51.3739 -56.9811 11.9 1.8 1.4 5.4
2018.5644 -52.0947 -56.8701 8.6 1.8 1.4 5.4
2018.5671 -53.6018 -56.5368 8.3 1.8 1.3 5.2
2018.5699 -51.636 -60.2023 13.1 1.9 1.4 5.5
2018.5726 -51.767 -58.8694 7.7 2.0 1.5 5.9
2018.5753 -55.4366 -56.2036 18.3 1.9 1.4 5.8
2018.5781 -55.1745 -56.0925 3.6 2.0 1.6 6.0
2018.5808 -55.3711 -62.5348 0.4 2.0 1.5 6.2
2018.5836 -54.2571 -57.6476 25.6 1.8 1.3 5.0
2018.5863 -53.4708 -60.8687 5 1.9 1.5 5.6
2018.5890 -49.8012 -58.8694 19.6 2.0 1.6 5.9
2018.5918 -54.6503 -55.4261 17.1 2.0 1.6 6.1
2018.5945 -52.3568 -55.4261 14 2.2 1.7 6.8
2018.5973 -56.2229 -57.9808 21 2.3 1.9 7.6
2018.6000 -53.6018 -55.8704 31 2.5 2.0 7.9
2018.6027 -53.5363 -56.759 10.1 2.2 1.9 7.0
2018.6055 -55.8953 -58.2029 10 2.2 1.8 6.5
2018.6082 -56.485 -59.3137 21.6 2.0 1.7 6.2
2018.6110 -58.0577 -59.4248 15.6 2.1 1.7 6.2
2018.6137 -55.5021 -60.7577 23.1 1.9 1.6 5.8
2018.6164 -56.2885 -62.2016 21.9 1.9 1.6 5.8
2018.6192 -52.4878 -57.2033 27.9 1.8 1.5 5.4
2018.6219 -56.4195 -56.3147 20.2 1.8 1.3 5.1
2018.6247 -55.8298 -56.3147 15 1.9 1.5 5.4
2018.6274 -57.3369 -57.6476 20.8 1.9 1.5 5.3
2018.6301 -55.8953 -55.0929 21.6 1.9 1.6 5.9
2018.6329 -54.0605 -58.2029 15.8 1.9 1.5 5.6
2018.6356 -54.6503 -60.5355 9.8 2.3 1.8 7.0
2018.6384 -58.6475 -57.6476 17.3 2.5 2.0 7.6
2018.6411 -57.4024 -57.4254 26.3 2.0 1.7 6.1
2018.6438 -54.0605 -60.8687 26.6 1.9 1.5 5.5
2018.6466 -52.4878 -57.8697 22.3 2.0 1.5 5.7
2018.6493 -53.5363 -58.7583 15.6 1.9 1.5 5.4
2018.6521 -55.8953 -60.3134 22.6 2.4 1.9 6.4
2018.6548 -56.1574 -60.3134 22.2 1.9 1.6 5.6
2018.6575 -54.7158 -61.202 18.2 1.9 1.5 5.6
2018.6603 -56.2229 -58.5362 21.4 1.8 1.4 5.1
2018.6630 -54.9124 -58.7583 20.3 1.9 1.5 5.7
2018.6658 -58.0577 -57.0922 13.2 1.9 1.5 5.6
2018.6685 -59.3027 -60.0912 16.6 1.8 1.5 5.2
2018.6712 -53.9295 -59.4248 15.1 1.8 1.5 5.2
2018.6740 -54.5847 -59.0915 19.9 1.8 1.5 5.4
2018.6767 -56.4195 -60.9798 17.2 2.0 1.5 5.9
2018.6795 -56.9437 -57.2033 17.4 2.1 1.8 6.3
2018.6822 -58.9751 -58.8694 20.5 2.2 1.9 6.9
2018.6849 -54.6503 -56.3147 14.3 2.0 1.7 6.0
2018.6877 -58.1888 -57.5365 25.1 1.9 1.5 5.4
2018.6904 -56.4195 -57.0922 22.6 1.8 1.5 5.5
2018.6932 -53.2086 -59.9801 17.1 1.8 1.5 5.3
2018.6959 -55.1745 -60.7577 21.1 2.0 1.6 5.7
2018.6986 -55.1745 -60.6466 21.1 1.8 1.4 5.3
2018.7014 -58.5819 -59.0915 21.8 1.7 1.3 4.7
2018.7041 -57.3369 -59.5358 22.5 1.6 1.4 4.8
2018.7068 -55.3711 -60.3134 26.2 1.5 1.2 4.2
2018.7096 -55.3711 -59.2026 16.8 1.5 1.2 3.9
2018.7123 -57.2059 -58.8694 28.8 1.5 1.2 4.0
2018.7151 -54.6503 -60.3134 26 1.5 1.2 3.8
2018.7178 -56.4195 -59.6469 19.3 1.5 1.2 3.8
2018.7205 -56.5506 -60.6466 22.9 1.4 1.2 3.8
2018.7233 -55.8953 -59.758 21.9 1.5 1.2 3.9
2018.7260 -57.4024 -59.3137 27 1.5 1.2 4.1
2018.7288 -58.3198 -59.2026 26.8 1.4 1.1 3.6
2018.7315 -55.0434 -58.314 18.7 1.5 1.2 4.0
2018.7342 -55.3711 -60.5355 27.2 1.5 1.2 3.9
2018.7370 -54.6503 -59.3137 19.6 1.5 1.2 4.0
2018.7397 -57.468 -62.4238 27.1 1.5 1.3 4.1
2018.7425 -56.485 -58.4251 21.4 1.5 1.2 4.0
2018.7452 -58.3198 -60.9798 15 1.6 1.4 4.6
2018.7479 -54.4537 -59.5358 29.2 1.5 1.2 4.0
2018.7507 -57.0748 -59.2026 29.5 1.4 1.2 3.9
2018.7534 -57.8611 -59.3137 21 1.3 1.1 3.4
2018.7562 -57.4024 -60.0912 28.6 1.3 1.0 3.2
2018.7589 -55.8953 -59.0915 27.5 1.3 1.0 3.2
2018.7616 -56.0263 -61.8684 31.8 1.3 1.0 3.1
2018.7644 -53.7329 -59.6469 26.8 1.3 1.0 3.0
2018.7671 -58.2543 -59.8691 27.2 1.3 1.0 3.1
2018.7699 -57.3369 -61.202 29.3 1.3 1.0 3.1
2018.7726 -57.8611 -58.9805 19.4 1.3 1.0 3.0
2018.7753 -54.4537 -61.202 25 1.2 1.0 3.0
2018.7781 -60.4167 -63.0902 30.4 1.3 1.0 3.1
2018.7808 -56.6816 -59.9801 33.6 1.3 1.0 3.0
2018.7836 -57.6645 -60.2023 26.5 1.3 1.0 3.1
2018.7863 -55.109 -59.3137 20 1.3 1.0 3.1
2018.7890 -53.6673 -60.3134 24 1.3 1.1 3.4
2018.7918 -54.8468 -59.5358 27.5 1.5 1.1 3.7
2018.7945 -60.2201 -56.3147 26.4 1.3 1.0 3.3
2018.7973 -56.7472 -58.5362 28.3 1.3 0.9 3.0
2018.8000 -56.6816 -60.4244 24 1.3 1.0 3.1
2018.8027 -57.8611 -59.0915 24.8 1.3 0.9 3.1
2018.8055 -55.8298 -60.4244 26 1.3 1.0 3.0
2018.8082 -57.2059 -64.312 29.1 1.4 1.0 3.3
2018.8110 -62.186 -57.6476 35 1.3 1.0 3.2
2018.8137 -56.5506 -59.3137 29.2 1.4 1.0 3.1
2018.8164 -62.5791 -62.6459 22.5 1.3 0.9 2.9
2018.8192 -61.2031 -63.9788 27.4 1.2 0.9 2.8
2018.8219 -61.3996 -58.2029 27.6 1.2 0.9 2.8
2018.8247 -59.5649 -59.5358 29.6 1.3 0.9 2.8
2018.8274 -60.2201 -59.9801 25.7 1.3 0.9 2.8
2018.8301 -59.7614 -61.0909 29.5 1.2 0.9 2.7
2018.8329 -58.6475 -62.757 26.2 1.2 0.9 2.7
2018.8356 -58.713 -62.0905 21.8 1.2 0.9 2.7
2018.8384 -58.7785 -60.0912 31.4 1.2 0.9 2.8
2018.8411 -56.6816 -62.0905 27 1.2 0.9 2.8
2018.8438 -59.4338 -62.9791 28.2 1.3 0.9 2.8
2018.8466 -57.599 -61.0909 28.2 1.2 0.8 2.7
2018.8493 -57.0093 -61.8684 22.9 1.2 0.9 2.7
2018.8521 -59.1062 -61.5352 20.9 1.2 0.8 2.6
2018.8548 -58.7785 -59.3137 18.6 1.2 0.8 2.7
2018.8575 -60.9409 -61.313 19.2 1.2 0.8 2.7
2018.8603 -58.9096 -60.3134 26.7 1.2 0.8 2.7
2018.8630 -61.7928 -64.0899 24.5 1.2 0.8 2.6
2018.8658 -58.1232 -61.202 22.2 1.2 0.9 2.7
2018.8685 -56.2229 -62.2016 26.7 1.2 0.9 2.7
2018.8712 -61.9239 -58.9805 17.7 1.2 0.8 2.7
2018.8740 -59.958 -62.6459 24 1.2 0.8 2.7
2018.8767 -57.0093 -62.0905 23.7 1.2 0.8 2.6
2018.8795 -59.4338 -62.8681 28.1 1.2 0.8 2.6
2018.8822 -56.354 -62.0905 27.9 1.2 0.8 2.7
2018.8849 -55.3055 -60.5355 26.9 1.2 0.9 2.7
2018.8877 -61.4652 -61.6462 22.7 1.2 0.9 2.7
2018.8904 -59.7614 -62.3127 25.6 1.2 0.8 2.7
2018.8932 -63.2999 -58.5362 23.2 1.2 0.8 2.6
2018.8959 -61.8583 -61.313 22.7 1.2 0.8 2.6
2018.8986 -60.7444 -61.5352 31.1 1.2 0.9 2.7
2018.9014 -59.5649 -60.7577 18.6 1.2 0.8 2.7
2018.9041 -64.4139 -61.6462 23.4 1.2 0.8 2.7
2018.9068 -64.7416 -62.0905 23.2 1.2 0.9 2.7
2018.9096 -60.8099 -64.0899 25.1 1.2 0.8 2.7
2018.9123 -63.1689 -61.7573 28.1 1.2 0.8 2.6
2018.9151 -60.8099 -62.0905 27.5 1.3 0.8 2.6
2018.9178 -61.7273 -63.7567 27.3 1.2 0.8 2.6
2018.9205 -60.4822 -61.6462 27.2 1.2 0.8 2.6
2018.9233 -59.827 -61.313 27.2 1.2 0.8 2.5
2018.9260 -60.6133 -62.3127 26.5 1.2 0.8 2.5
2018.9288 -58.7785 -62.3127 29.5 1.2 0.8 2.5
2018.9315 -59.8925 -62.0905 29.6 1.2 0.8 2.5
2018.9342 -57.1403 -61.9795 30.6 1.2 0.8 2.6
2018.9370 -60.1546 -59.8691 29.3 1.2 0.8 2.5
2018.9397 -61.3996 -60.3134 25.7 1.2 0.8 2.5
2018.9425 -63.2999 -61.7573 31.4 1.2 0.8 2.5
2018.9452 -61.2686 -65.2006 32.1 1.2 0.8 2.5
2018.9479 -67.6903 -60.4244 27.7 1.2 0.8 2.5
2018.9507 -65.0037 -65.0896 20.7 1.2 0.8 2.6
2018.9534 -63.8242 -62.9791 34.4 1.2 0.8 2.6
2018.9562 -62.7102 -62.2016 30.8 1.2 0.8 2.5
2018.9589 -62.0549 -62.4238 28.4 1.2 0.8 2.5
2018.9616 -62.6447 -64.4231 26.1 1.2 0.8 2.5
2018.9644 -61.5962 -63.9788 19.6 1.2 0.8 2.5
2018.9671 -62.186 -63.5345 23.8 1.2 0.8 2.5
2018.9699 -61.5307 -63.2013 23.3 1.2 0.8 2.5
2018.9726 -63.3655 -62.0905 26.7 1.2 0.8 2.5
2018.9753 -62.5791 -62.8681 23 1.2 0.8 2.5
2018.9781 -61.3996 -61.313 22.4 1.2 0.8 2.6
2018.9808 -63.9552 -63.5345 19.5 1.2 0.8 2.6
2018.9836 -59.2372 -59.8691 11 1.2 0.8 2.5
2018.9863 -60.7444 -61.6462 21.8 1.3 0.8 2.6
2018.9890 -60.1546 -62.0905 31.3 1.2 0.8 2.6
2018.9918 -61.1375 -63.0902 26.1 1.2 0.8 2.6
2018.9945 -64.8726 -63.4234 26.8 1.2 0.8 2.6
2018.9973 -63.9552 -62.2016 24.2 1.2 0.8 2.5
2019.0000 -59.958 -62.3127 22.1 1.2 0.8 2.6
2019.0027 -61.5962 -63.2013 16.5 1.2 0.8 2.6
2019.0055 -60.7444 -63.3124 22.6 1.2 0.8 2.6
2019.0082 -61.2686 -62.9791 21.6 1.2 0.8 2.5
2019.0110 -63.1034 -63.2013 16.7 1.2 0.8 2.5
2019.0137 -59.958 -61.6462 17.7 1.2 0.8 2.5
2019.0164 -62.9723 -63.7567 27.1 1.2 0.8 2.5
2019.0192 -64.6105 -62.5348 28.1 1.2 0.8 2.5
2019.0219 -60.0891 -61.9795 28.1 1.2 0.8 2.5
2019.0247 -62.186 -60.9798 28.7 1.2 0.8 2.5
2019.0274 -61.8583 -60.6466 25.9 1.2 0.8 2.5
2019.0301 -62.7102 -61.9795 26.2 1.3 0.8 2.6
2019.0329 -54.7813 -61.9795 22.5 1.3 0.8 2.6
2019.0356 -66.9695 -61.202 24.9 1.2 0.8 2.5
2019.0384 -58.9751 -61.6462 21.5 1.2 0.8 2.6
2019.0411 -61.5962 -61.313 22.7 1.2 0.8 2.5
2019.0438 -60.8754 -61.9795 19.6 1.2 0.8 2.5
2019.0466 -60.1546 -61.7573 28.5 1.2 0.8 2.5
2019.0493 -59.3027 -62.757 25.2 1.3 0.8 2.6
2019.0521 -63.2999 -62.757 23 1.3 0.8 2.6
2019.0548 -65.3313 -62.3127 21.7 1.3 0.8 2.6
2019.0575 -63.2999 -60.8687 20.5 1.2 0.8 2.6
2019.0603 -61.8583 -61.202 24.5 1.2 0.8 2.6
2019.0630 -72.8015 -62.9791 34.1 1.2 0.8 2.5
2019.0658 -58.2543 -64.201 22.5 1.2 0.8 2.6
2019.0685 -61.6617 -64.201 25.4 1.2 0.8 2.6
2019.0712 -59.958 -61.6462 18.9 1.3 0.8 2.6
2019.0740 -58.9096 -62.5348 24.1 1.2 0.8 2.6
2019.0767 -60.0236 -59.2026 27.5 1.2 0.8 2.5
2019.0795 -61.1375 -61.5352 26.8 1.2 0.8 2.5
2019.0822 -62.9723 -63.2013 29.8 1.2 0.8 2.6
2019.0849 -63.6931 -62.2016 23.7 1.3 0.8 2.6
2019.0877 -62.2515 -61.6462 25.5 1.2 0.8 2.5
2019.0904 -60.6133 -61.4241 29.1 1.2 0.8 2.5
2019.0932 -59.1717 -60.9798 30 1.2 0.8 2.4
2019.0959 -62.9723 -62.9791 28.2 1.2 0.8 2.5
2019.0986 -62.8413 -61.9795 27.7 1.2 0.8 2.5
2019.1014 -63.1689 -62.9791 27.3 1.2 0.8 2.5
2019.1041 -58.9096 -61.9795 26.8 1.2 0.8 2.5
2019.1068 -59.7614 -63.5345 27.4 1.2 0.8 2.5
2019.1096 -61.1375 -61.4241 30.5 1.2 0.8 2.4
2019.1123 -69.7872 -61.202 33 1.2 0.8 2.5
2019.1151 -68.018 -61.6462 29 1.2 0.8 2.5
2019.1178 -64.7416 -62.6459 30.3 1.2 0.8 2.6
2019.1205 -62.5791 -62.9791 26.9 1.2 0.8 2.5
2019.1233 -60.0891 -61.7573 31.9 1.2 0.8 2.5
2019.1260 -61.6617 -61.202 32.1 1.2 0.8 2.5
2019.1288 -59.0406 -61.8684 26.7 1.2 0.8 2.5
2019.1315 -62.9723 -61.0909 26 1.2 0.8 2.5
2019.1342 -63.1689 -62.5348 22.1 1.2 0.8 2.5
2019.1370 -60.9409 -60.3134 25 1.2 0.8 2.5
2019.1397 -63.7586 -63.6456 23.2 1.2 0.8 2.5
2019.1425 -62.6447 -61.4241 25.6 1.2 0.8 2.5
2019.1452 -61.7928 -60.8687 22.7 1.2 0.8 2.5
2019.1479 -62.9068 -62.2016 23.9 1.2 0.8 2.5
2019.1507 -64.3484 -61.9795 24 1.2 0.8 2.5
2019.1534 -62.2515 -61.313 23.3 1.2 0.8 2.5
2019.1562 -64.3484 -61.6462 22.9 1.2 0.8 2.5
2019.1589 -60.0236 -61.4241 25.5 1.2 0.8 2.5
2019.1616 -60.8754 -61.4241 23.1 1.2 0.8 2.5
2019.1644 -62.317 -60.7577 22.3 1.2 0.8 2.5
2019.1671 -60.4822 -60.5355 24.2 1.2 0.8 2.5
2019.1699 -62.9723 -63.2013 20.1 1.2 0.8 2.5
2019.1726 -60.9409 -60.5355 19.4 1.1 0.8 2.5
2019.1753 -61.072 -63.8677 23.6 1.1 0.8 2.5
2019.1781 -60.4167 -62.0905 19.8 1.1 0.8 2.5
2019.1808 -59.7614 -63.4234 25 1.1 0.8 2.5
2019.1836 -59.958 -62.4238 21.6 1.1 0.8 2.5
2019.1863 -60.0891 -62.6459 21.7 1.1 0.8 2.5
2019.1890 -64.1518 -64.5342 22.8 1.1 0.8 2.5
2019.1918 -63.431 -62.9791 19.6 1.1 0.8 2.5
2019.1945 -62.186 -64.201 17.8 1.1 0.8 2.5
2019.1973 -61.2031 -61.5352 14.6 1.1 0.8 2.5
2019.2000 -62.2515 -60.6466 14.9 1.1 0.8 2.5
2019.2027 -60.1546 -63.3124 18.8 1.2 0.8 2.5
2019.2055 -64.545 -63.8677 13.2 1.1 0.8 2.5
2019.2082 -61.5307 -57.5365 15.6 1.1 0.8 2.5
2019.2110 -62.7757 -64.7563 21.8 1.1 0.8 2.5
2019.2137 -60.0236 -63.0902 19.6 1.1 0.8 2.6
2019.2164 -61.5307 -63.3124 24 1.1 0.8 2.6
2019.2192 -63.2344 -63.6456 23.8 1.1 0.8 2.6
2019.2219 -63.5621 -63.5345 19.7 1.2 0.8 2.7
2019.2247 -64.8071 -60.2023 23.4 1.1 0.8 2.5
2019.2274 -62.8413 -62.9791 26.3 1.1 0.8 2.5
2019.2301 -67.1006 -63.7567 24.3 1.1 0.8 2.5
2019.2329 -62.1204 -64.4231 18.4 1.1 0.8 2.5
2019.2356 -62.9723 -63.5345 19.2 1.1 0.8 2.5
2019.2384 -62.6447 -64.0899 20 1.1 0.8 2.5
2019.2411 -63.6276 -63.5345 25.1 1.1 0.8 2.5
2019.2438 -61.7273 -63.8677 21.9 1.2 0.8 2.6
2019.2466 -59.4993 -64.201 18.4 1.1 0.8 2.6
2019.2493 -62.5136 -63.4234 23.3 1.1 0.8 2.6
2019.2521 -65.5279 -67.9775 25.7 1.1 0.8 2.6
2019.2548 -64.6105 -63.0902 26.9 1.1 0.8 2.5
2019.2575 -62.7102 -62.3127 24.4 1.1 0.8 2.5
2019.2603 -63.0378 -64.201 27.7 1.1 0.8 2.5
2019.2630 -63.8897 -66.5335 20.7 1.1 0.8 2.5
2019.2658 -66.1176 -63.6456 21.2 1.1 0.8 2.6
2019.2685 -65.0692 -65.2006 20.2 1.1 0.8 2.5
2019.2712 -64.4139 -65.2006 23.3 1.1 0.8 2.6
2019.2740 -65.3313 -67.4221 26.7 1.3 0.9 2.6
2019.2767 -64.1518 -62.757 22.7 1.1 0.8 2.6
2019.2795 -65.3968 -65.5338 28.4 1.1 0.8 2.6
2019.2822 -64.0863 -65.3117 22.2 1.1 0.8 2.5
2019.2849 -62.317 -65.4228 14 1.1 0.8 2.5
2019.2877 -60.4167 -63.6456 30.4 1.1 0.8 2.5
2019.2904 -64.545 -65.4228 18.6 1.1 0.8 2.5
2019.2932 -65.9866 -65.3117 22.7 1.1 0.8 2.5
2019.2959 -67.2316 -66.8667 26.2 1.1 0.8 2.5
2019.2986 -63.5621 -64.9785 19.7 1.1 0.8 2.6
2019.3014 -63.8242 -65.2006 25 1.1 0.8 2.5
2019.3041 -56.354 -66.4224 12.8 1.1 0.8 2.5
2019.3068 -67.035 -66.6446 25.6 1.1 0.8 2.5
2019.3096 -63.2344 -66.2003 14.5 1.1 0.8 2.5
2019.3123 -64.9381 -64.8674 18.3 1.1 0.8 2.5
2019.3151 -61.072 -66.7557 13.9 1.1 0.8 2.5
2019.3178 -62.186 -67.7553 20.6 1.1 0.8 2.5
2019.3205 -62.9723 -65.9781 22.7 1.1 0.8 2.5
2019.3233 -66.7074 -64.8674 21.1 1.1 0.8 2.5
2019.3260 -66.9695 -66.6446 22.7 1.1 0.8 2.5
2019.3288 -62.6447 -67.7553 28.6 1.1 0.8 2.5
2019.3315 -61.9239 -67.8664 25.6 1.1 0.8 2.5
2019.3342 -62.1204 -67.8664 27.1 1.2 0.8 2.6
2019.3370 -62.6447 -67.311 21 1.2 0.8 2.6
2019.3397 -67.7558 -68.755 23.2 1.1 0.8 2.5
2019.3425 -65.1347 -66.8667 24.7 1.1 0.8 2.5
2019.3452 -64.0208 -67.5332 24.3 1.1 0.8 2.5
2019.3479 -63.1689 -68.3107 26.2 1.1 0.8 2.6
2019.3507 -62.9723 -68.0886 28.1 1.2 0.9 2.6
2019.3534 -65.2658 -68.755 26.7 1.2 0.8 2.6
2019.3562 -63.2344 -67.7553 22.9 1.2 0.9 2.7
2019.3589 -63.3655 -68.755 27.6 1.2 0.8 2.5
2019.3616 -63.6276 -69.9768 27.8 1.2 0.8 2.6
2019.3644 -63.8242 -68.0886 27.7 1.2 0.8 2.6
2019.3671 -63.6276 -68.0886 28.7 1.2 0.9 2.6
2019.3699 -63.2999 -67.311 26.1 1.2 0.8 2.6
2019.3726 -62.1204 -68.755 22.1 1.2 0.8 2.6
2019.3753 -64.1518 -67.4221 28.1 1.2 0.8 2.6
2019.3781 -64.7416 -68.3107 26.1 1.2 0.9 2.7
2019.3808 -64.3484 -67.7553 31.6 1.2 0.9 2.7
2019.3836 -62.9723 -67.9775 20.1 1.2 0.9 2.7
2019.3863 -64.0863 -67.5332 25.1 1.2 0.8 2.6
2019.3890 -63.3655 -70.5322 17.2 1.2 0.8 2.7
2019.3918 -62.9723 -67.7553 26.4 1.2 0.8 2.6
2019.3945 -65.8555 -69.0882 31 1.2 0.8 2.6
2019.3973 -64.4139 -69.0882 24.6 1.2 0.8 2.7
2019.4000 -63.7586 -67.9775 30.5 1.3 0.9 3.0
2019.4027 -63.4965 -68.3107 26.7 1.4 1.0 3.2
2019.4055 -64.7416 -67.7553 26.3 1.3 0.9 3.0
2019.4082 -62.9068 -69.0882 33 1.4 1.0 3.3
2019.4110 -65.2003 -67.4221 31.1 1.4 1.0 3.4
2019.4137 -61.9239 -69.8657 29.7 1.4 1.0 3.5
2019.4164 -62.1204 -69.8657 27 1.3 0.9 3.0
2019.4192 -62.7757 -68.1996 26.9 1.3 0.9 3.0
2019.4219 -67.8214 -67.5332 30.4 1.3 0.9 3.0
2019.4247 -67.1006 -66.9778 25.2 1.3 0.9 2.9
2019.4274 -67.6903 -70.7543 25.2 1.3 0.9 3.1
2019.4301 -63.431 -69.5325 29.3 1.4 1.0 3.3
2019.4329 -65.9866 -70.7543 30.1 1.4 1.0 3.4
2019.4356 -62.9068 -70.0879 28.8 1.4 1.0 3.3
2019.4384 -64.6105 -67.9775 21.1 1.4 1.0 3.3
2019.4411 -62.8413 -68.3107 21.6 1.4 1.0 3.5
2019.4438 -59.6304 -66.5335 16.4 1.5 1.1 3.9
2019.4466 -62.5136 -70.6433 23.3 1.6 1.2 4.3
2019.4493 -62.0549 -66.0892 17.7 1.5 1.1 4.0
2019.4521 -69.1319 -69.9768 29 1.5 1.1 4.1
2019.4548 -65.0037 -68.4218 23.8 1.7 1.3 4.5
2019.4575 -65.5279 -69.9768 14.9 1.6 1.2 4.5
2019.4603 -63.1034 -68.3107 13.1 1.7 1.3 4.5
2019.4630 -67.9524 -68.8661 13.3 1.5 1.1 3.8
2019.4658 -68.018 -68.6439 20.7 1.6 1.2 4.1
2019.4685 -70.4425 -68.8661 24.2 1.7 1.2 3.7
2019.4712 -71.2943 -73.198 28.5 1.5 1.0 3.7
2019.4740 -63.4965 -69.5325 21.2 1.7 1.3 4.5
2019.4767 -65.1347 -70.6433 11.3 1.6 1.2 4.3
2019.4795 -64.545 -70.9765 24.4 1.6 1.3 4.5
2019.4822 -65.5279 -70.9765 21.8 1.7 1.3 4.9
2019.4849 -68.4766 -67.6443 12.3 2.0 1.8 6.4
2019.4877 -70.4425 -68.3107 11.4 2.2 1.9 7.3
2019.4904 -64.1518 -71.0876 6 2.0 1.7 6.3
2019.4932 -67.8214 -67.6443 12.4 2.0 1.6 6.0
2019.4959 -67.5593 -70.31 9.2 2.1 1.7 6.3
2019.4986 -68.2801 -69.8657 16.8 2.1 1.8 6.7
2019.5014 -70.508 -70.7543 16.6 2.2 1.8 7.0
2019.5041 -69.8527 -72.7537 10.3 2.2 1.8 6.8
2019.5068 -67.6903 -70.6433 22.6 2.4 2.0 7.5
2019.5096 -69.1975 -72.0872 9.7 2.8 2.5 10.1
2019.5123 -64.1518 -74.5309 8.4 3.6 3.1 13.2
2019.5151 -65.0692 -75.5305 5.1 2.9 2.4 9.7
2019.5178 -64.3484 -74.8641 10.2 3.2 2.8 11.4
2019.5205 -69.7217 -71.754 11.6 3.2 2.6 10.7
2019.5233 -65.2003 -72.8648 23.8 3.5 2.9 12.2
2019.5260 -68.149 -75.6416 3.3 3.2 2.7 11.2
2019.5288 -64.3484 -73.8644 14.4 3.3 2.9 12.1
2019.5315 -71.753 -74.8641 16.2 3.7 3.3 14.2
2019.5342 -68.8698 -70.6433 2.5 3.6 3.1 13.5
2019.5370 -68.6077 -72.4205 12.1 3.4 3.2 13.4
2019.5397 -67.9524 -79.4181 17.1 3.9 3.3 13.8
2019.5452 -70.7701 -74.6419 19.3 3.1 2.6 10.9
2019.5479 -68.6732 -71.6429 19.6 3.6 3.1 12.6
2019.5507 -65.2658 -77.5299 31.9 3.7 3.1 13.1
2019.5534 -70.7701 -72.1983 14.1 3.5 3.0 13.2
2019.5562 -72.5394 -68.8661 -3.3 4.7 3.7 17.1
2019.5589 -69.1319 -72.0872 -8.8 4.1 3.6 16.3
2019.5616 -73.8499 -70.4211 14.9 4.1 3.1 13.3
2019.5644 -68.4766 -68.6439 11 3.5 3.0 12.4
2019.5671 -72.0152 -70.6433 -2.7 3.7 3.2 13.3
2019.5699 -77.3229 -72.4205 8.5 3.8 3.1 12.7
2019.5726 -76.6021 -73.9755 13.2 3.9 3.5 14.1
2019.5753 -69.1319 -73.0869 6.7 5.4 5.0 22.1
2019.5781 -72.9325 -71.6429 -0.8 5.2 4.8 21.2
2019.5808 -76.2745 -76.197 9.2 4.6 4.5 18.5
2019.5836 -77.7816 -74.0866 -8.5 4.9 4.3 18.9
2019.5863 -70.5735 -74.5309 9.2 6.1 5.6 25.5
2019.5890 -69.5251 -77.752 16.9 5.7 5.0 23.4
2019.5918 -70.5735 -66.2003 -9.2 4.5 3.8 16.8
2019.5945 -78.1092 -73.8644 -8.4 5.8 5.0 22.6
2019.5973 -60.4167 -72.3094 22.9 5.4 4.8 21.8
2019.6000 -72.6049 -73.8644 -11.3 7.3 7.1 37.0
2019.6027 -59.7614 -81.8618 58.6 7.1 7.0 32.1
2019.6055 -57.2714 -66.8667 25.7 7.2 6.8 32.5
2019.6082 -69.4596 -71.1986 -3.4 8.1 7.5 41.0
2019.6110 -67.9524 -71.3097 91.6 7.6 7.4 39.3
2019.6137 -73.3257 -69.3104 -47.4 8.2 7.6 41.0
2019.6164 -76.9297 -71.8651 8.9 7.6 7.9 40.7
2019.6192 -72.2117 -69.9768 26 7.7 7.8 44.5
2019.6219 -60.8754 -84.0833 89.3 7.5 6.5 34.0
2019.6247 -62.6447 -76.8634 59.3 7.1 6.5 31.7
2019.6274 -65.0037 -80.0846 30.8 7.4 6.9 34.1
2019.6301 -61.6617 -79.6403 47.1 6.9 6.5 30.9
2019.6329 -79.2888 -74.4198 27.2 5.9 5.2 24.6
2019.6356 -72.867 -73.3091 7.5 5.0 4.3 18.4
2019.6384 -74.6363 -73.0869 29 4.1 3.6 15.6
2019.6411 -74.112 -72.9758 18.8 3.7 3.3 14.2
2019.6438 -74.9639 -75.4195 3 3.6 3.2 12.9
2019.6466 -78.7645 -72.0872 20.3 3.7 3.2 12.7
2019.6493 -72.9325 -70.9765 2.4 3.4 3.0 12.0
2019.6521 -72.2773 -69.3104 3.6 3.0 2.6 10.7
2019.6548 -72.0807 -73.9755 16 3.2 2.7 10.9
2019.6575 -75.7502 -72.1983 19.9 3.5 2.7 11.3
2019.6603 -72.2117 -72.7537 14.3 3.6 3.3 13.5
2019.6630 -71.3599 -71.6429 9.8 4.1 3.7 15.2
2019.6658 -68.149 -78.8628 -6.4 3.7 3.2 14.0
2019.6685 -71.2288 -74.5309 28 3.5 3.0 12.6
2019.6712 -69.394 -70.8654 2.7 3.6 3.1 12.7
2019.6740 -70.8357 -71.3097 -0.8 3.0 2.6 10.5
2019.6767 -71.2288 -72.9758 9.9 2.8 2.5 9.8
2019.6795 -75.226 -73.5312 -3.7 2.9 2.4 9.3
2019.6822 -71.8186 -73.198 6.6 3.1 2.4 9.8
2019.6849 -75.2915 -70.31 10 3.0 2.7 10.4
2019.6877 -79.3543 -73.4201 1.5 3.1 2.7 10.7
2019.6904 -74.7018 -78.6406 7.4 3.2 3.1 12.1
2019.6932 -72.8015 -75.8638 5.6 3.0 2.7 10.3
2019.6959 -71.3599 -72.3094 14.6 2.0 1.8 6.5
2019.6986 -67.5593 -76.197 32 1.9 1.7 6.1
2019.7014 -72.0807 -71.4208 20.5 1.8 1.6 5.6
2019.7041 -69.7872 -75.5305 17.5 1.7 1.5 5.3
2019.7068 -71.0978 -75.3084 9.9 2.0 1.7 5.9
2019.7096 -73.4568 -72.8648 9.6 1.7 1.4 5.0
2019.7123 -72.4738 -70.4211 16 1.8 1.5 5.4
2019.7151 -68.4111 -73.9755 14.1 1.7 1.4 5.1
2019.7178 -71.4254 -70.5322 24.9 1.7 1.4 4.8
2019.7205 -72.2117 -73.6423 18.2 1.6 1.4 4.9
2019.7233 -71.6875 -71.4208 21.2 1.7 1.4 5.0
2019.7260 -68.8043 -71.5319 16.4 1.6 1.3 4.4
2019.7288 -67.6248 -75.1973 20.4 1.4 1.2 3.8
2019.7315 -68.4111 -70.8654 27.7 1.5 1.3 4.3
2019.7342 -70.2459 -73.6423 15.3 1.6 1.3 4.8
2019.7370 -70.2459 -73.3091 23.8 1.7 1.3 4.3
2019.7397 -68.2801 -69.5325 22.9 1.5 1.2 4.1
2019.7425 -68.8698 -71.8651 26 1.7 1.4 5.1
2019.7452 -69.263 -73.0869 25.1 1.6 1.3 4.6
2019.7479 -70.7701 -72.8648 26.1 1.6 1.3 4.6
2019.7507 -67.3627 -70.6433 19.9 1.7 1.3 4.5
2019.7534 -71.8841 -72.1983 23.9 1.6 1.2 4.3
2019.7562 -71.5565 -72.7537 25.2 1.8 1.4 4.5
2019.7589 -72.4738 -73.5312 30.2 1.7 1.4 4.7
2019.7616 -69.1319 -72.7537 24.8 1.6 1.2 4.4
2019.7644 -69.263 -73.7533 9.3 1.9 1.6 5.8
2019.7671 -72.1462 -71.8651 30.4 1.9 1.6 5.4
2019.7699 -72.0807 -73.3091 21.2 1.9 1.3 4.9
2019.7726 -70.377 -74.0866 18.5 1.9 1.6 6.1
2019.7753 -69.7872 -77.1967 20.3 2.5 2.2 8.0
2019.7781 -70.1804 -73.4201 25.7 2.2 1.9 7.0
2019.7808 -72.0807 -75.7527 19.5 2.8 2.5 10.3
2019.7836 -71.753 -77.1967 13.6 4.2 3.5 16.0
2019.7863 -72.3428 -74.5309 6.5 4.1 3.6 15.5
2019.7890 -79.3543 -74.5309 8.5 4.4 3.9 15.8
2019.7918 -72.2773 -72.6426 24 5.3 4.3 18.9
2019.7945 -73.3912 -72.5315 39.9 3.2 2.8 11.0
2019.7973 -74.8984 -77.5299 25.7 3.4 2.9 11.9
2019.8000 -77.2574 -76.4191 22.4 2.8 2.5 9.8
2019.8027 -73.981 -73.0869 21.1 2.8 2.4 9.8
2019.8055 -79.6819 -71.9762 22.3 4.1 3.8 16.7
2019.8082 -76.7332 -73.5312 24.4 3.5 3.0 12.2
2019.8110 -76.6021 -75.8638 21.2 2.9 2.5 9.9
2019.8137 -74.9639 -76.6413 21.3 2.9 2.6 10.2
2019.8164 -78.5024 -77.1967 27.7 2.8 2.4 9.4
2019.8192 -74.3086 -73.198 27.5 3.4 3.0 12.8
2019.8219 -78.5024 -75.0862 20.3 3.7 3.2 12.4
2019.8247 -69.8527 -74.9752 19.3 3.1 2.5 10.2
2019.8274 -70.377 -73.6423 11.5 2.9 2.6 10.7
2019.8301 -78.7645 -71.8651 -0.8 3.0 2.6 10.9
2019.8329 -76.4711 -75.6416 17.5 3.3 2.5 10.3
2019.8356 -78.1092 -76.6413 13.8 3.5 3.0 12.7
2019.8384 -76.7987 -74.753 23.2 4.1 3.5 15.0
2019.8411 -78.8301 -73.0869 21.2 4.6 4.5 19.0
2019.8438 -70.8357 -78.0852 56.5 6.9 6.3 29.3
2019.8466 -71.9496 -71.6429 3.6 6.8 6.2 29.8
2019.8493 -77.585 -68.6439 10 4.7 4.3 18.0
2019.8521 -69.7872 -72.7537 25.7 2.9 2.4 9.3
2019.8548 -74.2431 -65.6449 16.4 4.7 4.1 17.0
2019.8575 -75.7502 -72.3094 16.1 5.3 5.2 21.3
2019.8603 -79.2888 -72.8648 3.8 4.5 4.4 18.8
2019.8630 -81.7133 -70.31 -39.9 5.1 5.0 22.3
2019.8658 -74.7673 -75.8638 -19 7.0 6.2 28.9
2019.8685 -80.7304 -81.3064 51.2 6.7 6.4 29.0
2019.8712 -77.3884 -84.1943 59.2 6.6 6.3 27.9
2019.8740 -78.6335 -78.6406 25.6 6.5 6.4 27.9
2019.8767 -88.2005 -72.9758 -47.8 8.2 9.4 52.1
2019.8795 -98.4229 -64.6453 56.8 13.2 11.3 74.9
2019.8822 -84.8586 -69.5325 93.5 11.1 11.4 74.3
2019.8877 -79.813 -75.9748 24.4 7.3 6.9 33.6
2019.8904 -68.8698 -74.8641 41.8 7.8 7.5 36.7
2019.8932 -75.8813 -79.9735 10.6 9.3 7.5 38.5
2019.8959 -75.8158 -69.7547 53.5 8.5 8.2 39.9
2019.8986 -79.5509 -68.755 38.5 6.2 5.8 27.1
2019.9014 -71.753 -73.3091 -30.1 5.4 5.3 23.2
2019.9041 -76.7987 -71.6429 -17.5 4.3 4.1 17.5
2019.9068 -97.0468 -67.2 -19.3 3.4 3.0 12.1
2019.9096 -72.6049 -70.8654 10 3.1 3.0 11.5
2019.9123 -75.6192 -71.8651 5.2 3.4 3.1 12.5
2019.9151 -76.0124 -75.1973 9.2 3.6 3.2 12.7
2019.9178 -72.6049 -76.7524 0.2 3.7 3.1 12.5
2019.9205 -75.226 -70.31 39.6 3.9 3.5 14.0
2019.9233 -73.981 -75.8638 18.1 4.4 3.9 16.8
2019.9260 -88.0695 -75.8638 -34.1 5.0 4.1 18.2
