1999.6712 0 0 0 3.6 2.8 7.4
1999.6740 -6.20608 7.88301 7.7 1.7 1.1 3.1
1999.6767 -10.0454 6.32861 10.8 1.6 1.1 3.2
1999.6795 -1.15706 4.21907 2.6 1.4 1.0 2.9
1999.6822 -5.83792 5.99553 2.7 1.4 0.9 3.0
1999.6849 -123.438 19.8741 -116.6 97.2 36.5 135.6
2002.6603 -58.537 -47.4091 -3.7 4.1 2.8 8.7
2002.6630 -46.8085 -59.5112 12.7 1.3 0.9 2.7
2002.6658 -42.1277 -58.5119 -10.9 1.4 1.0 2.9
2002.6685 -48.9123 -57.0685 0 1.2 0.9 2.6
2002.6712 -46.0722 -56.0693 3.5 1.2 0.9 2.6
2002.6740 -42.8114 -57.5126 15.5 1.2 0.9 2.7
2002.6767 -49.7012 -56.7354 14.3 1.8 1.2 3.5
2002.6795 -45.5989 -62.6199 18.9 1.2 0.9 2.6
2002.6822 -42.7588 -58.5119 12.8 1.4 0.9 3.1
