1999.5233 0 0 0 1.6 1.0 2.9
1999.5260 5.74757 0.111086 -1.6 1.5 0.9 2.8
1999.5288 2.60009 -2.66606 -1.6 1.4 0.9 2.7
1999.5315 4.03698 -1.88846 2.8 1.4 0.9 2.7
1999.5342 0.478963 -2.55498 -2.5 1.4 1.0 2.7
1999.5370 7.8687 0 -7 1.4 0.9 2.7
1999.5397 1.77901 -0.888688 -8.8 1.4 0.9 2.7
1999.5425 6.02127 0.111086 -6.3 1.4 0.9 2.7
1999.5452 3.55802 -0.999775 -5.8 1.4 1.0 2.8
1999.5479 4.03698 4.44344 0.8 1.6 1.0 2.9
1999.5507 6.29496 -2.22172 -2.8 1.5 1.0 2.7
1999.5534 0.478963 2.11063 2.1 1.4 0.9 2.7
1999.5562 20.1849 -11.8862 -27.8 8.3 4.0 12.0
2005.6630 -40.0277 -94.7564 20.4 1.2 0.8 2.5
2005.6658 -39.8909 -93.0901 26.6 1.3 0.8 2.5
2005.6685 -46.4595 -92.3125 43 1.3 0.8 2.5
2005.6712 -47.9649 -87.5358 12.4 1.3 1.0 2.9
2012.4932 -111.599 -179.293 63.9 1.4 0.8 2.6
2012.4959 -116.115 -179.182 59.8 1.3 0.8 2.4
2012.4986 -108.041 -179.404 67.7 1.4 0.9 2.6
