1996.2904 0 0 0 4.2 2.0 5.7
1996.2932 -8.25845 0.33314 1 1.3 1.0 2.8
1996.2959 -3.89659 4.99711 7.9 1.3 1.0 2.8
1996.2986 -8.54924 3.99769 5.7 1.5 1.0 2.9
1996.3014 -4.07107 2.66512 3.9 1.3 1.1 2.9
1996.3041 -1.57027 6.66281 3.8 1.6 1.1 3.1
1996.3068 -7.67687 10.7715 3.1 3.4 2.0 5.7
1996.3096 -5.0016 7.21804 8.1 1.7 1.2 3.3
1996.3123 -8.95635 4.66397 8.5 1.4 1.0 2.9
1996.3151 -6.22292 6.10758 9.3 1.3 1.0 2.7
1996.3178 -8.72372 1.99884 2.9 1.3 1.0 2.9
1996.3205 -8.72372 4.44187 9.2 1.3 1.0 2.9
1996.3260 -8.02582 1.6657 6.2 1.3 0.9 2.8
1996.3288 -3.02422 -0.111047 0.5 1.4 1.2 3.1
1996.3315 -4.59449 3.44245 0.7 1.3 1.0 2.8
1996.3370 -6.33924 1.99884 6.3 1.6 1.1 3.2
1996.3397 -7.85134 3.44245 3.2 1.3 1.0 2.9
1996.3425 -5.40871 3.77559 5.4 1.3 0.9 2.7
1996.3452 -5.87397 4.10873 6.5 1.9 1.3 3.7
1996.3479 -8.37477 3.77559 2 1.3 1.0 2.8
1996.3507 -5.87397 3.66455 -4.7 1.5 1.0 3.0
1996.3534 -5.40871 1.33256 0.7 1.4 1.0 2.9
1996.3562 -7.9095 3.77559 7.2 1.3 1.0 2.8
1996.3589 -7.21161 3.3314 5.9 1.4 1.1 3.1
1996.3616 -4.18738 3.99769 -3.1 2.1 1.4 3.5
1996.3644 -11.8643 1.99884 5.3 1.4 1.1 3.1
1996.3671 -9.18898 7.44014 0.3 1.5 1.2 3.3
1996.3699 -2.44264 1.44361 6.7 1.8 1.2 3.4
1996.3726 2.09369 -1.77675 5.7 2.6 1.5 4.4
1996.3781 -4.88528 2.99826 17.6 2.0 1.2 3.5
1996.3890 -5.46686 4.10873 11.4 1.4 1.0 3.0
1996.3945 -7.56055 1.99884 5.9 1.4 1.1 3.0
1996.3973 -5.99029 -1.77675 11.2 1.5 1.1 3.0
1996.4082 -14.714 -0.111047 12.8 2.5 1.6 4.4
1996.4110 -8.14214 6.8849 11.2 1.7 1.1 3.2
1996.4137 -7.67687 0.444187 4.5 1.3 1.0 2.8
1996.4164 -6.8045 2.99826 8.3 1.4 1.0 2.9
1996.4192 -8.66556 4.10873 7.9 1.4 1.0 2.9
1996.4219 -4.59449 3.3314 6.6 1.3 1.0 2.8
1996.4247 -6.45555 3.44245 12.3 1.4 1.1 3.0
1996.4274 -8.25845 5.33025 11.2 1.5 1.1 3.0
1996.4301 -3.54765 7.21804 16.6 1.5 1.0 3.0
1996.4329 -4.65265 2.88722 5.6 1.4 1.0 2.9
1996.4356 -7.15345 1.44361 7.2 1.4 1.1 3.1
1996.4384 -8.02582 3.22036 14.6 1.3 1.0 2.9
1996.4411 -2.61712 4.55292 4.8 1.8 1.2 3.2
1996.4438 -9.36346 0.666281 16.5 1.4 1.2 3.1
1996.4466 -5.11791 3.77559 9.8 1.4 1.0 2.8
1996.4493 -6.33924 4.21978 16.4 1.3 1.0 2.8
1996.4521 -7.85134 5.66339 13.3 1.2 1.0 2.8
1996.4548 -8.49108 5.10815 18.4 1.3 1.0 2.9
1996.4575 -5.40871 4.10873 6.5 1.3 1.0 2.8
1996.4603 -7.15345 5.55234 12.8 1.3 1.0 2.8
1996.4630 -1.33764 4.33083 12.8 1.3 1.1 3.0
1996.4658 -6.39739 6.55176 9.7 2.6 1.5 4.3
1996.4685 -6.22292 5.77444 5.6 1.4 1.2 3.0
1996.4712 -3.6058 4.21978 5.5 1.3 1.0 2.9
1996.4740 -5.99029 3.10931 13.7 1.3 1.0 2.8
1996.4767 -7.38608 2.88722 19.4 1.3 1.0 2.8
1996.4795 -8.95635 4.55292 19.5 1.3 1.0 2.8
1996.4822 -12.9111 7.66223 10.4 1.5 1.2 3.0
1996.4849 -6.16476 4.77501 13.8 1.3 1.0 2.9
1996.4877 -6.63002 4.33083 22.1 1.5 1.2 3.1
1996.5315 -14.4814 2.33198 16.9 2.7 2.0 5.6
1996.5452 -14.5977 -4.10873 25.2 3.1 1.8 5.2
1996.5507 -6.16476 -1.11047 16.5 1.3 1.0 2.8
1996.5534 -3.89659 -1.6657 15.1 1.3 1.0 2.8
1996.5562 -9.24714 -1.55466 18.1 1.3 1.0 2.8
1996.5589 -9.07267 -0.888375 14.9 1.2 1.0 2.8
1996.5616 -9.01451 0.222094 14.7 1.3 1.1 2.9
1996.5644 -4.36186 0.666281 15.6 1.4 1.1 3.1
1996.5671 -7.38608 -0.444187 10 1.2 1.0 2.8
1996.5699 -9.07267 -0.444187 17.7 1.3 1.0 2.9
1996.5726 -8.02582 -1.6657 15.9 1.3 1.0 2.8
1996.5753 -8.66556 0.555234 19.1 1.2 1.0 2.8
1996.5781 -12.6203 -2.99827 14.9 1.3 1.0 2.8
1996.5808 -8.6074 -2.33198 13.8 1.2 1.0 2.8
1996.5836 -10.9919 -1.33256 14.1 1.4 1.1 2.9
1996.5863 -5.40871 -1.11047 17.7 1.2 1.0 2.8
1996.5890 -9.53793 -2.10989 19 1.3 1.0 2.9
1996.5918 -11.2827 -0.555235 17.8 1.3 1.0 2.9
1996.5945 -11.7479 -4.10873 22.5 1.4 1.1 2.9
1996.5973 -7.9095 -3.44245 10.5 1.3 1.1 2.9
1996.6000 -11.9224 -4.77501 24.3 1.4 1.1 3.0
1996.6027 -11.6316 -3.66455 16.6 1.3 1.1 3.0
1996.6055 -7.96766 -3.77559 18 1.3 1.0 2.9
1996.6082 -9.94504 -0.111047 19.7 1.3 1.0 2.8
1996.6110 -9.13082 -6.55176 15.8 1.3 1.0 2.9
1996.6137 -6.63002 -5.66339 19.6 1.3 1.0 2.8
1996.6164 -7.79319 -4.99711 14.4 1.3 1.1 2.9
1996.6192 -9.01451 -1.44361 24.4 1.2 1.0 2.8
1996.6219 -8.6074 -1.44361 14.9 1.3 1.1 2.9
1996.6247 -8.08398 -3.10931 21.8 1.2 1.0 2.7
1996.6274 -8.31661 -1.33256 17.9 1.3 1.0 2.8
1996.6301 -11.8061 -0.777328 20.1 1.3 1.0 2.8
1996.6329 -9.47977 -0.888375 25.9 1.2 1.0 2.8
1996.6356 -10.8174 -4.55292 16 1.3 1.1 3.0
1996.6384 -8.49108 -3.10931 21.3 1.3 1.0 2.9
1996.6411 -10.0032 -5.66339 25.9 1.3 1.1 3.0
1996.6438 -8.31661 -2.99827 22.7 1.2 1.0 2.8
1996.6466 -11.9224 -1.6657 25 1.2 1.0 2.9
1996.6493 -9.65425 -1.33256 26.2 1.2 1.0 3.0
1996.6521 -11.6898 0.888375 23.2 1.4 1.1 3.1
1996.6548 -15.4119 -3.10931 27.1 1.5 1.2 3.2
1996.6575 -7.32792 -4.88606 26.7 1.2 1.0 2.9
1996.6603 -7.15345 -1.33256 30 1.2 1.0 2.8
1996.6630 -12.2132 -3.5535 29.2 1.4 1.0 3.2
1996.6658 -6.68818 -0.888375 28.7 1.3 1.1 3.1
1996.6685 -7.26976 -2.33198 21.4 1.2 1.0 2.9
1996.6712 -8.08398 -5.77444 26.6 1.2 1.0 2.9
1996.6740 -16.9822 -5.77444 22.4 1.2 1.0 2.8
1996.6767 -19.7156 -2.99827 23.8 1.4 1.1 3.0
1996.6795 -11.8643 0.666281 26.3 1.5 1.2 3.2
1996.6822 -17.0985 -3.44245 19.5 1.4 1.1 3.0
1996.6849 -15.0048 -0.888375 16.1 1.5 1.1 3.2
1996.6877 -10.8756 -7.77328 17.3 1.4 1.0 3.0
1996.6904 -11.8061 -3.66455 18.7 1.2 1.0 2.8
1996.6932 -7.56055 -4.99711 33.7 1.3 1.0 3.1
1996.6959 -10.4103 -5.33025 26.8 1.4 1.1 3.2
1996.6986 -15.1793 -5.55234 30.8 1.4 1.0 3.2
1996.7014 -12.7948 -1.55466 24.2 1.4 1.1 3.0
1996.7041 -10.4685 -4.21978 32.3 1.2 1.0 2.8
1996.7068 -11.6316 -7.21805 23.5 1.2 1.0 2.8
1996.7096 -10.0614 -6.99595 26.9 1.3 1.0 2.9
1996.7123 -12.8529 -3.33141 26.1 1.5 1.1 3.0
1996.7151 -11.2827 -1.44361 34.7 1.3 1.1 2.9
1996.7178 -17.4474 -2.99827 19 1.3 1.1 2.9
1996.7205 -13.609 -5.2192 22.5 1.3 1.0 2.8
1996.7233 -14.1324 -6.32967 29.4 1.4 1.1 3.0
1996.7260 -12.155 -6.55176 28.7 1.3 1.0 2.9
1996.7288 -11.6898 -4.99711 21.2 1.3 1.0 2.9
1996.7315 -13.4927 -5.99653 24.6 1.6 1.1 3.2
1996.7342 -15.8772 -0.777328 16.2 1.6 1.1 3.2
1996.7370 -13.1437 -4.21978 27.1 1.3 1.0 2.8
1996.7397 -15.1211 -1.77675 38.4 1.3 1.0 2.9
1996.7425 -14.9466 -3.77559 30 1.4 1.0 3.0
1996.7452 -15.0048 -3.22036 24 1.4 1.0 2.8
1996.7479 -10.9919 -3.66455 24.9 1.3 1.0 2.8
1996.7507 -11.6316 -3.33141 26.7 1.2 1.0 2.8
1996.7534 -17.4474 -1.77675 26.4 1.4 0.9 2.9
1996.7562 -12.504 -0.888375 33.8 1.3 0.9 2.7
1996.7589 -14.5977 -3.10931 31.2 1.4 1.0 3.0
1996.7616 -8.95635 -1.8878 35.4 1.3 0.9 2.8
1996.7644 -13.7253 -2.33198 33.3 1.3 0.9 2.9
1996.7726 -14.3651 0 35.4 2.2 1.4 4.4
1996.7753 -15.5282 -0.222094 31 1.4 1.0 3.0
1996.7781 -16.9822 0.33314 36.5 1.4 1.0 2.9
1996.7808 -12.9693 -1.99884 34.2 1.3 0.9 2.7
1996.7836 -12.4458 -4.10873 38.6 1.3 0.9 2.7
1996.7863 -14.6558 -0.888375 32.3 1.5 1.0 2.8
1996.7890 -13.9579 -3.5535 38.4 1.4 1.0 2.9
1996.7918 -12.6785 -3.33141 32 1.4 1.0 2.8
1996.7945 -11.7479 -4.44187 31.3 1.4 1.0 2.9
1996.7973 -12.2132 -3.5535 32.1 1.3 0.9 2.7
1996.8000 -14.4232 -3.77559 34.1 1.6 1.1 3.0
1996.8027 -10.7011 -3.66455 27.2 1.4 1.0 2.8
1996.8055 -13.6672 -4.77501 32.1 1.3 0.9 2.8
1996.8082 -10.4103 -5.55234 29.8 1.3 0.9 2.8
1996.8110 -16.2843 -1.22152 22.5 1.4 1.0 2.9
1996.8137 -10.5848 -4.55292 37.4 1.6 1.1 3.1
1996.8164 -13.7835 -3.88664 37.2 1.3 0.9 2.7
1996.8192 -12.4458 -6.77386 28.5 1.3 0.9 2.7
1996.8219 -9.36346 -7.107 28.8 1.3 0.9 2.7
1996.8247 -12.0387 -4.99711 36.9 1.3 0.9 2.7
1996.8274 -13.5508 -5.55234 32.7 1.3 0.9 2.8
1996.8301 -9.82872 -5.77444 27.4 1.3 0.9 2.7
1996.8329 -9.36346 -4.10873 31 1.3 0.9 2.8
1996.8356 -11.6316 -5.88548 39.5 1.3 0.9 2.8
1996.8384 -15.0048 -7.21805 29 1.2 0.9 2.7
1996.8411 -13.4927 -3.77559 34.2 1.2 0.9 2.7
1996.8438 -8.66556 -8.21747 33.9 1.3 0.9 2.7
1996.8466 -11.7479 -7.66223 36.9 1.3 1.0 2.8
1996.8493 -10.0614 -11.771 37.4 1.3 1.0 2.8
1996.8521 -17.6801 -5.33025 40.5 1.4 1.1 3.0
1996.8548 -16.1098 -3.5535 29.8 1.3 1.0 2.8
1996.8575 -16.9822 -4.77501 21 1.4 1.0 2.9
1996.8603 -2.44264 -3.99769 34.3 1.3 1.0 2.9
1996.8630 -9.82872 -7.99537 25.1 1.3 1.0 2.7
1996.8658 -9.24714 -7.99537 42.4 1.3 1.0 2.8
1996.8685 -7.03713 -7.107 32.5 1.2 1.0 2.8
1996.8712 -8.72372 -8.7727 31.1 1.3 0.9 2.7
1996.8740 -13.4345 -7.66223 35.9 1.4 1.0 2.8
1996.8767 -13.609 -6.55176 27.7 1.3 1.0 2.8
1996.8795 -8.66556 -11.771 27.6 1.5 1.0 3.0
1996.8822 -14.6558 -7.77328 26.5 1.3 1.0 2.8
1996.8849 -16.2261 -9.88317 44.5 1.3 1.0 2.8
1996.8877 -8.02582 -7.21805 28.5 1.3 1.0 2.9
1996.8904 -10.7011 -9.10584 25.8 1.3 1.0 2.8
1996.8932 -6.97897 -6.66281 21.5 1.3 1.0 2.8
1996.8959 -14.1324 -10.9936 21.2 1.3 1.0 2.8
1996.8986 -7.67687 -9.43898 19.9 1.3 1.0 2.8
1996.9014 -10.8756 -12.8814 22.5 2.1 1.5 3.9
1996.9041 -6.86266 -9.66108 33.5 1.4 1.0 2.7
1996.9068 -11.5735 -6.99595 32.8 1.3 1.0 2.8
1996.9096 -5.99029 -11.9931 35.8 1.5 1.0 3.0
1996.9123 -6.57187 -9.32794 31.5 1.4 1.0 2.8
1996.9151 -8.54924 -9.32794 26.2 1.4 1.0 2.8
1996.9178 -11.399 -12.9925 36.8 1.4 1.1 2.9
1996.9205 -13.4345 -11.1047 30.3 1.3 1.0 2.8
1996.9233 -7.38608 -9.66108 25.2 1.3 1.0 2.8
1996.9260 -13.9579 -14.1029 38.9 1.3 1.0 3.0
1996.9288 -5.81581 -21.7652 25 1.7 1.3 3.6
1996.9315 -7.9095 -10.5495 40.9 1.5 1.0 2.9
1996.9342 -20.7624 3.44245 40.7 2.1 1.6 3.8
1996.9370 -8.20029 -8.7727 36.7 1.3 1.0 2.8
1996.9397 -5.99029 -11.9931 30 1.4 1.0 2.9
1996.9425 -6.86266 -7.66223 40.7 1.4 1.0 2.9
1996.9452 -4.3037 -10.8826 35.9 1.6 1.1 3.2
1996.9479 -22.8561 -8.21747 31.5 2.0 1.2 3.4
1996.9507 -9.01451 -10.5495 24.5 1.3 1.0 2.9
1996.9534 -13.1437 -5.99653 35.8 1.4 1.0 2.9
1996.9562 -16.6332 -8.55061 34.2 1.3 1.0 2.8
1996.9589 -12.2132 -5.77444 27.3 1.3 1.0 2.9
1996.9616 -15.9935 -6.21862 24.7 1.3 0.9 2.8
1996.9644 -9.82872 -7.32909 30.2 1.4 1.1 3.1
1996.9671 -14.4814 -8.55061 35.4 1.4 1.0 2.8
1996.9699 -12.6785 -10.5495 31.8 1.3 1.0 2.9
1996.9726 -13.8998 -8.32851 30.8 1.5 1.0 3.0
1996.9753 -13.1437 -13.7698 18.7 1.3 1.0 2.8
1996.9781 -19.1922 -12.7704 26.3 1.3 1.0 2.8
1996.9808 -10.4685 -16.4349 25.4 1.3 0.9 2.8
1996.9836 -6.51371 -12.6593 28.7 1.3 1.0 2.8
1996.9863 -0.581582 -17.1012 27.4 1.3 1.0 2.8
1996.9890 2.90791 -15.6576 28.3 1.3 0.9 2.7
1996.9918 13.9579 -15.3245 20.3 1.4 1.0 3.0
1996.9945 19.5411 -16.2128 32.1 1.3 1.0 2.8
1996.9973 27.5669 -17.7675 35.3 1.3 1.0 2.8
1997.0000 35.302 -17.8785 40.2 1.4 1.0 2.9
1997.0027 41.7575 -16.4349 45.4 1.4 1.0 2.9
1997.0027 45.5378 -20.6547 38.8 1.4 1.0 2.8
1997.0055 51.3536 -19.9884 34.9 1.3 1.0 2.9
1997.0082 51.2955 -25.5408 29.6 1.3 1.0 2.9
1997.0110 57.6347 -22.8757 41.9 1.3 1.0 2.8
1997.0137 56.8786 -29.4274 28.1 1.3 1.0 2.8
1997.0164 63.9739 -29.4274 53.1 1.3 1.0 2.9
1997.0192 56.8786 -26.096 60.9 1.4 1.0 2.8
1997.0219 59.3794 -26.8733 48.8 1.3 1.0 2.8
1997.0247 52.1678 -28.7611 43.2 1.7 1.3 3.5
1997.0274 54.3778 -25.5408 51.9 1.6 1.1 3.0
1997.0301 55.7736 -20.2105 43 1.4 1.0 2.8
1997.0329 65.1952 -16.1018 54.8 1.4 1.0 2.9
1997.0356 60.0773 -22.8757 45.4 1.4 1.0 2.8
1997.0384 50.1323 -31.5373 37.2 1.5 1.0 2.9
1997.0411 55.0176 -28.539 41.5 1.7 1.2 3.3
1997.0438 55.4247 -24.9855 41.8 1.4 1.1 2.8
1997.0466 53.331 -24.8745 49.7 1.3 1.0 2.9
1997.0493 54.436 -29.2053 44.8 1.3 1.0 2.8
1997.0521 54.5523 -23.8751 42.2 1.3 1.0 2.8
1997.0548 53.6799 -22.5425 43.2 1.3 1.0 2.8
1997.0603 50.1323 -22.0983 45.9 1.4 1.0 3.0
1997.0630 50.5976 -26.8733 36 1.3 1.0 2.9
1997.0658 46.8754 -19.8774 26.2 1.3 1.0 2.9
1997.0685 53.2728 -22.4315 26.1 1.4 1.0 2.9
1997.1096 35.2438 -15.2134 26.7 1.7 1.1 3.3
1997.1123 38.3844 -17.9896 46.2 1.9 1.2 3.5
1997.1151 30.1259 -19.4332 56.1 2.3 1.3 3.7
1997.1178 41.6412 -16.3239 47.4 2.4 1.3 3.6
1997.1205 34.4878 -16.657 55.2 1.9 1.1 3.3
1997.1233 35.0693 -19.1001 47.7 1.7 1.1 3.3
1997.1260 40.3036 -17.9896 49.3 2.2 1.2 3.9
1997.1288 34.2551 -18.6559 50.5 2.0 1.3 3.5
1997.1315 30.1841 -18.2117 49.1 2.3 1.3 3.6
1997.1342 48.7947 -19.6553 56.6 2.7 1.3 3.7
1997.1370 36.8722 -14.325 47.3 2.1 1.4 3.8
1997.1425 28.323 -20.2105 31.2 1.7 1.2 3.4
1997.2329 6.86266 -17.4344 38.1 2.6 1.8 4.8
1997.2356 17.0985 -15.6576 33.7 1.4 1.1 3.0
1997.2384 17.5056 -14.325 32.5 1.5 1.1 2.9
1997.2411 11.2827 -15.9907 36.6 1.4 1.0 2.8
1997.2438 16.0516 -16.2128 34.5 1.4 1.0 2.8
1997.6904 0.116317 -25.5408 51.9 1.4 1.0 2.9
1997.6932 6.45555 -20.0995 38 2.1 1.7 4.1
1997.9397 4.36186 -27.7617 51.2 2.2 1.8 4.5
1997.9425 4.3037 -28.7611 46.7 1.6 1.1 3.0
1997.9452 -1.45395 -26.4292 49.3 1.9 1.3 4.0
1998.1781 1.27948 -21.321 62.6 4.1 2.3 5.6
1998.1808 -3.54765 -27.5396 48.4 1.4 1.0 2.8
1998.1863 -2.90791 -29.8716 50.9 2.3 1.5 4.4
1998.1890 -1.27948 -28.6501 57.5 3.9 2.4 4.9
1998.1918 -0.290791 -27.5396 60.4 1.8 1.2 3.0
1998.1945 -4.94344 -27.2065 55 1.5 1.0 2.8
1998.1973 -0.174474 -26.3181 48.5 1.4 1.0 2.7
1998.2000 -4.82712 -28.2059 54.5 1.5 1.1 2.8
1998.2027 -4.36186 -22.2094 60.2 1.8 1.3 3.0
1998.2055 -5.11791 -26.5402 53 1.4 1.0 2.8
1998.2082 -2.5008 -27.9838 57.1 1.5 1.0 2.9
1998.2110 -4.65265 -28.8722 55.9 1.4 1.0 2.7
1998.2137 -5.17607 -26.6512 55.4 1.3 1.0 2.7
1998.2164 -1.105 -25.2076 58.9 1.5 1.1 2.9
1998.2192 -4.59449 -26.5402 63.9 1.9 1.2 3.3
1998.2219 -4.76897 -25.3187 54.1 1.4 1.0 2.9
1998.2247 -6.16476 -25.7629 53.2 1.6 1.0 2.9
1998.2274 0.407107 -24.0972 55.6 1.5 1.1 3.0
1998.2301 -2.03553 -30.2047 57.8 1.5 1.0 2.7
1998.2329 -11.05 -26.8733 63.8 1.6 1.1 2.9
1998.2356 -3.72212 -28.3169 60.1 1.4 1.0 2.8
1998.2384 -4.59449 -28.7611 59.1 1.5 1.0 2.8
1998.2411 -1.57027 -29.0943 63.3 1.6 1.0 2.8
1998.2438 -3.89659 -29.7606 60 1.4 1.0 2.8
1998.2466 -4.65265 -27.0954 54.1 1.5 1.1 3.0
1998.2493 -0.988687 -28.3169 56.6 1.4 1.0 2.8
1998.2521 -1.39579 -28.7611 54.5 1.5 1.0 2.8
1998.2548 -1.62843 -26.096 61.6 1.5 1.0 2.8
1998.2575 2.21001 -28.8722 54.2 1.5 1.0 2.8
1998.2603 -0.116317 -29.6495 56.2 1.4 1.0 2.8
1998.2630 -7.79319 -24.6524 50.8 1.7 1.2 3.2
1998.2658 -0.348948 -25.3187 54.7 1.8 1.1 3.2
1998.2685 -5.46686 -27.5396 56.9 1.6 1.1 2.9
1998.2712 -0.639739 -25.985 51.2 1.5 1.0 2.9
1998.2740 -4.53633 -24.7634 57.2 1.4 1.0 2.7
1998.2767 -0.581582 -26.5402 54.6 1.4 0.9 2.8
1998.2795 -2.26817 -25.5408 54.3 1.4 0.9 2.7
1998.2822 0.348948 -29.3164 51.6 1.4 0.9 2.7
1998.2849 0.872372 -27.0954 59.5 1.5 1.0 2.8
1998.2877 -1.45395 -27.7617 57.1 1.5 1.0 2.8
1998.2904 -0.697898 -28.8722 54.4 1.3 0.9 2.6
1998.2932 0.290791 -31.9815 56.9 1.7 1.1 2.8
1998.2959 -3.02422 -29.6495 60.6 1.4 1.0 2.7
1998.2986 -1.51211 -29.5385 56.6 1.3 0.9 2.6
1998.3014 -6.1066 -28.3169 54.9 1.6 1.0 2.9
1998.3041 -7.96766 -28.539 56.5 1.4 1.0 2.9
1998.3068 -3.14054 -24.8745 53.1 1.7 1.1 3.0
1998.3096 -4.59449 -28.9832 50.5 1.6 1.1 2.8
1998.3123 -3.43133 -27.9838 59.8 1.9 1.1 3.1
1998.3151 -2.96606 -29.8716 50.7 1.3 0.9 2.6
1998.3178 -5.11791 -28.8722 61.2 1.9 1.1 3.1
1998.3205 -9.88688 -28.7611 58.1 1.3 0.9 2.7
1998.3233 -4.47818 -26.9844 54.5 1.5 1.0 2.7
1998.3260 -2.38448 -29.5385 57.5 1.5 1.0 2.7
1998.3288 -3.72212 -27.8728 54.3 1.3 0.9 2.6
1998.3315 -2.09369 -29.2053 53.6 1.4 1.0 2.7
1998.3342 1.91922 -32.2036 64.1 2.1 1.2 3.3
1998.3370 0.465265 -31.2042 53.3 1.9 1.2 3.3
1998.3397 -1.62843 -27.3175 43.7 2.2 1.3 3.7
1998.3425 -1.97738 -30.2047 56.6 1.8 1.1 3.0
1998.3452 -6.92081 -28.428 55.4 1.5 1.1 2.8
1998.3479 -4.59449 -30.76 62.3 1.4 1.0 2.8
1998.3507 -7.96766 -28.0949 55.1 1.5 1.0 2.8
1998.3534 -7.85134 -26.7623 58.8 1.4 1.0 2.8
1998.3562 -2.67527 -29.3164 55.4 1.4 1.0 2.7
1998.3589 -5.52502 -27.0954 54.2 1.6 1.0 2.8
1998.3616 -7.38608 -28.9832 46.1 1.7 1.1 3.0
1998.3644 -5.64134 -27.3175 56 1.4 1.0 2.8
1998.3671 -4.76897 -26.2071 52 1.7 1.2 3.1
1998.3699 -5.87397 -28.6501 58.4 1.5 1.0 2.8
1998.3726 -3.72212 -29.4274 60 1.4 1.0 2.7
1998.3753 -4.76897 -30.4268 59 1.3 0.9 2.6
1998.3781 -4.82712 -29.5385 58.6 1.4 0.9 2.7
1998.3808 -2.32632 -30.9821 59.1 1.4 1.0 2.7
1998.3836 -4.18738 -30.0937 50.3 1.5 1.0 2.8
1998.3863 -4.65265 -28.8722 59.2 1.5 1.0 2.9
1998.3890 -6.16476 -31.9815 60.5 1.7 1.0 3.0
1998.3918 -2.67527 -30.3158 55.3 1.6 1.0 3.0
1998.3945 -5.11791 -29.8716 56.5 1.9 1.1 3.0
1998.3973 -7.85134 -31.0931 55.5 1.5 0.9 2.8
1998.4000 -6.63002 -30.0937 56.4 1.4 1.0 2.8
1998.4027 -6.68818 -30.6489 54.5 1.6 1.0 2.9
1998.4055 -4.94344 -28.539 55 1.3 0.9 2.7
1998.4082 -4.36186 -30.871 60.2 1.5 1.0 2.8
1998.4110 -2.5008 -32.2036 64 1.4 1.0 2.8
1998.4137 -5.81581 -29.9826 56.2 1.4 1.0 2.8
1998.4192 -5.29239 -30.76 58.9 1.3 0.9 2.6
1998.4219 -1.74474 -32.0925 61.7 1.6 1.1 3.0
1998.4247 -7.09529 -30.6489 59 1.5 1.1 2.9
1998.4274 -2.96606 -34.7577 55.8 1.4 1.0 2.8
1998.4301 -2.79159 -32.9809 55.4 1.3 0.9 2.6
1998.4329 -3.37317 -30.871 53.7 1.4 1.1 2.7
1998.4356 -5.11791 -31.6484 59.6 1.4 1.1 2.7
1998.4384 -4.71081 -32.4257 53.5 1.2 0.9 2.6
1998.4411 -1.04685 -32.5367 59.4 1.6 1.0 2.8
1998.4438 -8.54924 -29.4274 54.1 1.6 1.2 3.1
1998.4466 -0.290791 -31.8704 49.5 1.3 1.0 2.8
1998.4493 -5.52502 -33.3141 57.4 1.3 0.9 2.7
1998.4521 -7.44424 -34.4245 58.9 1.4 1.0 2.8
1998.4548 -4.94344 -34.3135 59.3 1.5 1.0 2.8
1998.4575 -5.75765 -29.7606 53.1 1.9 1.2 3.3
1998.4603 -6.33924 -34.4245 57.8 1.3 0.9 2.5
1998.4630 -6.28108 -32.8699 55.1 1.2 0.9 2.6
1998.4658 -1.27948 -33.3141 52.1 1.6 1.1 2.9
1998.4685 -5.81581 -30.871 55.5 1.4 1.0 2.7
1998.4712 -3.6058 -32.9809 62 1.3 0.9 2.7
1998.4740 -6.16476 -33.9803 59.9 1.6 1.0 3.1
1998.4877 -9.88688 -36.8676 69 1.7 1.3 3.6
1998.4904 -1.8029 -36.2013 54.8 1.5 1.0 2.9
1998.4932 -5.99029 -33.5361 56.3 1.2 0.9 2.6
1998.4959 -3.54765 -36.6455 55 1.2 0.9 2.6
1998.4986 -7.85134 -31.4263 54.1 1.4 1.0 2.8
1998.5014 -4.42002 -33.7582 54 1.4 1.0 3.0
1998.5041 -8.02582 -34.8687 58.7 1.2 0.9 2.6
1998.5068 -4.59449 -36.3123 65 1.4 0.9 2.7
1998.5096 0.523422 -35.8681 66.1 1.4 0.9 2.7
1998.5123 -5.6995 -35.8681 64 1.5 1.0 2.9
1998.5151 -10.4103 -33.6472 55.3 1.7 1.3 3.5
1999.7671 -45.6541 -62.2973 75.2 2.8 1.6 4.5
1999.7699 -34.0807 -54.9682 83.4 1.5 1.0 2.8
1999.7726 -30.533 -58.0775 82.1 1.3 0.9 2.7
1999.7753 -38.3844 -56.1897 86.7 1.9 1.3 3.2
1999.7781 -42.6299 -58.4106 80.9 1.8 1.1 2.9
1999.7808 -40.2454 -51.5257 74.2 2.7 1.6 4.7
1999.7836 -38.2099 -63.2967 70.8 2.2 1.5 4.1
1999.7863 -38.2099 -56.6339 85.4 1.7 1.1 2.9
1999.7890 -39.373 -59.8543 75.3 2.1 1.3 3.4
1999.7918 -39.7801 -55.8566 84.2 2.1 1.3 3.5
1999.7945 -37.5701 -57.8554 82.9 3.2 1.8 4.6
1999.7973 -35.8254 -52.9693 85.6 1.5 1.0 2.9
1999.8000 -35.8836 -61.1868 84.6 1.5 1.1 3.0
1999.8027 -35.1275 -61.2979 93.8 2.0 1.2 3.3
1999.8055 -60.0192 -49.3048 69.3 5.5 3.4 7.0
1999.8082 -41.9902 -58.2996 92.1 2.4 1.6 3.8
1999.8110 -33.9643 -56.856 74 1.6 1.0 2.9
1999.8137 -31.8706 -57.7444 79.2 1.8 1.1 3.0
1999.8164 -39.4312 -61.4089 77.9 1.6 1.0 2.8
1999.8192 -32.3359 -57.6333 79.1 1.4 0.9 2.7
1999.8219 -37.163 -62.5194 70.6 1.8 1.1 3.1
1999.8247 -35.1275 -57.4112 75.4 1.7 1.1 3.2
1999.8301 -30.5912 -54.7461 78.6 1.6 1.1 3.0
1999.8329 -37.8609 -58.2996 77.4 1.4 1.0 2.9
1999.8356 -33.848 -58.9659 84.6 1.5 1.0 2.8
1999.8384 -39.5475 -58.2996 79.9 1.5 1.0 2.8
1999.8411 -42.9207 -58.6327 82.5 1.3 0.9 2.8
1999.8438 -40.5944 -57.9665 82.5 1.4 1.0 2.9
1999.8466 -38.5588 -58.9659 80.4 1.9 1.1 3.6
1999.8493 -38.268 -57.6333 83.2 1.4 1.0 2.8
1999.8521 -33.9643 -54.3019 83.7 2.0 1.2 3.2
1999.8548 -41.3504 -58.9659 79.9 1.9 1.2 3.1
1999.8575 -36.5233 -56.3008 79.3 1.7 1.1 3.0
1999.8603 -36.058 -54.7461 84 1.5 0.9 2.7
1999.8630 -38.6751 -55.6345 87.7 1.8 1.3 3.2
1999.8658 -37.5701 -57.3002 88.4 1.4 0.9 2.8
1999.8685 -24.0193 -54.3019 72.9 2.5 1.6 3.7
1999.8712 -35.7672 -57.1891 82.2 1.5 0.9 2.7
1999.8740 -37.512 -58.0775 84.6 1.4 0.9 2.7
1999.8767 -38.1517 -59.299 85 1.8 1.2 3.2
1999.8795 -45.4796 -63.0746 81.5 1.8 1.1 3.1
1999.8822 -26.4619 -58.8548 86.7 1.6 1.0 2.9
1999.8849 -26.7527 -61.2979 85.4 1.7 1.1 3.0
1999.8877 -32.9175 -58.2996 84.5 1.5 1.0 2.7
1999.8904 -31.6962 -60.9647 83 1.6 1.0 2.9
1999.8932 -36.7559 -60.0763 70.9 1.5 1.0 2.8
1999.8959 -28.9046 -60.9647 79.4 1.8 1.1 3.1
1999.8986 -32.9175 -62.2973 86.9 1.6 1.2 3.2
1999.9014 -36.5815 -62.1862 81.1 1.6 1.1 3.1
1999.9041 -32.6267 -57.9665 85 1.3 1.0 2.8
1999.9068 -32.0451 -61.52 84.2 1.3 0.9 2.6
1999.9096 -31.5217 -60.1874 84 1.5 0.9 2.7
1999.9123 -36.5815 -60.8537 80.7 1.4 1.0 2.7
1999.9151 -34.8949 -58.7438 86.9 1.4 1.0 2.8
1999.9178 -28.9046 -58.9659 86.5 1.4 1.0 2.8
1999.9205 -36.8141 -58.2996 78 1.3 0.9 2.6
1999.9233 -36.407 -58.2996 77.3 1.5 1.1 2.9
1999.9260 -40.3036 -53.5246 89.5 1.6 1.1 3.0
1999.9288 -28.9046 -58.4106 78.2 1.5 1.0 2.8
1999.9315 -32.8012 -57.9665 71.4 1.5 1.1 2.9
1999.9342 -25.1243 -59.0769 80.1 1.3 0.9 2.7
1999.9370 -37.0467 -63.2967 66.4 1.4 1.1 3.0
1999.9397 -26.2293 -60.2984 77.5 1.4 1.0 2.8
1999.9425 -29.6025 -60.1874 80.7 1.3 0.9 2.7
1999.9452 -36.7559 -59.6322 87.4 1.3 1.0 2.7
1999.9479 -40.0128 -57.7444 74.1 1.4 1.0 2.7
1999.9507 -33.092 -58.9659 83.4 1.8 1.3 3.4
1999.9534 -34.0807 -55.7455 82.2 1.5 1.0 2.9
1999.9562 -32.8012 -58.2996 85.7 1.6 1.2 3.1
1999.9589 -30.7075 -63.1857 90.6 1.4 1.0 2.7
1999.9616 -31.5799 -57.9665 90.8 1.7 1.2 3.2
1999.9644 -31.2309 -62.5194 71.9 2.9 1.8 5.0
1999.9699 -32.2778 -60.0763 81.8 1.9 1.6 4.0
1999.9726 -36.7559 -55.3013 72 1.3 1.0 2.9
1999.9753 -33.6154 -52.4141 95.4 1.4 1.0 2.8
1999.9781 -37.2212 -57.7444 81.7 1.3 1.0 2.8
1999.9808 -24.3682 -57.7444 87.9 1.4 1.0 2.7
1999.9836 -27.218 -56.4118 89.4 1.4 1.0 2.7
1999.9863 -31.6962 -59.7432 80.6 1.3 0.9 2.7
1999.9890 -34.197 -54.0798 95 1.3 1.0 2.7
1999.9918 -32.1033 -58.5217 86.6 1.4 1.0 2.9
1999.9945 -28.4393 -55.9676 87.9 1.3 1.0 2.7
1999.9973 -28.9046 -58.4106 81.4 1.5 1.1 2.9
2000.0000 -35.8836 -57.6333 79.7 1.5 1.1 3.0
2000.0027 -35.2438 -51.7478 94.8 1.6 1.1 3.0
2000.0055 -29.7188 -57.3002 85.9 1.4 0.9 2.6
2000.0082 -27.9159 -57.9665 86.5 1.4 1.0 2.6
2000.0110 -25.9967 -61.4089 85.1 1.6 1.0 2.8
2000.0137 -28.8464 -56.4118 90.8 1.4 1.0 2.7
2000.0164 -31.4635 -58.7438 83.6 1.4 1.0 2.7
2000.0192 -32.743 -59.5211 86.9 1.3 1.0 2.7
2000.0219 -28.9046 -59.188 89.1 1.3 0.9 2.7
2000.0274 -32.4522 -59.5211 89.4 1.5 1.1 2.8
2000.0301 -32.3941 -59.9653 89.7 1.6 1.0 2.9
2000.0329 -33.4409 -58.4106 84.1 1.6 1.1 2.9
2000.0356 -30.4749 -59.9653 83.6 1.3 0.9 2.7
2000.0384 -32.6849 -59.5211 76.1 1.4 0.9 2.8
2000.0411 -29.428 -55.7455 84.2 2.4 1.8 4.9
2000.0493 -27.6833 -59.9653 87 1.9 1.5 4.1
2000.0521 -29.2535 -58.1885 84.9 1.5 1.0 2.8
2000.0575 -28.7883 -62.7415 89.3 1.9 1.5 3.9
2000.0603 -34.6041 -56.967 85 1.7 1.2 3.1
2000.0630 -28.2067 -59.188 103.7 5.2 2.6 6.7
2002.4658 -94.3906 -86.0613 115.4 17.1 10.0 19.7
2002.4685 -68.6847 -90.9474 93.7 6.1 3.4 7.2
2002.5014 -72.1742 -90.9474 109.8 3.3 1.8 4.3
2002.5041 -66.7655 -81.9526 111.5 2.9 1.9 4.5
2002.5068 -73.6863 -91.6136 113.1 2.7 1.6 4.0
2002.5096 -67.8705 -89.1706 113.1 3.0 1.8 4.1
2002.5123 -77.2921 -87.5049 103.9 3.9 2.1 4.5
2002.5151 -63.5087 -86.5055 112 2.6 1.7 4.0
2002.5178 -64.9626 -87.1718 109.6 2.4 1.6 3.7
2002.5205 -56.0644 -90.17 124.9 3.5 2.9 6.0
2002.8411 -64.2647 -99.9422 123.8 1.9 1.4 3.5
2002.8438 -57.4021 -98.0544 127 2.6 1.6 4.5
2002.8466 -65.7768 -92.7241 128.3 1.5 1.1 3.1
2002.8493 -73.7445 -91.0584 126.1 1.4 1.0 3.0
2002.8521 -73.919 -94.2788 131.1 1.5 1.0 3.1
2002.8548 -69.4408 -93.7235 129.5 1.3 1.0 2.8
2002.8575 -68.1032 -92.0578 125.5 1.3 1.0 2.9
2002.8603 -71.6508 -98.6096 127.8 2.3 1.2 3.6
2002.8630 -65.8931 -92.2799 129.3 1.4 1.0 2.9
2002.8658 -69.9642 -89.7259 117.1 1.4 1.0 3.0
2002.8685 -69.15 -94.9451 125.6 1.4 1.0 2.8
2002.8712 -67.1145 -99.8311 119.3 1.6 1.1 3.2
2002.8740 -69.5571 -102.94 119.6 3.9 2.2 5.8
2002.8767 -70.4876 -94.834 127.2 1.4 1.1 3.0
2002.8795 -70.4876 -91.8357 124.3 1.4 1.0 2.9
2002.8822 -70.4876 -93.2794 127.2 1.4 1.1 2.9
2002.8849 -72.1742 -92.6131 131.5 1.2 1.0 2.8
2002.8877 -69.6734 -94.1677 127.3 1.4 1.0 2.8
2002.8904 -66.591 -92.8352 129.9 2.1 1.4 3.7
2002.8932 -70.3132 -91.9468 120.2 1.3 1.0 2.8
2002.8959 -69.8479 -94.2788 118 1.3 1.0 2.8
2002.8986 -70.255 -95.0561 138.4 1.3 1.0 2.9
2002.9014 -70.8947 -96.6108 126.8 1.2 1.0 2.8
2002.9041 -69.3826 -93.5014 132.2 1.3 1.0 2.9
2002.9068 -66.591 -97.6102 132.8 1.5 1.1 2.9
2002.9096 -68.5103 -95.9445 131.5 1.4 1.0 2.9
2002.9123 -70.3132 -95.8334 128.4 1.2 0.9 2.8
2002.9151 -73.2211 -90.8363 131.8 1.2 1.0 2.8
2002.9178 -70.4876 -90.7253 129.3 1.3 1.0 2.8
2002.9205 -68.9755 -92.1689 125.4 1.3 1.0 2.9
2002.9233 -67.5216 -89.5038 140.6 1.8 1.4 4.2
2002.9260 -64.0902 -96.9439 133.9 1.8 1.2 3.2
2002.9288 -68.4521 -92.502 136.2 1.4 1.0 2.8
2002.9315 -66.7655 -94.6119 136.9 1.5 1.0 3.1
2002.9342 -68.801 -93.0573 135 1.5 1.1 3.0
2002.9370 -69.8479 -93.2794 140.8 1.3 1.0 2.9
2002.9397 -73.7445 -91.7247 124.8 1.2 1.0 2.8
2002.9425 -73.8026 -94.3898 124.5 1.3 1.0 2.8
2002.9452 -72.3487 -95.7224 129.3 1.3 1.0 2.7
2002.9479 -73.1047 -93.8346 139.6 1.3 1.1 3.0
2002.9534 -68.2195 -94.9451 134.8 1.4 1.0 2.8
2002.9562 -69.7897 -94.5009 133.1 1.4 1.0 2.9
2002.9589 -75.3148 -95.6113 138.3 1.5 1.0 2.9
2002.9616 -68.9174 -96.6108 130.3 1.4 1.0 2.8
2002.9644 -73.7445 -94.0567 129.4 1.3 1.0 2.8
2002.9671 -66.3584 -90.9474 128.1 1.8 1.4 3.4
2002.9699 -70.0805 -94.5009 129.1 1.6 1.1 3.0
2002.9726 -73.5119 -97.3881 122.7 1.7 1.1 3.1
2002.9753 -69.4408 -96.7218 132.5 1.4 1.0 2.9
2002.9781 -74.5005 -91.2805 125.4 1.5 1.2 3.2
2002.9808 -69.9642 -94.834 141.8 1.5 1.0 3.0
2002.9836 -73.9771 -96.7218 132.1 1.4 1.0 2.9
2002.9863 -67.6379 -95.8334 137.4 1.5 1.1 3.0
2002.9890 -73.919 -102.274 135.5 2.1 1.4 3.4
2002.9918 -73.1629 -96.1666 130.2 1.5 1.1 2.9
2002.9945 -73.3955 -95.2782 129.6 1.5 1.1 2.9
2002.9973 -71.36 -93.2794 134.4 1.6 1.2 3.2
2003.0000 -77.4666 -93.5014 128.6 1.4 1.0 2.9
2003.0027 -73.3374 -94.1677 135.8 1.3 1.0 2.8
2003.0055 -79.0369 -93.9456 116.1 1.3 1.0 2.8
2003.0110 -73.57 -97.0549 130.1 1.4 1.0 2.8
2003.0137 -74.675 -97.9433 125.2 1.5 1.0 3.0
2003.0164 -69.8479 -97.4991 122.5 1.5 1.0 2.9
2003.0192 -63.7413 -91.2805 130.9 2.0 1.3 3.9
2003.0219 -67.2889 -94.9451 135.6 1.4 1.0 2.8
2003.0247 -63.9158 -95.1671 125.3 1.5 1.0 2.8
2003.0274 -66.9981 -96.2776 122.3 1.4 1.0 2.9
2003.0301 -67.3471 -96.2776 125.5 1.3 1.0 2.9
2003.0329 -66.8237 -96.3887 127 1.3 1.0 2.9
2003.0356 -69.2082 -95.2782 116.2 1.3 1.0 2.8
2003.0384 -71.4763 -95.5003 126.2 1.6 1.2 3.3
2003.0411 -65.4279 -96.7218 122.1 1.4 1.0 3.0
2003.0438 -72.1742 -96.4997 113.1 1.3 1.0 2.8
2003.0466 -69.6734 -97.0549 122 1.4 1.0 2.8
2003.0493 -71.0692 -98.9427 132.5 1.4 1.0 2.9
2003.0521 -68.4521 -95.0561 128.3 1.6 1.1 3.1
2003.0548 -67.0563 -96.2776 116.5 1.3 1.0 2.8
2003.0575 -71.8253 -97.9433 115.1 1.4 1.0 2.9
2003.0603 -67.9287 -97.4991 127.5 1.3 1.0 2.8
2003.0630 -70.8366 -99.3869 129.6 1.4 1.0 2.9
2003.0658 -69.15 -94.723 127.9 1.5 1.1 3.1
2003.0685 -73.4537 -101.497 126.4 1.5 1.0 3.0
2003.0712 -72.0579 -99.9422 132.4 1.5 1.0 3.0
2003.0740 -66.6492 -101.053 130.5 1.6 1.0 3.0
2003.0767 -68.5684 -95.5003 131.5 1.4 1.0 2.9
2003.0795 -74.0353 -93.2794 131.5 1.4 1.0 2.8
2003.0822 -69.3826 -95.7224 111.9 1.7 1.1 3.2
2003.0849 -77.6992 -92.391 125.3 1.4 1.0 2.9
2003.0877 -77.3503 -93.9456 121.8 1.4 1.0 3.0
2003.0904 -68.5684 -101.275 120.7 2.9 1.4 4.1
2003.0932 -81.5958 -94.3898 120.7 1.5 1.0 3.0
2003.0959 -77.0013 -97.166 128.3 1.5 1.0 3.1
2003.0986 -84.0966 -93.2794 112.2 1.4 1.0 2.8
2003.1014 -75.1984 -96.2776 113.9 1.5 1.0 2.9
2003.1041 -84.4456 -93.3904 124.3 1.4 1.0 2.9
2003.1068 -80.2 -94.0567 122 1.4 1.0 2.8
2003.1096 -71.4182 -93.8346 131.6 1.5 1.0 2.8
2003.1123 -74.0934 -100.053 130.5 1.5 1.0 3.1
2003.1151 -76.4198 -98.6096 132.6 1.5 1.0 3.0
2003.1178 -74.0353 -99.498 121.8 1.4 1.0 2.9
2003.1205 -76.3616 -97.0549 120.4 1.4 1.0 2.8
2003.1233 -71.8253 -96.3887 123 1.6 1.0 2.9
2003.1260 -81.5958 -94.3898 124.8 1.5 1.0 2.9
2003.1288 -77.4084 -95.9445 128.1 1.4 1.0 2.8
2003.1315 -71.0692 -99.8311 116.3 1.5 1.1 3.1
2003.1342 -86.1322 -91.3916 125.5 1.6 1.1 3.0
2003.1370 -74.9658 -96.1666 134.3 1.4 0.9 2.9
2003.1397 -74.0934 -95.0561 134.3 1.5 1.1 3.1
2004.2575 -85.6669 -115.156 151.8 1.6 1.0 2.9
2004.2603 -88.633 -113.046 142.8 1.2 1.0 2.7
2004.2630 -86.8882 -115.822 150.2 1.3 1.0 2.7
2004.2658 -84.0966 -115.267 145 1.6 1.0 3.0
2004.2685 -88.633 -117.71 154.6 1.3 0.9 2.7
2004.2712 -89.738 -113.268 146.5 1.3 0.9 2.6
2004.2740 -86.5974 -116.155 149.3 1.3 0.9 2.7
2004.2767 -89.3309 -114.156 150.3 1.2 0.9 2.6
2004.2795 -89.0401 -114.489 147.4 1.2 0.9 2.6
2004.2822 -84.7364 -117.932 147.9 1.2 0.9 2.7
2004.2849 -93.4601 -118.82 136 1.3 0.9 2.7
2004.2877 -92.7622 -115.6 147.1 1.3 0.9 2.7
2004.2904 -88.8074 -118.265 149.1 1.2 0.9 2.6
2004.2932 -88.9238 -119.486 149.8 1.4 1.0 2.8
2004.2959 -87.1209 -118.154 146 1.2 0.9 2.7
2004.2986 -88.4003 -118.487 151.8 1.3 1.0 2.8
2004.3014 -85.8414 -117.599 153.2 1.2 0.9 2.6
2004.3041 -86.4811 -115.6 153.2 1.2 0.9 2.6
2004.3068 -86.4811 -119.375 155 1.3 0.9 2.7
2004.3096 -84.7945 -116.932 154 1.2 0.9 2.6
2004.3123 -88.6911 -114.489 151.7 1.4 1.1 2.8
2004.3151 -89.7961 -118.154 154.3 1.3 0.9 2.7
2004.3178 -85.1435 -119.82 151 1.2 0.9 2.6
2004.3205 -90.0869 -118.154 150.5 1.2 0.9 2.6
2004.3233 -89.2727 -116.044 147.8 1.2 0.9 2.6
2004.3260 -83.9222 -118.154 146.5 1.2 0.9 2.6
2004.3288 -87.7606 -117.043 150.3 1.2 0.9 2.6
2004.3315 -87.8769 -116.377 150.8 1.2 0.9 2.6
2004.3342 -85.7251 -117.377 152.9 1.2 0.9 2.7
2004.3370 -89.8543 -116.488 150.7 1.2 0.9 2.6
2004.3397 -84.5619 -117.71 150.2 1.2 0.9 2.7
2004.3425 -91.7735 -117.265 148 1.3 1.0 2.8
2004.3452 -89.4472 -118.598 153 1.3 1.0 2.7
2004.3479 -88.9819 -118.043 151.5 1.2 0.9 2.7
2004.3507 -87.179 -118.82 160.6 1.3 0.9 2.7
2004.3534 -88.5748 -120.042 155.4 1.3 0.9 2.7
2004.3562 -87.8188 -119.597 152.7 1.3 0.9 2.7
2004.3589 -88.3422 -119.486 156 1.2 0.9 2.6
2004.3616 -85.0853 -119.709 152.7 1.2 0.9 2.6
2004.3644 -87.6443 -118.265 157.5 1.2 0.9 2.6
2004.3671 -87.179 -117.599 160 1.2 0.9 2.6
2004.3699 -86.5393 -119.264 155.2 1.2 0.9 2.6
2004.3726 -86.1903 -117.154 150.5 1.2 0.9 2.6
2004.3753 -87.5861 -119.153 159.3 1.2 0.9 2.6
2004.3781 -89.2145 -118.154 155.4 1.2 0.9 2.6
2004.3808 -87.4116 -118.709 160 1.2 0.9 2.6
2004.3836 -84.1548 -116.599 159.3 1.2 0.9 2.7
2004.3863 -87.2372 -115.822 155.2 1.3 1.0 2.8
2004.3890 -87.3535 -118.931 163.5 1.3 0.9 2.7
2004.3918 -90.2032 -118.709 158.7 1.2 0.9 2.6
2004.3945 -91.8898 -117.599 156.6 1.2 0.9 2.6
2004.3973 -91.948 -119.264 165.1 1.2 0.9 2.6
2004.4055 -89.2145 -118.82 161.8 1.2 0.9 2.7
2004.4082 -93.3438 -117.377 156.7 1.2 0.9 2.7
2004.4110 -91.0174 -116.821 164.2 1.2 0.9 2.6
2004.4137 -90.7267 -116.821 160.6 1.2 0.9 2.6
2004.4164 -92.0061 -118.487 157.8 1.2 0.9 2.6
2004.4192 -93.2275 -117.154 157.4 1.2 0.9 2.7
2004.4219 -94.0998 -117.265 159.7 1.2 0.9 2.6
2004.4247 -95.7864 -116.821 159.7 1.2 0.9 2.6
2004.4274 -94.2161 -118.709 158.4 1.2 0.9 2.6
2004.4301 -88.6911 -120.708 158.5 1.2 0.9 2.6
2004.4329 -88.1095 -118.265 154.9 1.2 0.9 2.7
2004.4356 -90.9011 -116.71 161.3 1.3 0.9 2.7
2004.4384 -91.3082 -119.486 162.7 1.3 0.9 2.7
2004.4411 -90.5522 -120.708 162.9 1.2 0.9 2.6
2004.4438 -95.0885 -115.6 155.8 1.4 1.0 2.8
2004.4466 -91.6572 -118.154 159.2 1.2 0.9 2.6
2004.4493 -93.6927 -119.931 160.2 1.2 0.9 2.6
2004.4521 -93.2856 -120.708 160.6 1.3 0.9 2.6
2004.4548 -89.8543 -119.264 158.8 1.3 1.0 2.8
2004.4575 -89.9124 -118.376 156.3 1.3 0.9 2.8
2004.4603 -93.9835 -116.488 164.6 1.4 1.0 2.9
2004.4630 -92.9948 -120.708 161.3 1.2 0.9 2.6
2004.4658 -94.158 -117.932 160.2 1.3 0.9 2.7
2004.4685 -92.0061 -117.71 162 1.3 0.9 2.6
2004.4712 -94.5069 -118.709 162.5 1.3 0.9 2.6
2004.4740 -90.3777 -120.264 166.1 1.3 0.9 2.6
2004.4767 -93.2856 -117.599 162.1 1.2 0.9 2.7
2004.4795 -90.6103 -119.042 159.7 1.2 0.9 2.7
2004.4822 -97.9383 -117.154 165.4 1.2 0.9 2.6
2004.4849 -90.3777 -114.711 163.6 1.2 0.9 2.7
2004.4877 -88.4003 -117.599 161 1.3 0.9 2.7
2004.4904 -94.7977 -117.599 163.1 1.3 0.9 2.7
2004.4932 -96.3098 -116.488 158.7 1.3 0.9 2.7
2004.4959 -95.263 -118.709 159.5 1.3 0.9 2.7
2004.4986 -92.5877 -119.042 164.7 1.2 0.9 2.6
2004.5014 -95.7864 -117.265 156.8 1.2 0.9 2.6
2004.5041 -95.6701 -115.933 163 1.2 0.9 2.6
2004.5068 -96.8914 -117.488 165.8 1.2 0.9 2.6
2004.5096 -97.4148 -119.486 166.1 1.2 0.9 2.6
2004.5123 -92.0643 -118.487 170.8 1.2 0.9 2.6
2004.5151 -97.124 -116.155 164 1.2 0.9 2.6
2004.5178 -92.704 -121.485 164.6 1.2 0.9 2.7
2004.5205 -95.0885 -118.931 165.9 1.2 0.9 2.6
2004.5233 -97.6475 -120.264 169.1 1.2 0.9 2.6
2004.5260 -94.3325 -121.596 165.7 1.2 0.9 2.6
2004.5288 -96.7169 -118.376 161.7 1.2 0.9 2.6
2004.5315 -90.7848 -120.264 162.9 1.2 0.9 2.7
2004.5342 -96.4262 -119.597 164.6 1.3 0.9 2.6
2004.5370 -95.9027 -120.93 171.3 1.2 0.9 2.6
2004.5397 -92.704 -120.819 163.1 1.2 0.9 2.6
2004.5425 -97.473 -120.153 164.5 1.4 0.9 2.8
2004.5452 -94.6232 -122.707 160 1.4 0.9 2.8
2004.5479 -98.927 -120.153 162.9 1.2 0.9 2.6
2004.5507 -89.1564 -120.819 166.1 1.3 0.9 2.7
2004.5534 -96.0772 -118.82 166.8 1.2 0.9 2.6
2004.5562 -95.6119 -119.486 169.3 1.2 0.9 2.6
2004.5589 -92.8785 -119.153 161.3 1.3 0.9 2.6
2004.5616 -93.5764 -120.486 177.4 1.7 1.2 3.0
2004.5644 -96.7169 -123.04 155.5 1.4 0.9 2.7
2004.5671 -87.2953 -119.82 159.8 3.6 2.0 5.0
2004.5699 -96.3098 -122.596 175.6 1.3 0.9 2.7
2004.5726 -96.019 -121.929 170.1 2.4 1.7 4.2
2004.5753 -94.3325 -118.154 168.9 1.2 0.9 2.6
2004.5781 -96.2517 -120.375 165.6 1.2 0.9 2.6
2004.5808 -94.7977 -121.374 168.5 1.2 0.9 2.6
2004.5836 -94.5069 -122.707 168.5 1.2 0.9 2.6
2004.5863 -94.6814 -122.929 171.8 1.2 0.9 2.5
2004.5890 -94.3325 -120.597 170.6 1.2 0.9 2.6
2004.5918 -96.6588 -123.928 172.9 1.2 0.9 2.6
2004.5945 -96.7751 -124.261 172.8 1.2 0.9 2.6
2004.5973 -96.8914 -124.261 170.1 1.3 0.9 2.8
2004.6000 -98.8106 -123.817 172.2 1.3 0.9 2.6
2004.6027 -96.6588 -123.817 178 1.4 1.0 2.8
2004.6055 -95.4956 -124.15 168.5 1.2 0.9 2.6
2004.6082 -96.3098 -123.706 169.6 1.2 0.9 2.6
2004.6110 -93.2275 -122.596 168.9 1.2 0.9 2.6
2004.6137 -93.053 -125.594 174.5 1.2 0.9 2.6
2004.6164 -95.4375 -124.372 174.1 1.2 0.9 2.6
2004.6192 -96.1354 -123.262 171.5 1.2 0.9 2.6
2004.6219 -96.7169 -124.372 173.2 1.2 0.9 2.6
2004.6247 -94.3906 -125.483 175.2 1.2 0.9 2.6
2004.6274 -95.5538 -123.817 169.9 1.2 0.9 2.6
2004.6301 -93.1693 -124.817 179.8 1.2 0.9 2.5
2004.6329 -91.1338 -124.595 181.3 1.2 0.9 2.6
2004.6356 -96.4843 -125.594 183 1.2 0.9 2.6
2004.6384 -92.704 -124.595 172.3 1.3 0.9 2.7
2004.6411 -91.1919 -124.706 180 1.3 0.9 2.6
2004.6438 -90.3195 -127.038 188.5 1.3 0.9 2.6
2004.6466 -93.1111 -124.595 182.4 1.2 0.9 2.6
2004.6493 -96.6588 -123.262 183 1.3 0.9 2.7
2004.6521 -95.3793 -126.038 186.5 1.2 0.9 2.6
2004.6548 -95.6119 -128.037 179.2 1.2 0.9 2.6
2004.6575 -93.053 -125.816 175.3 1.3 0.9 2.6
2004.6603 -94.8559 -127.704 180.7 1.3 0.9 2.7
2004.6630 -97.9383 -124.928 181.4 1.3 0.9 2.7
2004.6658 -93.6927 -123.928 179.5 1.7 1.2 3.2
2004.6685 -94.158 -123.373 178.6 1.4 1.0 2.8
2004.6712 -94.3906 -126.26 182.5 1.2 0.9 2.6
2004.6740 -97.8801 -128.37 183.9 1.2 0.9 2.6
2004.6767 -98.4035 -127.593 188.9 1.2 0.9 2.6
2004.6795 -94.0417 -124.039 180.2 1.2 0.9 2.6
2004.6822 -95.4375 -124.817 181.8 1.3 0.9 2.6
2004.6849 -91.8898 -123.484 175.4 1.3 0.9 2.7
2004.6877 -95.7864 -124.261 177.8 1.3 0.9 2.6
2004.6904 -97.0659 -126.149 186.9 1.2 0.9 2.6
2004.6932 -95.9027 -126.149 182.9 1.2 0.9 2.6
2004.6959 -92.9948 -125.483 180.5 1.2 0.9 2.6
2004.6986 -96.1935 -127.704 187.3 1.2 0.9 2.6
2004.7014 -95.2048 -123.595 186.9 1.2 0.9 2.6
2004.7041 -95.0885 -125.15 186.7 1.2 0.9 2.6
2004.7068 -93.1693 -123.928 180.6 1.4 1.0 2.7
2004.7096 -94.6232 -124.039 175.1 1.2 0.9 2.6
2004.7123 -94.7396 -123.484 176.7 1.3 0.9 2.6
2004.7151 -97.2985 -125.261 180.5 1.2 0.9 2.6
2004.7178 -95.0304 -125.15 180.8 1.2 0.9 2.6
2004.7205 -95.1467 -124.261 183.8 1.2 0.9 2.5
2004.7233 -100.439 -127.371 182.4 1.3 0.9 2.6
2004.7260 -92.0643 -127.371 188.4 1.2 0.9 2.6
2004.7288 -92.5877 -122.374 171.7 1.2 0.9 2.6
2004.7315 -95.6701 -125.372 181.8 1.2 0.9 2.6
2004.7342 -96.8333 -123.817 183.1 1.2 0.9 2.6
2004.7370 -94.7396 -125.039 172.4 1.2 0.9 2.6
2004.7397 -95.1467 -127.482 179.2 1.2 0.9 2.5
2004.7425 -94.9722 -127.26 175.5 1.2 0.9 2.6
2004.7452 -94.5069 -124.484 180.3 1.2 0.9 2.6
2004.7479 -93.2275 -123.262 183.6 1.2 0.9 2.6
2004.7507 -94.158 -123.484 178.1 1.2 0.9 2.6
2004.7534 -96.2517 -121.929 182.8 1.3 1.0 2.6
2004.7562 -95.7283 -121.707 178.1 1.2 0.9 2.6
2004.7589 -97.6475 -124.484 185.9 1.2 0.9 2.7
2004.7616 -93.5764 -123.928 181.1 1.2 0.9 2.6
2004.7644 -97.1822 -126.593 188.6 1.2 0.9 2.6
2004.7671 -96.7169 -124.595 180.4 1.2 0.9 2.5
2004.7699 -100.148 -123.04 181.2 1.2 0.9 2.5
2004.7726 -97.7056 -125.816 182.4 1.3 0.9 2.6
2004.7753 -97.9383 -125.372 182.3 1.3 0.9 2.6
2004.7781 -99.6248 -124.817 189.8 1.2 0.9 2.6
2004.7808 -94.914 -125.927 186.5 1.2 0.9 2.6
2004.7836 -96.7751 -126.816 186.8 1.3 0.9 2.7
2004.7863 -93.9254 -123.595 182.4 1.3 1.0 2.8
2004.7890 -94.0998 -123.706 182.1 1.4 1.0 2.7
2004.7918 -95.4956 -124.372 179.1 1.3 1.0 2.6
2004.7945 -96.1935 -125.15 186.1 1.3 0.9 2.5
2004.7973 -96.7751 -126.816 185.4 1.2 0.9 2.6
2004.8000 -100.497 -128.814 187.6 1.2 0.9 2.6
2004.8027 -96.3098 -130.147 189.6 1.3 0.9 2.6
2004.8055 -95.9027 -125.372 181 1.3 1.0 2.7
2004.8082 -94.0998 -129.036 187.9 1.2 0.9 2.6
2004.8110 -96.019 -127.704 186.6 1.2 0.9 2.6
2004.8137 -99.1014 -127.482 181.9 1.2 0.9 2.6
2004.8164 -94.914 -126.482 185.8 1.2 0.9 2.6
2004.8192 -95.5538 -125.15 177.5 1.2 0.9 2.6
2004.8219 -94.2161 -128.481 188.3 1.3 0.9 2.7
2004.8247 -97.1822 -126.593 181.1 1.3 1.0 2.7
2004.8274 -97.8219 -127.26 177.4 1.2 0.9 2.6
2004.8301 -93.9254 -127.26 178.4 1.3 1.1 2.9
2004.8329 -95.0304 -126.816 186 1.3 1.0 2.7
2004.8356 -96.9496 -125.483 176.7 1.2 0.9 2.6
2004.8384 -92.9367 -129.147 176.5 1.2 0.9 2.6
2004.8411 -96.0772 -126.927 189.7 1.2 0.9 2.6
2004.8438 -94.4488 -125.927 185.2 1.2 0.9 2.6
2004.8466 -90.6103 -128.148 177.5 1.2 0.9 2.5
2004.8493 -93.6346 -125.039 192 1.2 0.9 2.6
2004.8521 -96.7169 -123.04 192.3 1.3 0.9 2.6
2004.8548 -92.1806 -124.484 179.7 1.4 0.9 2.7
2004.8575 -87.2953 -122.263 174.4 2.0 1.5 3.8
2004.8603 -88.3422 -130.924 190.1 2.4 1.4 3.7
2004.8630 -94.8559 -124.817 168.8 2.6 1.6 4.1
2004.8658 -90.0288 -124.261 179.4 1.3 0.9 2.6
2004.8685 -93.053 -126.149 186.4 1.4 1.0 2.6
2004.8712 -90.7848 -126.482 181.6 1.3 0.9 2.5
2004.8740 -93.1693 -125.483 179.1 1.2 0.9 2.6
2004.8767 -93.809 -124.928 188.9 1.3 0.9 2.6
2004.8795 -95.4375 -126.26 178.9 1.2 0.9 2.6
2004.8822 -100.148 -128.148 182.2 1.2 0.9 2.5
2004.8849 -94.7396 -124.261 179.9 1.3 0.9 2.6
2004.8877 -93.053 -125.927 176 1.3 0.9 2.6
2004.8904 -93.6927 -126.371 185.5 1.4 0.9 2.6
2004.8932 -96.368 -123.595 179.9 1.3 0.9 2.6
2004.8959 -92.9948 -124.928 180.4 1.3 0.9 2.5
2004.8986 -93.9254 -124.261 181 1.2 0.9 2.5
2004.9014 -96.5425 -122.929 184.2 1.3 0.9 2.6
2004.9041 -91.8898 -125.261 176.8 1.4 1.0 2.7
2004.9068 -99.1014 -122.818 176.3 1.3 0.9 2.5
2004.9096 -93.053 -120.264 177.2 1.3 0.9 2.6
2004.9123 -96.1935 -127.149 180.6 1.3 0.9 2.6
2004.9151 -98.4617 -124.595 184.4 1.2 0.9 2.5
2004.9178 -95.7283 -122.374 182.7 1.2 0.9 2.6
2004.9205 -94.6814 -123.04 188.6 1.2 1.0 2.6
2004.9233 -95.7864 -123.595 189.3 1.3 0.9 2.6
2004.9260 -94.0417 -123.151 186.6 1.2 0.9 2.6
2004.9288 -90.2032 -125.15 181.3 1.2 0.9 2.5
2004.9315 -93.1693 -125.039 179.8 1.2 0.9 2.5
2004.9342 -92.8785 -124.595 182.9 1.4 1.0 2.6
2004.9370 -95.263 -126.26 192.8 1.3 0.9 2.6
2004.9397 -96.1354 -124.595 186.9 1.4 1.0 2.7
2004.9425 -99.0433 -124.261 190.5 1.3 0.9 2.6
2004.9452 -96.6006 -125.594 180.8 1.3 1.0 2.7
2004.9479 -99.9156 -124.706 179.2 1.3 0.9 2.6
2004.9507 -100.614 -123.595 176.9 1.3 1.0 2.7
2004.9534 -100.962 -123.595 182.7 1.3 0.9 2.6
2004.9562 -98.8688 -124.595 184.9 1.3 0.9 2.6
2004.9589 -98.1127 -125.15 184.8 1.3 0.9 2.6
2004.9616 -97.9383 -124.261 178.4 1.2 0.9 2.6
2004.9644 -101.777 -125.15 179.9 1.2 0.9 2.6
2004.9671 -102.242 -125.261 180.2 1.2 0.9 2.6
2004.9699 -102.009 -125.927 178.6 1.2 0.9 2.5
2004.9726 -98.0546 -124.817 182.5 1.2 0.9 2.5
2004.9753 -99.9156 -125.927 176.2 1.3 0.9 2.6
2004.9781 -96.6588 -124.261 183.5 1.4 0.9 2.7
2004.9808 -101.195 -128.703 174.2 1.2 0.9 2.5
2004.9836 -103.172 -126.927 179.8 1.3 0.9 2.5
2004.9863 -104.336 -126.26 184 1.2 0.9 2.5
2004.9890 -98.1127 -128.037 178.5 1.3 0.9 2.6
2004.9918 -100.323 -123.817 192.8 1.3 0.9 2.6
2004.9945 -97.6475 -128.037 176 1.4 1.0 2.8
2004.9973 -98.6362 -130.147 185.1 1.4 1.0 2.7
2005.0000 -100.73 -131.702 179.8 1.3 0.9 2.6
2005.0027 -101.311 -128.481 178.8 1.3 0.9 2.6
2005.0055 -94.158 -129.925 177.2 1.4 1.0 2.9
2005.0082 -95.9609 -131.591 177 1.3 0.9 2.7
2005.0110 -98.5198 -129.259 176.3 1.3 0.9 2.7
2005.0137 -98.8688 -128.037 184.3 1.3 0.9 2.7
2005.0164 -104.685 -132.146 180.6 1.3 0.9 2.7
2005.0192 -98.5198 -130.147 180.9 1.3 1.0 2.7
2005.0219 -91.4246 -129.703 170.8 1.7 1.0 2.8
2005.0247 -100.032 -132.368 178.5 1.2 0.9 2.6
2005.0274 -99.683 -132.035 183.5 1.2 0.9 2.6
2005.0301 -97.124 -132.812 179.8 1.3 0.9 2.6
2005.0329 -103.638 -133.256 169 1.6 1.0 2.8
2005.0356 -96.6006 -132.923 175.1 1.3 0.9 2.6
2005.0384 -95.2048 -133.811 184.6 1.2 0.9 2.6
2005.0411 -95.7864 -132.812 182.4 1.3 0.9 2.6
2005.0438 -94.4488 -135.144 188.2 1.3 0.9 2.6
2005.0466 -89.7961 -137.032 194.4 1.8 1.0 3.1
2005.0493 -99.1596 -136.81 174.2 2.1 1.1 3.0
2005.0521 -100.73 -138.698 181 1.9 1.1 3.1
2005.0548 -92.1225 -142.473 175 1.4 0.9 2.7
2005.0575 -91.3082 -138.475 180.4 1.5 1.0 2.7
2005.0603 -92.6459 -131.368 183.6 1.3 0.9 2.7
2005.0630 -98.927 -130.924 180.7 1.2 0.9 2.6
2005.0658 -97.7056 -131.257 176.7 1.3 0.9 2.6
2005.0685 -97.8801 -132.812 170.7 1.2 0.9 2.6
2005.0712 -99.4504 -130.036 179.1 1.3 0.9 2.6
2005.0740 -96.6006 -129.592 182.6 1.3 0.9 2.7
2005.0767 -94.0417 -132.923 181.5 1.3 0.9 2.7
2005.0795 -100.032 -127.371 185.7 1.3 0.9 2.6
2005.0822 -99.9156 -130.147 183.4 1.3 0.9 2.5
2005.0849 -100.265 -132.59 170.4 1.3 0.9 2.6
2005.0877 -100.206 -128.703 179 1.3 0.9 2.6
2005.0904 -103.696 -132.257 187.8 1.2 0.9 2.5
2005.0932 -102.882 -130.48 185.3 1.2 0.9 2.6
2005.0959 -99.8575 -132.812 178.3 1.2 0.9 2.5
2005.0986 -98.9851 -130.702 174.4 1.2 0.9 2.5
2005.1014 -100.09 -131.257 180.2 1.3 0.9 2.6
2005.1041 -96.7169 -129.925 178.3 1.3 0.9 2.6
2005.1068 -95.0885 -134.034 184.5 1.4 0.9 2.6
2005.1096 -97.473 -131.146 186.7 1.3 0.9 2.6
2005.1123 -96.7751 -131.257 175.1 1.3 0.9 2.6
2005.1151 -99.9156 -130.591 178.4 1.2 0.9 2.6
2005.1178 -100.614 -132.701 181.3 1.2 0.9 2.5
2005.1205 -101.602 -129.259 178.9 1.3 0.9 2.5
2005.1233 -98.4617 -132.146 181.3 1.3 0.9 2.6
2005.1260 -98.578 -130.147 184.8 1.3 0.9 2.6
2005.1288 -98.2291 -130.258 180.3 1.3 0.9 2.6
2005.1315 -94.8559 -128.481 179.9 1.3 1.0 2.6
2005.1342 -94.7396 -129.481 174.7 1.8 1.2 3.2
2005.1370 -97.0077 -129.592 180 1.3 0.9 2.6
2005.1397 -99.0433 -129.592 178.4 1.2 0.9 2.6
2005.1425 -100.672 -130.813 180.4 1.2 0.9 2.6
2005.1452 -96.3098 -129.147 173.7 1.3 0.9 2.6
2005.1479 -97.473 -128.259 174.8 1.3 0.9 2.6
2005.1507 -94.6232 -130.702 172.3 1.2 0.9 2.6
2005.1534 -99.683 -126.26 181.7 1.2 0.9 2.6
2005.1562 -98.8688 -130.48 176.7 1.3 0.9 2.6
2005.1589 -99.0433 -126.927 174.8 1.2 0.9 2.6
2005.1616 -99.2177 -129.481 177.6 1.3 0.9 2.6
2005.1644 -98.9851 -127.926 174.6 1.2 0.9 2.6
2005.1671 -99.2759 -128.259 180.8 1.3 0.9 2.6
2005.1699 -102.998 -128.037 176.5 1.2 0.9 2.6
2005.1726 -99.2759 -131.035 174.8 1.2 0.9 2.6
2005.1753 -101.37 -127.371 179.3 1.3 0.9 2.6
2005.1781 -99.3341 -128.148 175.7 1.5 1.0 2.8
2005.1808 -96.3098 -124.261 180.6 1.3 0.9 2.7
2005.1836 -98.4035 -130.924 181.6 1.3 1.0 2.7
2005.1863 -99.6248 -130.591 178.5 1.3 1.0 2.7
2005.1890 -101.021 -127.704 184.4 1.3 0.9 2.6
2005.1918 -103.929 -125.039 174.2 1.3 0.9 2.6
2005.1945 -99.5085 -127.593 179.8 1.3 0.9 2.5
2005.1973 -98.927 -126.26 175 1.2 0.9 2.6
2005.2000 -98.1709 -126.593 180.6 1.3 1.0 2.7
2005.2027 -102.94 -127.815 182.5 1.3 0.9 2.7
2005.2055 -99.7412 -131.702 183.9 1.3 1.0 2.6
2005.2082 -98.578 -128.481 178.2 1.3 0.9 2.7
2005.2110 -100.381 -129.147 183.6 1.3 0.9 2.6
2005.2137 -97.1822 -131.591 197.7 1.3 0.9 2.6
2005.2164 -101.253 -131.257 182.7 1.3 0.9 2.6
2005.2192 -99.3922 -132.146 184.3 1.2 0.9 2.6
2005.2219 -98.2291 -130.591 180.2 1.3 0.9 2.6
2005.2247 -99.6248 -130.369 178.2 1.3 0.9 2.6
2005.2274 -100.381 -129.925 176.8 1.2 0.9 2.6
2005.2301 -101.893 -130.591 178.9 1.2 0.9 2.5
2005.2329 -97.7638 -131.368 182.6 1.3 0.9 2.6
2005.2356 -101.835 -132.812 179.8 1.2 0.9 2.6
2005.2384 -104.277 -127.815 181.1 1.2 0.9 2.6
2005.2411 -101.37 -129.925 186.2 1.3 0.9 2.6
2005.2438 -97.7638 -129.814 183.6 1.3 0.9 2.5
2005.2466 -101.951 -131.368 176.4 1.2 0.9 2.7
2005.2493 -99.1596 -130.147 180.6 1.3 0.9 2.6
2005.2521 -103.812 -129.925 185.9 1.3 1.0 2.8
2005.2548 -100.439 -130.036 178.7 1.2 0.9 2.6
2005.2575 -101.021 -129.147 180.5 1.3 1.0 2.8
2005.2603 -95.5538 -130.924 176.2 1.4 1.0 2.8
2005.2630 -94.158 -124.928 173 1.3 0.9 2.6
2005.2658 -99.3341 -126.593 180.6 1.3 1.0 2.7
2005.2712 -99.7412 -129.147 174.1 1.2 0.9 2.6
2005.2740 -96.6588 -130.369 177.6 1.2 0.9 2.6
2005.2767 -99.9156 -131.924 177.7 1.2 0.9 2.6
2005.2822 -97.2985 -130.591 172.7 1.4 1.0 2.8
2005.2849 -101.428 -130.591 179.4 1.3 1.0 2.7
2005.2877 -101.66 -130.147 177 1.2 0.9 2.6
2005.2904 -103.231 -131.591 181.7 1.2 0.9 2.6
2005.2932 -95.4956 -134.478 177.9 1.3 0.9 2.6
2005.2959 -96.8333 -133.256 182.2 1.2 0.9 2.6
2005.2986 -100.73 -130.369 174.9 1.2 0.9 2.6
2005.3014 -97.7638 -131.479 176.8 1.4 1.0 2.6
2005.3041 -100.904 -134.256 174.4 1.2 0.9 2.6
2005.3068 -100.206 -132.257 179 1.2 0.9 2.6
2005.3096 -102.591 -127.149 174.6 1.2 0.9 2.6
2005.3123 -101.253 -128.037 178.4 1.2 0.9 2.6
2005.3151 -99.1596 -128.037 183.3 1.3 0.9 2.6
2005.3178 -99.9738 -132.146 181.7 1.3 0.9 2.6
2005.3205 -97.9383 -129.814 179.9 1.3 0.9 2.7
2005.3233 -102.009 -130.591 187.1 1.3 0.9 2.6
2005.3260 -100.904 -132.923 181.8 1.3 0.9 2.6
2005.3288 -102.475 -130.591 184.7 1.3 0.9 2.7
2005.3315 -102.126 -132.035 183.9 1.4 0.9 2.7
2005.3342 -101.544 -132.479 182.3 1.3 0.9 2.7
2005.3370 -100.672 -132.812 181.6 1.3 1.0 2.7
2005.3397 -98.7525 -130.702 185.9 1.3 0.9 2.6
2005.3425 -100.962 -132.368 182.7 1.3 0.9 2.6
2005.3452 -100.09 -130.036 185.6 1.3 0.9 2.6
2005.3479 -101.951 -130.591 183 1.2 0.9 2.6
2005.3507 -109.628 -126.704 177.3 2.0 1.3 3.4
2005.3534 -101.893 -130.591 184.9 1.3 0.9 2.7
2005.3562 -103.172 -130.258 181.7 1.3 0.9 2.7
2005.3589 -103.696 -130.258 185.2 1.3 0.9 2.7
2005.3616 -104.452 -133.367 182.5 1.3 0.9 2.6
2005.3644 -104.161 -130.036 182.1 1.3 1.0 2.7
2005.3671 -103.405 -132.146 182.4 1.3 0.9 2.7
2005.3699 -102.184 -130.036 180.9 1.5 1.2 3.1
2005.3726 -101.079 -133.367 189.5 1.5 1.0 2.8
2005.3753 -103.58 -131.146 185.9 1.5 1.0 2.9
2005.3781 -107.534 -131.146 192.2 1.4 1.0 2.7
2005.3808 -105.383 -133.145 182.5 1.2 0.9 2.6
2005.3836 -100.788 -131.479 187.3 1.4 1.0 2.9
2005.3863 -103.114 -128.259 184 1.4 1.1 2.9
2005.3890 -103.405 -131.591 175.3 1.3 0.9 2.6
2005.3918 -100.614 -132.257 179 1.2 0.9 2.6
2005.3945 -103.58 -132.812 180.7 1.2 0.9 2.6
2005.3973 -105.266 -131.813 181.5 1.2 0.9 2.6
2005.4000 -105.906 -132.146 183.6 1.2 0.9 2.6
2005.4027 -105.731 -132.479 185 1.2 0.9 2.6
2005.4055 -104.277 -130.147 182.3 1.2 0.9 2.6
2005.4082 -104.51 -132.368 183.9 1.3 0.9 2.6
2005.4110 -105.906 -128.592 186.5 1.7 1.2 3.2
2005.4137 -107.127 -133.145 187.1 1.4 0.9 2.6
2005.4164 -104.161 -130.924 181.8 1.2 0.9 2.6
2005.4192 -104.161 -132.035 182.3 1.2 0.9 2.6
2005.4219 -103.696 -132.479 190.7 1.2 0.9 2.5
2005.4247 -103.58 -132.923 186.6 1.2 0.9 2.6
2005.4274 -104.394 -132.257 176.7 1.3 0.9 2.6
2005.4301 -104.452 -131.924 189.5 1.3 0.9 2.6
2005.4329 -106.778 -133.811 185.9 1.3 0.9 2.6
2005.4356 -104.161 -133.589 193.8 1.2 0.9 2.6
2005.4384 -110.268 -132.479 190.2 1.2 0.9 2.6
2005.4411 -101.66 -135.255 185.1 1.2 0.9 2.6
2005.4438 -108.116 -133.478 188.8 1.3 0.9 2.6
2005.4466 -104.452 -133.367 190.1 1.4 1.0 2.7
2005.4493 -106.255 -132.146 182.2 1.6 1.0 2.8
2005.4521 -104.103 -132.701 190 1.2 0.9 2.6
2005.4548 -108.174 -133.034 184.9 1.3 0.9 2.7
2005.4575 -105.615 -132.479 188.8 1.3 1.0 2.7
2005.4603 -105.383 -132.701 187 1.3 0.9 2.6
2005.4630 -104.161 -132.59 190.5 1.3 0.9 2.6
2005.4658 -104.743 -133.922 187 1.3 0.9 2.6
2005.4685 -111.664 -134.589 189.5 1.3 0.9 2.6
2005.4740 -108.29 -133.922 193.2 1.3 0.9 2.6
2005.4767 -104.917 -125.039 197 3.1 2.4 4.8
2005.4795 -108.232 -133.256 195.4 1.3 0.9 2.6
2005.4822 -107.069 -133.811 193.4 1.3 0.9 2.6
2005.4849 -103.463 -134.034 195.1 1.3 0.9 2.6
2005.4877 -107.244 -133.256 195.7 1.2 0.9 2.6
2005.4904 -105.266 -131.813 190.9 1.3 0.9 2.6
2005.4932 -106.197 -132.923 187.4 1.2 0.9 2.6
2005.4959 -107.593 -133.7 186.4 1.2 0.9 2.5
2005.4986 -106.139 -133.367 190.9 1.3 0.9 2.6
2005.5014 -107.185 -134.034 190.5 1.3 0.9 2.6
2005.5041 -106.546 -134.478 190.3 1.3 0.9 2.6
2005.5068 -109.279 -133.811 188.3 1.2 0.9 2.6
2005.5096 -107.941 -135.588 194.3 1.3 0.9 2.6
2005.5123 -107.011 -134.256 191.2 1.2 0.9 2.6
2005.5151 -111.082 -133.589 190.6 1.3 0.9 2.6
2005.5178 -114.106 -135.033 197.9 1.3 0.9 2.6
2005.5205 -104.045 -134.7 196.6 1.6 1.0 2.8
2005.5233 -97.5893 -135.477 195.6 1.7 1.1 3.0
2005.5260 -106.197 -136.588 194.7 1.3 0.9 2.6
2005.5288 -102.242 -133.922 197.5 1.8 1.2 3.0
2005.5315 -107.36 -134.922 200 1.5 1.0 2.7
2005.5342 -110.268 -133.922 191.6 1.2 0.9 2.6
2005.5370 -109.221 -136.032 190.2 1.2 0.9 2.5
2005.5397 -110.268 -135.255 198.3 1.2 0.9 2.6
2005.5425 -105.673 -135.255 195.3 1.4 0.9 2.7
2005.5452 -103.812 -134.478 191.5 1.5 1.0 2.9
2005.5479 -105.964 -135.921 196.3 1.2 0.9 2.6
2005.5507 -107.767 -136.81 197.9 1.3 0.9 2.6
2005.5534 -107.185 -136.254 192.7 1.3 0.9 2.6
2005.5589 -110.151 -137.254 197.8 1.2 0.9 2.6
2005.5616 -106.895 -134.256 188.7 1.2 0.9 2.6
2005.5644 -107.825 -135.921 194.2 1.2 0.9 2.6
2005.5671 -108.058 -133.922 186.9 1.3 0.9 2.8
2005.5699 -108 -134.922 195.2 1.3 0.9 2.8
2005.5726 -106.429 -135.81 192.9 1.4 1.0 2.8
2005.5753 -108.232 -135.255 192.8 1.3 0.9 2.6
2005.5781 -109.803 -135.699 190.1 1.3 0.9 2.6
2005.5808 -111.547 -135.699 188.4 1.3 0.9 2.6
2005.5836 -105.499 -137.809 197.5 1.3 0.9 2.6
2005.5863 -99.9156 -138.92 196 1.4 0.9 2.7
2005.5890 -102.882 -137.698 199.7 1.2 0.9 2.5
2005.5918 -105.034 -140.03 192.8 1.4 0.9 2.6
2005.5945 -104.975 -135.477 194.7 1.2 0.9 2.6
2005.5973 -98.4617 -136.366 190.4 1.3 0.9 2.6
2005.6000 -104.103 -136.81 192.3 1.3 0.9 2.7
2005.6027 -105.383 -138.364 194.3 1.2 0.9 2.6
2005.6055 -104.917 -136.699 201.8 1.4 0.9 2.7
2005.6082 -100.614 -139.142 204 1.6 1.1 3.1
2005.6110 -108.29 -138.253 197.8 1.3 0.9 2.7
2005.6137 -109.57 -137.698 202 1.4 0.9 2.7
2005.6164 -104.103 -137.698 201.9 1.3 0.9 2.7
2005.6192 -106.371 -136.032 198.9 1.3 0.9 2.6
2005.6219 -106.778 -136.366 195.7 1.2 0.9 2.6
2005.6247 -106.72 -136.588 199.4 1.3 0.9 2.7
2005.6274 -105.15 -138.364 200.1 1.3 0.9 2.6
2005.6301 -105.034 -137.587 201.6 1.3 0.9 2.7
2005.6329 -104.51 -137.476 184.9 1.3 0.9 2.6
2005.6356 -108 -134.811 199.8 1.2 0.9 2.6
2005.6384 -103.929 -139.586 202.7 1.3 0.9 2.6
2005.6411 -106.72 -137.032 200.4 1.3 0.9 2.6
2005.6438 -103.172 -138.586 202.3 1.3 0.9 2.6
2005.6466 -106.662 -141.585 197.4 1.6 1.2 3.1
2005.6493 -107.709 -138.364 208.7 1.3 0.9 2.6
2005.6521 -103.812 -132.146 199.8 1.2 0.9 2.6
2005.6548 -106.662 -137.476 203.1 1.3 0.9 2.6
2005.6575 -107.825 -139.031 205.5 1.3 0.9 2.6
2005.6603 -106.836 -138.475 200.4 1.2 0.9 2.6
2005.6630 -105.208 -137.476 203.5 1.3 0.9 2.5
2005.6658 -103.87 -137.143 198.5 1.5 1.1 2.9
2005.6685 -107.011 -137.032 202.4 1.3 0.9 2.6
2005.6712 -104.452 -138.364 195.3 1.3 0.9 2.6
2005.6740 -102.765 -136.699 196.1 1.3 0.9 2.6
2005.6767 -106.895 -137.809 206 1.4 1.0 2.7
2005.6795 -103.696 -139.031 201.7 1.2 0.9 2.6
2005.6822 -104.277 -136.254 198.2 1.3 0.9 2.6
2005.6849 -104.801 -132.701 200.8 1.3 0.9 2.7
2005.6877 -107.825 -134.589 203.7 1.2 0.9 2.6
2005.6904 -106.836 -134.811 196.7 1.2 0.9 2.6
2005.6932 -106.546 -138.92 210.3 1.4 0.9 2.7
2005.6959 -105.615 -134.811 189.6 1.9 1.6 3.9
2005.6986 -105.673 -137.143 197.5 1.7 1.1 3.0
2005.7014 -111.14 -139.364 201.1 1.7 1.3 3.0
2005.7041 -105.557 -136.588 201.9 1.3 1.0 2.7
2005.7068 -106.139 -134.367 205.2 1.4 1.1 2.9
2005.7096 -103.929 -137.143 203 1.3 0.9 2.6
2005.7123 -106.72 -137.92 196.2 1.2 0.9 2.6
2005.7151 -107.825 -138.698 201.5 1.2 0.9 2.6
2005.7178 -109.337 -135.699 196.3 1.2 0.9 2.7
2005.7205 -106.488 -132.479 196.8 1.2 0.9 2.6
2005.7233 -108.698 -135.033 197.3 1.2 0.9 2.6
2005.7260 -106.778 -136.921 196.7 1.2 0.9 2.6
2005.7288 -108.814 -136.588 202.9 1.3 0.9 2.6
2005.7315 -109.919 -136.699 201.9 1.2 0.9 2.6
2005.7342 -101.137 -140.696 201.4 1.2 0.9 2.6
2005.7370 -105.557 -138.253 203.8 1.2 0.9 2.6
2005.7397 -106.197 -135.588 206.8 1.3 0.9 2.6
2005.7425 -107.534 -138.92 201.3 1.3 0.9 2.6
2005.7452 -108.116 -136.921 210.9 1.3 0.9 2.6
2005.7479 -108.639 -138.031 200.9 1.2 0.9 2.6
2005.7507 -105.266 -135.366 202.8 1.2 0.9 2.5
2005.7534 -106.371 -136.143 204 1.3 0.9 2.6
2005.7562 -105.383 -137.143 204.3 1.3 0.9 2.6
2005.7589 -104.917 -139.142 210.1 1.3 0.9 2.6
2005.7616 -107.534 -141.141 206.2 1.2 0.9 2.5
2005.7644 -107.941 -137.254 199.7 1.3 0.9 2.6
2005.7671 -106.836 -137.365 204.1 1.2 0.9 2.6
2005.7699 -108.93 -139.586 205.6 1.4 1.0 2.7
2005.7726 -107.883 -140.363 204.8 1.3 0.9 2.6
2005.7753 -108.698 -137.698 206.5 1.2 0.9 2.5
2005.7781 -106.604 -139.808 199.7 1.3 0.9 2.6
2005.7808 -109.686 -140.474 209.1 1.3 0.9 2.5
2005.7836 -109.221 -139.919 195.4 1.3 0.9 2.6
2005.7863 -105.383 -135.81 202.5 1.2 0.9 2.5
2005.7890 -105.324 -138.475 202.4 1.3 0.9 2.6
2005.7918 -106.197 -138.253 204.1 1.3 0.9 2.6
2005.7945 -106.371 -138.475 210.7 1.3 0.9 2.6
2005.7973 -109.046 -137.809 208.2 1.2 0.9 2.6
2005.8000 -104.452 -138.475 206.5 1.3 1.0 2.7
2005.8027 -107.127 -137.92 203.9 1.3 1.0 2.7
2005.8055 -108.814 -135.477 209.8 1.2 0.9 2.5
2005.8082 -105.731 -139.586 203.1 1.3 0.9 2.6
2005.8110 -107.534 -137.365 208.7 1.3 0.9 2.6
2005.8137 -105.499 -140.252 208 1.2 0.9 2.6
2005.8164 -106.953 -136.477 202.8 1.4 1.0 2.7
2005.8192 -107.476 -137.92 205.8 1.3 0.9 2.6
2005.8219 -108 -135.921 205.5 1.3 0.9 2.6
2005.8247 -108.814 -137.032 203.5 1.2 0.9 2.6
2005.8274 -108.523 -135.255 204.5 1.2 0.9 2.6
2005.8301 -108.93 -136.254 204 1.2 0.9 2.6
2005.8329 -108.407 -136.477 202.7 1.4 1.0 2.7
2005.8356 -106.022 -138.364 209.7 1.3 1.0 2.7
2005.8384 -109.57 -133.811 201.4 1.3 0.9 2.6
2005.8411 -108.756 -136.699 206.5 1.3 1.0 2.7
2005.8438 -109.977 -135.699 201.2 1.3 1.0 2.7
2005.8466 -108.174 -136.477 205.1 1.2 0.9 2.6
2005.8493 -108.814 -137.143 208.4 1.4 1.0 2.7
2005.8521 -107.302 -138.253 209.7 1.3 1.0 2.7
2005.8548 -110.384 -137.365 207.6 1.3 1.0 2.6
2005.8575 -110.559 -136.254 205.8 1.2 0.9 2.6
2005.8603 -107.127 -136.477 205.6 1.3 0.9 2.5
2005.8630 -107.883 -135.366 211.1 1.4 0.9 2.6
2005.8658 -107.244 -135.477 205.3 1.4 0.9 2.6
2005.8685 -107.185 -134.367 210.3 1.3 0.9 2.6
2005.8712 -107.534 -136.032 203.6 1.4 1.0 2.6
2005.8740 -103.463 -138.364 207.9 1.4 0.9 2.6
2005.8767 -108.93 -135.588 205.8 1.3 0.9 2.6
2005.8795 -104.975 -136.143 205.1 1.3 0.9 2.6
2005.8822 -108.407 -135.144 200.9 1.3 0.9 2.6
2005.8849 -112.071 -136.699 205.7 1.3 0.9 2.6
2005.8877 -106.197 -138.586 201.8 1.3 0.9 2.6
2005.8904 -111.489 -137.809 204.3 1.5 0.9 2.8
2005.8932 -106.08 -138.92 204.4 1.4 0.9 2.6
2005.8959 -102.707 -135.366 211.7 1.4 0.9 2.6
2005.8986 -101.602 -138.142 215.1 1.4 0.9 2.6
2005.9014 -110.384 -141.363 202.2 1.4 0.9 2.6
2005.9041 -111.838 -138.142 202.2 1.3 0.9 2.6
2005.9068 -110.268 -137.92 200.6 1.3 0.9 2.6
2005.9096 -112.245 -137.254 197.5 1.4 0.9 2.6
2005.9123 -105.441 -135.699 200.7 1.4 0.9 2.5
2005.9151 -106.953 -139.808 197.8 1.4 0.9 2.6
2005.9178 -107.185 -139.031 203 1.4 0.9 2.7
2005.9205 -107.883 -139.142 200.1 1.4 0.9 2.6
2005.9233 -105.906 -141.918 201.7 1.4 0.9 2.6
2005.9260 -108.756 -139.253 206.2 1.3 0.9 2.6
2005.9288 -109.628 -140.252 209.2 1.3 0.9 2.6
2005.9315 -105.092 -140.585 209.4 1.3 0.9 2.7
2005.9342 -106.488 -140.363 214.1 1.4 0.9 2.7
2005.9370 -113.466 -137.476 204.4 1.7 1.0 2.9
2005.9397 -110.442 -141.696 203.8 1.3 0.9 2.6
2005.9425 -109.57 -140.474 207.2 1.3 0.9 2.6
2005.9452 -107.36 -138.364 204.4 1.4 0.9 2.6
2005.9479 -112.361 -138.92 203.2 1.3 0.9 2.6
2005.9507 -110.908 -140.03 200.3 1.3 0.9 2.6
2005.9534 -114.746 -139.919 205.9 1.3 0.9 2.6
2005.9562 -111.954 -138.475 202.2 1.3 0.9 2.7
2005.9589 -114.048 -139.031 205.6 1.3 0.9 2.6
2005.9616 -108.407 -140.141 208 1.3 0.9 2.6
2005.9644 -117.363 -138.364 201 1.3 0.9 2.6
2005.9671 -110.849 -140.918 196.2 1.3 0.9 2.6
2005.9699 -112.129 -139.697 206.9 1.4 0.9 2.6
2005.9726 -107.127 -141.474 205.5 1.4 0.9 2.6
2005.9753 -108.407 -138.92 199.8 1.3 0.9 2.6
2005.9781 -110.21 -137.476 199 1.4 1.0 2.7
2005.9808 -110.617 -138.475 201.1 1.3 0.9 2.6
2005.9836 -108.872 -138.698 201.6 1.4 0.9 2.6
2005.9863 -112.071 -140.363 205.7 1.4 0.9 2.6
2005.9890 -107.302 -142.14 198.4 1.5 0.9 2.6
2005.9945 -107.069 -143.917 212 2.4 1.3 3.8
2005.9973 -112.361 -144.694 208 1.4 0.9 2.6
2006.0000 -112.187 -141.141 197.6 1.3 0.9 2.6
2006.0027 -113.815 -139.919 203.7 1.3 0.9 2.5
2006.0055 -111.664 -140.141 202.7 1.3 0.9 2.6
2006.0082 -109.686 -140.918 202.7 1.3 0.9 2.5
2006.0110 -107.709 -139.808 204.8 1.3 0.9 2.6
2006.0164 -103.405 -142.14 208.4 1.3 0.9 2.6
2006.0247 -96.5425 -151.69 205.6 3.3 1.8 5.3
2006.0274 -117.654 -141.585 197.1 1.3 0.9 2.6
2006.0301 -110.733 -142.584 197.7 1.3 0.9 2.6
2006.0329 -108.407 -142.473 204.8 1.4 0.9 2.6
2006.0356 -106.022 -137.254 211.3 1.6 1.1 3.1
2006.0384 -109.221 -142.362 201.7 1.4 0.9 2.5
2006.0411 -108.29 -141.029 207.1 1.4 0.9 2.6
2006.0438 -113.525 -139.808 200.6 1.4 0.9 2.6
2006.0466 -112.303 -140.141 209.2 1.4 0.9 2.6
2006.0493 -109.395 -140.696 207.2 1.4 0.9 2.6
2006.0521 -110.908 -140.252 208.2 1.4 0.9 2.7
2006.0548 -108.756 -139.697 209.3 1.4 0.9 2.7
2006.0575 -110.384 -141.918 206.2 1.3 0.9 2.6
2006.0603 -109.395 -140.807 210.6 1.3 0.9 2.5
2006.0630 -109.163 -142.251 214.4 1.4 0.9 2.6
2006.0658 -107.941 -143.139 213.4 1.4 0.9 2.7
2006.0685 -113.292 -141.585 206.6 1.3 0.9 2.5
2006.0712 -108.232 -140.03 209 1.3 0.9 2.6
2006.0740 -111.722 -141.585 213.2 1.3 0.9 2.5
2006.0767 -112.827 -141.029 212.9 1.2 0.9 2.5
2006.0795 -111.78 -142.806 213.7 1.3 0.9 2.5
2006.0822 -112.885 -141.696 214 1.3 0.9 2.5
2006.0849 -111.082 -141.141 215 1.3 0.9 2.5
2006.0877 -109.744 -142.362 219.4 1.3 0.9 2.6
2006.0904 -113.001 -142.806 207.5 1.3 0.9 2.6
2006.0932 -111.315 -142.473 207 1.3 0.9 2.5
2006.0959 -113.525 -142.584 207.1 1.2 0.9 2.5
2006.0986 -108.581 -140.696 209.4 1.2 0.9 2.5
2006.1014 -106.488 -142.806 204.1 1.3 0.9 2.6
2006.1041 -109.919 -142.029 207.9 1.3 0.9 2.6
2006.1068 -109.105 -140.141 204.2 1.2 0.9 2.6
2006.1096 -109.861 -138.253 201.4 1.3 0.9 2.6
2006.1123 -108.93 -140.585 207.8 1.3 1.0 2.6
2006.1151 -108.465 -141.807 206.1 1.3 0.9 2.6
2006.1178 -108.349 -140.585 199.8 1.3 0.9 2.6
2006.1233 -112.129 -138.586 207 1.3 0.9 2.5
2006.1260 -107.127 -137.809 200.9 1.3 0.9 2.6
2006.1288 -111.605 -138.698 198.2 1.3 0.9 2.6
2006.1315 -112.478 -136.81 199.7 1.2 0.9 2.7
2006.1425 -106.429 -134.589 206.6 2.4 2.1 4.9
2006.1452 -111.838 -141.585 198.1 1.3 0.9 2.6
2006.1479 -108.581 -139.808 201 1.2 0.9 2.6
2006.1507 -109.861 -139.919 204.8 1.3 0.9 2.6
2006.1534 -112.478 -138.809 196.5 1.2 0.9 2.6
2006.1562 -113.699 -140.363 205.6 1.2 0.9 2.6
2006.1589 -111.664 -140.474 200.4 1.2 0.9 2.6
2006.1616 -110.384 -140.918 210.4 1.2 0.9 2.7
2006.1644 -107.418 -140.141 202.6 1.2 1.0 2.8
2006.1671 -110.966 -139.586 203.8 1.2 0.9 2.6
2006.1699 -109.512 -142.029 204.2 1.2 0.9 2.6
2006.1726 -111.14 -139.919 203 1.2 0.9 2.5
2006.1753 -108.581 -140.918 202.4 1.2 0.9 2.5
2006.1781 -109.977 -143.695 204.8 1.2 0.9 2.5
2006.1808 -110.384 -142.473 202 1.3 0.9 2.5
2006.1836 -111.256 -140.807 200.7 1.3 0.9 2.5
2006.1863 -111.838 -141.363 207.5 1.3 0.9 2.5
2006.1890 -113.699 -142.917 202 1.3 0.9 2.5
2006.1918 -111.489 -140.474 199.7 1.2 0.9 2.6
2006.1945 -110.5 -141.585 204.9 1.2 0.9 2.5
2006.1973 -110.617 -139.808 200.5 1.2 0.9 2.5
2006.2000 -111.431 -146.027 205.4 1.2 0.9 2.5
2006.2027 -108.523 -143.695 201.7 1.2 0.9 2.6
2006.2055 -107.36 -145.471 205.1 1.3 0.9 2.6
2006.2082 -107.476 -142.695 206.9 1.3 0.9 2.7
2006.2110 -105.615 -144.139 203.5 1.3 1.0 2.8
2006.2137 -104.103 -144.694 205.4 1.4 1.0 2.7
2006.2164 -111.024 -142.695 203.2 1.2 0.9 2.6
2006.2192 -107.418 -142.917 197.3 1.3 0.9 2.6
2006.2219 -106.022 -146.138 206.3 1.3 0.9 2.5
2006.2247 -106.953 -142.473 203.5 1.3 0.9 2.5
2006.2274 -106.197 -144.472 203.2 1.3 0.9 2.5
2006.2301 -108.174 -143.473 206.1 1.3 0.9 2.5
2006.2329 -108.698 -144.916 207.3 1.2 0.9 2.5
2006.2356 -108.29 -144.805 205.3 1.2 0.9 2.5
2006.2384 -109.395 -145.138 203.9 1.2 0.9 2.6
2006.2411 -107.709 -145.471 204.1 1.2 0.9 2.5
2006.2438 -108.988 -143.584 199.4 1.2 0.9 2.5
2006.2466 -109.454 -142.917 207.2 1.2 0.9 2.5
2006.2493 -109.919 -142.917 204.5 1.2 0.9 2.6
2006.2521 -113.525 -142.917 207.1 1.2 0.9 2.6
2006.2548 -107.476 -144.583 204.6 1.2 0.9 2.6
2006.2575 -108.814 -145.805 206.2 1.3 0.9 2.6
2006.2603 -105.208 -145.249 197 1.6 1.3 3.1
2006.2630 -108.116 -146.804 202.2 1.4 0.9 2.8
2006.2658 -110.268 -144.139 196.5 1.3 1.0 2.7
2006.2685 -108.698 -144.028 203.7 1.3 1.0 2.6
2006.2712 -108.93 -147.137 204.5 1.5 1.0 2.9
2006.2740 -109.512 -144.694 204.2 1.4 0.9 2.6
2006.2767 -108.465 -143.695 199.2 1.4 0.9 2.7
2006.2795 -110.268 -145.471 204.6 1.3 0.9 2.7
2006.2822 -110.791 -145.36 205.3 1.2 0.9 2.6
2006.2849 -109.279 -144.361 208.7 1.6 1.1 3.1
2006.2877 -109.512 -144.583 208.6 1.4 1.0 2.7
2006.2904 -111.605 -141.474 209.4 1.3 0.9 2.6
2006.2932 -108.581 -144.028 205.5 1.3 0.9 2.6
2006.2986 -111.838 -142.806 202 1.3 0.9 2.6
2006.3014 -114.688 -144.25 204.4 1.7 1.3 3.5
2006.3041 -114.164 -141.585 201 1.3 0.9 2.6
2006.3068 -110.791 -141.252 196.9 1.3 0.9 2.6
2006.3096 -112.187 -143.806 197.9 1.3 0.9 2.6
2006.3123 -111.431 -142.695 195.5 1.2 0.9 2.6
2006.3151 -113.699 -140.918 200 1.3 0.9 2.6
2006.3178 -111.198 -143.917 204 1.3 0.9 2.6
2006.3205 -110.559 -140.696 203.2 1.3 0.9 2.6
2006.3233 -114.281 -140.363 201.3 1.3 0.9 2.6
2006.3260 -111.605 -143.361 198.7 1.3 0.9 2.6
2006.3288 -112.885 -143.361 201.7 1.3 0.9 2.6
2006.3315 -113.583 -140.918 202.7 1.2 0.9 2.6
2006.3342 -112.478 -142.806 201 1.2 0.9 2.6
2006.3370 -113.583 -141.474 203.9 1.3 0.9 2.6
2006.3397 -112.769 -140.585 205.2 1.4 1.0 2.7
2006.3425 -113.757 -143.25 199.5 1.3 0.9 2.6
2006.3452 -114.513 -144.25 200.6 1.3 0.9 2.6
2006.3479 -114.804 -140.474 201.2 1.4 1.0 2.7
2006.3507 -113.118 -139.808 202 1.2 0.9 2.5
2006.3534 -114.223 -142.584 202.2 1.3 0.9 2.6
2006.3562 -113.292 -141.585 199.5 1.2 0.9 2.5
2006.3589 -117.77 -142.584 197.7 1.2 0.9 2.6
2006.3616 -115.676 -142.251 195.1 1.2 0.9 2.6
2006.3644 -112.536 -141.696 201.2 1.2 0.9 2.5
2006.3671 -115.386 -143.584 197.2 1.3 0.9 2.5
2006.3699 -114.339 -141.252 200.8 1.3 0.9 2.5
2006.3726 -109.221 -143.806 202.9 1.3 0.9 2.6
2006.3753 -112.827 -146.027 193.5 1.3 0.9 2.6
2006.3781 -115.386 -142.917 198.2 1.3 0.9 2.6
2006.3863 -113.001 -144.139 206 1.3 0.9 2.6
2006.3890 -110.093 -144.805 206.6 1.4 0.9 2.6
2006.3918 -115.386 -146.027 208.2 1.6 1.0 2.9
2006.3945 -114.223 -142.695 195.6 1.3 0.9 2.6
2006.3973 -115.676 -143.695 200.6 1.4 1.0 2.8
2006.4000 -119.05 -144.583 202.4 1.5 0.9 2.9
2006.4027 -111.78 -146.804 208.8 1.7 1.0 3.1
2006.4055 -113.234 -144.694 204.9 1.3 0.9 2.6
2006.4082 -114.164 -144.583 206.2 1.4 0.9 2.6
2006.4110 -117.479 -146.027 201.1 1.5 0.9 2.8
2006.4137 -115.909 -144.694 206.4 1.3 0.9 2.5
2006.4164 -116.433 -144.583 209.3 1.4 0.9 2.6
2006.4192 -115.269 -144.805 211.8 1.4 0.9 2.6
2006.4219 -109.512 -142.473 209 1.5 0.9 2.6
2006.4247 -117.421 -144.25 201 1.3 0.9 2.6
2006.4274 -115.444 -144.916 207.1 1.3 0.9 2.6
2006.4301 -113.99 -142.029 203.9 1.5 1.0 2.7
2006.4329 -114.688 -144.028 198.7 1.4 0.9 2.7
2006.4356 -114.688 -143.139 205.6 1.3 0.9 2.6
2006.4384 -113.641 -144.472 204.5 1.6 1.0 3.1
2006.4411 -113.99 -144.472 207.8 1.3 0.9 2.6
2006.4438 -117.479 -143.361 204.6 1.2 0.9 2.6
2006.4466 -114.513 -145.805 212.5 1.3 0.9 2.5
2006.4493 -111.896 -146.471 206.2 1.4 0.9 2.6
2006.4521 -113.408 -146.027 212.1 1.2 0.9 2.5
2006.4548 -111.605 -143.806 210.5 1.4 0.9 2.6
2006.4575 -115.909 -145.471 202.9 1.3 0.9 2.6
2006.4603 -112.536 -146.582 203 1.3 0.9 2.6
2006.4630 -110.268 -144.028 207.2 1.4 0.9 2.7
2006.4658 -111.722 -145.471 206.9 1.3 0.9 2.7
2006.4685 -109.803 -144.25 207.7 1.8 1.3 3.4
2006.4712 -115.328 -146.915 211.8 1.4 1.0 2.7
2006.4740 -117.363 -145.693 204.5 1.3 0.9 2.6
2006.4767 -114.804 -145.805 210.2 1.5 1.0 2.9
2006.4795 -116.142 -146.027 206.4 1.2 0.9 2.6
2006.4822 -118.235 -144.805 204.5 1.3 0.9 2.6
2006.4849 -117.014 -145.693 206.6 1.3 0.9 2.6
2006.4877 -117.13 -147.47 207 1.3 0.9 2.6
2006.4904 -114.63 -146.804 212 1.3 0.9 2.6
2006.4932 -118.933 -146.249 210.2 1.2 0.8 2.5
2006.4959 -117.712 -147.692 209.6 1.2 0.8 2.5
2006.4986 -120.329 -146.804 214 1.2 0.8 2.5
2006.5014 -115.793 -148.136 210.4 1.2 0.9 2.6
2006.5041 -116.316 -147.137 211.5 1.2 0.9 2.5
2006.5068 -116.84 -148.025 210.1 1.2 0.9 2.6
2006.5096 -116.607 -148.47 209.1 1.3 0.9 2.6
2006.5123 -119.98 -147.026 215.1 1.2 0.9 2.5
2006.5151 -117.654 -147.692 209.5 1.2 0.9 2.5
2006.5178 -116.258 -147.803 214.7 1.2 0.9 2.5
2006.5205 -120.271 -148.025 206.5 1.3 0.9 2.5
2006.5233 -116.2 -147.581 204.7 1.4 1.0 2.8
2006.5260 -116.781 -148.025 213.4 1.2 0.9 2.6
2006.5288 -121.202 -149.58 215.4 1.2 0.9 2.5
2006.5315 -115.793 -148.359 212.4 1.3 0.9 2.5
2006.5342 -117.596 -147.248 208.1 1.3 0.9 2.5
2006.5370 -116.665 -148.248 211 1.3 0.9 2.6
2006.5397 -116.898 -148.803 210.6 1.2 0.9 2.5
2006.5425 -118.584 -150.135 209.7 1.3 0.9 2.6
2006.5452 -117.479 -148.803 207.4 1.2 0.8 2.5
2006.5479 -117.13 -148.914 212.2 1.2 0.9 2.5
2006.5507 -120.504 -147.581 209 1.2 0.9 2.5
2006.5534 -120.038 -148.47 215.4 1.3 0.9 2.5
2006.5562 -115.793 -146.582 209.9 1.3 0.9 2.6
2006.5589 -117.421 -149.358 208.3 1.2 0.9 2.6
2006.5616 -117.363 -144.805 207.2 1.3 0.9 2.6
2006.5644 -114.92 -149.469 211.5 1.3 0.9 2.6
2006.5671 -117.828 -147.248 210.8 1.3 0.9 2.6
2006.5699 -118.177 -149.802 210.9 1.3 0.9 2.6
2006.5726 -113.641 -148.136 210.3 1.4 0.9 2.6
2006.5753 -117.072 -148.136 210.7 1.2 0.9 2.6
2006.5781 -117.363 -147.914 218.9 1.2 0.9 2.6
2006.5808 -118.759 -147.359 212.7 1.3 0.9 2.6
2006.5836 -110.559 -142.14 212.1 2.1 1.9 4.5
2006.5863 -120.853 -149.136 215.1 1.5 0.9 2.8
2006.5890 -114.804 -148.692 211 1.2 0.9 2.6
2006.5918 -117.654 -150.691 223.6 1.3 0.9 2.6
2006.5945 -114.862 -148.248 213 1.2 0.9 2.6
2006.5973 -118.933 -147.914 217.6 1.3 0.9 2.6
2006.6000 -115.386 -150.135 213.8 1.6 1.1 2.9
2006.6027 -117.014 -150.357 212.6 1.2 0.9 2.6
2006.6055 -116.316 -148.803 211.7 1.3 0.9 2.6
2006.6082 -117.77 -150.357 220.6 1.2 0.9 2.5
2006.6110 -115.967 -147.914 221.1 1.2 0.9 2.5
2006.6137 -115.851 -150.58 213.5 1.2 0.9 2.6
2006.6164 -119.34 -149.358 212.7 1.2 0.9 2.6
2006.6192 -118.701 -150.357 212.6 1.2 0.9 2.5
2006.6219 -117.421 -145.693 214.1 1.3 0.9 2.6
2006.6247 -118.41 -148.136 213.3 1.2 0.9 2.5
2006.6274 -118.468 -147.248 215.9 1.2 0.9 2.6
2006.6301 -116.258 -150.135 214.8 1.2 0.9 2.6
2006.6329 -114.223 -149.025 214.1 1.3 0.9 2.7
2006.6356 -110.5 -146.693 210.7 1.3 0.9 2.6
2006.6384 -118.41 -149.025 212.8 1.2 0.9 2.6
2006.6411 -115.328 -149.469 213.9 1.3 0.9 2.7
2006.6438 -118.003 -149.247 212.1 1.2 0.9 2.6
2006.6493 -113.874 -150.58 216.7 1.2 0.9 2.6
2006.6521 -120.038 -150.357 211.2 1.2 0.9 2.6
2006.6548 -118.759 -150.024 220 1.4 1.0 2.8
2006.6575 -118.526 -147.803 212.5 1.3 1.0 2.7
2006.6630 -117.654 -150.024 216.4 1.2 0.9 2.6
2006.6658 -118.643 -149.469 215.3 1.3 1.0 2.7
2006.6932 -121.085 -147.581 219.8 1.2 0.9 2.5
2006.6959 -123.121 -145.916 221.8 1.2 0.9 2.6
2006.6986 -119.166 -147.803 213.6 1.2 0.9 2.6
2006.7014 -120.969 -147.47 214.2 1.2 0.9 2.6
2006.7041 -112.769 -146.471 223.9 1.2 0.9 2.6
2006.7068 -119.282 -147.137 224.8 1.3 0.9 2.7
2006.7096 -121.958 -148.692 227 1.2 0.9 2.6
2006.7123 -117.421 -149.58 226.9 1.3 1.0 2.7
2006.7151 -122.365 -149.136 230.1 1.3 0.9 2.6
2006.7178 -118.991 -148.248 224.7 1.2 0.9 2.6
2006.7205 -118.991 -148.803 222.9 1.8 1.2 3.7
2006.7233 -124.982 -156.576 229.2 3.2 1.9 5.5
2006.7260 -128.588 -153.689 227.7 1.2 0.9 2.6
2006.7288 -117.363 -148.248 227.1 1.3 0.9 2.6
2006.7315 -122.307 -148.914 228.3 1.3 1.0 2.7
2006.7342 -119.748 -151.357 219 1.2 0.9 2.6
2006.7370 -117.886 -148.692 225.8 1.3 0.9 2.6
2006.7397 -122.888 -150.468 230.3 1.2 0.9 2.5
2006.7425 -122.365 -149.691 226.3 1.2 0.9 2.6
2006.7452 -118.526 -149.913 226.1 1.2 0.9 2.5
2006.7479 -118.759 -150.913 218 1.2 0.9 2.6
2006.7507 -113.35 -148.248 218.3 1.3 0.9 2.6
2006.7562 -116.723 -151.912 225.2 1.2 0.9 2.6
2006.7589 -117.072 -152.689 223.9 1.3 0.9 2.6
2006.7616 -119.108 -147.137 224.2 1.2 0.9 2.6
2006.7644 -118.294 -148.914 224 1.2 0.9 2.6
2006.7671 -118.41 -150.468 222.8 1.2 0.9 2.6
2006.7699 -120.678 -150.802 224 1.3 0.9 2.7
2006.7726 -117.828 -151.912 223.7 1.2 0.9 2.6
2006.7753 -118.701 -151.579 223.7 1.2 0.9 2.6
2006.7781 -118.526 -150.58 227 1.2 0.9 2.5
2006.7808 -120.213 -153.134 226 1.2 0.9 2.5
2006.7836 -117.77 -150.691 222.6 1.2 0.9 2.6
2006.7863 -117.305 -148.914 220.5 1.3 0.9 2.6
2006.7918 -119.748 -150.024 225.4 1.3 0.9 2.5
2006.7945 -121.376 -153.023 230.1 1.2 0.9 2.5
2006.7973 -117.305 -151.912 224.2 1.2 0.9 2.6
2006.8000 -119.108 -151.246 217.6 1.3 0.9 2.6
2006.8027 -120.097 -150.357 218.6 1.2 0.9 2.6
2006.8055 -123.528 -149.913 224.8 1.2 0.9 2.6
2006.8082 -117.305 -149.913 216.8 1.2 0.9 2.5
2006.8110 -117.828 -150.468 222.8 1.2 0.9 2.5
2006.8137 -120.562 -150.468 223.3 1.3 0.9 2.6
2006.8164 -117.421 -150.802 227.2 1.4 1.0 2.7
2006.8192 -116.549 -145.805 226.9 1.2 0.9 2.5
2006.8219 -120.155 -147.248 221.2 1.3 0.9 2.5
2006.8247 -118.468 -146.138 222.6 1.3 0.9 2.6
2006.8274 -119.399 -151.246 226.8 1.3 0.9 2.6
2006.8301 -118.526 -150.802 221.8 1.3 0.9 2.6
2006.8329 -116.258 -147.803 219.2 1.2 0.9 2.5
2006.8356 -117.654 -147.914 223.4 1.3 0.9 2.6
2006.8384 -117.596 -148.692 226.5 1.3 0.9 2.5
2006.8411 -117.479 -149.58 224.7 1.3 0.9 2.6
2006.8438 -115.095 -150.357 227.6 1.4 1.0 2.6
2006.8466 -116.025 -149.913 228.9 1.2 0.9 2.6
2006.8493 -118.003 -152.356 230.6 1.3 0.9 2.6
2006.8521 -117.712 -151.246 228 1.3 0.9 2.6
2006.8548 -118.003 -153.134 226.5 1.3 0.9 2.6
2006.8575 -118.759 -149.913 223.9 1.2 0.9 2.6
2006.8603 -120.911 -151.357 221.7 1.5 1.0 2.8
2006.8630 -117.654 -151.357 221.1 1.3 0.9 2.6
2006.8658 -120.794 -151.801 221.9 1.3 1.0 2.7
2006.8685 -117.363 -149.58 224.3 1.4 0.9 2.6
2006.8712 -117.014 -152.578 222 1.3 0.9 2.5
2006.8740 -123.993 -151.357 226 1.2 0.9 2.6
2006.8767 -123.702 -152.912 225.4 1.3 0.9 2.7
2006.8795 -121.492 -152.356 228.8 1.3 0.9 2.6
2006.8822 -119.224 -152.356 223.5 1.3 0.9 2.6
2006.8849 -119.864 -154.022 226 1.3 0.9 2.6
2006.8877 -125.622 -156.687 228.1 1.3 0.9 2.6
2006.8904 -119.922 -152.467 227.1 1.4 0.9 2.6
2006.8932 -120.038 -152.912 223.9 1.3 0.9 2.6
2006.8959 -118.061 -154.466 222.9 1.4 1.0 2.7
2006.8986 -119.282 -154.022 222.4 1.4 0.9 2.7
2006.9014 -118.759 -155.466 221.4 1.2 0.9 2.5
2006.9041 -117.945 -155.021 222.9 1.2 0.9 2.5
2006.9068 -116.142 -155.688 228.2 1.3 0.9 2.6
2006.9096 -117.421 -156.465 225.2 1.3 0.9 2.6
2006.9123 -118.817 -156.576 226.8 1.3 0.9 2.5
2006.9151 -115.735 -156.021 228.4 1.5 1.0 2.7
2006.9178 -121.783 -157.798 228.4 1.3 0.9 2.6
2006.9205 -118.526 -155.355 234.3 1.3 0.9 2.7
2006.9233 -119.573 -161.684 231.6 1.4 0.9 2.8
2006.9260 -121.667 -153.023 217.5 1.3 0.9 2.7
2006.9288 -124.749 -155.466 222.8 1.3 0.9 2.5
2006.9315 -122.248 -154.133 231.8 1.5 1.0 2.7
2006.9342 -122.307 -153.911 228.9 1.4 0.9 2.7
2006.9370 -120.271 -154.91 226.7 1.4 0.9 2.7
2006.9397 -124.051 -155.577 222 1.3 0.9 2.6
2006.9425 -124.4 -153.356 234 1.3 0.9 2.6
2006.9452 -121.899 -156.687 225.2 1.3 0.9 2.7
2006.9479 -122.772 -156.243 216.8 1.3 0.9 2.6
2006.9507 -124.575 -155.466 223.9 1.3 0.8 2.6
2006.9534 -123.47 -156.243 234.1 1.3 0.9 2.6
2006.9562 -122.248 -157.464 230.4 2.1 1.2 3.5
2006.9589 -123.819 -157.353 230 1.3 0.9 2.6
2006.9616 -127.25 -154.355 232.7 1.3 0.8 2.5
2006.9644 -121.202 -156.909 218.1 1.3 0.9 2.6
2006.9671 -129.751 -158.353 222.4 1.3 0.9 2.6
2006.9699 -124.982 -155.243 225.8 1.3 0.9 2.6
2006.9726 -123.004 -157.02 239.6 1.4 0.9 2.6
2006.9753 -127.541 -160.019 227.8 1.3 0.9 2.6
2006.9781 -120.736 -156.132 229.9 1.3 0.9 2.5
2006.9808 -125.331 -154.688 221.2 1.3 0.9 2.5
2006.9836 -122.597 -158.575 226.6 1.3 0.9 2.6
2006.9863 -127.25 -157.575 216.3 1.3 0.9 2.6
2006.9890 -123.76 -158.686 224.7 1.3 0.9 2.6
2006.9918 -125.214 -161.351 223.2 1.3 0.9 2.6
2006.9945 -123.295 -159.685 222.5 1.3 0.9 2.5
2006.9973 -122.19 -156.798 220.2 1.3 0.9 2.6
2007.0000 -123.412 -159.019 208.9 1.3 0.9 2.6
2007.0137 -124.517 -160.907 236 1.3 0.9 2.6
2007.0164 -126.959 -157.464 227.5 1.3 0.9 2.5
2007.0192 -126.203 -156.909 234.3 1.3 0.9 2.6
2007.0219 -121.492 -157.131 222.7 1.4 0.9 2.7
2007.0247 -121.958 -156.243 224.8 1.3 0.9 2.6
2007.0274 -123.004 -153.8 226.4 1.4 0.9 2.6
2007.0301 -122.539 -155.243 230.7 1.4 0.9 2.7
2007.0329 -124.051 -155.688 229.4 1.4 0.9 2.6
2007.0356 -121.376 -157.02 229.6 1.3 0.9 2.5
2007.0384 -124.633 -156.909 227 1.3 0.9 2.6
2007.0411 -125.563 -155.91 222.7 1.3 0.9 2.6
2007.0438 -123.993 -156.909 226.8 1.3 0.9 2.5
2007.0466 -125.622 -156.465 221.9 1.4 0.9 2.6
2007.0493 -125.738 -155.91 229.2 1.3 0.9 2.7
2007.0521 -125.738 -155.021 220.4 1.3 0.9 2.7
2007.0548 -122.132 -156.465 223 1.3 0.9 2.7
2007.0575 -119.05 -155.132 226.8 1.3 0.9 2.7
2007.0603 -126.145 -156.021 220.7 1.3 0.9 2.6
2007.0630 -125.214 -158.242 231.3 1.3 0.9 2.6
2007.0658 -119.748 -160.796 248.4 1.4 0.9 2.7
2007.0685 -123.412 -158.242 227.5 1.3 0.9 2.6
2007.0712 -124.865 -157.242 227.1 1.3 0.9 2.6
2007.0740 -124.575 -157.02 223.2 1.3 0.9 2.6
2007.0767 -121.667 -157.798 223.4 1.4 0.9 2.6
2007.0795 -122.539 -154.466 224.1 1.4 0.9 2.7
2007.0822 -123.528 -154.577 210 1.3 0.9 2.6
2007.0849 -121.143 -155.688 220.4 1.3 0.9 2.6
2007.0877 -124.924 -157.464 221.1 1.3 0.9 2.6
2007.0904 -121.085 -155.466 216.9 1.3 0.9 2.8
2007.0932 -128.006 -155.577 223.8 1.3 0.9 2.7
2007.0959 -127.948 -153.8 227.8 1.3 0.9 2.6
2007.0986 -124.168 -154.133 219.9 1.2 0.9 2.6
2007.1014 -126.959 -154.133 219 1.3 0.9 2.6
2007.1041 -122.307 -157.242 217.8 1.3 0.9 2.6
2007.1068 -126.087 -159.019 224.5 1.4 0.9 2.6
2007.1096 -124.4 -157.131 228 1.3 0.9 2.6
2007.1123 -123.76 -155.355 226.1 1.3 0.9 2.6
2007.1151 -126.668 -154.022 222.9 1.3 0.9 2.6
2007.1205 -124.982 -154.91 224.2 1.6 1.2 3.2
2007.1233 -123.47 -156.465 224 1.3 0.9 2.6
2007.1260 -122.888 -157.242 227.5 1.3 0.9 2.6
2007.1288 -123.353 -155.688 223.2 1.3 0.9 2.6
2007.1315 -122.423 -156.576 222.6 1.3 0.9 2.7
2007.1342 -125.04 -158.131 224.2 1.5 1.0 2.8
2007.1370 -128.355 -156.243 221.2 1.2 0.9 2.5
2007.1397 -125.563 -157.02 226 1.3 0.9 2.6
2007.1425 -124.168 -157.798 224.1 1.2 0.9 2.6
2007.1452 -123.004 -158.353 221 1.2 0.9 2.6
2007.1479 -120.562 -160.352 225.7 1.2 0.9 2.5
2007.1507 -123.237 -158.797 225.6 1.3 0.9 2.5
2007.1534 -122.597 -157.798 223.8 1.3 0.9 2.6
2007.1562 -124.284 -157.798 221.9 1.2 0.9 2.6
2007.1589 -122.597 -157.353 223.5 1.2 0.9 2.5
2007.1616 -121.202 -157.909 223.4 1.3 0.9 2.6
2007.1644 -120.038 -159.13 221 1.3 0.9 2.6
2007.1671 -124.226 -157.353 220.9 1.2 0.9 2.5
2007.1699 -119.399 -157.687 221.9 1.2 0.9 2.5
2007.1726 -120.445 -158.464 219.1 1.2 0.9 2.5
2007.1753 -118.991 -161.129 222.3 1.3 0.9 2.6
2007.1781 -119.457 -159.907 218.6 1.3 0.9 2.6
2007.1808 -121.376 -157.909 219.1 1.2 0.9 2.5
2007.1836 -120.736 -162.017 228.9 1.2 0.9 2.5
2007.1863 -125.505 -159.13 224.6 1.2 0.9 2.5
2007.1890 -119.922 -158.02 221.8 1.3 0.9 2.6
2007.1918 -126.378 -156.909 221.1 1.2 0.9 2.6
2007.1945 -126.203 -153.911 224.7 1.3 0.9 2.6
2007.1973 -122.888 -156.909 222.8 1.3 0.9 2.6
2007.2000 -121.55 -158.353 218.4 1.2 0.9 2.5
2007.2027 -121.55 -157.798 219.6 1.2 0.9 2.6
2007.2055 -122.597 -158.242 224.6 1.2 0.9 2.6
2007.2082 -124.109 -158.131 227.2 1.2 0.9 2.6
2007.2110 -120.213 -158.353 217.5 1.2 0.9 2.6
2007.2137 -120.736 -159.907 217.2 1.2 0.9 2.5
2007.2164 -113.932 -155.799 222.5 1.3 0.9 2.6
2007.2192 -121.085 -158.797 221.7 1.2 0.9 2.6
2007.2219 -122.888 -158.464 223.8 1.2 0.9 2.6
2007.2247 -124.4 -159.241 221.3 1.2 0.9 2.6
2007.2274 -123.586 -159.352 222.2 1.4 1.0 2.8
2007.2301 -119.689 -160.574 225.7 1.3 0.9 2.6
2007.2356 -123.877 -158.686 224.8 1.3 0.9 2.6
2007.2411 -120.736 -159.685 220.4 1.3 0.9 2.6
2007.2438 -120.736 -158.464 218.6 1.3 0.9 2.5
2007.2466 -123.644 -160.463 216.7 1.2 0.9 2.5
2007.2493 -121.376 -158.686 228 1.4 1.0 2.8
2007.2521 -124.051 -160.574 213 1.4 0.9 2.7
2007.2548 -119.748 -156.798 218.2 1.3 0.9 2.6
2007.2575 -120.329 -158.131 219.3 1.3 0.9 2.6
2007.2603 -118.352 -160.13 229.2 1.3 0.9 2.7
2007.2630 -124.749 -159.352 218.9 1.3 0.9 2.7
2007.2658 -120.736 -158.575 219.1 1.3 0.9 2.6
2007.2685 -122.946 -159.907 227.6 1.3 0.9 2.6
2007.2712 -122.83 -158.02 219.2 1.2 0.9 2.6
2007.2740 -127.017 -156.354 216.9 1.3 0.9 2.7
2007.2767 -120.969 -155.799 220.1 1.2 0.9 2.6
2007.2795 -124.575 -158.242 221.9 1.3 0.9 2.6
2007.2822 -126.087 -157.02 214.7 1.4 0.9 2.7
2007.2849 -132.891 -158.242 228.4 1.3 0.9 2.6
2007.2877 -124.633 -158.242 220.6 1.3 0.9 2.5
2007.2904 -126.552 -158.02 222 1.2 0.9 2.5
2007.2932 -123.644 -155.91 221.7 1.2 0.9 2.5
2007.2959 -123.353 -157.02 220.5 1.3 0.9 2.6
2007.2986 -126.203 -156.243 222.5 1.3 0.9 2.5
2007.3014 -130.565 -150.691 219.8 1.2 0.9 2.5
2007.3041 -124.4 -158.242 221.7 1.3 0.9 2.6
2007.3068 -125.331 -157.798 222.8 1.3 0.9 2.6
2007.3096 -123.935 -159.685 223.9 1.3 0.9 2.6
2007.3123 -124.982 -159.019 215.6 1.2 0.9 2.5
2007.3151 -125.214 -158.242 224 1.3 0.9 2.5
2007.3178 -124.517 -157.798 216.7 1.3 0.9 2.7
2007.3205 -128.995 -159.907 228.9 1.3 0.9 2.5
2007.3233 -123.935 -159.685 217.9 1.4 0.9 2.6
2007.3260 -118.875 -159.907 214.2 1.3 0.9 2.6
2007.3288 -124.226 -160.685 212.6 1.3 0.9 2.5
2007.3315 -123.295 -158.908 224.8 1.3 0.9 2.5
2007.3342 -123.877 -159.352 214.4 1.3 0.9 2.6
2007.3370 -123.412 -161.462 220.6 1.3 0.9 2.7
2007.3397 -123.063 -160.907 215.3 1.3 0.9 2.6
2007.3425 -127.89 -160.13 217.6 1.3 0.9 2.5
2007.3452 -126.843 -160.574 220.5 1.3 0.9 2.5
2007.3479 -125.854 -159.685 217.3 1.3 0.9 2.6
2007.3507 -126.145 -159.574 221.4 1.3 0.9 2.6
2007.3534 -124.807 -161.684 227.8 1.3 0.9 2.6
2007.3562 -126.436 -158.353 212.4 1.4 0.9 2.8
2007.3589 -129.227 -159.907 215.5 1.3 0.9 2.8
2007.3616 -127.424 -159.13 216.4 1.3 0.9 2.6
2007.3644 -128.18 -160.019 221.3 1.3 0.9 2.6
2007.3671 -128.064 -157.909 218.7 1.3 0.9 2.6
2007.3699 -126.203 -159.796 214.5 1.3 0.9 2.6
2007.3726 -127.599 -159.907 221.9 1.3 0.9 2.6
2007.3781 -127.89 -159.907 218.6 1.4 0.9 2.7
2007.3808 -126.727 -160.13 225.6 1.3 0.9 2.6
2007.3836 -126.727 -158.686 236.3 1.3 0.9 2.5
2007.3863 -127.366 -160.796 221.6 1.4 0.9 2.6
2007.3890 -129.111 -160.574 225.4 1.3 0.9 2.6
2007.3918 -127.773 -159.463 227.9 1.6 1.0 2.7
2007.3945 -130.274 -160.13 211.6 1.6 1.1 3.0
2007.3973 -125.04 -160.685 227.3 1.4 0.9 2.6
2007.4000 -127.192 -158.908 218.7 1.4 0.9 2.6
2007.4027 -130.158 -160.685 224.8 1.3 0.9 2.6
2007.4055 -128.529 -161.906 226.5 1.3 0.9 2.6
2007.4082 -127.657 -159.907 216.7 1.5 1.1 3.0
2007.4110 -130.739 -159.685 218 1.3 0.9 2.6
2007.4137 -128.355 -158.575 225.7 1.4 0.9 2.7
2007.4164 -129.518 -160.463 229.4 1.3 0.9 2.5
2007.4192 -130.856 -159.463 227.2 1.2 0.9 2.5
2007.4219 -131.844 -159.019 223 1.3 0.9 2.5
2007.4247 -127.424 -160.463 230.8 1.3 0.9 2.6
2007.4274 -135.45 -156.798 221.8 2.5 1.9 4.6
2007.4301 -127.483 -159.907 234.1 1.2 0.9 2.5
2007.4329 -130.798 -161.795 214.2 1.5 1.1 3.1
2007.4356 -129.402 -161.351 223.1 1.4 0.9 2.6
2007.4384 -127.483 -160.463 229.5 1.4 0.9 2.6
2007.4411 -128.355 -160.685 229.2 1.5 1.1 3.1
2007.4438 -127.832 -162.462 226.3 1.3 0.9 2.7
2007.4466 -128.239 -161.24 220.9 1.3 0.9 2.7
2007.4493 -127.075 -162.239 223.9 1.3 0.9 2.6
2007.4521 -127.89 -163.461 222 1.4 0.9 2.6
2007.4548 -127.89 -161.573 230.6 1.3 0.9 2.6
2007.4575 -127.541 -163.239 229.1 1.4 0.9 2.7
2007.4603 -129.46 -164.238 233.5 1.3 0.9 2.6
2007.4630 -129.402 -162.239 230.5 1.3 0.9 2.6
2007.4658 -130.914 -162.239 219.8 1.5 1.0 2.9
2007.4685 -129.111 -162.462 224.5 1.4 0.9 2.7
2007.4712 -130.274 -162.017 228.3 1.4 0.9 2.7
2007.4740 -131.147 -161.684 228 1.3 0.9 2.6
2007.4767 -131.554 -164.349 223.7 1.5 1.0 2.8
2007.4795 -130.1 -166.015 229 1.5 1.0 2.9
2007.4822 -128.471 -164.238 225.3 1.4 0.9 2.8
2007.4849 -132.135 -163.128 223.7 1.4 0.9 2.8
2007.4877 -130.972 -163.461 224 1.4 0.9 2.7
2007.4904 -130.042 -165.127 229.8 1.4 0.9 2.8
2007.4932 -131.844 -163.794 228.6 1.3 0.9 2.6
2007.4959 -132.659 -163.572 230.3 1.3 0.9 2.6
2007.4986 -128.937 -165.571 230.9 1.3 0.9 2.5
2007.5014 -130.914 -162.684 224.9 1.5 1.0 3.0
2007.5041 -126.843 -163.572 227.8 1.2 0.9 2.5
2007.5068 -129.053 -161.906 229.7 1.2 0.9 2.5
2007.5096 -129.693 -163.794 227.6 1.3 0.9 2.5
2007.5123 -132.6 -162.128 227.5 1.3 0.9 2.5
2007.5151 -128.122 -164.238 227.8 1.3 0.9 2.6
2007.5178 -128.122 -163.461 232.8 1.3 0.9 2.5
2007.5205 -127.017 -162.35 232.5 1.3 0.9 2.6
2007.5233 -127.773 -165.016 219.2 1.2 0.9 2.6
2007.5260 -131.844 -164.905 228.4 1.5 1.0 2.8
2007.5288 -127.366 -160.574 236.3 1.3 0.9 2.6
2007.5315 -129.285 -163.128 228.7 1.3 0.9 2.5
2007.5342 -124.342 -160.463 223.2 1.3 0.9 2.6
2007.5370 -123.121 -160.241 236.7 1.2 0.9 2.6
2007.5397 -128.529 -162.573 235.9 1.3 0.9 2.5
2007.5425 -127.89 -160.13 225.5 1.2 0.9 2.5
2007.5452 -129.576 -162.128 233 1.3 0.9 2.5
2007.5479 -126.785 -162.35 235.7 1.2 0.9 2.5
2007.5507 -127.424 -163.794 232.7 1.4 0.9 2.7
2007.5534 -128.878 -161.795 233 1.2 0.9 2.5
2007.5562 -132.252 -163.128 233.2 1.2 0.9 2.5
2007.5589 -132.31 -165.238 236.2 1.2 0.9 2.5
2007.5616 -128.878 -163.905 229.6 1.2 0.9 2.6
2007.5644 -128.82 -163.683 233.5 1.2 0.9 2.5
2007.5671 -132.135 -163.683 237.3 1.2 0.9 2.5
2007.5699 -130.623 -164.682 237.3 1.2 0.9 2.5
2007.5726 -132.077 -164.349 231.7 1.3 0.9 2.5
2007.5753 -130.39 -164.794 229.1 1.2 0.9 2.6
2007.5781 -127.424 -164.127 236.7 1.2 0.9 2.5
2007.5808 -127.599 -165.127 231.6 1.2 0.9 2.5
2007.5836 -129.693 -163.905 232.5 1.2 0.9 2.5
2007.5863 -130.798 -163.572 237.6 1.2 0.9 2.5
2007.5890 -129.809 -162.906 233 1.2 0.9 2.4
2007.5918 -132.542 -163.128 234.3 1.2 0.9 2.5
2007.5945 -128.82 -163.35 235.2 1.3 0.9 2.5
2007.5973 -129.693 -164.127 231.1 1.3 0.9 2.6
2007.6000 -129.693 -164.016 231.4 1.3 0.9 2.6
2007.6027 -128.995 -164.682 234.8 1.2 0.9 2.6
2007.6055 -131.147 -164.571 232.7 1.2 0.9 2.5
2007.6082 -130.972 -162.684 235.2 1.2 0.9 2.6
2007.6110 -126.785 -164.571 238 1.4 0.9 2.6
2007.6137 -130.1 -162.573 237.2 1.3 0.9 2.5
2007.6164 -130.042 -162.239 231.3 1.2 0.9 2.5
2007.6192 -132.426 -165.349 232.6 1.4 1.0 2.7
2007.6219 -126.436 -166.57 235.2 1.4 1.0 2.7
2007.6247 -129.053 -162.128 233.6 1.3 0.9 2.7
2007.6274 -133.24 -162.795 237 1.3 0.9 2.6
2007.6301 -130.042 -163.461 238.3 1.3 1.0 2.6
2007.6329 -129.751 -164.905 241.2 1.3 0.9 2.6
2007.6356 -132.484 -165.46 240.7 1.3 0.9 2.5
2007.6384 -130.332 -162.684 235.9 1.3 0.9 2.6
2007.6411 -131.961 -163.017 236.1 1.2 0.9 2.6
2007.6438 -134.113 -163.35 241.2 1.2 0.9 2.6
2007.6466 -129.693 -163.572 234.7 1.3 0.9 2.7
2007.6493 -130.042 -162.684 240.2 1.3 0.9 2.6
2007.6521 -128.878 -164.46 239.3 1.3 0.9 2.6
2007.6548 -127.483 -164.682 244.3 1.3 1.0 2.6
2007.6603 -126.029 -167.57 245.6 1.7 1.1 3.1
2007.6658 -132.193 -162.573 239.7 1.2 0.9 2.5
2007.6685 -128.588 -163.239 239.9 1.3 0.9 2.5
2007.6712 -130.332 -163.128 243.5 1.2 0.9 2.6
2007.6740 -132.542 -161.906 242.7 1.3 0.9 2.5
2007.6767 -131.03 -165.571 242.2 1.3 0.9 2.6
2007.6795 -133.415 -164.016 244.7 1.2 0.9 2.5
2007.6822 -130.158 -161.795 241.7 1.2 0.9 2.5
2007.6849 -133.124 -165.127 237.9 1.3 0.9 2.6
2007.6877 -131.495 -163.794 234.6 1.3 1.0 2.7
2007.6904 -128.297 -163.239 238.9 1.3 1.0 2.6
2007.6932 -130.39 -164.016 245.5 1.3 0.9 2.5
2007.6959 -131.844 -162.906 236.9 1.3 0.9 2.6
2007.6986 -130.216 -164.571 242.9 1.2 0.9 2.5
2007.7014 -133.706 -169.124 247.6 1.2 0.9 2.5
2007.7041 -129.867 -165.571 248.2 1.3 0.9 2.5
2007.7068 -131.147 -164.905 246.6 1.2 0.9 2.6
2007.7096 -132.252 -163.683 243.7 1.2 0.9 2.6
2007.7123 -129.46 -164.238 241 1.2 0.9 2.5
2007.7151 -129.925 -168.014 245.7 1.4 1.0 2.6
2007.7178 -133.066 -163.128 241 1.1 0.9 2.5
2007.7205 -135.508 -164.238 238.9 1.2 0.9 2.5
2007.7233 -131.147 -165.349 239.7 1.2 0.9 2.5
2007.7260 -132.193 -164.349 241.8 1.2 0.9 2.5
2007.7288 -128.646 -164.016 241 1.2 0.9 2.5
2007.7315 -126.319 -164.238 245.8 1.2 0.9 2.5
2007.7342 -132.6 -164.794 241.5 1.2 0.9 2.6
2007.7370 -131.612 -167.681 250.2 1.2 0.9 2.5
2007.7397 -131.379 -162.573 237.9 1.2 0.9 2.6
2007.7425 -132.368 -164.127 247.3 1.2 0.9 2.6
2007.7452 -130.739 -162.462 243.3 1.3 0.9 2.6
2007.7479 -131.088 -165.46 241.6 1.2 0.9 2.5
2007.7507 -131.67 -163.239 242.4 1.2 0.9 2.6
2007.7534 -133.822 -166.348 238.4 1.2 0.9 2.6
2007.7562 -131.728 -166.57 239.5 1.2 0.9 2.6
2007.7589 -135.45 -164.905 244.1 1.2 0.9 2.5
2007.7616 -127.541 -165.016 242.5 1.2 0.9 2.5
2007.7644 -133.764 -163.461 241.7 1.2 0.9 2.5
2007.7671 -131.495 -164.571 246.5 1.2 0.9 2.5
2007.7699 -130.449 -164.016 240.8 1.3 1.0 2.7
2007.7726 -135.218 -164.46 232.5 1.4 1.0 2.8
2007.7753 -131.786 -163.683 244.3 1.3 1.0 2.7
2007.7781 -129.983 -162.017 242 1.2 0.9 2.5
2007.7808 -131.088 -163.683 247 1.2 0.9 2.5
2007.7836 -131.728 -162.462 251.6 1.2 0.9 2.5
2007.7863 -135.974 -163.017 249 1.2 0.9 2.5
2007.7890 -131.903 -161.351 247.8 1.2 0.9 2.5
2007.7918 -133.822 -165.46 241.5 1.2 0.9 2.5
2007.7945 -133.88 -165.238 242.3 1.2 0.9 2.6
2007.7973 -130.972 -165.793 244.5 1.3 1.0 2.6
2007.8000 -132.775 -163.35 246.4 1.2 0.9 2.5
2007.8027 -131.03 -164.682 247.9 1.2 0.9 2.5
2007.8055 -132.077 -163.128 241.7 1.2 0.9 2.5
2007.8082 -142.546 -161.24 253.5 1.2 0.9 2.6
2007.8110 -131.321 -163.128 245.8 1.3 1.0 2.5
2007.8137 -131.903 -162.35 253.5 1.3 1.0 2.7
2007.8192 -133.008 -165.127 228.9 1.3 1.0 2.7
2007.8219 -134.403 -160.685 241.5 1.2 0.9 2.5
2007.8247 -134.927 -161.573 241.3 1.2 0.9 2.5
2007.8274 -133.706 -163.905 239 1.2 0.9 2.5
2007.8301 -134.578 -165.904 238.5 1.2 0.9 2.6
2007.8329 -136.148 -162.795 247.4 1.3 1.0 2.8
2007.8521 -135.799 -163.017 244.9 1.3 1.0 2.6
2007.8548 -136.032 -165.127 238.5 1.3 0.9 2.7
2007.8575 -135.218 -164.349 242.8 1.3 0.9 2.6
2007.8603 -134.927 -163.683 239.9 1.2 0.9 2.6
2007.8630 -137.428 -164.46 240.4 1.2 0.9 2.5
2007.8658 -138.067 -166.459 244.5 1.3 0.9 2.6
2007.8685 -136.846 -166.792 241.5 1.3 0.9 2.6
2007.8712 -135.567 -168.125 241.5 1.2 0.9 2.5
2007.8740 -134.578 -166.681 245 1.3 0.9 2.6
2007.8767 -138.474 -169.013 235.1 1.7 1.0 3.1
2007.8795 -136.497 -168.347 242.9 1.2 0.9 2.6
2007.8822 -136.788 -166.459 241.9 1.2 0.9 2.5
2007.8849 -135.916 -165.571 241 1.3 0.9 2.5
2007.8877 -134.287 -164.571 241.7 1.4 0.9 2.7
2007.8904 -136.788 -164.682 241.3 1.3 0.9 2.6
2007.8932 -135.45 -164.682 241.3 1.2 0.9 2.5
2007.8959 -135.276 -165.682 240.5 1.3 0.9 2.6
2007.8986 -138.474 -165.349 237.3 1.3 1.0 2.7
2007.9014 -135.974 -165.127 232.1 1.2 0.9 2.6
2007.9041 -143.069 -163.905 243.2 1.3 0.9 2.6
2007.9068 -136.497 -165.793 230.3 1.3 0.9 2.6
2007.9123 -138.765 -165.682 227.5 1.4 1.0 2.7
2007.9151 -134.171 -165.682 229.3 1.4 0.9 2.5
2007.9178 -136.439 -167.348 244.1 1.3 0.9 2.5
2007.9205 -140.394 -166.459 242.5 1.3 0.9 2.6
2007.9233 -135.043 -166.015 238.2 1.3 0.9 2.6
2007.9260 -135.159 -169.235 233 1.2 0.9 2.5
2007.9288 -136.962 -170.79 228.3 1.2 0.9 2.5
2007.9315 -133.182 -170.568 228.4 1.3 0.9 2.6
2007.9342 -135.508 -170.013 242.9 1.3 0.9 2.6
2007.9370 -134.113 -167.014 244.3 1.3 0.9 2.6
2007.9397 -133.88 -165.793 234.4 1.3 0.9 2.5
2007.9452 -135.625 -166.126 238 1.4 0.9 2.5
2007.9479 -138.707 -165.016 229.3 1.4 1.0 2.7
2007.9507 -134.927 -165.571 237.7 1.3 0.9 2.6
2007.9534 -138.765 -164.016 235.4 1.4 0.9 2.6
2007.9562 -136.904 -164.127 245 1.3 0.9 2.5
2007.9589 -136.264 -169.235 239.5 1.4 0.9 2.6
2007.9616 -138.3 -170.679 247 1.5 0.9 2.7
2007.9644 -139.87 -167.348 241.1 1.3 0.9 2.6
2007.9671 -141.673 -167.681 241 1.2 0.9 2.6
2007.9699 -139.172 -167.126 238.1 1.3 0.9 2.6
2007.9726 -141.092 -167.903 239.3 1.3 0.9 2.6
2007.9753 -142.72 -164.794 242.2 1.3 0.9 2.6
2007.9781 -138.474 -165.349 246.3 1.2 0.9 2.6
2007.9808 -137.66 -169.124 238.1 1.3 0.9 2.6
2007.9836 -134.752 -170.235 238.2 1.2 0.9 2.6
2007.9863 -141.382 -162.906 244.8 1.3 0.9 2.6
2007.9890 -138.126 -166.903 236.8 1.3 0.9 2.6
2007.9918 -138.242 -167.792 238.6 1.3 1.0 2.6
2007.9945 -134.985 -169.569 246.3 1.3 0.9 2.6
2007.9973 -137.428 -170.679 244.8 1.3 1.0 2.7
2008.0000 -137.079 -172.123 245.8 1.3 0.9 2.6
2008.0027 -134.927 -171.123 251.1 1.3 0.9 2.6
2008.0055 -134.52 -167.348 257.4 1.2 0.9 2.5
2008.0082 -135.218 -170.79 244.3 1.2 0.9 2.5
2008.0110 -137.311 -168.458 248.1 1.2 0.9 2.5
2008.0137 -138.882 -167.459 247.3 1.3 0.9 2.5
2008.0164 -137.835 -167.57 243.5 1.2 1.0 2.6
2008.0192 -137.079 -170.346 246.8 1.2 0.9 2.5
2008.0247 -133.589 -167.126 253.4 1.5 1.3 3.2
2008.0274 -137.486 -168.902 244 1.2 0.9 2.5
2008.0301 -137.951 -167.57 243.4 1.2 0.9 2.5
2008.0329 -135.916 -169.124 244.1 1.2 0.9 2.6
2008.0356 -143.011 -167.57 259.2 1.2 0.9 2.5
2008.0384 -141.382 -168.902 252.5 1.2 0.9 2.5
2008.0411 -141.266 -166.57 253.1 1.2 0.9 2.5
2008.0438 -137.311 -166.126 243.8 1.2 1.0 2.6
2008.0466 -137.021 -165.238 239.3 1.2 0.9 2.6
2008.0493 -134.694 -166.237 239.8 1.2 0.9 2.5
2008.0521 -134.287 -166.126 234.2 1.2 0.9 2.5
2008.0548 -133.589 -166.015 233.5 1.2 0.9 2.5
2008.0575 -132.891 -167.126 235.2 1.2 0.9 2.6
2008.0603 -137.893 -164.349 242.8 1.2 0.9 2.5
2008.0630 -135.741 -167.014 241.2 1.2 0.9 2.5
2008.0658 -135.799 -166.681 243.2 1.2 0.9 2.5
2008.0685 -135.101 -168.014 243.8 1.2 0.9 2.5
2008.0712 -137.253 -166.015 242.4 1.2 0.9 2.5
2008.0740 -142.08 -165.904 253.4 1.2 0.9 2.5
2008.0767 -136.497 -168.014 244 1.2 0.9 2.5
2008.0795 -133.88 -169.569 246.7 1.5 1.0 2.7
2008.0822 -134.752 -168.791 239.9 1.3 1.0 2.6
2008.0849 -135.392 -167.237 243.1 1.2 0.9 2.5
2008.0877 -134.636 -169.346 240 1.2 0.9 2.6
2008.0904 -134.694 -167.903 236.3 1.3 0.9 2.5
2008.0932 -134.811 -168.236 231.9 1.2 0.9 2.6
2008.0986 -136.206 -168.347 239.1 1.3 0.9 2.5
2008.1014 -136.497 -167.57 236 1.3 0.9 2.6
2008.1041 -138.067 -168.569 236.6 1.3 0.9 2.6
2008.1068 -134.229 -168.791 237.4 1.2 0.9 2.5
2008.1096 -132.31 -169.791 235.8 1.3 0.9 2.6
2008.1123 -133.182 -170.901 240.2 1.3 0.9 2.6
2008.1151 -136.206 -169.124 234.7 1.2 0.9 2.6
2008.1178 -129.925 -170.79 233.9 2.7 1.8 5.0
2008.1205 -136.613 -166.57 236 1.2 0.9 2.5
2008.1233 -139.347 -169.902 234.6 1.2 0.9 2.5
2008.1260 -136.09 -168.791 233.5 1.2 0.9 2.6
2008.1288 -133.647 -168.569 240.8 1.2 0.9 2.5
2008.1315 -138.707 -165.016 234.6 1.2 0.9 2.5
2008.1342 -136.206 -169.235 233.7 1.2 0.9 2.5
2008.1370 -138.533 -168.014 232.4 1.2 0.9 2.6
2008.1397 -135.567 -168.014 235 1.2 0.9 2.5
2008.1425 -137.486 -169.457 232.1 1.2 0.9 2.5
2008.1452 -137.486 -167.903 239.9 1.2 0.9 2.5
2008.1479 -138.242 -167.792 240.4 1.2 0.9 2.5
2008.1507 -136.672 -168.014 238.8 1.2 0.9 2.5
2008.1534 -136.73 -166.57 240.4 1.2 0.9 2.5
2008.1562 -138.3 -168.902 236.6 1.2 0.9 2.5
2008.1589 -136.613 -169.346 236.8 1.2 0.9 2.5
2008.1616 -137.195 -167.681 238.1 1.2 0.9 2.5
2008.1644 -136.672 -170.235 237.4 1.2 0.9 2.5
2008.1671 -137.079 -169.013 239 1.2 0.9 2.5
2008.1699 -140.917 -171.789 237.3 1.2 0.9 2.5
2008.1726 -138.707 -170.013 232.4 1.2 0.9 2.6
2008.1753 -135.334 -167.903 235.4 1.2 0.9 2.5
2008.1781 -135.799 -169.235 239 1.3 0.9 2.5
2008.1808 -137.486 -167.014 231.4 1.2 0.9 2.5
2008.1836 -136.497 -171.678 237.6 1.2 0.9 2.5
2008.1863 -135.741 -168.791 235.2 1.2 0.9 2.5
2008.1890 -137.428 -173.233 237.7 1.5 1.0 2.8
2008.1945 -135.276 -170.79 241.9 1.3 0.9 2.5
2008.1973 -140.394 -168.347 234.3 1.2 0.9 2.5
2008.2000 -135.916 -173.233 242.6 2.0 1.5 3.9
2008.2027 -137.021 -170.013 238.8 1.3 1.0 2.6
2008.2055 -136.032 -169.569 237.9 1.3 1.0 2.7
2008.2082 -136.148 -169.457 242.4 1.2 0.9 2.5
2008.2110 -136.09 -170.457 230.2 1.2 0.9 2.6
2008.2137 -134.752 -169.457 230.6 1.2 0.9 2.6
2008.2164 -137.253 -172.789 229.3 1.2 0.9 2.6
2008.2192 -136.962 -170.457 240.9 1.2 0.9 2.6
2008.2219 -136.73 -173.233 232.5 1.2 0.9 2.6
2008.2247 -135.857 -173.566 235.3 1.2 0.9 2.6
2008.2274 -138.94 -171.901 228.3 1.3 0.9 2.5
2008.2301 -137.66 -172.789 241.1 1.2 0.9 2.5
2008.2329 -139.638 -170.901 239 1.3 0.9 2.6
2008.2356 -135.45 -173.455 240.9 1.4 0.9 2.5
2008.2384 -136.439 -169.569 236.6 1.4 1.0 2.6
2008.2411 -138.067 -170.124 237.6 1.3 0.9 2.5
2008.2438 -138.416 -169.235 241.1 1.2 0.9 2.5
2008.2466 -138.707 -170.679 239.9 1.2 0.9 2.5
2008.2493 -137.486 -170.346 241.5 1.3 0.9 2.5
2008.2521 -139.754 -170.679 236.6 1.4 0.9 2.6
2008.2548 -137.893 -168.902 231.6 1.4 0.9 2.6
2008.2575 -129.925 -173.788 240.9 1.3 0.9 2.5
2008.2603 -138.765 -168.014 232 1.3 0.9 2.5
2008.2630 -139.987 -168.791 236.7 1.3 0.9 2.5
2008.2658 -138.707 -168.569 234.4 1.4 1.0 2.6
2008.2685 -136.555 -171.123 243.4 1.3 0.9 2.5
2008.2712 -140.219 -172.123 244.7 1.3 0.9 2.5
2008.2740 -138.416 -171.345 240.1 1.3 0.9 2.5
2008.2767 -140.452 -171.123 238.9 1.3 0.9 2.5
2008.2795 -140.103 -170.901 241.2 1.3 0.9 2.5
2008.2822 -138.126 -169.124 245.4 1.4 0.9 2.6
2008.2849 -139.87 -172.012 235.4 1.3 0.9 2.5
2008.2877 -143.709 -169.791 231.6 1.2 0.9 2.5
2008.2904 -139.114 -170.568 237.1 1.3 1.0 2.5
2008.2932 -140.568 -169.902 238.4 1.3 1.0 2.6
2008.2959 -142.836 -169.235 238.1 1.3 0.9 2.5
2008.2986 -137.544 -170.79 235.5 1.3 0.9 2.5
2008.3014 -139.521 -169.791 235.8 1.3 0.9 2.5
2008.3041 -138.184 -170.679 238 1.3 0.9 2.5
2008.3068 -134.113 -173.011 237.9 1.3 0.9 2.5
2008.3096 -137.66 -170.235 244.8 1.3 0.9 2.5
2008.3151 -137.602 -171.123 240.5 1.3 0.9 2.6
2008.3178 -138.533 -171.901 240.3 1.3 0.9 2.5
2008.3205 -139.405 -174.788 246.8 1.4 1.0 2.6
2008.3233 -138.823 -173.455 235.7 1.3 1.0 2.5
2008.3260 -138.823 -172.678 242.3 1.3 0.9 2.5
2008.3288 -136.904 -171.678 238.5 1.2 0.9 2.6
2008.3342 -140.452 -172.234 248.4 1.8 1.3 3.5
2008.3370 -140.626 -170.901 242.6 1.3 0.9 2.5
2008.3397 -141.615 -171.678 239.4 1.2 0.9 2.5
2008.3425 -137.428 -170.79 241.6 1.4 1.0 2.7
2008.3452 -141.092 -172.456 243.1 1.4 1.0 2.7
2008.3479 -141.092 -171.901 233.8 1.3 0.9 2.6
2008.3507 -139.87 -171.234 240.6 1.2 0.9 2.5
2008.3534 -141.557 -171.901 243.6 1.3 0.9 2.5
2008.3562 -139.521 -172.345 242.6 1.5 1.0 2.8
2008.3589 -139.754 -172.789 242.8 1.3 0.9 2.6
2008.3616 -142.313 -173.566 235.8 1.2 0.9 2.5
2008.3644 -140.161 -172.234 241.8 1.3 0.9 2.5
2008.3671 -141.964 -172.123 244.7 1.2 0.9 2.5
2008.3699 -141.15 -171.345 246.2 1.3 0.9 2.5
2008.3726 -137.835 -170.346 244.9 2.4 1.9 4.7
2008.3753 -140.394 -173.677 249.6 1.7 1.2 3.3
2008.3781 -141.208 -171.123 242.5 1.3 0.9 2.6
2008.3808 -142.255 -170.79 244.4 1.4 1.0 2.6
2008.4192 -138.823 -172.789 249.4 1.2 0.9 2.5
2008.4219 -139.289 -174.899 243 1.2 0.9 2.5
2008.4247 -138.591 -172.789 246.7 1.3 0.9 2.5
2008.4274 -139.405 -172.789 245.2 1.3 0.9 2.6
2008.4301 -139.812 -173.122 243.2 1.3 0.9 2.6
2008.4329 -140.51 -174.01 248.7 1.2 0.9 2.6
2008.4356 -141.906 -173.233 245.6 1.2 0.9 2.6
2008.4384 -139.347 -173.455 244.1 1.3 0.9 2.6
2008.4438 -141.441 -172.789 241.9 1.5 1.0 2.8
2008.4466 -140.452 -171.012 241.6 1.2 0.9 2.6
2008.4493 -139.754 -174.899 244.7 1.2 0.9 2.6
2008.4521 -140.103 -174.233 243.5 1.3 0.9 2.5
2008.4548 -138.649 -172.9 246.3 1.3 0.9 2.6
2008.4575 -138.649 -171.123 239.9 1.5 1.0 2.6
2008.4603 -137.486 -175.454 241.9 1.4 0.9 2.7
2008.4630 -140.161 -175.454 243.2 1.3 0.9 2.6
2008.4658 -152.723 -173.677 230.9 2.5 1.4 4.3
