2003.7863 0 0 0 5.4 2.7 10.8
2003.7890 -20.1991 -13.7665 26.6 4.7 3.6 10.0
2004.7973 -11.1495 -24.3134 47.7 2.4 1.5 5.7
2007.7260 -13.8494 -77.7142 29.4 2.5 1.3 5.3
2007.7288 -8.49962 -75.4938 42.8 2.3 1.3 4.8
2007.7315 -15.6993 -75.3827 49.8 2.2 1.2 4.6
2007.7342 -4.4498 -80.9338 46.4 2.5 1.5 4.9
2008.5397 4.09982 -94.5892 26 2.4 1.3 4.9
2008.5425 -9.29958 -84.9305 26.1 2.4 1.4 5.2
2009.5260 -25.6488 -97.9199 20 2.7 1.7 5.8
2009.5288 -17.2992 -104.137 23.8 2.3 1.4 5.3
2009.5315 -14.8993 -103.693 12.3 2.3 1.4 4.9
2009.5342 -25.2989 -104.47 22.8 2.3 1.4 5.2
2009.5370 -23.5489 -102.472 29.1 2.3 1.5 5.6
2009.5397 -14.4493 -104.47 25.3 2.2 1.3 5.1
2009.5425 -16.6493 -103.471 26.4 2.3 1.3 5.1
2009.5452 -5.19977 -107.579 18.1 2.4 1.4 5.6
2009.5479 -12.8994 -111.464 22.6 2.7 1.6 6.1
2010.7151 -13.5994 -129.672 29.4 2.4 1.5 5.4
2010.7178 -15.9993 -123.455 24.5 2.1 1.2 4.5
2010.7205 -20.5491 -123.899 19.9 2.1 1.3 4.7
2010.7233 -15.9993 -124.01 6.8 2.1 1.3 4.7
2011.7205 -24.2489 -141.995 38.5 2.6 1.4 5.1
2011.7233 -30.8986 -141.884 36.6 2.6 1.3 5.0
2011.7260 -30.0486 -139.886 36.1 2.4 1.3 4.9
2011.7288 -24.3989 -136.666 60.4 5.8 2.0 8.3
2012.6438 -26.6488 -158.648 41.4 2.0 1.2 4.2
2012.6466 -17.9492 -157.871 36.1 2.2 1.2 4.4
2012.6493 -20.8991 -154.873 18.5 2.1 1.2 4.3
2012.6521 -31.6486 -152.986 46 2.4 1.5 4.7
2013.7342 -29.7487 -187.402 24.5 3.2 1.9 7.3
2013.7370 -24.1989 -184.516 19.8 2.5 1.4 5.4
2013.7397 -24.5489 -183.405 36.4 2.4 1.4 5.2
2013.7425 -19.1491 -185.848 21 2.4 1.4 5.3
2013.7452 -9.49957 -177.077 56.8 6.0 2.4 10.3
2014.7315 -34.7984 -192.62 41.5 2.7 1.7 6.4
2014.7342 -32.5985 -196.173 32.5 2.4 1.4 4.9
2014.7370 -32.6485 -187.735 13 2.2 1.6 4.9
2014.7397 -37.3983 -197.949 16.8 2.8 1.6 5.1
2015.6575 -29.4487 -216.6 30.6 4.3 2.7 8.4
2015.6603 -36.6983 -213.603 44.4 2.4 1.4 4.9
2015.6630 -41.5481 -209.051 51.1 2.4 1.4 5.1
2015.6658 -35.8984 -207.83 30.5 3.1 1.9 6.4
2016.7726 -46.9979 -232.809 14.8 1.9 1.3 4.8
2016.7753 -53.6476 -225.926 11.6 1.7 1.1 4.2
2016.7781 -57.5474 -224.816 40 1.8 1.1 4.4
2016.7808 -53.0476 -226.592 41.1 1.7 1.2 4.3
2017.5699 -52.1477 -249.018 35.1 2.3 1.5 5.7
2017.5726 -54.4975 -248.352 54 2.0 1.2 4.9
2017.5753 -57.8974 -244.911 39.4 1.9 1.1 4.6
2017.5781 -55.2475 -245.244 51 2.0 1.1 4.6
2017.5808 -68.2469 -247.353 42.1 3.8 1.8 7.2
2018.5178 -63.1472 -267.226 21.1 1.8 1.0 4.1
2018.5205 -62.6472 -262.674 30.8 1.8 1.1 4.3
2018.5233 -63.5471 -265.782 16.8 1.8 1.0 4.3
2019.5123 -69.6969 -286.654 46.5 1.7 1.1 4.4
2019.5151 -74.8466 -283.546 42.7 1.7 1.0 4.1
2019.5178 -73.1967 -283.657 51.6 1.6 1.0 4.2
2019.6685 -69.8969 -287.098 54.9 2.3 1.3 5.3
2019.6712 -65.747 -286.099 18.1 1.8 1.1 4.3
2019.6740 -72.3967 -288.431 13.4 1.7 1.1 4.3
2019.6767 -65.647 -287.098 25.5 1.7 1.1 4.2
2019.6795 -67.547 -282.102 33.6 2.1 1.2 5.1
2020.5260 -72.4967 -305.75 35.8 2.2 1.4 4.9
2020.5288 -72.2467 -305.084 5.7 2.3 1.4 5.3
2020.7123 -73.2467 -302.308 32.3 2.1 1.2 5.0
