2018.1397 0 0 0 1.5 0.7 3.3
2018.1425 0.520415 -1.66907 -4.3 1.5 0.7 3.3
2018.1452 2.70616 -2.00288 1.2 1.5 0.7 3.2
2018.1479 1.04083 -2.44797 -8.3 1.7 0.8 3.6
2018.1507 -2.81024 -3.33814 -5.4 1.6 0.7 3.5
2018.1534 -3.74698 2.89305 -2 1.6 0.7 3.6
2018.1562 -3.22657 -4.11703 -5 1.6 0.7 3.5
2018.1589 -2.49799 -1.11271 -11 1.5 0.7 3.4
2018.1616 -3.0184 -2.00288 0.8 1.6 0.7 3.5
2018.1644 -0.624497 -4.67339 0.2 1.6 0.7 3.5
2018.1671 -4.99598 -0.667627 -1.1 1.6 0.7 3.5
2018.1699 0.832663 -0.556356 5.4 1.6 0.7 3.4
2018.1726 1.35308 -0.222542 -0.2 1.5 0.7 3.2
2018.1753 -1.66533 -1.66907 2.3 1.5 0.7 3.4
2018.1781 -2.18574 -0.556356 8.3 1.6 0.7 3.2
2018.1808 -2.18574 1.00144 0 1.5 0.7 3.2
2018.1836 -4.68373 1.22398 -2.9 1.5 0.7 3.2
2018.1863 -5.41231 0.333814 -7.7 1.5 0.7 3.2
2018.1890 -1.56124 0.222542 -3.7 1.4 0.7 3.1
2018.1918 -1.87349 -0.89017 2.2 1.4 0.7 3.0
2018.1945 -0.312248 -0.89017 8.2 1.4 0.7 3.1
2018.1973 -3.22657 1.5578 -11.6 1.4 0.7 3.2
2018.2000 -4.05923 -0.89017 -9.5 1.5 0.7 3.4
2018.2027 -7.70213 -1.78034 -10.8 1.5 0.7 3.2
2018.2055 1.45716 1.22398 -7.3 1.4 0.7 3.0
2018.2082 -4.89189 1.00144 -3.5 1.4 0.7 2.9
2018.2110 -8.01438 0.556356 5.1 1.4 0.7 3.1
2018.2137 -6.24497 1.5578 1.4 1.4 0.7 3.2
2018.2164 -6.14089 1.00144 3.5 1.4 0.7 3.1
2018.2192 -2.08166 0.333814 -7.9 1.4 0.7 3.2
2018.2219 -5.82864 0.445085 -5.7 1.4 0.7 3.1
2018.2247 -4.16332 0.89017 -2 1.4 0.7 3.1
2018.2274 -8.22255 1.11271 -7.1 1.4 0.7 3.2
2018.2301 -0.312248 -0.778899 -16.6 1.5 0.7 3.1
2018.2329 -5.93272 0 -3.4 1.4 0.7 3.2
2018.2356 -3.53882 2.55924 -22.9 1.4 0.7 3.1
2018.2384 -7.70213 1.5578 -3.6 1.4 0.7 3.1
2018.2411 -7.38988 0.89017 5.2 1.4 0.7 3.1
2018.2438 -6.55722 0.333814 0.2 1.4 0.7 3.1
2018.2466 -4.47556 0 -2.6 1.5 0.7 3.1
2018.2493 -6.76539 0.89017 4.2 1.5 0.7 3.3
2018.2521 -6.55722 0.333814 7.1 1.5 0.7 3.2
2018.2548 -4.57965 0.333814 -2.7 1.4 0.7 3.2
2018.2575 -4.05923 -2.55924 -0.2 1.5 0.7 3.2
2018.2603 -8.11847 0.445085 -8.9 1.4 0.7 3.3
2018.2630 -8.32663 4.11703 -7.1 1.5 0.7 3.4
2018.2658 -1.97757 -0.111271 8.6 1.5 0.7 3.3
2018.2685 -5.51639 1.44653 -7.3 1.5 0.7 3.4
2018.2712 -3.85106 1.44653 -9.7 1.5 0.7 3.3
2018.2740 -5.62048 1.33525 -6.8 1.4 0.7 3.0
2018.2767 -7.59805 1.78034 -0.6 1.5 0.7 3.2
2018.2795 -7.38988 1.33525 1.9 1.6 0.7 3.3
2018.2822 -3.22657 -0.445085 1.2 1.6 0.7 3.4
2018.2849 -4.68373 1.11271 -2.3 1.6 0.8 4.0
2018.2877 -7.80622 6.23119 16.6 1.7 0.9 4.1
2018.2904 -7.38988 0 -4.1 1.5 0.8 3.5
2018.2932 0.832663 1.33525 2 1.5 0.8 3.5
2018.2959 -5.10006 1.5578 2.7 1.5 0.7 3.4
2018.2986 -5.82864 1.5578 7.3 1.5 0.7 3.3
2018.3014 -8.74296 2.11415 4.5 1.6 0.7 3.5
2018.3041 -10.2001 1.66907 15 1.5 0.7 3.3
2018.3068 -8.22255 1.5578 8.1 1.5 0.7 3.0
2018.3096 -6.86947 0.222542 9.4 1.5 0.7 3.2
2018.3123 -7.80622 1.89161 0.9 1.5 0.7 3.2
2018.3151 -13.0104 4.22831 4.7 1.5 0.7 3.2
2018.3178 -12.6981 4.89593 5.3 1.6 0.7 3.4
2018.3205 -11.4491 5.67483 -6.7 1.7 0.8 3.5
2018.3233 -6.55722 6.89881 -6.2 1.5 0.7 3.1
2018.3260 -8.32663 7.78898 -6.7 1.5 0.7 3.3
2018.3288 -13.9471 5.22975 -7.4 1.5 0.7 3.2
2018.3315 -7.18172 6.34246 -4.2 1.5 0.7 3.4
2018.3342 -9.47154 6.11992 -5.1 1.5 0.7 3.3
2018.3370 -11.7614 3.33814 -3.1 1.6 0.8 3.5
2018.3397 -9.05521 2.89305 5 1.6 0.8 3.6
2018.3425 -9.88787 4.11703 -3.7 1.5 0.7 3.1
2018.3452 -11.4491 4.22831 2.2 1.5 0.7 3.2
2018.3479 -9.26338 4.56212 0 1.5 0.7 3.2
2018.3507 -17.2778 6.45373 0 1.5 0.7 3.3
2018.3534 -6.97355 2.22542 5.4 1.5 0.7 3.3
2018.3562 -9.99196 3.44941 -1.8 1.6 0.7 3.3
2018.3589 -12.1777 6.34246 3.8 1.5 0.7 3.4
2018.3616 -9.78379 5.0072 5.4 1.5 0.7 3.2
2018.3644 -10.7205 4.89593 5.5 1.5 0.7 3.1
2018.3671 -10.7205 4.67339 2.8 1.5 0.7 3.2
2018.3699 -11.9695 5.67483 4.4 1.5 0.7 3.2
2018.3726 -18.1104 4.33958 9.9 1.5 0.7 3.2
2018.3753 -12.1777 5.22975 12.9 1.5 0.7 3.4
2018.3781 -14.5716 2.55924 9 1.5 0.7 3.2
2018.3808 -14.9879 4.45085 1.1 1.5 0.7 3.2
2018.3836 -14.4675 2.78178 5.8 1.6 0.7 3.4
2018.3863 -15.9247 7.45517 0.5 1.5 0.7 3.4
2018.3890 -15.6124 6.89881 -0.7 1.5 0.7 3.1
2018.3918 -18.0063 7.23263 8.2 1.5 0.7 3.3
2018.3945 -16.341 7.12136 4.9 1.5 0.7 3.3
2018.3973 -14.2594 4.22831 7.3 1.5 0.7 3.2
2018.4000 -19.2553 6.78754 3.3 1.6 0.7 3.5
2018.4027 -13.2185 5.45229 6 1.5 0.7 3.3
2018.4055 -18.4227 4.11703 5.6 1.5 0.7 3.3
2018.4082 -17.1737 3.22686 2.9 1.6 0.8 3.6
2018.4110 -12.9063 6.67627 7.5 1.5 0.7 3.5
2018.4137 -18.0063 5.11848 6.8 1.5 0.7 3.3
2018.4164 -16.2369 5.22975 10.3 1.5 0.7 3.3
2018.4192 -20.2962 6.565 6.7 1.5 0.7 3.3
2018.4247 -16.7573 4.78466 7.7 1.5 0.7 3.4
2018.4274 -19.5676 4.78466 6.5 1.4 0.7 3.3
2018.4301 -19.6717 7.3439 10.8 1.4 0.7 3.2
2018.4329 -18.839 6.11992 0.4 1.6 0.7 3.4
2018.4356 -21.5452 5.89737 20.4 1.6 0.7 3.4
2018.4384 -17.3818 9.34678 0.7 1.5 0.7 3.3
2018.4411 -21.5452 6.67627 5.2 1.5 0.7 3.3
2018.4438 -19.2553 7.12136 5 1.4 0.7 3.0
2018.4466 -13.0104 3.89449 2.7 1.5 0.7 3.3
2018.4493 -22.2737 7.12136 1.5 1.4 0.7 3.2
2018.4521 -20.4002 7.12136 5.5 1.5 0.7 3.1
2018.4548 -19.2553 6.23119 4.4 1.5 0.7 3.2
2018.4575 -25.084 7.01009 2.6 1.5 0.7 3.1
2018.4603 -22.6901 7.90026 3.1 1.5 0.7 3.2
2018.4630 -24.8758 10.9046 5.1 1.4 0.7 3.1
2018.4658 -19.4635 7.45517 4.2 1.5 0.7 3.2
2018.4685 -16.1328 8.1228 1.3 1.5 0.7 3.2
2018.4712 -18.5268 9.01297 0.5 1.5 0.7 3.2
2018.4740 -21.7533 7.23263 -5.4 1.5 0.7 3.2
2018.4767 -21.6492 8.45661 -3.6 1.5 0.7 3.2
2018.4795 -22.3778 8.79043 4.5 1.6 0.7 3.4
2018.4822 -19.7757 7.67771 6 1.5 0.7 3.2
2018.4849 -25.6044 6.34246 5.4 1.6 0.7 3.5
2018.4877 -18.9431 8.79043 6.7 1.6 0.7 3.5
2018.4904 -24.9799 5.56356 4.7 1.7 0.8 3.6
2018.4932 -22.7942 7.67771 6.3 1.5 0.7 3.2
2018.4959 -24.6676 6.67627 -4.2 1.5 0.7 3.2
2018.4986 -25.5003 7.12136 7.1 1.5 0.7 3.1
2018.5014 -23.0023 10.5708 7.2 1.5 0.7 3.3
2018.5041 -27.3738 5.45229 6.6 1.6 0.7 3.1
2018.5068 -23.6268 8.67915 9.9 1.5 0.7 3.2
2018.5096 -24.7717 10.3482 12.8 1.6 0.7 3.5
2018.5123 -21.8574 10.9046 6.8 1.5 0.7 3.3
2018.5151 -19.4635 9.01297 0.6 1.5 0.7 3.4
2018.5178 -23.2105 10.237 5 1.4 0.7 3.1
2018.5205 -26.4371 11.4609 2.5 1.5 0.7 3.2
2018.5233 -25.3962 8.67915 7.2 1.4 0.7 3.2
2018.5260 -24.2513 10.682 1.7 1.6 0.7 3.2
2018.5288 -29.1432 9.90314 9.2 1.5 0.7 3.4
2018.5315 -24.7717 10.237 0.1 1.5 0.7 3.3
2018.5342 -29.1432 11.3497 6.5 1.5 0.7 3.3
2018.5370 -28.5187 12.9075 -2.8 1.6 0.7 3.6
2018.5397 -24.2513 12.7962 1.7 1.5 0.7 3.3
2018.5425 -32.682 14.354 0.3 1.6 0.7 3.6
2018.5452 -28.935 15.4667 8.1 1.6 0.8 3.6
2018.5479 -32.0575 11.3497 3.5 1.6 0.7 3.5
2018.5507 -27.3738 13.3525 4.3 1.4 0.7 3.1
2018.5534 -23.2105 11.1271 6.1 1.4 0.7 3.1
2018.5562 -30.6004 12.4624 9.7 1.5 0.7 3.3
2018.5589 -27.582 11.0158 4.1 1.5 0.7 3.4
2018.5616 -29.6636 9.6806 5.5 1.5 0.7 3.3
2018.5644 -31.2249 10.237 1.2 1.4 0.7 3.2
2018.5671 -32.7861 11.2384 6.4 1.4 0.7 3.3
2018.5699 -28.5187 13.2413 5 1.4 0.7 3.2
2018.5726 -25.6044 13.0187 -0.6 1.4 0.7 3.1
2018.5753 -34.5555 14.4653 4.2 1.5 0.7 3.2
2018.5781 -30.7045 13.2413 6.6 1.5 0.8 3.5
2018.5808 -22.6901 11.4609 -10.5 1.5 0.7 3.5
2018.5836 -25.084 14.7991 0.6 1.5 0.7 3.5
2018.5863 -31.0167 13.13 16 1.5 0.7 3.4
2018.5890 -28.5187 14.0202 -0.7 1.5 0.7 3.1
2018.5918 -22.7942 17.8034 -3.3 1.6 0.8 3.4
2018.5945 -29.4555 12.5736 14.5 1.5 0.7 3.4
2018.5973 -29.7677 15.578 3.3 1.6 0.8 3.6
2018.6000 -27.7901 15.9118 -13.9 1.5 0.7 3.4
2018.6027 -25.084 16.802 1.8 1.5 0.7 3.3
2018.6055 -29.5595 13.5751 10 1.6 0.8 3.6
2018.6082 -20.6084 13.2413 -0.5 1.5 0.7 3.5
2018.6110 -32.2657 17.8034 4.9 1.4 0.7 3.1
2018.6137 -26.8534 17.1358 -0.2 1.4 0.7 3.2
2018.6164 -24.4595 17.6921 -2.8 1.5 0.7 3.4
2018.6192 -29.0391 17.6921 -11 1.5 0.7 3.3
2018.6219 -30.2881 16.3569 3.9 1.4 0.7 3.3
2018.6247 -29.9759 16.4681 3.6 1.6 0.7 3.3
2018.6274 -31.8494 15.4667 3.4 1.5 0.7 3.2
2018.6301 -32.5779 16.3569 9.8 1.5 0.7 3.5
2018.6329 -33.931 15.6892 -0.9 1.5 0.8 3.5
2018.6356 -34.9719 7.56644 0.1 1.4 0.7 3.3
2018.6384 -30.4963 13.9089 0.4 1.4 0.7 3.1
2018.6411 -33.3065 16.9132 -7.9 1.6 0.8 3.4
2018.6575 -30.184 12.6849 -3.4 1.4 0.7 3.3
2018.6603 -33.8269 16.0231 -1.2 1.4 0.7 3.2
2018.6630 -33.7229 18.2485 -9.6 1.4 0.7 3.4
2018.6658 -40.6964 19.1386 -7.4 1.4 0.7 3.1
2018.6685 -34.1392 17.0245 -1.9 1.4 0.7 3.1
2018.6712 -36.7413 13.6864 -8.7 1.4 0.7 3.1
2018.6740 -33.4106 15.8005 0.4 1.6 0.8 3.6
2018.6767 -33.2024 15.3554 6.5 1.5 0.7 3.3
2018.6795 -34.6596 14.2427 6.9 1.5 0.7 3.2
2018.6822 -35.4923 15.9118 3.9 1.6 0.7 3.2
2018.6849 -38.5107 17.1358 13.5 1.5 0.7 3.2
2018.6877 -39.5515 15.1329 5.2 1.4 0.7 3.2
2018.6904 -35.3882 19.0274 5.8 1.4 0.7 3.0
2018.6932 -38.1984 17.8034 -4.6 1.4 0.7 3.1
2018.6959 -39.9678 16.1343 0.7 1.4 0.7 3.3
2018.6986 -43.2985 13.7976 -7.6 1.5 0.8 3.5
2018.7014 -39.7597 16.802 -3.1 1.6 0.8 3.6
2018.7041 -32.8902 18.9161 3.6 1.5 0.8 3.3
2018.7068 -36.2208 17.4696 2.5 1.4 0.7 3.2
2018.7096 -36.2208 17.3583 4.8 1.4 0.7 3.2
2018.7123 -42.0495 17.1358 0.2 1.5 0.8 3.3
2018.7151 -36.8453 17.3583 -3.3 1.5 0.8 3.4
2018.7178 -36.3249 16.6907 -1 1.5 0.7 3.2
2018.7205 -36.429 21.6979 -7.3 1.4 0.7 3.2
2018.7233 -39.0311 18.5823 2.2 1.4 0.7 3.1
2018.7260 -37.2617 19.8063 1.3 1.5 0.7 3.3
2018.7288 -38.1984 17.0245 0.4 1.5 0.7 3.3
2018.7315 -41.3209 17.9147 -5.3 1.5 0.7 3.5
2018.7342 -35.0759 15.0216 -3.4 1.5 0.8 3.5
2018.7370 -36.429 21.0303 -5 1.5 0.8 3.6
2018.7397 -37.2617 18.0259 -4.1 1.7 0.8 4.3
2018.7425 -32.8902 16.1343 -3.7 1.5 0.8 3.6
2018.7452 -37.0535 17.5809 4.2 1.6 0.8 3.7
2018.7479 -36.8453 16.1343 1.6 1.6 0.8 3.9
2018.7507 -38.6148 21.3641 -0.5 1.6 0.8 3.9
2018.7534 -40.6964 20.0288 -10.1 1.7 0.8 3.8
2018.7562 -41.9454 18.2485 -8.3 1.6 0.8 3.7
2018.7589 -37.5739 20.0288 -7.4 1.7 0.8 3.8
2018.7616 -39.4474 17.4696 2.6 1.5 0.7 3.6
2018.7644 -42.2577 21.8092 1.1 1.6 0.8 3.8
2018.7671 -37.9903 20.3626 4.6 1.7 0.8 4.0
2018.7699 -38.0943 16.5794 -4.2 1.6 0.8 3.8
2018.7726 -41.5291 16.4681 -7.9 1.6 0.8 3.7
2018.7753 -48.5026 18.9161 3.6 1.6 0.8 3.5
2018.7781 -37.678 15.8005 -6.4 1.5 0.8 3.5
2018.7808 -42.9862 19.4725 -5 1.5 0.7 3.3
2018.7836 -41.3209 18.8048 -10.3 1.7 0.8 3.7
2018.7863 -40.3842 17.9147 -9.8 1.6 0.8 3.6
2018.7890 -42.4658 18.8048 1.8 1.6 0.8 3.5
2018.7918 -40.8005 20.8077 -7.6 1.6 0.8 3.7
2018.7945 -39.6556 19.695 -0.9 1.6 0.8 3.7
2018.7973 -43.6107 19.1386 -12 1.7 0.8 3.8
2018.8000 -42.5699 20.919 -8.7 1.6 0.8 3.7
2018.8027 -55.3721 19.2499 0.2 1.6 0.8 3.5
2018.8055 -43.8189 21.8092 -4.5 1.6 0.8 3.6
2018.8082 -45.5883 20.6964 -0.9 1.6 0.8 3.6
2018.8110 -45.9006 18.6936 -3.8 1.7 0.8 3.9
2018.8137 -41.1127 20.5852 -13.7 1.8 0.9 4.3
2018.8164 -43.2985 20.8077 -4.1 1.6 0.8 3.8
2018.8192 -40.4882 23.7008 -11.6 1.6 0.8 3.7
2018.8219 -38.1984 22.5881 -5.4 1.6 0.8 3.7
2018.8247 -39.2393 24.2571 -14.3 1.7 0.8 3.7
2018.8274 -44.2352 20.919 -9.8 1.7 0.8 4.1
2018.8301 -48.5026 22.6993 -27.6 1.8 0.9 4.2
2018.8329 -45.7965 23.812 -25.1 1.7 0.8 3.8
2018.8356 -49.6475 20.919 -8.3 1.6 0.8 3.4
2018.8384 -45.9006 20.6964 -1.9 1.6 0.8 3.6
2018.8411 -43.0903 21.8092 -5.1 1.6 0.8 3.6
2018.8438 -49.2312 20.2514 -16.2 1.9 0.9 4.2
2018.8466 -45.4842 20.8077 -2 1.6 0.8 3.5
2018.8493 -47.3577 21.0303 0.7 1.6 0.8 3.8
2018.8521 -46.5251 19.8063 2.4 1.6 0.8 3.7
2018.8548 -49.9598 21.1415 -1.1 1.6 0.8 3.6
2018.8603 -40.9046 19.1386 5.4 3.3 1.2 6.0
2018.8630 -45.4842 20.6964 2.3 1.6 0.8 4.0
2018.8658 -43.2985 23.4782 -2.1 1.6 0.8 3.7
2018.8685 -45.9006 25.7036 -8.2 1.6 0.8 3.5
2018.8712 -49.2312 24.3684 -0.8 1.7 0.8 3.8
2018.8740 -49.7516 22.6993 -2.4 1.5 0.7 3.4
2018.8767 -45.9006 22.9219 -0.1 1.5 0.7 3.0
2018.8795 -50.7925 23.1444 -0.8 1.5 0.7 3.4
2018.8822 -47.3577 22.3655 -3.4 1.5 0.7 3.3
2018.8849 -48.1904 22.8106 -2 1.5 0.7 3.3
2018.8877 -45.6924 21.6979 11.7 1.5 0.7 3.3
2018.8904 -42.8822 20.8077 0.8 1.6 0.7 3.4
2018.8932 -48.6067 24.0346 -3.7 1.7 0.7 3.2
2018.8959 -46.8373 23.4782 -6.3 1.5 0.7 3.4
2018.8986 -50.168 25.7036 -5.1 1.7 0.8 3.7
2018.9014 -50.6884 22.5881 -6.3 1.5 0.7 3.1
2018.9041 -49.2312 23.1444 -1.8 1.7 0.7 3.4
2018.9068 -47.2536 23.4782 -3.3 1.5 0.7 3.0
2018.9096 -50.4802 23.4782 1 1.6 0.7 3.1
2018.9123 -53.0823 24.0346 -8 1.6 0.7 3.1
2018.9151 -55.5803 27.0389 4.3 1.6 0.7 3.7
2018.9178 -52.4578 27.3727 -3.3 1.5 0.7 3.3
2018.9205 -48.5026 27.0389 -11.2 1.6 0.7 3.5
2018.9233 -48.1904 24.1459 -3.5 1.6 0.7 3.4
2018.9260 -49.8557 23.812 15.1 1.8 0.8 3.7
2018.9288 -55.3721 25.5924 11.4 1.9 0.8 3.9
2018.9315 -56.7252 25.3698 -2.8 1.8 0.8 4.1
2018.9342 -47.5659 25.7036 -0.3 1.6 0.8 3.7
2018.9370 -49.023 27.1502 0.5 1.6 0.7 3.6
2018.9397 -51.2088 26.9276 2.6 1.7 0.8 3.7
2018.9425 -50.8965 25.9262 -1.6 1.6 0.8 3.6
2018.9452 -51.7292 26.7051 -18.1 1.7 0.8 3.9
2018.9479 -58.5987 29.1531 -5 1.9 0.8 4.0
2018.9507 -51.9374 23.9233 -13.8 1.6 0.8 3.7
2018.9534 -53.3945 23.5895 -1.4 1.7 0.8 3.7
2018.9562 -54.9558 26.3713 2.7 1.6 0.7 3.4
2018.9589 -54.5394 25.1473 -3.7 1.6 0.7 3.6
2018.9616 -55.9966 24.9248 3.2 1.7 0.7 3.6
2018.9644 -57.0374 26.0375 -4 1.6 0.7 3.6
2018.9671 -57.5578 24.1459 7.2 1.6 0.8 3.6
2018.9699 -55.8925 27.0389 4.3 1.6 0.8 3.7
2018.9726 -58.5987 25.3698 -3.6 1.6 0.8 3.6
2018.9753 -61.3048 23.812 4.1 1.8 0.8 4.0
2018.9781 -59.9517 28.5967 8.9 1.9 0.8 4.2
2018.9808 -56.6211 27.2614 -1.1 1.8 0.8 4.2
2018.9836 -54.5394 28.2629 0 1.9 0.9 4.5
2018.9863 -57.8701 30.7109 -8.4 1.7 0.8 4.1
2018.9890 -54.6435 28.9305 0 1.6 0.8 3.7
2018.9918 -58.3905 29.2643 -6.9 1.7 0.8 3.8
2018.9945 -56.517 32.1574 -1.5 1.9 0.8 4.2
2018.9973 -57.2456 29.5981 -0.8 1.8 0.8 4.2
2019.0000 -56.4129 28.3742 -5.9 1.8 0.8 4.0
2019.0027 -59.3272 32.2686 -10.2 1.9 0.9 4.6
2019.0055 -56.4129 27.8178 -8.6 1.6 0.8 3.8
2019.0082 -56.9333 28.708 -15.3 1.8 0.8 4.1
2019.0110 -58.0783 27.1502 -13.1 1.6 0.8 3.6
2019.0137 -59.4313 28.708 -1 1.6 0.8 4.0
2019.0164 -58.3905 30.2658 -2.9 1.7 0.8 4.0
2019.0192 -55.7884 29.2643 -3.8 1.5 0.8 3.6
2019.0219 -55.4762 28.5967 4.4 1.6 0.8 3.7
2019.0247 -57.6619 29.0418 1.4 1.6 0.8 3.9
2019.0274 -53.4986 28.4854 5.4 1.5 0.8 3.8
2019.0301 -60.6803 30.9334 -0.3 1.7 0.8 4.2
2019.0329 -56.2048 28.3742 5.6 1.7 0.8 3.8
2019.0356 -50.3761 30.9334 -1.3 1.7 0.8 4.0
2019.0384 -56.517 33.9377 6.9 1.5 0.8 3.7
2019.0411 -54.7476 32.6025 -0.2 1.6 0.8 3.7
2019.0438 -56.8293 30.8221 4.7 1.5 0.7 3.4
2019.0466 -56.2048 33.0475 -1.3 1.5 0.7 3.7
2019.0493 -58.3905 29.8207 -11.2 1.5 0.8 3.7
2019.0521 -56.517 32.4912 -6.3 1.6 0.8 3.7
2019.0548 -56.9333 30.7109 -3.8 1.8 0.9 4.3
2019.0575 -55.5803 29.0418 -9.5 1.8 0.9 4.0
2019.0603 -60.6803 28.3742 4.4 1.7 0.7 3.2
2019.0630 -62.762 30.4883 5.7 1.5 0.7 3.2
2019.0658 -61.6171 31.2672 8.3 1.4 0.7 3.3
2019.0685 -60.7844 30.2658 -0.8 1.5 0.7 3.4
2019.0712 -56.6211 33.2701 -2.7 1.6 0.8 3.9
2019.0740 -58.5987 32.3799 1 1.6 0.7 3.4
2019.0767 -58.2864 32.6025 -6.4 1.5 0.8 3.9
2019.0795 -63.1783 31.2672 15.6 1.6 0.8 3.6
2019.0822 -59.3272 30.377 -6.6 1.6 0.8 3.9
2019.0849 -59.5354 31.0447 -2 1.8 0.8 3.9
2019.0877 -63.0742 31.601 -6.2 1.6 0.8 3.8
2019.0904 -64.1151 31.0447 -4.3 1.6 0.8 3.9
2019.0932 -60.9926 31.2672 -7.6 1.6 0.8 3.7
2019.0959 -65.26 31.8236 -0.4 1.5 0.7 3.3
2019.0986 -64.6355 27.7065 -7.9 1.5 0.7 3.5
2019.1014 -63.1783 30.9334 1.9 1.5 0.7 3.6
2019.1041 -58.2864 33.7152 -3.7 1.6 0.8 3.7
2019.1068 -61.3048 35.1617 -2 1.6 0.8 3.8
2019.1096 -61.3048 32.4912 -4.2 1.6 0.8 3.7
2019.1123 -64.011 28.3742 2.6 1.6 0.8 3.9
2019.1151 -61.7212 -0.111271 49.1 2.5 0.9 4.0
2019.2027 -66.0926 33.6039 6.8 1.6 0.8 3.7
2019.2055 -62.3457 34.8279 2.2 1.6 0.8 3.7
2019.2082 -67.4457 34.049 -1.8 1.6 0.8 3.7
2019.2110 -65.6763 34.4941 0.1 1.6 0.8 3.7
2019.2137 -64.3232 35.0504 -1 1.6 0.8 3.8
2019.2164 -67.4457 34.6053 -1 1.5 0.8 3.5
2019.2192 -65.9886 35.273 11.7 1.6 0.8 3.7
2019.2219 -66.7171 37.2759 2.1 1.6 0.8 3.9
2019.2247 -64.1151 34.9392 -1.9 1.6 0.8 3.5
2019.2274 -66.8212 33.9377 1.9 1.6 0.8 3.8
2019.2301 -61.2007 35.8293 -3.4 1.6 0.8 4.1
2019.2329 -63.3865 33.4926 8.8 1.6 0.8 3.8
2019.2356 -65.8845 32.825 7.2 1.7 0.8 4.1
2019.2384 -62.5538 35.3842 5.2 1.6 0.8 3.5
2019.2411 -63.0742 36.1631 1.1 1.6 0.8 3.5
2019.2438 -61.4089 34.9392 4.1 1.7 0.8 3.8
2019.2466 -65.4681 35.7181 -1.5 1.7 0.8 3.7
2019.2493 -69.6315 36.7195 -4.7 1.7 0.8 3.6
2019.2521 -60.7844 36.0519 0 1.7 0.8 3.8
2019.2548 -64.3232 37.8322 0.5 1.7 0.8 3.8
2019.2575 -69.2151 36.3857 1.4 1.7 0.8 3.9
2019.2603 -69.5274 33.9377 3.3 1.7 0.8 3.7
2019.2630 -70.256 31.2672 -2.8 1.6 0.8 3.5
2019.2658 -67.6539 36.7195 -3.7 1.7 0.8 3.6
2019.2685 -67.2375 33.0475 4.6 1.6 0.8 3.6
2019.2712 -65.6763 35.273 -8.1 1.7 0.8 3.8
2019.2740 -66.4049 36.3857 -4.8 1.7 0.9 4.1
2019.2767 -69.6315 32.7137 -11.2 1.8 0.8 4.1
2019.2795 -78.5826 33.1588 5 1.8 0.7 3.5
2019.2822 -65.7804 37.0533 -4.6 1.6 0.7 3.4
2019.2849 -65.3641 35.0504 -5.5 1.6 0.7 3.4
2019.2877 -69.9437 36.6082 1 1.6 0.7 3.6
2019.2904 -71.7131 34.049 4.6 1.7 0.8 3.7
2019.2932 -74.5234 36.3857 1 1.7 0.8 3.6
2019.2959 -65.6763 40.7253 -11.4 1.8 0.8 4.2
2019.2986 -73.8989 35.9406 0 2.0 0.9 4.1
2019.3014 -72.7539 36.3857 0.9 1.8 0.8 4.0
2019.3041 -75.5642 39.1675 8.6 1.8 0.8 3.8
2019.3068 -70.36 36.497 -3.7 1.8 0.8 4.2
2019.3096 -77.2295 36.6082 0.6 1.6 0.8 3.7
2019.3123 -71.0886 36.3857 -4.7 1.6 0.8 3.8
2019.3151 -71.7131 36.1631 -1.4 1.6 0.8 3.5
2019.3178 -70.0478 37.2759 -3.4 1.6 0.8 3.5
2019.3205 -71.2968 34.4941 4.9 1.6 0.8 3.5
2019.3233 -76.1887 37.7209 3 1.6 0.8 3.7
2019.3260 -75.9805 35.1617 11.7 1.6 0.7 3.5
2019.3288 -75.356 34.4941 3 1.6 0.7 3.3
2019.3315 -72.0254 35.6068 9.5 1.5 0.7 3.3
2019.3342 -76.7091 38.6111 10.8 1.7 0.8 4.0
2019.3370 -78.0622 37.0533 -6.4 1.8 0.8 3.9
2019.3397 -72.3376 36.6082 6.2 1.5 0.7 3.2
2019.3425 -72.7539 37.9435 -11.4 1.6 0.7 3.4
2019.3452 -73.3784 36.1631 15.5 1.4 0.6 2.7
2019.3479 -73.6907 36.942 -4.9 1.6 0.7 3.4
2019.3507 -72.7539 37.2759 -8.9 1.6 0.8 3.4
2019.3534 -76.2928 38.166 4.4 1.6 0.8 3.7
2019.3562 -76.1887 36.2744 4.7 1.5 0.7 3.5
2019.3589 -80.8724 38.4998 -11.8 1.6 0.8 3.7
2019.3616 -79.2071 37.6097 -2.1 1.6 0.8 3.7
2019.3644 -78.4785 35.8293 4.1 1.5 0.7 3.6
2019.3671 -75.9805 36.497 -5 1.6 0.8 3.7
2019.3699 -76.3968 37.7209 6.5 1.6 0.8 3.6
2019.3726 -77.854 39.0562 5.1 1.7 0.8 3.7
2019.3753 -76.3968 40.0576 -2.3 1.6 0.8 3.7
2019.3781 -77.3336 38.4998 -0.2 1.6 0.8 3.8
2019.3808 -77.1254 38.6111 7.9 1.6 0.8 3.8
2019.3836 -79.8316 38.3886 -8.9 1.5 0.7 3.6
2019.3863 -77.7499 39.39 -0.4 1.6 0.8 3.6
2019.3890 -79.8316 40.3914 7.9 1.7 0.8 3.7
2019.3918 -77.7499 39.7238 3.5 1.8 0.9 4.1
2019.3945 -79.103 42.0605 -1.9 1.6 0.8 3.6
2019.3973 -77.9581 40.3914 0.5 1.7 0.8 3.8
2019.4000 -75.5642 38.2773 3.5 1.6 0.8 3.5
2019.4027 -81.1847 38.3886 6.1 1.5 0.7 3.4
2019.4055 -81.601 38.3886 9.3 1.6 0.8 3.6
2019.4082 -83.2663 40.1689 2.3 1.6 0.7 3.6
2019.4110 -81.2887 36.7195 12.3 1.5 0.8 3.5
2019.4137 -76.1887 38.2773 4 1.6 0.7 3.4
2019.4164 -77.854 38.2773 1.3 1.5 0.7 3.4
2019.4192 -77.5418 36.7195 7.4 1.6 0.8 3.6
2019.4219 -84.099 35.1617 1.6 1.6 0.8 3.6
2019.4247 -88.4705 37.4984 12.9 1.7 0.8 3.9
2019.4274 -82.4336 35.3842 11.6 1.8 0.8 3.7
2019.4301 -79.103 44.3972 -5.8 1.6 0.8 3.7
2019.4329 -82.7459 38.9449 -6.4 1.6 0.8 3.5
2019.4356 -77.6458 40.5027 11.1 1.7 0.8 3.7
2019.4384 -80.5602 39.9464 5.8 1.7 0.8 3.7
2019.4411 -80.4561 41.838 13.5 1.7 0.8 3.8
2019.4438 -81.1847 42.5056 9.5 1.6 0.8 3.9
2019.4466 -75.7723 40.2802 -0.4 1.7 0.8 3.8
2019.4493 -84.7235 40.8365 7.6 1.6 0.8 3.5
2019.4521 -78.1663 38.166 3.7 1.7 0.8 3.6
2019.4548 -86.597 44.0634 9 1.6 0.7 3.6
2019.4575 -81.9132 42.6169 1 1.7 0.8 3.8
2019.4603 -84.6194 40.8365 4.3 1.7 0.8 3.8
2019.4630 -84.099 41.1703 6.3 1.7 0.8 3.9
2019.4658 -85.2439 42.7281 2 1.8 0.8 4.1
2019.4685 -86.2847 43.062 -1.9 1.8 0.8 4.0
2019.4712 -50.168 34.8279 25.6 1.7 0.8 3.7
2019.4740 -81.9132 44.0634 -3.1 1.6 0.8 3.7
2019.4767 -87.5337 39.5013 -6.2 1.7 0.8 3.7
2019.4795 -87.1174 39.2787 5 1.6 0.8 3.6
2019.4822 -88.6786 43.2845 2.5 1.7 0.8 3.9
2019.4849 -82.7459 42.2831 7.8 1.6 0.8 3.8
2019.4877 -87.0133 37.7209 2.3 1.7 0.8 3.8
2019.4904 -79.6234 37.7209 10.1 1.6 0.8 3.6
2019.4932 -89.095 40.2802 1 1.6 0.8 3.7
2019.4959 -84.9316 41.1703 3.9 1.6 0.8 3.7
2019.4986 -90.448 44.8423 7.2 1.7 0.8 4.0
2019.5014 -87.2215 40.8365 4.6 1.6 0.8 3.6
2019.5041 -82.0173 41.5042 15.7 1.5 0.7 3.2
2019.5068 -86.7011 42.8394 7.9 1.5 0.7 3.2
2019.5096 -88.0541 42.2831 14.9 1.5 0.7 3.2
2019.5123 -85.348 43.8409 7.2 1.5 0.7 3.3
2019.5151 -86.4929 42.8394 20.7 1.5 0.7 3.3
2019.5178 -89.9276 42.3943 14.3 1.5 0.7 3.4
2019.5205 -87.1174 43.7296 9.2 1.5 0.7 3.4
2019.5233 -87.2215 46.2888 3.7 1.5 0.7 3.4
2019.5260 -86.7011 44.9536 4.1 1.6 0.8 3.4
2019.5288 -90.8644 46.4001 1.3 1.5 0.7 3.3
2019.5315 -85.5561 44.8423 17.4 1.5 0.8 3.4
2019.5342 -83.1622 44.9536 12.9 1.6 0.8 3.5
2019.5370 -86.597 43.6183 9 1.6 0.8 3.4
2019.5397 -88.6786 44.0634 6 1.5 0.8 3.4
2019.5452 -86.8051 44.5085 8.2 1.6 0.8 3.4
2019.5479 -85.5561 46.0663 -3.4 1.6 0.8 3.5
2019.5507 -85.9725 47.9579 9.9 1.5 0.7 3.4
2019.5534 -90.9684 45.7325 -1 1.6 0.8 3.5
2019.5562 -86.3888 47.8466 8 1.5 0.8 3.6
2019.5589 -89.9276 47.0677 8.8 1.5 0.8 3.4
2019.5616 -83.3704 44.6198 -3.3 1.5 0.8 3.6
2019.5644 -90.9684 45.955 14 1.5 0.7 3.3
2019.5671 -86.0766 43.062 8.1 1.5 0.7 3.3
2019.5699 -89.6154 46.5114 4.4 1.5 0.7 3.4
2019.5726 -91.1766 45.8437 6.4 1.5 0.7 3.3
2019.5753 -92.3215 45.8437 -1.5 1.5 0.8 3.6
2019.5781 -89.6154 46.2888 6.2 1.5 0.7 3.5
2019.5808 -86.597 48.1804 -2.2 1.5 0.8 3.7
2019.5836 -92.2174 49.2931 -1.1 1.5 0.7 3.3
2019.5863 -87.2215 46.0663 -10.8 1.6 0.8 3.6
2019.5890 -86.597 48.8481 3.3 1.5 0.7 3.5
2019.5918 -91.3848 48.6255 13.9 1.5 0.7 3.5
2019.5945 -92.5297 48.0692 18.1 1.5 0.8 3.5
2019.5973 -87.5337 47.179 13 1.5 0.7 3.4
2019.6000 -88.7827 44.8423 9.2 1.6 0.8 3.5
2019.6027 -94.2991 48.0692 7.1 1.5 0.8 3.6
2019.6055 -91.8011 48.6255 -13.8 1.5 0.7 3.4
2019.6082 -85.0357 51.7411 2.6 1.6 0.8 3.6
2019.6110 -94.0909 48.1804 0.5 1.5 0.8 3.5
2019.6137 -88.9909 48.5142 8.6 1.5 0.7 3.4
2019.6164 -92.0093 46.1776 7.5 1.5 0.8 3.5
2019.6192 -93.4664 49.7382 4.3 1.5 0.7 3.3
2019.6219 -90.7603 50.6284 -0.7 1.5 0.7 3.5
2019.6247 -92.7379 47.2903 2.1 1.5 0.8 3.5
2019.6274 -95.7563 50.4059 0.4 1.5 0.7 3.4
2019.6301 -96.7971 51.5186 5.2 1.5 0.7 3.3
2019.6329 -93.2583 51.7411 6.8 1.5 0.7 3.3
2019.6356 -93.4664 53.2989 1.7 1.5 0.7 3.3
2019.6384 -90.7603 50.9622 -0.6 1.5 0.7 3.4
2019.6411 -94.195 50.1833 1.7 1.5 0.8 3.4
2019.6438 -96.7971 50.7397 -3.2 1.5 0.8 3.5
2019.6466 -95.1318 49.1819 -10.9 1.5 0.7 3.3
2019.6493 -93.2583 51.296 -5.2 1.5 0.8 3.4
2019.6521 -95.9644 52.1862 8.4 1.5 0.7 3.3
2019.6548 -98.7747 51.0735 2.1 1.5 0.8 3.4
2019.6575 -88.4705 52.7426 -14.9 1.5 0.8 3.4
2019.6603 -99.0869 51.7411 4.3 1.6 0.8 3.5
2019.6630 -98.1502 52.9651 6.8 1.6 0.8 3.4
2019.6658 -93.5705 45.6212 19 1.5 0.8 3.3
2019.6685 -90.448 53.5215 10.5 1.6 0.8 3.4
2019.6712 -102.313 46.9564 -17.2 1.6 0.8 3.4
2019.6740 -97.3175 50.9622 4.4 1.6 0.8 3.5
2019.6767 -100.128 50.072 -1.2 1.5 0.8 3.4
2019.6795 -101.481 49.627 -4.7 1.6 0.8 3.5
2019.6822 -100.024 50.4059 6.7 1.5 0.8 3.4
2019.6849 -95.3399 47.4015 1.6 1.5 0.7 3.2
2019.6877 -98.3583 50.1833 -4 1.5 0.8 3.3
2019.6904 -97.6298 48.1804 -4.5 1.6 0.8 3.6
2019.6932 -97.2134 51.1848 9.7 1.6 0.8 3.5
2019.6959 -100.544 54.6342 11.4 1.6 0.8 3.4
2019.6986 -94.5073 49.4044 6.6 1.6 0.8 3.4
2019.7014 -104.395 51.1848 2.6 1.6 0.8 3.3
2019.7041 -105.436 52.2975 -5 1.6 0.8 3.4
2019.7068 -96.5889 50.8509 -6.7 1.6 0.8 3.4
2019.7096 -97.942 51.5186 0.6 1.6 0.8 3.5
2019.7123 -95.6522 50.7397 -3.8 1.6 0.7 3.4
2019.7151 -98.0461 53.8553 -3.3 1.6 0.7 3.3
2019.7178 -98.7747 51.7411 -1.7 1.5 0.8 3.3
2019.7205 -96.0685 51.8524 -1.3 1.7 0.8 3.6
2019.7233 -100.336 49.627 -15.8 1.7 0.8 3.6
2019.7260 -103.042 52.52 -1.6 1.6 0.8 3.5
2019.7288 -103.354 52.7426 -13.8 1.6 0.8 3.5
2019.7315 -100.128 53.4102 0.8 1.6 0.8 3.4
2019.7342 -101.169 51.296 -0.1 1.6 0.8 3.4
2019.7370 -105.956 50.6284 0.1 1.6 0.8 3.3
2019.7397 -100.96 50.5171 -2.9 1.6 0.7 3.2
2019.7425 -101.377 52.8538 6.6 1.7 0.8 3.6
2019.7452 -102.522 51.4073 -0.1 1.6 0.8 3.4
2019.7479 -99.2951 51.5186 10.7 1.6 0.8 3.4
2019.7507 -101.273 49.8495 -6.9 1.6 0.8 3.5
2019.7534 -98.7747 52.6313 16.2 1.7 0.8 3.5
2019.7562 -97.5257 55.4131 11.8 1.7 0.8 3.7
2019.7589 -105.436 52.6313 3 1.6 0.8 3.5
2019.7616 -102.522 53.744 2.6 1.6 0.8 3.3
2019.7644 -105.748 51.4073 0.4 1.6 0.8 3.4
2019.7671 -104.811 53.9665 2 1.6 0.8 3.4
2019.7699 -104.916 52.8538 3.3 1.6 0.8 3.3
2019.7726 -103.354 53.4102 3.5 1.6 0.8 3.4
2019.7753 -112.305 54.1891 3.9 1.7 0.8 3.6
2019.7781 -99.3992 53.4102 3.5 1.7 0.8 3.4
2019.7808 -108.038 52.0749 1.9 1.6 0.8 3.4
2019.7836 -104.499 51.296 5 1.6 0.8 3.5
2019.7863 -105.436 53.8553 4.1 1.6 0.7 3.3
2019.7890 -104.395 54.7454 13 1.6 0.7 3.4
2019.7918 -107.101 55.3018 -5 1.6 0.8 3.4
2019.7945 -106.477 54.0778 -5.8 1.6 0.8 3.5
2019.7973 -104.707 53.9665 -2.2 1.6 0.8 3.4
2019.8000 -107.83 55.6356 -1.3 1.7 0.8 3.6
2019.8027 -111.889 52.0749 -11.9 1.6 0.8 3.5
2019.8055 -110.328 49.4044 -10.5 1.6 0.8 3.5
2019.8082 -104.083 56.8596 6.8 1.6 0.8 3.4
2019.8110 -104.395 55.3018 1.7 1.6 0.8 3.5
2019.8137 -107.518 55.5243 3.2 1.6 0.8 3.4
2019.8164 -105.436 55.8581 -1.9 1.6 0.8 3.5
2019.8192 -105.956 54.1891 7.6 1.6 0.8 3.3
2019.8219 -107.205 50.2946 13.4 1.6 0.8 3.4
2019.8247 -104.916 50.8509 7.1 1.6 0.8 3.4
2019.8274 -101.793 50.8509 2.8 1.6 0.8 3.5
2019.8301 -106.373 55.3018 -1.4 1.6 0.8 3.4
2019.8329 -103.458 54.0778 1.1 1.7 0.8 3.6
2019.8356 -102.938 51.4073 1 1.7 0.8 3.5
2019.8384 -105.02 52.52 9.1 1.6 0.8 3.5
2019.8411 -103.458 52.8538 7.4 1.6 0.8 3.4
2019.8438 -107.414 53.9665 7.7 1.6 0.8 3.5
2019.8466 -108.558 52.8538 9.7 1.7 0.8 3.5
2019.8493 -109.079 52.2975 4 1.6 0.8 3.3
2019.8521 -106.789 54.4116 7.5 1.6 0.8 3.4
2019.8548 -108.454 54.1891 8.7 1.6 0.8 3.3
2019.8575 -106.373 56.7483 9.4 1.6 0.7 3.3
2019.8603 -108.454 56.5258 5.7 1.6 0.7 3.2
2019.8630 -110.432 57.4159 10.6 1.6 0.8 3.3
2019.8658 -112.618 57.7498 6.5 1.6 0.7 3.3
2019.8685 -110.016 58.3061 6.2 1.6 0.8 3.5
2019.8712 -106.06 56.8596 2.8 1.6 0.7 3.2
2019.8740 -105.852 57.1934 -8.1 1.7 0.8 3.4
2019.8767 -113.242 58.3061 4.9 1.6 0.7 3.3
2019.8795 -113.763 59.3076 6.2 1.7 0.7 3.4
2019.8822 -110.432 56.637 0.4 1.6 0.7 3.3
2019.8849 -109.287 58.0836 1.4 1.6 0.7 3.2
2019.8877 -113.034 56.9709 -8.3 1.6 0.8 3.5
2019.8904 -116.781 58.1948 2 1.7 0.8 3.5
2019.8932 -107.414 59.7526 1.7 1.6 0.7 3.4
2019.8959 -118.654 57.1934 -5.1 1.6 0.7 3.4
2019.8986 -116.573 57.9723 -0.8 1.6 0.7 3.3
2019.9014 -114.595 56.192 1.6 1.6 0.8 3.4
2019.9041 -115.948 57.4159 -0.7 1.6 0.7 3.2
2019.9068 -110.536 53.4102 4.5 1.7 0.8 3.5
2019.9096 -114.908 59.3076 -1.6 1.7 0.8 3.4
2019.9123 -113.659 57.6385 12.6 1.6 0.7 3.4
2019.9151 -113.138 56.5258 9.4 1.6 0.8 3.4
2019.9178 -111.785 57.4159 7 1.6 0.8 3.5
2019.9205 -118.446 56.5258 4.7 1.6 0.8 3.3
2019.9233 -111.681 58.4174 1.4 1.8 0.8 3.5
2019.9260 -116.261 58.0836 4.2 1.7 0.8 3.4
2019.9288 -112.41 57.3047 8.6 1.7 0.8 3.5
2019.9315 -117.406 59.4188 5.8 1.6 0.8 3.4
2019.9342 -114.699 58.9737 11.7 1.7 0.8 3.5
2019.9370 -110.952 59.8639 3.7 1.6 0.8 3.4
2019.9397 -111.993 59.1963 5.1 1.6 0.8 3.4
2019.9425 -113.138 59.6414 9.2 1.6 0.8 3.3
2019.9452 -115.22 60.8654 6.5 1.6 0.8 3.5
2019.9479 -113.242 61.1992 5.7 1.6 0.8 3.4
2019.9507 -116.573 59.085 -2.9 1.6 0.8 3.4
2019.9534 -115.012 57.861 -1.2 1.7 0.8 3.5
2019.9562 -114.075 60.0865 -29.8 1.6 0.7 3.3
2019.9589 -115.844 59.6414 17.4 1.5 0.7 3.2
2019.9616 -117.093 61.3104 -7.8 1.6 0.8 3.4
2019.9644 -72.858 66.874 -163.1 1.9 0.8 3.6
2019.9671 -115.012 62.2006 11.3 1.3 0.6 2.7
2019.9699 -113.138 59.8639 10.5 1.3 0.6 2.6
2019.9726 -112.618 56.3032 -0.5 1.3 0.6 2.6
2019.9753 -116.989 58.3061 11.3 1.3 0.6 2.6
2019.9781 -115.948 62.4231 14.1 1.3 0.6 2.6
2019.9808 -116.261 56.0807 3.8 1.3 0.6 2.7
2019.9836 -115.74 56.9709 6.6 1.3 0.6 2.6
2019.9863 -116.469 58.1948 13.1 1.3 0.6 2.6
2019.9890 -122.61 58.4174 16.8 1.3 0.6 2.5
2019.9918 -116.365 61.3104 7 1.3 0.6 2.5
2019.9945 -118.55 62.2006 3.4 1.3 0.6 2.6
2019.9973 -122.818 62.3119 10.2 1.2 0.6 2.5
2020.0000 -122.089 64.2035 3.9 1.3 0.6 2.6
2020.0027 -120.008 63.7584 4.8 1.3 0.6 2.6
2020.0055 -118.654 62.8682 10.1 1.3 0.6 2.6
2020.0082 -118.134 63.8697 0.8 1.3 0.6 2.6
2020.0110 -122.401 62.4231 -0.3 1.3 0.6 2.6
2020.0137 -127.085 63.7584 14.9 1.3 0.6 2.6
2020.0164 -120.528 66.4289 11.8 1.3 0.6 2.6
2020.0192 -115.532 64.6486 4.2 1.3 0.6 2.6
2020.0219 -119.799 61.7555 1.8 1.3 0.6 2.6
2020.0247 -123.963 62.2006 3.7 1.3 0.6 2.6
2020.0274 -123.963 58.5287 -8.4 1.3 0.6 2.6
2020.0301 -116.469 60.9766 -3 1.3 0.6 2.6
2020.0329 -118.863 60.4203 -1.5 1.3 0.6 2.6
2020.0356 -117.718 64.2035 6.5 1.3 0.6 2.6
2020.0384 -121.777 63.5359 11.5 1.3 0.6 2.5
2020.0411 -124.795 63.0908 11.4 1.3 0.6 2.6
2020.0438 -120.008 61.9781 15.2 1.3 0.6 2.6
2020.0466 -121.152 62.8682 15.6 1.3 0.6 2.6
2020.0493 -118.967 61.9781 13.8 1.3 0.6 2.6
2020.0521 -121.152 62.2006 15 1.3 0.6 2.6
2020.0548 -125.42 63.202 13.5 1.3 0.6 2.5
2020.0575 -126.357 61.3104 11 1.3 0.6 2.6
2020.0603 -123.338 62.757 9.7 1.3 0.6 2.5
2020.0630 -125.732 61.9781 16 1.3 0.6 2.6
2020.0658 -126.773 62.6457 13.9 1.2 0.6 2.6
2020.0685 -124.691 63.3133 9.7 1.3 0.6 2.6
2020.0712 -125.212 64.5373 11.3 1.3 0.6 2.6
2020.0740 -126.565 65.3162 13.5 1.3 0.6 2.6
2020.0767 -124.691 63.9809 8.3 1.3 0.6 2.5
2020.0795 -124.795 63.6471 7.3 1.3 0.6 2.6
2020.0822 -125.42 65.9838 11 1.2 0.6 2.6
2020.0849 -127.189 63.202 10.6 1.3 0.6 2.6
2020.0877 -128.022 65.0937 6.9 1.2 0.6 2.6
2020.0904 -125.42 65.5387 9.5 1.2 0.6 2.5
2020.0932 -124.899 64.7598 18 1.2 0.6 2.5
2020.0959 -125.628 66.5402 11.2 1.2 0.6 2.6
2020.0986 -125.628 64.7598 17.5 1.2 0.6 2.6
2020.1014 -128.126 65.65 13.1 1.2 0.6 2.6
2020.1041 -126.669 69.2107 10.6 1.3 0.6 2.6
2020.1068 -124.899 68.5431 15 1.2 0.6 2.5
2020.1096 -126.148 67.6529 12.7 1.2 0.6 2.5
2020.1123 -125.732 61.0879 19.3 1.2 0.6 2.6
2020.1151 -124.483 60.8654 14.5 1.3 0.6 2.6
2020.1178 -131.769 65.0937 10.5 1.2 0.6 2.5
2020.1205 -126.669 65.7613 22.8 1.3 0.7 2.6
2020.1233 -125.316 65.4275 6.7 1.2 0.6 2.6
2020.1260 -128.646 67.2078 10.8 1.2 0.6 2.6
2020.1288 -124.275 65.7613 15.8 1.2 0.6 2.5
2020.1315 -127.71 65.2049 21.8 1.2 0.6 2.5
2020.1342 -127.085 63.4246 17.2 1.2 0.6 2.5
2020.1370 -125.628 68.2092 16.6 1.3 0.6 2.5
2020.1397 -133.018 65.0937 8.3 1.3 0.6 2.6
2020.1425 -129.271 66.4289 13.4 1.2 0.6 2.6
2020.1452 -129.063 65.65 16.3 1.2 0.6 2.5
2020.1479 -128.022 66.3176 18.9 1.3 0.6 2.5
2020.1507 -129.687 66.7627 23.3 1.2 0.6 2.5
2020.1534 -127.918 66.5402 27.4 1.2 0.6 2.5
2020.1562 -130.936 65.9838 18.1 1.3 0.6 2.5
2020.1589 -130.728 66.6515 25.6 1.2 0.6 2.5
2020.1616 -132.289 66.4289 22.8 1.3 0.6 2.5
2020.1644 -135.1 65.4275 11 1.3 0.6 2.6
2020.1671 -129.271 69.6558 20.2 1.2 0.6 2.6
2020.1699 -126.669 65.7613 4.6 1.2 0.6 2.5
2020.1726 -134.267 66.874 5.1 1.3 0.6 2.5
2020.1753 -135.932 66.0951 8.7 1.2 0.6 2.5
2020.1781 -131.769 66.2064 11.8 1.3 0.6 2.5
2020.1808 -132.498 66.4289 4.4 1.3 0.6 2.6
2020.1836 -128.542 65.65 14.1 1.2 0.6 2.5
2020.1863 -130 67.3191 19.9 1.2 0.6 2.5
2020.1890 -131.249 67.5416 16.5 1.3 0.6 2.6
2020.1918 -130.728 68.3205 13.7 1.3 0.6 2.6
2020.1945 -132.185 68.3205 13.9 1.3 0.6 2.6
2020.1973 -131.769 66.5402 14.1 1.3 0.6 2.6
2020.2000 -131.249 66.5402 26.3 1.3 0.6 2.6
2020.2027 -129.063 66.5402 17.9 1.3 0.6 2.6
2020.2055 -129.895 66.874 10.7 1.3 0.6 2.6
2020.2082 -134.475 65.65 4.5 1.3 0.6 2.6
2020.2110 -127.502 67.9867 6.9 1.3 0.6 2.6
2020.2137 -132.185 66.5402 11.8 1.3 0.6 2.6
2020.2164 -134.475 67.2078 14.6 1.6 0.7 2.9
2020.2192 -130.624 66.7627 7.7 1.3 0.7 2.8
2020.2219 -129.895 68.4318 9 1.3 0.6 2.7
2020.2247 -134.475 66.3176 9.4 1.3 0.6 2.6
2020.2274 -132.602 68.8769 14.6 1.3 0.6 2.6
2020.2301 -136.661 68.9881 11 1.3 0.6 2.6
2020.2329 -134.059 66.7627 11.9 1.3 0.6 2.6
2020.2356 -133.642 67.6529 10 1.3 0.6 2.6
2020.2384 -129.791 67.8754 11.4 1.4 0.6 2.6
2020.2411 -127.189 67.4304 10.7 1.3 0.6 2.6
2020.2438 -133.851 69.767 11.7 1.3 0.6 2.6
2020.2466 -137.494 66.7627 9.1 1.3 0.6 2.6
2020.2493 -135.932 67.6529 12.2 1.3 0.6 2.6
2020.2521 -133.226 67.2078 9.7 1.3 0.6 2.6
2020.2548 -132.706 67.5416 9.4 1.4 0.6 2.7
2020.2575 -134.267 71.5474 11.3 1.4 0.6 2.7
2020.2603 -131.665 68.4318 16.9 1.3 0.6 2.6
2020.2630 -132.81 68.7656 5.3 1.3 0.6 2.6
2020.2658 -125.108 71.9925 18.7 1.4 0.6 2.6
2020.2685 -134.891 68.5431 -2 1.3 0.6 2.6
2020.2712 -130.624 71.2136 11.8 1.3 0.6 2.6
2020.2740 -130.936 70.2121 11 1.3 0.6 2.6
2020.2767 -133.955 70.3234 16.3 1.4 0.6 2.6
2020.2795 -132.289 68.7656 11.6 1.3 0.6 2.6
2020.2822 -137.494 70.1009 12.4 1.4 0.6 2.7
2020.2849 -130.208 69.0994 1.2 1.4 0.6 2.7
2020.2877 -136.245 74.4404 2.4 1.3 0.6 2.6
2020.2904 -134.579 72.7714 14.8 1.3 0.6 2.6
2020.2932 -134.371 71.9925 14.5 1.3 0.6 2.6
2020.2959 -139.991 69.767 11.8 1.3 0.6 2.6
2020.2986 -138.847 71.4361 6.6 1.3 0.6 2.6
2020.3014 -135.828 70.6572 8.4 1.3 0.6 2.6
2020.3041 -138.014 70.2121 14.1 1.3 0.6 2.6
2020.3068 -134.371 70.4347 4.9 1.3 0.6 2.6
2020.3096 -132.914 68.2092 9.5 1.3 0.6 2.6
2020.3123 -133.642 72.8826 12.9 1.4 0.7 2.7
2020.3151 -129.791 72.9939 15.5 1.4 0.6 2.7
2020.3178 -137.91 71.5474 12 1.3 0.6 2.7
2020.3205 -137.494 71.3248 12.8 1.3 0.6 2.6
2020.3233 -137.077 73.5503 7 1.3 0.6 2.6
2020.3260 -135.308 72.1037 10.7 1.3 0.6 2.6
2020.3288 -136.453 72.215 13.3 1.3 0.6 2.7
2020.3315 -138.43 71.5474 15.7 1.3 0.6 2.6
2020.3342 -138.638 71.4361 12.9 1.3 0.6 2.6
2020.3370 -138.43 73.5503 13.3 1.3 0.6 2.6
2020.3397 -138.951 71.3248 6.4 1.3 0.6 2.7
2020.3425 -138.118 73.2165 15.8 1.3 0.6 2.6
2020.3452 -135.724 72.4376 9 1.3 0.6 2.8
2020.3479 -140.096 71.3248 17.8 1.3 0.6 2.6
2020.3507 -141.136 70.991 14.1 1.3 0.6 2.6
2020.3534 -138.118 72.9939 9.3 1.4 0.6 2.8
2020.3562 -137.806 71.7699 7.2 1.4 0.6 2.7
2020.3589 -138.951 70.7685 13.4 1.4 0.6 2.7
2020.3616 -139.367 70.4347 14.3 1.3 0.6 2.6
2020.3644 -141.553 73.2165 6 1.3 0.6 2.6
2020.3671 -137.181 74.1066 9.6 1.3 0.6 2.6
2020.3699 -138.847 72.215 10.7 1.3 0.6 2.6
2020.3726 -143.322 72.6601 16.7 1.3 0.6 2.7
2020.3753 -143.738 71.6587 6.8 1.3 0.6 2.6
2020.3781 -140.928 73.1052 10.5 1.3 0.6 2.6
2020.3808 -138.118 73.6615 9.4 1.3 0.6 2.6
2020.3836 -138.847 74.4404 10.5 1.3 0.6 2.7
2020.3863 -142.489 72.9939 12.6 1.3 0.6 2.7
2020.3890 -142.594 73.9954 7.4 1.3 0.6 2.7
2020.3918 -141.553 71.5474 5.9 1.3 0.6 2.7
2020.3945 -143.01 73.3277 7.8 1.3 0.6 2.7
2020.3973 -142.385 75.1081 6.4 1.3 0.6 2.7
2020.4000 -140.928 73.5503 6.1 1.3 0.6 2.7
2020.4027 -144.155 73.9954 14.3 1.3 0.6 2.6
2020.4055 -143.218 72.9939 15.1 1.3 0.6 2.7
2020.4082 -147.485 73.439 15.8 1.3 0.6 2.8
2020.4110 -143.738 72.5488 16.2 1.3 0.6 2.7
2020.4137 -143.738 71.6587 14.9 1.3 0.6 2.7
2020.4164 -140.512 72.6601 12 1.2 0.6 2.7
2020.4192 -141.345 73.3277 10.7 1.2 0.6 2.6
2020.4219 -142.698 74.4404 6.2 1.3 0.6 2.7
2020.4247 -143.114 74.1066 15.3 1.3 0.7 2.7
2020.4274 -145.716 73.9954 12.5 1.3 0.7 2.8
2020.4301 -141.032 73.439 12.2 1.3 0.7 2.8
2020.4329 -144.155 75.9982 14 1.2 0.6 2.7
2020.4356 -148.11 72.9939 11.2 1.2 0.6 2.7
2020.4384 -144.883 74.8855 8.4 1.2 0.6 2.7
2020.4411 -145.924 74.4404 12.2 1.2 0.6 2.7
2020.4438 -142.698 75.9982 12.1 1.3 0.6 2.7
2020.4466 -142.802 73.2165 6.8 1.3 0.6 2.7
2020.4493 -146.132 74.4404 13.9 1.3 0.7 2.7
2020.4521 -143.843 74.3292 9.5 1.3 0.7 2.7
2020.4548 -147.069 74.5517 15.2 1.3 0.7 2.7
2020.4575 -146.236 73.6615 13.1 1.3 0.7 2.7
2020.4603 -144.467 75.4419 12.3 1.3 0.7 2.8
2020.4630 -143.634 74.663 15.1 1.3 0.7 2.7
2020.4658 -143.738 75.5531 12.7 1.3 0.7 2.7
2020.4685 -144.467 74.7743 12.9 1.3 0.7 2.7
2020.4712 -147.798 73.6615 17.5 1.3 0.7 2.7
2020.4740 -147.798 71.9925 6.9 1.3 0.7 2.8
2020.4767 -152.065 75.887 14.4 1.3 0.7 2.8
2020.4795 -145.924 75.5531 13.8 1.3 0.7 2.8
2020.4822 -146.028 74.8855 5.1 1.3 0.7 2.8
2020.4849 -144.675 76.5546 5 1.3 0.7 2.7
2020.4877 -149.255 74.663 9.9 1.4 0.7 2.8
2020.4904 -152.169 73.9954 11.2 1.3 0.7 2.8
2020.4932 -146.028 73.439 15.2 1.3 0.7 2.8
2020.4959 -144.467 73.9954 17.5 1.3 0.7 2.9
2020.4986 -145.508 75.4419 11.2 1.3 0.7 2.8
2020.5014 -141.553 74.5517 4.7 1.3 0.7 2.7
2020.5041 -143.53 76.4433 6.1 1.3 0.7 2.8
2020.5068 -150.296 78.1124 14.1 1.3 0.7 2.8
2020.5096 -143.843 74.8855 7.9 1.3 0.7 2.8
2020.5123 -143.843 81.0054 14.9 1.3 0.7 2.8
2020.5151 -149.567 75.1081 0.9 1.3 0.7 2.7
2020.5178 -145.716 77.2222 6 1.3 0.7 2.8
2020.5205 -149.151 78.3349 5.6 1.3 0.7 2.8
2020.5233 -148.839 74.1066 12.8 1.4 0.7 2.8
2020.5260 -142.177 75.6644 13 1.3 0.7 2.8
2020.5288 -144.051 78.4462 8.6 1.3 0.7 2.8
2020.5315 -149.983 79.1138 5.6 1.3 0.7 2.7
2020.5342 -149.671 77.556 10.9 1.3 0.7 2.8
2020.5370 -148.63 75.7757 5.3 1.3 0.7 2.8
2020.5397 -150.816 78.6687 14.9 1.3 0.7 2.8
2020.5425 -148.318 79.2251 2.8 1.3 0.7 2.8
2020.5452 -147.59 75.6644 14 1.3 0.7 2.8
2020.5479 -146.236 79.3364 9.2 1.3 0.7 2.8
2020.5507 -142.385 78.4462 21.7 1.3 0.7 2.8
2020.5534 -145.404 76.8884 6.3 1.3 0.7 2.8
2020.5562 -149.879 79.0026 12.1 1.3 0.7 2.8
2020.5589 -151.961 78.6687 2.2 1.3 0.7 2.8
2020.5616 -149.567 79.3364 6.6 1.3 0.7 2.8
2020.5644 -148.943 79.3364 13.1 1.3 0.7 2.8
2020.5671 -150.92 81.8956 9.3 1.3 0.7 2.8
2020.5699 -155.084 79.6702 -3.2 1.3 0.7 2.8
2020.5726 -156.645 77.2222 -6.8 1.3 0.7 2.8
2020.5753 -150.608 76.5546 7 1.4 0.7 2.9
2020.5781 -148.526 74.5517 1.9 1.3 0.7 2.8
2020.5808 -153.106 77.556 14.6 1.3 0.7 2.9
2020.5836 -154.667 76.9997 7.8 1.3 0.7 2.8
2020.5863 -149.151 80.1153 2.6 1.3 0.7 2.8
2020.5890 -151.649 80.004 6.3 1.3 0.7 2.8
2020.5918 -153.73 81.8956 5.5 1.3 0.7 2.8
2020.5945 -149.671 81.8956 14.8 1.3 0.7 2.8
2020.5973 -157.373 85.0112 -2.6 1.4 0.7 2.9
2020.6000 -152.794 82.3407 -3.3 1.4 0.7 2.9
2020.6027 -149.359 80.6716 2.2 1.3 0.7 2.9
2020.6055 -151.024 82.3407 -3.4 1.3 0.7 2.8
2020.6082 -152.273 78.2237 3.2 1.3 0.7 2.8
2020.6110 -154.667 83.1196 9.7 1.3 0.7 2.9
2020.6137 -154.979 80.5604 3.6 1.3 0.7 2.8
2020.6164 -150.92 80.4491 4.3 1.3 0.7 2.8
2020.6192 -154.563 78.3349 3 1.3 0.7 2.8
2020.6219 -153.522 81.5618 5.1 1.3 0.7 2.8
2020.6247 -154.563 84.0098 9.8 1.3 0.7 2.8
2020.6274 -156.749 83.5647 6.2 1.3 0.7 2.8
2020.6301 -158.206 82.2294 7.4 1.3 0.7 2.8
2020.6329 -153.21 82.452 3.1 1.3 0.7 2.8
2020.6356 -155.292 78.2237 6 1.3 0.7 2.8
2020.6384 -157.165 85.9014 5.8 1.3 0.7 2.8
2020.6411 -157.686 85.5676 7.3 1.3 0.7 2.9
2020.6438 -153.73 80.4491 8.6 1.3 0.7 2.8
2020.6466 -158.726 85.6788 -2.4 1.3 0.7 2.8
2020.6493 -156.645 84.4548 -0.9 1.3 0.7 2.8
2020.6521 -158.83 81.7843 11.7 1.3 0.7 2.8
2020.6548 -157.477 80.5604 8.8 1.3 0.7 2.8
2020.6575 -160.184 82.5632 1 1.3 0.7 2.8
2020.6603 -160.6 80.2265 9.1 1.3 0.7 2.8
2020.6630 -162.994 81.7843 3.5 1.3 0.7 2.8
2020.6658 -157.582 80.2265 4.5 1.3 0.7 2.8
2020.6685 -159.767 80.6716 -0.6 1.3 0.7 2.8
2020.6712 -160.392 83.4534 7.1 1.3 0.7 2.8
2020.6740 -159.247 82.6745 9.1 1.3 0.7 2.9
2020.6767 -161.12 80.5604 5.3 1.3 0.7 2.9
2020.6795 -161.224 83.7872 11.4 1.4 0.7 2.9
2020.6822 -159.039 81.5618 6.6 1.4 0.7 2.8
2020.6849 -159.663 81.3393 4.8 1.4 0.7 2.8
2020.6877 -156.541 85.5676 4.6 1.4 0.7 2.8
2020.6904 -160.288 83.0083 4.2 1.4 0.7 2.8
2020.6932 -163.514 81.8956 11.5 1.4 0.7 2.8
2020.6959 -161.849 82.897 10.7 1.4 0.7 3.0
2020.6986 -160.912 83.4534 1.6 1.4 0.7 3.0
2020.7014 -162.265 83.5647 10.2 1.4 0.7 2.9
2020.7041 -166.429 83.4534 11.3 1.4 0.7 2.8
2020.7068 -165.492 84.5661 8.9 1.4 0.7 2.8
2020.7096 -166.637 84.5661 3.6 1.6 0.7 3.0
2020.7123 -164.971 85.7901 13.7 1.6 0.7 3.0
2020.7151 -161.641 83.4534 5 1.5 0.7 2.9
2020.7178 -164.659 84.7887 9 1.5 0.7 2.9
2020.7205 -165.492 85.345 11.2 1.5 0.7 2.9
2020.7233 -165.804 85.2337 5.1 1.4 0.7 2.8
2020.7260 -167.053 84.8999 4.5 1.4 0.7 2.8
2020.7288 -162.89 89.017 14.4 1.5 0.7 2.9
2020.7315 -169.655 87.5704 11.9 1.5 0.7 2.9
2020.7342 -170.904 86.7915 0.5 1.4 0.7 2.8
2020.7370 -166.741 87.0141 3.7 1.4 0.7 2.8
2020.7397 -166.324 85.7901 3.2 1.4 0.7 2.8
2020.7425 -165.18 85.4563 1.7 1.4 0.7 2.8
2020.7452 -165.804 89.4621 11.5 1.5 0.7 2.8
2020.7479 -170.8 85.0112 8.9 1.4 0.7 2.8
2020.7507 -171.737 86.3465 -2 1.4 0.7 2.8
2020.7534 -168.614 86.9028 -0.9 1.4 0.7 2.8
2020.7562 -167.678 89.5733 -5.3 1.4 0.7 2.8
2020.7589 -165.492 87.793 -0.1 1.4 0.7 2.8
2020.7616 -161.433 87.6817 -0.2 1.4 0.7 2.8
2020.7644 -167.99 90.2409 -6 1.4 0.7 2.8
2020.7671 -166.741 88.6832 -2.9 1.4 0.7 2.7
2020.7699 -164.971 88.6832 -2.7 1.4 0.7 2.7
2020.7726 -168.198 85.6788 2.5 1.4 0.7 2.8
2020.7753 -170.488 86.2352 2.5 1.4 0.7 2.7
2020.7781 -170.8 88.0155 -2.4 1.4 0.7 2.8
2020.7808 -168.718 87.0141 -0.2 1.4 0.7 2.7
2020.7836 -172.674 89.2395 1.6 1.4 0.7 2.7
2020.7863 -169.759 88.7944 8 1.4 0.7 2.7
2020.7890 -168.718 87.5704 6.9 1.4 0.6 2.8
2020.7918 -168.822 87.9043 4.6 1.4 0.7 2.8
2020.7945 -169.655 88.4606 0 1.4 0.7 2.8
2020.7973 -164.035 86.569 12.3 1.4 0.7 2.8
2020.8000 -170.071 86.1239 9.3 1.4 0.7 2.8
2020.8027 -167.678 86.569 0.8 1.4 0.7 2.8
2020.8055 -168.822 86.9028 4.3 1.5 0.7 2.9
2020.8082 -170.696 87.4592 15.4 1.4 0.6 2.8
2020.8110 -170.8 86.569 4.6 1.5 0.7 2.8
2020.8137 -169.967 87.793 3.6 1.5 0.7 2.8
2020.8164 -170.904 88.2381 8.1 1.4 0.6 2.7
2020.8192 -168.927 88.3493 5.7 1.4 0.7 2.8
2020.8219 -174.131 88.1268 3.6 1.4 0.7 2.8
2020.8247 -172.257 89.5733 1.7 1.4 0.7 2.8
2020.8274 -170.488 86.4577 0 1.4 0.7 2.8
2020.8301 -176.837 91.2424 4.3 1.5 0.7 2.8
2020.8329 -174.027 91.2424 8.9 1.4 0.7 2.8
2020.8356 -172.674 90.7973 6.4 1.4 0.7 2.9
2020.8384 -170.904 90.0184 10.6 1.4 0.7 2.9
2020.8411 -171.112 88.9057 8.8 1.4 0.7 2.8
2020.8438 -170.488 89.4621 5.9 1.4 0.7 2.7
2020.8466 -172.882 92.3551 11 1.5 0.7 2.8
2020.8493 -173.09 91.5762 2.6 1.5 0.7 2.9
2020.8521 -176.316 89.5733 7.2 1.4 0.7 2.8
2020.8548 -175.172 88.5719 4 1.4 0.7 2.8
2020.8575 -173.402 88.3493 2.4 1.4 0.7 2.8
2020.8603 -176.108 88.0155 3.2 1.5 0.7 2.8
2020.8630 -171.008 90.4635 3.1 1.4 0.7 2.7
2020.8658 -175.38 91.1311 1.3 1.4 0.7 2.8
2020.8685 -173.923 87.0141 0.8 1.5 0.7 2.9
2020.8712 -176.108 89.2395 -2.5 1.5 0.7 2.8
2020.8740 -175.172 89.6846 -4.2 1.4 0.7 2.7
2020.8767 -177.149 89.9071 12.4 1.4 0.7 2.7
2020.8795 -183.29 91.4649 10.3 1.4 0.7 2.8
2020.8822 -180.063 89.3508 11.9 1.4 0.7 2.8
2020.8849 -179.127 90.3522 5 1.5 0.7 2.8
2020.8877 -183.082 90.3522 12 1.4 0.7 2.8
2020.8904 -177.669 89.1282 15.9 1.5 0.7 2.9
2020.8932 -174.963 87.793 21.6 1.5 0.7 2.8
2020.8959 -173.506 87.793 11.5 1.4 0.7 2.8
2020.8986 -180.584 89.6846 12.8 1.4 0.7 2.8
2020.9014 -180.584 88.7944 4.5 1.4 0.7 2.9
2020.9041 -175.692 90.2409 11.2 1.4 0.7 2.7
2020.9068 -177.149 89.3508 23.8 1.4 0.7 2.7
2020.9096 -184.227 91.91 12.4 1.4 0.7 2.8
2020.9123 -178.606 90.4635 15.2 1.5 0.7 2.8
2020.9151 -179.647 90.2409 17.2 1.5 0.7 2.9
2020.9178 -174.443 92.2438 1.1 1.4 0.7 2.9
2020.9205 -178.918 92.3551 13.8 1.4 0.7 2.7
2020.9233 -174.963 92.9115 11.4 1.4 0.7 2.8
2020.9260 -177.253 92.4664 9.6 1.4 0.7 2.8
2020.9288 -181.833 93.4678 14.8 1.4 0.7 2.8
2020.9315 -177.878 91.6875 16.7 1.4 0.7 2.8
2020.9342 -175.796 93.9129 5.2 1.4 0.7 2.8
2020.9370 -175.067 94.0242 11.1 1.4 0.7 2.7
2020.9397 -180.896 94.5805 10.8 1.4 0.7 2.8
2020.9425 -180.48 93.134 14.4 1.4 0.7 2.8
2020.9452 -183.81 92.2438 9.5 1.4 0.7 2.8
2020.9479 -178.606 93.4678 18.4 1.4 0.7 2.8
2020.9507 -174.755 90.5748 9.7 1.4 0.7 2.8
2020.9534 -175.796 92.0213 9.3 1.4 0.7 2.8
2020.9562 -180.792 95.0256 11 1.4 0.7 2.8
2020.9589 -181.521 93.3565 18.5 1.4 0.7 2.8
2020.9616 -178.502 92.1326 6.3 1.4 0.7 2.8
2020.9644 -177.149 93.8016 7.5 1.4 0.7 2.8
2020.9671 -179.127 93.5791 -2.3 1.4 0.7 2.7
2020.9699 -174.235 96.3609 2.7 1.4 0.7 2.8
2020.9726 -172.986 96.4721 5.3 1.4 0.7 2.8
2020.9753 -176.316 95.0256 2 1.4 0.7 2.8
2020.9781 -181.416 93.134 11.4 1.4 0.7 2.8
2020.9808 -177.878 93.8016 8.1 1.4 0.7 2.8
2020.9836 -182.145 92.6889 8.3 1.4 0.7 2.9
2020.9863 -179.855 95.9158 9.1 1.4 0.7 2.8
2020.9890 -186.204 95.1369 10.1 1.4 0.7 2.8
2020.9918 -181.521 92.2438 3.4 1.4 0.7 2.8
2020.9945 -182.978 94.1354 9.4 1.4 0.7 2.7
2020.9973 -182.457 95.4707 11.2 1.4 0.7 2.7
2021.0000 -178.606 94.5805 7.9 1.4 0.7 2.8
2021.0027 -182.457 96.9172 12 1.4 0.7 2.8
2021.0027 -182.978 96.3609 3.9 1.4 0.7 2.8
2021.0055 -181.937 96.3609 10.1 1.4 0.7 2.8
2021.0082 -183.394 95.8045 -0.7 1.4 0.7 2.7
2021.0110 -184.539 95.4707 7.9 1.4 0.7 2.8
2021.0137 -183.29 96.4721 13.9 1.4 0.7 2.8
2021.0164 -181.833 95.8045 4.6 1.4 0.7 2.8
2021.0192 -180.272 95.8045 7.8 1.4 0.7 2.8
2021.0219 -184.123 95.4707 12.5 1.4 0.7 2.7
2021.0247 -181.729 97.1398 12.9 1.4 0.7 2.7
2021.0274 -184.019 97.3623 -2.1 1.4 0.7 2.8
2021.0301 -185.476 98.5863 7.1 1.4 0.7 2.8
2021.0329 -182.77 98.9201 -0.9 1.4 0.7 2.8
2021.0356 -184.747 100.478 -4.3 1.4 0.7 2.8
2021.0384 -185.684 95.6932 12.2 1.3 0.7 2.7
2021.0411 -184.227 97.5848 11 1.4 0.7 2.8
2021.0438 -183.29 96.5834 14.4 1.3 0.7 2.8
2021.0466 -181.729 96.4721 12.9 1.4 0.7 2.8
2021.0493 -182.77 96.6947 10 1.3 0.7 2.8
2021.0521 -180.688 96.6947 8.4 1.4 0.7 2.7
2021.0548 -181.104 94.0242 10.3 1.4 0.7 2.9
2021.0575 -181.625 96.6947 14.5 1.3 0.7 2.8
2021.0603 -182.978 98.2525 7.3 1.4 0.7 2.8
2021.0630 -179.543 101.368 9.7 1.4 0.7 2.8
2021.0658 -181.416 93.8016 1 1.3 0.7 2.8
2021.0685 -180.272 98.475 8.8 1.3 0.7 2.8
2021.0712 -185.892 95.582 1 1.3 0.7 2.8
2021.0740 -186.412 95.6932 5.1 1.4 0.7 2.8
2021.0767 -186.725 99.2539 0.6 1.3 0.7 2.8
2021.0795 -180.063 100.255 8.8 1.4 0.7 2.8
2021.0822 -186.308 98.475 9.8 1.4 0.7 2.8
2021.0849 -187.141 98.475 17.1 1.3 0.7 2.7
2021.0877 -185.268 100.033 14.4 1.3 0.7 2.8
2021.0904 -181.729 101.257 5.5 1.3 0.7 2.8
2021.0932 -185.58 98.8088 3.1 1.4 0.7 2.8
2021.0959 -186.725 100.812 2 1.4 0.7 2.9
2021.0986 -187.245 98.3637 9.8 1.4 0.7 2.8
2021.1014 -186.621 99.699 14.7 1.3 0.7 2.7
2021.1041 -187.974 97.5848 18 1.3 0.7 2.7
2021.1068 -187.766 97.4736 15.1 1.3 0.7 2.7
2021.1096 -184.435 98.0299 18 1.3 0.7 2.7
2021.1123 -186.621 96.1383 18.2 1.3 0.7 2.7
2021.1151 -187.557 96.0271 16 1.4 0.7 2.8
2021.1178 -188.598 98.0299 16.1 1.3 0.7 2.7
2021.1205 -187.661 99.699 15.2 1.4 0.7 2.7
2021.1233 -189.223 99.5877 9 1.3 0.7 2.8
2021.1260 -190.055 101.146 7.8 1.3 0.7 2.7
2021.1288 -195.155 97.8074 10.9 1.4 0.7 2.8
2021.1315 -190.576 103.148 23.2 1.4 0.7 2.8
2021.1342 -191.825 99.3652 14.7 1.4 0.7 2.8
2021.1370 -189.847 99.2539 13.8 1.4 0.7 2.8
2021.1397 -187.661 97.8074 2.9 1.3 0.7 2.8
2021.1425 -190.992 101.591 3.3 1.3 0.7 2.7
2021.1452 -192.241 100.478 11.1 1.4 0.7 2.8
2021.1479 -192.137 99.8103 9.5 1.4 0.7 2.8
2021.1507 -188.182 98.9201 12 1.4 0.7 2.8
2021.1534 -188.078 96.9172 6 1.4 0.7 2.8
2021.1562 -187.141 97.4736 -8 1.4 0.7 2.8
2021.1589 -187.245 104.595 5.6 1.4 0.7 3.0
2021.1616 -187.453 102.258 5.3 1.4 0.7 2.9
2021.1644 -191.096 102.815 5.3 1.4 0.7 2.9
2021.1671 -194.323 99.3652 3.9 1.4 0.7 2.7
2021.1699 -193.906 100.367 11.5 1.4 0.7 2.8
2021.1726 -186.933 101.479 14.8 1.4 0.7 2.8
2021.1753 -193.386 104.039 11.6 1.5 0.7 2.8
2021.1781 -194.115 102.258 8.2 1.5 0.7 2.9
2021.1808 -193.282 105.151 7.8 1.5 0.7 2.8
2021.1836 -191.825 106.041 1.9 1.6 0.7 3.0
2021.1863 -189.327 103.26 -8.8 1.4 0.7 2.8
2021.1890 -193.178 106.82 0.8 1.4 0.7 2.7
2021.1918 -184.227 111.716 4.2 1.4 0.7 2.7
2021.1945 -188.806 108.156 13.4 1.4 0.7 2.8
2021.1973 -195.364 114.609 19.1 1.4 0.7 2.8
2021.2000 -190.368 103.26 6.2 1.4 0.7 2.7
2021.2027 -190.888 103.148 7.6 1.4 0.7 2.8
2021.2055 -196.821 109.936 10.4 1.4 0.7 2.7
2021.2082 -195.988 104.372 14.4 1.4 0.7 2.7
2021.2110 -189.951 105.151 8.1 1.4 0.7 2.9
2021.2137 -194.115 111.16 15 1.4 0.7 2.9
2021.2164 -193.698 109.825 3.8 1.4 0.7 2.8
2021.2192 -192.137 109.936 10.4 1.4 0.7 2.8
2021.2219 -195.26 106.264 7.6 1.4 0.7 2.7
2021.2247 -189.327 108.489 9.7 1.4 0.7 2.8
2021.2274 -191.408 107.377 2.7 1.4 0.7 2.8
2021.2301 -191.929 105.263 4.4 1.4 0.7 2.8
2021.2329 -195.78 102.481 0.8 1.4 0.7 2.8
2021.2356 -192.241 105.708 4.1 1.4 0.7 2.8
2021.2384 -188.806 103.593 5.3 1.4 0.7 2.8
2021.2411 -196.196 104.817 10.8 1.4 0.7 2.8
2021.2438 -191.721 101.813 -1.3 1.4 0.7 2.8
2021.2466 -193.698 104.372 7.8 1.4 0.7 2.8
2021.2493 -194.947 104.261 9.9 1.5 0.7 2.8
2021.2521 -196.092 104.706 1.3 1.4 0.7 2.8
2021.2548 -192.449 104.929 8.5 1.4 0.7 2.8
2021.2575 -188.494 102.592 1.2 1.4 0.7 2.8
2021.2603 -195.884 105.151 -6.1 1.4 0.7 2.8
2021.2630 -192.97 106.375 8.3 1.4 0.7 2.8
2021.2658 -191.929 104.706 -0.7 1.4 0.7 2.8
2021.2685 -195.78 107.377 6.4 1.4 0.7 2.9
2021.2712 -197.653 105.819 6.7 1.4 0.7 3.0
2021.2740 -193.49 105.151 4.1 1.4 0.7 2.9
2021.2767 -198.798 109.713 3.7 1.4 0.7 2.8
2021.2795 -194.739 104.261 1.5 1.4 0.7 3.0
2021.2822 -195.676 106.264 7.7 1.4 0.7 2.9
2021.2849 -195.78 105.04 5.7 1.4 0.7 2.9
2021.2877 -199.943 104.484 3.8 1.4 0.7 2.8
2021.2904 -197.966 102.37 6.1 1.4 0.7 2.9
2021.2932 -193.49 103.593 0.5 1.4 0.7 2.8
2021.2959 -199.735 106.153 7.5 1.4 0.7 2.8
2021.2986 -201.921 105.151 7 1.4 0.7 2.9
2021.3014 -199.111 104.372 0.9 1.4 0.7 2.8
2021.3041 -201.296 104.15 4.7 1.4 0.7 2.8
2021.3068 -199.735 103.927 0.4 1.4 0.7 3.1
2021.3096 -200.88 105.374 8.4 1.4 0.7 3.0
2021.3123 -199.631 103.593 9.3 1.4 0.7 2.8
2021.3151 -196.196 102.481 -2.5 1.4 0.7 2.9
2021.3178 -201.504 102.37 7 1.4 0.7 2.8
2021.3205 -200.672 103.705 3.9 1.5 0.7 3.0
2021.3233 -198.486 102.481 6.5 1.5 0.7 3.0
2021.3260 -199.423 106.153 8.1 1.4 0.7 2.9
2021.3288 -195.155 105.93 0.3 1.4 0.7 2.8
2021.3315 -196.717 104.706 2.6 1.4 0.7 2.8
2021.3342 -204.315 104.706 4.5 1.4 0.7 2.8
2021.3370 -203.482 104.817 6.8 1.4 0.7 2.9
2021.3397 -200.88 104.595 8.6 1.4 0.7 2.9
2021.3425 -197.757 106.598 10.8 1.4 0.7 2.9
2021.3452 -199.215 105.819 7.7 1.4 0.7 2.9
2021.3479 -201.4 105.93 11.9 1.4 0.7 2.8
2021.3507 -198.694 104.15 19.4 1.4 0.7 2.8
2021.3534 -195.884 104.817 11.8 1.4 0.7 2.8
2021.3562 -201.713 106.709 10.5 1.4 0.7 2.9
2021.3589 -200.776 109.602 16.9 1.4 0.7 2.9
2021.3616 -199.631 104.15 17.5 1.4 0.7 2.8
2021.3644 -199.527 102.036 17.3 1.4 0.7 2.8
2021.3671 -203.17 107.154 16.4 1.4 0.7 2.9
2021.3699 -198.798 108.378 13.4 1.4 0.7 2.8
2021.3726 -202.545 102.481 8.8 1.4 0.7 2.9
2021.3753 -204.939 106.264 10.9 1.3 0.7 2.9
2021.3781 -197.237 103.26 15.6 1.3 0.7 2.8
2021.3808 -201.817 104.595 17.1 1.4 0.7 2.9
2021.3836 -199.839 105.596 15.2 1.4 0.7 3.2
2021.3863 -206.813 107.265 13.3 1.3 0.7 3.1
2021.3890 -205.772 104.929 11.2 1.4 0.7 3.0
2021.3918 -202.337 106.264 6.4 1.3 0.7 2.8
2021.3945 -203.482 105.374 8.1 1.3 0.7 2.8
2021.3973 -206.917 106.487 8.9 1.3 0.7 2.8
2021.4000 -207.645 107.488 14.8 1.3 0.7 2.8
2021.4027 -206.188 107.265 12.9 1.3 0.7 2.9
2021.4055 -203.898 105.263 15.7 1.4 0.7 2.9
2021.4082 -207.333 106.153 8.2 1.3 0.7 2.9
2021.4110 -208.062 107.265 18.4 1.3 0.7 2.8
2021.4137 -203.898 105.93 12.9 1.3 0.7 2.8
2021.4164 -206.813 108.601 13.9 1.3 0.7 2.8
2021.4192 -206.084 109.157 11.2 1.3 0.7 2.9
2021.4219 -208.062 109.046 9.3 1.3 0.7 2.9
2021.4247 -205.876 108.489 7.1 1.3 0.7 2.9
2021.4274 -206.292 106.598 8.1 1.3 0.7 2.8
2021.4301 -209.207 106.041 13.4 1.3 0.7 2.8
2021.4329 -207.333 106.041 10 1.3 0.7 2.9
2021.4356 -211.601 106.598 4.9 1.3 0.7 2.9
2021.4384 -209.103 107.599 9.8 1.3 0.7 2.9
2021.4411 -205.876 109.046 6.1 1.4 0.7 3.0
2021.4438 -207.021 108.601 6.5 1.4 0.7 3.0
2021.4466 -205.147 109.38 10.8 1.3 0.7 2.9
2021.4493 -205.98 111.16 5.8 1.3 0.7 2.9
2021.4521 -203.69 110.047 8 1.3 0.7 3.0
2021.4548 -206.917 108.823 14.7 1.3 0.7 3.0
2021.4575 -206.292 110.27 6 1.3 0.7 3.0
2021.4603 -205.772 110.826 10 1.3 0.7 2.8
2021.4630 -210.352 107.933 16.5 1.3 0.7 2.8
2021.4658 -212.537 111.828 10.4 1.3 0.7 2.9
2021.4685 -208.686 108.378 3.3 1.3 0.7 2.9
2021.4712 -208.478 112.05 10.4 1.3 0.7 2.9
2021.4740 -211.809 107.711 10.5 1.3 0.7 2.9
2021.4767 -208.79 111.382 8.4 1.3 0.7 2.8
2021.4795 -207.437 110.492 5.5 1.3 0.7 2.9
2021.4822 -206.5 113.385 11.6 1.3 0.7 2.8
2021.4849 -210.352 110.381 8.2 1.3 0.7 2.9
2021.4877 -207.437 112.05 6 1.3 0.7 2.9
2021.4904 -210.143 109.713 13.7 1.3 0.7 2.9
2021.4932 -206.917 110.381 10 1.3 0.7 2.9
2021.4959 -207.645 112.829 6.3 1.3 0.7 2.9
2021.4986 -212.433 112.94 10.2 1.3 0.7 3.0
2021.5014 -208.166 112.161 6.4 1.3 0.7 3.0
2021.5041 -207.125 110.492 -1.7 1.3 0.7 2.9
2021.5068 -205.356 112.05 3 1.3 0.7 2.9
2021.5096 -210.976 110.604 12 1.3 0.7 2.9
2021.5123 -212.85 112.718 7 1.3 0.7 2.9
2021.5151 -213.058 113.497 0.6 1.3 0.7 2.9
2021.5178 -213.162 112.606 6.5 1.3 0.7 2.9
2021.5205 -212.641 110.826 11.2 1.3 0.7 3.0
2021.5233 -213.994 114.832 10.8 1.3 0.7 2.9
2021.5260 -205.46 111.828 3.5 1.3 0.7 2.9
2021.5288 -210.872 113.052 8.2 1.3 0.7 2.9
2021.5315 -213.578 113.163 5.4 1.3 0.7 2.9
2021.5342 -211.913 111.16 9.2 1.3 0.7 2.9
2021.5370 -213.37 115.388 11.9 1.3 0.7 3.0
2021.5397 -219.407 110.826 -2.2 1.4 0.8 3.1
2021.5425 -215.452 113.497 10.8 1.3 0.7 3.0
2021.5452 -215.972 111.494 11.1 1.3 0.7 2.9
2021.5479 -214.723 113.385 4.6 1.3 0.7 2.8
2021.5507 -214.723 112.273 6.8 1.3 0.7 2.9
2021.5534 -214.515 110.604 12.5 1.3 0.7 2.9
2021.5562 -214.515 115.945 -0.8 1.3 0.7 2.9
2021.5589 -213.682 119.06 0.8 1.3 0.7 2.9
2021.5616 -212.225 117.614 0.6 1.3 0.7 2.9
2021.5644 -215.452 116.39 9.5 1.3 0.7 2.9
2021.5671 -218.678 115.388 6.6 1.3 0.7 2.8
2021.5699 -216.492 112.829 3.6 1.3 0.7 2.9
2021.5726 -217.325 109.713 7.5 1.3 0.7 2.9
2021.5753 -215.139 118.838 8.6 1.3 0.7 2.8
2021.5781 -217.741 115.833 7.1 1.3 0.7 2.9
2021.5808 -214.411 113.83 -0.2 1.3 0.7 2.8
2021.5836 -213.682 114.164 4 1.3 0.7 2.9
2021.5863 -217.845 116.278 7.3 1.3 0.7 2.8
2021.5890 -216.805 114.943 9.9 1.3 0.7 2.9
2021.5918 -217.533 118.059 9.7 1.3 0.7 2.8
2021.5945 -216.597 114.609 8.9 1.3 0.7 2.8
2021.5973 -215.556 116.723 5.5 1.4 0.7 2.9
2021.6000 -217.533 117.057 -0.2 1.3 0.7 2.8
2021.6027 -217.325 115.054 6.2 1.3 0.7 2.8
2021.6055 -216.701 116.39 4.2 1.3 0.7 2.8
2021.6082 -215.868 114.387 8.4 1.3 0.7 2.9
2021.6110 -216.909 117.614 -8.4 1.3 0.7 2.9
2021.6137 -217.637 117.057 4.3 1.3 0.7 2.9
2021.6164 -213.578 117.28 5.3 1.3 0.7 2.8
2021.6192 -218.678 116.835 5.9 1.3 0.7 2.8
2021.6219 -219.303 115.277 -0.4 1.3 0.7 2.9
2021.6247 -219.407 115.833 3.5 1.3 0.7 2.9
2021.6274 -217.533 117.169 5.3 1.3 0.7 2.9
2021.6301 -221.905 117.725 -1.4 1.3 0.7 2.9
2021.6329 -222.633 116.612 1.8 1.3 0.7 2.8
2021.6356 -219.511 118.059 -4.2 1.3 0.7 2.9
2021.6384 -220.343 115.611 4.1 1.3 0.7 3.2
2021.6411 -221.176 114.498 2.7 1.3 0.7 3.0
2021.6438 -223.674 115.277 0.7 1.4 0.7 3.0
2021.6466 -218.678 115.054 -15.2 1.3 0.7 2.9
2021.6493 -217.325 117.725 -1 1.3 0.7 2.8
2021.6521 -219.407 117.614 3.9 1.4 0.7 2.8
2021.6548 -221.592 118.17 3.6 1.3 0.7 2.9
2021.6575 -223.674 118.281 9.7 1.4 0.7 2.8
2021.6603 -223.674 117.502 8 1.4 0.7 2.9
2021.6630 -222.841 116.39 9.4 1.4 0.7 2.8
2021.6658 -226.38 117.502 3.7 1.4 0.7 2.8
2021.6685 -224.611 117.391 8.9 1.4 0.7 2.8
2021.6712 -223.154 117.947 1.8 1.4 0.7 3.0
2021.6740 -220.239 119.95 5 1.5 0.7 3.0
2021.6767 -222.321 118.393 4.6 1.6 0.7 3.0
2021.6795 -224.403 121.286 -3.2 1.4 0.7 2.9
2021.6822 -224.09 119.839 -7 1.4 0.7 2.8
2021.6849 -225.131 119.505 1 1.4 0.7 2.9
2021.6877 -222.113 119.728 5.4 1.4 0.7 2.9
2021.6904 -222.841 117.391 0.4 1.4 0.7 2.8
2021.6932 -228.566 118.838 1.5 1.4 0.7 2.8
2021.6959 -222.737 117.836 4.4 1.4 0.7 2.8
2021.6986 -225.652 121.953 5 1.4 0.7 2.9
2021.7014 -223.362 119.95 -3.8 1.4 0.7 3.0
2021.7041 -222.633 120.618 -0.9 1.4 0.7 2.8
2021.7068 -225.235 121.508 -3.8 1.4 0.7 2.9
2021.7096 -224.923 120.062 -15.2 1.4 0.7 2.8
2021.7123 -225.235 120.173 3.7 1.4 0.7 2.8
2021.7151 -231.897 122.51 2.4 1.4 0.7 2.8
2021.7178 -221.28 121.953 -6.8 1.4 0.7 2.9
2021.7205 -227.733 119.728 5.4 1.4 0.7 2.8
2021.7233 -223.882 117.28 -2 1.4 0.7 2.8
2021.7260 -226.693 119.394 -0.1 1.4 0.7 2.8
2021.7288 -230.648 120.173 2.2 1.4 0.7 2.9
2021.7315 -230.231 120.841 10.6 1.4 0.7 3.0
2021.7342 -231.272 120.284 1.6 1.4 0.7 2.8
2021.7370 -225.027 119.95 0.2 1.4 0.7 2.8
2021.7397 -225.548 119.839 -0.4 1.4 0.7 2.8
2021.7425 -232.625 121.842 7.3 1.4 0.7 2.8
2021.7452 -226.484 122.065 0.8 1.4 0.7 2.8
2021.7479 -230.44 119.728 5.1 1.4 0.7 2.9
2021.7507 -235.54 120.507 4.6 1.4 0.7 2.8
2021.7534 -230.335 118.615 1.3 1.4 0.7 2.8
2021.7562 -233.458 120.284 -0.8 1.4 0.7 2.8
2021.7589 -230.96 120.729 -0.7 1.4 0.7 2.8
2021.7616 -229.815 120.173 1.8 1.4 0.7 2.8
2021.7644 -230.544 119.283 8.9 1.4 0.7 2.9
2021.7671 -228.67 120.618 2.8 1.4 0.7 2.8
2021.7699 -226.901 120.507 -6.1 1.4 0.7 2.8
2021.7726 -230.44 122.065 -3.3 1.4 0.7 2.8
2021.7753 -225.131 120.173 -3.6 1.4 0.7 3.0
2021.7781 -231.897 122.287 8 1.4 0.7 3.0
2021.7808 -230.023 115.611 -1.4 1.4 0.7 3.0
2021.7836 -229.191 120.729 5 1.4 0.7 2.8
2021.7863 -232.625 122.176 6.9 1.4 0.7 2.8
2021.7890 -235.019 120.284 -8.2 1.4 0.7 2.8
2021.7918 -230.544 120.618 -5.1 1.4 0.7 2.8
2021.7945 -228.566 122.287 -0.9 1.4 0.7 2.8
2021.7973 -231.793 119.728 11.4 1.4 0.7 2.8
2021.8000 -233.25 119.617 1.9 1.4 0.7 2.8
2021.8027 -231.897 121.619 9.2 1.4 0.7 3.0
2021.8055 -231.793 120.507 13.9 1.4 0.7 2.9
2021.8082 -228.254 124.512 1.2 1.4 0.7 2.8
2021.8110 -232.729 124.958 4.1 1.4 0.7 2.8
2021.8137 -233.146 122.176 -4.3 1.5 0.7 2.9
2021.8164 -234.915 123.177 1.1 1.4 0.7 2.8
2021.8192 -237.413 123.177 -1.5 1.4 0.7 2.8
2021.8219 -236.372 125.514 -3.8 1.5 0.7 2.9
2021.8247 -239.287 122.955 -6.2 1.4 0.7 2.8
2021.8274 -235.852 122.621 0.7 1.4 0.7 2.8
2021.8301 -235.748 124.179 1.2 1.4 0.7 2.8
2021.8329 -238.454 121.953 6.8 1.4 0.7 2.8
2021.8356 -236.58 123.288 5.5 1.5 0.7 2.9
2021.8384 -237.829 124.735 4.6 1.4 0.7 2.8
2021.8411 -238.766 122.51 0.6 1.4 0.7 2.8
2021.8438 -238.766 120.841 -11.3 1.4 0.7 2.8
2021.8466 -237.621 120.507 -7.6 1.4 0.7 2.8
2021.8493 -239.807 119.394 -1.2 1.4 0.7 2.9
2021.8521 -241.68 120.618 -2.4 1.4 0.7 2.8
2021.8548 -238.662 123.177 3.3 1.4 0.7 2.8
2021.8575 -239.599 122.732 8.2 1.4 0.7 2.8
2021.8603 -239.911 123.288 4.6 1.4 0.7 2.8
2021.8630 -241.889 118.726 6.8 1.4 0.7 2.8
2021.8658 -239.287 119.839 8.9 1.5 0.7 2.9
2021.8685 -240.64 123.177 4.1 1.5 0.7 3.0
2021.8712 -235.852 125.514 3.2 1.5 0.7 3.0
2021.8740 -240.327 120.395 -1.3 1.4 0.7 2.9
2021.8767 -238.766 124.512 -4.1 1.4 0.7 2.9
2021.8795 -239.495 121.731 -0.1 1.4 0.7 2.9
2021.8822 -237.829 120.952 -0.6 1.4 0.7 2.8
2021.8849 -238.246 122.287 6.2 1.4 0.7 2.8
2021.8877 -235.644 124.067 12.1 1.4 0.7 2.8
2021.8904 -234.082 121.063 10.1 1.4 0.7 2.8
2021.8932 -234.082 123.734 4.1 1.4 0.7 2.8
2021.8959 -239.599 124.846 6.7 1.4 0.7 2.8
2021.8986 -248.55 121.063 29.5 1.4 0.7 2.9
2021.9014 -240.431 125.514 5 1.4 0.7 2.9
2021.9041 -239.911 125.959 1.8 1.4 0.7 2.9
2021.9068 -237.101 124.958 3 1.4 0.7 2.8
2021.9096 -239.287 126.96 -0.6 1.4 0.7 2.8
2021.9123 -241.785 128.296 2 1.4 0.7 2.9
2021.9151 -244.907 126.96 0.1 1.4 0.7 2.8
2021.9178 -230.856 127.628 -19.4 1.4 0.7 2.9
2021.9205 -233.25 127.739 -0.7 1.4 0.7 2.8
2021.9233 -236.997 130.744 13.5 1.5 0.7 2.9
2021.9260 -244.803 131.634 9.6 1.4 0.7 2.9
2021.9288 -250.215 133.192 1.1 1.4 0.7 3.0
2021.9425 -245.115 128.963 1.6 1.5 0.8 3.2
2021.9452 -245.011 127.406 -1.7 1.4 0.7 2.9
2021.9479 -240.223 126.96 0.1 1.4 0.7 2.9
2021.9507 -244.595 129.297 5.6 1.4 0.7 2.9
2021.9534 -241.368 126.293 0.4 1.4 0.7 2.9
2021.9562 -239.599 126.96 6.6 1.4 0.7 3.1
2021.9589 -245.532 129.408 4.5 1.4 0.7 3.1
2021.9616 -238.454 124.624 5.4 1.4 0.7 2.9
2021.9644 -240.431 125.18 4.6 1.4 0.7 2.9
2021.9671 -243.138 127.183 6.3 1.4 0.7 2.9
2021.9699 -236.997 127.406 8.9 1.4 0.7 2.9
2021.9726 -241.264 129.408 13.1 1.4 0.7 2.9
2021.9753 -245.844 128.741 10 1.4 0.7 2.9
2021.9781 -247.925 128.184 7.7 1.4 0.7 2.9
2021.9973 -245.636 129.853 -3.3 1.4 0.8 3.2
2022.0000 -241.889 125.291 -0.1 1.4 0.7 2.9
2022.0027 -242.825 130.744 2.5 1.3 0.7 2.9
2022.0055 -247.925 127.739 8.7 1.3 0.7 2.9
2022.0082 -248.55 131.523 11.2 1.3 0.7 2.9
2022.0110 -248.134 132.969 0.4 1.3 0.7 2.9
2022.0137 -241.16 132.079 6.2 1.4 0.7 2.9
2022.0164 -244.074 133.637 7.4 1.4 0.7 2.9
2022.0192 -244.907 133.414 6.5 1.4 0.7 2.9
2022.0219 -246.885 131.968 8.1 1.3 0.7 2.9
2022.0247 -249.591 132.079 7.6 1.4 0.8 3.2
2022.0274 -245.427 133.192 1.7 1.3 0.7 2.9
2022.0301 -243.242 132.858 -0.8 1.4 0.7 3.0
2022.0329 -248.238 132.524 -0.1 1.3 0.7 2.9
2022.0356 -245.844 132.079 3.5 1.4 0.7 3.0
2022.0384 -246.989 130.299 9.1 1.3 0.7 2.9
2022.0411 -243.97 129.742 5.9 1.4 0.7 3.1
2022.0438 -248.966 131.411 1.1 1.4 0.8 3.0
2022.0466 -248.758 134.527 2.5 1.3 0.7 3.0
2022.0493 -253.858 131.745 11.8 1.4 0.7 2.9
2022.0521 -250.84 133.971 15.2 1.4 0.7 3.0
2022.0548 -254.691 132.413 9.3 1.4 0.7 2.9
2022.0575 -249.279 133.748 10.5 1.4 0.7 2.9
2022.0603 -250.632 132.413 12 1.4 0.7 2.9
2022.0630 -249.799 130.299 7.7 1.4 0.7 2.9
2022.0658 -253.65 130.41 7.2 1.4 0.7 2.9
2022.0685 -256.668 130.076 17.8 1.4 0.7 2.8
2022.0712 -249.695 133.192 8.7 1.4 0.7 2.8
2022.0740 -249.591 132.079 11.8 1.4 0.7 2.8
2022.0767 -249.07 131.189 11.1 1.4 0.7 2.8
2022.0795 -249.383 130.187 7.1 1.4 0.7 2.8
2022.0822 -255.107 129.965 10.9 1.4 0.7 2.9
2022.0849 -251.777 127.517 9.5 1.4 0.7 2.9
2022.0877 -252.505 129.742 12.1 1.4 0.7 2.9
2022.0904 -249.799 131.3 15.3 1.4 0.7 2.9
2022.0932 -250.319 132.969 8.2 1.4 0.7 2.9
2022.0959 -248.758 130.966 3.8 1.4 0.7 2.9
2022.0986 -253.442 132.524 6.9 1.4 0.7 2.8
2022.1014 -252.193 130.299 9.4 1.4 0.7 2.9
2022.1041 -253.546 131.523 0.6 1.4 0.7 2.9
2022.1068 -252.401 132.301 5 1.4 0.7 3.0
2022.1096 -253.962 132.635 4.5 1.4 0.7 3.0
2022.1123 -257.189 134.193 10.9 1.4 0.7 2.9
2022.1151 -257.917 131.745 9.5 1.4 0.7 2.8
2022.1178 -253.65 131.745 6.8 1.4 0.7 2.8
2022.1205 -256.772 131.745 11 1.4 0.7 2.8
2022.1233 -252.193 134.193 6.6 1.4 0.7 2.8
2022.1260 -251.672 135.195 5.9 1.4 0.7 2.8
2022.1288 -256.668 132.413 -0.3 1.4 0.7 2.8
2022.1315 -252.713 132.19 6.4 1.5 0.7 2.9
2022.1342 -253.442 134.638 7.4 1.4 0.7 2.8
2022.1370 -251.568 135.751 -4 1.4 0.7 2.8
2022.1397 -255.003 136.53 9.4 1.4 0.7 2.8
2022.1425 -255.419 131.077 13.5 1.5 0.7 2.9
2022.1452 -252.921 133.192 14 1.5 0.7 2.9
2022.1479 -255.836 135.083 9.4 1.5 0.7 2.9
2022.1507 -258.75 133.971 5.6 1.7 0.7 3.0
2022.1534 -253.962 134.082 5.5 1.7 0.7 3.0
2022.1562 -245.844 136.085 -1.1 3.1 1.1 4.0
2022.1589 -260.728 133.192 2.9 1.5 0.7 2.8
2022.1616 -258.438 133.414 3.5 1.5 0.7 2.8
2022.1644 -257.709 134.527 9.7 1.5 0.7 2.8
2022.1671 -251.777 135.306 6.6 1.5 0.7 2.9
2022.1699 -251.464 134.861 10.9 1.5 0.7 2.8
2022.1726 -250.528 134.193 5.1 1.5 0.7 2.9
2022.1753 -252.817 134.527 1.8 1.5 0.7 2.9
2022.1781 -254.17 136.196 6.2 1.5 0.7 2.8
2022.1808 -257.085 136.53 0 1.5 0.7 2.8
2022.1836 -255.836 136.085 10 1.5 0.7 2.8
2022.1863 -255.419 135.306 11.4 1.5 0.7 2.8
2022.1890 -258.958 136.53 -2.1 1.5 0.7 2.9
2022.1918 -256.148 136.641 1.4 1.5 0.7 2.9
2022.1945 -260.624 136.53 -1 1.5 0.7 2.8
2022.1973 -259.583 138.866 1.2 1.5 0.7 2.8
2022.2000 -259.27 139.757 0.4 1.5 0.7 2.8
2022.2027 -258.75 139.089 -0.3 1.5 0.7 2.8
2022.2055 -256.044 138.644 1.7 1.5 0.7 2.9
2022.2082 -256.46 138.644 -7.8 1.6 0.7 3.0
2022.2110 -255.524 135.751 -8.9 1.5 0.7 3.0
2022.2137 -259.687 136.418 2.4 1.5 0.7 2.8
2022.2164 -261.248 137.42 -1.5 1.5 0.7 2.9
2022.2192 -256.044 133.859 -7.1 1.5 0.7 2.9
2022.2219 -256.668 137.197 -3.7 1.5 0.7 2.9
2022.2247 -259.375 135.083 -0.6 1.5 0.7 2.9
2022.2274 -260.936 142.093 7.5 1.5 0.7 2.9
2022.2301 -255.732 137.309 8.9 1.5 0.7 3.0
2022.2329 -260.728 138.31 4.8 1.5 0.7 2.9
2022.2356 -259.687 136.975 0.8 1.5 0.7 2.9
2022.2384 -263.954 138.199 3.1 1.5 0.7 2.9
2022.2411 -261.664 138.421 0.6 1.5 0.7 2.9
2022.2438 -261.144 140.424 0.7 1.5 0.7 2.9
2022.2466 -264.371 137.086 3.2 1.5 0.7 2.8
2022.2493 -261.04 138.644 6.2 1.5 0.7 2.9
2022.2521 -268.013 137.642 -4.1 1.5 0.7 2.9
2022.2548 -264.266 136.307 -9.1 1.4 0.7 2.8
2022.2575 -264.162 139.868 -3.4 1.5 0.7 2.8
2022.2603 -267.597 138.533 -5.6 1.6 0.7 2.9
2022.2630 -265.515 139.089 2.6 1.4 0.7 2.9
2022.2658 -261.144 137.309 8.3 1.5 0.7 2.9
2022.2685 -259.375 138.088 -5.6 1.5 0.7 2.9
2022.2712 -266.973 139.868 -10.8 1.5 0.7 2.9
2022.2740 -264.683 139.534 -0.1 1.4 0.7 2.8
2022.2767 -265.515 138.421 5.2 1.5 0.7 3.0
2022.2795 -263.122 137.197 7.9 1.5 0.7 2.9
2022.2822 -263.017 139.423 2.8 1.4 0.7 2.8
2022.2849 -263.746 138.644 4.8 1.4 0.7 2.9
2022.2877 -261.04 137.754 2.9 1.5 0.7 2.9
2022.2904 -264.266 138.644 -0.1 1.5 0.7 3.0
2022.2932 -264.475 139.2 2.6 1.4 0.7 2.8
2022.2959 -265.932 139.757 11 1.4 0.7 2.9
2022.2986 -266.348 139.757 3.3 1.6 0.7 2.8
2022.3014 -265.932 138.31 4.7 1.4 0.7 2.8
2022.3041 -268.95 137.865 5.4 1.5 0.7 2.9
2022.3068 -266.036 136.641 4.8 1.5 0.7 2.9
2022.3096 -266.14 138.533 7.7 1.4 0.7 2.8
2022.3123 -266.244 138.866 9.5 1.4 0.7 2.8
2022.3151 -267.805 139.2 7.9 1.5 0.7 2.8
2022.3178 -270.616 137.865 11.6 1.4 0.7 2.8
2022.3205 -268.95 138.755 10.8 1.5 0.7 3.0
2022.3233 -269.158 139.2 11.6 1.6 0.7 3.0
2022.3260 -266.348 138.644 9.3 1.4 0.7 2.8
2022.3288 -268.222 138.978 10.1 1.4 0.7 2.8
2022.3315 -267.389 143.54 4.2 1.4 0.7 2.8
2022.3342 -258.542 140.09 -4.9 1.5 0.7 2.9
2022.3370 -264.371 141.092 -8.5 1.5 0.7 3.0
2022.3397 -263.434 140.869 1 1.5 0.7 2.9
2022.3425 -269.262 141.426 6.6 1.4 0.7 2.8
2022.3452 -270.511 141.203 5.3 1.4 0.7 2.8
2022.3479 -270.511 139.534 0.8 1.4 0.7 2.8
2022.3507 -271.032 138.199 3.1 1.4 0.7 2.9
2022.3534 -271.136 139.534 6.3 1.4 0.7 2.8
2022.3562 -270.616 140.202 9.4 1.4 0.7 2.8
2022.3589 -269.991 141.314 6.7 1.4 0.7 2.8
2022.3616 -268.013 138.199 5.6 1.5 0.7 2.8
2022.3644 -271.448 140.09 11.3 1.4 0.7 2.8
2022.3671 -269.783 139.312 10.1 1.4 0.7 2.8
2022.3699 -275.82 139.757 8.4 1.4 0.7 2.8
2022.3726 -270.824 140.313 15.1 1.4 0.7 2.8
2022.3753 -270.095 141.426 10.5 1.4 0.7 2.8
2022.3781 -269.262 138.199 7.7 1.4 0.7 2.7
2022.3808 -270.303 134.082 3 1.4 0.7 2.9
2022.3836 -276.965 136.196 7.7 1.4 0.7 2.8
2022.3863 -276.34 139.645 9.1 1.3 0.7 2.8
2022.3890 -271.656 140.869 16.4 1.3 0.7 2.8
2022.3918 -270.303 141.982 11.2 1.4 0.7 2.8
2022.3945 -270.928 141.426 11.2 1.4 0.7 2.8
2022.3973 -270.303 139.757 6.9 1.3 0.7 2.8
2022.4000 -268.95 141.203 4.9 1.5 0.7 2.9
2022.4027 -269.575 137.42 6.6 1.4 0.7 2.8
2022.4055 -273.946 140.313 7.9 1.4 0.7 2.9
2022.4082 -274.258 140.647 3.9 1.4 0.7 3.0
2022.4110 -272.697 138.978 9.6 1.3 0.7 2.9
2022.4137 -271.656 139.312 12.4 1.3 0.7 2.9
2022.4164 -267.909 140.424 13.1 1.3 0.7 2.8
2022.4192 -268.534 142.093 4.3 1.3 0.7 2.9
2022.4219 -267.077 140.09 8.3 1.3 0.7 2.9
2022.4247 -269.367 140.424 6.5 1.3 0.7 2.8
2022.4274 -264.475 138.31 10.5 1.3 0.7 2.9
2022.4301 -268.118 140.202 15.2 1.3 0.7 3.0
2022.4329 -270.199 140.536 17.7 1.3 0.7 3.0
2022.4356 -272.073 140.647 13.4 1.5 0.8 3.1
2022.4384 -269.783 141.092 4.7 1.4 0.7 2.9
2022.4411 -268.95 139.312 8.7 1.3 0.7 2.9
2022.4438 -271.032 144.875 11.8 1.4 0.7 3.0
2022.4466 -269.575 139.312 5.7 1.3 0.7 2.9
2022.4493 -268.326 143.874 2.6 1.3 0.7 2.8
2022.4521 -272.281 143.317 6.8 1.3 0.7 2.8
2022.4548 -271.969 143.651 2.1 1.5 0.7 3.0
2022.4575 -273.426 142.427 7.5 1.3 0.7 2.8
2022.4603 -271.969 140.981 7.9 1.3 0.7 2.8
2022.4630 -270.616 140.981 5.2 1.3 0.7 2.8
2022.4658 -270.407 145.32 3.4 1.3 0.7 2.8
2022.4685 -271.865 142.872 8.7 1.4 0.7 2.9
2022.4712 -271.032 144.319 11.8 1.3 0.7 2.8
2022.4740 -268.326 143.985 8.3 1.5 0.7 2.9
2022.4767 -273.322 142.316 6.6 1.3 0.7 2.8
2022.4795 -273.009 140.981 5 1.4 0.7 2.9
2022.4822 -272.073 145.988 10.9 1.4 0.7 2.9
2022.4849 -271.344 144.875 11.2 1.3 0.7 2.8
2022.4877 -265.932 146.989 19.5 1.3 0.7 2.8
2022.4904 -277.381 145.654 10.6 1.3 0.7 2.9
2022.4932 -271.76 144.096 0.9 1.3 0.7 2.8
2022.4959 -269.783 146.433 13.9 1.3 0.7 2.9
2022.4986 -267.493 147.101 10.1 1.3 0.7 2.8
2022.5014 -267.597 141.314 -2 1.6 0.8 3.3
2022.5041 -273.946 143.874 -1.9 1.3 0.7 2.8
2022.5068 -274.154 143.874 0.7 1.5 0.8 2.9
2022.5096 -276.756 140.424 4.3 1.5 0.8 3.1
2022.5123 -273.218 145.543 5.3 1.6 0.7 3.0
2022.5151 -275.924 143.206 4.2 1.4 0.7 2.8
2022.5178 -271.032 145.877 10.9 1.4 0.7 2.8
2022.5205 -277.797 149.771 9.2 1.4 0.7 2.8
2022.5233 -272.801 145.765 10.1 1.4 0.7 2.8
2022.5260 -273.738 147.323 7.3 1.4 0.7 2.9
2022.5288 -279.254 145.988 7.4 1.6 0.8 3.0
2022.5315 -272.801 146.099 0.9 1.4 0.7 2.8
2022.5342 -280.503 148.436 1.2 1.4 0.7 2.8
2022.5370 -277.589 144.096 0.7 1.4 0.7 2.9
2022.5397 -276.132 145.877 5.9 1.3 0.7 2.8
2022.5425 -273.946 145.877 5.2 1.4 0.7 2.8
2022.5452 -276.86 146.989 8.8 1.4 0.7 2.9
2022.5479 -280.295 149.103 7.4 1.6 0.8 3.2
2022.5507 -275.403 144.541 -2 1.3 0.7 2.8
2022.5534 -272.073 147.657 -3.3 1.4 0.7 2.9
2022.5562 -275.195 150.661 11.5 1.3 0.7 2.8
2022.5589 -276.965 147.434 4.2 1.4 0.7 2.8
2022.5616 -278.838 148.102 8.3 1.4 0.7 2.8
2022.5644 -275.507 145.988 4.2 1.3 0.7 2.8
2022.5671 -276.028 149.326 5.2 1.4 0.7 2.9
2022.5699 -276.236 146.989 4.1 1.3 0.7 2.8
2022.5726 -284.25 149.66 7.3 1.3 0.7 2.8
2022.5753 -281.961 150.105 -6.9 1.4 0.7 2.8
2022.5781 -281.856 151.218 6.8 1.4 0.7 2.8
2022.5808 -276.34 146.989 0.7 1.4 0.7 2.8
2022.5836 -280.087 147.657 11 1.3 0.7 2.8
2022.5863 -278.63 148.325 1.4 1.4 0.7 3.0
2022.5890 -274.883 145.654 -2.4 1.4 0.7 3.1
2022.5918 -278.109 146.433 -13 1.4 0.7 3.0
2022.5945 -278.005 145.877 -4.6 1.4 0.7 2.8
2022.5973 -281.024 146.544 0.5 1.4 0.7 2.8
2022.6000 -285.083 148.992 5.2 1.4 0.7 2.9
2022.6027 -283.418 146.767 -1.7 1.4 0.7 2.9
2022.6055 -283.105 150.216 -1.7 1.4 0.7 2.9
2022.6082 -282.481 153.554 -1.2 1.5 0.7 2.9
2022.6110 -278.526 149.103 1 1.5 0.7 2.9
2022.6137 -281.44 149.437 -3.8 1.5 0.7 2.9
2022.6164 -285.395 147.212 9.2 1.4 0.7 2.9
2022.6192 -278.422 149.215 0.8 1.4 0.7 2.8
2022.6219 -285.083 150.995 6.4 1.4 0.7 2.9
2022.6247 -280.503 150.216 5.6 1.5 0.7 3.0
2022.6274 -284.042 149.215 5.6 1.4 0.7 2.8
2022.6301 -285.499 150.55 9.1 1.5 0.8 3.1
2022.6329 -280.816 147.879 2.4 1.4 0.7 2.9
2022.6356 -282.273 148.547 4.7 1.4 0.7 2.9
2022.6384 -288.83 147.546 -2.3 1.4 0.7 2.8
2022.6411 -286.228 147.546 0.1 1.4 0.7 2.8
2022.6438 -288.31 148.881 -9.4 1.7 0.8 3.1
2022.6466 -281.752 151.218 0.3 1.6 0.7 3.0
2022.6493 -287.477 148.77 -2.4 1.6 0.7 2.9
2022.6521 -297.261 151.551 -11.1 1.4 0.7 2.8
2022.6548 -288.83 150.995 -4.8 1.4 0.7 2.9
2022.6575 -286.644 150.55 2.8 1.4 0.7 2.8
2022.6603 -287.581 150.216 -7 1.4 0.7 2.8
2022.6630 -284.146 154.111 1.6 1.4 0.7 2.8
2022.6658 -286.852 151.774 1.6 1.4 0.7 2.8
2022.6685 -293.41 151.44 2.2 1.4 0.7 2.8
2022.6712 -294.971 152.998 -0.6 1.4 0.7 2.9
2022.6740 -285.187 151.885 -4.2 1.4 0.7 2.8
2022.6767 -289.767 154.111 -2.6 1.5 0.7 2.9
2022.6795 -294.242 153.554 -3.6 1.5 0.7 2.8
2022.6822 -292.265 154.89 -5 1.5 0.7 2.9
2022.6849 -294.659 155.668 -3.9 1.5 0.7 2.9
2022.6877 -290.808 153.554 5.7 1.5 0.7 2.9
2022.6904 -284.354 151.44 -24.6 1.5 0.7 2.9
2022.6932 -288.726 155.668 5.9 1.5 0.7 2.9
2022.6959 -278.214 150.439 4.1 1.4 0.7 2.8
2022.6986 -287.789 150.995 -2.7 1.5 0.7 2.8
2022.7014 -285.916 149.215 -13.5 1.5 0.7 2.9
2022.7041 -285.916 146.767 -7.8 1.7 0.8 3.3
2022.7068 -287.269 147.546 -2.8 1.6 0.8 3.1
2022.7096 -289.975 152.33 2.9 1.5 0.7 2.9
2022.7123 -292.265 152.775 -7.5 1.4 0.7 2.8
2022.7151 -293.306 153.554 -0.3 1.5 0.7 2.8
2022.7178 -289.559 149.326 -6.5 1.5 0.7 3.0
2022.7205 -288.206 157.56 2.8 1.5 0.7 2.9
2022.7233 -290.912 154.778 -1.5 1.4 0.7 2.9
2022.7260 -295.908 154.89 -2.6 1.5 0.7 2.9
2022.7288 -294.867 155.668 5.9 1.6 0.7 3.0
2022.7315 -292.265 158.116 3 1.4 0.7 2.8
2022.7342 -289.559 156.336 6.2 1.5 0.7 2.9
2022.7370 -290.495 155.001 0.2 1.4 0.7 2.9
2022.7397 -293.93 154.778 2.2 1.4 0.7 2.8
2022.7425 -289.246 149.549 -4.3 1.5 0.7 3.0
2022.7452 -299.759 152.553 -0.7 1.6 0.8 3.1
2022.7479 -293.202 153.554 5.1 1.6 0.7 3.0
2022.7507 -293.618 152.998 2.1 1.5 0.7 2.9
2022.7534 -295.595 154.667 -0.5 1.5 0.7 2.9
2022.7562 -283.105 161.455 -16.7 1.5 0.7 2.9
2022.7589 -288.414 158.339 -17.5 1.5 0.7 2.9
2022.7616 -292.265 155.557 -18.6 1.4 0.7 2.8
2022.7644 -295.804 153.888 -3.9 1.6 0.7 2.9
2022.7671 -297.469 153.22 -5 1.6 0.7 2.9
2022.7699 -298.51 153.777 0.4 1.4 0.7 2.8
2022.7726 -298.718 156.114 -20.8 1.4 0.7 2.8
2022.7753 -292.057 155.891 -22.6 1.5 0.7 2.9
2022.7781 -301.84 157.115 -9.4 1.5 0.7 2.9
2022.7808 -291.328 154.444 -14.1 1.6 0.7 3.0
2022.7836 -295.075 155.557 -4.6 1.6 0.7 3.0
2022.7863 -298.093 156.781 -6.3 1.6 0.7 3.0
2022.7890 -298.718 155.446 -3.3 1.5 0.7 2.8
2022.7918 -299.551 154.89 -6.2 1.5 0.7 2.9
2022.7945 -300.8 156.225 -1.2 1.4 0.7 2.8
2022.7973 -298.926 155.335 -7.2 1.5 0.7 3.0
2022.8000 -300.071 159.007 3.5 1.7 0.7 3.0
2022.8027 -302.881 156.892 -10 1.5 0.7 3.0
2022.8055 -302.361 160.898 -30.1 1.5 0.7 2.8
2022.8082 -300.383 158.228 -7.8 1.4 0.7 2.8
2022.8110 -298.406 154.111 0 1.4 0.7 2.8
2022.8137 -300.071 159.452 1.9 1.4 0.7 2.8
2022.8164 -296.22 156.892 -4.6 1.4 0.7 2.8
2022.8192 -299.863 155.891 -16.2 1.6 0.7 3.2
2022.8219 -305.379 155.112 -8.6 1.6 0.7 3.1
2022.8247 -299.342 158.116 -10.5 1.6 0.8 3.2
2022.8274 -299.342 157.226 -7.9 1.4 0.7 2.9
2022.8301 -300.383 160.898 -0.7 1.6 0.7 3.2
2022.8329 -304.338 156.114 -4.6 1.4 0.7 2.9
2022.8356 -296.22 156.781 -4.8 1.5 0.7 3.0
2022.8384 -296.532 157.449 1.3 1.5 0.7 3.0
2022.8411 -293.514 152.442 -18.6 1.5 0.7 3.0
2022.8438 -303.402 155.78 -16.4 1.5 0.7 2.9
2022.8466 -299.03 161.455 1.4 1.5 0.7 3.0
2022.8493 -304.859 157.337 4.2 1.4 0.7 2.9
2022.8521 -299.655 155.112 4.2 1.4 0.7 2.9
2022.8548 -299.551 152.442 -11 1.5 0.7 3.0
2022.8575 -300.279 156.892 -0.7 1.5 0.7 2.9
2022.8603 -297.261 158.784 9.3 1.5 0.7 3.1
2022.8630 -304.859 158.116 9.8 1.4 0.7 2.9
2022.8658 -299.759 157.337 0.9 1.4 0.7 3.0
2022.8685 -296.22 158.005 1 1.4 0.7 3.0
2022.8712 -301.112 154.667 0.5 1.4 0.7 2.9
2022.8740 -291.328 157.894 2.2 1.4 0.7 2.9
2022.8767 -302.049 155.78 17.2 1.5 0.7 2.9
2022.8795 -302.569 156.225 14.1 1.4 0.7 2.9
2022.8822 -308.502 153.554 -9.4 1.4 0.7 2.9
2022.8849 -299.759 156.225 -0.8 1.4 0.7 2.9
2022.8877 -300.279 157.115 -2.3 1.4 0.7 2.9
2022.8904 -296.948 164.014 3.8 1.4 0.7 2.9
2022.8932 -300.383 157.337 -6 1.4 0.7 2.9
2022.8959 -293.826 157.894 -0.2 1.4 0.7 2.9
2022.8986 -299.446 158.784 0.3 1.4 0.7 2.9
2022.9014 -300.8 160.119 -0.7 1.4 0.7 3.0
2022.9041 -302.569 160.787 -0.8 1.4 0.7 3.0
2022.9068 -304.026 157.56 -0.6 1.4 0.7 2.9
2022.9096 -304.963 159.674 -0.7 1.5 0.7 3.0
2022.9123 -300.487 155.891 -6.6 1.4 0.7 2.9
2022.9151 -299.134 155.557 -0.3 1.4 0.7 3.0
2022.9178 -306.004 155.223 1.1 1.5 0.7 2.9
2022.9205 -296.532 153.666 1.2 1.6 0.7 3.0
2022.9233 -300.383 156.781 3.1 1.5 0.7 2.9
2022.9260 -295.804 155.335 -0.2 1.5 0.7 2.9
2022.9288 -299.342 154.333 3.4 1.4 0.7 3.0
2022.9315 -298.51 160.453 8.7 1.4 0.7 2.9
2022.9342 -297.261 157.226 5.7 1.4 0.7 2.9
2022.9370 -304.026 157.004 2 1.4 0.7 3.0
2022.9397 -298.406 157.337 -0.9 1.5 0.7 3.1
2022.9425 -304.442 161.343 0.4 1.5 0.7 3.0
2022.9452 -298.614 157.004 0.5 1.5 0.7 3.0
2022.9479 -292.993 159.229 -13.9 1.4 0.7 3.0
2022.9507 -299.342 158.561 -10.6 1.5 0.7 3.0
2022.9534 -299.967 157.004 0.2 1.4 0.7 2.9
2022.9562 -300.071 157.449 10.1 1.4 0.7 2.9
2022.9589 -303.714 157.56 7.9 1.4 0.7 2.9
2022.9616 -302.153 160.231 -1.1 1.4 0.7 2.9
2023.2082 -317.245 169.132 3.5 1.5 0.7 3.1
2023.2110 -321.2 170.69 5.1 1.5 0.7 3.0
2023.2137 -317.349 168.465 -2.2 1.5 0.7 3.0
2023.2164 -316.828 173.806 7.2 1.5 0.7 3.0
2023.2192 -314.643 172.582 6.1 1.5 0.7 3.0
2023.2219 -317.557 168.465 -0.3 1.5 0.7 3.0
2023.2247 -315.996 171.246 -13.7 1.5 0.7 2.9
2023.2274 -320.367 171.246 -4.9 1.5 0.7 3.0
2023.2301 -317.036 171.135 8.1 1.6 0.7 3.1
2023.2329 -321.096 168.687 3.2 1.6 0.8 3.1
2023.2356 -313.914 172.248 6.1 1.5 0.7 3.0
2023.2384 -317.349 172.47 3.2 1.5 0.7 3.0
2023.2411 -319.951 170.69 -4.4 1.5 0.7 3.1
2023.2438 -323.49 169.577 -8.9 1.5 0.7 3.1
2023.2466 -321.512 170.134 0.2 1.5 0.7 3.0
2023.2493 -324.322 171.803 9.8 1.5 0.7 3.0
2023.2521 -323.49 172.248 -3.3 1.5 0.7 3.0
2023.2548 -314.851 170.134 -14.6 1.6 0.7 3.1
2023.2575 -319.951 171.135 -6.2 1.6 0.7 3.1
2023.2603 -318.598 167.463 0.8 1.5 0.7 3.0
2023.2630 -322.657 170.467 7 1.5 0.7 3.1
2023.2658 -316.308 172.359 -1.8 1.5 0.7 2.9
2023.2685 -322.865 170.022 3.9 1.5 0.7 3.0
2023.2712 -324.947 170.913 6.4 1.5 0.7 3.0
2023.2740 -326.612 165.46 -0.9 1.5 0.7 3.0
2023.2767 -325.884 172.137 2.6 1.5 0.7 3.0
2023.2795 -323.594 168.798 -3.7 1.5 0.7 3.0
2023.2822 -325.155 174.251 0.5 1.5 0.7 3.0
2023.2849 -333.794 168.687 9.7 1.7 0.8 3.1
2023.2877 -330.359 169.577 8.2 1.6 0.7 3.1
2023.2904 -325.363 171.803 3.8 1.5 0.7 3.1
2023.2932 -327.757 169.466 -0.2 1.4 0.7 2.9
2023.2959 -330.463 170.356 7.6 1.4 0.7 2.9
2023.2986 -329.214 164.57 -3.7 1.4 0.7 2.8
2023.3014 -328.694 169.021 15.8 1.5 0.7 2.9
2023.3041 -333.065 169.244 9.2 1.5 0.8 3.1
2023.3068 -323.906 171.58 8.8 1.4 0.7 2.9
2023.3096 -332.441 169.244 8.9 1.5 0.7 2.9
2023.3123 -331.608 172.582 8.7 1.7 0.8 3.2
2023.3151 -331.192 171.691 10.5 1.5 0.7 3.0
2023.3178 -332.961 170.69 6.7 1.4 0.7 2.9
2023.3205 -331.608 171.469 4.4 1.5 0.7 3.0
2023.3233 -326.196 174.362 5.4 1.4 0.7 2.9
2023.3260 -340.039 173.917 -4.8 1.4 0.7 2.9
2023.3288 -327.237 171.024 3.8 1.4 0.7 2.9
2023.3315 -332.857 172.915 -7.4 1.4 0.7 2.9
2023.3342 -328.902 168.91 -4.8 1.4 0.7 2.9
2023.3370 -330.775 172.47 6.3 1.4 0.7 3.0
2023.3397 -329.318 171.469 2.1 1.5 0.7 3.0
2023.3425 -329.631 169.689 1.5 1.4 0.7 3.1
2023.3452 -329.839 172.47 4.9 1.5 0.8 3.1
2023.3479 -328.694 172.915 1.2 1.4 0.7 3.1
2023.3507 -329.11 173.917 5 1.4 0.7 3.1
2023.3534 -327.549 173.917 7.4 1.4 0.7 3.0
2023.3562 -330.88 174.362 4.2 1.4 0.7 3.0
2023.3589 -329.526 174.918 8.9 1.4 0.7 3.0
2023.3616 -333.378 171.58 8.3 1.3 0.7 3.0
2023.3644 -330.151 172.693 4.5 1.4 0.7 3.2
2023.3671 -330.463 173.583 8.1 1.4 0.7 3.0
2023.3699 -328.798 175.586 10.5 1.4 0.8 3.1
2023.3726 -332.857 174.139 6.5 1.4 0.7 3.0
2023.3753 -330.88 175.697 8.8 1.4 0.7 3.0
2023.3781 -328.173 175.92 1.7 1.5 0.7 3.2
2023.3808 -329.422 178.034 -0.3 1.4 0.7 3.2
2023.3836 -330.463 175.586 -0.7 1.5 0.8 3.3
2023.3863 -328.902 177.923 11.9 1.4 0.7 3.1
2023.3890 -333.273 176.921 12.4 1.4 0.7 3.1
2023.3918 -329.11 176.921 0.1 1.4 0.7 3.0
2023.3945 -333.065 177.478 13.5 1.4 0.7 3.0
2023.3973 -326.82 176.921 -4.4 1.4 0.7 3.0
2023.4000 -330.88 176.476 2.4 1.4 0.7 3.1
2023.4027 -335.771 177.032 3.2 1.4 0.7 3.0
