2008.6767 0 0 0 2.2 1.7 5.4
2008.6877 -1.76867 -2.99683 -5.7 2.2 2.0 5.1
2008.6986 -0.964729 -5.88266 -7.3 2.1 1.6 5.0
2008.7096 5.74819 -3.77378 -13.3 2.1 1.7 5.2
2008.7205 2.09025 -4.10676 -18.3 2.2 1.7 5.3
2008.7315 2.69321 -3.10782 7.5 2.2 1.7 5.9
2008.7397 -0.200986 -4.99471 -14.6 2.1 1.3 4.5
2008.7425 0.522564 -1.33192 -2.1 1.3 1.0 3.2
2008.7452 -8.03942 10.5444 -12.1 6.0 4.8 21.3
2008.7863 -4.62267 -3.10782 -15.8 1.5 1.1 3.3
2008.7890 -2.65301 1.55391 14.2 2.0 1.3 5.0
2008.8301 -2.7736 -2.55285 -11.8 2.1 1.6 4.3
2008.8329 -6.02957 -5.66067 -29.3 4.8 3.4 14.4
2008.8712 -5.18543 0.998943 6.6 1.3 0.9 3.0
2008.8740 -10.2503 4.66173 -29.4 2.8 1.7 7.8
2008.9096 -7.35607 -8.76849 2.3 3.6 2.8 7.7
2008.9123 1.76867 -2.77484 -3.6 1.7 1.1 3.6
2008.9507 -7.19528 -0.554967 1.1 1.4 1.1 3.5
2008.9534 0.321578 -1.7759 -9.4 2.5 1.4 6.3
2008.9890 -4.1403 -1.33192 4.1 1.6 1.1 3.4
2008.9918 -8.361 2.33087 2.3 1.8 1.2 4.7
2009.0247 -8.24041 -1.33192 1.6 1.4 1.0 3.4
2009.0274 -8.64238 -8.6575 -19.4 2.8 1.7 6.4
2009.0630 -5.82858 -3.66279 12.5 1.2 0.9 3.0
2009.0658 -4.54227 -3.10782 10.3 4.5 3.8 19.2
2009.0986 -6.02957 -6.77061 4.8 2.4 2.0 4.4
2009.1014 -7.75804 -0.443974 -0.8 1.6 1.1 4.2
2009.1370 -14.6317 -1.33192 3.5 1.4 1.0 3.2
2009.1726 -7.55706 0.33298 8 1.5 1.1 3.3
2009.1753 -11.2552 2.10888 20.9 3.2 1.8 9.3
2009.2082 -12.2601 -2.77484 -1.7 1.6 1.2 3.6
2009.2110 -7.91883 2.77484 12.7 2.1 1.3 5.7
2009.2438 -6.67272 -0.33298 2.8 1.5 1.3 3.5
2009.2466 1.4471 1.88689 3.6 2.0 1.3 5.4
2009.2795 -14.7925 -0.110992 1.5 1.4 1.1 3.5
2009.2822 -14.5915 4.66173 -16.8 2.5 1.5 6.8
2009.3151 -12.4611 -0.554967 16.1 1.2 1.0 3.1
2009.3178 -13.7072 -3.99577 -65.4 8.1 3.7 19.4
2009.3479 -5.94917 4.55074 9.6 3.6 2.8 6.5
2009.3507 -12.7827 -1.10994 -1.1 1.4 1.2 3.9
2009.3836 -17.3651 1.33192 -8.6 1.3 1.1 3.4
2009.3863 -17.7269 0.33298 16.6 1.8 1.3 5.3
2009.4192 -19.6966 1.99789 10.8 1.1 0.9 3.0
2009.4521 -22.1888 3.5518 -13.1 1.9 1.5 4.2
2009.4548 -15.6769 -3.88478 14.7 1.6 1.4 5.2
2009.4849 -27.6556 0.221988 12.4 3.6 2.3 6.3
2009.4877 -17.6465 -0.443974 -6 1.2 1.0 3.4
2009.5205 -22.0682 2.77484 9.3 1.2 1.0 3.1
2009.5233 -15.7573 2.66385 25.4 3.1 2.4 10.9
2009.5534 -13.7072 4.66173 2.3 2.3 1.8 4.6
2009.5562 -15.3553 -1.7759 9 1.6 1.5 5.1
2009.5616 -18.8122 0.776955 8.5 1.4 1.2 3.6
2009.5644 -18.6515 -2.55285 -7.8 1.3 1.1 4.0
2009.7288 -24.1183 -2.99683 2.9 1.2 1.0 3.2
2009.7315 -29.1027 5.43869 -2 4.3 2.9 13.5
2009.7616 -18.6113 -1.7759 7.9 1.1 0.9 3.0
2009.7644 -12.7827 3.10782 -9.8 2.6 1.6 6.0
2009.7671 -25.083 2.33087 9.8 1.3 1.0 3.5
2009.7973 -29.7861 -1.7759 6.5 1.8 1.6 5.2
2009.8000 -22.7516 -0.110992 9.6 1.4 1.1 3.7
2009.8301 -26.3291 -0.665961 15.7 1.6 1.3 4.2
2009.8329 -25.485 1.33192 -2.8 1.6 1.2 4.3
2009.8630 -30.6302 -2.66385 10.6 1.3 1.1 3.6
2009.8658 -15.3553 5.66067 -5 2.3 1.6 6.0
2009.9178 -24.3996 -0.998941 17.3 1.2 1.0 3.2
2009.9479 -29.3841 -4.55074 24.4 1.9 1.5 4.3
2009.9507 -27.3742 -1.33192 6.7 1.8 1.4 4.5
2009.9808 -24.882 0.110994 4.7 1.2 0.9 3.1
2009.9945 -25.4046 -0.998941 3.6 1.2 0.9 3.2
2010.0247 -28.7409 -0.554967 -7.8 1.4 1.3 3.9
2010.0274 -23.4349 4.99471 18 1.9 1.3 4.7
2010.0575 -27.334 -2.88583 13 1.4 1.0 3.3
2010.0877 -41.9658 3.5518 34.5 2.8 2.3 5.6
2010.0904 -25.7261 2.99683 10.6 2.2 1.4 5.3
2010.1205 -32.3587 -1.33192 -2.8 1.3 1.0 3.5
2010.1507 -37.6245 1.10994 13.9 2.3 1.8 4.1
2010.1534 -39.8755 1.6649 21.3 2.3 1.4 5.9
2010.1808 -25.8869 4.43974 2 5.5 4.9 7.5
2010.1836 -30.1076 -2.33086 16.5 1.5 1.1 3.7
2010.2137 -35.7352 4.66173 11.5 1.4 1.1 3.3
2010.2740 -28.0174 3.88478 4.4 2.6 1.6 4.5
2010.2767 -35.0921 0.776955 10.5 1.6 1.3 4.4
2010.2822 -40.3579 -4.32875 23 3.4 2.4 6.1
2010.2849 -32.5999 -1.33192 19.6 1.5 1.1 3.9
2010.3041 -29.3841 -8.10253 14.2 4.6 2.9 6.3
2010.3068 -35.9362 -3.99577 16.4 1.6 1.2 4.0
2010.3370 -36.5794 -1.88689 1.6 1.6 1.4 4.3
2010.3425 -35.494 2.66385 6.5 1.3 1.0 3.4
2010.3726 -31.5145 -1.55391 15.3 1.2 1.0 3.3
2010.4027 -27.133 -10.8774 -4.7 1.2 0.9 3.1
2010.4301 -29.8664 -10.2114 11.9 1.3 1.1 3.5
2010.4603 -26.6909 -8.43551 12.4 1.4 1.1 3.7
2010.4877 -44.257 -9.43445 35.5 3.8 2.6 8.1
2010.4904 -33.9264 -6.65961 25.2 1.7 1.2 4.1
2010.5178 -26.9723 1.55391 21.2 2.7 2.0 6.1
2010.5205 -32.2783 -4.99471 12.7 1.5 1.2 4.3
2010.5479 -34.2077 -14.3182 3.2 1.8 1.2 4.3
2010.5507 -30.7508 -13.7632 7.1 1.6 1.3 5.0
2010.5781 -22.5104 -11.6543 21 2.5 1.7 4.9
2010.5808 -30.188 -1.22093 -17 2.1 1.7 6.8
2010.6082 -34.0067 -9.87843 5.8 1.6 1.1 3.6
2010.6110 -33.0018 -14.7621 22.1 5.0 3.9 20.6
2010.6301 -27.2134 -11.7653 16.1 1.4 1.1 3.9
2010.6575 -25.7663 2.88583 2.9 2.9 2.7 6.4
2010.6603 -33.645 -4.88372 14.1 1.6 1.1 4.5
2010.6877 -37.5039 -6.54862 3.8 1.8 1.3 4.0
2010.6904 -34.3283 -11.6543 -3.8 2.6 1.8 8.0
2010.7096 -5979.48 1645.7 134.2 1.6 1.1 3.5
2010.7123 -5976.14 1646.7 167 1.8 1.3 4.8
2010.7370 -5983.38 1657.36 134.8 3.3 3.1 7.3
2010.7397 -5977.67 1647.37 147.2 1.9 1.3 5.2
2010.7507 -5984.3 1647.37 139.9 1.4 1.0 3.7
2010.7781 -5979.04 1642.37 151.4 2.7 1.8 5.3
2010.7808 -5980.44 1646.7 150.1 1.5 1.1 3.8
2010.8082 -5985.75 1645.15 132.6 2.7 2.6 5.8
2010.8110 -5986.92 1644.92 142.8 2.6 2.1 5.6
2010.8384 -5982.49 1644.15 165.9 1.5 1.1 3.5
2010.8658 -5973.05 1648.92 147.2 3.9 2.9 7.0
2010.8685 -5983.98 1646.48 137.2 1.7 1.2 4.2
2010.8877 -5985.87 1649.03 146.7 2.0 1.4 3.9
2011.0192 -5990.82 1648.7 133.8 1.8 1.3 4.2
2011.0274 -5991.66 1648.48 130.1 1.6 1.1 3.8
2011.0548 -5987.04 1643.82 131.3 1.6 1.3 3.7
2011.0822 -5997.85 1649.36 140.3 1.7 1.4 4.4
2011.0849 -5988.93 1643.7 145.3 1.9 1.1 4.6
2011.1123 -5982.13 1646.48 140.5 1.6 1.0 3.5
2011.1397 -5996.12 1657.36 143.5 2.5 1.9 5.0
2011.1425 -5981.69 1647.14 153.4 4.2 1.9 10.2
2011.1671 -5998.05 1652.69 132.7 4.3 2.5 6.6
2011.1699 -5990.25 1648.48 136.7 2.4 1.8 5.0
2011.1973 -5992.34 1648.7 152.3 1.7 1.2 3.9
2011.2247 -5988.93 1649.14 137.1 2.6 1.8 5.0
2011.2521 -5990.33 1647.03 149.5 2.4 1.7 4.5
2011.2548 -5982.45 1656.47 113.1 4.5 3.3 12.2
2011.2795 -5988.93 1646.37 154.7 4.7 3.7 8.0
2011.2822 -5995.04 1647.48 157 2.2 1.7 5.4
2011.3068 -5999.22 1653.47 161.8 4.4 3.0 7.2
2011.3096 -5992.7 1647.81 142.8 1.5 1.2 4.3
2011.3370 -5999.34 1648.7 164.1 1.6 1.3 4.2
2011.3644 -5996.6 1648.37 159.1 1.2 0.9 3.3
2011.3863 -6003.24 1648.92 158.5 1.4 1.1 3.6
2011.3918 -5989.25 1651.81 152.3 2.3 1.6 4.7
2011.4000 -6010.11 1643.82 145.9 3.4 1.8 5.8
2011.4027 -6001.79 1647.48 161.2 1.7 1.4 5.0
2011.4274 -5995.68 1646.03 158.3 3.6 2.1 6.0
2011.4301 -5996.24 1647.81 154.3 1.5 1.2 4.7
2011.4548 -5999.46 1646.59 143.6 2.3 1.7 5.3
2011.4575 -5997.69 1649.59 154.4 1.5 1.2 4.6
2011.4767 -5999.18 1654.8 138.4 3.5 1.8 6.3
2011.4795 -6001.67 1654.91 164.2 1.6 1.3 4.3
2011.4932 -5987.36 1650.25 157.1 2.0 1.3 4.4
2011.4959 -6001.27 1652.92 175.3 1.7 1.3 5.4
2011.5205 -6005.05 1657.13 171 2.9 2.2 5.4
2011.5233 -5998.17 1650.92 156.5 2.3 1.6 6.5
2011.5479 -5995.12 1649.81 170.7 2.6 1.8 5.0
2011.5507 -6003.44 1653.92 157.2 2.3 1.9 6.7
2011.5589 -6000.14 1649.92 150 1.9 1.3 4.0
2011.5616 -6003.72 1649.48 156.5 1.4 1.1 3.9
2011.5863 -5999.22 1643.48 146.6 2.8 1.8 5.8
2011.5890 -5999.78 1650.47 160.4 1.5 1.1 4.2
2011.6137 -5996.44 1646.15 155.2 2.9 2.1 5.6
2011.6164 -5999.5 1647.59 165.3 1.6 1.2 4.5
2011.6411 -5992.06 1647.14 148.8 2.8 1.8 5.1
2011.6438 -6006.33 1643.48 141.1 1.9 1.5 5.5
2011.6685 -5998.09 1648.37 154.9 1.8 1.3 4.1
2011.6712 -6008.78 1645.81 144.3 2.4 1.6 6.9
2011.6959 -6011.4 1652.47 158.1 3.2 2.1 5.6
2011.6986 -5990.05 1648.59 177.3 3.3 2.3 9.3
2011.7233 -6010.67 1647.37 148 2.2 1.5 4.1
2011.7507 -6014.13 1648.14 149.5 2.5 1.7 4.3
2011.7781 -6000.34 1645.92 153.3 2.0 1.4 3.7
2011.7836 -6007.46 1644.81 145.8 1.8 1.4 4.1
2011.8082 -6017.75 1652.47 192.4 4.5 3.9 8.3
2011.8110 -6002.07 1646.92 156.7 1.9 1.4 4.6
2011.8356 -6003.16 1651.36 144.4 4.2 3.4 9.4
2011.8384 -6000.74 1646.15 166.9 2.0 1.5 5.3
2011.8630 -6008.22 1651.81 144.8 2.2 1.4 4.3
2011.8658 -5999.34 1643.48 151.1 3.2 2.3 8.6
2011.8849 -6005.65 1647.92 149.9 3.8 3.3 6.7
2011.8877 -6005.37 1650.36 159.7 1.9 1.2 4.5
2011.9068 -6010.19 1656.8 147.8 7.8 4.8 10.9
2011.9096 -6006.81 1647.7 158.5 1.7 1.3 4.3
2011.9342 -6002.87 1651.14 170.2 1.9 1.5 4.1
2011.9370 -5995.6 1647.37 159.2 2.5 1.7 6.3
2011.9479 -6012.44 1648.7 153.4 1.9 1.3 4.5
2011.9726 -6008.86 1654.58 154.4 4.9 3.4 7.7
2011.9753 -6005.05 1646.03 151.2 2.5 1.5 5.9
2012.0000 -6008.66 1649.36 146.7 2.3 1.4 4.2
2012.0274 -6009.39 1649.14 155.5 1.7 1.2 3.9
2012.0521 -6011.36 1650.59 155.7 1.7 1.1 3.7
2012.0548 -6006.61 1649.7 150.3 1.8 1.1 3.9
2012.0658 -6007.06 1650.03 166 2.1 1.5 4.6
2012.0904 -6018.27 1651.81 150.8 4.1 2.3 6.2
2012.0932 -6011.4 1650.59 156.6 2.9 1.7 6.1
2012.1178 -6008.46 1649.25 159.3 1.7 1.4 4.2
2012.1315 -6009.63 1652.69 160 1.8 1.6 5.0
2012.1342 -6010.51 1652.14 169.4 1.8 1.2 4.5
2012.1589 -6016.3 1646.92 155.2 2.6 2.0 5.4
2012.1863 -6010.79 1648.48 158 2.1 1.3 4.4
2012.2110 -6005.89 1644.59 164.6 5.1 3.2 7.7
2012.2137 -6004.76 1654.14 159.6 3.2 2.0 7.2
2012.2384 -6007.78 1650.7 137.7 1.8 1.5 4.6
2012.2630 -6022.33 1644.15 158.1 4.3 3.2 6.9
2012.2658 -6016.9 1648.37 158.4 1.8 1.1 4.5
2012.2904 -6014.93 1647.7 167.5 1.7 1.3 3.9
2012.2932 -6007.74 1652.47 136.4 4.8 2.8 12.7
2012.3178 -6022.17 1653.36 170.1 1.7 1.3 4.6
2012.3425 -6012.92 1647.81 172.4 1.5 1.2 3.7
2012.3452 -6011.72 1653.47 174.2 4.8 2.8 10.0
2012.3699 -6022.41 1654.47 161.5 2.2 1.9 6.8
2012.3781 -6020.04 1649.48 148 2.8 2.2 7.3
2012.3863 -6023.54 1645.26 170.3 3.7 1.8 6.6
2012.3973 -6007.14 1639.6 176.5 3.2 2.3 8.3
2012.4055 -6022.25 1649.59 160.2 2.1 1.7 6.2
2012.4137 -6004.48 1651.7 179.3 2.8 2.1 5.9
2012.4219 -6025.34 1650.92 169.9 3.3 1.7 5.5
2012.4329 -6024.06 1658.69 145.3 4.5 2.7 8.0
2012.4411 -6015.22 1651.47 172.9 2.2 1.7 6.1
2012.4466 -6014.89 1653.03 150.9 1.6 1.2 4.1
2012.4493 -6026.19 1655.36 159.6 2.9 1.8 5.3
2012.4521 -6025.67 1653.03 163.7 2.4 1.6 6.6
2012.4575 -6015.62 1647.37 167.2 3.4 2.1 5.7
2012.4603 -6020.44 1651.47 170 1.5 1.4 4.9
2012.4849 -6024.5 1651.81 179.6 1.8 1.5 4.2
2012.4932 -6017.06 1660.58 162 4.5 2.8 7.9
2012.4959 -6023.58 1650.36 173.6 1.3 1.0 4.0
2012.5205 -6023.13 1651.03 166.7 1.7 1.0 3.6
2012.5452 -6022.45 1643.37 189.4 4.0 2.6 8.1
2012.5479 -6022.53 1650.92 170.5 1.5 1.2 4.4
2012.5726 -6017.59 1649.59 172.2 1.3 1.0 3.3
2012.5973 -6017.99 1649.03 173.4 2.6 1.8 5.4
2012.6000 -6023.66 1651.81 164.5 1.7 1.3 4.7
2012.6247 -6025.26 1653.14 154.4 1.7 1.2 3.7
2012.6301 -6021.41 1649.25 175.3 1.6 1.1 3.8
2012.6548 -6037.32 1655.8 159.8 3.0 1.7 5.1
2012.6575 -6025.63 1654.25 159.7 1.7 1.1 3.6
2012.6603 -6019.8 1652.36 176.9 1.4 1.0 3.6
2012.6849 -6030.25 1651.47 151.2 3.2 1.9 4.9
2012.6877 -6021.89 1645.81 168.6 3.2 2.4 8.3
2012.7123 -6022.57 1649.48 161.9 1.7 1.1 3.7
2012.7370 -6022.05 1648.37 159.3 1.7 1.2 3.9
2012.7397 -6018.11 1649.59 162.8 2.4 1.3 3.8
2012.7425 -6024.54 1656.14 169.5 2.9 2.4 7.1
2012.7452 -6023.82 1648.48 167.5 1.7 1.1 4.1
2012.7781 -6045.76 1651.14 209.6 4.2 2.7 8.0
2012.7808 -6025.18 1651.47 173.4 1.8 1.4 4.6
2012.8055 -6025.63 1653.14 171.1 1.5 1.1 3.5
2012.8301 -6036.84 1651.92 165.6 2.2 1.5 4.6
2012.8329 -6018.95 1652.36 182.7 2.8 1.7 7.8
2012.8356 -6027.35 1652.25 164.2 1.7 1.2 3.8
2012.8603 -6033.71 1649.48 172.7 1.9 1.3 4.0
2012.8630 -6021.2 1655.14 159.6 2.5 1.8 7.4
2012.8849 -6028.44 1655.36 165.1 4.3 3.4 8.6
2012.8877 -6031.25 1642.59 127.8 1.9 1.3 4.3
2012.9123 -6032.78 1648.92 152.9 1.5 1.0 3.6
2012.9370 -6024.82 1647.59 169.5 1.6 1.3 4.1
2012.9397 -6026.59 1653.36 177.9 2.7 1.5 7.2
2012.9781 -6027.27 1653.58 159 1.7 1.1 4.2
2013.0027 -6027.11 1652.92 171.5 1.4 0.9 3.3
2013.6438 -6043.19 1653.8 157.8 1.7 1.3 4.3
2013.6685 -6043.88 1651.25 171.4 1.8 1.4 4.2
2013.6932 -6043.96 1653.36 163 1.9 1.2 4.0
2013.7178 -6042.51 1654.03 179.6 2.9 1.9 5.3
2013.7425 -6037.44 1653.69 171.2 1.5 1.0 3.6
2013.7671 -6041.75 1657.47 185.8 2.3 1.7 4.6
2013.7918 -6054.65 1650.36 177.3 3.2 1.6 5.3
2013.8055 -6048.58 1652.14 172.3 2.3 1.2 4.3
2013.8301 -6048.02 1652.58 171.7 3.1 1.7 5.9
2013.8521 -6051.71 1648.37 225.2 9.8 7.2 14.3
2013.8548 -6047.61 1654.47 172 2.6 1.3 5.2
2013.8767 -6047.05 1651.47 173.9 5.8 7.1 10.2
2013.8795 -6050.87 1651.92 165.1 4.2 2.3 7.7
2013.8904 -6041.54 1654.58 174.7 4.2 1.7 6.5
2013.8986 -6042.83 1654.58 150.5 2.6 2.0 6.3
2013.9068 -6047.29 1652.03 177.2 3.7 2.1 6.7
2013.9151 -6048.66 1653.14 184.3 3.1 1.5 5.4
2013.9781 -6039.13 1647.59 178.5 3.6 2.5 6.1
2013.9808 -6047.86 1654.69 188.1 2.4 1.3 4.9
2014.0027 -6065.22 1655.36 180.5 4.5 3.5 7.9
2014.0274 -6051.75 1652.58 186 2.7 1.6 4.8
2014.0493 -6038.21 1650.36 192.8 2.5 1.4 5.2
2014.0712 -6051.03 1657.58 171.8 1.8 1.4 4.2
2014.0959 -6065.38 1658.24 182.3 3.9 2.0 6.3
2014.1178 -6052 1658.69 187.6 2.3 1.8 5.6
2014.1425 -6059.91 1653.92 191 3.0 2.0 5.7
2014.1644 -6051.87 1653.25 183.6 2.8 1.6 4.8
2014.1890 -6053.12 1651.36 195.3 2.2 1.9 5.2
2014.2110 -6067.99 1648.48 216.2 4.1 3.0 7.0
2014.2356 -6052.84 1653.03 201.6 3.8 2.4 5.4
2014.2575 -6060.44 1659.35 182.3 2.1 1.6 4.2
2014.2822 -6059.67 1650.7 198.5 1.9 1.4 4.3
2014.3041 -6061.48 1655.69 199.8 2.3 1.7 4.5
2014.3288 -6061.28 1653.03 202.2 1.8 1.4 4.8
2014.3507 -6060.03 1658.02 183.5 1.9 1.3 4.5
2014.3753 -6062.37 1655.69 203 1.9 1.3 4.6
2014.3973 -6053.76 1651.81 183.3 1.6 1.1 3.6
2014.4192 -6057.38 1648.59 194.3 5.9 2.6 8.1
2014.4219 -6061.68 1660.35 185.9 1.6 1.2 4.3
2014.4438 -6062.13 1657.69 191 2.2 1.7 4.0
2014.4685 -6066.83 1657.13 171.4 1.7 1.3 4.8
2014.4904 -6059.47 1657.8 202.6 2.1 1.3 4.2
2014.5123 -6056.34 1659.24 182.8 2.9 2.0 6.2
2014.5151 -6065.18 1656.36 195.2 1.8 1.3 4.8
2014.5370 -6064.26 1654.14 186.5 2.2 1.4 4.4
2014.5589 -6070.04 1651.92 171.2 3.4 2.2 5.9
2014.5616 -6063.57 1655.47 202.3 1.8 1.6 5.4
2014.5836 -6057.14 1656.36 181.2 2.0 1.2 4.0
2014.6055 -6062.41 1648.7 177.5 2.6 1.6 5.0
2014.6082 -6064.9 1645.26 196.8 2.2 1.5 6.4
2014.6301 -6062.65 1653.8 196.6 1.7 1.1 3.8
2014.6521 -6061.32 1650.03 201.9 2.2 1.4 4.5
2014.6548 -6067.95 1652.92 200.1 3.0 2.2 7.9
2014.6767 -6062.17 1657.91 182.2 1.9 1.2 4.0
2014.6986 -6070.53 1660.58 216.5 4.6 3.3 6.9
2014.7014 -6059.75 1655.8 161.7 4.2 2.6 9.9
2014.7233 -6060.88 1654.58 192 2.0 1.4 4.2
2014.7452 -6057.06 1649.59 196.1 2.9 2.0 5.1
2014.7699 -6067.39 1654.03 176.8 2.5 1.8 5.4
2014.7918 -6062.21 1656.91 188.3 2.4 1.8 4.9
2014.8137 -6068.96 1649.14 165.9 5.2 5.3 11.1
2014.8164 -6070.24 1655.91 160.7 3.4 2.0 7.5
2014.8384 -6072.05 1653.03 190.7 2.2 1.4 4.5
2014.8603 -6068.07 1625.72 201.4 5.3 5.2 10.2
2014.8630 -6072.78 1654.47 156 4.1 2.3 10.5
2014.8849 -6063.69 1650.47 207.4 2.2 1.5 4.6
2014.9068 -6073.34 1653.69 190.9 3.4 2.0 6.0
2014.9315 -6067.47 1646.92 189 2.7 1.7 5.8
2014.9534 -6063.85 1648.7 206.3 3.0 1.6 5.3
2014.9753 -6073.38 1659.35 186 6.0 4.8 10.4
2014.9781 -6064.82 1643.59 212.6 5.3 2.6 11.3
2015.0000 -6067.15 1656.47 195.6 2.1 1.3 4.6
2015.0219 -6060.28 1652.47 186.7 3.6 2.3 5.9
2015.0438 -6081.62 1653.14 201.1 6.3 5.6 9.0
2015.0466 -6074.75 1652.03 242.5 3.6 2.0 9.4
2015.0685 -6068.6 1654.03 198 1.8 1.2 4.4
2015.0904 -6062.93 1652.69 209.7 3.8 2.6 7.4
2015.1123 -6059.51 1651.03 210.7 7.3 4.8 8.7
2015.1151 -6063.17 1664.02 178.5 6.9 5.0 10.9
2015.1370 -6073.26 1653.14 211.1 2.8 2.0 6.2
2015.1589 -6073.54 1654.36 220.3 1.9 1.4 4.5
2015.1808 -6062.21 1645.59 200.5 9.2 6.5 11.0
2015.2027 -6062.65 1665.46 202.3 4.6 3.2 7.1
2015.2055 -6083.87 1653.47 207.2 2.4 1.9 6.1
2015.2274 -6076.07 1654.03 169.2 1.9 1.4 4.6
2015.2493 -6070.69 1655.36 199.4 2.3 1.6 4.7
2015.2712 -6058.27 1656.02 183.8 4.5 3.6 7.3
2015.2740 -6075.83 1661.68 213.4 8.0 4.2 12.3
2015.2932 -6073.58 1668.57 191.6 6.3 3.1 9.1
2015.2959 -6081.78 1660.13 201 1.7 1.4 4.7
2015.3178 -6077 1655.14 197.7 1.6 1.1 3.9
2015.3397 -6081.62 1653.25 206.8 1.9 1.3 4.0
2015.3616 -6076.31 1655.91 180.7 2.5 1.5 5.1
2015.3644 -6078 1649.25 224.7 6.2 3.2 10.9
2015.3836 -6081.18 1665.24 201.8 7.6 4.4 9.2
2015.3863 -6077.6 1656.47 203.1 1.6 1.4 4.8
2015.4082 -6082.59 1658.24 206.6 1.5 1.1 3.8
2015.4301 -6077.68 1656.91 193.9 1.6 1.1 3.6
2015.4521 -6085.32 1659.24 207.7 2.8 1.9 5.0
2015.4548 -6083.79 1649.48 193.2 3.6 2.4 10.2
2015.4740 -6104.41 1663.13 212.3 5.0 4.0 8.6
2015.4767 -6083.15 1662.35 193.3 2.2 1.7 6.3
2015.4986 -6082.79 1651.03 198.1 1.5 1.2 4.1
2015.5233 -6077.76 1654.69 222.5 1.2 1.0 3.1
2015.5260 -6068.64 1654.03 192.4 3.8 3.0 8.8
2015.5479 -6081.9 1659.47 213.1 1.5 1.2 4.5
2015.5699 -6089.18 1651.14 211.3 1.6 1.2 3.9
2015.5918 -6078.36 1651.81 203.6 1.8 1.3 4.1
2015.6137 -6081.98 1650.03 255.6 3.1 2.6 6.1
2015.6164 -6084.51 1656.58 190.1 3.8 2.5 10.1
2015.6356 -6094.08 1659.13 205.3 3.2 3.7 7.4
2015.6384 -6074.71 1656.14 188.8 2.1 1.5 5.9
2015.6603 -6087.57 1651.92 200.8 1.7 1.2 4.1
2015.6822 -6077.36 1655.58 215.6 2.0 1.3 4.1
2015.7041 -6083.31 1664.24 199.7 3.0 2.2 5.3
2015.7260 -6092.76 1656.14 202.4 2.8 2.4 5.8
2015.7288 -6087.05 1650.7 189.2 2.7 2.0 8.2
2015.7479 -6080.01 1657.69 215.4 2.5 2.3 5.6
2015.7507 -6083.59 1659.02 208.3 2.1 1.4 5.5
2015.7726 -6086.56 1652.14 209.6 2.0 1.3 4.5
2015.7945 -6085.92 1652.92 216.3 2.0 1.2 4.4
2015.8164 -6087.37 1652.36 213.5 2.4 1.7 4.3
2015.8384 -6084.47 1653.92 223.9 2.7 2.5 5.3
2015.8411 -6090.42 1661.02 178.7 4.7 2.4 11.6
2015.8603 -6083.91 1652.47 186.1 2.7 2.2 6.5
2015.8630 -6091.91 1655.14 195.6 2.9 1.5 6.4
2015.8849 -6086.24 1652.25 210 2.1 1.3 4.6
2015.9068 -6089.94 1652.36 199.4 1.7 1.1 4.0
2015.9288 -6088.33 1655.47 227.8 2.4 1.7 5.0
2015.9507 -6091.15 1658.58 190.8 1.9 1.5 4.1
2015.9726 -6083.03 1647.7 218.9 4.1 3.2 8.3
2015.9753 -6089.7 1654.03 206.5 4.6 2.0 9.6
2015.9945 -6085.24 1649.14 203.6 3.2 2.4 7.4
2015.9973 -6092.63 1656.58 207.4 2.3 1.4 5.6
2016.0164 -6085.68 1642.26 209.5 4.9 2.9 9.1
2016.0192 -6085.52 1654.91 202.5 2.7 2.1 5.9
2016.0411 -6094.32 1656.69 222.7 1.5 1.3 4.2
2016.0630 -6083.63 1657.13 225.5 2.1 1.6 4.4
2016.0849 -6090.06 1659.02 213.2 1.4 1.3 4.1
2016.1068 -6092.43 1656.47 216.4 2.0 1.5 4.2
2016.1288 -6096.01 1662.13 233.9 4.4 3.2 7.5
2016.1507 -6110.44 1660.69 214.1 3.9 3.0 6.5
2016.1534 -6085.28 1656.36 236.5 2.9 1.9 7.6
2016.1726 -6099.27 1653.8 225.3 2.5 2.0 5.3
2016.1753 -6098.26 1660.58 221.4 2.0 1.7 5.3
2016.1945 -6097.3 1670.45 246.3 5.7 4.3 8.8
2016.1973 -6095.89 1663.46 214.1 2.0 1.7 4.7
2016.2192 -6099.79 1663.68 214.4 1.6 1.4 4.0
2016.2411 -6088.94 1661.02 206.9 1.9 1.5 4.4
2016.2630 -6096.69 1657.69 205 1.4 1.3 3.7
2016.2849 -6099.19 1655.36 208.2 1.6 1.3 3.9
2016.3068 -6097.9 1652.14 219.1 1.7 1.3 3.9
2016.3288 -6098.1 1656.58 204.9 1.5 1.0 3.6
2016.3507 -6093.28 1656.91 202.8 2.2 1.5 4.5
2016.3726 -6095.69 1662.24 197.7 3.1 1.8 5.4
2016.3753 -6104.49 1665.24 234 5.0 4.1 13.8
2016.3945 -6102.8 1656.02 211.6 2.0 1.2 4.1
2016.3973 -6102.93 1652.25 220.8 3.6 2.6 9.6
2016.4164 -6110.24 1663.02 208.3 3.3 2.4 6.2
2016.4192 -6107.75 1658.36 197.4 2.4 1.8 6.4
2016.4384 -6097.02 1656.25 217 2.2 1.6 4.7
2016.4411 -6095.41 1660.58 227.8 1.9 1.5 5.2
2016.4603 -6095.13 1658.02 215.3 5.1 3.1 7.0
2016.4630 -6098.95 1658.36 215 1.8 1.5 5.2
2016.4822 -6099.67 1651.47 213.8 4.2 3.9 8.8
2016.4849 -6097.18 1653.03 208.9 1.7 1.5 5.0
2016.5041 -6105.54 1664.24 231.5 4.5 3.3 8.1
2016.5068 -6094.32 1656.69 234.6 1.6 1.3 4.4
2016.5288 -6101.44 1657.8 227.2 1.9 1.4 4.8
2016.5507 -6097.82 1655.14 236.7 1.4 1.2 4.0
2016.5726 -6097.86 1650.59 211.5 1.5 1.1 3.9
2016.5945 -6101.88 1661.91 226.2 1.6 1.4 4.4
2016.6164 -6103.13 1653.14 210.6 1.6 1.2 3.7
2016.6384 -6100.19 1655.25 230.4 1.3 1.0 3.5
2016.6603 -6109.4 1652.92 223.7 1.3 1.0 3.5
2016.6822 -6105.54 1655.8 233.4 2.0 1.6 4.3
2016.7041 -6108.07 1652.36 217.8 1.7 1.2 3.8
2016.7260 -6103.09 1653.92 229.4 1.5 1.1 3.8
2016.7479 -6104.61 1660.02 242 2.7 1.9 5.7
2016.7699 -6108.35 1649.59 218 1.7 1.2 3.7
2016.7918 -6112.41 1658.8 212.6 2.9 1.9 4.8
2016.8137 -6114.66 1653.14 229.3 2.3 1.7 4.4
2016.8356 -6099.35 1655.47 218.8 2.3 1.7 4.8
2016.8575 -6107.19 1651.25 220.4 1.5 1.2 3.5
2016.8795 -6110.16 1656.91 221.9 1.5 1.2 3.6
2016.8932 -6120.81 1666.35 207.1 3.9 3.3 6.8
2016.8959 -6113.58 1654.36 214.1 2.6 1.5 5.8
2016.9151 -6110.92 1656.25 206.9 2.1 1.8 4.8
2016.9178 -6111.89 1653.47 230.8 2.5 1.4 5.7
2016.9370 -6110.68 1658.02 232.6 2.6 2.1 6.1
2016.9397 -6110.56 1652.69 218.4 3.1 1.7 6.3
2016.9589 -6114.46 1651.7 195.6 2.2 1.8 4.9
2016.9616 -6113.42 1652.25 218.4 2.5 1.5 5.9
2016.9808 -6101.72 1658.91 215.2 2.5 2.0 6.2
2016.9836 -6113.3 1650.03 210.8 3.1 1.9 6.8
2017.0027 -6104.61 1661.46 201.4 3.3 2.7 6.3
2017.0027 -6111.93 1649.59 211.4 3.2 1.9 6.8
2017.0219 -6122.58 1663.46 193.3 4.7 3.6 8.4
2017.0247 -6113.66 1657.47 198.3 3.0 1.9 6.8
2017.0438 -6103.77 1652.25 229.4 2.2 1.9 4.6
2017.0466 -6098.91 1660.13 221.5 2.7 1.8 6.7
2017.0658 -6113.94 1651.47 219.2 2.3 1.7 4.6
2017.0685 -6102.16 1651.58 231.7 3.0 1.9 7.2
2017.0877 -6116.91 1648.14 240.6 4.3 3.4 7.7
2017.0904 -6108.79 1661.24 211.4 3.5 2.2 9.0
2017.1096 -6124.67 1660.02 228.5 3.1 2.6 5.3
2017.1123 -6102.97 1658.8 198.4 3.4 2.1 8.5
2017.1315 -6121.01 1661.24 229.9 3.5 2.5 6.2
2017.1342 -6112.97 1652.81 203.4 4.0 3.0 11.2
2017.1534 -6114.22 1659.24 223.7 2.0 1.8 4.6
2017.1562 -6106.18 1660.91 215.4 4.1 3.0 11.5
2017.1753 -6110.2 1658.36 225.1 2.3 1.9 4.6
2017.1973 -6118.48 1659.91 230.3 1.4 1.1 3.6
2017.2192 -6111.77 1658.91 221.2 2.2 1.8 4.7
2017.2411 -6113.05 1661.02 216.1 2.2 1.7 4.9
2017.2630 -6111.13 1660.8 215.5 1.5 1.3 3.9
2017.2849 -6116.23 1657.91 214.8 1.4 1.1 3.8
2017.3068 -6115.67 1658.91 225.5 1.7 1.4 4.3
2017.3288 -6119.49 1658.58 221.4 1.3 1.1 3.6
2017.3507 -6118.32 1660.24 221.3 1.4 1.1 3.6
2017.3726 -6122.5 1658.13 229.5 1.6 1.3 4.0
2017.3918 -6120.25 1655.25 225.8 3.2 3.1 7.0
2017.3945 -6117.11 1655.47 218.3 1.4 1.3 4.2
2017.4137 -6120.37 1661.46 216.6 3.2 2.8 5.8
2017.4164 -6115.63 1661.46 234.3 1.8 1.6 5.1
2017.4356 -6123.79 1655.36 212.4 2.1 1.6 4.6
2017.4384 -6114.86 1660.58 227.4 2.0 1.6 5.7
2017.4575 -6120.01 1649.36 221.9 2.2 2.1 5.3
2017.4603 -6110.48 1665.46 239.6 3.5 2.4 8.8
2017.4795 -6122.5 1657.8 238.8 2.4 1.5 4.7
2017.4822 -6098.38 1657.58 232.6 5.0 3.2 16.1
2017.5014 -6128.09 1658.91 204.3 2.1 1.3 4.0
2017.5233 -6121.13 1658.02 242.2 1.5 1.1 3.7
2017.5452 -6118.08 1654.25 227.4 1.4 1.2 3.7
2017.5671 -6119.16 1657.69 225.6 1.6 1.4 4.0
2017.5890 -6129.25 1658.02 215 1.5 1.1 3.8
2017.6082 -6128.09 1655.91 222.6 3.0 3.6 7.6
2017.6110 -6113.74 1657.13 227.5 1.9 1.4 4.8
2017.6301 -6126.8 1653.03 224.3 4.1 3.9 7.6
2017.6329 -6122.46 1655.91 205.2 2.4 2.2 5.9
2017.6521 -6119.65 1653.47 214.7 2.1 1.9 5.1
2017.6548 -6138.22 1655.8 244.7 2.1 1.6 6.0
2017.6740 -6127.08 1660.46 225.8 3.0 2.5 5.6
2017.6767 -6130.5 1664.68 260.9 4.1 3.0 10.7
2017.6959 -6117.48 1657.91 223 2.6 1.9 4.9
2017.7178 -6121.58 1657.25 231.9 1.9 1.6 4.3
2017.7397 -6127.97 1658.24 232 2.2 1.4 4.4
2017.7616 -6122.62 1657.25 230.7 1.5 1.1 3.7
2017.7836 -6131.91 1654.91 225.4 1.6 1.2 4.0
2017.8027 -6138.34 1656.8 217.4 3.6 3.8 7.8
2017.8055 -6129.46 1654.8 237.6 1.8 1.2 4.4
2017.8247 -6137.37 1645.26 220.1 2.4 2.8 5.4
2017.8274 -6122.14 1651.36 240.3 2.4 1.4 5.6
2017.8466 -6135 1658.58 229.8 1.9 1.5 4.2
2017.8493 -6131.87 1652.36 218.9 3.5 1.7 8.1
2017.8685 -6129.7 1654.47 225.6 2.1 2.1 4.6
2017.8904 -6125.8 1653.92 213.6 2.4 2.1 5.4
2017.9123 -6122.66 1659.24 234.6 1.6 1.2 3.6
2017.9342 -6128.37 1662.46 219.8 1.8 1.3 3.9
2017.9562 -6126.56 1656.36 226 1.7 1.3 4.0
2017.9753 -6136.81 1657.25 212.8 2.3 2.1 5.8
2017.9781 -6128.57 1657.47 238 2.0 1.5 5.1
2017.9973 -6138.3 1655.91 225.3 3.1 2.1 6.0
2018.0000 -6123.63 1657.69 235.1 2.6 1.7 6.3
2018.0192 -6129.98 1660.46 238 1.6 1.4 4.0
2018.0411 -6132.43 1660.46 224.7 1.9 1.5 4.3
2018.0630 -6127.77 1660.24 244 1.4 1.3 3.8
2018.0849 -6132.67 1658.69 225.4 1.4 1.3 3.7
2018.1041 -6148.03 1651.36 237.8 3.6 2.1 6.6
2018.1068 -6131.55 1664.02 239.4 1.6 1.5 4.3
2018.1260 -6134.96 1658.47 237.3 2.9 2.1 5.7
2018.1288 -6131.55 1658.8 221.6 2.0 1.8 5.4
2018.1699 -6137.21 1656.36 212.5 1.8 1.3 4.4
2018.1918 -6135.28 1660.24 229.1 1.3 1.1 3.7
2018.2137 -6131.63 1661.68 227.6 1.9 1.5 4.6
2018.2329 -6134.52 1649.59 241.1 3.6 2.7 7.8
2018.2356 -6133.15 1663.79 237.5 1.9 1.7 5.7
2018.2521 -6139.26 1654.25 247.8 4.2 2.6 7.6
2018.2548 -6141.88 1661.24 233.6 1.4 1.3 4.4
2018.2740 -6148.23 1653.36 227.9 3.7 2.5 6.8
2018.2767 -6137.33 1663.68 271 2.5 2.0 7.6
2018.2959 -6139.79 1657.25 238.3 1.8 1.4 4.0
2018.3178 -6140.11 1653.69 235.5 1.4 1.0 3.7
2018.3397 -6135.12 1659.13 229.1 1.3 1.1 3.9
2018.3589 -6138.98 1660.91 210.2 3.1 2.4 6.6
2018.3616 -6139.06 1658.36 218.9 1.8 1.5 5.1
2018.3808 -6139.99 1661.24 230.7 2.8 1.7 5.5
2018.3836 -6144.93 1661.8 197.7 2.5 1.8 7.5
2018.4027 -6144.29 1659.02 235.6 1.7 1.1 3.8
2018.4247 -6143.12 1657.36 228 1.4 1.0 3.7
2018.4466 -6143.44 1657.36 218.7 1.5 1.1 4.2
2018.4658 -6148.75 1656.25 255.8 5.1 3.3 8.4
2018.4685 -6138.5 1652.25 231.5 1.7 1.3 4.9
2018.4877 -6144.89 1655.03 240.6 2.1 1.5 4.5
2018.4904 -6149.11 1652.69 241.6 3.4 2.5 9.0
2018.5096 -6137.29 1660.02 248.6 1.8 1.4 4.2
2018.5315 -6146.1 1661.13 242.1 1.4 1.2 3.8
2018.5534 -6139.91 1651.7 224.2 1.7 1.4 4.6
2018.5726 -6136.85 1658.13 231.5 2.1 1.9 4.9
2018.5753 -6146.94 1659.24 227.2 2.1 1.8 6.4
2018.5945 -6140.03 1658.24 252.9 1.8 1.4 4.1
2018.6164 -6143.48 1656.8 245.3 1.4 1.1 3.9
2018.6384 -6145.25 1655.47 238.3 1.8 1.4 4.4
2018.6575 -6147.02 1656.36 231.9 2.0 1.7 5.1
2018.6603 -6147.18 1654.8 225.8 3.6 1.6 6.9
2018.6795 -6146.58 1656.36 233.5 2.1 1.6 4.3
2018.7014 -6149.07 1660.02 241.9 2.3 1.5 4.7
2018.7233 -6151.56 1655.25 207.7 1.5 1.1 4.0
2018.7425 -6142.08 1658.58 242.3 1.9 1.6 5.0
2018.7452 -6153.33 1656.69 231 3.2 1.6 6.7
2018.7644 -6155.99 1659.35 230.2 1.5 1.3 3.7
2018.7863 -6145.05 1654.03 217.7 2.2 1.4 4.0
2018.8082 -6150.44 1658.36 223.3 2.0 1.3 4.3
2018.8274 -6146.14 1660.46 245.3 2.2 1.7 5.0
2018.8301 -6150.28 1653.14 233.9 2.3 1.4 5.7
2018.8493 -6155.14 1658.36 224.1 1.9 1.6 4.3
2018.8712 -6149.15 1656.47 234.1 1.7 1.3 3.9
2018.8932 -6146.78 1655.14 246.3 1.9 1.2 4.1
2018.9123 -6151.36 1655.8 221.3 1.9 1.7 4.9
2018.9151 -6152.37 1652.03 223.4 3.1 2.0 6.6
2018.9342 -6153.37 1666.68 236.1 2.1 2.1 5.0
2018.9562 -6150.96 1658.69 233.1 1.3 1.1 3.5
2018.9781 -6154.38 1661.68 237.5 1.7 1.3 4.3
2018.9973 -6137.25 1655.03 234.1 3.1 2.1 5.8
2019.0000 -6143.69 1657.47 271.1 3.3 2.1 8.4
2019.0192 -6152.97 1656.8 244.8 1.6 1.4 4.0
2019.0411 -6154.38 1662.68 234.4 1.4 1.2 3.7
2019.0603 -6159 1656.47 247 3.4 2.8 6.0
2019.0630 -6149.35 1667.46 243.9 2.2 1.8 5.7
2019.0822 -6155.82 1661.02 220.3 1.5 1.3 3.9
2019.1041 -6161.61 1660.13 229.9 1.4 1.2 3.7
2019.1260 -6158.52 1663.24 253.7 1.8 1.5 4.9
2019.1452 -6150.88 1659.24 226.3 1.7 1.3 4.3
2019.1479 -6159.72 1656.69 227.3 2.9 2.4 8.4
2019.1671 -6154.58 1656.69 253 2.0 2.0 4.8
2019.1890 -6155.58 1665.24 235.6 1.3 1.2 3.9
2019.2082 -6158.08 1658.36 235.9 3.4 2.1 5.3
2019.2110 -6153.94 1661.68 227.9 2.5 2.0 6.8
2019.2301 -6158.52 1659.13 238.8 1.5 1.1 3.7
2019.2521 -6164.39 1660.91 222.6 1.4 1.2 3.8
2019.2740 -6164.67 1657.25 227.3 2.2 1.7 6.2
2019.2932 -6156.67 1658.91 233.6 1.6 1.2 3.9
2019.3151 -6158 1664.9 241.2 1.4 1.1 3.8
2019.3342 -6160.25 1659.47 243 3.3 2.5 6.1
2019.3370 -6160.21 1663.57 238 2.1 1.6 5.8
2019.3562 -6159.76 1658.91 247.2 1.8 1.3 4.0
2019.3781 -6164.83 1660.35 230.4 1.5 1.2 4.1
2019.3973 -6163.7 1657.58 244.3 2.1 1.6 4.8
2019.4000 -6152.73 1660.24 241.2 1.9 1.6 6.3
2019.4192 -6162.01 1656.8 250.9 1.6 1.1 3.8
2019.4411 -6159.08 1659.58 249.8 1.5 1.1 4.1
2019.4603 -6161.81 1656.14 242.6 2.0 1.6 4.6
2019.4630 -6157.23 1660.02 245.8 2.2 1.7 6.5
2019.4822 -6160.69 1656.14 247.3 1.7 1.2 3.9
2019.5041 -6159.28 1657.36 247 1.5 1.1 3.9
2019.5233 -6178.38 1663.02 256.4 4.6 3.6 6.5
2019.5260 -6161.09 1666.12 228.6 2.8 2.5 7.6
2019.5452 -6166.68 1658.47 249.6 1.4 1.1 3.8
2019.5671 -6166.52 1658.47 240.3 1.5 1.2 4.1
2019.5863 -6168.77 1667.57 243 1.7 1.5 4.6
2019.5890 -6164.11 1659.69 248 2.3 1.8 6.6
2019.6082 -6160.93 1659.69 239.5 1.8 1.3 4.1
2019.6301 -6167.64 1653.58 233.3 1.5 1.1 4.0
2019.6493 -6162.34 1667.23 255.3 2.3 2.0 5.3
2019.6521 -6165.75 1653.58 237.3 2.2 1.5 6.0
2019.6712 -6171.18 1660.24 244.3 2.6 2.2 5.5
2019.6932 -6166.16 1651.03 251.2 1.5 1.1 3.9
2019.7123 -6152.85 1670.23 227.2 3.1 2.8 6.3
2019.7151 -6173.79 1653.58 243.8 2.4 1.4 6.1
2019.7342 -6164.83 1653.92 251.7 1.7 1.4 3.9
2019.7562 -6171.3 1656.25 239.4 1.7 1.2 4.1
2019.7753 -6165.95 1657.69 217.3 3.4 2.9 7.4
2019.7781 -6164.47 1655.25 237.9 2.2 1.3 5.2
2019.7973 -6167.56 1656.36 223.9 1.6 1.5 3.9
2019.8192 -6169.41 1658.69 237.8 2.3 1.6 4.5
2019.8384 -6173.83 1651.92 227.1 3.6 3.4 7.4
2019.8411 -6166.56 1654.47 222 1.8 1.2 4.5
2019.8603 -6169.73 1658.8 242.7 1.4 1.2 3.8
2019.8822 -6168.97 1652.03 241.4 1.4 1.2 3.6
2019.9014 -6176.24 1654.8 225.5 3.0 2.6 7.4
2019.9041 -6166.11 1661.8 245.3 1.8 1.5 4.7
2019.9233 -6169.13 1655.8 236 1.6 1.4 4.1
2019.9260 -6163.54 1660.02 244.6 5.4 2.4 11.0
2019.9452 -6177.21 1659.91 244.7 1.5 1.4 3.9
2019.9671 -6171.1 1660.13 254.3 2.3 1.7 5.4
2019.9863 -6170.22 1659.58 240.4 1.9 1.8 4.5
2019.9890 -6167.92 1663.46 202.8 5.3 2.6 13.5
2020.0082 -6173.91 1664.13 236.6 1.7 1.5 3.9
2020.0301 -6178.42 1666.24 230.8 1.8 1.4 4.6
2020.0493 -6175.36 1659.13 250.5 1.6 1.3 4.0
2020.0712 -6180.22 1658.24 241.6 1.2 1.2 3.6
2020.0904 -6178.33 1664.24 265.3 5.0 2.9 8.6
2020.0932 -6182.44 1665.68 244.6 1.8 1.6 5.1
2020.1123 -6172.47 1655.36 256.4 1.5 1.2 3.9
2020.1342 -6177.81 1659.24 238 1.4 1.2 4.0
2020.1534 -6176 1651.58 263.1 2.4 1.4 5.1
2020.1562 -6181.11 1656.8 244.3 1.9 1.6 5.6
2020.1753 -6173.31 1662.24 247.9 1.7 1.7 4.4
2020.1973 -6175.16 1662.02 236 1.3 1.2 3.7
2020.2164 -6206.51 1651.81 239.7 6.5 5.2 9.4
2020.2192 -6189.91 1663.46 242.2 2.5 2.0 6.6
2020.2384 -6174.23 1660.8 246.2 1.5 1.3 4.1
2020.2603 -6181.71 1665.01 243.1 1.5 1.3 4.4
2020.2795 -6179.54 1665.9 242.7 2.7 2.1 5.7
2020.3014 -6184.32 1659.47 260.3 1.4 1.1 3.8
2020.3205 -6178.62 1659.69 252.7 2.2 2.0 5.4
2020.3233 -6176.97 1659.47 260.9 2.0 1.5 5.5
2020.3425 -6180.38 1657.02 238.1 1.7 1.2 4.0
2020.3644 -6182.68 1659.02 258.3 1.5 1.2 4.2
2020.3836 -6183.56 1656.14 248 1.9 1.4 4.4
2020.3863 -6171.78 1657.91 235 4.0 2.3 11.3
2020.4055 -6183.4 1656.25 245.4 1.5 1.1 3.9
2020.4247 -6181.39 1658.36 266.6 2.8 2.6 5.7
2020.4274 -6186.21 1659.58 260.3 1.9 1.5 5.0
2020.4466 -6186.17 1658.47 251.4 1.6 1.2 3.9
2020.4685 -6180.22 1658.02 254.7 1.5 1.1 4.2
2020.4877 -6181.59 1664.24 253.3 2.1 1.7 4.9
2020.4904 -6181.67 1664.79 219.2 2.8 2.5 9.3
2020.5096 -6184.69 1658.13 261.9 1.5 1.1 3.9
2020.5288 -6180.67 1660.58 268.7 2.6 2.1 5.9
2020.5315 -6188.67 1652.69 239.8 2.0 1.4 5.4
2020.5507 -6190.76 1663.9 265 1.8 1.5 4.2
2020.5726 -6189.91 1659.8 244.4 1.6 1.2 4.4
2020.5918 -6191.92 1666.68 238 4.7 3.6 6.5
2020.5945 -6182.6 1658.58 213.8 6.7 4.5 14.0
2020.6137 -6189.95 1655.91 246.4 1.5 1.1 4.0
2020.6329 -6187.5 1658.69 256 2.7 2.2 6.0
2020.6356 -6185.33 1657.36 239 2.2 1.4 6.0
2020.6548 -6192.52 1656.91 257.1 1.7 1.3 4.1
2020.6959 -6188.46 1661.68 265.4 1.6 1.5 4.2
2020.6986 -6181.03 1656.91 225.6 5.4 3.4 15.9
2020.7068 -6191.56 1652.81 276.6 1.8 1.2 4.4
2020.7260 -6187.7 1654.47 238.4 2.0 1.6 4.7
2020.7288 -6192.97 1652.25 209 3.7 1.8 10.5
2020.7479 -6192.12 1655.8 260.2 2.6 1.5 5.3
2020.7507 -6183 1657.58 262.5 4.0 3.0 10.8
2020.7616 -6186.74 1656.14 251.9 1.7 1.3 4.2
2020.7699 -6195.34 1653.58 248 1.5 1.1 4.0
2020.7726 -6195.34 1660.46 259.6 1.6 1.3 4.2
2020.7808 -6192.28 1658.91 262.1 1.9 1.6 4.9
2020.7836 -6192.85 1654.69 249.6 3.9 1.9 9.8
2020.7863 -6182.19 1660.02 273.9 3.5 2.7 7.8
2020.7890 -6187.98 1653.47 268.3 2.0 1.3 5.0
2020.8082 -6195.3 1657.13 260.5 2.5 2.0 5.2
2020.8301 -6189.91 1659.58 245.2 2.7 2.0 5.9
2020.8493 -6192.93 1656.8 257.7 2.4 1.9 5.6
2020.8521 -6184.93 1659.02 241.4 3.3 1.8 7.0
2020.8712 -6191.72 1662.24 253.3 1.4 1.2 3.9
2020.8932 -6191.28 1659.69 251.6 1.6 1.3 3.9
2020.8959 -6184.93 1658.91 248 3.2 2.0 6.7
2020.9151 -6193.97 1662.46 251.3 1.9 1.4 4.5
2020.9260 -6196.75 1657.69 246 1.6 1.3 4.4
2020.9452 -6194.21 1657.25 251.5 2.9 2.6 5.8
2020.9479 -6189.31 1657.02 252.2 5.4 3.0 12.6
2020.9671 -6192.36 1661.02 252.9 1.6 1.3 4.0
2020.9863 -6186.82 1664.24 269.7 2.8 2.4 6.3
2020.9890 -6182.68 1670.79 238.3 2.0 1.6 5.9
2021.0055 -6189.11 1667.46 247.6 1.6 1.3 4.2
2021.0274 -6190.6 1667.01 269.7 1.6 1.4 4.4
2021.0466 -6184.28 1663.46 257.6 1.7 1.3 4.4
2021.0493 -6180.26 1671.56 262.2 4.2 3.3 14.4
2021.0685 -6185.93 1671.67 240.8 1.6 1.6 4.5
2021.0877 -6197.63 1667.57 264.7 3.6 2.4 7.1
2021.0904 -6191.6 1678 237.7 3.6 2.7 7.6
2021.1041 -6185.85 1667.01 252.1 2.1 1.6 4.8
2021.1178 -6187.94 1663.24 234.8 1.5 1.3 4.2
2021.1370 -6187.9 1666.68 272.9 3.2 2.1 6.2
2021.1397 -6191.88 1669.45 260.2 3.4 2.9 11.4
2021.1589 -6186.78 1673.01 258.2 1.5 1.2 4.1
2021.1781 -6196.06 1671.34 251.5 4.3 2.7 6.6
2021.1808 -6183.48 1666.9 258.2 2.5 2.1 6.3
2021.2000 -6179.54 1668.57 258.5 2.8 2.3 6.4
2021.2082 -6203.1 1658.24 241 4.1 2.8 6.8
2021.2110 -6195.66 1669.12 265.1 2.6 2.0 6.2
2021.2301 -6182.76 1665.13 250.8 2.1 1.5 4.7
2021.2493 -6192.69 1665.35 266.3 4.2 3.8 9.0
2021.2521 -6185.53 1669.45 243.8 1.8 1.5 5.0
2021.2712 -6200.76 1668.34 261.3 1.8 1.2 4.3
2021.2932 -6191.04 1675.56 253.3 1.7 1.8 4.9
2021.3123 -6185.97 1672.01 255.7 2.2 1.6 4.7
2021.3233 -6193.61 1669.68 252.8 2.3 1.6 4.7
2021.3260 -6198.55 1662.57 249.8 3.3 2.8 10.0
2021.3452 -6198.31 1670.9 254.8 1.5 1.3 4.4
2021.3644 -6197.95 1671.79 285.6 3.5 2.1 6.5
2021.3671 -6193.01 1673.23 240.5 2.7 2.3 7.6
2021.3863 -6196.18 1668.68 262.1 1.9 1.4 4.5
2021.4055 -6190.39 1668.23 265.2 2.5 1.9 5.3
2021.4137 -6185.17 1677.56 253.6 3.3 2.1 7.8
2021.4219 -6189.99 1670.01 260.7 3.0 1.9 7.3
2021.4301 -6185.09 1677.56 260 3.0 1.9 7.1
2021.4384 -6203.26 1670.01 256.6 3.0 2.0 7.2
2021.4466 -6196.06 1669.01 238 3.1 2.1 7.4
2021.4548 -6191.68 1674.67 217.4 7.6 5.4 12.9
2021.4630 -6196.06 1669.12 240 3.8 2.5 8.0
2021.4712 -6201.05 1666.24 261.4 3.0 2.1 6.9
2021.4795 -6197.63 1672.01 278.3 2.6 2.3 7.2
2021.4877 -6213.35 1665.46 292.3 3.1 2.5 7.3
2021.4932 -6213.51 1683.44 250.4 2.9 3.0 6.0
2021.4959 -6204.86 1662.68 262.8 3.6 2.3 8.7
2021.5151 -6207.04 1661.68 249.1 1.6 1.3 4.5
2021.5342 -6214.07 1663.57 272.3 3.5 2.5 6.6
2021.5370 -6213.71 1658.13 233.3 2.5 1.8 7.4
2021.5562 -6214.71 1663.9 277.1 3.4 2.2 5.9
2021.5644 -6204.78 1672.01 284.7 4.0 4.0 7.4
2021.5671 -6203.62 1661.13 272.9 2.0 1.4 5.3
2021.5863 -6212.46 1657.91 263.6 2.8 1.8 5.6
2021.6082 -6207.52 1665.01 263.9 2.0 1.4 5.1
2021.6274 -6205.35 1666.35 263.9 2.1 1.7 4.7
2021.6466 -6211.3 1665.35 258.2 2.7 2.3 5.6
2021.6493 -6203.9 1661.68 254 3.6 1.9 7.9
2021.6685 -6213.75 1662.57 251.7 1.9 1.3 4.1
2021.6877 -6192.32 1659.58 255.4 3.7 3.3 8.3
2021.6904 -6212.7 1661.46 261.4 2.5 1.7 6.2
2021.7096 -6212.26 1661.35 262.8 1.6 1.3 4.2
2021.7288 -6205.35 1661.8 252.7 3.1 2.5 7.0
2021.7315 -6203.98 1656.36 276.7 2.3 1.6 6.1
2021.7507 -6204.54 1663.35 279.8 4.0 2.4 6.5
2021.7726 -6207.16 1658.8 270.1 1.7 1.4 4.4
2021.7781 -6211.06 1660.02 252.4 4.3 2.5 7.6
2021.7808 -6202.41 1656.25 250.1 2.4 1.8 5.2
2021.7836 -6207.84 1657.47 257.9 2.5 1.4 5.2
2021.7863 -6218.97 1660.35 255.7 2.4 2.0 6.4
2021.7890 -6209.01 1649.48 239.6 3.2 2.7 6.7
2021.7918 -6209.09 1665.79 273.2 3.0 2.0 7.6
2021.8110 -6214.15 1665.68 258.5 1.6 1.4 4.1
2021.8301 -6219.18 1668.34 309.6 5.9 5.6 10.3
2021.8329 -6209.33 1668.34 254.9 2.9 2.2 6.7
2021.8521 -6210.69 1659.69 269 1.7 1.4 4.2
2021.8712 -6218.13 1667.23 276.5 4.1 3.6 8.3
2021.8740 -6208.72 1666.9 248.8 2.1 1.5 6.0
2021.8932 -6212.78 1655.58 267.6 2.5 2.0 4.8
2021.9151 -6204.46 1662.13 271.5 1.9 1.5 5.1
2021.9342 -6216.04 1667.35 285.3 1.8 1.5 4.7
2021.9562 -6210.65 1666.35 264.5 1.9 1.8 5.0
2021.9753 -6225.45 1672.23 285.3 4.4 3.8 8.0
2021.9973 -6218.45 1668.12 241.3 2.3 2.1 5.3
2022.0164 -6218.09 1664.68 273.4 1.6 1.3 4.3
2022.0384 -6219.3 1665.68 255.6 1.7 1.5 4.4
2022.0575 -6216.6 1666.24 266 2.4 2.2 5.6
2022.0795 -6220.06 1661.02 274.9 2.5 2.2 5.5
2022.0986 -6219.86 1660.13 286.1 3.7 3.4 6.9
2022.1205 -6225.08 1667.9 272.4 2.9 2.5 6.2
2022.1397 -6219.5 1664.13 273.4 2.9 2.9 5.5
2022.1616 -6226.21 1664.68 280.5 2.1 1.7 4.6
2022.1808 -6219.3 1665.46 267 3.9 3.4 8.4
2022.1836 -6231.68 1673.23 278.3 8.4 5.4 15.9
2022.2027 -6221.87 1669.45 264.1 1.9 1.7 4.8
2022.2219 -6215.32 1660.24 282.9 2.8 2.5 5.9
2022.2438 -6218.01 1662.57 274.1 1.9 1.3 4.4
2022.2630 -6213.11 1666.01 271.7 2.6 1.8 5.0
2022.2849 -6209.77 1673.45 270.7 2.2 1.9 5.1
2022.3041 -6219.18 1670.56 277.4 2.7 1.7 5.1
2022.3260 -6218.37 1670.34 274.3 2.6 2.0 6.4
2022.3452 -6218.85 1666.79 298.3 2.2 1.4 4.9
2022.3644 -6217.17 1676.67 274.1 3.2 2.6 6.2
2022.3671 -6215.28 1671.23 273.9 2.2 1.6 5.8
2022.3863 -6226.77 1666.9 288.4 2.4 1.5 5.4
2022.4055 -6231.11 1663.79 275.1 2.5 2.3 5.9
2022.4082 -6220.62 1672.78 281.6 3.6 2.3 7.5
2022.4274 -6228.5 1665.24 276.7 1.5 1.3 4.1
2022.4466 -6237.67 1668.9 251.2 5.2 3.6 8.6
2022.4493 -6238.19 1678.67 267 6.5 4.4 16.3
2022.4685 -6223.03 1662.35 264.4 1.9 1.5 4.9
2022.4877 -6227.58 1671.45 285.8 2.3 2.0 5.5
2022.4932 -6222.63 1662.24 272.6 2.1 1.7 6.3
2022.5123 -6229.71 1663.57 282.8 2.0 1.5 4.6
2022.5233 -6222.43 1663.13 272.6 1.6 1.3 4.5
2022.5425 -6227.62 1668.57 276.3 2.1 1.8 4.8
2022.5644 -6234.21 1656.69 266.1 1.9 1.4 5.1
2022.5836 -6223.11 1662.57 277.9 2.0 1.5 4.6
2022.6055 -6231.15 1656.69 281.9 3.8 2.0 6.9
2022.6247 -6235.37 1662.02 280.3 1.8 1.5 4.6
2022.6438 -6231.72 1662.24 303.8 3.7 3.2 7.6
2022.6466 -6236.62 1650.81 255.4 3.6 2.3 8.5
2022.6493 -6225.81 1661.68 267 3.0 1.8 6.5
2022.6685 -6230.31 1660.02 270.8 2.2 1.6 4.9
2022.6877 -6213.99 1669.68 266.9 6.0 4.3 9.0
2022.6904 -6233.45 1659.13 285.1 2.1 1.4 4.4
2022.6932 -6225.33 1663.79 245.6 7.0 2.7 14.4
2022.7123 -6236.46 1665.01 280.7 2.0 1.5 4.8
2022.7315 -6222.07 1666.24 256.4 2.4 2.2 5.4
2022.7781 -6235.17 1658.8 304.3 3.9 4.1 8.4
2022.7808 -6228.5 1663.13 269.6 2.7 2.0 6.1
2022.7836 -6225.49 1655.69 266.6 3.1 2.3 8.2
2022.8027 -6235.21 1667.68 267.4 2.5 1.9 5.3
2022.8164 -6227.86 1660.13 269.6 1.7 1.4 4.2
2022.8192 -6235.01 1662.13 262.4 2.5 1.7 5.0
2022.8219 -6229.14 1661.35 269.7 2.6 2.1 5.6
2022.8411 -6233.97 1671.67 286.3 4.3 3.3 7.0
2022.8438 -6234.53 1654.25 249.6 4.7 4.2 9.8
2022.8630 -6241.69 1667.12 259.4 2.7 2.0 5.7
2022.8822 -6235.13 1660.02 291.2 4.3 3.0 7.7
2022.8849 -6235.9 1659.8 282.4 3.2 2.8 8.3
2022.9041 -6233.24 1665.79 272.8 1.9 1.6 4.9
2022.9233 -6235.66 1669.57 290.4 5.0 3.8 10.5
2022.9260 -6218.81 1671.34 246 5.1 3.9 14.8
2022.9452 -6241.2 1661.91 267.3 2.2 1.7 4.9
2022.9644 -6238.79 1663.9 281.5 2.8 2.2 5.2
2022.9836 -6251.29 1665.35 291.7 6.7 3.6 11.0
2022.9863 -6237.55 1663.9 261.7 3.0 2.4 7.2
2023.0055 -6235.82 1663.57 278 2.2 1.7 4.9
