2006.5288 0 0 0 2.3 1.9 4.8
2006.5315 -4.53678 -0.999277 12.1 1.5 0.9 2.9
2006.5342 -2.29508 1.4434 15.5 1.4 0.9 2.9
2006.5370 -6.77849 -3.10886 17 1.4 0.9 2.9
2006.5397 -4.85703 -2.44268 12.1 1.4 0.9 2.9
2006.5425 -0.587113 -1.55443 15.8 1.4 1.0 2.9
2006.5452 -0.160122 -2.10958 8.8 1.3 0.9 2.7
2006.5479 -1.28097 -0.666185 9.7 1.4 0.9 2.7
2006.5507 -0.853983 -0.999277 14.2 1.3 0.9 2.7
2008.5507 -31.7575 -2.22062 31.9 1.3 1.0 2.7
2008.5534 -37.255 -1.4434 13.7 1.4 1.0 2.8
2008.5562 -57.9107 3.55298 9.6 1.5 1.0 2.8
