2016.6247 0 0 0 1.4 1.0 2.8
2016.6274 2.40886 1.77624 -2.3 1.4 0.9 2.8
2016.6301 4.81772 0.111014 0.3 1.3 0.9 2.7
2016.6329 -1.92709 -0.777105 5.8 1.5 1.0 2.9
2016.6356 4.33595 0.555073 5.9 1.4 0.9 2.7
2016.6384 2.16798 -1.22116 4.7 1.4 0.9 2.8
2016.6411 7.08206 -1.11015 10.2 1.2 0.8 2.6
2016.6438 4.72137 -1.22116 0.9 1.3 0.9 2.7
2016.6466 4.72137 -0.222031 6.1 1.5 1.0 3.0
2016.6493 3.32423 0.555073 0.9 1.6 1.0 2.9
2016.6521 5.78127 -1.55421 -12.6 1.3 0.9 2.8
2016.6548 1.54167 3.7745 -4.2 1.3 0.9 2.6
2016.6575 -1.44532 3.33045 -6.9 1.3 0.9 2.7
2016.6603 3.32423 1.55421 -8.2 1.2 0.8 2.6
2016.6630 1.78256 0.555073 -4.3 1.3 0.9 2.7
2016.6658 8.19013 1.99827 -0.4 1.6 1.1 3.1
2016.6685 3.37241 1.88725 -5.7 1.3 0.9 2.7
2016.6712 -0.626304 0.999133 2.9 1.8 1.2 3.5
2016.6740 4.09507 1.22116 -11.2 1.8 1.2 3.4
2016.6767 0.433595 0.888119 -8.3 2.3 1.4 3.9
2016.6795 4.43231 1.33218 6.3 1.8 1.0 3.1
2016.6822 4.96226 3.33045 3.3 1.7 1.0 3.1
2016.6849 0.819013 3.88552 4 1.3 0.9 2.6
2016.6877 2.60157 1.22116 -3.6 1.6 1.0 2.8
2016.6904 -0.192708 0.666088 -8.6 2.0 1.3 3.5
2016.6932 6.21486 0 -4.8 1.1 0.8 2.5
2016.6959 5.82945 0.222029 -4.5 1.3 0.9 2.6
2016.6986 4.57684 2.44233 -5.4 1.4 0.9 2.7
2016.7014 3.13152 2.9974 7.9 1.2 0.8 2.6
2016.7041 6.11851 4.99567 7.6 1.5 0.9 2.8
2016.7068 6.3594 2.88639 -3.9 1.6 1.0 2.9
2016.7096 2.69793 -0.333046 -4.8 1.7 1.1 3.3
2016.7123 3.85418 1.22116 3.3 1.1 0.9 2.6
2016.7151 2.98699 1.77624 2.3 1.1 0.8 2.5
2016.7178 4.38413 1.55421 -6.6 1.5 1.0 2.8
2016.7205 3.03517 1.11015 -8.4 1.5 1.0 3.0
2016.7233 4.28777 0.222029 -10.7 1.6 1.0 3.1
2016.7260 2.31251 0.222029 -6.8 1.4 0.9 2.7
2016.7288 7.17841 0.555073 3.3 1.3 0.8 2.6
2016.7315 2.55339 0.222029 -0.6 1.2 0.8 2.6
2016.7342 4.48048 0.444059 -4.8 1.2 0.8 2.6
2016.7370 3.03517 0.333044 -8.3 1.4 1.0 2.9
2016.7397 1.6862 0.555073 -8 2.0 1.2 3.3
2016.7425 2.16798 0 -17.3 1.9 1.3 3.6
2016.7452 4.62502 0.666088 -11.4 2.5 1.5 3.7
2016.7479 2.69793 2.88639 -8 2.0 1.3 3.5
2016.7507 4.14324 0.999133 -12.9 1.5 1.0 2.9
2016.7534 3.95053 0.111014 -20.6 1.5 1.0 2.9
2016.7562 8.52737 -1.11015 -12.7 1.6 1.0 3.0
2016.7589 4.19142 0.111014 -7.8 1.4 0.9 2.8
2016.7616 3.03517 -2.9974 -16.2 1.6 1.1 3.3
2016.7644 5.34767 0.444059 -11.3 1.6 1.0 3.1
2016.7671 8.14195 1.55421 -19.8 1.1 0.8 2.6
2016.7699 8.0456 1.33218 -15.8 1.2 0.8 2.6
2016.7726 4.52866 0.444059 -14.4 1.4 0.9 2.7
2016.7753 6.07033 2.66436 -13.6 1.3 0.9 2.6
2016.7781 7.80471 4.55161 -14 1.4 0.9 2.7
2016.7808 2.55339 5.66176 -13.6 1.2 0.9 2.7
2016.7836 7.27476 7.77104 -10.7 1.1 0.8 2.6
2016.7863 1.0599 8.2151 -7.4 2.4 1.5 4.3
2016.7890 9.20185 11.5455 -10.2 1.8 1.2 3.7
2016.7918 8.19013 11.9896 -7.2 1.2 0.9 2.8
2016.7945 8.62373 11.9896 -7.3 1.3 0.9 2.8
2016.7973 11.6589 14.0989 -10.4 1.6 1.1 3.0
2016.8000 8.6719 14.5429 -10.7 1.4 1.0 2.9
2016.8027 10.069 13.4328 -12.5 1.2 0.8 2.6
2016.8055 6.64846 14.4319 -7.1 1.1 0.8 2.5
2016.8082 8.19013 13.7658 -9.2 1.1 0.8 2.5
2016.8110 8.23831 15.6531 -8.4 1.2 0.9 2.6
2016.8137 7.37112 14.4319 -10.5 1.2 0.9 2.6
2016.8164 8.6719 14.765 -13.6 1.9 1.2 3.5
2016.8192 3.08334 14.4319 -4.3 2.7 1.7 4.1
2016.8219 2.84246 18.8725 -5.2 2.2 1.5 4.0
2016.8247 3.90236 19.3166 -4 2.1 1.4 3.6
2016.8274 5.97398 18.0954 1.2 1.4 1.0 2.8
2016.8301 9.1055 18.3174 -3.1 1.7 1.1 3.4
2016.8329 9.63545 16.6522 -1.6 1.7 1.2 3.3
2016.8356 7.37112 16.4302 -2.2 1.2 0.9 2.6
2016.8384 8.86461 17.8734 -0.6 1.2 1.0 2.8
2016.8411 5.20314 19.6496 -1.6 1.2 0.9 2.7
2016.8438 8.28649 16.3192 1.7 1.7 1.2 3.3
2016.8466 9.25003 18.9835 1.9 1.1 0.9 2.6
2016.8493 9.7318 18.5395 0.9 1.2 0.9 2.6
2016.8521 10.1654 17.8734 3.3 1.2 0.9 2.7
2016.8548 8.96097 17.4293 -3.4 1.1 0.9 2.6
2016.8575 12.6706 16.2082 2.4 1.1 0.9 2.6
2016.8603 12.6706 18.0954 5.4 1.3 1.0 2.8
2016.8630 6.55211 18.4285 4.3 1.6 1.2 3.3
2016.8658 4.38413 14.0989 -1.9 1.3 0.9 2.8
2016.8685 15.0795 20.3157 3.2 1.5 1.0 3.0
2016.8712 14.2123 17.9844 -4.1 1.4 1.0 2.9
2016.8740 10.5508 17.0963 -3.8 1.2 0.9 2.8
2016.8767 8.96097 15.9861 4.9 1.1 0.9 2.6
2016.8795 8.91279 15.32 -2.6 1.1 0.9 2.7
2016.8822 9.82816 16.3192 -5.9 1.1 0.8 2.6
2016.8849 10.5026 15.9861 -6.9 1.1 0.8 2.5
2016.8877 12.3816 15.098 -7.5 1.1 0.8 2.6
2016.8904 12.3816 15.8751 0.8 1.1 0.8 2.5
2016.8932 13.1524 15.32 2.4 1.2 0.9 2.6
2016.8959 10.2136 14.2099 -2.1 1.2 1.0 2.8
2016.8986 17.5847 13.9879 0.1 1.4 0.9 2.7
2016.9014 15.5612 15.098 1.9 1.4 1.1 3.1
2016.9041 18.9337 14.876 5 1.5 1.0 2.9
2016.9068 15.6094 13.0998 7.5 1.4 1.0 2.9
2016.9096 15.0795 13.6548 5.6 1.4 1.0 2.9
2016.9123 17.681 15.6531 7.8 1.1 0.8 2.6
2016.9151 19.2227 14.765 8.7 1.2 0.8 2.6
2016.9178 18.5482 14.2099 14.6 1.1 0.8 2.5
2016.9205 17.2956 11.6566 15.1 1.2 0.9 2.6
2016.9233 16.0912 15.32 12.2 1.2 0.9 2.6
2016.9260 15.6576 14.987 10.5 1.1 0.8 2.5
2016.9288 15.1758 13.9879 8.3 1.1 0.8 2.5
2016.9315 15.3204 14.654 5.9 1.1 0.8 2.5
2016.9342 16.5248 12.1006 7.1 1.2 0.9 2.7
2016.9370 14.2123 12.4337 4.1 1.3 1.0 2.7
2016.9397 12.1888 12.5447 2.8 1.4 1.0 2.8
2016.9425 13.8269 13.8769 6.6 1.5 1.1 3.0
2016.9452 8.76826 14.5429 6.2 1.4 1.0 2.7
2016.9479 9.25003 13.6548 13.6 1.4 0.9 2.7
2016.9507 7.75654 14.3209 11.4 1.2 0.9 2.6
2016.9534 11.4662 11.1015 15.6 1.1 0.9 2.6
2016.9562 16.0912 13.8769 10.4 1.1 0.8 2.6
2016.9589 13.7787 12.7667 11.6 1.1 0.8 2.6
2016.9616 13.5378 10.7684 21 1.1 0.8 2.5
2016.9644 13.4415 10.8795 23.6 1.1 0.8 2.5
2016.9671 14.9349 9.10322 31.7 1.4 0.9 2.8
2016.9699 10.5508 11.4345 35.6 1.2 0.9 2.7
2016.9726 10.7917 12.2116 29.9 1.2 0.9 2.7
2016.9753 11.2253 12.9887 35.1 1.5 1.1 3.0
2016.9781 12.3816 12.1006 30.3 1.5 1.0 3.0
2016.9808 11.2253 8.32611 32.6 1.4 1.0 2.8
2016.9836 11.7552 11.3235 28.5 1.2 0.9 2.7
2016.9863 11.8516 8.43713 29.3 1.3 1.0 2.9
2016.9890 11.7552 12.8777 39.2 1.6 1.1 3.0
2016.9918 10.069 11.1015 34.6 1.2 0.9 2.7
2016.9945 8.0456 12.1006 35.3 1.1 0.8 2.6
2016.9973 10.5026 11.5455 27.5 1.2 0.9 2.6
2017.0000 7.17841 12.7667 33.1 1.1 0.8 2.6
2017.0027 7.32294 12.3226 30.9 1.4 1.0 3.0
2017.0027 6.02216 12.5447 25.6 1.4 0.9 2.8
2017.0055 5.25132 10.4354 29.6 1.3 1.0 2.7
2017.0082 7.4193 9.10322 24 1.3 0.9 2.7
2017.0110 6.50393 11.3235 25.1 1.2 0.9 2.8
2017.0137 10.1172 12.9887 20.7 1.4 0.9 2.7
2017.0164 5.78127 13.7658 25.9 1.3 1.0 2.7
2017.0192 -2.07162 13.9879 20.3 1.4 1.0 2.9
2017.0219 1.87891 13.2108 26.8 1.3 1.0 2.8
2017.0247 0.867191 13.8769 25.2 1.2 0.9 2.6
2017.0274 0.385418 14.765 30.8 1.2 0.9 2.7
2017.0301 3.95053 13.3218 23.9 1.2 0.8 2.6
2017.0329 1.6862 10.4354 27.8 1.1 0.8 2.5
2017.0356 2.84246 12.9887 26.6 1.2 0.9 2.7
2017.0384 1.54167 11.5455 27.1 1.1 0.8 2.6
2017.0411 5.9258 11.6566 31.9 1.1 0.9 2.6
2017.0438 -1.87891 11.1015 35.9 1.1 0.8 2.7
2017.0466 0.289063 11.2125 29.4 1.2 0.8 2.6
2017.0493 -0.385418 12.3226 26.5 1.5 1.1 3.3
2017.0521 1.58985 12.4337 34.5 1.5 1.0 3.0
2017.0548 -0.867191 10.7684 28.6 1.2 0.9 2.7
2017.0575 2.07162 10.5464 27.7 1.2 0.9 2.7
2017.0603 0.867191 11.5455 21.6 1.3 0.9 2.7
2017.0630 -0.337241 10.1024 23.3 1.1 0.8 2.6
2017.0658 -0.192708 10.3244 26.8 1.1 0.8 2.6
2017.0685 -1.30079 9.65829 30.7 1.2 0.9 2.8
2017.0712 1.54167 8.9922 36.3 1.4 0.9 2.8
2017.0740 0.52995 8.9922 36 1.4 1.0 3.0
2017.0767 -1.0599 8.65916 35.3 1.1 0.8 2.6
2017.0795 -0.0963548 9.32525 32.1 1.2 0.9 2.7
2017.0822 -2.98699 7.99307 22.7 1.2 0.9 2.6
2017.0849 -0.626304 7.32698 27.2 1.6 1.1 3.2
2017.0877 -5.01043 5.77277 31.4 1.7 1.1 3.2
2017.0904 -2.40886 10.6574 26.4 1.4 0.9 2.8
2017.0932 -6.74481 9.99134 27.2 1.3 0.9 2.8
2017.0959 -2.40886 8.2151 44.5 1.2 0.9 2.8
2017.0986 -8.72008 13.7658 30.5 1.4 0.9 2.8
2017.1014 -5.63674 11.8786 30.1 1.2 0.8 2.6
2017.1041 -6.31122 12.4337 28.5 1.2 0.9 2.7
2017.1068 -9.1055 12.7667 34.2 1.2 0.9 2.7
2017.1096 -6.31122 12.7667 37.6 1.2 0.9 2.7
2017.1123 -6.9857 11.4345 39.1 1.3 0.9 2.7
2017.1151 -9.77998 9.32525 47.4 1.2 0.9 2.6
2017.1178 -10.599 9.32525 41 1.1 0.8 2.6
2017.1205 -9.15368 11.2125 35.8 1.1 0.8 2.6
2017.1233 -2.02344 10.8795 41.1 1.2 0.8 2.5
2017.1260 1.15625 13.8769 42.4 1.2 0.9 2.6
2017.1288 4.96226 15.6531 43.9 1.3 0.9 2.8
2017.1315 -1.49349 12.4337 39.3 1.4 1.0 2.9
2017.1342 -0.722658 13.2108 43.4 1.3 0.9 2.8
2017.1370 -0.819013 13.9879 38.4 1.3 0.9 2.7
2017.1397 -0.52995 12.1006 39.7 1.3 0.9 2.8
2017.1425 -1.97527 12.7667 37.8 1.1 0.8 2.6
2017.1452 -2.89063 11.8786 39.7 1.2 0.9 2.7
2017.1479 -3.03517 10.9905 33 1.2 0.9 2.6
2017.1507 -3.13152 10.4354 40.7 1.3 1.0 2.8
2017.1534 -5.73309 10.2134 41.5 1.2 0.9 2.6
2017.1562 -2.84246 11.9896 41.5 1.1 0.8 2.5
2017.1589 -2.89063 11.8786 49.7 1.3 0.9 2.7
2017.1616 -0.915368 9.76931 40.2 1.1 0.8 2.6
2017.1644 -2.7461 9.88032 33.1 1.8 1.3 3.4
2017.1671 -3.03517 8.43713 34.6 1.6 1.3 3.4
2017.1699 -2.40886 12.2116 36.4 1.8 1.3 3.5
2017.1726 -3.27605 10.6574 34 1.4 1.1 3.0
2017.1753 -2.16798 11.6566 44.3 1.3 1.0 2.8
2017.1781 -3.806 11.2125 33.4 1.4 1.0 3.0
2017.1808 -2.31251 10.3244 39.8 1.3 1.0 2.8
2017.1836 -0.674481 11.7676 33.6 1.2 0.9 2.7
2017.1863 -2.7461 9.32525 31.7 1.4 0.9 2.8
2017.1890 -4.09507 8.88119 38 1.3 1.0 2.8
2017.1918 -1.97527 7.88205 37.4 1.1 0.9 2.6
2017.1945 -0.0963548 7.54901 39.7 1.2 0.9 2.7
2017.1973 -2.50522 11.5455 44.4 1.1 0.8 2.5
2017.2000 -4.33595 9.65829 38.8 1.1 0.8 2.5
2017.2027 -5.44403 10.8795 39.6 1.1 0.9 2.6
2017.2055 -4.38413 9.54728 44.6 1.1 0.9 2.6
2017.2082 -4.67319 9.21423 41.1 1.1 0.8 2.6
2017.2110 -4.28777 9.88032 45.4 1.0 0.8 2.5
2017.2137 -1.73438 10.8795 38.4 1.1 0.9 2.6
2017.2164 -3.13152 9.43626 39.7 1.2 0.9 2.7
2017.2192 -6.45575 10.6574 42.9 1.4 1.1 2.9
2017.2219 -5.97398 12.6557 40.7 1.5 1.2 3.0
2017.2247 -5.10679 9.99134 44.1 1.3 1.0 2.9
2017.2274 -2.26433 12.7667 40.7 1.2 0.9 2.7
2017.2301 -3.85418 10.6574 42.2 1.1 0.8 2.6
2017.2329 -5.10679 10.1024 46.7 1.1 0.8 2.5
2017.2356 -7.08206 7.43799 45.4 1.7 1.4 3.5
2017.2384 -3.75783 10.2134 48.9 1.4 1.2 3.3
2017.2411 -8.14195 9.21423 47.3 1.4 1.1 3.0
2017.2438 -1.20443 9.21423 50 1.5 1.1 3.2
2017.2466 -6.07033 11.8786 48.9 1.6 1.3 3.3
2017.2493 -9.39456 8.43713 41.5 1.3 1.1 2.9
2017.2521 -6.74481 8.77017 43.5 1.3 0.9 2.8
2017.2548 -8.47919 8.77017 37.8 1.2 0.9 2.8
2017.2575 -9.39456 9.10322 45.6 1.3 1.0 2.9
2017.2603 -7.85289 7.99307 49.1 1.2 0.9 2.7
2017.2630 -9.68363 9.43626 45.3 1.3 1.0 2.8
2017.2658 -8.38284 7.77104 36.5 1.2 0.9 2.6
2017.2685 -9.58727 8.10408 47.1 1.3 1.0 2.8
2017.2712 -11.7071 9.99134 38.3 1.5 1.2 3.4
2017.2740 -11.0326 7.43799 48.3 1.1 0.8 2.6
2017.2767 -10.2618 6.77191 42.1 1.2 1.0 2.8
2017.2795 -9.39456 7.99307 34 1.2 0.9 2.7
2017.2822 -9.82816 8.32611 37.5 1.1 0.8 2.5
2017.2849 -10.9844 8.43713 40.2 1.6 1.2 3.3
2017.2877 -9.20185 6.54987 36.9 1.2 0.9 2.7
2017.2904 -9.05732 7.88205 39.1 1.2 0.9 2.7
2017.2932 -8.72008 9.32525 38 1.1 0.9 2.6
2017.2959 -11.2253 7.10495 44.5 1.2 0.9 2.7
2017.2986 -12.9115 8.88119 44.5 1.3 1.0 3.0
2017.3014 -8.09378 5.55074 29.6 1.4 1.4 3.5
2017.3041 -10.5026 3.88552 49.3 1.4 1.0 2.8
2017.3068 -9.77998 6.66089 46.2 1.9 1.5 3.7
2017.3096 -10.8881 7.77104 34.3 1.6 1.2 3.4
2017.3123 -12.0443 6.10582 48.6 1.6 1.2 3.1
2017.3151 -14.405 5.77277 46.6 1.3 1.0 2.8
2017.3178 -9.63545 6.43886 50.3 1.2 0.9 2.8
2017.3205 -11.8516 5.43973 46.1 1.2 0.9 2.7
2017.3233 -12.4779 4.66262 44.9 1.2 0.9 2.8
2017.3260 -14.405 7.10495 48.6 1.3 1.0 2.9
2017.3288 -14.8386 4.66262 48.3 1.2 0.9 2.7
2017.3315 -13.3933 4.44059 42.2 1.1 0.8 2.6
2017.3342 -12.9597 2.9974 47.2 1.1 0.9 2.7
2017.3370 -14.0196 2.10928 50.2 1.2 0.9 2.7
2017.3397 -13.4896 2.88639 45.8 1.1 0.9 2.6
2017.3425 -13.0079 3.44146 53.1 1.1 0.8 2.7
2017.3452 -14.3086 5.55074 49.4 1.1 0.8 2.6
2017.3479 -14.0196 3.99653 46.8 1.3 1.0 2.8
2017.3507 -14.9349 1.66522 58.1 1.1 0.9 2.7
2017.3534 -16.3803 2.2203 53.4 1.1 0.9 2.7
2017.3562 -13.2487 2.44233 45.3 1.1 0.8 2.6
2017.3589 -12.5743 0.777104 46.1 1.1 0.8 2.6
2017.3616 -15.5612 -0.444059 44.5 1.2 0.9 2.7
2017.3644 -16.5248 -5.9948 49.7 1.1 0.8 2.6
2017.3671 -17.1993 -10.6574 36.9 1.2 0.9 2.6
2017.3699 -21.2943 -9.32525 38 1.2 1.0 2.8
2017.3726 -17.1993 -7.77104 37.3 1.3 0.9 2.7
2017.3753 -20.2826 -5.55074 38.7 1.2 0.9 2.7
2017.3781 -18.6928 -5.2177 35.2 1.3 1.0 2.8
2017.3808 -17.5365 -4.99567 37.9 1.5 1.0 2.9
2017.3836 -16.7175 -3.10842 39.6 1.8 1.3 3.5
2017.3863 -13.2006 -5.77277 36.4 1.3 1.0 2.9
2017.3890 -15.0313 -3.10842 32.8 1.3 1.0 2.8
2017.3918 -15.8503 -4.66262 38 1.3 1.0 2.7
2017.3945 -19.56 -3.33045 28.8 1.2 0.9 2.5
2017.3973 -17.5365 -2.66436 34.9 1.1 0.8 2.5
2017.4000 -19.2227 -4.21857 30.7 1.1 0.9 2.6
2017.4027 -18.9818 -4.88465 32.4 1.1 0.8 2.5
2017.4055 -20.2344 -2.77537 25.4 1.7 1.3 3.5
2017.4082 -19.6081 -7.438 26.1 1.4 1.0 2.8
2017.4110 -21.1016 -6.54988 25.2 1.2 0.9 2.6
2017.4137 -21.0535 -5.2177 23.6 1.1 0.9 2.6
2017.4164 -21.4871 -4.21857 16.8 1.1 0.9 2.6
2017.4192 -21.2943 -3.99654 9.8 1.2 0.9 2.7
2017.4219 -21.7761 -6.77191 18.8 1.4 1.0 2.7
2017.4247 -21.8243 -7.88205 13 1.1 0.8 2.5
2017.4274 -21.1498 -4.44059 19.5 1.1 0.9 2.5
2017.4301 -23.0769 -6.66089 10.8 1.1 0.9 2.6
2017.4329 -23.2696 -7.88205 15.9 1.2 0.9 2.7
2017.4356 -22.8842 -9.10322 14.9 1.1 0.8 2.5
2017.4384 -26.6902 -8.77017 10.3 1.1 0.8 2.5
2017.4411 -27.2201 -7.438 7.7 1.1 0.9 2.6
2017.4438 -31.6043 -13.3218 12.1 1.4 1.0 2.8
2017.4466 -29.0991 -9.21423 13.3 1.3 0.9 2.7
2017.4493 -31.267 -9.99134 8.8 1.1 0.9 2.6
2017.4521 -31.6043 -11.2125 5.2 1.2 0.9 2.6
2017.4548 -31.8933 -12.9887 10.5 1.2 0.8 2.6
2017.4575 -34.254 -14.4319 17.2 1.6 1.1 3.2
2017.4603 -33.9168 -12.2116 4.5 1.7 1.1 3.2
2017.4630 -36.0848 -13.8769 4.5 1.3 1.0 2.9
2017.4658 -36.422 -18.9835 -7.3 1.3 0.9 2.7
2017.4685 -31.4597 -16.6522 0.8 1.1 0.8 2.5
2017.4712 -31.6043 -17.3183 -2.6 1.1 0.8 2.5
2017.4740 -37.3855 -16.4302 -12.9 1.3 0.9 2.7
2017.4767 -32.7605 -20.8708 -9.2 1.2 0.9 2.6
2017.4795 -33.0496 -21.2038 -3.4 1.3 0.9 2.7
2017.4822 -40.4689 -21.5369 -22.5 1.4 1.0 2.8
2017.4849 -27.9428 -20.6488 -4.4 1.2 0.9 2.7
2017.4877 -28.4246 -23.8682 -12.3 1.1 0.8 2.5
2017.4904 -26.2566 -22.536 0.6 1.2 0.9 2.6
2017.4932 -28.3282 -26.9766 -7.2 1.3 0.9 2.8
2017.4959 -33.7241 -28.3088 -11.2 1.1 0.8 2.6
2017.4986 -41.4806 -26.6436 -20.5 1.6 1.0 3.0
2017.5014 -28.1355 -25.5334 -10.2 1.5 1.0 2.9
2017.5041 -30.5925 -24.6453 -12.1 1.1 0.8 2.6
2017.5068 -34.5431 -25.7554 -8.7 1.1 0.8 2.5
2017.5096 -30.978 -26.8656 -15.9 1.1 0.8 2.5
2017.5123 -27.5574 -27.8647 -23.4 1.2 0.9 2.7
2017.5151 -29.2918 -30.085 -18.9 1.2 0.9 2.6
2017.5178 -30.3998 -28.1978 -13.5 1.1 0.8 2.5
2017.5205 -26.353 -30.196 -16.6 1.3 0.9 2.7
2017.5233 -30.0626 -27.5317 -24.3 1.3 1.0 2.8
2017.5260 -29.0991 -30.8621 -14.1 1.2 0.9 2.7
2017.5288 -34.3022 -28.3088 -22.3 1.3 0.9 2.7
2017.5315 -31.6043 -28.7528 -21.4 1.3 0.9 2.6
2017.5342 -30.2071 -28.8639 -18.5 1.1 0.8 2.5
2017.5370 -31.5079 -30.8621 -17.7 1.1 0.8 2.5
2017.5397 -32.3751 -31.4172 -17.6 1.8 1.1 3.3
2017.5425 -33.5795 -30.196 -23.4 2.0 1.2 3.5
2017.5452 -30.5444 -31.4172 -18.2 1.4 1.0 2.9
2017.5479 -28.7618 -31.5282 -27.3 1.1 0.8 2.5
2017.5507 -30.6407 -32.5274 -35.5 1.1 0.8 2.5
2017.5534 -27.3647 -32.6384 -25.1 1.4 1.0 2.9
2017.5562 -28.0873 -32.3053 -22.3 1.4 1.0 2.9
2017.5589 -26.9311 -33.6375 -23 1.6 1.0 3.0
2017.5616 -26.0639 -32.8604 -25.9 1.5 0.9 2.9
2017.5644 -29.2436 -32.7494 -17.8 1.3 0.9 2.7
2017.5671 -24.9076 -31.4172 -28.8 1.4 0.9 2.8
2017.5699 -23.4141 -34.6366 -33.6 1.2 0.8 2.6
2017.5726 -26.2566 -36.3019 -28 1.4 0.9 2.7
2017.5753 -22.2097 -33.6375 -33 1.2 0.8 2.6
2017.5781 -24.7149 -32.9714 -36.7 1.2 0.9 2.6
2017.5808 -23.7996 -34.9697 -38.4 1.2 0.8 2.5
2017.5836 -19.6563 -35.0807 -34.1 1.3 0.9 2.7
2017.5863 -22.6915 -33.9705 -35.6 1.2 0.8 2.5
2017.5890 -19.5118 -38.1891 -26.7 1.1 0.9 2.6
2017.5918 -17.8256 -35.7468 -29.4 1.6 1.0 3.1
2017.5945 -22.9324 -31.3062 -44 1.6 1.1 3.1
2017.5973 -20.0417 -34.9697 -40.9 1.3 0.9 2.8
2017.6000 -15.3204 -35.1917 -40.1 1.3 0.9 2.6
2017.6027 -19.4636 -35.7468 -34.8 1.1 0.8 2.5
2017.6055 -18.0665 -36.0798 -37.8 1.3 0.9 2.6
2017.6082 -17.8738 -34.3036 -24.8 1.2 0.9 2.7
2017.6110 -16.9584 -34.3036 -40.5 1.2 0.9 2.7
2017.6137 -13.7787 -34.5256 -34.4 1.4 0.9 2.7
2017.6164 -12.1888 -37.19 -29.4 1.3 0.9 2.7
2017.6192 -16.6693 -35.5248 -32.8 1.2 0.8 2.6
2017.6219 -14.4532 -35.4137 -35.8 1.1 0.8 2.5
2017.6247 -17.1993 -35.7468 -30.9 1.3 0.9 2.7
2017.6274 -16.7657 -34.8587 -29.5 1.6 1.0 3.0
2017.6301 -16.043 -36.6349 -29.2 2.0 1.4 3.3
2017.6329 -9.58727 -37.301 -38.7 1.9 1.1 3.2
2017.6356 -14.3568 -33.0824 -41.4 1.4 1.0 3.1
2017.6384 -14.3568 -35.0807 -38.7 1.3 0.9 2.6
2017.6411 -9.82816 -35.9688 -28.8 1.9 1.1 3.4
2017.6438 -8.52737 -37.19 -32.4 2.6 1.5 4.4
2017.6466 -13.1524 -35.4137 -35.6 1.8 1.1 3.2
2017.6493 -11.8998 -35.1917 -33.2 1.3 0.9 2.7
2017.6521 -11.7071 -35.6358 -31.5 1.2 0.8 2.6
2017.6548 -13.3933 -34.8587 -36.7 1.3 0.9 2.6
2017.6575 -12.6706 -34.1926 -33.2 1.4 0.9 2.8
2017.6603 -14.3568 -35.5248 -34.7 1.3 0.9 2.7
2017.6630 -11.7552 -34.6366 -33.8 1.3 0.9 2.6
2017.6658 -13.1042 -34.4146 -28.2 1.6 1.1 3.1
2017.6685 -10.7917 -33.1934 -33.9 1.4 0.9 2.8
2017.6712 -10.4063 -38.9662 -31.8 1.5 1.1 2.9
2017.6740 -11.6589 -37.523 -38.9 1.4 0.9 2.9
2017.6767 -12.1407 -36.7459 -35.7 1.5 0.9 2.9
2017.6795 -5.78127 -36.7459 -32.7 1.3 0.9 2.6
2017.6822 -9.05732 -36.5239 -30.6 1.3 0.9 2.6
2017.6849 -16.1876 -33.6375 -32.8 1.7 1.0 3.2
2017.6877 -10.3099 -37.745 -36.4 2.1 1.5 3.7
2017.6904 -10.069 -37.412 -37.1 1.2 0.9 2.6
2017.6932 -12.767 -36.9679 -37 1.1 0.8 2.5
2017.6959 -18.9337 -37.745 -32.9 1.4 1.0 2.8
2017.6986 -16.0912 -35.0807 -49.2 1.5 1.0 2.9
2017.7014 -14.8868 -36.1908 -49.4 1.4 0.9 2.9
2017.7041 -14.8386 -39.7433 -40.7 1.7 1.2 3.2
2017.7068 -14.7904 -36.6349 -31.1 2.1 1.4 3.8
2017.7096 -7.32294 -41.2975 -34.9 2.0 1.2 3.6
2017.7123 -5.39585 -39.4103 -35.6 1.7 1.1 3.2
2017.7151 -6.9857 -38.3001 -37.1 1.6 1.0 2.9
2017.7178 -10.3099 -37.634 -35.5 1.2 0.9 2.7
2017.7205 -10.6472 -42.0746 -42 1.5 1.0 2.9
2017.7233 -12.5261 -39.2993 -36.1 1.3 0.9 2.7
2017.7260 -8.28649 -36.7459 -35.8 1.2 0.9 2.6
2017.7288 -9.29821 -37.523 -40.9 1.4 0.9 2.7
2017.7315 -12.3334 -37.8561 -37.4 1.2 0.8 2.6
2017.7342 -13.9232 -37.079 -38.7 1.3 0.9 2.7
2017.7370 -11.9961 -36.4129 -38.4 1.2 0.8 2.6
2017.7397 -11.0326 -37.634 -37.4 1.8 1.1 3.2
2017.7425 -21.6316 -39.6323 -41.7 1.9 1.3 3.7
2017.7452 -7.56383 -37.19 -46.9 1.5 1.0 3.0
2017.7479 -11.8516 -37.079 -44.9 1.5 1.0 2.9
2017.7507 -13.4415 -39.4103 -46.3 1.4 0.9 2.8
2017.7534 -12.9115 -38.8552 -40.5 1.3 0.9 2.7
2017.7562 -10.7435 -37.523 -38.5 1.4 0.9 2.8
2017.7589 -11.7071 -39.2993 -42.1 1.1 0.8 2.6
2017.7616 -14.8868 -37.19 -28.7 1.1 0.8 2.6
2017.7644 -12.7188 -38.7442 -30.7 1.4 0.9 2.8
2017.7671 -15.3685 -37.634 -43.9 1.2 0.8 2.6
2017.7699 -13.1524 -40.7425 -41.1 1.2 0.9 2.6
2017.7726 -14.8386 -38.5222 -41.6 1.1 0.8 2.5
2017.7753 -14.7422 -38.0781 -41.7 1.2 0.9 2.6
2017.7781 -11.8516 -39.6323 -42.3 1.6 1.1 3.0
2017.7808 -14.5977 -36.1908 -43.6 1.8 1.1 3.4
2017.7836 -13.7787 -37.19 -41.5 1.9 1.3 3.3
2017.7863 -11.6107 -34.5256 -31.3 1.7 1.2 3.3
2017.7890 -9.1055 -32.5274 -28.8 1.8 1.2 3.5
2017.7918 -13.056 -31.9723 -34.2 1.3 0.9 2.6
2017.7945 -10.9844 -30.4181 -36.2 1.2 0.9 2.6
2017.7973 -9.05732 -29.974 -36.3 1.2 0.9 2.6
2017.8000 -8.81644 -27.0876 -30.1 1.4 1.0 2.9
2017.8027 -5.97398 -26.3105 -32.1 1.4 1.0 3.0
2017.8055 -4.28777 -26.3105 -25.5 1.2 0.9 2.6
2017.8082 -4.28777 -28.9749 -36.5 1.2 0.9 2.7
2017.8110 -4.04689 -27.4207 -28.8 1.2 0.9 2.6
2017.8137 -6.9857 -25.0894 -29.3 1.4 1.1 3.1
2017.8164 -6.69664 -27.8647 -31.5 1.4 1.0 3.1
2017.8192 -3.13152 -24.6453 -32 1.4 1.0 3.0
2017.8219 -0.52995 -25.3114 -25.9 1.2 0.9 2.7
2017.8247 -3.32423 -24.5343 -28.2 1.2 0.9 2.7
2017.8274 -2.69793 -24.2012 -37.7 1.2 0.9 2.6
2017.8301 -2.69793 -23.8682 -34.9 1.1 0.8 2.6
2017.8329 -5.10679 -22.314 -34.2 1.2 0.9 2.7
2017.8356 -4.57684 -23.0911 -38.6 1.1 0.9 2.6
2017.8384 -2.21615 -23.4241 -37.8 1.3 0.9 2.8
2017.8411 -3.95053 -24.8673 -38.8 1.3 0.9 2.8
2017.8438 -4.72137 -24.9783 -33.8 1.2 0.9 2.7
2017.8466 -4.33595 -24.7563 -36.5 1.1 0.8 2.6
2017.8493 -3.32423 -24.8673 -34.5 1.1 0.8 2.6
2017.8521 -5.20314 -27.9757 -29.2 1.8 1.3 3.3
2017.8548 -6.88935 -23.3131 -26.1 2.4 1.5 4.2
2017.8575 -1.87891 -23.8682 -24 1.5 1.1 3.0
2017.8603 -3.32423 -21.5369 -22.9 1.5 1.1 3.0
2017.8630 -3.27605 -24.4233 -31.4 1.3 0.9 2.8
2017.8658 -1.6862 -23.9792 -28.1 1.1 0.8 2.5
2017.8685 -1.54167 -24.0902 -22.1 1.2 0.9 2.6
2017.8712 -3.13152 -24.7563 -26.9 1.4 1.0 2.8
2017.8740 -3.13152 -24.6453 -22.5 1.3 0.9 2.8
2017.8767 -1.58985 -23.9792 -23.5 1.3 1.0 2.8
2017.8795 0.770836 -22.647 -20.1 1.2 0.9 2.7
2017.8822 3.95053 -24.7563 -18.8 1.2 0.9 2.7
2017.8849 3.51694 -22.8691 -19.3 1.2 0.8 2.6
2017.8877 1.25261 -23.9792 -15.1 1.1 0.8 2.5
2017.8904 7.08206 -24.3123 -16.4 1.5 1.1 3.0
2017.8932 7.27476 -25.5334 -10.3 1.2 0.9 2.6
2017.8959 3.37241 -23.3131 -7.7 1.2 0.9 2.6
2017.8986 5.73309 -24.2012 -8.7 1.2 0.9 2.6
2017.9014 3.1797 -24.7563 -13.4 1.2 0.9 2.6
2017.9041 5.05861 -23.9792 -8.2 1.1 0.8 2.5
2017.9068 6.50393 -23.8682 4.1 1.1 0.8 2.6
2017.9096 6.26304 -22.425 -5.8 1.3 1.0 2.7
2017.9123 6.84117 -25.0894 0.6 1.2 0.9 2.6
2017.9151 8.38284 -25.7554 0.1 1.2 0.9 2.7
2017.9178 7.94924 -25.5334 -0.1 1.1 0.8 2.5
2017.9205 8.4792 -24.5343 0.9 1.1 0.8 2.5
2017.9233 6.64846 -26.0885 2 1.1 0.8 2.5
2017.9260 9.92451 -27.5317 8.8 1.3 1.0 2.8
2017.9288 10.6953 -25.6444 2.9 1.7 1.1 3.1
2017.9315 11.3217 -26.9766 5.1 1.3 0.9 2.8
2017.9342 9.39456 -20.7598 -4.5 1.2 0.9 2.7
2017.9370 3.56512 -21.4259 5.7 1.2 0.8 2.6
2017.9397 4.2396 -20.9818 -0.5 1.1 0.8 2.5
2017.9425 7.51565 -22.203 -3.5 1.1 0.8 2.5
2017.9452 0.915368 -21.9809 1.4 1.3 0.9 2.8
2017.9479 3.46876 -20.9818 -4.1 1.3 0.9 2.8
2017.9507 5.2995 -22.536 -4 1.1 0.9 2.6
2017.9534 8.0456 -23.0911 0 1.1 0.8 2.6
2017.9562 8.33466 -22.647 1.9 1.1 0.8 2.5
2017.9589 8.28649 -21.4259 -2 1.1 0.8 2.5
2017.9616 6.16669 -21.4259 5.9 1.5 1.1 3.2
2017.9644 4.38413 -24.5343 -0.7 1.3 0.9 2.7
2017.9671 5.05861 -23.4241 0.8 1.1 0.8 2.5
2017.9699 6.02216 -22.8691 3 1.2 0.9 2.7
2017.9726 7.90107 -22.8691 2.2 1.1 0.8 2.6
2017.9753 5.63674 -23.0911 3.2 1.1 0.8 2.5
2017.9781 3.90236 -23.2021 -0.8 1.2 0.9 2.7
2017.9808 7.46747 -22.536 -1 1.3 1.0 2.9
2017.9836 6.64846 -22.425 2.4 1.1 0.8 2.6
2017.9863 3.85418 -24.9783 2.1 1.2 0.9 2.6
2017.9890 3.1797 -18.8725 -2.1 1.1 0.9 2.6
2017.9918 5.10679 -23.3131 -4.9 1.1 0.9 2.6
2017.9945 4.48048 -23.8682 -0.2 1.1 0.8 2.5
2017.9973 4.14324 -24.6453 3.3 1.1 0.8 2.5
2018.0000 5.05861 -24.5343 6.4 1.1 0.8 2.5
2018.0027 7.22659 -24.4233 8.8 1.3 1.0 2.8
2018.0055 6.79299 -21.4259 9.2 1.1 0.8 2.5
2018.0082 5.15497 -22.8691 10 1.1 0.8 2.6
2018.0110 4.48048 -21.4259 6.2 1.2 0.9 2.6
2018.0137 5.58856 -22.092 8.2 1.1 0.8 2.6
2018.0164 4.57684 -19.9827 3.4 1.1 0.8 2.6
2018.0192 5.49221 -19.6496 3.3 1.1 0.8 2.5
2018.0219 3.99871 -18.5395 2 1.3 0.9 2.7
2018.0247 4.62502 -18.8725 -3 1.2 0.9 2.6
2018.0274 6.21486 -21.8699 -3 1.1 0.8 2.5
2018.0301 3.95053 -21.7589 0.4 1.1 0.8 2.5
2018.0329 4.8659 -20.8708 3 1.2 0.9 2.6
2018.0356 3.22788 -19.5386 6.3 1.2 0.9 2.6
2018.0384 6.3594 -22.647 3.2 1.2 0.9 2.7
2018.0411 -2.45704 -19.9827 6.1 1.2 0.9 2.7
2018.0438 5.87762 -21.3149 15 1.1 0.8 2.6
2018.0466 6.31122 -20.7598 14.6 1.1 0.8 2.5
2018.0493 11.5625 -21.7589 17.5 1.1 0.8 2.5
2018.0521 5.20314 -19.3166 21 1.2 0.9 2.8
2018.0548 2.16798 -20.7598 11.1 1.2 0.9 2.8
2018.0575 3.95053 -22.203 15.5 1.2 0.9 2.7
2018.0603 5.97398 -21.8699 13.4 1.2 0.9 2.7
2018.0630 4.67319 -22.758 15.2 1.1 0.8 2.6
2018.0658 2.1198 -21.9809 18.1 1.2 0.9 2.6
2018.0685 3.61329 -21.3149 15.7 1.4 0.9 2.8
2018.0712 0.289063 -22.758 16.9 1.2 0.9 2.7
2018.0740 3.22788 -23.6462 10.8 1.2 0.9 2.7
2018.0767 1.78256 -23.7572 15.9 1.2 0.9 2.7
2018.0795 1.4935 -23.4241 17.8 1.2 0.9 2.7
2018.0822 -0.0481767 -22.314 19.2 1.2 0.9 2.7
2018.0849 -2.16798 -23.4241 13.7 1.3 0.9 2.8
2018.0877 0.674481 -24.0902 10.3 1.2 0.8 2.7
2018.0904 1.30079 -22.758 16.1 1.2 0.9 2.6
2018.0932 -0.337241 -24.5343 16.6 1.2 0.9 2.6
2018.0959 -4.57684 -23.8682 22.2 1.2 0.8 2.6
2018.0986 -1.97527 -21.6479 19.1 1.3 0.9 2.7
2018.1014 -1.01172 -22.9801 22.7 1.2 0.9 2.7
2018.1041 0.144532 -21.9809 14.6 1.1 0.8 2.6
2018.1068 -1.15625 -20.2047 11.4 1.2 0.9 2.6
2018.1096 0.144532 -19.8717 16.5 1.1 0.8 2.6
2018.1123 0.144532 -18.9835 16.4 1.2 0.9 2.6
2018.1151 -1.87891 -18.9835 23.1 1.1 0.8 2.6
2018.1178 -5.05861 -20.0937 27.7 1.1 0.8 2.6
2018.1205 -5.25132 -19.0946 27.5 1.1 0.8 2.7
2018.1233 -1.73438 -20.9818 21.5 1.1 0.8 2.7
2018.1260 -3.75783 -22.092 22.5 1.4 1.0 2.8
2018.1288 -5.49221 -20.3157 16.7 1.2 0.9 2.6
2018.1315 -9.82816 -17.9844 24 1.4 1.0 3.0
2018.1342 -11.9961 -18.8725 21.7 1.3 1.0 2.8
2018.1370 -7.08206 -20.9818 29.8 1.4 1.0 2.8
2018.1397 -1.20443 -20.9818 22.5 1.1 0.8 2.6
2018.1425 -2.21615 -21.3149 21.7 1.2 0.9 2.6
2018.1452 -3.46876 -21.3149 26.8 1.2 0.9 2.7
2018.1479 -2.21615 -18.8725 26.9 1.5 1.1 3.2
2018.1507 -6.45575 -20.8708 26.7 1.3 0.9 2.8
2018.1534 -4.04689 -19.2056 24.1 1.1 0.8 2.6
2018.1562 -3.37241 -20.6488 28.5 1.2 0.9 2.7
2018.1589 -4.38413 -21.0928 27.8 1.4 1.1 3.1
2018.1616 -4.62502 -20.7598 23.4 1.2 0.9 2.6
2018.1644 -2.98699 -20.4267 10.5 1.2 0.9 2.7
2018.1671 -2.7461 -19.2056 15.9 1.1 0.9 2.6
2018.1699 0.385418 -21.8699 19.3 1.1 0.9 2.6
2018.1726 -0.0481767 -18.6505 24.4 1.2 0.9 2.7
2018.1753 1.10808 -19.9827 15.4 1.2 0.9 2.7
2018.1781 -1.39714 -18.7615 22.5 1.1 0.9 2.6
2018.1808 0.0481767 -19.7606 24.3 1.1 0.8 2.6
2018.1836 -3.27605 -18.0954 29.7 1.1 0.9 2.7
2018.1863 -0.240886 -17.7624 29.6 1.2 0.9 2.7
2018.1890 1.83074 -19.0946 33.4 1.4 1.1 3.1
2018.1918 -1.0599 -19.5386 23 1.2 0.9 2.6
2018.1945 -2.16798 -18.4285 22.6 1.1 0.8 2.5
2018.1973 -1.30079 -20.7598 30.1 1.2 0.9 2.8
2018.2000 -0.385418 -19.4276 30 1.3 0.9 2.8
2018.2027 -4.04689 -20.5377 32.5 1.4 1.0 2.9
2018.2055 0.867191 -18.0954 29.9 1.5 1.1 3.1
2018.2082 -3.61329 -22.314 22.6 1.2 0.9 2.7
2018.2110 -2.40886 -20.5377 28.7 1.5 1.0 2.9
2018.2137 -2.55339 -21.0928 26.3 1.3 1.0 3.0
2018.2164 -2.69793 -20.8708 25.2 1.1 0.8 2.6
2018.2192 -3.75783 -19.5386 16.9 1.1 0.8 2.5
2018.2219 -2.26433 -20.0937 15.8 1.1 0.8 2.5
2018.2247 -3.61329 -21.2038 17.4 1.2 0.9 2.6
2018.2274 -7.51565 -22.425 27.9 1.3 0.9 2.8
2018.2301 -6.21486 -22.425 29.2 1.3 1.1 2.9
2018.2329 -7.17841 -20.2047 22.6 1.3 1.0 2.9
2018.2356 -8.76826 -23.2021 25.6 1.3 1.0 2.8
2018.2384 -3.46876 -22.425 18.8 1.1 0.8 2.5
2018.2411 -6.02215 -23.7572 23.9 1.1 0.8 2.6
2018.2438 -6.02215 -22.314 23 1.1 0.8 2.6
2018.2466 -7.46747 -21.0928 22.6 1.1 0.8 2.6
2018.2493 -6.88935 -20.6488 22.8 1.1 0.9 2.7
2018.2521 -8.6719 -24.2012 13.2 1.1 0.8 2.5
2018.2548 -6.55211 -21.6479 20.3 1.1 0.8 2.5
2018.2575 -10.4545 -23.7572 18.9 1.2 0.9 2.6
2018.2603 -8.14195 -21.2038 19.1 1.2 0.9 2.6
2018.2630 -6.69664 -23.9792 29 1.1 0.9 2.6
2018.2658 -8.09378 -22.536 23.5 1.1 0.8 2.6
2018.2685 -8.38284 -23.0911 25.9 1.1 0.8 2.5
2018.2712 -7.80471 -23.2021 26.2 1.3 1.0 2.8
2018.2740 -8.91279 -23.8682 33 1.5 1.2 3.2
2018.2767 -8.81644 -22.203 29.8 1.2 1.0 2.8
2018.2795 -10.069 -24.8673 36.2 1.2 0.9 2.7
2018.2822 -10.7917 -24.2012 27.8 1.4 1.2 2.9
2018.2849 -9.20185 -24.0902 28.3 1.1 0.8 2.5
2018.2877 -12.767 -22.758 33.8 1.2 0.9 2.7
2018.2904 -13.0079 -23.5351 20.6 1.2 0.9 2.7
2018.2932 -13.2969 -23.3131 28.2 1.1 0.9 2.7
2018.2959 -8.86461 -23.9792 28.7 1.2 1.0 2.9
2018.2986 -9.82816 -24.8673 32.4 1.1 0.9 2.6
2018.3014 -8.09378 -23.9792 30.6 1.8 1.2 3.4
2018.3041 -12.9115 -25.8665 33.8 1.3 1.0 2.9
2018.3068 -11.0808 -24.9783 31 1.2 0.9 2.7
2018.3096 -11.3217 -24.4233 29.5 1.1 0.8 2.6
2018.3123 -12.7188 -26.8656 37.8 1.2 0.9 2.6
2018.3151 -11.4662 -27.0876 37.6 1.2 0.9 2.7
2018.3178 -15.2722 -26.0885 35.3 1.2 0.9 2.8
2018.3205 -11.8998 -26.8656 30.1 1.1 0.9 2.7
2018.3233 -11.1771 -26.1995 35 1.2 0.9 2.6
2018.3260 -11.6107 -26.9766 33.1 1.1 0.8 2.6
2018.3288 -10.7917 -26.7546 34.5 1.1 0.9 2.7
2018.3315 -16.573 -26.8656 28.1 1.2 0.9 2.7
2018.3342 -12.7188 -28.7528 31.1 1.2 0.9 2.8
2018.3370 -14.2123 -25.6444 31.1 1.2 0.8 2.7
2018.3397 -13.8269 -26.8656 30.5 1.1 0.8 2.7
2018.3425 -13.9232 -27.5317 39.6 1.6 1.0 2.9
2018.3452 -18.5001 -27.8647 23.8 1.5 1.2 3.4
2018.3479 -14.5495 -31.1952 32 1.5 1.1 3.1
2018.3507 -11.948 -28.6418 34.4 1.4 1.0 2.8
2018.3534 -14.3086 -27.9757 35.8 1.4 1.0 2.9
2018.3562 -11.7552 -29.0859 42.9 1.4 1.1 3.0
2018.3589 -15.7058 -24.5343 44.8 1.5 1.1 3.0
2018.3616 -29.0991 -12.7667 38.6 1.3 1.0 2.8
2018.3644 -26.1602 -13.7658 38.2 1.3 1.0 2.9
2018.3671 -25.1485 -14.0989 36.9 1.1 0.8 2.6
2018.3699 -27.1238 -17.8734 31.9 1.1 0.9 2.6
2018.3726 -27.7501 -22.9801 24.3 1.1 0.9 2.6
2018.3753 -29.5808 -26.8656 24.2 1.4 1.0 2.8
2018.3781 -35.6993 -29.1969 32.2 1.2 0.9 2.7
2018.3808 -37.3374 -25.7554 28.9 1.1 0.8 2.5
2018.3836 -36.9038 -25.5334 28.3 1.2 0.9 2.6
2018.3863 -34.0131 -21.5369 30 1.1 0.8 2.5
2018.3890 -34.254 -21.3149 26.4 1.2 0.9 2.6
2018.3918 -37.1928 -22.758 33.5 1.2 0.9 2.7
2018.3945 -35.9402 -23.6462 20.8 1.1 0.9 2.6
2018.3973 -37.2892 -23.9792 29.9 1.1 0.8 2.5
2018.4000 -37.6746 -24.5343 23.1 1.1 0.8 2.5
2018.4027 -37.4337 -24.2012 16.4 1.1 0.9 2.7
2018.4055 -38.3009 -26.0885 17.2 1.2 0.9 2.7
2018.4082 -36.422 -28.9749 17.4 1.1 0.9 2.6
2018.4110 -44.5158 -40.4094 17.6 1.1 0.9 2.6
2018.4137 -43.4559 -42.9627 18.5 1.1 0.9 2.6
2018.4164 -41.5288 -40.1874 13.4 1.7 1.2 3.3
2018.4192 -43.1668 -39.6323 10.5 1.4 1.1 3.1
2018.4219 -44.6603 -40.7425 8.7 1.2 0.9 2.7
2018.4247 -47.021 -43.8509 15.5 1.1 0.8 2.5
2018.4274 -46.5392 -44.0729 14 1.2 0.9 2.8
2018.4301 -48.6108 -44.4059 15.2 1.1 0.8 2.5
2018.4329 -46.1538 -42.8517 11.6 1.2 0.9 2.6
2018.4356 -44.6603 -44.739 12.8 1.2 0.9 2.6
2018.4384 -50.9715 -44.4059 9.1 1.1 0.9 2.6
2018.4411 -53.7176 -44.961 3.8 1.1 0.8 2.5
2018.4438 -51.8387 -46.5152 9.5 1.1 0.8 2.6
2018.4466 -52.5614 -47.2923 -0.6 1.1 0.8 2.5
2018.4493 -55.3075 -46.4042 -0.4 1.1 0.8 2.6
2018.4521 -57.0419 -47.7364 -3 1.2 0.9 2.6
2018.4548 -59.1617 -50.2897 4.5 1.1 0.8 2.5
2018.4575 -60.3661 -46.5152 4.5 1.1 0.8 2.5
2018.4603 -58.8726 -50.4007 -3 1.1 0.9 2.6
2018.4630 -54.4885 -50.4007 -4.4 1.5 1.0 3.0
2018.4658 -57.62 -52.399 0.3 1.2 0.9 2.8
2018.4685 -62.6304 -50.9558 2.1 1.2 0.9 2.7
2018.4712 -58.7281 -51.8439 -7.4 1.1 0.8 2.5
2018.4740 -59.8361 -56.7286 -10.2 1.1 0.8 2.6
2018.4767 -50.3452 -53.7312 -21 1.7 1.1 3.3
2018.4795 -57.3791 -54.9524 -9.7 1.3 0.9 2.7
2018.4822 -57.3309 -55.9515 -12.9 1.4 0.9 2.7
2018.4849 -59.4025 -57.0616 -15.5 1.8 1.1 3.3
2018.4877 -57.5236 -58.6158 -20.7 1.3 0.9 2.6
2018.4904 -60.9442 -58.7269 -19.8 1.1 0.8 2.5
2018.4932 -55.9338 -58.1718 -17 1.1 0.8 2.5
2018.4959 -60.2697 -57.7277 -14.6 1.1 0.8 2.5
2018.4986 -59.3544 -57.6167 -18.1 1.1 0.8 2.6
2018.5014 -58.7762 -57.9498 -24.6 1.1 0.8 2.5
2018.5041 -61.5705 -55.6184 -25.5 1.1 0.8 2.5
2018.5068 -59.4989 -61.2802 -20.6 1.3 0.9 2.6
2018.5096 -54.8739 -59.1709 -11.4 1.5 0.9 2.8
2018.5123 -60.4143 -57.9498 -23 1.3 0.9 2.6
2018.5151 -55.7411 -59.726 -18.4 1.2 0.9 2.7
2018.5178 -57.8609 -60.9472 -18 1.2 0.9 2.6
2018.5205 -55.7892 -59.2819 -18.9 1.1 0.8 2.5
2018.5233 -57.8609 -59.0599 -26.4 1.3 0.9 2.7
2018.5260 -58.8726 -59.0599 -16.8 1.3 0.9 2.6
2018.5288 -63.3049 -60.5031 -24.6 1.2 0.8 2.6
2018.5315 -63.3049 -59.0599 -27.5 1.4 0.9 2.7
2018.5342 -60.2216 -62.0573 -24.8 1.3 0.9 2.6
2018.5370 -61.6669 -60.9472 -22.4 1.2 0.8 2.6
2018.5397 -62.0523 -61.3912 -17.8 1.5 0.9 2.8
2018.5425 -61.6187 -62.5014 -24.5 1.3 0.9 2.8
2018.5452 -61.1369 -60.7251 -27.2 1.1 0.8 2.5
2018.5479 -61.0887 -61.1692 -32.3 1.1 0.8 2.5
2018.5507 -61.4742 -60.9472 -24.7 1.4 0.9 2.7
2018.5534 -59.1617 -60.7251 -33.6 1.6 1.0 3.2
2018.5562 -62.1968 -63.0564 -27.6 1.3 0.9 2.6
2018.5589 -60.7997 -62.2793 -34.6 1.1 0.8 2.5
2018.5616 -59.1135 -63.1675 -38 1.4 0.9 2.9
2018.5644 -62.0523 -66.8309 -32.7 1.4 1.0 2.9
2018.5671 -61.3296 -65.1657 -34.1 1.1 0.8 2.5
2018.5699 -61.7632 -65.4988 -25.2 1.1 0.8 2.5
2018.5726 -62.1968 -67.053 -38.4 1.3 0.8 2.6
2018.5753 -64.6057 -66.7199 -43 1.4 0.9 2.7
2018.5781 -62.9195 -68.7182 -42.9 1.1 0.8 2.6
2018.5808 -61.0887 -68.7182 -45.6 1.1 0.8 2.7
2018.5836 -59.4989 -70.1614 -42.5 1.2 0.8 2.6
2018.5863 -59.4989 -70.7165 -42.4 1.3 0.9 2.7
2018.5890 -59.9807 -71.3826 -39.3 1.3 0.9 2.6
2018.5918 -57.6682 -72.1597 -45.6 1.3 0.9 2.6
2018.5945 -60.5106 -75.6011 -37.5 1.3 0.9 2.6
2018.5973 -61.2333 -74.2689 -30.9 1.1 0.8 2.5
2018.6000 -54.4403 -76.2672 -35 1.4 0.9 2.7
2018.6027 -60.4143 -75.2681 -40 1.4 0.9 2.6
2018.6055 -60.5588 -77.5994 -50.7 1.3 0.9 2.6
2018.6082 -59.2098 -75.8231 -52.4 1.1 0.8 2.5
2018.6110 -57.9572 -78.2655 -48.4 1.4 0.9 2.8
2018.6137 -56.7528 -77.1553 -52.3 1.3 0.9 2.6
2018.6164 -58.0536 -77.8214 -46.1 1.3 0.9 2.6
2018.6192 -58.5835 -77.8214 -48.6 1.2 0.8 2.5
2018.6219 -56.5601 -77.5994 -51.4 1.6 1.0 2.9
2018.6247 -57.09 -76.8223 -39.9 1.8 1.1 3.3
2018.6274 -55.6929 -76.3782 -46.6 1.6 1.1 3.2
2018.6301 -54.5848 -78.3765 -50.2 1.5 1.0 2.8
2018.6329 -54.4885 -76.6002 -56.8 1.3 0.9 2.7
2018.6356 -61.5705 -79.8197 -57.1 1.5 1.0 2.9
2018.6384 -57.6682 -76.7113 -49.3 1.2 0.9 2.6
2018.6411 -54.1994 -76.2672 -59.5 1.3 0.9 2.8
2018.6438 -53.5731 -78.7095 -61.8 1.2 0.9 2.7
2018.6466 -57.2827 -80.4858 -59.2 1.4 1.0 2.9
2018.6493 -53.4286 -80.4858 -58 1.1 0.9 2.6
2018.6521 -55.5002 -77.4884 -55.3 2.1 1.5 4.1
2018.6548 -58.3426 -77.4884 -59 1.7 1.2 3.1
2018.6575 -52.0314 -78.1545 -56.6 1.5 1.0 2.9
2018.6603 -56.6564 -78.0434 -56.8 1.3 0.9 2.7
2018.6630 -52.3687 -78.2655 -53.7 1.2 0.9 2.6
2018.6658 -55.7892 -78.7095 -50.8 1.2 0.9 2.6
2018.6685 -57.6682 -78.4875 -50.9 1.1 0.9 2.6
2018.6712 -46.7801 -63.5005 -59.4 1.2 0.9 2.6
2018.6740 -40.228 -55.7295 -60.6 1.2 0.9 2.6
2018.6767 -45.7202 -51.1778 -49.1 1.3 0.9 2.7
2018.6795 -40.4689 -54.2863 -61.5 1.6 1.1 3.1
2018.6822 -40.7098 -56.0625 -52.3 1.3 0.9 2.8
2018.6849 -39.1199 -54.1752 -59.5 1.2 0.9 2.7
2018.6877 -41.6733 -54.3973 -59.8 1.2 0.9 2.7
2018.6904 -39.698 -55.3964 -58 1.2 0.9 2.6
2018.6932 -42.1551 -53.6202 -59.2 1.4 1.1 3.0
2018.6959 -36.0848 -56.6176 -56.5 1.7 1.2 3.1
2018.6986 -38.3009 -55.5074 -60.2 1.3 0.9 2.7
2018.7014 -41.5288 -53.8422 -56.6 1.8 1.2 3.2
2018.7041 -40.6616 -54.9524 -65.6 1.5 1.1 3.0
2018.7068 -37.9155 -53.5092 -61.8 1.4 0.9 2.8
2018.7096 -38.3009 -53.5092 -65.7 1.2 0.9 2.6
2018.7123 -40.7579 -53.8422 -57.5 1.3 0.9 2.8
2018.7151 -41.7215 -53.6202 -56.7 1.3 0.9 2.8
2018.7178 -40.8543 -55.5074 -64.7 1.2 0.9 2.6
2018.7205 -39.409 -54.7303 -61.7 1.2 0.9 2.6
2018.7233 -38.6863 -54.5083 -63.6 1.2 0.9 2.6
2018.7260 -35.5066 -54.0642 -55.4 1.8 1.2 3.6
2018.7288 -39.8908 -54.2863 -56.7 1.7 1.2 3.2
2018.7315 -41.1915 -54.2863 -51.5 1.3 0.9 2.8
2018.7342 -39.1199 -53.5092 -57.2 1.4 1.0 2.9
2018.7370 -43.3113 -52.288 -62 1.4 1.0 2.9
2018.7397 -40.4207 -54.3973 -64.6 1.2 0.9 2.7
2018.7425 -37.9155 -54.1752 -63 1.3 0.9 2.6
2018.7452 -43.5041 -55.2854 -63.1 1.3 0.9 2.8
2018.7479 -41.4324 -54.5083 -63.8 1.1 0.9 2.6
2018.7507 -46.7801 -51.2889 -62.5 1.3 1.0 2.8
2018.7534 -39.9389 -55.1744 -58.9 1.2 0.9 2.7
2018.7562 -39.3608 -52.9541 -59.5 1.1 0.9 2.5
2018.7589 -39.1199 -51.6219 -59 1.1 0.9 2.6
2018.7616 -39.8908 -49.8457 -58.4 1.3 1.0 2.7
2018.7644 -39.0717 -48.0694 -54.2 1.2 0.9 2.6
2018.7671 -38.9754 -44.739 -61.6 1.5 1.2 3.2
2018.7699 -33.7241 -43.9619 -58.5 1.7 1.2 3.3
2018.7726 -34.1095 -46.7373 -52.8 1.4 1.0 3.0
2018.7753 -39.1681 -45.183 -53.4 1.4 1.1 3.1
2018.7781 -36.8556 -45.8491 -58.6 1.3 1.0 2.8
2018.7808 -35.9402 -44.628 -54.1 1.2 0.9 2.7
2018.7836 -37.5783 -42.1856 -59.1 1.4 1.0 3.0
2018.7863 -32.3751 -42.7407 -47.7 1.3 0.9 2.8
2018.7890 -33.2423 -45.4051 -54 1.2 1.0 2.7
2018.7918 -37.4819 -47.6254 -48 1.2 1.0 2.7
2018.7945 -36.0848 -44.739 -46.4 1.2 0.9 2.7
2018.7973 -36.1329 -42.9627 -49.2 1.1 0.9 2.6
2018.8000 -33.7241 -45.6271 -52.2 1.1 0.8 2.6
2018.8027 -32.7123 -45.2941 -48.3 1.1 0.8 2.6
2018.8055 -34.7358 -41.8526 -43 1.1 1.0 2.7
2018.8082 -30.978 -42.4077 -42.6 1.3 0.9 2.7
2018.8110 -32.1342 -45.6271 -47.2 1.2 0.9 2.7
2018.8137 -33.6277 -43.2958 -51.4 1.3 1.0 2.8
2018.8164 -33.0978 -44.1839 -40.8 1.2 0.9 2.7
2018.8192 -33.0978 -44.4059 -44.4 1.1 0.9 2.6
2018.8219 -30.3035 -43.9619 -46.8 1.2 0.9 2.7
2018.8247 -30.3035 -42.8517 -48.4 1.1 0.9 2.6
2018.8274 -32.086 -44.4059 -47.2 1.1 0.9 2.6
2018.8301 -30.2553 -43.0738 -42.3 1.1 0.8 2.6
2018.8329 -30.2553 -42.0746 -45.2 1.1 0.9 2.6
2018.8356 -29.629 -39.8543 -48.2 1.2 0.9 2.8
2018.8384 -27.7501 -41.0755 -47.7 1.1 0.9 2.7
2018.8411 -26.1602 -41.4085 -45.9 1.1 0.9 2.6
2018.8438 -30.0626 -39.1882 -45.6 1.3 1.0 2.7
2018.8466 -29.8699 -38.1891 -42 1.8 1.3 3.5
2018.8493 -28.28 -41.5196 -43.2 1.2 0.9 2.8
2018.8521 -25.5821 -40.7425 -40.9 1.2 0.9 2.7
2018.8548 -28.3764 -39.7433 -35.3 1.2 0.9 2.7
2018.8575 -24.8113 -38.3001 -31.2 1.2 0.9 2.7
2018.8603 -25.7266 -38.6332 -32.5 1.2 1.0 2.8
2018.8630 -24.7631 -38.5222 -39.8 1.1 0.9 2.6
2018.8658 -21.3425 -37.745 -27.8 1.3 1.0 3.0
2018.8685 -21.9688 -38.1891 -29.6 1.1 0.9 2.6
2018.8712 -22.2097 -37.412 -30.6 1.1 0.8 2.5
2018.8740 -21.4871 -38.9662 -42.6 1.1 0.8 2.6
2018.8767 -20.0417 -39.4103 -42.3 1.1 0.8 2.6
2018.8795 -21.2462 -37.634 -37.7 1.1 0.9 2.6
2018.8822 -22.2579 -39.7433 -31.7 1.2 0.9 2.7
2018.8849 -22.7878 -40.2984 -30.1 1.2 0.9 2.8
2018.8877 -22.6433 -39.0772 -27.8 1.3 0.9 2.7
2018.8904 -21.9688 -41.7416 -29.3 1.3 0.9 2.8
2018.8932 -20.5235 -41.9636 -19.2 1.1 0.9 2.7
2018.8959 -22.5951 -43.6288 -26.3 1.1 0.9 2.7
2018.8986 -21.6798 -44.628 -26.3 1.2 0.9 2.7
2018.9014 -20.2344 -44.1839 -23.1 1.2 0.9 2.7
2018.9041 -21.6316 -42.7407 -30.4 1.1 0.9 2.7
2018.9068 -21.8243 -43.2958 -17.4 1.2 0.9 2.7
2018.9096 -21.8725 -45.8491 -22.4 1.1 0.9 2.7
2018.9123 -21.7761 -44.961 -21.4 1.1 0.9 2.7
2018.9151 -19.7527 -46.2932 -17.6 1.2 0.9 2.7
2018.9178 -23.655 -45.8491 -22.4 1.2 0.9 2.7
2018.9205 -21.3425 -43.2958 -23.1 1.3 1.0 2.8
2018.9233 -21.8725 -45.183 -22.2 1.3 1.0 2.9
2018.9260 -22.6915 -47.7364 -25.5 1.2 0.9 2.7
2018.9288 -21.5834 -46.8483 -27.6 1.2 0.9 2.6
2018.9315 -21.1016 -45.2941 -16.8 1.2 0.9 2.7
2018.9342 -20.7644 -46.1822 -13.7 1.3 1.0 2.8
2018.9370 -22.017 -44.628 -13.8 1.2 0.9 2.8
2018.9397 -22.5951 -50.6228 -4.9 1.2 0.9 2.7
2018.9425 -19.6081 -50.7338 -12.1 1.2 0.9 2.7
2018.9452 -19.9454 -49.0686 -8.6 1.2 0.9 2.8
2018.9479 -21.1498 -47.1813 -10.1 1.1 0.8 2.6
2018.9507 -19.1264 -48.8465 -12.6 1.1 0.8 2.6
2018.9534 -21.2462 -48.6245 -17.5 1.2 0.9 2.6
2018.9562 -17.7292 -49.7347 -14.8 1.1 0.8 2.6
2018.9589 -17.7292 -49.7347 -14.8 1.2 0.9 2.6
2018.9616 -18.6928 -50.8448 -13.4 1.2 0.9 2.6
2018.9644 -18.6928 -48.8465 -9.5 1.2 0.9 2.7
2018.9671 -20.2826 -48.2915 -9.5 1.2 0.9 2.7
2018.9699 -19.1745 -50.5118 -9.6 1.2 0.9 2.7
2018.9726 -19.6563 -50.0677 -12.7 1.2 0.9 2.6
2018.9753 -19.9454 -50.5118 -14.7 1.1 0.8 2.6
2018.9781 -20.1381 -49.8457 -16.8 1.1 0.8 2.7
2018.9808 -20.4272 -48.9576 -16.9 1.1 0.8 2.7
2018.9836 -20.2344 -49.9567 -13.7 1.1 0.8 2.6
2018.9863 -18.5964 -49.4016 -13.4 1.2 0.9 2.7
2018.9890 -17.7292 -51.3999 -9.9 1.1 0.9 2.6
2018.9918 -18.3555 -50.1787 -5.2 1.4 1.0 3.0
2018.9945 -21.3907 -50.6228 -12.3 1.2 0.9 2.8
2018.9973 -18.4037 -50.5118 -9.1 1.2 0.9 2.8
2019.0000 -17.1029 -52.51 -0.4 1.3 0.9 2.8
2019.0027 -20.379 -48.0694 -1 1.3 1.0 2.8
2019.0055 -23.366 -49.7347 7.2 1.1 0.8 2.7
2019.0082 -24.474 -45.2941 0.7 1.2 0.8 2.7
2019.0110 -23.9441 -47.1813 -3.3 1.3 0.9 2.9
2019.0137 -21.3907 -44.517 -6 1.4 1.0 2.8
2019.0164 -20.668 -44.628 -4.7 1.2 0.9 2.7
2019.0192 -22.547 -43.1848 -0.6 1.2 0.9 2.7
2019.0219 -25.004 -44.961 -5.3 1.2 0.9 2.7
2019.0247 -23.2214 -44.85 -0.9 1.2 0.9 2.7
2019.0274 -22.1134 -44.739 -3.3 1.2 0.9 2.7
2019.0301 -21.9206 -43.5178 8.2 1.2 0.9 2.7
2019.0329 -19.8972 -43.8509 9.5 1.2 0.9 2.6
2019.0356 -20.3308 -44.2949 0.1 1.2 0.8 2.6
2019.0384 -22.1615 -45.2941 1.1 1.2 0.9 2.7
2019.0411 -23.3178 -45.5161 -1.6 1.2 0.8 2.7
2019.0438 -23.6068 -44.739 5.4 1.2 0.9 2.7
2019.0466 -20.7644 -44.0729 8.7 1.1 0.8 2.6
2019.0493 -24.0404 -43.4068 7.6 1.3 0.9 2.7
2019.0521 -24.5222 -43.6288 10.7 1.2 0.9 2.7
2019.0548 -26.4011 -45.072 9.7 1.2 0.9 2.8
2019.0575 -26.9793 -44.85 10 1.2 0.9 2.7
2019.0603 -25.2449 -46.0712 12.3 1.2 0.9 2.7
2019.0630 -27.3647 -45.2941 13.1 1.4 1.0 2.9
2019.0658 -25.4858 -45.183 16.6 1.4 1.0 2.9
2019.0685 -27.3165 -45.183 22 1.4 1.0 2.9
2019.0712 -25.9675 -43.0738 24.3 1.3 0.9 2.9
2019.0740 -28.2319 -44.1839 15.4 1.3 0.9 2.8
2019.0767 -25.2449 -42.9627 23 1.1 0.8 2.6
2019.0795 -26.2566 -43.7399 20.6 1.2 0.8 2.6
2019.0822 -26.5938 -44.85 24.5 1.1 0.8 2.6
2019.0849 -26.7384 -45.4051 18.9 1.4 1.0 3.0
2019.0877 -27.3647 -41.7416 12.4 1.5 1.1 3.2
2019.0904 -28.0873 -45.183 19.2 1.5 1.0 3.1
2019.0932 -29.4363 -46.1822 20.7 1.4 1.0 3.0
2019.0959 -28.6173 -47.5144 26.8 1.2 0.9 2.7
2019.0986 -28.9063 -44.2949 29.1 1.2 0.9 2.7
2019.1014 -29.0027 -46.0712 28.7 1.3 0.9 2.7
2019.1041 -29.5808 -46.8483 22.6 1.1 0.9 2.6
2019.1068 -30.8334 -46.7373 21.7 1.2 0.9 2.7
2019.1096 -32.4715 -45.6271 23.1 1.3 0.9 2.8
2019.1123 -34.0613 -44.739 21.5 1.1 0.9 2.7
2019.1151 -34.784 -43.5178 28.9 1.3 1.0 2.8
2019.1178 -31.9897 -43.4068 27.8 1.2 0.9 2.9
2019.1205 -35.073 -43.2958 16.4 1.4 1.0 3.0
2019.1233 -35.5066 -42.1856 21.8 1.3 0.9 2.7
2019.1260 -32.2306 -42.4077 29.4 1.2 0.9 2.7
2019.1288 -34.4949 -41.9636 27.9 1.1 0.9 2.7
2019.1315 -33.6759 -43.7399 21.5 1.1 0.9 2.7
2019.1342 -32.1824 -36.4129 30.4 1.2 1.0 2.8
2019.1370 -28.1355 -35.7468 36 1.1 0.9 2.6
2019.1397 -28.3282 -34.0816 28.3 1.1 0.9 2.6
2019.1425 -27.8464 -33.4155 31.9 1.3 1.0 2.8
2019.1452 -26.8829 -34.4146 32.6 1.1 0.9 2.6
2019.1479 -27.3647 -36.1908 26.7 1.1 0.8 2.6
2019.1507 -29.3881 -36.9679 29.2 1.1 0.8 2.6
2019.1534 -30.3035 -32.7494 24.9 1.1 0.9 2.6
2019.1562 -33.3387 -33.0824 26.9 1.2 0.9 2.7
2019.1589 -27.991 -34.0816 30.7 1.3 1.0 2.8
2019.1616 -24.8113 -30.9731 30 1.5 1.1 3.1
2019.1644 -26.9311 -32.9714 25.9 1.5 1.2 3.0
2019.1671 -28.0873 -33.7485 34.5 1.3 1.0 3.0
2019.1699 -30.1108 -34.6366 27.1 1.2 0.9 2.7
2019.1726 -29.5808 -33.9705 24.9 1.4 1.1 3.0
2019.1753 -26.6902 -34.0816 25.9 1.1 0.9 2.6
2019.1781 -25.9194 -32.8604 37.8 1.2 0.9 2.7
2019.1808 -28.5209 -32.7494 38.8 1.1 0.9 2.7
2019.1836 -31.1225 -32.9714 35.3 1.2 0.9 2.8
2019.1863 -31.2189 -34.5256 35.3 1.2 0.9 2.7
2019.1890 -28.4728 -33.4155 40.2 1.2 0.9 2.8
2019.1918 -29.4363 -33.9705 45.9 1.2 0.9 2.7
2019.1945 -31.9415 -34.1926 40.5 1.3 1.0 2.8
2019.1973 -33.1941 -34.3036 31 1.2 0.9 2.7
2019.2000 -29.2918 -32.7494 34.8 1.3 1.0 2.8
2019.2027 -32.9532 -35.0807 40.1 1.3 1.1 3.0
2019.2055 -30.3998 -30.085 38.9 1.2 1.0 2.8
2019.2082 -31.5561 -32.0833 47.4 1.6 1.4 3.7
2019.2110 -35.892 -34.9697 48.2 1.1 0.9 2.7
2019.2137 -40.7579 -32.5274 43.7 1.1 0.9 2.7
2019.2164 -34.5913 -36.4129 47.2 1.2 0.9 2.7
2019.2192 -37.0965 -35.3027 39.1 1.1 0.9 2.6
2019.2219 -31.8452 -35.0807 46.9 1.2 0.9 2.8
2019.2247 -33.0014 -34.5256 43.6 1.1 0.9 2.6
2019.2274 -32.9532 -38.5222 41.1 1.1 0.9 2.6
2019.2301 -36.6147 -37.079 44.6 1.1 0.9 2.6
2019.2329 -35.7475 -35.5248 42.3 1.1 0.9 2.7
2019.2356 -35.7957 -36.8569 45.2 1.2 1.0 2.8
2019.2384 -35.5548 -38.0781 39.2 1.3 1.0 2.8
2019.2411 -37.6746 -35.3027 47.1 1.2 1.0 2.8
2019.2438 -34.6876 -37.9671 41.2 1.1 0.9 2.8
2019.2466 -34.6876 -37.301 34 1.4 1.1 3.2
2019.2493 -41.3361 -36.7459 38.7 1.3 1.0 3.0
2019.2521 -36.5665 -37.8561 38.8 1.1 0.9 2.7
2019.2548 -38.8309 -38.1891 42.6 1.4 1.1 3.1
2019.2575 -37.1447 -38.3001 40.1 1.4 1.1 3.1
2019.2603 -35.8439 -38.3001 40.3 1.4 1.1 3.0
2019.2630 -32.8087 -39.6323 42.2 1.2 0.9 2.8
2019.2658 -36.3738 -40.2984 48.7 1.3 1.0 2.9
2019.2685 -39.0717 -39.2993 45.6 1.3 1.0 2.8
2019.2712 -35.5066 -39.6323 47 1.3 1.0 2.9
2019.2740 -31.797 -38.3001 43.9 1.8 1.3 3.3
2019.2767 -35.1694 -38.8552 44 1.2 0.9 2.7
2019.2795 -35.0249 -39.1882 48.3 1.4 1.0 3.0
2019.2822 -37.241 -37.9671 48.8 1.1 0.9 2.7
2019.2849 -35.603 -40.1874 44.8 1.2 0.9 2.7
2019.2877 -38.06 -38.7442 47.8 1.3 1.0 3.0
2019.2904 -34.784 -39.0772 45.8 1.3 1.0 2.7
2019.2932 -35.0249 -40.0764 47.1 1.1 0.9 2.6
2019.2959 -34.7358 -40.0764 47.1 1.1 0.8 2.6
2019.2986 -33.4832 -39.8543 51.6 1.3 1.0 2.9
2019.3014 -39.698 -38.5222 42.2 1.2 0.9 2.7
2019.3041 -34.254 -40.4094 45 1.2 1.0 2.8
2019.3068 -36.6147 -41.4085 46.6 1.2 0.9 2.7
2019.3096 -36.8074 -41.2975 48 1.1 0.9 2.6
2019.3123 -38.6381 -40.5204 47.6 1.3 1.0 2.9
2019.3151 -38.5418 -40.7425 44.3 1.3 1.0 2.9
2019.3178 -35.7957 -42.2967 42.4 1.1 0.9 2.7
2019.3205 -37.6264 -42.6297 33.6 1.2 1.0 2.8
2019.3233 -36.422 -41.7416 37.6 1.2 1.0 2.9
2019.3260 -37.4819 -40.5204 42.1 1.1 0.9 2.7
2019.3288 -38.1082 -41.8526 44.2 1.1 0.9 2.7
2019.3315 -37.4819 -42.9627 49.7 1.2 1.0 2.7
2019.3342 -36.3256 -41.5196 45.1 1.3 1.0 3.0
2019.3370 -36.2293 -45.6271 39.1 1.3 1.0 3.0
2019.3397 -35.4585 -42.6297 44.3 1.4 1.1 3.0
2019.3425 -36.3256 -44.0729 48.1 1.1 0.9 2.6
2019.3452 -36.0848 -43.0738 45.9 1.1 0.9 2.7
2019.3479 -36.9038 -43.0738 49.7 1.2 0.9 2.7
2019.3507 -35.4585 -43.5178 50.3 1.1 0.9 2.7
2019.3534 -36.2293 -42.5187 50.4 1.3 1.0 2.8
2019.3562 -39.8426 -43.4068 39.4 1.3 1.0 2.8
2019.3589 -39.3608 -50.4007 57.4 2.2 1.3 3.7
2019.3616 -44.7567 -50.8448 41.4 1.1 0.9 2.7
2019.3644 -42.7332 -53.8422 37.9 1.4 1.0 2.9
2019.3671 -39.1199 -58.6158 45.4 1.9 1.2 3.4
2019.3699 -49.3817 -59.504 43.6 1.1 0.8 2.6
2019.3726 -50.3934 -59.3929 29.9 1.2 0.9 2.6
2019.3753 -50.297 -59.0599 39.4 1.1 0.9 2.7
2019.3781 -50.9233 -55.6184 36.8 1.2 1.0 2.8
2019.3808 -50.1525 -54.0642 39.3 1.1 0.8 2.6
2019.3836 -50.8752 -55.0634 32.4 1.2 0.9 2.8
2019.3863 -51.0679 -53.0651 35.1 1.2 0.9 2.7
2019.3890 -50.7306 -58.8379 25.9 1.2 0.9 2.7
2019.3918 -52.7541 -60.3921 28.2 1.2 0.9 2.8
2019.3945 -53.7658 -56.1735 28.9 1.1 0.8 2.6
2019.3973 -52.3687 -57.0616 28.7 1.2 0.9 2.7
2019.4000 -53.7176 -59.726 26 1.1 0.8 2.6
2019.4027 -55.8374 -58.1718 21.9 1.2 1.0 2.9
2019.4055 -60.3179 -60.5031 25.5 1.2 0.9 2.8
2019.4082 -58.7762 -58.7269 19.7 1.5 1.1 3.0
2019.4110 -61.1369 -59.2819 12.6 1.3 1.0 2.7
2019.4137 -60.077 -61.0582 12.5 1.2 0.9 2.7
2019.4164 -60.1252 -61.7243 11.2 1.1 0.8 2.6
2019.4192 -64.1239 -62.5014 5.4 1.1 0.8 2.6
2019.4219 -65.6174 -62.1683 7.4 1.2 0.9 2.6
2019.4247 -68.9416 -63.8335 4.4 1.3 1.0 2.9
2019.4274 -65.2802 -65.3877 4.4 1.2 0.9 2.7
2019.4301 -65.7619 -64.8327 4.9 1.2 0.8 2.7
2019.4329 -68.1226 -63.6115 -3.9 1.2 0.9 2.7
2019.4356 -69.2789 -68.6072 -1.3 1.2 0.9 2.7
2019.4384 -65.1838 -67.608 0.9 1.3 0.9 2.7
2019.4411 -69.3271 -70.0504 -4.4 1.1 0.8 2.6
2019.4438 -73.3739 -70.6054 1 1.1 0.9 2.7
2019.4466 -74.6747 -68.6072 2.2 1.3 0.9 2.7
2019.4493 -77.6617 -69.0512 -8.2 1.4 1.0 2.8
2019.4521 -76.5055 -67.7191 -4.6 1.4 1.0 2.9
2019.4548 -75.301 -70.1614 -10.6 1.4 1.0 2.9
2019.4575 -74.9638 -73.0478 -13.9 1.1 0.9 2.6
2019.4603 -76.0237 -73.3808 -14.8 1.2 0.9 2.7
2019.4630 -80.0706 -75.3791 -18.5 1.1 0.8 2.6
2019.4658 -82.7203 -74.491 -19.5 1.3 1.0 2.8
2019.4685 -85.9 -77.8214 -22.6 1.4 1.0 3.1
2019.4712 -78.7216 -90.1441 -17.8 1.2 0.9 2.7
2019.4740 -78.6253 -80.0417 -22.2 1.2 0.9 2.7
2019.4767 -80.1669 -80.8188 -27.5 1.2 0.9 2.6
2019.4795 -81.3714 -82.484 -30.7 1.3 0.9 2.7
2019.4822 -79.1552 -83.4832 -21.4 1.2 0.9 2.7
2019.4849 -74.8674 -82.373 -26.4 1.3 0.9 2.9
2019.4877 -76.1682 -84.9264 -28.5 1.1 0.8 2.6
2019.4904 -77.1318 -85.5925 -36.1 1.1 0.9 2.6
2019.4932 -77.3727 -85.1484 -35.9 1.1 0.8 2.6
2019.4959 -80.1669 -86.5916 -32.2 1.1 0.8 2.6
2019.4986 -77.6135 -90.9212 -25.2 1.6 1.0 3.1
2019.5014 -78.8661 -90.4771 -27.3 1.5 1.0 2.9
2019.5041 -80.5524 -88.4788 -37.6 1.3 0.9 2.8
2019.5068 -77.5172 -92.2533 -38.2 1.1 0.8 2.6
2019.5096 -77.9508 -93.6965 -37.5 1.2 0.9 2.6
2019.5123 -79.9742 -94.0296 -41.4 1.2 0.9 2.6
2019.5151 -84.262 -93.3635 -40 1.4 0.9 2.8
2019.5178 -82.8649 -94.6957 -39.1 1.3 1.0 2.7
2019.5205 -82.5276 -95.4728 -43.9 1.5 1.0 2.9
2019.5233 -77.999 -95.9168 -41.8 1.6 1.0 3.1
2019.5260 -82.2386 -95.1397 -44.8 1.5 1.0 3.0
2019.5288 -82.1422 -100.357 -36.2 1.4 1.0 2.9
2019.5315 -83.2503 -101.357 -43.1 1.4 0.9 2.8
2019.5342 -78.5289 -100.801 -44.7 1.2 0.9 2.7
2019.5370 -83.2021 -99.9134 -42.9 1.4 0.9 2.8
2019.5397 -84.262 -99.3583 -49.7 1.2 0.9 2.7
2019.5425 -77.8544 -101.912 -45.6 1.4 0.9 2.9
2019.5452 -77.7099 -102.023 -47.1 1.3 0.9 2.7
2019.5479 -76.7464 -99.9134 -56.5 1.3 0.9 2.7
2019.5507 -76.3609 -101.135 -56.1 1.2 0.9 2.6
2019.5534 -80.2151 -101.357 -61.9 1.2 0.9 2.6
2019.5562 -80.1188 -98.8032 -60.6 1.4 1.0 2.9
2019.5589 -73.0849 -100.913 -60.6 1.3 0.9 2.8
2019.5616 -76.9391 -101.024 -59.6 1.3 0.9 2.7
2019.5644 -72.314 -99.8024 -62.5 1.2 0.9 2.6
2019.5671 -77.0354 -101.579 -63 1.2 0.9 2.6
2019.5699 -73.6148 -100.024 -58.8 1.2 0.9 2.6
2019.5726 -72.0732 -101.024 -66.4 1.4 0.9 2.8
2019.5753 -72.2177 -96.6939 -66.2 1.3 0.9 2.7
2019.5781 -72.1695 -98.0261 -65.4 1.2 0.9 2.6
2019.5808 -68.9898 -99.8024 -61.3 1.3 1.0 2.8
2019.5836 -71.5432 -99.4693 -64.3 1.2 0.9 2.6
2019.5863 -68.9898 -96.2499 -59.2 1.2 0.9 2.7
2019.5890 -67.1109 -98.1371 -71.4 1.1 0.8 2.6
2019.5918 -64.7502 -92.4754 -66.5 1.3 0.9 2.6
2019.5945 -70.9169 -90.6991 -74 1.9 1.2 3.5
2019.5973 -64.9429 -93.5855 -66.9 1.5 1.0 2.9
2019.6000 -67.3036 -94.2516 -68.5 1.3 0.9 2.7
2019.6027 -63.2567 -93.5855 -71.3 1.5 1.0 2.9
2019.6055 -64.1721 -93.3635 -71.6 1.3 0.9 2.8
2019.6082 -61.7632 -94.8067 -70.5 1.5 0.9 3.0
2019.6110 -62.4377 -92.1423 -77.6 1.5 1.0 3.0
2019.6137 -61.5705 -93.4745 -71 1.3 0.9 2.6
2019.6164 -58.8244 -94.3626 -61.1 1.3 0.9 2.7
2019.6192 -62.3895 -91.9203 -62.5 1.4 0.9 2.8
2019.6219 -65.6656 -93.5855 -71.1 1.3 0.9 2.7
2019.6247 -63.4013 -91.8093 -62.8 1.4 0.9 2.7
2019.6274 -67.4963 -93.5855 -68.3 1.3 0.9 2.7
2019.6301 -60.607 -92.6974 -74 1.3 0.9 2.7
2019.6329 -63.6903 -93.1415 -74.3 1.1 0.9 2.6
2019.6356 -60.9924 -93.2525 -70.1 1.1 0.8 2.6
2019.6384 -59.258 -92.2533 -69.6 1.3 0.9 2.7
2019.6411 -62.5341 -94.5847 -64.9 1.3 0.9 2.7
2019.6438 -59.0653 -94.0296 -63.6 1.2 0.9 2.7
2019.6466 -58.0536 -92.2533 -70.1 1.2 0.9 2.6
2019.6493 -59.4507 -91.4762 -73 1.2 0.9 2.6
2019.6521 -60.3661 -94.9177 -63.8 1.3 0.9 2.8
2019.6548 -59.4507 -92.0313 -70.5 1.4 0.9 2.8
2019.6575 -61.7151 -92.6974 -67.8 1.3 0.9 2.8
2019.6603 -61.3296 -93.1415 -74.6 1.1 0.9 2.6
2019.6630 -63.4976 -92.8084 -75.4 1.3 1.1 2.9
2019.6658 -57.62 -91.8093 -85.1 1.9 1.4 3.6
2019.6685 -59.5953 -91.3652 -70 2.3 1.5 4.2
2019.6712 -60.5106 -91.0322 -73.7 1.7 1.2 3.2
2019.6740 -59.8361 -92.9194 -73.4 1.4 0.9 2.9
2019.6767 -64.3648 -91.8093 -73.5 1.3 0.9 2.7
2019.6795 -60.077 -94.1406 -79.1 1.5 1.1 3.2
2019.6822 -60.7515 -93.6965 -80 1.4 1.0 2.9
2019.6849 -61.5223 -93.1415 -76.9 1.3 0.9 2.7
2019.6877 -59.2098 -92.5864 -75 1.3 1.0 2.8
2019.6904 -58.3908 -91.1432 -71 1.6 1.1 3.2
2019.6932 -61.6187 -93.4745 -78 1.2 1.0 2.8
2019.6959 -59.1135 -93.8076 -69.7 1.3 1.0 2.8
2019.6986 -60.077 -92.3644 -64.2 1.3 0.9 2.8
2019.7014 -61.7151 -91.6983 -72.3 1.3 0.9 2.7
2019.7041 -64.6539 -91.3652 -72.6 1.3 0.9 2.7
2019.7068 -60.1252 -92.6974 -75.8 1.2 0.9 2.7
2019.7096 -61.5223 -90.8101 -73.6 1.2 0.9 2.6
2019.7123 -62.9195 -90.3661 -68.7 1.2 0.9 2.7
2019.7151 -60.6552 -91.8093 -68.2 1.4 1.0 2.9
2019.7178 -62.0523 -89.7 -67.2 1.1 0.9 2.6
2019.7205 -62.3414 -93.0304 -69.1 1.2 0.9 2.8
2019.7233 -61.9559 -92.3644 -60.8 1.4 1.1 3.1
2019.7260 -61.0887 -91.0322 -67.1 1.1 0.9 2.6
2019.7288 -62.6304 -92.0313 -73.5 1.2 0.9 2.7
2019.7315 -59.3544 -89.1449 -73.8 1.5 1.1 3.0
2019.7342 -62.1005 -93.0304 -72.2 1.2 0.9 2.8
2019.7370 -64.1721 -93.3635 -70.5 1.1 0.9 2.6
2019.7397 -63.7385 -89.7 -76.3 1.4 1.0 3.0
2019.7425 -59.5953 -91.2542 -77.6 1.5 1.1 3.2
2019.7452 -61.426 -92.3644 -71 1.3 1.0 2.9
2019.7479 -65.0875 -89.0339 -68.8 1.7 1.2 3.2
2019.7507 -62.0041 -93.6965 -75.2 1.5 1.1 3.1
2019.7534 -62.1005 -92.2533 -68.2 1.2 1.0 2.8
2019.7562 -64.413 -93.9186 -73.2 1.3 1.0 2.8
2019.7589 -66.0992 -95.0287 -70.4 1.2 0.9 2.7
2019.7616 -62.7749 -92.4754 -64.5 1.3 1.0 2.9
2019.7644 -62.6304 -95.3618 -79.4 1.3 1.0 2.8
2019.7671 -63.1604 -92.8084 -71.2 1.2 1.0 2.9
2019.7699 -63.594 -95.8058 -66.9 1.3 0.9 2.8
2019.7726 -65.7138 -94.6957 -64.1 1.3 1.0 3.0
2019.7753 -61.7632 -93.4745 -70 1.4 1.0 3.0
2019.7781 -59.8843 -90.2551 -66.6 1.3 1.0 2.9
2019.7808 -59.8843 -88.4788 -68.6 1.2 0.9 2.8
2019.7836 -59.9325 -88.0348 -71.3 1.1 0.9 2.7
2019.7863 -59.7398 -88.0348 -69.6 1.1 0.9 2.7
2019.7890 -59.8361 -86.9246 -66.8 1.1 0.9 2.7
2019.7918 -55.7411 -83.3722 -64.5 1.2 0.9 2.8
2019.7945 -53.4286 -82.7061 -64.4 1.2 0.9 2.8
2019.7973 -54.9702 -82.373 -66.9 1.2 0.9 2.8
2019.8000 -55.8856 -83.2611 -69.7 1.2 1.0 2.7
2019.8027 -55.5002 -83.4832 -69.1 1.2 1.0 2.7
2019.8055 -56.4637 -84.2603 -72.5 1.1 0.9 2.7
2019.8082 -58.0536 -83.1501 -69.6 1.2 0.9 2.7
2019.8110 -55.8856 -83.2611 -69.4 1.1 0.9 2.7
2019.8137 -57.3309 -81.8179 -60 1.3 1.1 2.9
2019.8164 -54.5848 -84.0382 -65.2 1.7 1.3 3.4
2019.8192 -55.0666 -81.929 -75.3 1.6 1.2 3.5
2019.8219 -57.3791 -81.8179 -71.8 1.4 1.0 2.9
2019.8247 -55.7411 -83.8162 -68.9 1.3 1.0 2.9
2019.8274 -57.4273 -85.7035 -65.4 1.3 1.0 2.8
2019.8301 -57.3309 -84.1493 -62.9 1.3 1.0 2.8
2019.8329 -55.982 -83.4832 -59.3 1.3 1.0 2.9
2019.8356 -56.8973 -81.2629 -63.7 1.2 0.9 2.7
2019.8384 -54.6812 -81.929 -69.6 1.1 0.8 2.6
2019.8411 -55.1629 -83.0391 -69.6 1.1 0.8 2.6
2019.8438 -55.7892 -80.8188 -67.8 1.2 0.9 2.7
2019.8466 -53.814 -82.04 -67.9 1.1 0.9 2.8
2019.8493 -56.9455 -82.9281 -65.4 1.1 0.9 2.7
2019.8521 -53.7176 -80.2637 -59.9 1.2 0.9 2.7
2019.8548 -56.0301 -79.5977 -66.7 1.1 0.9 2.6
2019.8575 -54.5366 -81.0408 -68.2 1.1 0.8 2.6
2019.8603 -53.814 -83.3722 -62.1 1.2 0.9 2.7
2019.8630 -54.7775 -81.1519 -61.6 1.3 1.0 2.9
2019.8658 -54.1512 -81.2629 -63 1.1 0.8 2.6
2019.8685 -51.2124 -80.3748 -62.8 1.1 0.9 2.7
2019.8712 -52.2241 -80.5968 -62.8 1.1 0.8 2.6
2019.8740 -51.3569 -81.7069 -56.1 1.1 0.9 2.7
2019.8767 -50.6825 -82.262 -58.5 1.2 0.9 2.7
2019.8795 -47.5509 -80.1527 -61.3 1.2 0.9 2.8
2019.8822 -48.8035 -79.5977 -63.3 1.1 0.8 2.7
2019.8849 -50.4898 -79.1536 -65.3 1.1 0.8 2.6
2019.8877 -48.0809 -82.04 -62.1 1.1 0.8 2.6
2019.8904 -52.6096 -84.9264 -55.9 1.3 1.0 2.9
2019.8932 -48.2254 -80.0417 -48.8 1.3 1.0 2.7
2019.8959 -53.4286 -80.0417 -52.5 1.3 1.0 2.8
2019.8986 -44.2267 -80.1527 -50.6 1.3 1.0 2.8
2019.9014 -51.0679 -81.0408 -61.5 1.2 0.9 2.7
2019.9041 -50.3934 -81.5959 -62.8 1.1 0.9 2.6
2019.9068 -52.0796 -83.7052 -61.4 1.1 0.8 2.6
2019.9096 -48.37 -82.04 -55.5 1.1 0.9 2.6
2019.9123 -49.189 -82.373 -56 1.1 0.9 2.7
2019.9151 -49.3817 -81.929 -57.9 1.1 0.9 2.7
2019.9178 -48.4181 -81.3739 -61.1 1.1 0.9 2.6
2019.9205 -49.7189 -81.929 -58.2 1.1 0.8 2.6
2019.9233 -51.8387 -82.373 -64.5 1.1 0.9 2.7
2019.9260 -51.8387 -82.262 -65.3 1.2 0.9 2.7
2019.9288 -48.5627 -81.3739 -65.2 1.1 0.9 2.7
2019.9315 -48.8999 -82.5951 -66.3 1.2 0.8 2.6
2019.9342 -47.5991 -81.7069 -67.7 1.1 0.9 2.7
2019.9370 -49.6226 -82.9281 -64 1.1 0.9 2.7
2019.9397 -48.1291 -83.9272 -72.5 1.1 0.9 2.7
2019.9425 -48.8035 -81.8179 -64.8 1.2 0.9 2.8
2019.9452 -49.478 -84.0382 -70.7 1.1 0.9 2.7
2019.9479 -48.6108 -84.8153 -60.2 1.1 0.9 2.6
2019.9507 -48.1291 -85.8145 -67.3 1.1 0.9 2.7
2019.9534 -48.0809 -85.9255 -67.5 1.2 0.9 2.8
2019.9562 -48.659 -85.8145 -66.1 1.1 0.8 2.7
2019.9589 -47.2619 -85.4814 -61.9 1.1 0.9 2.7
2019.9616 -44.9975 -84.1493 -62.6 1.1 0.9 2.7
2019.9644 -48.3218 -85.8145 -55.8 1.4 0.9 2.9
2019.9671 -46.9246 -84.1493 -58.9 1.3 1.0 2.9
2019.9699 -45.9129 -86.2585 -62 1.2 0.9 2.7
2019.9726 -46.3465 -89.1449 -65.6 1.2 0.9 2.8
2019.9753 -48.0327 -90.9212 -57.7 1.1 0.9 2.7
2019.9781 -45.3348 -91.5873 -49.9 1.1 0.9 2.7
2019.9808 -45.1903 -91.0322 -52 1.2 0.9 2.7
2019.9836 -50.9715 -91.6983 -62 1.1 0.9 2.7
2019.9863 -47.8882 -91.0322 -54.5 1.2 0.9 2.7
2019.9890 -45.8166 -89.922 -47.6 1.2 0.9 2.7
2019.9918 -48.0809 -90.1441 -50.4 1.1 0.9 2.7
2019.9945 -50.7306 -91.9203 -55.4 1.2 0.9 2.7
2019.9973 -47.5509 -91.9203 -46.3 1.2 0.9 2.7
2020.0000 -52.3687 -91.3652 -48.1 1.2 0.9 2.8
2020.0027 -50.7788 -90.5881 -47.8 1.2 0.8 2.7
2020.0055 -50.7788 -91.4762 -48.9 1.1 0.8 2.7
2020.0082 -51.4533 -90.5881 -53.3 1.3 1.0 2.9
2020.0110 -50.6825 -91.5873 -57.3 1.2 0.9 2.7
2020.0137 -47.3101 -90.5881 -56.2 1.2 0.9 2.7
2020.0164 -51.1642 -91.0322 -54.9 1.2 0.9 2.7
2020.0192 -49.0444 -90.9212 -61.7 1.2 0.9 2.8
2020.0219 -47.1173 -90.033 -59.1 1.2 0.9 2.8
2020.0247 -43.3595 -91.9203 -55.5 1.5 1.1 3.1
2020.0274 -48.7072 -90.1441 -57.9 1.4 1.0 2.9
2020.0301 -49.9598 -93.3635 -55.5 1.3 0.9 2.8
2020.0329 -51.2606 -92.9194 -52.8 1.2 0.9 2.7
2020.0356 -50.5861 -95.1397 -54.3 1.2 0.9 2.7
2020.0384 -49.8153 -92.9194 -47.5 1.2 0.9 2.7
2020.0411 -50.7788 -92.3644 -51.9 1.2 0.9 2.8
2020.0438 -54.0549 -90.4771 -29.9 1.3 0.9 2.9
2020.0466 -49.0926 -92.4754 -44.3 1.2 0.9 2.9
2020.0493 -50.5379 -94.6957 -48.4 1.2 0.9 2.8
2020.0521 -49.9116 -92.8084 -40.6 1.2 0.9 2.7
2020.0548 -49.5262 -92.5864 -30.7 1.2 0.9 2.7
2020.0575 -47.7918 -94.6957 -34.1 1.2 0.9 2.7
2020.0603 -47.2137 -92.8084 -29 1.3 0.9 2.8
2020.0630 -50.2489 -93.3635 -27.3 1.2 0.9 2.7
2020.0658 -48.8999 -90.3661 -31.1 1.2 0.9 2.7
2020.0685 -47.0692 -91.0322 -38.1 1.2 0.9 2.7
2020.0712 -47.1173 -94.3626 -32.3 1.1 0.9 2.7
2020.0740 -47.9364 -93.8076 -35.4 1.2 0.9 2.7
2020.0767 -48.8035 -95.4728 -28.9 1.2 0.9 2.8
2020.0795 -49.0444 -94.2516 -25 1.3 1.0 2.8
2020.0822 -48.5627 -93.0304 -22.9 1.4 1.0 2.9
2020.0849 -49.6226 -92.8084 -21.5 1.4 1.1 3.0
2020.0877 -47.021 -93.1415 -25.7 1.2 0.9 2.7
2020.0904 -49.2853 -93.8076 -26.3 1.1 0.9 2.7
2020.0932 -47.5028 -94.0296 -28.7 1.2 0.9 2.8
2020.0959 -50.5379 -94.1406 -21.1 1.3 0.9 2.8
2020.0986 -48.2254 -93.4745 -20.3 1.2 0.9 2.8
2020.1014 -48.1291 -93.2525 -18.6 1.3 1.0 2.9
2020.1041 -50.008 -94.4736 -11.4 1.3 1.0 2.9
2020.1068 -48.2254 -92.1423 -18 1.1 0.9 2.7
2020.1096 -49.1408 -92.2533 -5.4 1.3 1.0 2.8
2020.1123 -52.9468 -92.8084 -9.2 1.3 1.0 2.8
2020.1151 -52.5132 -93.5855 -11.1 1.2 0.9 2.7
2020.1178 -50.9233 -91.6983 -7.3 1.2 0.9 2.7
2020.1205 -50.5379 -90.8101 -14.4 1.2 0.9 2.7
2020.1233 -50.6343 -90.3661 -14.3 1.1 0.9 2.7
2020.1260 -50.4416 -90.033 -11.4 1.2 0.9 2.7
2020.1288 -54.0549 -89.811 -11.5 1.1 0.9 2.7
2020.1315 -54.633 -91.8093 -13.7 1.2 0.9 2.7
2020.1342 -54.1512 -92.9194 -13.9 1.7 1.2 3.5
2020.1370 -54.2476 -93.2525 -6.5 1.4 1.1 3.1
2020.1397 -47.9845 -91.9203 -1.5 1.2 1.0 2.9
2020.1425 -47.1173 -91.0322 -1.2 1.3 1.0 3.0
2020.1452 -48.0809 -92.5864 0.9 1.2 0.9 2.7
2020.1479 -49.9116 -92.6974 -5.8 1.1 0.9 2.7
2020.1507 -48.9481 -93.0304 -14.8 1.1 0.8 2.6
2020.1534 -48.8035 -95.8058 -21.6 1.1 0.9 2.6
2020.1562 -49.3335 -93.8076 -16.8 1.1 0.9 2.7
2020.1589 -47.1655 -92.1423 -7.2 1.2 0.9 2.8
2020.1616 -52.995 -94.5847 -5.3 1.2 0.9 2.7
2020.1644 -50.0562 -93.1415 -18.3 1.3 1.0 2.8
2020.1671 -50.297 -93.0304 -1.8 1.2 0.9 2.8
2020.1699 -47.2619 -92.0313 -5.8 1.1 0.9 2.7
2020.1726 -52.3205 -92.5864 -5.1 1.2 0.9 2.8
2020.1753 -52.8504 -93.5855 -9.9 1.2 0.9 2.7
2020.1781 -52.465 -91.8093 -13 1.1 0.9 2.7
2020.1808 -51.6942 -94.4736 -11.8 1.1 0.9 2.7
2020.1836 -52.7059 -95.4728 -9.5 1.2 1.0 2.8
2020.1863 -51.7905 -93.3635 -4.9 1.2 0.9 2.7
2020.1890 -52.2723 -93.0304 -6.9 1.2 1.0 2.8
2020.1918 -52.8023 -91.8093 0.3 1.2 0.9 2.9
2020.1945 -53.8622 -92.5864 -6.3 1.2 0.9 2.8
2020.1973 -55.0184 -92.9194 -9.3 1.3 1.0 3.0
2020.2000 -53.6694 -92.5864 -6.1 1.3 1.0 2.9
2020.2027 -52.8504 -93.3635 -10.7 1.1 0.9 2.7
2020.2055 -55.3557 -91.0322 -3.3 1.2 0.9 2.8
2020.2082 -52.6096 -92.8084 -3.3 1.3 1.0 2.9
2020.2110 -52.8986 -92.4754 2.9 1.2 0.9 2.9
2020.2137 -52.6577 -92.2533 -4.5 1.1 0.9 2.8
2020.2164 -52.3205 -90.6991 -3.5 1.6 1.2 3.2
2020.2192 -56.7046 -95.1397 5.2 1.3 1.0 2.9
2020.2219 -54.8257 -95.2507 0 1.3 1.0 2.9
2020.2247 -53.814 -91.9203 6.4 1.3 1.0 2.9
2020.2274 -55.6929 -89.922 -5.9 1.2 1.0 3.0
2020.2301 -55.1629 -92.9194 -0.6 1.2 0.9 2.8
2020.2329 -55.8856 -92.0313 0.7 1.2 1.0 2.9
2020.2356 -56.8973 -90.4771 4.3 1.2 0.9 2.8
2020.2384 -56.5119 -92.2533 -1.1 1.1 0.9 2.8
2020.2411 -53.814 -92.6974 -2.2 1.2 1.0 2.9
2020.2438 -53.3322 -93.2525 -3.1 1.3 1.0 3.0
2020.2466 -54.4885 -94.9177 -6.5 1.3 1.0 3.1
2020.2493 -56.4637 -93.6965 -4.3 1.4 1.1 3.3
2020.2521 -54.103 -92.1423 -4 1.2 1.0 2.9
2020.2548 -54.0549 -93.2525 -5.6 1.3 1.0 2.9
2020.2575 -55.3075 -92.3644 1.5 1.1 0.9 2.7
2020.2603 -54.4885 -93.8076 -3.2 1.2 0.9 2.9
2020.2630 -54.5848 -93.6965 6.7 1.2 1.0 2.9
2020.2658 -56.3674 -94.4736 5.5 1.2 0.9 2.8
2020.2685 -60.9442 -90.5881 7.3 1.1 0.9 2.8
2020.2712 -58.439 -92.2533 4 1.5 1.1 3.2
2020.2740 -55.6447 -93.3635 4.9 1.2 0.9 2.8
2020.2767 -57.9572 -93.1415 -1.2 1.2 0.9 2.8
2020.2795 -56.0783 -92.5864 0.3 1.4 1.0 3.0
2020.2822 -57.909 -93.2525 2.3 1.4 1.1 3.2
2020.2849 -57.6682 -90.5881 10.1 1.3 1.0 2.9
2020.2877 -54.4403 -92.0313 -4.4 1.3 1.0 2.9
2020.2904 -54.0067 -93.9186 -2.2 1.4 1.1 3.1
2020.2932 -57.0419 -93.9186 9.4 1.3 0.9 2.9
2020.2959 -61.3778 -88.0348 4.7 1.2 1.0 2.9
2020.2986 -53.7658 -92.3644 5.6 1.3 1.0 3.0
2020.3014 -54.4885 -92.1423 10.2 1.2 0.9 2.8
2020.3041 -62.2932 -94.2516 4.7 1.5 1.1 3.3
2020.3068 -54.4403 -93.0304 5.5 1.3 1.0 3.0
2020.3096 -52.7059 -93.5855 5.2 1.4 1.0 2.9
2020.3123 -56.1265 -92.6974 3.7 1.2 0.9 2.7
2020.3151 -56.4637 -94.2516 2.6 1.3 1.0 2.9
2020.3178 -55.2111 -93.0304 -0.4 1.3 1.0 2.9
2020.3205 -56.5119 -95.8058 5.2 1.4 1.0 3.1
2020.3233 -60.3179 -96.2499 10.5 1.3 0.9 2.8
2020.3260 -58.439 -95.9168 13.1 1.2 1.0 3.0
2020.3288 -57.2827 -92.2533 7.4 1.2 0.9 2.9
2020.3315 -57.7163 -94.6957 3.2 1.2 0.9 2.8
2020.3342 -56.2228 -97.138 5.4 1.3 1.0 3.0
2020.3370 -56.3674 -96.0278 9.1 1.3 1.0 3.0
2020.3397 -59.4989 -96.2499 0.4 1.2 0.9 3.0
2020.3425 -60.0288 -92.9194 0 1.4 1.0 3.1
2020.3452 -58.7281 -96.805 1 1.3 1.0 3.1
2020.3479 -58.1499 -95.4728 1.4 1.2 0.9 2.9
2020.3507 -60.8479 -96.916 -1.8 1.4 1.0 3.1
2020.3534 -60.4143 -98.2481 -2.4 1.3 1.0 3.2
2020.3562 -58.5835 -98.6922 1 1.2 0.9 3.0
2020.3589 -57.09 -99.4693 3.7 1.2 0.9 3.0
2020.3616 -60.7997 -97.6931 4.1 1.3 1.0 3.0
2020.3644 -61.0887 -98.1371 -0.1 1.2 0.9 2.8
2020.3671 -56.5601 -96.5829 5.1 1.2 0.9 2.9
2020.3699 -58.2463 -96.6939 6.2 1.1 0.9 2.8
2020.3726 -58.6317 -97.8041 6.7 1.2 0.9 2.9
2020.3753 -62.6304 -95.4728 2 1.2 0.9 2.8
2020.3781 -56.3192 -98.2481 3.6 1.2 0.9 2.8
2020.3808 -55.6929 -99.1363 4.9 1.1 0.9 2.7
2020.3836 -54.5848 -97.471 5.4 1.3 0.9 2.9
2020.3863 -57.9572 -98.6922 -1.6 1.1 0.9 2.8
2020.3890 -59.7398 -97.027 1.8 1.3 1.0 2.9
2020.3918 -58.5354 -107.684 -2.4 1.3 0.9 2.9
2020.3945 -64.0276 -112.125 -3.6 1.2 0.9 2.8
2020.3973 -69.7607 -113.457 3.9 1.2 0.9 2.7
2020.4000 -70.8205 -109.683 -9 1.3 1.0 2.9
2020.4027 -72.844 -103.91 -10 1.2 0.9 2.8
2020.4055 -75.2529 -106.796 -6.1 1.2 0.9 2.7
2020.4082 -71.7841 -106.796 -0.1 1.2 0.9 2.8
2020.4110 -70.5315 -105.908 -4.9 1.2 0.9 2.7
2020.4137 -71.3023 -106.13 -10 1.5 1.0 3.0
2020.4164 -76.6982 -105.686 -7.8 1.3 0.9 2.8
2020.4192 -77.2281 -107.573 -6.5 1.2 0.9 2.7
2020.4219 -82.2867 -106.13 -12.7 1.8 1.1 3.5
2020.4247 -79.637 -106.13 -14.8 1.3 0.9 2.8
2020.4274 -81.1787 -106.463 -14.4 1.2 0.9 2.9
2020.4301 -88.5016 -131.442 -20 1.3 0.9 2.9
2020.4329 -90.5732 -133.551 -17.8 1.3 0.9 2.8
2020.4356 -90.3805 -133.218 -16.8 1.2 0.9 2.9
2020.4384 -93.8011 -131.331 -21 1.4 1.0 2.9
2020.4411 -81.6123 -166.411 -13.8 1.2 0.9 2.8
2020.4438 -85.3219 -173.627 -24.8 1.3 1.0 3.0
2020.4466 -84.3584 -178.512 -27.2 1.3 0.9 2.8
2020.4493 -87.6344 -179.178 -27.9 1.2 0.9 2.8
2020.4521 -90.525 -177.957 -23.2 1.2 0.8 2.7
2020.4548 -89.5615 -174.515 -30.3 1.1 0.9 2.7
2020.4575 -92.5967 -175.07 -30.8 1.3 0.9 2.8
2020.4603 -90.6214 -176.847 -34.9 1.2 0.9 2.8
2020.4630 -96.9808 -174.959 -31.8 1.4 0.9 2.8
2020.4658 -96.499 -177.513 -38.9 1.4 0.9 2.9
2020.4685 -93.7529 -179.067 -35.8 1.2 0.9 2.7
2020.4712 -98.4743 -178.845 -36.6 1.3 0.9 2.9
2020.4740 -97.5107 -181.398 -51.4 1.2 0.9 2.7
2020.4767 -96.9808 -181.509 -49.8 1.2 0.9 2.7
2020.4795 -100.016 -183.619 -37.9 1.2 0.9 2.8
2020.4822 -100.787 -185.839 -52 1.3 0.9 2.9
2020.4849 -99.3415 -188.614 -55.4 1.2 0.9 2.8
2020.4877 -101.895 -189.724 -56.3 1.5 1.0 3.0
2020.4904 -97.2217 -188.725 -60.6 1.5 0.9 3.0
2020.4932 -99.4378 -190.724 -57.4 1.3 0.9 2.8
2020.4959 -100.353 -191.39 -65.5 1.2 0.9 2.8
2020.4986 -97.6071 -192.278 -66.5 1.3 0.9 2.9
2020.5014 -99.9678 -196.385 -65.4 1.4 0.9 2.9
2020.5041 -96.3063 -198.606 -64.4 1.3 0.9 2.8
2020.5068 -94.8128 -195.164 -73.1 1.4 0.9 2.9
2020.5096 -92.2112 -196.163 -72.9 1.2 0.9 2.8
2020.5123 -92.7412 -198.162 -72.8 1.7 1.0 3.2
2020.5151 -96.5954 -200.382 -76.7 1.4 0.9 2.8
2020.5178 -95.0537 -202.602 -80.4 1.3 0.9 2.8
2020.5205 -94.2347 -206.488 -76 1.2 0.9 2.7
2020.5233 -96.3545 -206.599 -77.3 1.5 0.9 2.9
2020.5260 -93.8011 -205.155 -87.2 1.3 1.0 2.9
2020.5288 -92.1149 -206.044 -82.1 1.3 0.9 2.9
2020.5315 -94.5719 -205.377 -84.8 1.3 0.9 2.9
2020.5342 -94.6683 -205.822 -83.6 1.6 1.0 3.0
2020.5370 -93.5602 -202.269 -81.7 1.9 1.2 3.6
2020.5397 -94.5719 -204.711 -89.7 1.5 1.0 3.1
2020.5425 -89.2724 -206.599 -94.9 1.4 1.0 3.0
2020.5452 -90.236 -205.044 -90.8 1.3 0.9 2.9
2020.5479 -91.1032 -204.045 -83.4 1.3 0.9 2.9
2020.5507 -84.3584 -201.048 -84.2 1.5 1.0 3.0
2020.5534 -86.4782 -199.161 -93.3 1.3 0.9 2.9
2020.5562 -85.4183 -200.049 -92 1.3 1.0 2.9
2020.5589 -88.887 -197.051 -92.4 1.4 0.9 2.9
2020.5616 -87.4417 -197.939 -87.8 1.3 0.9 2.9
2020.5644 -82.5758 -195.941 -86.2 1.9 1.3 3.7
2020.5671 -81.3714 -195.83 -81.3 1.6 1.1 3.3
2020.5699 -82.7685 -193.388 -90.4 1.2 0.9 2.9
2020.5726 -86.2373 -193.832 -85.8 1.3 0.9 2.9
2020.5753 -87.0563 -194.942 -89.4 1.5 1.0 3.1
2020.5781 -80.0706 -194.498 -95.5 1.4 1.0 3.0
2020.5808 -83.1057 -194.165 -88.1 1.6 1.0 3.2
2020.5836 -78.4807 -193.388 -89.8 1.4 1.0 3.0
2020.5863 -79.4925 -191.279 -88.8 1.3 0.9 2.9
2020.5890 -81.4195 -195.719 -79.4 1.5 1.1 3.3
2020.5918 -81.1305 -194.054 -94 2.1 1.2 3.8
2020.5945 -82.8649 -195.608 -87.7 1.6 1.0 3.1
2020.5973 -79.637 -194.276 -78.9 1.3 0.9 2.9
2020.6000 -87.3935 -192.5 -88.1 1.4 1.0 3.0
2020.6027 -79.2516 -194.387 -82.4 1.3 0.9 2.9
2020.6055 -84.8401 -194.498 -81.6 1.5 1.0 3.1
2020.6082 -83.6839 -194.831 -88 1.3 0.9 3.0
2020.6110 -77.8062 -195.053 -83.9 1.3 0.9 2.9
2020.6137 -81.9977 -193.721 -93.9 1.3 0.9 2.9
2020.6164 -81.1305 -194.054 -89.6 1.3 1.0 2.9
2020.6192 -84.5511 -195.941 -90.6 1.3 0.9 2.9
2020.6219 -80.4078 -194.276 -88.5 1.2 0.9 2.9
2020.6247 -82.2867 -193.832 -93 1.4 0.9 2.9
2020.6274 -79.3961 -192.944 -91.2 1.3 0.9 3.0
2020.6301 -82.2386 -193.499 -88.1 1.4 0.9 3.0
2020.6329 -76.5055 -197.606 -89.9 1.5 1.0 3.1
2020.6356 -81.805 -192.833 -91 1.3 1.0 2.9
2020.6384 -81.3714 -194.054 -87.6 1.2 0.9 2.9
2020.6411 -79.8779 -194.165 -95.3 1.2 0.9 2.9
2020.6438 -79.8297 -192.167 -95.4 1.5 1.0 3.3
2020.6466 -84.262 -193.388 -86.3 1.5 1.0 3.1
2020.6493 -87.4899 -195.164 -96.1 1.2 0.9 2.9
2020.6521 -84.1656 -195.164 -93.1 1.4 0.9 3.0
2020.6548 -83.1539 -195.386 -91.4 1.5 1.0 3.1
2020.6575 -80.4078 -191.057 -96.6 1.5 1.1 3.2
2020.6603 -82.8649 -193.388 -93.4 1.4 1.0 3.1
2020.6630 -80.2151 -192.611 -91.2 1.6 1.1 3.4
2020.6658 -78.6253 -194.831 -97.6 1.3 1.0 3.1
2020.6685 -81.9977 -190.39 -91.7 1.9 1.3 3.5
2020.6712 -81.2268 -191.39 -84.6 1.7 1.2 3.6
2020.6740 -83.0576 -194.054 -97 1.6 1.1 3.6
2020.6767 -82.624 -195.608 -93.6 1.4 0.9 3.0
2020.6795 -82.2867 -194.498 -94.7 1.5 1.1 3.3
2020.6822 -83.3948 -193.721 -97.6 1.5 1.0 3.2
2020.6849 -86.2854 -194.276 -96.1 1.2 0.9 2.9
2020.6877 -83.5875 -194.942 -90.7 1.6 1.0 3.3
2020.6904 -84.3584 -194.498 -89.5 1.3 0.9 2.9
2020.6932 -86.4782 -195.275 -95 1.2 0.9 2.9
2020.6959 -85.1774 -197.606 -88.4 1.3 0.9 2.9
2020.6986 -86.8636 -197.384 -93 1.5 1.0 3.2
2020.7014 -84.2138 -196.274 -94.3 1.5 1.0 3.1
2020.7041 -82.9612 -196.385 -94.3 1.4 1.0 3.0
2020.7068 -86.3336 -196.163 -92.4 1.7 1.1 3.5
2020.7096 -83.2503 -197.273 -96.9 1.5 1.1 3.4
2020.7123 -82.624 -196.052 -97.2 1.3 0.9 3.1
2020.7151 -87.249 -196.385 -98.6 1.5 1.0 3.3
2020.7178 -81.4195 -197.384 -91 1.3 0.9 3.0
2020.7205 -102.569 -171.407 -84.4 1.5 1.0 3.1
2020.7233 -110.47 -170.297 -92.2 1.3 0.9 2.9
2020.7260 -110.23 -171.407 -86.1 1.2 0.9 2.9
2020.7288 -110.904 -171.296 -82.2 1.5 1.0 3.2
2020.7315 -109.073 -172.406 -88.3 1.5 1.1 3.3
2020.7342 -108.302 -169.409 -86.9 1.8 1.1 3.3
2020.7370 -106.134 -168.854 -92.2 1.5 1.1 3.1
2020.7397 -107.772 -171.629 -91 2.1 1.4 3.8
2020.7425 -102.569 -169.52 -92.2 1.8 1.2 3.3
2020.7452 -104.786 -168.854 -85.4 2.4 1.4 4.1
2020.7479 -110.181 -171.518 -85.7 1.7 1.1 3.3
2020.7507 -106.183 -169.187 -93.1 1.7 1.1 3.5
2020.7534 -112.012 -172.184 -87.6 1.3 1.0 3.1
2020.7562 -110.952 -172.628 -80.3 1.4 1.1 3.2
2020.7589 -113.939 -171.962 -75.9 1.4 1.0 3.0
2020.7616 -111 -172.073 -85.2 1.3 0.9 2.9
2020.7644 -108.302 -173.072 -95.8 1.3 1.0 3.0
2020.7671 -109.748 -173.072 -94 1.7 1.1 3.2
2020.7699 -111.723 -173.405 -90.6 1.3 0.9 2.9
2020.7726 -109.555 -172.517 -92.5 1.3 0.9 3.0
2020.7753 -110.181 -170.852 -87.1 1.2 0.9 2.8
2020.7781 -108.881 -172.184 -92.5 1.3 1.0 3.0
2020.7808 -109.892 -172.295 -87.1 1.2 0.9 2.8
2020.7836 -112.253 -172.295 -87.4 1.2 0.9 2.9
2020.7863 -112.253 -174.071 -85.7 1.2 0.9 2.9
2020.7890 -111.049 -174.515 -90.3 1.2 0.9 2.9
2020.7918 -111.338 -174.404 -90.2 1.2 0.9 2.9
2020.7945 -111.771 -172.406 -94.6 1.2 0.9 2.8
2020.7973 -110.904 -173.516 -91.5 1.4 1.1 3.3
2020.8000 -112.253 -170.519 -88.5 1.2 0.9 2.9
2020.8027 -110.23 -168.854 -92.3 1.3 1.0 3.1
2020.8055 -109.17 -165.19 -89.3 1.3 0.9 3.0
2020.8082 -109.459 -163.525 -90.6 1.4 1.1 3.2
2020.8110 -106.183 -161.749 -95.6 1.2 0.9 2.9
2020.8137 -108.062 -162.304 -94.4 1.3 1.0 3.1
2020.8164 -105.026 -160.527 -86.7 1.7 1.2 3.6
2020.8192 -107.291 -159.972 -89.1 1.3 1.0 3.0
2020.8219 -107.435 -161.083 -77.6 1.6 1.1 3.3
2020.8247 -106.664 -159.306 -88.4 1.3 1.0 3.1
2020.8274 -103.966 -158.973 -89.5 1.6 1.3 3.3
2020.8301 -105.219 -155.976 -94.5 1.5 1.2 3.2
2020.8329 -105.845 -157.086 -92.1 1.3 0.9 3.0
2020.8356 -106.038 -156.087 -90 1.5 1.2 3.3
2020.8384 -108.158 -155.532 -93.1 1.4 1.1 3.2
2020.8411 -104.882 -156.087 -95 1.2 0.9 2.9
2020.8438 -105.556 -156.309 -95.9 1.3 0.9 2.9
2020.8466 -105.219 -154.089 -88.4 1.3 0.9 3.0
2020.8493 -103.87 -154.311 -93.3 1.3 1.0 3.1
2020.8521 -103.051 -156.531 -94.3 1.4 1.0 3.1
2020.8548 -105.171 -158.085 -94.5 1.3 1.0 3.1
2020.8575 -107.194 -157.863 -94.4 1.3 0.9 2.9
2020.8603 -109.796 -157.086 -84.1 1.3 0.9 3.0
2020.8630 -109.7 -156.42 -88.1 1.3 0.9 3.0
2020.8658 -104.207 -156.309 -93.4 1.2 0.9 2.9
2020.8685 -107.291 -156.753 -90.4 1.4 1.1 3.3
2020.8712 -106.424 -157.197 -90.8 1.4 1.0 3.1
2020.8740 -104.737 -159.417 -95.2 1.2 0.9 2.9
2020.8767 -110.663 -159.75 -92.9 1.2 0.9 2.9
2020.8795 -108.062 -157.974 -94.6 1.4 1.0 3.0
2020.8822 -105.845 -157.863 -92.4 1.3 1.0 3.0
2020.8849 -107.002 -158.196 -92.5 1.3 1.0 3.1
2020.8877 -105.026 -157.863 -93.7 1.3 1.0 3.0
2020.8904 -112.157 -155.865 -95.7 1.7 1.2 3.6
2020.8932 -107.965 -158.085 -87 1.5 1.0 3.2
2020.8959 -107.098 -156.42 -95.8 1.9 1.4 3.5
2020.8986 -103.677 -158.529 -90.8 1.4 1.1 3.2
2020.9014 -107.772 -159.861 -80.2 1.4 1.0 3.0
2020.9041 -106.375 -156.753 -91.8 1.5 1.0 3.1
2020.9068 -107.002 -158.307 -85 1.4 1.0 3.1
2020.9096 -109.314 -158.973 -94.2 1.5 1.0 3.2
2020.9123 -107.243 -162.193 -87.5 1.5 1.1 3.2
2020.9151 -107.387 -161.305 -84.3 1.5 1.0 3.3
2020.9178 -109.507 -160.083 -85.1 1.5 1.0 3.2
2020.9205 -103.774 -163.192 -85.2 1.3 0.9 2.9
2020.9233 -108.688 -161.86 -79.1 1.3 0.9 3.0
2020.9260 -100.883 -158.751 -67.8 1.4 0.9 3.0
2020.9288 -101.317 -160.416 -77.3 1.3 0.9 3.0
2020.9315 -101.558 -161.194 -79.8 1.3 0.9 3.0
2020.9342 -102.088 -160.638 -76.8 1.3 1.0 3.0
2020.9370 -102.762 -163.525 -74.3 1.4 0.9 3.0
2020.9397 -104.786 -161.971 -83.3 1.4 1.0 3.0
2020.9425 -104.111 -162.526 -78.9 1.5 1.0 3.1
2020.9452 -104.978 -165.634 -87.2 1.3 0.9 3.0
2020.9479 -109.603 -160.75 -86.3 1.4 1.0 3.0
2020.9507 -108.254 -162.304 -90.7 1.4 0.9 3.0
2020.9534 -105.364 -161.749 -92.2 1.3 0.9 3.0
2020.9562 -105.219 -160.861 -89 1.3 0.9 3.0
2020.9589 -104.786 -164.968 -82.6 1.3 0.9 3.0
2020.9616 -106.809 -162.526 -83.4 1.4 0.9 3.0
2020.9644 -107.098 -162.193 -78.1 1.3 0.9 3.0
2020.9671 -105.46 -164.524 -77.8 1.3 0.9 3.0
2020.9699 -105.605 -162.526 -83.8 1.5 1.1 3.1
2020.9726 -104.93 -161.971 -80.8 1.4 1.0 3.1
2020.9753 -104.448 -162.748 -80.4 1.4 1.0 3.2
2020.9781 -106.568 -165.967 -81.9 1.6 1.1 3.3
2020.9808 -107.098 -168.521 -80.7 1.5 1.1 3.3
2020.9836 -108.495 -163.969 -65.1 1.5 1.0 3.3
2020.9863 -105.701 -168.521 -74.9 1.3 0.9 3.1
2020.9890 -107.724 -169.076 -81.8 1.3 0.9 3.0
2020.9918 -109.121 -169.076 -81 1.3 0.9 3.0
2020.9945 -106.664 -173.294 -76.7 1.4 1.0 3.2
2020.9973 -107.002 -171.074 -81.2 1.3 0.9 3.0
2021.0000 -106.327 -171.074 -82.2 1.4 1.0 3.1
2021.0027 -108.929 -170.63 -77.1 1.3 1.0 3.1
2021.0027 -109.411 -173.294 -73.1 1.3 0.9 3.0
2021.0055 -107.435 -172.406 -72.5 1.3 0.9 3.0
2021.0082 -105.942 -170.408 -73.9 1.3 0.9 3.0
2021.0110 -107.291 -173.627 -76.3 1.3 1.0 3.0
2021.0137 -104.689 -172.073 -68.5 1.4 1.0 3.1
2021.0164 -108.013 -170.297 -64.1 1.5 1.1 3.3
2021.0192 -105.99 -172.739 -58.9 1.3 0.9 3.0
2021.0219 -106.424 -174.404 -68.3 1.3 0.9 3.0
2021.0247 -107.194 -174.737 -65.8 1.3 0.9 3.0
2021.0274 -106.713 -176.514 -66.5 1.3 1.0 3.0
2021.0301 -108.688 -172.85 -66.2 1.4 1.0 3.3
2021.0329 -109.411 -177.291 -65 1.4 1.1 3.1
2021.0356 -107.483 -174.404 -65.7 1.3 1.0 3.1
2021.0384 -110.037 -174.071 -69.8 1.3 1.0 3.0
2021.0411 -106.52 -173.96 -68.8 1.2 0.9 3.0
2021.0438 -108.592 -175.737 -70.6 1.3 1.0 3.0
2021.0466 -107.772 -176.292 -65.5 1.3 1.0 3.0
2021.0493 -106.375 -176.736 -72.7 1.3 1.0 3.0
2021.0521 -105.026 -174.071 -62.6 1.4 1.1 3.1
2021.0548 -107.772 -177.069 -65.7 1.5 1.1 3.3
2021.0575 -107.05 -179.622 -71.6 1.3 1.0 3.0
2021.0603 -106.761 -177.957 -65.3 1.2 0.9 2.9
2021.0630 -106.953 -178.401 -63 1.3 1.0 3.0
2021.0658 -107.772 -179.955 -67.9 1.3 1.0 3.0
2021.0685 -107.532 -179.511 -68.3 1.5 1.1 3.3
2021.0712 -107.098 -177.957 -70.4 1.4 1.1 3.2
2021.0740 -106.616 -179.511 -71.7 1.4 1.1 3.1
2021.0767 -107.532 -180.732 -59.1 1.3 0.9 3.0
2021.0795 -107.917 -182.064 -63 1.3 1.0 3.0
2021.0822 -106.231 -180.843 -63.6 1.2 0.9 2.9
2021.0849 -108.11 -184.507 -64.3 1.2 0.9 3.0
2021.0877 -105.749 -181.176 -65.1 1.2 0.9 3.0
2021.0904 -109.555 -181.62 -61.7 1.7 1.2 3.5
2021.0932 -109.7 -183.952 -67.7 1.4 1.0 3.1
2021.0959 -109.603 -182.619 -63.6 1.5 1.1 3.2
2021.0986 -111.916 -182.508 -73.1 1.3 1.0 3.0
2021.1014 -110.856 -184.618 -71.9 1.3 1.0 3.1
2021.1041 -113.313 -184.063 -63.5 1.5 1.2 3.4
2021.1068 -111.338 -184.063 -66.2 1.3 1.0 3.1
2021.1096 -109.892 -183.397 -70.9 1.4 1.1 3.1
2021.1123 -113.506 -184.729 -64.3 1.3 1.0 3.1
2021.1151 -111 -183.063 -60.8 1.3 1.0 3.1
2021.1178 -107.387 -181.287 -51.6 1.2 1.0 3.0
2021.1205 -110.759 -180.177 -50.6 1.5 1.2 3.3
2021.1233 -110.711 -180.177 -49.8 1.3 1.0 3.0
2021.1260 -109.507 -181.398 -46.5 1.2 1.0 3.0
2021.1288 -111.675 -178.179 -46.1 1.6 1.2 3.4
2021.1315 -109.844 -178.734 -42.8 1.4 1.1 3.2
2021.1342 -107.917 -179.4 -40.4 1.3 1.0 3.2
2021.1370 -109.411 -180.51 -35.3 1.8 1.3 3.7
2021.1397 -109.7 -178.623 -37.3 1.6 1.2 3.4
2021.1425 -113.217 -174.959 -32.7 1.5 1.2 3.4
2021.1452 -112.157 -177.069 -36 1.5 1.3 3.5
2021.1479 -108.062 -179.178 -41.7 1.6 1.2 3.4
2021.1507 -110.711 -179.622 -30.4 1.7 1.2 3.3
2021.1534 -110.326 -178.623 -32.9 1.4 1.2 3.4
2021.1562 -108.64 -177.735 -36.6 1.4 1.1 3.1
2021.1589 -107.243 -177.069 -40.4 1.3 1.1 3.1
2021.1616 -108.495 -177.735 -30.9 1.2 1.0 3.0
2021.1644 -111.145 -177.069 -38.8 1.6 1.3 3.6
2021.1671 -111.675 -177.957 -32.2 1.7 1.2 3.5
2021.1699 -109.17 -176.403 -36.1 1.5 1.3 3.5
2021.1726 -113.843 -179.289 -34.2 1.4 1.1 3.2
2021.1753 -114.71 -179.178 -28.7 1.4 1.1 3.2
2021.1781 -117.023 -179.511 -24.8 1.5 1.1 3.4
2021.1808 -116.637 -177.624 -33.1 1.4 1.0 3.2
2021.1836 -111.578 -178.179 -33.1 1.3 1.0 3.2
2021.1863 -112.494 -180.954 -36.4 1.2 0.9 3.0
2021.1890 -114.084 -180.621 -34.6 1.2 0.9 3.0
2021.1918 -114.084 -179.511 -25.1 1.2 0.9 3.0
2021.1945 -111.916 -178.734 -32.1 1.4 1.1 3.3
2021.1973 -113.457 -179.178 -35.4 1.4 1.1 3.3
2021.2000 -114.903 -178.734 -28.6 1.8 1.3 3.8
2021.2027 -117.89 -179.622 -24 1.3 1.0 3.2
2021.2055 -113.987 -179.955 -28.4 1.2 0.9 3.0
2021.2082 -115.625 -180.177 -28.8 1.2 0.9 3.0
2021.2110 -114.662 -180.621 -24.1 1.3 1.0 3.1
2021.2137 -113.987 -179.844 -23.6 1.4 1.2 3.3
2021.2164 -114.855 -181.176 -27.3 1.6 1.1 3.4
2021.2192 -116.637 -177.957 -31.9 1.8 1.2 3.5
2021.2219 -113.554 -180.621 -36.2 1.3 1.1 3.2
2021.2247 -111.964 -181.953 -30.3 1.3 1.0 3.1
2021.2274 -113.409 -181.176 -29.4 1.4 1.1 3.2
2021.2301 -115.625 -182.619 -29.2 1.6 1.3 3.4
2021.2329 -119.191 -183.73 -27.1 1.7 1.2 3.5
2021.2356 -118.131 -181.731 -28.2 1.3 1.0 3.0
2021.2384 -114.565 -180.51 -29.3 1.2 1.0 3.0
2021.2411 -111.434 -182.841 -29.6 1.3 1.0 3.0
2021.2438 -116.493 -182.619 -29 1.2 1.0 3.0
2021.2466 -122.274 -179.955 -26.8 1.7 1.2 3.6
2021.2493 -120.491 -181.065 -26.2 1.4 1.1 3.4
2021.2521 -117.263 -182.175 -33.2 1.3 1.0 3.1
2021.2548 -116.493 -183.619 -25.9 1.4 1.0 3.1
2021.2575 -116.107 -181.731 -24.7 1.3 1.0 3.0
2021.2603 -114.71 -181.731 -27.3 1.3 1.0 3.0
2021.2630 -117.552 -182.508 -27.2 1.2 0.9 2.9
2021.2658 -118.661 -183.952 -23.8 1.7 1.1 3.5
2021.2685 -118.082 -181.842 -19.9 1.3 1.0 3.1
2021.2712 -118.227 -182.952 -21.5 1.3 1.0 3.2
2021.2740 -117.456 -183.063 -24.1 1.3 1.0 3.0
2021.2767 -117.649 -183.619 -29.6 1.4 1.0 3.2
2021.2795 -120.299 -188.17 -27.2 1.4 1.1 3.2
2021.2822 -125.116 -185.062 -23.9 1.5 1.1 3.2
2021.2849 -121.069 -183.841 -13.9 1.3 1.0 3.1
2021.2877 -122.129 -184.618 -19.9 1.3 1.1 3.1
2021.2904 -126.08 -183.619 -23.5 1.7 1.3 3.6
2021.2932 -122.611 -184.729 -31 2.2 1.7 3.8
2021.2959 -124.008 -183.063 -25 1.6 1.3 3.6
2021.2986 -118.131 -184.285 -27.6 2.1 1.4 3.8
2021.3014 -122.033 -184.063 -12.3 1.6 1.1 3.3
2021.3041 -119.576 -178.734 -15.1 1.5 1.1 3.3
2021.3068 -118.468 -182.73 -19.3 1.5 1.1 3.4
2021.3096 -122.177 -184.063 -28.5 1.7 1.2 3.6
2021.3123 -120.829 -181.731 -24 1.5 1.1 3.4
2021.3151 -130.56 -185.395 -20.2 2.0 1.3 3.9
2021.3178 -120.058 -180.954 -21 1.6 1.2 3.5
2021.3205 -119.431 -183.063 -25.6 1.7 1.2 3.6
2021.3233 -122.611 -183.619 -23.4 1.4 1.0 3.2
2021.3260 -123.382 -183.397 -30.4 1.5 1.0 3.2
2021.3288 -122.659 -183.175 -22.3 1.3 1.0 3.1
2021.3315 -121.551 -183.286 -27.6 1.3 1.0 3.1
2021.3342 -123.719 -185.062 -28.9 1.6 1.1 3.4
2021.3370 -120.877 -183.286 -27.1 1.4 1.0 3.2
2021.3397 -122.611 -183.063 -27.2 1.3 0.9 3.1
2021.3425 -120.25 -184.618 -29.8 1.3 0.9 3.1
2021.3452 -118.468 -184.174 -30.6 1.5 1.0 3.2
2021.3479 -123.093 -185.95 -21.9 1.3 0.9 3.0
2021.3507 -121.937 -183.619 -29.1 1.4 1.0 3.2
2021.3534 -122.177 -186.949 -25.9 1.2 0.9 3.0
2021.3562 -125.598 -186.616 -22.8 1.4 1.0 3.1
2021.3589 -124.586 -184.84 -26.1 1.3 0.9 3.0
2021.3616 -124.972 -184.285 -23.7 2.0 1.1 3.5
2021.3644 -127.573 -186.838 -32.1 1.4 1.0 3.1
2021.3671 -125.791 -186.616 -26.6 1.3 0.9 3.0
2021.3699 -122.611 -187.393 -30.5 1.4 1.0 3.1
2021.3726 -123.141 -186.061 -24.3 1.4 1.0 3.0
2021.3753 -121.455 -188.17 -30.5 1.3 0.9 3.0
2021.3781 -120.202 -191.057 -35.9 1.6 1.1 3.5
2021.3808 -126.032 -195.941 -31.3 1.4 1.0 3.1
2021.3836 -129.693 -198.162 -29 2.7 1.3 4.3
2021.3863 -133.644 -197.606 -31.4 1.6 1.1 3.5
2021.3890 -136.004 -194.498 -40.9 1.4 1.0 3.2
2021.3918 -133.74 -192.5 -43.3 1.3 1.0 3.1
2021.3945 -133.499 -188.17 -49.7 1.3 0.9 3.0
2021.3973 -131.476 -185.839 -47.2 1.3 1.0 3.0
2021.4000 -134.896 -187.726 -50 1.3 1.0 3.0
2021.4027 -134.704 -189.946 -39.8 1.7 1.1 3.3
2021.4055 -132.295 -189.058 -44 1.3 1.0 3.1
2021.4082 -133.451 -189.724 -46.1 1.7 1.1 3.3
2021.4110 -132.247 -190.279 -46.4 1.3 0.9 3.0
2021.4137 -135.908 -188.725 -49.2 1.3 0.9 3.0
2021.4164 -134.896 -186.949 -49.7 1.2 0.9 3.0
2021.4192 -121.792 -197.384 -47.3 1.3 0.9 3.0
2021.4219 -106.809 -216.035 -43.6 1.6 1.0 3.3
2021.4247 -108.881 -215.258 -54.3 1.3 0.9 3.0
2021.4274 -112.349 -215.591 -57 1.3 0.9 3.0
2021.4301 -110.278 -215.48 -63.9 1.3 0.9 3.1
2021.4329 -105.267 -216.257 -66.6 1.5 1.0 3.2
2021.4356 -109.218 -217.256 -59.3 1.3 1.0 3.0
2021.4384 -107.58 -215.147 -63.6 1.3 0.9 3.0
2021.4411 -109.218 -215.924 -80.9 1.3 1.0 3.1
2021.4438 -107.291 -214.037 -72.6 2.3 1.2 3.9
2021.4466 -110.326 -216.923 -73.2 1.8 1.1 3.4
2021.4493 -107.291 -217.811 -79.5 1.3 0.9 3.0
2021.4521 -109.218 -216.479 -76.6 1.3 1.0 3.1
2021.4548 -111.916 -221.142 -72 1.6 1.1 3.5
2021.4575 -116.83 -220.809 -76.4 1.8 1.2 3.5
2021.4603 -111.964 -220.809 -81.8 1.5 1.0 3.1
2021.4630 -102.955 -219.587 -85.4 1.7 1.1 3.4
2021.4658 -109.7 -222.03 -82.3 1.3 0.9 3.0
2021.4685 -112.157 -225.582 -79.9 1.2 0.9 3.0
2021.4712 -108.11 -230.245 -88.2 1.4 1.0 3.1
2021.4740 -104.159 -227.358 -97.4 1.5 1.0 3.3
2021.4767 -100.98 -226.026 -92.3 1.3 0.9 3.1
2021.4795 -112.253 -184.396 -96.2 1.4 1.0 3.1
2021.4822 -97.5107 -165.412 -92.5 1.7 1.0 3.4
2021.4849 -99.2933 -167.299 -94.7 1.5 1.0 3.3
2021.4877 -95.4873 -169.298 -93.7 1.4 1.0 3.1
2021.4904 -101.172 -170.963 -107 1.4 1.0 3.1
2021.4932 -93.9456 -168.41 -95.1 1.4 1.0 3.1
2021.4959 -92.1149 -171.074 -105.3 1.8 1.1 3.5
2021.4986 -92.3076 -176.736 -100.2 1.3 1.0 3.2
2021.5014 -91.5849 -171.851 -104.2 1.5 1.0 3.2
2021.5041 -96.4027 -172.517 -108.1 1.4 1.0 3.1
2021.5068 -89.9951 -170.741 -102.2 1.3 0.9 3.1
2021.5096 -94.5719 -169.076 -112.8 1.4 1.0 3.1
2021.5123 -85.1774 -171.629 -105.1 1.9 1.0 3.5
2021.5151 -95.1019 -167.077 -98.4 1.5 1.0 3.2
2021.5178 -97.9443 -167.521 -101.5 1.6 1.0 3.3
2021.5205 -99.6305 -171.851 -97.8 1.6 1.0 3.3
2021.5233 -99.0524 -164.968 -96.9 1.4 1.0 3.2
2021.5260 -98.4261 -170.186 -99.7 1.5 1.0 3.2
2021.5288 -98.137 -166.411 -111.6 1.5 1.0 3.2
2021.5315 -95.2946 -168.854 -100.8 1.4 1.0 3.1
2021.5342 -94.6201 -169.298 -105.6 1.6 1.2 3.4
2021.5370 -97.4626 -165.412 -109.1 1.9 1.2 3.7
2021.5397 -98.0407 -166.633 -107.8 1.5 1.1 3.3
2021.5425 -97.1735 -167.632 -103.7 1.6 1.0 3.5
2021.5452 -100.112 -168.076 -103.5 1.5 1.0 3.4
2021.5479 -94.5238 -163.303 -107.2 1.7 1.0 3.3
2021.5507 -93.0784 -164.857 -108.7 1.5 1.0 3.2
2021.5534 -100.16 -163.858 -101.7 1.6 1.1 3.3
2021.5562 -98.137 -162.415 -104.8 1.9 1.2 3.7
2021.5589 -89.5615 -162.748 -106.1 1.7 1.1 3.4
2021.5616 -95.6318 -164.302 -103.8 1.7 1.0 3.5
2021.5644 -97.7516 -166.411 -98.6 1.5 1.0 3.2
2021.5671 -96.8363 -168.299 -108.2 1.3 0.9 3.1
2021.5699 -92.5967 -165.301 -105.8 1.5 1.0 3.2
2021.5726 -96.7881 -169.853 -102.7 1.7 1.1 3.4
2021.5753 -97.2699 -165.19 -97.4 1.8 1.0 3.5
2021.5781 -97.1735 -165.301 -100.2 1.6 1.0 3.4
2021.5808 -97.7516 -166.855 -98.3 1.6 1.0 3.4
2021.5836 -98.2334 -167.41 -103.9 1.3 0.9 3.1
2021.5863 -101.028 -170.075 -96.7 1.5 1.1 3.3
2021.5890 -92.3558 -168.521 -110.3 2.0 1.2 3.8
2021.5918 -97.4626 -163.636 -108.3 1.6 1.0 3.3
2021.5945 -90.9105 -167.743 -96.6 1.3 0.9 3.1
2021.5973 -99.1969 -166.3 -98.5 1.6 1.1 3.5
2021.6000 -97.4626 -164.08 -106.9 2.1 1.2 4.0
2021.6027 -97.1253 -167.854 -104.1 1.5 1.0 3.3
2021.6055 -97.6553 -168.854 -99 1.7 1.1 3.5
2021.6082 -96.6917 -166.855 -102.1 1.6 1.0 3.3
2021.6110 -93.6084 -167.632 -104 1.6 1.0 3.3
2021.6137 -98.1852 -165.079 -108.5 1.3 0.9 3.2
2021.6164 -99.9196 -167.743 -107.5 1.5 1.0 3.3
2021.6192 -98.7634 -168.299 -106 1.5 1.0 3.2
2021.6219 -97.4626 -167.743 -109.6 1.7 1.1 3.5
2021.6247 -98.4743 -166.633 -100.7 1.5 1.0 3.3
2021.6274 -93.9938 -167.188 -98.6 1.3 1.0 3.2
2021.6301 -96.4508 -166.189 -106.6 1.5 1.0 3.2
2021.6329 -100.739 -165.523 -107.9 1.5 1.0 3.3
2021.6356 -96.3545 -166.744 -104.6 1.7 1.2 3.8
2021.6384 -99.6787 -166.966 -109.6 1.4 1.0 3.2
2021.6411 -90.6214 -166.744 -112.1 1.4 1.0 3.2
2021.6438 -71.3987 -194.165 -111.6 1.4 1.0 3.2
2021.6466 -71.495 -194.609 -100.6 1.5 1.0 3.4
2021.6493 -73.9039 -194.72 -107.5 1.9 1.2 3.8
2021.6521 -71.4469 -193.61 -103.2 1.4 1.0 3.3
2021.6548 -76.5055 -193.943 -100.2 2.2 1.4 4.2
2021.6575 -64.5093 -194.387 -100.8 2.1 1.4 4.0
2021.6603 -71.5432 -196.274 -101 1.5 1.0 3.3
2021.6630 -72.8922 -191.945 -106.9 1.5 1.0 3.3
2021.6658 -71.8323 -192.056 -106.6 1.9 1.1 3.7
2021.6685 -72.0732 -196.718 -110.8 1.5 1.0 3.4
2021.6712 -71.3505 -197.606 -108.6 1.4 1.0 3.3
2021.6740 -73.2776 -197.717 -107.9 1.9 1.3 3.9
2021.6767 -71.6396 -197.162 -102.8 1.6 1.1 3.5
2021.6795 -72.4586 -194.498 -105.5 1.6 1.1 3.5
2021.6822 -77.2281 -197.606 -103.7 1.3 1.0 3.2
2021.6849 -76.3609 -197.828 -111.4 1.5 1.0 3.4
2021.6877 -73.4221 -197.384 -109.6 1.6 1.1 3.4
2021.6904 -73.4221 -198.273 -109.1 1.5 1.0 3.3
2021.6932 -73.4703 -196.607 -107.2 1.6 1.0 3.4
2021.6959 -71.8804 -199.494 -108.2 1.4 1.0 3.3
2021.6986 -75.5419 -198.606 -102.2 1.5 1.1 3.4
2021.7014 -74.1448 -199.605 -100.9 1.5 1.1 3.5
2021.7041 -73.0849 -200.493 -105.8 1.4 1.0 3.2
2021.7068 -75.1083 -200.271 -108.9 1.5 1.0 3.4
2021.7096 -94.1865 -184.507 -103.7 1.3 0.9 3.1
2021.7123 -94.5719 -182.841 -99.4 1.5 1.1 3.4
2021.7151 -94.5238 -182.286 -106.4 1.7 1.1 3.7
2021.7178 -95.4873 -184.174 -102.5 1.3 1.0 3.1
2021.7205 -94.1383 -184.729 -111 1.3 0.9 3.1
2021.7233 -94.0902 -181.731 -108.1 1.3 1.0 3.1
2021.7260 -97.0771 -183.063 -105.1 1.8 1.2 3.5
2021.7288 -94.2829 -183.952 -109.8 1.5 1.1 3.3
2021.7315 -92.9339 -184.84 -104.5 1.6 1.1 3.5
2021.7342 -93.8011 -183.73 -103.4 1.4 1.0 3.2
2021.7370 -95.1982 -182.286 -113.1 1.3 0.9 3.1
2021.7397 -96.5472 -183.508 -107.3 1.3 1.0 3.2
2021.7425 -94.7646 -183.175 -108.1 1.5 1.1 3.4
2021.7452 -95.68 -182.952 -102.1 1.3 1.0 3.1
2021.7479 -96.2581 -185.506 -106.7 1.4 1.0 3.2
2021.7507 -100.498 -184.507 -109 1.7 1.2 3.6
2021.7534 -99.7269 -183.063 -111.4 1.5 1.2 3.6
2021.7562 -105.99 -196.274 -116.9 1.4 1.0 3.2
2021.7589 -122.997 -206.377 -110.8 1.5 1.0 3.3
2021.7616 -122.177 -211.594 -108.5 1.4 1.1 3.2
2021.7644 -121.937 -209.707 -110 1.6 1.3 3.8
2021.7671 -122.37 -209.596 -110.3 1.4 1.0 3.2
2021.7699 -122.515 -208.486 -108.4 1.4 1.0 3.2
2021.7726 -124.635 -209.818 -106.6 1.5 1.0 3.3
2021.7753 -123.575 -208.486 -109.9 1.5 1.1 3.4
2021.7781 -127.573 -207.598 -116.5 1.6 1.1 3.5
2021.7808 -116.3 -205.711 -117.8 2.3 1.6 4.8
2021.7836 -124.345 -206.821 -102.9 1.4 1.0 3.3
2021.7863 -124.345 -205.266 -103.8 1.5 1.2 3.4
2021.7890 -122.081 -203.268 -112.3 1.3 1.0 3.2
2021.7918 -120.25 -205.155 -113.1 1.3 1.0 3.2
2021.7945 -121.696 -205.044 -114.5 1.6 1.2 3.7
2021.7973 -121.358 -205.377 -112.9 1.7 1.1 3.7
2021.8000 -115.577 -205.377 -112.9 1.7 1.1 3.4
2021.8027 -120.539 -202.38 -107.8 1.4 1.0 3.2
2021.8055 -118.612 -202.713 -108.6 1.4 1.0 3.2
2021.8082 -122.707 -201.27 -105.2 1.3 1.0 3.2
2021.8110 -121.551 -201.27 -99.7 1.3 0.9 3.1
2021.8137 -120.106 -201.159 -112.3 1.5 1.0 3.2
2021.8164 -120.443 -200.16 -108.5 1.4 1.0 3.1
2021.8192 -118.612 -198.495 -101.9 1.3 1.0 3.0
2021.8219 -120.25 -198.495 -102.2 1.3 0.9 3.2
2021.8247 -118.805 -197.717 -110.8 1.3 1.0 3.2
2021.8274 -120.684 -197.051 -108.6 1.3 1.0 3.2
2021.8301 -118.323 -196.829 -113.3 1.4 1.0 3.3
2021.8329 -120.732 -195.386 -108.7 1.7 1.1 3.5
2021.8356 -121.503 -195.275 -101.2 1.5 1.1 3.4
2021.8384 -119.576 -193.388 -106.4 1.8 1.1 3.6
2021.8411 -118.661 -195.053 -107.9 1.5 1.1 3.4
2021.8438 -116.252 -192.278 -109.4 2.3 1.7 4.8
2021.8466 -114.999 -195.386 -107.5 1.4 1.0 3.3
2021.8493 -114.421 -195.83 -105.4 1.6 1.2 3.5
2021.8521 -116.733 -195.497 -112.2 1.4 1.0 3.3
2021.8548 -114.951 -194.609 -112.8 1.3 0.9 3.2
2021.8575 -115.674 -195.386 -112.9 1.4 1.0 3.2
2021.8603 -115.77 -195.941 -114.1 1.5 1.1 3.3
2021.8630 -113.795 -196.829 -108 1.5 1.0 3.2
2021.8658 -112.542 -196.163 -111.2 1.4 1.0 3.2
2021.8685 -112.879 -197.828 -113.1 1.4 1.0 3.3
2021.8712 -114.951 -198.606 -111.4 1.6 1.1 3.5
2021.8740 -114.951 -200.493 -108.7 1.5 1.0 3.3
2021.8767 -112.446 -201.159 -113.3 1.7 1.2 3.7
2021.8795 -114.758 -199.05 -110.6 1.5 1.1 3.3
2021.8822 -117.023 -201.159 -110.5 1.6 1.0 3.2
2021.8849 -117.36 -200.382 -116.6 1.3 0.9 3.2
2021.8877 -115.144 -201.048 -120.4 1.5 1.1 3.5
2021.8904 -115.047 -202.824 -114.5 1.6 1.0 3.4
2021.8932 -113.939 -202.158 -116.2 1.4 1.0 3.1
2021.8959 -113.409 -202.158 -121.3 1.6 1.0 3.3
2021.8986 -116.974 -203.601 -119.2 1.5 1.0 3.2
2021.9014 -116.83 -202.38 -110.6 1.6 1.0 3.4
2021.9041 -116.493 -204.711 -118 1.4 1.0 3.1
2021.9068 -116.204 -206.71 -119.6 1.4 1.0 3.1
2021.9096 -118.564 -208.708 -116.6 1.5 1.0 3.3
2021.9123 -117.263 -207.931 -106.2 1.6 1.0 3.3
2021.9151 -118.179 -209.596 -117.8 1.5 1.0 3.2
2021.9178 -116.541 -208.708 -117.5 1.8 1.3 3.7
2021.9205 -119.913 -210.151 -123 1.6 1.0 3.3
2021.9233 -119.672 -211.039 -120 1.8 1.2 3.6
2021.9260 -118.95 -210.706 -125.9 1.5 1.0 3.4
2021.9288 -115.529 -213.815 -117.5 1.5 1.0 3.3
2021.9315 -119.191 -213.815 -115.9 1.7 1.1 3.5
2021.9342 -120.154 -212.593 -112.4 1.5 1.0 3.3
2021.9370 -120.684 -213.149 -108.5 1.6 1.1 3.4
2021.9397 -118.275 -216.479 -117.9 1.5 1.0 3.3
2021.9425 -123.816 -215.924 -99 1.6 1.1 3.6
2021.9452 -117.023 -215.591 -104.7 1.5 1.0 3.4
2021.9479 -121.31 -216.923 -112.3 1.4 1.0 3.3
2021.9507 -117.842 -216.812 -114.8 1.6 1.1 3.3
2021.9534 -124.201 -218.366 -101.6 1.6 1.0 3.5
2021.9562 -119.383 -214.481 -109.5 1.7 1.1 3.6
2021.9589 -118.757 -219.587 -109.5 1.6 1.1 3.5
2021.9616 -119.383 -220.031 -108.7 1.5 1.1 3.4
2021.9644 -121.118 -218.366 -109.5 1.5 1.0 3.4
2021.9671 -120.78 -220.698 -103.9 1.7 1.1 3.5
2021.9699 -116.83 -217.7 -99.8 1.7 1.1 3.5
2021.9726 -126.128 -222.141 -99.1 1.6 1.1 3.5
2021.9753 -123.43 -222.03 -95.8 1.5 1.1 3.5
2021.9781 -120.395 -221.475 -103.6 1.4 1.0 3.3
2021.9808 -119.961 -221.031 -92.7 1.4 1.0 3.3
2021.9836 -127.092 -224.694 -94.9 1.7 1.2 3.6
2021.9863 -114.469 -220.253 -102.4 1.4 1.0 3.3
2021.9890 -121.31 -225.471 -94.9 1.7 1.1 3.6
2021.9918 -121.792 -221.475 -96.3 1.7 1.2 3.8
2021.9945 -124.538 -225.249 -97.2 1.5 1.0 3.4
2021.9973 -124.586 -220.031 -94.9 1.4 1.0 3.3
2022.0000 -123.623 -222.03 -102.6 1.4 1.0 3.2
2022.0027 -127.188 -223.14 -106 1.5 1.1 3.5
2022.0055 -125.935 -222.474 -105.4 1.5 1.0 3.4
2022.0082 -126.273 -223.695 -118.7 1.5 1.1 3.6
2022.0110 -125.454 -221.697 -108.4 1.5 1.1 3.4
2022.0137 -128.055 -222.363 -111.5 1.3 1.0 3.3
2022.0164 -127.381 -224.583 -106 1.3 1.0 3.2
2022.0192 -127.766 -222.252 -103.9 1.3 1.0 3.4
2022.0219 -128.392 -222.696 -99.8 1.5 1.0 3.4
2022.0247 -130.319 -217.811 -95.2 1.7 1.3 4.0
2022.0274 -127.959 -221.364 -102.4 1.4 1.0 3.3
2022.0301 -128.007 -220.809 -91 1.4 1.0 3.4
2022.0329 -123.912 -221.697 -94.1 1.3 1.0 3.3
2022.0356 -128.007 -221.364 -94 1.3 1.0 3.3
2022.0384 -127.429 -222.141 -97 1.7 1.1 3.7
2022.0411 -125.213 -220.92 -87.3 1.6 1.3 3.6
2022.0438 -122.852 -217.811 -91 1.7 1.2 3.6
2022.0466 -131.187 -224.916 -79.8 1.5 1.1 3.4
2022.0493 -130.271 -223.362 -79.9 1.6 1.1 3.5
2022.0521 -126.465 -219.254 -75.8 1.6 1.4 3.9
2022.0548 -128.007 -222.918 -70 1.3 1.0 3.3
2022.0575 -126.706 -222.918 -74.4 1.4 1.0 3.3
2022.0603 -127.814 -222.03 -75.1 1.6 1.2 3.6
2022.0630 -125.261 -216.812 -73 1.6 1.2 3.5
2022.0658 -127.573 -220.698 -72 1.4 1.0 3.4
2022.0685 -132.873 -222.252 -66.4 2.0 1.4 4.0
2022.0712 -129.5 -219.698 -69.9 1.5 1.1 3.4
2022.0740 -128.441 -220.809 -78.2 1.4 1.0 3.3
2022.0767 -136.245 -222.252 -85.5 1.4 1.0 3.3
2022.0795 -132.776 -216.923 -87.4 1.5 1.2 3.5
2022.0822 -135.908 -221.697 -82.2 1.4 1.1 3.3
2022.0849 -135.812 -221.919 -87.9 1.7 1.1 3.6
2022.0877 -137.353 -224.583 -92.4 1.4 1.0 3.2
2022.0904 -136.968 -221.475 -91 1.5 1.0 3.3
2022.0932 -134.366 -217.811 -80.8 1.7 1.3 3.8
2022.0959 -113.217 -219.92 -94.3 3.6 2.3 5.8
2022.0986 -131.138 -220.92 -85.4 1.4 1.1 3.3
2022.1014 -134.944 -222.141 -67.4 1.6 1.1 3.5
2022.1041 -135.185 -222.474 -80.2 1.5 1.0 3.3
2022.1068 -134.993 -222.474 -84.2 1.5 1.1 3.4
2022.1096 -135.426 -223.362 -75.3 1.4 1.0 3.3
2022.1123 -130.801 -223.362 -92.2 2.2 1.3 4.3
2022.1151 -141.689 -221.364 -84.6 1.6 1.2 3.8
2022.1178 -142.267 -219.254 -80.6 1.5 1.2 3.6
2022.1205 -151.614 -216.923 -81.4 1.7 1.2 3.5
2022.1233 -135.041 -214.37 -63.4 1.4 1.0 3.4
2022.1260 -130.56 -213.815 -58.4 1.4 1.0 3.3
2022.1288 -131.09 -214.259 -64.1 1.7 1.1 3.6
2022.1315 -129.982 -213.26 -65.1 1.3 0.9 3.2
2022.1342 -134.174 -215.369 -61.9 1.5 1.0 3.4
2022.1370 -137.112 -213.038 -62.1 1.7 1.3 3.9
2022.1397 -133.885 -213.26 -69.9 1.4 1.0 3.4
2022.1425 -135.956 -214.925 -61.1 1.6 1.1 3.6
2022.1452 -135.619 -215.702 -60.6 1.6 1.3 3.7
2022.1479 -131.572 -216.257 -68 1.5 1.1 3.4
2022.1507 -134.125 -217.145 -60.7 1.6 1.1 3.8
2022.1534 -132.198 -213.704 -58.2 1.5 1.1 3.6
2022.1562 -134.463 -215.369 -56.7 1.3 1.0 3.3
2022.1589 -133.788 -217.367 -60.5 1.5 1.1 3.6
2022.1616 -132.391 -215.147 -62.1 1.4 1.0 3.3
2022.1644 -133.499 -216.59 -58.4 1.4 1.0 3.3
2022.1671 -134.463 -217.034 -65 1.3 1.0 3.2
2022.1699 -136.053 -216.923 -57.5 1.3 0.9 3.2
2022.1726 -136.004 -217.256 -51.7 1.6 1.1 3.5
2022.1753 -133.066 -219.698 -63.9 2.4 1.4 4.2
2022.1781 -133.258 -214.37 -58.4 1.6 1.2 3.6
2022.1808 -134.27 -214.481 -66.5 1.8 1.1 3.4
2022.1836 -137.594 -214.925 -71.7 1.3 0.9 3.2
2022.1863 -135.474 -214.814 -55.9 1.4 1.0 3.3
2022.1890 -132.439 -214.592 -58.6 2.1 1.3 4.0
2022.1918 -124.635 -215.924 -61.6 1.8 1.3 3.8
2022.1945 -132.487 -214.814 -68.3 1.5 1.1 3.7
2022.1973 -130.319 -217.367 -60.9 2.1 1.2 4.1
2022.2000 -134.704 -217.811 -54.1 1.3 1.0 3.2
2022.2027 -135.426 -217.367 -52.1 1.3 0.9 3.2
2022.2055 -132.776 -215.147 -62.5 1.5 1.0 3.4
2022.2082 -133.692 -218.921 -61.5 1.4 1.0 3.4
2022.2110 -134.125 -215.48 -52.9 1.4 1.0 3.4
2022.2137 -138.702 -218.366 -56.1 1.4 1.1 3.4
2022.2164 -138.028 -215.48 -55.8 1.6 1.1 3.5
2022.2192 -133.114 -215.48 -59 1.3 1.0 3.3
2022.2219 -135.378 -215.591 -57.1 1.5 1.0 3.3
2022.2247 -134.27 -217.034 -58.8 1.4 1.1 3.3
2022.2274 -133.692 -216.479 -67.5 1.5 1.1 3.5
2022.2301 -135.667 -217.589 -65.4 1.7 1.2 3.7
2022.2329 -133.306 -218.033 -59.5 1.5 1.0 3.4
2022.2356 -141.111 -218.255 -55.8 1.9 1.1 3.6
2022.2384 -140.774 -217.922 -50.7 1.6 1.1 3.3
2022.2411 -136.534 -220.142 -52.6 1.4 1.0 3.3
2022.2438 -139.088 -218.366 -59.3 1.4 1.0 3.3
2022.2466 -138.221 -220.475 -63 2.0 1.3 4.1
2022.2493 -137.98 -219.254 -61.8 1.8 1.2 3.8
2022.2521 -135.86 -217.478 -52.8 1.7 1.2 3.8
2022.2548 -138.221 -218.366 -50.8 1.5 1.1 3.3
2022.2575 -144.532 -218.477 -50.9 1.7 1.2 3.8
2022.2603 -140.581 -220.698 -51.9 1.5 1.1 3.4
2022.2630 -141.111 -219.587 -57 1.6 1.1 3.6
2022.2658 -135.956 -218.255 -53.4 2.8 1.4 4.5
2022.2685 -141.689 -219.698 -54.2 1.5 1.1 3.7
2022.2712 -140.678 -219.476 -54.7 2.5 1.2 4.2
2022.2740 -137.691 -215.147 -67 1.7 1.2 4.0
2022.2767 -139.04 -221.586 -61.9 1.7 1.3 3.7
2022.2795 -140.003 -220.031 -59.1 1.9 1.0 3.6
2022.2822 -140.822 -219.809 -64.6 1.7 1.2 3.9
2022.2849 -137.546 -221.142 -67.1 3.3 1.6 5.3
2022.2877 -141.304 -220.031 -64.6 2.0 1.2 3.8
2022.2904 -140.051 -217.256 -59.2 1.7 1.0 3.6
2022.2932 -142.123 -220.809 -61.4 1.6 1.1 3.4
2022.2959 -138.654 -220.698 -59.4 1.6 1.1 3.6
2022.2986 -138.606 -219.032 -61.4 1.6 1.1 3.4
2022.3014 -137.739 -220.364 -61 1.4 1.0 3.4
2022.3041 -145.592 -218.366 -55.8 2.3 1.2 4.0
2022.3068 -144.58 -220.364 -56.7 1.5 1.1 3.4
2022.3096 -144.002 -220.253 -59.5 2.2 1.1 3.6
2022.3123 -142.797 -220.031 -62.9 1.4 1.0 3.2
2022.3151 -141.593 -220.142 -62.1 1.5 1.0 3.3
2022.3178 -143.665 -220.475 -61.9 1.4 1.0 3.3
2022.3205 -141.689 -219.698 -54 2.1 1.2 3.9
2022.3233 -141.352 -219.032 -53.1 2.0 1.4 4.0
2022.3260 -142.267 -218.699 -60.9 2.5 1.3 4.2
2022.3288 -134.848 -220.031 -67.6 2.0 1.3 4.0
2022.3315 -139.184 -219.143 -62.1 1.6 1.1 3.4
2022.3342 -143.857 -218.588 -53.9 1.4 1.0 3.3
2022.3370 -137.931 -218.477 -47.3 1.8 1.1 3.6
2022.3397 -135.571 -219.476 -49.2 2.1 1.2 3.9
2022.3425 -142.556 -219.92 -54.5 1.5 1.1 3.4
2022.3452 -147.711 -218.255 -51.7 1.6 1.1 3.5
2022.3479 -143.954 -219.254 -48.3 1.4 1.0 3.3
2022.3507 -149.301 -220.587 -52 1.8 1.0 3.5
2022.3534 -147.519 -224.472 -50.1 1.6 1.1 3.7
2022.3562 -147.567 -223.473 -54.7 1.3 0.9 3.1
2022.3589 -145.881 -220.364 -54 1.5 1.0 3.3
2022.3616 -147.181 -223.251 -52.4 1.6 1.1 3.5
2022.3644 -153.734 -222.03 -50.2 1.8 1.1 3.5
2022.3671 -148.145 -222.696 -61.2 1.4 1.1 3.5
2022.3699 -145.399 -225.804 -53.1 1.7 1.2 3.6
2022.3726 -145.303 -221.919 -51.7 1.8 1.1 3.7
2022.3753 -147.519 -222.252 -55.2 1.8 1.1 3.7
2022.3781 -146.122 -224.25 -52.6 1.4 0.9 3.1
2022.3808 -147.615 -226.359 -60.9 1.4 1.0 3.3
2022.3836 -149.446 -225.804 -61.7 1.7 1.0 3.4
2022.3863 -148.771 -225.582 -52.2 1.7 1.1 3.4
2022.3890 -147.23 -228.247 -62.9 2.0 1.1 3.6
2022.3918 -146.844 -230.023 -61.2 1.4 1.0 3.2
2022.3945 -148.771 -235.796 -59 1.4 0.9 3.1
2022.3973 -150.458 -238.793 -59.2 1.5 1.0 3.4
2022.4000 -157.829 -239.348 -59.3 1.4 1.0 3.3
2022.4027 -156.721 -236.684 -62 1.7 1.2 3.7
2022.4055 -155.227 -235.796 -65.1 1.7 1.1 3.8
2022.4082 -146.844 -216.701 -64.5 2.0 1.2 3.9
2022.4110 -136.968 -208.819 -63.5 1.6 1.1 3.4
2022.4137 -137.498 -206.155 -66.2 2.0 1.2 3.8
2022.4164 -139.618 -207.265 -69.3 1.4 1.0 3.2
2022.4192 -134.029 -208.93 -68 1.4 0.9 3.2
2022.4219 -137.016 -203.823 -64.5 1.5 1.0 3.2
2022.4247 -137.498 -205.933 -72.3 1.4 1.0 3.1
2022.4274 -137.931 -204.822 -75.6 1.5 1.0 3.2
2022.4301 -137.064 -251.116 -81.8 1.7 1.0 3.4
2022.4329 -147.326 -257.665 -77.7 2.2 1.3 4.0
2022.4356 -148.482 -258.665 -79 1.5 1.0 3.2
2022.4384 -146.796 -258.221 -74.5 1.7 1.0 3.4
2022.4411 -145.11 -257.888 -81.3 1.4 1.0 3.0
2022.4438 -148.627 -255.778 -86.1 1.6 1.0 3.1
2022.4466 -148 -255.223 -82.8 1.9 1.1 3.7
2022.4493 -146.603 -257.665 -94.1 1.7 1.0 3.3
2022.4521 -151.71 -255.001 -99.4 1.6 1.0 3.1
2022.4548 -154.312 -258.665 -95.2 1.9 1.2 3.6
2022.4575 -151.373 -260.663 -81.8 1.6 1.0 3.3
2022.4603 -153.445 -262.661 -95.1 1.5 1.0 3.2
2022.4630 -145.206 -263.549 -91.7 1.7 1.0 3.2
2022.4658 -145.399 -264.104 -103.6 2.0 1.1 3.3
2022.4685 -159.9 -264.326 -104.1 1.9 1.1 3.5
2022.4712 -159.033 -268.212 -97.7 1.4 1.0 3.1
2022.4740 -161.346 -265.659 -102.4 1.9 1.1 3.4
2022.4767 -155.902 -270.543 -108.5 1.7 1.0 3.4
2022.4795 -156.094 -272.541 -107.5 1.4 0.9 3.1
2022.4822 -152.529 -274.429 -117.3 2.3 1.4 3.7
2022.4849 -155.034 -276.649 -114.6 1.7 1.0 3.3
2022.4877 -149.639 -274.429 -111.6 1.8 1.1 3.5
2022.4904 -151.228 -278.869 -110.8 1.6 1.0 3.1
2022.4932 -145.833 -277.315 -113.7 1.6 0.9 3.2
2022.4959 -155.179 -278.314 -116.4 1.6 1.0 3.3
2022.4986 -141.545 -281.423 -123.6 1.4 0.9 3.1
2022.5014 -139.04 -282.644 -105.1 2.4 1.4 4.5
2022.5041 -142.027 -281.423 -122.8 1.3 0.9 3.0
2022.5068 -142.075 -284.642 -115.5 1.9 1.2 3.9
2022.5096 -143.135 -283.643 -111.2 1.5 1.0 3.5
2022.5123 -139.28 -279.535 -131.1 1.7 1.0 3.6
2022.5151 -151.566 -286.196 -137.7 2.2 1.5 4.3
2022.5178 -131.379 -283.976 -125.8 1.8 1.1 3.5
2022.5205 -129.019 -280.646 -124.5 1.5 0.9 3.1
2022.5233 -140.099 -278.203 -126.5 1.6 1.0 3.4
2022.5260 -133.836 -277.981 -136.4 1.4 1.0 3.2
2022.5288 -129.308 -277.426 -123.9 1.8 1.1 3.4
2022.5315 -131.235 -276.205 -130.2 1.5 1.1 3.2
2022.5342 -134.415 -275.761 -132.7 1.4 1.0 3.1
2022.5370 -130.127 -274.318 -141.2 1.6 1.1 3.4
2022.5397 -125.164 -273.763 -139.4 1.6 1.0 3.2
2022.5425 -127.188 -274.984 -131.8 1.5 0.9 3.1
2022.5452 -127.284 -271.764 -133.1 1.6 1.0 3.3
2022.5479 -128.007 -272.652 -120.7 2.5 1.4 4.4
2022.5507 -129.934 -271.32 -135.3 1.4 1.1 3.3
2022.5534 -130.849 -270.876 -131.7 1.6 1.0 3.3
2022.5562 -127.67 -269.544 -131 1.6 0.9 3.3
2022.5589 -125.502 -266.88 -143.5 1.9 1.1 3.6
2022.5616 -122.467 -267.102 -141.3 1.7 1.0 3.4
2022.5644 -126.706 -269.655 -138.2 1.3 1.0 3.1
2022.5671 -125.068 -270.765 -132.2 1.4 1.0 3.2
2022.5699 -127.332 -266.547 -142.9 1.6 1.0 3.3
2022.5726 -122.756 -269.1 -134.9 1.5 1.0 3.2
2022.5753 -122.081 -267.435 -144.9 1.3 0.9 3.0
2022.5781 -121.648 -268.212 -142.4 1.4 1.0 3.2
2022.5808 -127.284 -271.32 -134.1 1.5 1.0 3.2
2022.5836 -126.803 -269.988 -131.8 1.6 1.0 3.3
2022.5863 -123.671 -271.098 -135.9 1.6 1.1 3.4
2022.5890 -127.573 -269.766 -136.5 1.6 1.1 3.3
2022.5918 -122.852 -268.212 -139.1 1.6 1.1 3.4
