1995.7151 0 0 0 2.2 1.6 4.5
1995.7178 -2.2141 -1.22189 -1.1 1.5 1.0 3.0
1995.7205 -3.4218 1.88837 -5.1 1.5 1.0 2.9
1995.7233 -4.96496 -2.77701 -0.1 2.0 1.3 3.8
1996.6849 -26.9047 -2.8881 0.5 2.2 1.5 4.5
1996.6877 -24.8919 -7.10916 3.8 2.1 1.3 3.7
1996.6932 -15.3645 -5.22079 10.5 2.1 1.5 4.6
1996.6959 -21.4701 -3.9989 3.3 1.8 1.1 3.4
1996.6986 -24.3552 -3.77674 -12.3 2.7 1.6 4.9
2002.5123 -118.421 -45.7652 16.4 1.9 1.7 4.1
2002.5151 -117.28 -47.6536 16.2 1.8 1.1 3.4
2002.5178 -120.836 -49.2087 22.1 1.9 1.5 3.9
2002.5205 -121.172 -47.9868 22.5 1.6 1.0 2.9
2002.5233 -121.977 -47.4314 14.5 1.9 1.1 3.4
2006.5534 -199.873 -73.091 23.7 2.1 1.5 4.0
2006.5562 -187.998 -71.8691 13.2 1.3 0.9 2.6
2006.5589 -185.582 -72.9799 16.3 1.4 1.0 3.0
2006.5616 -192.828 -70.7583 15.2 2.1 1.4 3.9
2006.5644 -183.838 -71.647 32.5 1.7 1.0 3.3
2011.4301 -275.488 -102.972 12.5 1.8 1.1 3.5
2011.4438 -267.638 -114.191 14.6 1.8 1.2 3.6
2011.5397 -275.824 -105.082 28.7 1.6 1.1 3.4
