2002.8247 0 0 0 1.7 1.2 3.5
2002.8274 0.247992 2.3314 4.1 1.5 1.0 3.0
2002.8301 2.47991 2.10936 8.2 1.6 1.1 3.3
2002.8329 -5.30702 2.3314 -1.1 1.7 1.2 3.4
2002.8356 -3.42228 1.66529 4.5 1.4 0.9 3.0
2002.8384 -1.68634 2.10936 3 1.9 1.3 3.6
2002.8411 -3.76947 -9.99171 10.2 2.5 1.6 4.2
2002.8438 -46.6224 -33.5278 -16.3 1.9 1.3 3.4
2002.8466 -44.4401 -30.4192 -16.6 1.8 1.2 3.3
2002.8493 -44.5889 -31.1964 -24.8 1.7 1.2 3.3
2002.8521 -46.5232 -33.8608 -13.2 1.5 1.1 3.0
2002.8548 -48.8543 -35.193 -22.9 1.5 1.0 3.0
2002.8575 -55.1533 -36.1922 -14.8 2.2 1.4 4.6
2002.8658 -50.7886 -32.3065 -9.5 1.7 1.1 3.2
2002.8685 -52.8222 -37.7465 -16.6 1.5 1.0 3.0
2002.8712 -48.0607 -39.3007 -15.5 1.5 1.0 3.0
2002.8740 -49.9455 -37.7465 -13.6 1.5 1.0 3.0
2002.8767 -49.1519 -37.5244 -9.5 1.5 1.0 3.1
2002.8795 -51.2846 -36.1922 6.7 1.5 1.0 3.1
2002.8822 -44.1425 -33.3057 -10 1.7 1.2 3.3
2002.8849 -48.1599 -40.966 -11.3 1.5 1.0 3.1
2002.8877 -44.6385 -42.1872 -16.6 1.6 1.0 3.2
2002.8904 -46.7712 -38.9677 -18.4 2.2 1.4 4.1
2002.8932 -52.5742 -39.7448 -18.5 1.7 1.1 3.2
2002.8959 -45.1344 -43.7415 -29.4 1.7 1.1 3.4
2002.8986 -47.0192 -42.7423 -11.8 1.8 1.2 3.6
2004.5288 -84.8627 -81.377 -19.1 3.1 2.3 6.3
2004.5315 -93.344 -75.3819 -18.7 1.5 1.0 3.0
