1997.6055 0 0 0 8.9 3.3 12.7
1997.6082 -16.6682 -8.21541 22.5 1.5 1.3 3.9
1997.6110 -8.8302 -3.99669 18.6 1.6 1.3 4.0
1997.6137 -11.4594 -1.11019 18.8 2.1 1.8 5.1
1998.3753 -23.6629 -19.9834 17.2 1.4 1.1 3.0
1998.3781 -16.321 -15.5427 15.2 1.6 1.2 3.3
1998.3808 -15.1304 -24.2022 20.6 1.4 1.0 3.0
1999.3918 -23.8118 -50.0696 49.5 6.4 3.5 9.3
1999.3945 -33.1877 -42.2983 21.2 1.5 1.2 3.3
1999.3973 -25.3 -42.5203 31.5 1.7 1.3 3.6
1999.4000 21.9267 -47.2941 0.2 45.5 10.8 26.8
2000.4247 -42.8612 -67.3886 12 1.5 1.1 3.0
2000.4274 -42.0675 -66.0563 10.8 1.3 1.1 3.0
2000.4301 -46.681 -67.9437 21.7 1.8 1.5 3.7
