2002.3534 0 0 0 1.6 1.2 3.5
2002.8356 28.0484 11.4373 51.4 26.3 19.1 36.4
2002.8466 -0.283891 3.88647 -14.9 3.7 2.8 6.5
2002.8493 -9.42518 -0.222084 6.9 1.7 1.2 3.3
2002.8521 -3.86092 5.77419 19.3 1.7 1.1 3.3
2002.8548 -4.4287 5.88523 18.4 2.7 2.1 5.2
2003.5781 -15.2166 -6.10731 48.8 2.0 1.4 4.1
2003.5808 -15.3869 -8.66128 43 2.3 1.6 4.7
2003.5836 -14.3081 -9.10545 47 2.1 1.4 4.2
2003.5863 -15.9547 -4.99689 51.7 2.0 1.3 4.0
2003.5890 -11.015 -6.44044 47.3 1.8 1.3 3.9
2004.4795 -27.1968 -10.9932 63.9 1.9 1.1 3.6
2004.4822 -25.5502 -13.4361 53.6 1.7 1.0 3.2
2004.4849 -19.9292 -10.2159 53.8 2.0 1.3 4.0
2005.7315 -40.8235 -28.982 92.7 1.6 1.1 3.2
2005.7342 -30.4331 -31.647 116 1.6 1.1 3.2
2006.4548 -46.5014 -39.0868 113.8 1.8 1.1 3.2
2006.4575 -42.9811 -40.9745 112.7 1.7 1.1 3.2
2006.4603 -41.9591 -37.1991 125 2.1 1.3 3.8
2007.4548 -47.5801 -44.861 126.5 1.6 1.0 3.0
2007.4575 -51.8385 -45.5272 120.8 1.6 1.0 3.0
2007.4603 -52.2927 -42.307 121.7 1.6 1.0 3.0
2007.4630 -47.353 -44.972 120.5 1.6 1.0 3.0
2007.4658 -49.9648 -44.75 129.9 1.7 1.0 3.1
2008.4603 -56.835 -50.9683 135.1 1.6 1.1 3.0
2008.4630 -54.9045 -51.4125 143.9 1.6 1.1 3.0
2009.6932 -80.4547 -75.2865 187.1 1.7 1.1 3.1
2009.6959 -85.6783 -82.7263 174.8 1.6 1.1 3.1
2009.6986 -74.6066 -75.3976 198.1 1.6 1.0 3.0
2009.7014 -75.9125 -70.5117 191.8 1.6 1.1 3.2
2009.7096 -75.6854 -70.5117 190.6 1.6 1.1 3.1
2010.3945 -77.2184 -71.5111 198.1 1.7 1.1 3.3
2010.3973 -81.7038 -70.4007 190.2 1.6 1.0 3.2
2010.4000 -83.5775 -73.0657 199.5 1.5 1.0 3.1
2010.4027 -82.1581 -71.178 198.2 1.5 1.0 3.1
2010.4055 -82.8394 -70.8448 191.8 1.6 1.0 3.1
2010.4082 -82.0445 -71.9553 202.2 2.0 1.3 3.7
2010.4110 -81.3064 -72.1773 198 1.7 1.1 3.2
2010.4137 -78.9785 -72.7326 198.3 1.6 1.0 3.1
2010.4164 -83.1233 -70.2896 199.2 1.5 1.0 3.1
2010.4192 -82.2148 -72.7326 210.7 1.5 1.0 3.2
2011.4219 -92.9459 -90.7214 222.6 3.3 2.5 6.3
2011.4247 -88.5172 -85.8355 221.6 2.2 1.3 3.8
2011.4274 -91.0723 -86.6128 223.5 1.6 1.0 3.1
2011.4301 -90.4477 -86.2797 220.4 1.6 1.0 3.0
2011.4329 -89.1986 -84.6141 219.2 1.5 1.0 2.9
2011.4356 -89.596 -84.7251 222.9 1.6 1.0 3.1
2011.4384 -92.151 -88.8337 228.8 1.6 1.0 3.0
2011.4411 -90.2206 -87.6122 223.8 1.6 1.0 3.0
2011.4438 -88.2333 -85.1693 222.8 1.9 1.1 3.4
2012.4630 -107.254 -100.049 229 1.9 1.2 3.5
2012.4658 -112.364 -98.7164 241.3 1.7 1.0 3.0
2013.3973 -108.56 -112.375 251 1.9 1.4 3.7
2013.4000 -111.967 -113.263 264.4 1.7 1.1 3.3
2013.4027 -108.446 -112.819 261.6 1.6 1.0 3.3
2015.4027 -135.132 -136.027 313.6 1.8 1.1 3.4
2015.4055 -134.621 -136.804 314.1 1.6 1.0 3.2
2015.4082 -133.429 -136.36 311.6 1.6 1.0 3.2
2015.4630 -132.975 -130.474 288.9 1.9 1.1 3.4
2015.4658 -135.87 -131.696 316.6 1.7 1.0 3.1
2015.4685 -135.473 -133.139 318.3 2.1 1.2 4.0
2017.7123 -157.503 -158.346 402.5 1.7 1.1 3.4
2017.7151 -151.655 -159.901 403 1.6 1.0 3.2
2017.7178 -153.415 -158.568 408.2 1.6 1.0 3.0
2017.7205 -153.699 -158.457 406.2 1.5 1.0 3.1
2017.7233 -155.005 -157.569 402.3 1.6 1.0 3.0
2019.4548 -167.212 -171.893 440.8 1.6 1.0 3.2
2019.4575 -159.604 -170.672 426.7 1.6 1.0 3.2
2019.4603 -159.263 -172.781 427.9 1.6 1.0 3.3
2021.5096 -196.169 -195.434 498.8 2.2 1.5 4.7
2021.5123 -201.165 -198.432 496.6 2.1 1.3 3.9
2021.5151 -192.876 -195.101 491.1 2.2 1.4 4.4
