2018.7890 0 0 0 7.2 3.2 9.9
2018.9452 4.09573 5.77357 -65.8 1.2 0.8 2.5
2018.9479 0.85106 5.44048 -64.8 1.2 0.8 2.5
2018.9507 1.54255 5.55151 -61 1.2 0.8 2.5
2018.9534 2.60637 5.8846 -56.9 1.2 0.8 2.5
2018.9562 2.55318 8.32726 -58.7 1.1 0.8 2.5
2018.9589 -0.159574 7.21696 -63.1 1.3 0.9 2.7
2019.0493 8.82975 10.1037 -75.3 1.2 1.0 2.8
2019.0521 -0.372338 5.21842 -63.2 1.1 0.8 2.5
2019.0548 0 5.44048 -64.5 1.2 0.9 2.6
2019.0575 -2.49999 1.44339 -55.8 2.4 1.4 4.5
2019.1425 2.34042 6.77284 -80.6 1.1 0.8 2.5
2019.1452 0.585104 7.66108 -88 1.1 0.8 2.5
2019.1479 0.478722 4.33018 -86.2 1.1 0.8 2.5
2019.1507 0.957443 5.10739 -78.2 1.1 0.9 2.5
2019.1534 1.59574 6.43975 -80.2 1.3 0.9 2.9
2019.3041 -3.35105 2.99781 -75.3 1.2 0.8 2.6
2019.3068 -1.91488 0.33309 -75.9 1.1 0.8 2.5
2019.3096 -1.64893 1.99854 -77.8 1.1 0.8 2.6
2019.3123 -0.744677 4.88533 -75.1 1.2 0.9 2.7
2019.3863 0.585104 -3.88606 -83.5 1.2 0.9 2.6
2019.3890 -0.638294 -2.66472 -75.3 1.1 0.8 2.5
2019.3918 -2.49999 -0.555151 -67.1 1.2 0.9 2.8
2019.5370 -2.4468 -6.32872 -86.3 1.2 0.9 2.6
2019.5397 -6.43614 -2.55369 -78.5 1.2 0.9 2.6
2019.5425 0.372339 -7.21696 -90.9 1.1 0.9 2.7
2019.5452 -5.95742 -5.21842 -77.7 1.2 0.9 2.7
2019.5479 -4.09573 -7.66108 -79.7 1.2 0.9 2.8
2019.5507 -0.744677 -5.66254 -73.4 1.1 0.9 2.6
2019.5534 -3.35105 -3.21987 -86 1.1 0.9 2.6
2019.7123 -6.17019 -1.1103 -54.9 3.2 2.0 6.0
2019.8795 -6.7021 -12.3243 -62.4 1.2 0.8 2.7
2019.8822 -9.52123 -10.4368 -64.5 1.2 0.8 2.6
2019.8849 -6.96805 -11.4361 -52.1 1.2 0.8 2.6
2020.4356 -15.6382 -13.4347 -73.9 1.2 0.9 2.7
2020.4384 -13.617 -12.1023 -78.5 1.2 0.9 2.7
2020.4411 -17.3403 -13.8788 -81.9 1.4 1.0 3.0
