1995.5945 0 0 0 3.2 2.2 6.3
1995.5973 0.0561257 -0.444159 -7.6 1.7 1.4 4.1
1995.6000 0.280624 -1.55456 -4.9 1.4 1.2 3.2
1995.6027 4.88285 0.666239 -14.4 1.8 1.5 4.1
1996.4192 8.53096 -20.9865 27.3 1.6 1.3 3.6
1996.4219 6.45434 -18.2105 31.2 1.5 1.1 3.1
1996.4247 5.50022 -21.6528 34.2 1.5 1.1 3.1
1996.4274 3.19911 -17.4333 20.8 1.5 1.1 3.1
1996.4301 2.52561 -17.1001 35.1 1.5 1.1 3.1
1996.4329 2.58174 -12.8806 32.3 1.5 1.1 3.0
1996.4356 8.75546 -19.6541 32.8 1.5 1.1 3.2
1996.4384 6.95947 -20.0982 34.2 1.5 1.1 3.0
1996.4411 6.1176 -19.0989 23 1.5 1.0 3.0
1996.4438 2.41336 -20.3203 25.6 1.6 1.2 3.3
1997.3726 0.448998 -54.4095 22.9 1.5 1.1 3.0
1997.3753 2.52561 -50.19 25.6 1.5 1.1 3.1
1997.3781 -1.51537 -52.6329 21 1.5 1.0 2.9
1997.3808 -1.51537 -58.518 23.2 1.5 1.1 3.1
1997.3836 -4.15323 -54.5206 23.5 1.6 1.1 3.1
1997.3863 13.7506 -34.7555 50.2 9.9 5.3 10.0
1998.4164 -3.25523 -81.2812 55 7.6 3.4 10.1
1998.4192 -6.17372 -86.5 46.8 1.5 1.0 3.0
1998.4219 -4.26548 -84.9455 41.4 1.5 1.0 2.9
1998.4247 -4.7706 -88.6098 42.8 1.4 1.0 2.9
1998.4274 -4.15323 -90.2754 38.5 1.4 1.0 2.9
1998.4301 -6.39822 -87.9436 40.6 1.4 1.0 2.9
1998.4329 -8.13808 -85.6117 45.7 1.4 1.0 2.9
1998.4356 -10.1586 -84.1682 52.3 1.5 1.1 2.9
1998.4384 -6.11759 -87.1663 39.5 1.8 1.2 3.3
1998.7507 -1.40312 -93.7176 58.3 3.1 2.4 6.1
1998.7534 -11.0566 -93.3845 46.6 1.6 1.0 3.0
1998.7562 -11.1688 -97.7151 44.7 1.5 1.0 2.9
1998.7589 -9.59733 -95.6053 51.1 1.9 1.1 3.6
1999.4685 -15.6027 -120.922 45.2 1.8 1.2 3.5
1999.4712 -17.567 -118.368 43.7 1.4 1.0 2.9
1999.4740 -15.771 -120.034 41.1 1.5 1.0 3.0
1999.4767 -17.5109 -118.591 44.7 1.4 1.0 2.9
1999.4795 -19.1947 -120.256 39.1 1.5 1.1 3.0
1999.4822 -19.9243 -118.702 42.7 1.6 1.2 3.3
2000.3890 -17.9599 -146.795 48.6 3.0 2.3 6.7
2000.4493 -23.1234 -150.681 86.5 14.0 7.2 29.4
2000.4521 -16.9497 -147.017 37.4 1.7 1.3 4.1
2000.4548 -14.7047 -148.682 48.3 1.6 1.3 4.2
2000.4575 -19.4753 -148.238 47.5 1.8 1.4 4.3
2000.4603 -17.7354 -146.906 46.4 1.8 1.5 4.4
2000.6877 -21.3274 -158.787 50.2 1.6 1.1 3.4
2000.6904 -21.6641 -155.789 54.8 1.6 1.1 3.3
2000.6932 -19.9243 -157.232 63.9 1.5 1.1 3.2
2000.6959 -19.4753 -156.122 71.3 1.7 1.2 3.3
2001.6767 -27.1644 -190.877 70.8 4.0 3.4 7.5
2001.6795 -26.9399 -183.549 85.9 3.1 2.4 6.1
2001.6822 -21.0468 -191.544 77 3.9 3.3 6.9
2001.6849 -23.6846 -189.545 67 1.4 1.0 3.1
2001.6877 -25.7051 -184.659 63.6 1.5 1.0 3.1
2001.6904 -26.7154 -186.325 74.3 1.8 1.2 3.9
2001.6932 -2900.36 -2293.75 118.8 1.7 1.3 4.0
2002.4959 -35.3586 -207.2 52.2 1.8 1.1 3.8
2002.4986 -37.9403 -206.867 53.1 1.5 1.0 3.3
2002.5014 -33.3381 -206.978 57.7 1.4 1.0 3.2
2002.5041 -47.0886 -192.432 58.5 3.3 3.0 7.4
2002.8767 -10.6637 -242.289 121.5 29.3 15.0 20.2
2002.8795 -37.5474 -222.746 97.7 1.5 1.2 3.4
2003.4877 -41.4762 -243.288 81 1.4 1.0 2.9
2003.4904 -40.4659 -244.177 83.5 1.6 1.1 3.1
2003.6603 -40.2414 -250.728 97 1.4 1.0 2.9
2003.6630 -37.8842 -253.615 88.1 1.3 0.9 2.8
2003.6658 -33.282 -251.616 82.4 3.5 1.9 6.0
2003.6712 -41.42 -251.727 86.4 1.5 1.0 3.0
2003.6740 -40.1292 -250.839 85 1.4 1.0 2.9
2003.6767 -38.8944 -250.284 91.1 1.8 1.1 3.5
2004.5671 -48.8846 -282.485 77.3 2.7 1.7 4.1
2004.5699 -53.543 -279.487 89.1 1.5 1.0 2.8
2004.5726 -51.1296 -275.601 90.5 2.1 1.4 3.8
2004.5753 -48.9408 -277.489 86.8 1.4 1.0 2.7
2004.5781 -49.951 -276.6 88.8 1.3 1.0 2.6
2004.5808 -52.196 -277.711 88.8 1.6 1.0 3.0
2005.3425 -47.4254 -299.03 132.3 2.3 1.3 4.1
2006.3781 -62.9158 -329.455 114.9 3.8 2.0 6.0
2006.3808 -56.8543 -326.679 121.6 1.4 0.9 2.8
2006.3836 -56.3492 -329.233 124.3 1.5 0.9 2.8
2008.6000 -75.151 -378.979 151.5 1.2 0.9 2.4
2008.6027 -87.1056 -376.98 146.6 1.4 1.0 2.9
2010.3534 -90.6414 -423.95 142.9 1.2 0.8 2.5
2010.3562 -96.31 -426.06 140.7 1.1 0.9 2.5
2010.3589 -87.4984 -422.507 143.4 1.3 0.9 2.6
2011.6685 -99.2285 -464.036 162.7 1.4 0.9 2.9
2011.6712 -102.371 -464.924 168.1 1.4 0.9 2.8
2011.6740 -101.361 -465.479 161.6 1.3 0.9 2.7
2011.6767 -100.744 -464.924 171 1.3 0.9 2.7
2011.6795 -98.4989 -463.813 171.2 1.4 0.9 2.7
2011.6822 -101.024 -466.7 164.8 2.1 1.4 4.0
2012.5315 -105.739 -486.688 177.4 1.1 0.8 2.4
2012.5342 -107.086 -486.577 180.9 1.1 0.8 2.3
2013.7808 -116.29 -505.564 190.8 1.1 0.9 2.5
2013.7836 -117.02 -508.451 182.9 1.1 0.9 2.4
2013.7863 -119.209 -506.231 177.3 1.2 0.9 2.6
2013.7890 -118.984 -507.23 179.7 1.1 0.9 2.5
2014.3945 -120.668 -519.333 181.2 3.0 1.9 5.3
2014.3973 -122.913 -523.331 185.7 1.2 0.8 2.5
2014.4000 -122.071 -522.109 185 1.2 0.8 2.5
2014.4027 -120.556 -522.22 177.8 1.2 0.9 2.5
2014.4055 -118.255 -520.777 181.6 1.2 0.9 2.5
2014.4082 -122.913 -523.109 183.2 1.2 0.8 2.5
2016.7397 -133.914 -576.408 214.6 1.1 0.8 2.4
2016.7425 -134.082 -580.738 210.7 1.1 0.8 2.5
2016.7452 -137.449 -576.963 215.1 1.1 0.8 2.5
2016.7479 -134.306 -576.741 207.5 1.3 1.0 2.8
2017.6658 -143.343 -605.611 222.3 1.3 1.0 2.7
2017.6685 -143.006 -606.278 230.3 1.2 0.9 2.5
2017.6712 -139.133 -604.723 228.5 1.1 0.8 2.4
