2001.6027 0 0 0 57.8 18.0 32.8
2001.6055 88.5317 -6.10925 -22 1.3 1.0 2.7
2001.6082 94.0318 -10.8856 -16.4 1.2 0.9 2.7
2001.6110 95.7547 -19.2164 17.4 10.6 5.1 12.0
2002.5041 85.7485 -26.6585 13 5.2 4.2 10.8
2002.5068 84.9533 -28.3247 -2.8 1.6 1.0 3.5
2002.5096 90.3209 -28.1025 -4.3 1.5 1.0 3.4
2004.6411 97.1463 -76.6433 27.2 1.2 0.9 2.6
2004.6438 89.9895 -70.2008 0.8 1.2 0.8 2.5
2004.6466 81.5075 -71.2005 -6 1.2 0.9 2.7
2005.5151 72.9591 -90.3058 12.9 1.3 0.9 2.9
2005.5178 80.3147 -92.083 22.1 1.2 0.8 2.5
2005.5205 77.399 -91.0833 24.9 1.4 0.9 2.7
2010.5260 -73.2242 -168.726 -15.8 1.3 0.8 2.5
2010.5288 -72.6278 -167.06 -22.4 1.3 0.8 2.5
2010.5315 -67.9229 -168.949 -7.8 1.3 0.8 2.5
2010.5342 -66.6638 -168.837 -15.7 1.3 0.8 2.5
2010.5370 -69.6458 -169.615 -12.7 1.3 0.8 2.5
2010.5397 -67.5915 -169.837 -12.2 1.5 1.0 3.1
