1997.6110 0 0 0 1.3 1.0 3.0
1997.6137 -1.20969 -1.33226 8.8 1.4 1.1 3.0
1997.6164 -6.04847 -0.888172 1.9 1.4 1.2 3.3
1998.4685 -18.095 -14.8769 -5.5 1.4 1.0 2.8
1998.4712 -14.4659 -14.3218 -0.1 1.3 1.0 2.8
1998.4740 -16.0284 -12.2124 0.6 1.3 1.0 2.9
1998.4767 -14.7683 -16.0981 3 2.1 1.6 4.6
1998.4795 -22.833 1.5543 -8.1 12.6 7.9 13.5
1998.4822 -18.5486 -14.8769 0.4 1.4 1.0 2.9
1998.4849 -16.7341 -15.432 8 1.6 1.2 3.2
1998.4877 -16.8349 -15.654 3.1 1.4 1.1 3.3
1998.4904 -17.6918 -15.432 -5.5 1.3 1.0 2.9
1998.4932 -14.8187 -15.543 -4.3 1.5 1.2 3.4
1999.3890 -19.7079 -49.0715 4.7 1.3 1.0 2.7
1999.3918 -21.4721 -49.0715 5 1.4 1.0 2.8
1999.3945 -20.5648 -49.0715 9.3 1.3 1.0 2.8
1999.3973 -28.0246 -47.8503 6.3 1.8 1.2 3.3
2000.4027 -32.2081 -68.0562 -16.4 1.5 1.2 3.0
2000.4055 -32.6617 -69.1664 -13.4 1.4 1.1 2.9
2000.4082 -31.452 -71.2758 -12.2 1.4 1.1 2.9
2000.4110 -31.6536 -72.497 -12.3 1.5 1.1 3.0
2000.4137 -33.0146 -73.4962 -6.5 1.6 1.2 3.0
2000.4164 -33.9218 -71.0537 -13.5 1.3 1.1 2.7
2000.4192 -29.7383 -72.386 -11.2 1.2 1.0 2.7
2000.4219 -31.7545 -71.9419 -7.5 1.4 1.2 3.1
2001.4548 -40.7768 -93.3691 -6.6 1.4 1.1 3.1
2001.4575 -40.5751 -94.2572 -8.8 1.3 1.0 2.8
2001.4603 -43.3978 -93.7021 -6.1 1.4 1.0 3.0
2001.4630 -43.3978 -96.8107 2.9 1.8 1.3 3.6
2001.4658 -38.9622 -94.4793 -0.3 1.3 1.0 2.9
2001.4685 -39.4663 -93.8131 2.5 1.4 1.0 3.0
2001.7041 -56.0995 -85.5976 5.9 5.2 4.5 9.3
2001.7068 -47.6317 -98.8091 13.8 1.6 1.1 3.4
2001.7096 -51.8656 -95.2564 10.7 1.8 1.2 3.9
2002.4329 -54.1842 -115.018 9.8 1.4 1.0 3.2
2002.4356 -52.0672 -116.017 -8.1 1.3 1.0 3.0
2002.4384 -54.6882 -114.796 -5.3 1.5 1.1 3.4
2002.8658 -118.752 -139.221 -13 1.4 1.1 3.1
2002.8685 -110.032 -145.882 -12.8 1.2 1.0 2.8
2002.8712 -109.88 -146.548 -17.3 1.2 0.9 2.7
2002.8740 -108.822 -144.994 -17.1 1.2 1.0 2.8
2002.8767 -109.024 -148.88 -29.3 3.2 2.5 6.5
2002.8849 -141.837 -129.007 23.9 28.3 17.1 29.2
2003.3781 -131.605 -164.756 -14.6 1.1 0.9 2.7
2003.3808 -132.865 -162.868 -26.3 1.3 1.1 3.2
2004.5890 -160.234 -182.852 -3.2 1.9 1.3 3.8
