2015.7726 0 0 0 1.1 0.8 2.5
2016.1945 -6.13022 -1.55506 -0.4 1.2 0.8 2.4
2016.1973 -7.84404 -3.2212 -4.7 1.2 0.8 2.4
2016.2000 -4.15273 -1.55506 -9.8 1.2 0.8 2.4
2016.2027 -6.39388 -1.99936 3.1 1.2 0.8 2.5
2016.2055 -4.94373 -1.11076 1.7 1.2 0.8 2.5
2016.2274 -5.27331 0.666455 -1.6 1.1 0.8 2.4
2016.2301 -5.73472 -1.22183 -4.5 1.2 0.8 2.5
2016.2384 -7.90996 -1.99936 -5.1 1.1 0.8 2.4
2016.2411 -6.78938 -0.999682 -4.3 1.2 0.8 2.4
2016.2438 3.09807 -2.22152 -10.8 1.2 0.8 2.4
2016.2466 -9.55787 -2.44367 -5.3 1.1 0.8 2.4
2016.2493 -7.38263 -0.444303 -2.9 1.1 0.8 2.4
2016.2521 -5.53697 -1.33291 -4.5 1.1 0.8 2.4
2016.2548 -4.54823 -2.11044 -4.6 1.1 0.8 2.4
2016.2575 -5.60289 -2.11044 -4.8 1.1 0.8 2.4
2016.2603 -7.2508 -2.66582 -3.3 1.1 0.8 2.4
2016.2630 -6.98713 -2.55474 -3.5 1.2 0.8 2.4
2016.2658 -4.28456 -2.44367 3.1 1.1 0.8 2.4
2016.2685 -5.60289 -3.11012 -6.3 1.1 0.8 2.4
2016.2712 -8.83279 -3.33228 -2.8 1.2 0.8 2.4
2016.2740 -7.90996 -3.44335 -2.5 1.1 0.8 2.4
2016.2767 -6.32797 -2.22152 0.3 1.1 0.8 2.4
2016.2795 -4.54823 -2.66582 0 1.1 0.8 2.4
2016.2822 -4.54823 -2.7769 -3.3 1.1 0.8 2.4
2016.2849 -4.61414 -3.33228 -6.2 1.2 0.8 2.4
2016.2877 -7.84404 -3.2212 -1.4 1.1 0.8 2.4
2016.2904 -6.98713 -3.33228 -2.7 1.1 0.8 2.4
2016.2932 -4.48231 -2.44367 -5.9 1.1 0.8 2.4
2016.2959 -5.73472 -0.666455 -3.7 1.1 0.8 2.4
2016.2986 -11.2717 -2.55474 -5.4 1.2 0.8 2.5
2016.3014 -9.49195 -2.22152 -5.2 1.2 0.8 2.5
2016.3041 -8.37137 -4.33196 0.1 1.1 0.8 2.4
2016.3068 -6.8553 -4.22088 0.9 1.1 0.8 2.4
2016.3096 -10.217 -2.7769 -2.1 1.1 0.8 2.4
2016.3123 -8.04179 -3.77658 -0.2 1.1 0.8 2.4
2016.3151 -9.88745 -3.88765 0 1.1 0.8 2.4
2016.3178 -7.38263 -4.33196 -3.9 1.1 0.8 2.4
2016.3205 -5.27331 -4.55411 -4.4 1.1 0.8 2.4
2016.3233 -9.82154 -3.2212 1.9 1.1 0.8 2.4
2016.3260 -8.37137 -3.2212 -1.4 1.3 0.8 2.5
2016.3288 -9.09646 -3.88765 -7.6 1.1 0.8 2.4
2016.3315 -5.66881 -4.22088 -7.1 1.1 0.8 2.4
2016.3342 -9.82154 -2.88797 -0.9 1.2 0.8 2.5
2016.3370 -8.23954 -3.77658 1.7 1.1 0.8 2.4
2016.3397 -5.93247 -5.9981 -0.2 1.1 0.8 2.4
2016.3425 -8.63504 -1.66614 -2.7 1.1 0.8 2.4
2016.3452 -6.13022 -4.10981 2 1.1 0.8 2.5
2016.3479 -5.99839 -4.88734 3.1 1.1 0.8 2.5
2016.3507 -7.71221 -3.88765 -3.8 1.1 0.8 2.4
2016.3534 -8.83279 -2.11044 -2 1.3 0.9 2.6
2016.3562 -9.88745 -3.6655 -4 1.1 0.8 2.4
2016.3589 -8.43729 -4.55411 1.3 1.1 0.8 2.4
2016.3616 -4.61414 -4.66519 -14.1 1.1 0.8 2.4
2016.3644 -4.54823 -4.55411 -5.5 1.1 0.8 2.4
2016.3671 -5.27331 -5.9981 -7 1.1 0.8 2.4
2016.3699 -5.93247 -6.22025 -0.2 1.1 0.8 2.4
2016.3726 -8.70096 -4.99841 1.5 1.1 0.8 2.4
2016.3753 -10.6784 -6.22025 2 1.1 0.8 2.4
2016.3781 -6.65755 -6.66455 -3 1.1 0.8 2.4
2016.3808 -9.09646 -4.55411 -2.5 1.2 0.8 2.4
2016.3836 -12.2604 -4.55411 -0.9 1.1 0.8 2.4
2016.3863 -6.4598 -2.44367 1.5 1.1 0.8 2.4
2016.3890 -10.217 -2.99905 0.4 1.1 0.8 2.4
2016.3918 -10.8103 -4.44303 1.2 1.1 0.8 2.4
2016.3945 -9.62379 -6.33132 3.7 1.1 0.8 2.4
2016.3973 -12.3264 -6.10917 2.8 1.2 0.8 2.5
2016.4000 -10.4148 -5.66487 2.3 1.1 0.8 2.4
2016.4027 -9.75562 -6.22025 1.3 1.1 0.8 2.4
2016.4055 -9.29421 -6.55348 2.5 1.1 0.8 2.4
2016.4082 -10.2829 -6.4424 4 1.1 0.8 2.4
2016.4110 -11.7331 -6.10917 4.1 1.1 0.8 2.4
2016.4137 -12.0627 -4.77626 -1.2 1.1 0.8 2.3
2016.4164 -10.4807 -5.9981 5.9 1.1 0.8 2.3
2016.4192 -10.3489 -6.55348 3.3 1.1 0.8 2.3
2016.4219 -10.3489 -5.44272 3.8 1.1 0.8 2.4
2016.4247 -14.2379 -7.99746 -6.5 1.2 0.8 2.4
2016.4274 -11.9968 -7.21993 -2.8 1.1 0.8 2.4
2016.4301 -11.2058 -5.9981 1.2 1.1 0.8 2.4
2016.4329 -10.0852 -4.77626 4.1 1.2 0.8 2.3
2016.4356 -11.008 -7.88639 0.5 1.1 0.8 2.4
2016.4384 -9.03054 -4.77626 3.5 1.1 0.8 2.3
2016.4411 -13.6447 -9.77468 2.4 1.1 0.8 2.3
2016.4438 -10.5466 -7.77531 0.9 1.1 0.8 2.3
2016.4466 -12.9855 -4.77626 1.6 1.1 0.8 2.3
2016.4493 -14.2379 -6.77563 1.6 1.1 0.8 2.4
2016.4521 -12.1286 -7.77531 -1.6 1.1 0.8 2.3
2016.4548 -8.96462 -6.55348 3.4 1.1 0.8 2.3
2016.4575 -11.2717 -7.99746 6.6 1.1 0.8 2.3
2016.4603 -11.4035 -6.77563 7.5 1.1 0.8 2.3
2016.4630 -10.3489 -5.22057 5.4 1.1 0.8 2.3
2016.4658 -11.008 -8.44177 -1.4 1.2 0.8 2.4
2016.4685 -9.09646 -6.10917 3.7 1.1 0.8 2.3
2016.4712 -12.4582 -8.55284 0.8 1.1 0.8 2.3
2016.4740 -7.84404 -3.44335 3.2 1.1 0.8 2.4
2016.4767 -14.8312 -6.66455 1.6 1.1 0.8 2.3
2016.4795 -13.9743 -5.22057 4.4 1.1 0.8 2.3
2016.4822 -7.84404 -5.9981 2.6 1.2 0.8 2.4
2016.4849 -8.37137 -6.10917 0.3 1.1 0.8 2.3
2016.4877 -12.3923 -8.44177 5.5 1.2 0.8 2.4
2016.4904 -13.5128 -6.99778 1.7 1.1 0.8 2.3
2016.4932 -11.5354 -4.55411 6.3 1.2 0.8 2.4
2016.4959 -13.4469 -6.77563 8.3 1.1 0.8 2.3
2016.4986 -9.75562 -6.66455 1.5 1.1 0.8 2.3
2016.5014 -10.0193 -7.33101 1.9 1.2 0.8 2.4
2016.5041 -15.0289 -6.55348 4.2 1.2 0.8 2.4
2016.5068 -12.6559 -6.99778 -1.2 1.2 0.8 2.4
2016.5096 -8.43729 -8.33069 6.6 1.2 0.8 2.4
2016.5123 -12.3264 -7.44208 0.6 1.2 0.8 2.3
2016.5151 -10.6125 -9.10822 3.6 1.2 0.8 2.3
2016.5178 -10.8103 -7.10885 7.3 1.2 0.8 2.3
2016.5205 -15.8858 -8.10854 5.3 1.2 0.8 2.4
2016.5233 -15.6222 -10.6633 4.9 1.1 0.8 2.3
2016.5260 -13.5128 -7.66423 -0.6 1.2 0.8 2.3
2016.5288 -9.75562 -6.99778 -2.2 1.2 0.8 2.3
2016.5315 -11.2058 -8.66392 8.7 1.3 0.8 2.4
2016.5342 -11.5354 -7.88639 2.9 1.2 0.8 2.3
2016.5370 -9.29421 -9.10822 6.5 1.2 0.8 2.3
2016.5397 -11.6013 -9.77468 1 1.2 0.8 2.3
2016.5425 -9.6897 -7.88639 6.7 1.2 0.8 2.3
2016.5452 -7.90996 -5.44272 2.1 1.2 0.8 2.4
2016.5479 -13.0514 -9.77468 4.7 1.2 0.8 2.3
2016.5507 -10.3489 -8.10854 6 1.2 0.8 2.3
2016.5534 -11.1399 -9.2193 1.6 1.2 0.8 2.3
2016.5562 -11.8649 -7.66423 4.2 1.2 0.8 2.3
2016.5589 -12.8537 -6.22025 6.2 1.2 0.8 2.4
2016.5616 -12.1286 -10.7744 3 1.2 0.8 2.3
2016.5644 -20.1704 -11.3297 2.2 1.2 0.8 2.3
2016.5671 -14.3698 -7.99746 4.1 1.2 0.8 2.3
2016.5699 -12.3923 -8.88607 4.6 1.2 0.8 2.4
2016.5726 -17.0723 -8.66392 1.3 1.2 0.8 2.4
2016.5753 -10.4148 -7.10885 4.5 1.2 0.8 2.3
2016.5781 -12.0627 -8.33069 3.8 1.2 0.8 2.4
2016.5808 -13.7765 -10.1079 8.3 1.2 0.8 2.3
2016.5836 -15.4244 -8.88607 1.9 1.2 0.8 2.3
2016.5863 -14.8312 -8.44177 4.6 1.2 0.8 2.3
2016.5890 -16.2813 -9.10822 3.9 1.2 0.8 2.3
2016.5918 -14.7653 -8.88607 5 1.2 0.8 2.4
2016.5945 -16.2154 -10.8854 3.4 1.2 0.8 2.3
2016.5973 -15.6222 -7.88639 2.4 1.2 0.8 2.3
2016.6000 -16.7428 -8.44177 8.2 1.2 0.8 2.3
2016.6027 -17.6656 -8.21961 5.4 1.2 0.8 2.3
2016.6055 -12.1286 -8.55284 6.9 1.2 0.8 2.3
2016.6082 -13.7765 -10.219 6 1.2 0.8 2.3
2016.6110 -13.1174 -9.10822 -1.6 1.2 0.8 2.3
2016.6137 -13.7765 -4.77626 9.7 1.2 0.8 2.4
2016.6164 -16.4791 -10.3301 4.1 1.2 0.8 2.3
2016.6192 -15.0948 -8.10854 0 1.2 0.8 2.4
2016.6219 -12.3264 -8.44177 4.2 1.2 0.8 2.4
2016.6247 -12.6559 -9.55252 0.6 1.2 0.8 2.3
2016.6274 -15.2267 -8.66392 2.9 1.2 0.8 2.4
2016.6301 -19.1157 -9.10822 6.8 1.2 0.8 2.3
2016.6329 -18.127 -10.5522 5.7 1.2 0.8 2.4
2016.6356 -12.6559 -10.3301 9.8 1.2 0.9 2.4
2016.6384 -13.5128 -9.44145 17 1.2 0.8 2.4
2016.6411 -7.77813 -11.3297 9.2 2.0 1.2 3.3
2016.6438 -16.4791 -10.9965 5 1.2 0.8 2.3
2016.6466 -14.0402 -9.88575 8 1.2 0.8 2.3
2016.6493 -19.2476 -9.6636 9.5 1.2 0.8 2.3
2016.6521 -12.59 -9.6636 8.2 1.2 0.8 2.4
2016.6548 -12.3923 -9.99683 6.6 1.2 0.8 2.4
2016.6575 -7.44855 -11.774 8.8 1.2 0.8 2.4
2016.6603 -14.5675 -9.77468 3.1 1.2 0.8 2.3
2016.6630 -14.5016 -10.3301 2.9 1.2 0.8 2.3
2016.6658 -15.0289 -9.6636 6.7 1.2 0.8 2.4
2016.6685 -14.0402 -8.55284 2.3 1.2 0.8 2.3
2016.6712 -16.8087 -10.1079 7.3 1.2 0.8 2.3
2016.6740 -16.6109 -11.1076 9.9 1.2 0.8 2.4
2016.6767 -14.4357 -10.219 2.4 1.2 0.8 2.4
2016.6795 -15.3585 -11.1076 4.6 1.2 0.8 2.4
2016.6822 -16.0836 -10.6633 11.5 1.2 0.8 2.3
2016.6877 -14.3698 -10.5522 9.8 1.3 0.8 2.4
2016.6904 -9.29421 -13.7734 23.2 6.9 3.8 8.2
2016.6932 -16.2813 -11.8851 5.5 1.2 0.8 2.4
2016.6959 -15.5563 -7.66423 5 1.2 0.8 2.3
2016.6986 -14.3698 -7.99746 -0.7 1.2 0.8 2.3
2016.7014 -17.9292 -10.4411 3.1 1.2 0.8 2.3
2016.7041 -17.6656 -9.88575 8.3 1.2 0.8 2.3
2016.7068 -13.0514 -8.10854 7.9 1.2 0.8 2.4
2016.7096 -16.6109 -11.663 5.8 1.2 0.8 2.4
2016.7123 -19.1817 -11.4408 5.6 1.2 0.8 2.5
2016.7151 -18.8521 -12.4405 11.1 1.2 0.8 2.4
2016.7178 -16.8087 -8.66392 10.8 1.2 0.8 2.4
2016.7205 -16.8746 -12.2183 7.9 1.2 0.8 2.3
2016.7233 -17.9292 -12.4405 8.3 1.2 0.8 2.3
2016.7260 -15.2926 -11.9962 8.1 1.2 0.8 2.3
2016.7288 -15.754 -12.2183 14.3 1.2 0.8 2.4
2016.7315 -17.336 -12.7737 4.8 1.2 0.8 2.4
2016.7342 -12.9855 -12.3294 9.1 1.2 0.8 2.3
2016.7370 -16.4791 -13.7734 0.3 1.2 0.8 2.3
2016.7397 -21.5546 -11.774 7 1.3 0.8 2.4
2016.7425 -14.1061 -13.5513 6.3 1.2 0.8 2.4
2016.7452 -16.6768 -10.7744 6 1.2 0.8 2.4
2016.7479 -15.0289 -12.2183 10.3 1.2 0.8 2.4
2016.7507 -16.2154 -11.8851 8.3 1.2 0.8 2.4
2016.7534 -17.6656 -12.1073 5.5 1.2 0.8 2.3
2016.7562 -15.754 -12.9959 7.5 1.3 0.8 2.5
2016.7589 -16.0177 -14.8842 7 2.0 1.3 3.9
2016.7616 -16.0177 -13.8845 2.8 1.2 0.8 2.3
2016.7644 -15.2267 -13.7734 5.9 1.2 0.8 2.3
2016.7671 -16.2813 -11.4408 3.2 1.1 0.8 2.3
2016.7699 -15.4244 -11.1076 6.3 1.1 0.8 2.3
2016.7726 -17.5997 -13.3291 8.2 1.1 0.8 2.3
2016.7753 -16.4791 -11.9962 9.3 1.2 0.8 2.4
2016.7781 -17.9952 -11.774 2.3 1.1 0.8 2.3
2016.7808 -17.5997 -13.107 9.1 1.1 0.8 2.3
2016.7836 -17.7315 -13.7734 7.2 1.1 0.8 2.3
2016.7863 -18.0611 -12.9959 8.4 1.3 0.8 2.5
2016.7890 -18.9839 -12.2183 7 1.2 0.8 2.4
2016.7918 -16.1495 -12.3294 8.5 1.1 0.8 2.3
2016.7945 -16.8746 -12.6626 9.9 1.1 0.8 2.3
2016.7973 -16.4132 -12.8848 7.5 1.2 0.8 2.5
2016.8000 -15.4903 -12.2183 0.7 1.1 0.8 2.3
2016.8027 -17.4678 -13.3291 1.3 1.1 0.8 2.3
2016.8055 -18.6543 -13.5513 0.5 1.1 0.8 2.4
2016.8082 -17.8633 -13.6623 4.1 1.2 0.8 2.5
2016.8110 -20.0386 -10.6633 -1.4 1.1 0.8 2.4
2016.8137 -15.754 -12.6626 0.5 1.1 0.8 2.4
2016.8164 -18.5225 -10.9965 4.2 1.1 0.8 2.4
2016.8192 -20.8955 -13.8845 7.8 1.1 0.8 2.4
2016.8219 -17.6656 -13.4402 2.6 1.1 0.8 2.4
2016.8247 -18.127 -12.8848 9.5 1.1 0.8 2.4
2016.8274 -17.7315 -13.107 3.5 1.1 0.8 2.3
2016.8301 -17.7315 -13.7734 8.1 1.4 0.9 2.7
2016.8329 -17.336 -14.4399 10.1 1.2 0.8 2.5
2016.8356 -17.0723 -14.4399 3.6 1.1 0.8 2.3
2016.8384 -18.127 -13.107 7.2 1.1 0.8 2.4
2016.8411 -20.3681 -12.2183 16.1 1.2 0.8 2.4
2016.8438 -21.0932 -14.7731 1.5 1.2 0.8 2.4
2016.8466 -18.1929 -14.3288 -4.3 1.1 0.8 2.4
2016.8493 -19.5772 -15.1063 -0.4 1.1 0.8 2.4
2016.8521 -20.0386 -14.1066 2.5 1.1 0.8 2.4
2016.8548 -16.545 -15.7728 -1.8 1.1 0.8 2.4
2016.8575 -20.1045 -14.4399 4 1.1 0.8 2.4
2016.8603 -20.7636 -12.7737 3.5 1.1 0.8 2.4
2016.8630 -20.3681 -15.2174 -1.4 1.1 0.8 2.4
2016.8658 -19.5112 -13.3291 0.8 1.1 0.8 2.4
2016.8685 -17.7315 -13.4402 0.5 1.1 0.8 2.4
2016.8712 -16.0177 -14.2177 -1.7 1.1 0.8 2.4
2016.8740 -17.2042 -12.3294 3.1 1.6 1.2 3.3
2016.8767 -20.6977 -13.107 -0.8 1.8 1.2 3.7
2016.8795 -19.2476 -14.1066 3.9 1.1 0.8 2.4
2016.8822 -20.5 -12.3294 4.6 1.1 0.8 2.4
2016.8849 -22.2797 -13.7734 9.8 1.1 0.8 2.4
2016.8877 -25.4437 -13.5513 13.8 1.1 0.8 2.4
2016.8904 -19.5772 -14.3288 7.2 1.1 0.8 2.4
2016.8932 -20.5 -15.8838 4.8 1.1 0.8 2.4
2016.8959 -17.9292 -15.3285 5.5 1.1 0.8 2.4
2016.8986 -17.2042 -13.8845 7.4 1.1 0.8 2.4
2016.9014 -16.8087 -15.1063 9.4 1.1 0.8 2.4
2016.9041 -20.8296 -13.218 6.9 1.1 0.8 2.4
2016.9068 -20.9614 -14.8842 10.5 1.2 0.8 2.4
2016.9096 -20.0386 -14.1066 4.9 1.2 0.8 2.4
2016.9123 -19.7749 -13.9956 3.8 1.2 0.8 2.4
2016.9151 -22.6093 -13.9956 6.2 1.2 0.8 2.4
2016.9178 -18.0611 -14.9952 -1.6 1.1 0.8 2.4
2016.9205 -18.3247 -13.8845 1.5 1.2 0.8 2.4
2016.9233 -20.6977 -15.3285 9.6 2.0 1.3 3.4
2016.9260 -23.4662 -13.8845 7.6 1.1 0.8 2.4
2016.9288 -20.7636 -13.8845 7.6 1.2 0.8 2.4
2016.9315 -21.2251 -14.5509 2.4 1.1 0.8 2.4
2016.9342 -25.4437 -14.5509 -1 1.2 0.8 2.4
2016.9370 -21.6206 -14.662 1 1.2 0.8 2.4
2016.9397 -22.8071 -12.7737 3.9 1.1 0.8 2.4
2016.9425 -20.6318 -12.7737 3.4 1.1 0.8 2.4
2016.9452 -21.0932 -14.9952 2.7 1.1 0.8 2.3
2016.9479 -22.1479 -15.5506 0.8 1.1 0.8 2.3
2016.9507 -27.553 -14.5509 1 1.2 0.8 2.4
2016.9534 -23.664 -13.7734 3.5 1.2 0.8 2.4
2016.9562 -18.9839 -12.7737 3.1 1.1 0.8 2.3
2016.9589 -22.082 -13.8845 6.3 1.1 0.8 2.3
2016.9616 -24.3231 -15.4395 6.3 1.2 0.8 2.4
2016.9644 -20.1704 -14.8842 5.6 1.1 0.8 2.3
2016.9671 -22.0161 -15.2174 9.1 1.2 0.8 2.3
2016.9699 -16.8746 -10.9965 15.3 1.3 0.8 2.5
2016.9726 -22.873 -14.662 8.4 1.5 0.9 2.8
2016.9753 -23.0707 -14.7731 3.6 1.9 1.3 3.3
2016.9781 -20.5 -15.3285 3.6 1.2 0.8 2.4
2016.9808 -23.4003 -15.8838 -5 1.2 0.8 2.4
2016.9836 -20.6318 -12.4405 -0.4 1.2 0.8 2.4
2016.9863 -19.9727 -15.5506 3.7 1.2 0.8 2.4
2016.9890 -20.6318 -12.5516 6.7 1.2 0.8 2.5
2016.9918 -18.5225 -13.8845 4.2 1.5 0.9 2.7
2016.9945 -17.9952 -13.3291 3.5 1.2 0.8 2.3
2016.9973 -18.7202 -11.9962 4.7 1.2 0.8 2.4
2017.0000 -15.6881 -12.4405 5.9 1.2 0.8 2.3
2017.0027 -13.4469 -7.66423 12.1 1.3 0.9 2.7
2017.0027 -16.6109 -14.9952 -1.1 1.2 0.8 2.3
2017.0055 -21.8183 -13.4402 2.8 1.2 0.8 2.4
2017.0082 -17.0723 -13.6623 -1.1 1.2 0.8 2.4
2017.0110 -21.4228 -15.4395 0.2 1.3 0.8 2.4
2017.0137 -22.4775 -15.1063 3.5 1.2 0.8 2.4
2017.0164 -21.1591 -13.7734 4.7 1.2 0.8 2.3
2017.0192 -15.1608 -13.218 -0.3 1.2 0.8 2.3
2017.0219 -21.1591 -14.7731 3.3 1.2 0.8 2.4
2017.0247 -22.4116 -13.3291 2.4 1.2 0.8 2.4
2017.0274 -24.2572 -16.2171 0.2 1.2 0.8 2.4
2017.0849 -18.3247 -13.5513 -2.2 2.8 1.6 4.8
2017.0877 -22.1479 -17.3278 0.6 2.4 1.3 4.0
2017.0932 -18.5225 -14.1066 -0.5 1.2 0.8 2.4
2017.0959 -19.2476 -12.8848 -2.7 1.2 0.8 2.4
2017.0986 -19.9067 -14.4399 -4.6 1.2 0.8 2.4
2017.1014 -16.6768 -12.9959 -9 1.2 0.8 2.4
2017.1041 -20.2363 -15.9949 -2.7 1.2 0.8 2.4
2017.1068 -19.6431 -16.106 -2.7 1.6 0.9 2.8
2017.1123 -23.8617 -15.9949 -0.6 1.3 0.8 2.5
2017.1315 -20.8955 -16.5503 -5 1.8 1.3 3.7
2017.1507 -17.9952 -16.8835 -0.5 1.6 1.0 3.1
2017.1726 -23.598 -18.6607 5.3 1.3 0.8 2.5
2017.1781 -20.5659 -17.1057 2 1.5 0.9 2.8
2017.1808 -20.1704 -15.1063 4.5 1.4 0.9 2.7
2017.1890 -21.291 -16.8835 4.4 1.2 0.8 2.4
2017.1918 -19.5112 -16.5503 1.1 1.2 0.8 2.3
2017.1945 -23.4662 -16.6614 2.1 2.2 1.2 3.7
2017.2274 -24.5868 -14.662 1.3 1.2 0.8 2.6
2017.2301 -24.389 -16.3282 2.8 1.9 1.0 2.9
2017.2329 -23.7299 -15.6617 -2.9 1.2 0.8 2.5
2017.2356 -22.8071 -14.7731 -3.8 1.3 0.8 2.5
2017.2384 -25.8392 -15.4395 -2.3 2.0 1.4 3.5
2017.2411 -24.3231 -17.55 -6.6 1.2 0.9 2.6
2017.2438 -22.1479 -16.2171 -5.1 1.1 0.8 2.4
2017.2466 -22.082 -18.4386 -6.6 1.8 1.1 3.5
2017.2493 -24.6527 -16.3282 -8.5 1.5 1.0 2.8
2017.2521 -20.9614 -16.4392 -4.8 1.1 0.8 2.4
2017.2548 -22.6752 -17.7721 -6.2 1.1 0.8 2.4
2017.2575 -23.3344 -17.6611 -4.3 1.2 0.8 2.5
2017.2603 -21.9501 -18.994 -6.6 1.1 0.8 2.5
2017.2630 -26.1029 -16.4392 -3 1.1 0.8 2.4
2017.2658 -24.0595 -14.7731 -7.4 1.1 0.8 2.4
2017.2685 -27.9485 -17.3278 1 1.2 0.8 2.4
2017.2712 -19.9727 -17.1057 1 1.2 0.8 2.5
2017.2740 -22.1479 -16.9946 -6.5 1.1 0.8 2.4
2017.2767 -23.1366 -16.3282 -9.2 1.1 0.8 2.4
2017.2795 -16.7428 -14.2177 -11.4 1.1 0.8 2.4
2017.2822 -24.3231 -16.3282 -6 1.1 0.8 2.4
2017.2849 -22.0161 -15.6617 -9.8 1.1 0.8 2.3
2017.2877 -22.6093 -17.2168 -6.4 1.1 0.8 2.4
2017.2904 -21.3569 -16.8835 -5.6 1.1 0.8 2.4
2017.2932 -22.873 -16.4392 -2.9 1.1 0.8 2.4
2017.2959 -28.344 -15.6617 -3.3 1.1 0.8 2.4
2017.2986 -20.9614 -17.9943 0.4 1.1 0.8 2.4
2017.3014 -26.3006 -17.1057 -5.7 1.4 1.0 2.7
2017.3041 -20.4341 -15.8838 -0.4 1.1 0.8 2.4
2017.3068 -24.5209 -16.8835 -4 1.2 0.8 2.4
2017.3096 -23.664 -17.7721 3.3 1.1 0.8 2.4
2017.3123 -26.3006 -17.9943 -1.9 1.1 0.8 2.4
2017.3151 -26.2347 -18.6607 0.5 1.1 0.8 2.4
2017.3178 -24.1913 -18.8829 -6.4 1.1 0.8 2.4
2017.3205 -23.4003 -17.2168 -8.6 1.4 0.9 2.7
2017.3233 -22.4116 -17.1057 -6.7 1.2 0.8 2.5
2017.3260 -24.1913 -16.3282 -2.2 1.1 0.8 2.4
2017.3288 -29.5305 -18.994 -3.1 1.3 0.9 2.6
2017.3315 -26.2347 -18.3275 -0.5 1.3 0.9 2.5
2017.3342 -24.5209 -19.8826 -0.4 1.1 0.8 2.4
2017.3370 -25.5755 -18.994 -4.2 1.1 0.8 2.4
2017.3397 -27.1575 -17.8832 -5.3 1.1 0.8 2.4
2017.3425 -25.6415 -17.9943 0.3 1.1 0.8 2.4
2017.3452 -23.0707 -17.4389 -6.1 1.1 0.8 2.4
2017.3479 -24.7186 -17.1057 0.5 1.1 0.8 2.4
2017.3507 -23.2026 -17.2168 -6.3 1.4 1.0 2.9
2017.3534 -23.9276 -17.55 -6.8 1.1 0.8 2.4
2017.3562 -25.3119 -17.8832 1.6 1.1 0.8 2.4
2017.3589 -23.2685 -17.2168 -4.5 1.1 0.8 2.4
2017.3616 -27.3553 -18.4386 -4.3 1.3 0.9 2.7
2017.3644 -25.5096 -19.4383 -2.4 1.3 0.9 2.5
2017.3671 -23.7958 -16.7725 -3.5 1.1 0.8 2.4
2017.3699 -23.9935 -21.5487 -3.8 1.6 1.0 2.8
2017.3726 -23.1366 -18.994 -2.6 1.2 0.8 2.4
2017.3753 -27.0257 -20.6601 1.9 1.1 0.8 2.4
2017.3781 -28.6077 -17.3278 -11.2 1.1 0.8 2.4
2017.3808 -26.6961 -18.8829 -1.3 1.2 0.8 2.5
2017.3836 -25.8392 -18.8829 -2.5 1.1 0.8 2.4
2017.3863 -24.389 -19.3272 -2.6 1.1 0.8 2.4
2017.3890 -25.6415 -19.5494 -3 1.1 0.8 2.4
2017.3918 -30.9148 -17.55 -4.4 1.1 0.8 2.4
2017.3945 -22.9389 -18.6607 -0.2 1.1 0.8 2.4
2017.3973 -28.344 -20.438 -0.3 1.1 0.8 2.4
2017.4000 -25.8392 -19.4383 -2.1 1.1 0.8 2.3
2017.4027 -27.6189 -19.6604 0 1.1 0.8 2.4
2017.4055 -29.3987 -20.6601 3.3 1.3 0.9 2.6
2017.4082 -28.0804 -18.8829 2.2 1.1 0.8 2.4
2017.4110 -28.344 -18.8829 1 1.2 0.9 2.4
2017.4137 -24.9164 -19.2161 2.7 1.1 0.8 2.4
2017.4164 -27.1575 -21.2155 3.8 1.1 0.8 2.4
2017.4192 -28.5418 -19.9937 4.5 1.1 0.8 2.4
2017.4219 -26.3006 -19.6604 0.7 1.1 0.8 2.4
2017.4247 -22.9389 -19.2161 4.6 1.1 0.8 2.4
2017.4274 -26.4984 -19.2161 7.2 1.1 0.8 2.3
2017.4301 -27.9485 -18.6607 5.6 1.2 0.8 2.4
2017.4329 -24.8505 -18.6607 4.6 1.1 0.8 2.4
2017.4356 -24.5209 -20.2158 4.9 1.1 0.8 2.4
2017.4384 -26.3665 -20.6601 2.4 1.1 0.8 2.4
2017.4411 -29.926 -19.6604 5.2 1.1 0.8 2.4
2017.4438 -29.4646 -22.2152 1.6 1.1 0.8 2.4
2017.4466 -25.7074 -19.4383 3.6 1.1 0.8 2.4
2017.4493 -27.2234 -18.3275 1.3 1.1 0.8 2.4
2017.4521 -24.9823 -19.8826 5.5 1.1 0.8 2.4
2017.4548 -26.762 -20.8823 3.7 1.2 0.8 2.4
2017.4575 -27.2234 -19.3272 7.8 1.2 0.8 2.4
2017.4603 -29.3328 -18.2164 -2.2 1.1 0.8 2.4
2017.4630 -28.8054 -20.438 1.4 1.1 0.8 2.4
2017.4658 -27.9485 -22.1041 5.5 1.1 0.8 2.4
2017.4685 -31.3762 -20.1047 6.7 1.1 0.8 2.4
2017.4712 -26.1029 -19.7715 1.8 1.1 0.8 2.4
2017.4740 -29.3987 -18.5497 -3.5 1.1 0.8 2.4
2017.4767 -25.6415 -19.3272 1.9 1.1 0.8 2.4
2017.4795 -27.3553 -19.4383 2.5 1.1 0.8 2.4
2017.4822 -35.1993 -22.5484 -1.2 1.1 0.8 2.4
2017.4849 -23.4662 -20.7712 7.3 1.2 0.8 2.4
2017.4877 -26.1688 -21.2155 9.8 1.1 0.8 2.4
2017.4904 -29.4646 -21.2155 6.9 1.2 0.8 2.5
2017.4932 -26.2347 -21.2155 13.6 1.2 0.8 2.5
2017.4959 -27.4871 -23.3259 8.2 1.2 0.8 2.4
2017.4986 -39.4839 -18.8829 4 1.1 0.8 2.4
2017.5014 -27.553 -19.3272 6.4 1.2 0.8 2.4
2017.5041 -26.5643 -20.2158 4.1 1.2 0.8 2.3
2017.5068 -26.6961 -21.4376 6.1 1.2 0.8 2.4
2017.5096 -27.9485 -22.2152 1.5 1.2 0.8 2.4
2017.5123 -27.0257 -22.1041 7.5 1.2 0.8 2.4
2017.5151 -30.3215 -20.438 6.3 1.3 0.9 2.5
2017.5178 -30.5193 -22.8816 9.8 1.2 0.8 2.3
2017.5205 -30.3215 -19.9937 4.7 1.2 0.8 2.4
2017.5233 -28.0144 -20.9933 2.5 1.2 0.8 2.4
2017.5260 -28.6736 -21.4376 5.3 1.2 0.8 2.4
2017.5288 -30.4533 -21.2155 2 1.2 0.8 2.4
2017.5315 -29.135 -20.7712 2.1 1.2 0.8 2.4
2017.5342 -29.926 -21.1044 4.3 1.2 0.8 2.4
2017.5370 -32.8263 -21.5487 0.2 1.2 0.8 2.4
2017.5397 -29.0032 -24.6588 6.8 1.3 0.8 2.4
2017.5425 -27.6189 -20.438 3.4 1.2 0.8 2.4
2017.5452 -28.8054 -22.7706 3.4 1.2 0.8 2.4
2017.5479 -33.2218 -22.3262 11.1 1.2 0.8 2.4
2017.5507 -31.1784 -21.1044 0.5 1.2 0.8 2.4
2017.5534 -32.6945 -21.3266 6.4 1.2 0.8 2.3
2017.5562 -33.0241 -22.4373 2.2 1.2 0.8 2.4
2017.5589 -31.7058 -22.6595 3.3 1.2 0.8 2.4
2017.5616 -32.4968 -23.6592 5.3 1.2 0.8 2.4
2017.5644 -30.0579 -21.993 7 1.2 0.8 2.4
2017.5671 -32.3649 -22.2152 1.3 1.2 0.8 2.4
2017.5699 -29.8601 -24.3256 6.2 1.2 0.8 2.4
2017.5726 -33.6832 -22.6595 5.6 1.2 0.8 2.4
2017.5753 -31.7058 -22.3262 2.7 1.2 0.8 2.4
2017.5781 -31.8376 -22.4373 7.1 1.2 0.8 2.5
2017.5808 -30.8488 -22.2152 4.7 1.2 0.8 2.4
2017.5836 -29.8601 -22.9927 7.2 1.2 0.8 2.4
2017.5863 -30.7829 -21.4376 4.9 1.2 0.8 2.4
2017.5890 -30.7829 -22.3262 1.5 1.2 0.8 2.4
2017.5918 -33.3537 -19.6604 9.4 1.3 0.8 2.5
2017.5945 -31.1125 -24.2145 11.3 1.2 0.8 2.4
2017.5973 -30.717 -23.437 8 1.2 0.8 2.4
2017.6000 -29.2009 -21.6598 6 1.2 0.8 2.4
2017.6027 -33.881 -23.8813 5.6 1.2 0.8 2.3
2017.6055 -31.7058 -24.6588 8.6 1.2 0.8 2.4
2017.6082 -28.4099 -24.5478 8.4 1.2 0.8 2.4
2017.6110 -29.0032 -25.3253 14.3 1.2 0.8 2.4
2017.6137 -31.6398 -22.8816 10.5 1.2 0.8 2.4
2017.6164 -29.5964 -25.2142 8.2 1.2 0.8 2.4
2017.6192 -31.9694 -25.4364 3.2 1.2 0.8 2.4
2017.6219 -29.2669 -22.1041 4 1.2 0.8 2.4
2017.6247 -31.4421 -22.4373 0.9 1.2 0.8 2.4
2017.6274 -33.5514 -24.4367 6.6 1.3 0.8 2.4
2017.6301 -34.6061 -22.7706 8.4 1.3 0.8 2.4
2017.6329 -32.1672 -23.8813 -1 1.2 0.8 2.4
2017.6356 -31.6398 -22.1041 4.2 1.2 0.8 2.4
2017.6384 -29.2669 -21.8819 4.7 1.2 0.8 2.4
2017.6411 -34.0128 -23.2149 12.5 1.2 0.8 2.4
2017.6438 -31.3103 -25.1031 5.2 1.2 0.8 2.4
2017.6466 -33.3537 -21.7709 10 1.2 0.8 2.4
2017.6493 -31.5739 -22.1041 6 1.2 0.8 2.4
2017.6521 -34.4083 -22.3262 10.9 1.2 0.8 2.4
2017.6548 -31.9694 -23.9924 10.3 1.2 0.8 2.4
2017.6575 -26.4984 -23.2149 10.6 1.2 0.8 2.4
2017.6603 -30.4533 -21.993 8.5 1.2 0.8 2.4
2017.6630 -32.299 -23.7702 6.1 1.2 0.8 2.4
2017.6658 -31.6398 -21.993 10.4 1.3 0.8 2.4
2017.6685 -28.6736 -22.5484 9.1 1.2 0.8 2.4
2017.6712 -29.3328 -23.8813 11.2 1.2 0.8 2.4
2017.6740 -30.5852 -24.1035 14.7 1.2 0.8 2.4
2017.6767 -28.2122 -23.6592 8.8 1.2 0.8 2.4
2017.6795 -27.0257 -25.2142 11.7 1.2 0.8 2.4
2017.6822 -29.0691 -24.5478 10.5 1.2 0.8 2.4
2017.6849 -33.7492 -25.8807 17.3 1.2 0.8 2.4
2017.6877 -29.7283 -24.6588 5.3 1.3 0.9 2.6
2017.6904 -33.6832 -24.4367 8.9 1.2 0.8 2.4
2017.6932 -35.3312 -25.3253 14 1.2 0.8 2.4
2017.6959 -34.3424 -25.2142 9.1 1.2 0.8 2.4
2017.6986 -29.7283 -24.881 4.6 1.2 0.8 2.4
2017.7014 -31.1125 -25.4364 8.7 1.2 0.8 2.4
2017.7041 -29.8601 -25.6585 8.7 1.2 0.8 2.4
2017.7068 -28.0144 -23.8813 14.8 1.2 0.8 2.4
2017.7096 -30.3215 -24.3256 6.3 1.2 0.8 2.4
2017.7123 -32.6286 -26.4361 6.1 1.2 0.8 2.4
2017.7151 -28.1463 -28.1022 9.9 1.2 0.8 2.3
2017.7178 -33.2878 -26.6582 10.2 1.2 0.8 2.4
2017.7205 -31.8376 -24.7699 8.8 1.2 0.8 2.4
2017.7233 -31.1784 -24.9921 14.3 1.2 0.8 2.4
2017.7260 -31.7717 -26.2139 17.3 1.2 0.8 2.4
2017.7288 -33.2878 -25.6585 15.5 1.2 0.8 2.4
2017.7315 -34.5402 -27.88 8.8 1.2 0.8 2.4
2017.7342 -34.8697 -25.8807 8.6 1.2 0.8 2.4
2017.7370 -33.4855 -23.8813 10.1 1.1 0.8 2.3
2017.7397 -31.8376 -25.3253 14.7 1.3 0.8 2.4
2017.7425 -34.5402 -26.4361 17.6 1.3 0.8 2.4
2017.7452 -32.299 -26.6582 11.1 1.1 0.8 2.4
2017.7479 -31.6398 -26.4361 7.4 1.2 0.8 2.4
2017.7507 -34.8038 -26.8804 8.1 1.1 0.8 2.3
2017.7534 -33.2218 -24.881 7.7 1.2 0.8 2.4
2017.7562 -35.5289 -26.7693 8.9 1.1 0.8 2.4
2017.7589 -32.4968 -27.3247 12.2 1.2 0.8 2.4
2017.7616 -29.7283 -26.1028 9.3 1.1 0.8 2.4
2017.7644 -34.9357 -25.9918 20.6 1.2 0.8 2.4
2017.7671 -30.717 -25.6585 12.3 1.1 0.8 2.3
2017.7699 -32.7604 -28.3243 5.3 1.1 0.8 2.4
2017.7726 -35.3971 -26.6582 12.4 1.2 0.8 2.4
2017.7753 -34.8697 -22.5484 1.3 1.1 0.8 2.4
2017.7781 -36.1881 -25.4364 9.5 1.1 0.8 2.4
2017.7808 -34.1447 -27.1025 10.4 1.1 0.8 2.4
2017.7836 -33.4196 -26.7693 6.1 1.1 0.8 2.3
2017.7863 -32.8923 -25.6585 10.6 1.2 0.9 2.4
2017.7890 -36.0562 -29.4351 14.5 1.1 0.8 2.4
2017.7918 -33.09 -28.5465 13.8 1.1 0.8 2.3
2017.7945 -31.8376 -28.2133 13.2 1.1 0.8 2.4
2017.7973 -28.7395 -25.6585 10.1 1.6 1.0 2.8
2017.8000 -38.5611 -29.4351 12.2 1.2 0.8 2.4
2017.8027 -33.9469 -25.8807 6.7 1.4 0.9 2.5
2017.8055 -29.5305 -29.6573 9.9 1.3 0.9 2.6
2017.8082 -33.1559 -26.325 15.7 1.4 1.0 2.8
2017.8110 -33.1559 -26.2139 6.8 1.2 0.9 2.6
2017.8384 -24.1254 -24.6588 8.9 4.2 2.0 5.0
2017.8411 -30.0579 -25.8807 11 1.9 1.2 3.4
2017.8438 -32.1013 -26.9914 11 1.1 0.8 2.4
2017.8466 -36.1881 -27.1025 9.3 1.8 1.1 3.1
2017.8493 -34.5402 -27.1025 10.8 1.1 0.8 2.4
2017.8521 -36.9791 -28.8797 22.1 1.5 1.0 3.0
2017.8548 -34.2765 -29.7683 20.5 4.9 2.5 5.5
2017.9452 -38.6929 -27.3247 12.3 1.2 0.8 2.4
2018.0493 -24.5868 -31.5455 -6.8 1.5 0.9 2.8
2018.0521 -38.627 -30.768 6.6 1.2 0.8 2.4
2018.0548 -32.2331 -32.3231 4.7 1.2 0.8 2.4
2018.0575 -38.6929 -30.768 9.9 1.2 0.8 2.4
2018.0603 -40.0112 -29.5462 8.3 1.2 0.8 2.4
2018.0630 -32.2331 -29.324 8.2 1.2 0.8 2.4
2018.0658 -38.3633 -28.9908 12.4 1.3 0.8 2.5
2018.0904 -38.627 -29.324 -2.7 3.4 2.8 6.3
2018.0932 -36.9791 -26.9914 8.4 1.7 1.0 2.8
2018.0959 -38.627 -30.3237 11.4 3.0 1.4 4.4
2018.1014 -32.7604 -32.8785 9.2 5.5 2.6 7.3
2018.1068 -33.2878 -29.213 5.9 1.6 1.0 3.0
2018.1288 -36.0562 -30.6569 6.4 1.4 0.9 2.7
2018.1370 -41 -26.5471 0.8 1.5 1.0 3.0
2018.1562 -34.0128 -25.8807 15 1.5 0.9 2.9
2018.1589 -36.0562 -31.4345 26.2 2.7 2.3 4.9
2018.1890 -37.7701 -28.7686 7.6 1.2 0.8 2.4
2018.1918 -38.0337 -28.3243 0.5 1.2 0.8 2.4
2018.1945 -34.672 -29.7683 0.2 1.1 0.8 2.3
2018.1973 -39.3521 -27.769 7.6 1.2 0.8 2.4
2018.2000 -37.3086 -27.2136 -0.8 1.2 0.8 2.5
2018.2027 -38.9566 -30.2126 -1.9 1.2 0.8 2.5
2018.2055 -37.3746 -29.7683 1.5 1.1 0.8 2.4
2018.2082 -38.7588 -29.324 6.7 1.2 0.8 2.4
2018.2110 -37.4405 -29.213 2.8 1.1 0.8 2.4
2018.2137 -36.6495 -29.213 1 1.1 0.8 2.4
2018.2164 -33.6832 -29.6573 1.7 1.2 0.8 2.4
2018.2192 -36.5177 -28.9908 3.5 1.2 0.8 2.4
2018.2219 -34.7379 -29.6573 1.7 1.2 0.8 2.6
2018.2247 -38.3633 -29.213 1.7 1.2 0.8 2.4
2018.2329 -31.9694 -30.4348 12.8 5.6 2.3 6.0
2018.2356 -35.8585 -28.4354 8.3 1.3 1.0 2.9
2018.2384 -33.4855 -28.9908 0.1 1.1 0.8 2.4
2018.2411 -36.254 -29.9905 3.2 1.2 0.8 2.5
2018.2438 -38.627 -27.6579 -4.4 1.9 1.6 4.3
2018.2466 -39.3521 -30.3237 2.6 1.2 0.8 2.5
2018.2493 -40.0771 -30.6569 1.4 1.2 0.8 2.5
2018.2521 -40.4726 -31.1012 1.9 1.2 0.8 2.4
2018.2548 -44.098 -30.6569 12.3 1.1 0.8 2.4
2018.2575 -38.3633 -32.212 -4.3 1.1 0.8 2.4
2018.2603 -43.5707 -30.4348 9.2 1.2 0.8 2.5
2018.2630 -40.6704 -30.6569 7.6 1.2 0.8 2.5
2018.2658 -42.7797 -33.3228 3.7 1.1 0.8 2.4
2018.2685 -43.1093 -31.4345 4.1 1.1 0.8 2.4
2018.2712 -38.3633 -30.8791 2.2 1.1 0.8 2.4
2018.2740 -40.5385 -31.4345 3.7 1.2 0.9 2.6
2018.2767 -39.4839 -33.8781 -2.8 1.9 1.4 3.8
2018.2795 -37.4405 -32.9895 -1.1 2.5 1.9 5.3
2018.2822 -37.1768 -33.4338 -2.1 1.3 0.9 2.6
2018.2877 -43.7685 -28.8797 8.5 1.2 0.8 2.4
2018.2904 -42.516 -28.7686 2.1 1.1 0.8 2.4
2018.2932 -44.6254 -32.6563 -0.5 1.2 0.8 2.5
2018.2959 -41 -33.2117 -8.6 5.1 2.6 7.2
2018.2986 -37.3086 -32.3231 3.3 2.4 1.4 4.2
2018.3014 -32.2331 -35.9886 4.2 4.5 2.2 6.6
2018.3041 -41.2636 -31.8788 3 2.3 1.7 4.8
2018.3068 -43.2411 -30.4348 0.6 1.2 0.8 2.5
2018.3096 -43.1093 -32.6563 4.3 1.1 0.8 2.5
2018.3123 -43.2411 -32.3231 2.6 1.1 0.8 2.4
2018.3151 -42.9115 -31.7677 0.4 1.1 0.8 2.5
2018.3178 -43.2411 -31.2123 1.6 1.1 0.8 2.4
2018.3205 -42.516 -31.5455 5.5 1.2 0.8 2.6
2018.3233 -40.4726 -32.4342 5.1 1.3 0.9 2.6
2018.3260 -37.6382 -35.211 3 3.5 1.6 4.3
2018.3288 -42.2524 -32.9895 -4.2 2.6 1.3 3.5
2018.3315 -38.6929 -33.8781 6.3 2.5 1.5 3.7
2018.3342 -41.5932 -33.2117 2.7 1.9 1.1 2.9
2018.3370 -45.9437 -31.7677 3.8 1.7 1.1 3.0
2018.3397 -40.8681 -32.1009 0.8 1.4 0.9 2.7
2018.3425 -41.3955 -31.9898 1.8 1.6 1.0 2.7
2018.3452 -47.5916 -31.5455 3.3 1.7 1.2 2.9
2018.3479 -46.471 -32.9895 5.9 1.5 1.0 2.8
2018.3507 -38.2315 -31.5455 3.8 2.2 1.2 3.2
2018.3534 -44.1639 -34.4335 10.2 1.9 1.2 2.9
2018.3562 -37.9678 -33.4338 6.9 2.1 1.2 3.1
2018.3589 -33.9469 -37.2104 5.7 2.5 1.3 3.5
2018.3616 -41.1318 -34.8778 2.7 2.0 1.3 3.0
2018.3644 -42.9115 -33.7671 8.2 2.1 1.2 3.0
2018.3671 -43.9003 -34.4335 7.6 1.6 1.1 3.0
2018.3699 -43.1093 -32.6563 5.5 1.9 1.1 3.0
2018.3726 -45.0868 -34.1003 7.2 1.8 1.1 2.9
2018.3753 -46.1414 -34.8778 11.3 2.2 1.4 3.5
2018.3781 -43.7685 -33.656 12.4 1.8 1.1 3.0
2018.3808 -43.8344 -35.3221 8.8 2.8 1.5 3.6
2018.3836 -38.8247 -31.9898 10.3 2.8 1.7 3.8
2018.3863 -41.1318 -33.5449 11.4 1.8 1.1 2.9
2018.3890 -43.9003 -33.7671 11 1.8 1.1 3.1
2018.3918 -41.9887 -34.1003 10.5 2.4 1.2 3.2
2018.3945 -43.307 -34.6557 5.9 1.3 0.9 2.6
2018.3973 -41.725 -34.9889 9.8 1.2 0.9 2.6
2018.4000 -45.2845 -32.1009 4.9 1.7 1.1 3.1
2018.4027 -44.9549 -34.7667 7.5 1.2 0.9 2.5
2018.4055 -45.6141 -36.0997 11.2 2.7 1.5 4.1
2018.4082 -44.4935 -35.1 1.1 1.5 1.1 3.0
2018.4110 -42.4501 -34.4335 11.5 1.2 0.9 2.5
2018.4137 -42.9115 -34.4335 7.6 1.5 0.9 2.6
2018.4164 -41.3955 -33.2117 4.7 2.3 1.2 3.5
2018.4192 -44.6254 -34.2114 8 1.7 0.9 2.7
2018.4219 -41.791 -33.8781 8.6 1.4 1.0 2.8
2018.4247 -41.1977 -34.2114 8.9 2.1 1.1 3.1
2018.4274 -41.2636 -34.7667 13.3 1.8 1.0 2.9
2018.4301 -41.2636 -35.211 11 1.7 1.0 2.9
2018.4329 -41.725 -33.9892 9 1.1 0.8 2.4
2018.4356 -44.6913 -34.9889 7 1.2 0.8 2.4
2018.4384 -42.0546 -34.5446 12.6 1.7 1.0 2.7
2018.4411 -46.2074 -35.1 8.7 1.5 0.9 2.7
2018.4438 -38.9566 -35.211 12.3 1.2 0.8 2.5
2018.4466 -44.1639 -34.7667 5.4 1.2 0.8 2.4
2018.4493 -42.1865 -35.1 12.6 1.1 0.8 2.4
2018.4521 -44.3617 -35.8775 5.9 1.1 0.8 2.4
2018.4548 -43.7685 -33.8781 12.4 1.1 0.8 2.4
2018.4575 -42.4501 -33.8781 10.3 1.1 0.8 2.4
2018.4603 -46.5369 -32.9895 9.9 1.1 0.8 2.4
2018.4630 -43.1093 -35.4332 12.6 1.1 0.8 2.4
2018.4658 -43.8344 -35.5443 15.8 1.2 0.8 2.4
2018.4685 -39.8135 -34.9889 13.2 1.1 0.8 2.4
2018.4712 -42.8456 -34.2114 7.2 1.1 0.8 2.4
2018.4740 -42.3183 -34.5446 12 1.2 0.8 2.4
2018.4767 -44.3617 -35.8775 11.6 1.1 0.8 2.4
2018.4795 -45.68 -34.1003 15.1 1.1 0.8 2.4
2018.4822 -41.9887 -33.8781 7.2 1.1 0.8 2.4
2018.4849 -42.9115 -32.8785 11 1.1 0.8 2.4
2018.4877 -43.1752 -34.7667 7.4 1.1 0.8 2.4
2018.4904 -45.9437 -34.6557 8.9 1.1 0.8 2.4
2018.4932 -41.5273 -36.8772 8.1 1.2 0.8 2.4
2018.4959 -45.4164 -35.5443 10.6 1.2 0.8 2.4
2018.4986 -43.4389 -35.4332 11.6 1.2 0.8 2.4
2018.5014 -44.8231 -35.3221 8.2 1.2 0.8 2.4
2018.5041 -45.9437 -34.1003 8.1 1.1 0.8 2.4
2018.5068 -46.6688 -31.4345 10.9 1.1 0.8 2.4
2018.5096 -43.373 -33.9892 8.4 1.2 0.8 2.4
2018.5123 -50.8215 -35.1 7.3 1.1 0.8 2.4
2018.5151 -42.6479 -34.7667 9.7 1.1 0.8 2.4
2018.5178 -46.6029 -36.2107 6.8 1.2 0.8 2.4
2018.5205 -45.9437 -35.4332 8.2 1.1 0.8 2.4
2018.5233 -45.1527 -36.655 8.2 1.2 0.8 2.4
2018.5260 -45.3504 -35.9886 10.7 1.1 0.8 2.4
2018.5288 -47.0643 -36.9883 11.3 1.1 0.8 2.4
2018.5315 -49.3713 -37.2104 9.2 1.1 0.8 2.4
2018.5342 -49.4373 -36.3218 12.5 1.2 0.8 2.4
2018.5370 -47.9212 -35.7664 14.2 1.2 0.8 2.5
2018.5397 -45.0868 -36.7661 14.4 1.2 0.8 2.4
2018.5425 -45.2186 -38.5433 14.6 1.2 0.8 2.4
2018.5452 -45.2845 -35.211 13.4 1.1 0.8 2.3
2018.5479 -44.2958 -36.655 9 1.2 0.8 2.4
2018.5507 -42.9775 -33.1006 9.6 1.1 0.8 2.4
2018.5534 -44.889 -37.4326 10.5 1.2 0.8 2.4
2018.5562 -47.1302 -37.6547 5.8 1.2 0.8 2.4
2018.5589 -43.9003 -36.8772 13.5 1.2 0.8 2.4
2018.5616 -43.6366 -35.8775 15.1 1.2 0.8 2.4
2018.5644 -44.6254 -35.7664 8.1 1.2 0.8 2.4
2018.5671 -45.9437 -35.5443 13.5 1.2 0.8 2.5
2018.5699 -44.4935 -37.4326 17 1.3 0.9 2.5
2018.5726 -43.7685 -37.3215 15.4 1.1 0.8 2.3
2018.5753 -48.3167 -36.7661 18.3 1.2 0.8 2.4
2018.5781 -44.2958 -37.2104 22.3 1.2 0.8 2.5
2018.5808 -43.373 -38.3212 15.8 1.2 0.8 2.5
2018.5836 -48.053 -37.8769 8.2 1.2 0.8 2.5
2018.5863 -47.5257 -41.4313 13.2 1.2 0.8 2.4
2018.5890 -44.889 -38.6544 12.6 1.2 0.8 2.4
2018.5918 -47.5257 -37.2104 17.3 1.2 0.8 2.4
2018.5945 -48.1189 -37.9879 15.7 1.2 0.8 2.4
2018.5973 -42.9115 -36.8772 18.6 1.2 0.8 2.4
2018.6000 -45.68 -38.099 10.9 1.2 0.8 2.4
2018.6027 -44.7572 -38.4322 13.8 1.2 0.8 2.4
2018.6055 -50.0964 -37.8769 9.8 1.2 0.8 2.4
2018.6082 -49.7009 -36.9883 12.5 1.2 0.8 2.4
2018.6110 -51.3488 -37.8769 15.4 1.2 0.8 2.4
2018.6137 -46.2733 -39.9873 17.3 1.4 1.0 3.0
