2006.1836 0 0 0 1.3 0.9 2.8
2006.1863 5.51803 1.99822 -5.7 1.3 0.9 2.8
2006.1890 7.16872 -0.777083 -9.3 1.4 1.0 2.9
2006.1918 4.76343 0.888096 -7.4 1.9 1.3 3.9
2008.6411 -13.8658 -58.8363 -3.1 1.3 1.0 2.9
2008.6438 -10.6116 -55.1729 -9.1 1.3 1.0 2.9
2008.6466 -11.9793 -51.6206 -17.5 1.4 1.0 2.9
2008.6493 -14.9506 -54.0628 -15.4 1.4 1.0 2.9
2008.6521 -10.2343 -53.7298 -10.4 1.3 0.9 2.9
2008.6548 -13.7715 -58.3923 -10 1.4 1.0 2.9
2008.6575 -16.6956 -57.6152 -9.6 1.3 1.0 2.9
2008.7644 -15.3279 -55.839 0.4 1.4 1.0 2.9
2008.7671 -12.4038 -57.5042 -3 1.3 1.0 2.9
2008.7699 -6.17831 -58.9473 -7.4 1.3 0.9 2.9
2008.7726 -15.9881 -58.1703 0.1 1.8 1.1 3.4
2008.7753 -14.7147 -55.506 8.9 1.7 1.0 3.3
2008.7781 -3.49003 -57.8372 19.2 1.7 1.1 3.4
2008.7808 -12.4509 -61.6116 22.4 2.4 1.4 4.6
2008.7836 -10.4701 -60.0575 9.2 1.9 1.1 3.5
2008.7863 -8.9609 -58.3923 5.1 1.7 1.1 3.4
2008.7890 -15.2335 -54.2848 -4.7 1.4 1.0 3.0
2008.7918 -15.6108 -55.839 -0.4 1.5 1.0 3.1
2008.7945 -13.4414 -54.5069 -7.7 1.5 1.0 3.0
2008.7973 -13.7243 -54.1738 -7.6 1.3 0.9 2.8
2008.8000 -13.2055 -53.7298 -8.9 1.3 0.9 2.8
2008.8027 -14.2903 -54.5069 -9.3 1.4 1.0 2.8
2008.8055 -12.3094 -55.0619 -5.5 1.4 0.9 2.8
2008.8082 -20.893 -60.6125 -3.8 1.3 0.9 2.8
2008.8110 -19.7611 -60.3905 16.2 1.4 1.0 2.9
2008.8137 -11.3662 -55.617 8.1 1.5 1.0 3.1
2010.0959 -23.6285 -86.7003 2.7 1.5 1.1 3.5
2010.0986 -27.8731 -86.7003 1.8 1.5 1.1 3.5
2010.1014 -20.893 -86.5893 21.8 1.5 1.1 3.2
2010.1041 -21.6005 -90.0307 18.3 1.5 1.1 3.3
2010.1068 -24.6189 -86.9223 20.5 1.4 1.0 3.3
2010.1151 -35.372 -56.7271 60.7 8.2 7.9 29.7
2010.1178 -27.9674 -77.9304 22.8 9.1 8.9 33.3
2010.1205 -18.9594 -86.1453 19.8 2.6 2.0 7.3
2010.1233 -18.4878 -86.1453 27.6 2.4 1.9 6.8
2010.1260 -19.0065 -89.6976 15.1 2.8 2.1 7.9
2010.1288 -14.1016 -90.6968 6.4 2.7 2.0 7.4
2011.0466 -31.4103 -108.57 7.4 1.6 1.0 3.4
2011.0493 -30.4199 -108.459 3.5 1.2 0.9 2.8
2011.0521 -31.9763 -108.903 10.5 1.3 1.0 2.9
2011.0548 -30.2312 -109.458 0.2 1.2 0.9 2.7
2011.0575 -30.5142 -109.791 2.9 1.2 0.9 2.8
2011.0603 -28.1089 -107.793 10.7 1.3 0.9 2.7
2011.0630 -30.6085 -111.678 11.8 1.2 0.9 2.7
2011.0658 -28.2033 -111.345 14.2 1.2 0.9 2.7
2011.0795 -27.6845 -112.899 7.9 1.2 0.9 2.7
2011.0822 -27.9674 -111.9 10.2 1.3 0.9 2.7
2011.0849 -31.3632 -112.455 11.8 1.2 0.8 2.7
2011.0877 -26.9299 -110.124 6.3 1.3 0.9 2.7
2011.0904 -21.2232 -102.464 11.4 1.2 0.9 2.7
2011.0932 -22.2608 -102.575 12.5 1.2 0.9 2.7
2011.0959 -24.949 -105.017 17.5 1.3 0.9 2.8
2011.0986 -27.0714 -106.793 1.5 1.4 1.0 2.9
2011.1014 -26.0338 -107.238 1.6 1.4 1.0 3.0
2011.1041 -22.0721 -108.126 6.4 1.2 0.9 2.7
2011.2274 -28.5806 -127.442 -23.6 2.6 1.6 4.6
2011.2521 -31.6461 -127.109 -27.4 1.5 1.0 2.9
2011.2548 -28.3919 -125.777 -30.6 1.4 0.9 2.7
2011.2575 -29.0993 -125.11 -18.7 1.3 0.9 2.7
2011.2603 -34.0043 -117.007 9 1.3 0.9 2.7
2011.2630 -34.523 -118.006 3.5 1.7 1.2 3.3
2011.2658 -30.2784 -116.896 2.5 1.3 0.9 2.7
2011.2685 -31.8348 -118.228 5.6 1.3 0.9 2.7
2011.2712 -33.9571 -124.777 -21.2 1.5 0.9 2.9
2011.2740 -30.2784 -123.001 -32.5 1.4 0.9 2.8
2011.2767 -32.9667 -125.554 -25.1 1.4 1.0 2.8
2011.2795 -34.3344 -119.227 -39.6 1.6 1.1 3.2
2012.6384 -42.352 -141.651 18.2 1.8 1.3 4.1
2012.6411 -44.0027 -143.649 16.3 1.7 1.2 4.2
2012.6438 -43.5783 -141.873 18.7 1.8 1.3 4.1
2012.6466 -47.3041 -141.318 24.9 2.1 1.4 4.6
2012.6493 -42.3049 -143.871 9.1 2.2 1.3 4.4
2012.6521 -48.9077 -140.985 9.6 1.9 1.3 4.3
2012.6548 -43.4368 -145.093 16.8 1.8 1.2 4.1
2012.6575 -43.4839 -142.761 16.5 1.6 1.2 3.8
2012.6603 -40.4184 -144.76 13.3 1.7 1.2 4.0
2012.6630 -43.7198 -144.649 12.3 1.7 1.2 3.8
2012.6658 -41.8804 -146.425 3.1 1.3 0.9 2.7
2012.6685 -40.5127 -146.647 5.1 1.3 0.9 2.7
2012.7014 -38.7677 -148.645 -49 2.0 1.2 3.9
2012.7041 -32.0706 -151.864 -41.7 1.6 1.1 3.7
2012.7068 -30.9859 -149.533 -42.2 1.9 1.2 3.8
2012.7096 -39.5223 -150.532 17 1.4 1.0 2.9
2012.7123 -40.1354 -152.641 21.3 1.4 1.0 2.9
2012.7151 -43.4839 -148.645 1.9 1.3 0.9 2.7
2012.7178 -42.1162 -149.089 10.4 1.5 0.9 2.8
2012.7205 -40.1826 -147.313 -46.5 2.0 1.2 4.2
2012.7233 -32.1178 -150.31 -42.4 1.8 1.1 3.8
2014.8575 -62.7735 -193.05 2.9 1.4 1.0 2.9
2014.8603 -57.7742 -197.268 1.9 2.0 1.4 3.8
2014.8630 -58.7175 -197.49 -1.8 1.4 1.0 2.9
2014.8658 -60.7926 -194.826 -7.5 1.4 1.0 2.9
2014.8685 -58.576 -192.384 0.4 1.3 1.0 2.8
2014.8712 -58.4345 -192.273 -5 1.5 1.1 3.0
2014.8740 -60.1324 -197.157 -0.4 1.7 1.2 3.4
2014.8767 -61.1228 -194.382 -7.9 2.3 1.4 3.7
2014.8795 -60.7455 -196.269 -2.6 1.4 1.0 2.9
2014.8822 -60.5097 -192.273 -6.4 1.7 1.4 3.5
2014.9068 -60.9813 -196.935 0.7 1.4 1.0 2.8
2014.9096 -61.4058 -195.714 -0.7 1.5 1.0 2.8
2014.9123 -59.8022 -194.937 -1.7 1.4 1.0 2.8
2014.9151 -57.8686 -193.716 4.4 1.4 1.0 2.8
2014.9178 -57.2554 -198.489 2.4 1.6 1.2 3.3
2014.9205 -57.3498 -196.269 3 1.7 1.1 3.1
2014.9233 -58.2459 -194.049 11.9 1.3 0.9 2.7
2014.9260 -58.4345 -194.382 13.4 1.6 1.3 3.3
2014.9425 -57.9629 -195.159 10.4 1.4 1.0 2.9
2014.9452 -58.576 -197.379 13 1.4 0.9 2.9
2014.9479 -58.5288 -197.157 8.8 2.0 1.2 3.4
2014.9507 -59.8022 -196.602 3.5 1.4 1.0 2.8
2014.9534 -63.4809 -195.714 9.3 1.6 1.0 2.9
2014.9562 -62.3962 -197.046 11.3 1.7 1.1 3.1
2014.9589 -57.4441 -196.935 13.6 1.6 1.2 3.2
2015.1233 -67.6312 -202.042 5.7 1.3 0.9 2.9
2015.1260 -63.7639 -201.376 3.8 1.5 1.0 2.9
2015.1288 -70.461 -201.82 12.9 1.4 0.9 2.8
2015.1315 -62.7735 -202.486 4.3 1.8 1.1 3.3
2015.1342 -65.5089 -203.263 13.7 1.7 1.1 3.3
2015.1370 -68.433 -204.151 7.4 1.6 1.0 3.2
2017.2822 -74.8943 -247.113 8.3 1.2 0.9 2.8
2017.2849 -78.4786 -247.446 6.7 1.4 1.0 3.0
