1998.5945 0 0 0 1.6 1.0 3.1
1998.5973 -6.15879 2.77686 -1.2 1.7 1.0 3.1
2000.5863 -65.519 -30.3233 -89.4 25.2 9.8 25.0
2000.5918 -23.98 -40.9864 -6.4 2.0 1.4 4.8
2000.5973 -16.7729 -43.2079 -4.3 2.0 1.3 4.7
2000.6000 -19.0005 -44.9851 -5 2.1 1.4 4.7
2000.6027 -14.3487 -41.6529 -6.5 2.1 1.4 4.8
2002.4986 -21.6213 -86.1936 -4.3 18.7 12.6 27.9
2002.5014 -18.2798 -80.5289 -11.7 1.5 0.9 3.0
2003.5753 -21.2937 -106.631 -14.8 1.5 0.9 2.9
2003.5781 -25.9455 -107.409 -14.5 1.5 0.9 2.8
2003.5808 -20.8351 -107.298 -25.8 1.5 0.9 2.9
2004.6740 -27.2559 -134.4 -7.8 1.8 1.1 3.4
2004.6767 -33.8078 -133.956 -7.9 1.7 1.2 3.4
2006.6603 -46.7806 -179.718 0.8 1.4 0.9 2.9
2006.6630 -46.9116 -181.051 6.4 1.4 0.9 2.9
2006.6658 -45.0771 -182.384 -0.2 1.4 0.9 2.9
2006.6685 -49.1393 -186.272 6.8 1.4 0.9 2.9
2006.6712 -43.8978 -184.717 -4 1.4 0.9 2.8
2010.4932 -70.3675 -271.132 21.8 1.4 0.9 2.7
2011.5479 -87.6645 -299.456 37.6 1.6 0.9 2.8
2011.5507 -82.9471 -296.679 25.7 1.4 0.9 2.6
2011.5534 -85.5679 -297.124 19.6 1.4 0.9 2.5
2011.5562 -77.4435 -294.791 24.9 2.8 2.5 5.9
2012.5397 -94.7405 -317.895 7.1 1.4 0.8 2.5
2012.5425 -89.8266 -314.229 6.6 1.4 0.8 2.5
2012.5452 -85.6989 -314.673 13.8 1.5 0.8 2.6
2013.6000 -103.193 -346.219 24.2 1.5 0.9 2.7
2013.6027 -101.227 -348.44 26.5 1.4 0.9 2.6
2013.6055 -100.965 -345.996 23.3 1.4 0.9 2.6
2013.6082 -98.4751 -344.219 14.6 1.4 0.9 2.6
2013.6110 -98.8027 -346.552 28.8 1.4 0.9 2.5
2013.6137 -99.6545 -345.885 21.4 1.4 0.9 2.6
2013.6164 -102.603 -341.109 37.5 4.8 2.2 6.0
