1997.4493 0 0 0 2.4 2.1 5.3
1997.4521 3.0295 5.66269 -8 2.4 2.2 6.3
1997.4548 2.65081 2.77583 -22 2.4 2.2 5.5
2004.4822 -146.011 -30.201 27.6 3.3 1.9 5.8
2004.4849 -142.008 -20.9853 26 4.0 2.1 6.4
2009.4521 -247.662 -32.7548 74.1 1.8 1.2 3.4
2009.4548 -246.201 -32.8658 67.6 1.4 0.9 2.7
2009.4575 -246.364 -33.421 72.4 1.3 0.9 2.8
2009.4603 -245.065 -31.5334 70.8 1.4 1.0 2.8
2012.6110 -307.711 -31.8665 88.4 1.4 1.0 3.0
2012.6137 -310.795 -30.201 84.6 1.4 1.0 3.0
2012.6164 -310.47 -30.09 88.2 1.4 1.0 3.0
2012.6192 -307.224 -30.09 93.7 1.6 1.1 3.3
2013.7726 -338.709 -30.4231 116.7 1.7 1.2 3.5
2013.7753 -333.137 -27.9803 117.2 1.3 1.0 2.9
2013.7781 -341.035 -29.7569 122 1.3 1.0 2.9
2013.7808 -341.576 -28.7576 131.4 1.5 1.1 3.1
2014.3863 -345.634 -31.7555 115.5 1.8 1.2 3.9
2014.3890 -344.552 -33.1989 112.8 1.5 1.1 3.3
2014.3918 -348.501 -31.8665 112.5 1.4 1.1 3.2
2014.3945 -345.85 -32.6437 122.4 1.3 1.0 3.2
2014.3973 -348.393 -31.0893 118.4 1.8 1.3 4.2
2015.3589 -374.901 -33.643 119.4 1.5 1.1 3.2
2015.3616 -371.114 -31.9775 113.6 1.6 1.2 3.2
2015.3644 -366.299 -32.7548 110 1.5 1.2 3.2
2015.3671 -367.327 -32.0886 122 2.7 2.3 6.8
2016.7123 -395.242 -22.7618 141.4 1.4 1.1 3.2
2016.7151 -392.104 -23.9832 139.3 1.3 1.0 3.1
2016.7178 -390.157 -21.8735 134.6 2.1 1.6 4.6
2019.4219 -443.119 -29.4238 146.4 1.2 0.9 3.0
2019.4247 -445.283 -33.7541 139.8 1.2 0.9 3.0
2020.5479 -465.191 -30.5341 187.3 1.3 1.1 3.4
2020.5507 -471.845 -27.3141 190.6 1.3 1.1 3.5
2020.5534 -462.919 -27.2031 169.5 1.3 1.1 3.6
2020.5562 -464.217 -27.9803 182 1.5 1.2 3.8
2021.4740 -481.529 -27.6472 196.4 1.3 1.2 3.5
2021.4767 -478.77 -30.6451 194 1.3 1.0 3.3
2021.4795 -488.075 -26.6479 189.8 1.6 1.4 4.4
