2002.5425 0 0 0 8.8 5.2 13.9
2016.4411 -220.566 -173.032 -6.5 1.4 0.9 2.8
2016.4438 -220.132 -171.477 -8.4 1.2 0.8 2.6
2016.4466 -221.247 -171.255 -11 1.3 0.8 2.7
2021.5205 -315.801 -364.723 -1.2 1.3 1.1 3.0
2021.5233 -318.836 -366.388 -3.8 1.2 1.0 2.9
2021.6356 38.02 -812.296 -149.7 1.4 1.0 2.9
2021.6384 42.1688 -812.741 -161.1 1.4 1.1 3.1
2021.6411 48.1133 -812.074 -147 1.4 1.1 3.0
2021.6438 37.8962 -814.073 -144.8 1.4 1.0 3.0
2021.6466 37.8962 -816.294 -152.9 1.4 1.0 3.1
2022.4521 69.3525 -891.149 -130.5 1.2 0.9 2.8
2022.4548 69.4144 -890.372 -129.1 1.6 1.1 3.3
