1995.6329 0 0 0 3.2 1.9 6.7
1996.6630 -21.8405 -17.9872 12.9 4.2 2.0 7.0
1996.6658 -28.0269 -11.3253 10.1 4.6 1.9 6.4
1997.6712 -34.6974 -25.2043 50.2 4.6 1.9 6.7
1997.6740 -31.0394 -27.9801 50.3 5.6 2.6 8.9
1998.7370 -48.3074 -43.4136 70.9 2.1 1.3 4.1
1998.7397 -48.415 -50.1865 66.4 1.9 1.1 3.6
1999.6740 -57.8828 -76.168 80 4.4 2.7 7.6
1999.6767 -53.5792 -73.1702 71.5 2.1 1.4 4.5
1999.7534 -62.4553 -81.0534 62.2 2.7 1.9 5.1
2000.3863 -66.5975 -96.82 63.4 2.3 1.3 3.9
2000.8055 -78.7012 -101.927 73.4 1.8 1.2 3.7
2001.4658 -87.7387 -118.693 72.9 1.9 1.2 4.0
2001.4685 -85.9635 -118.915 52.3 1.9 1.4 4.2
2001.4712 -81.0144 -125.688 65.8 2.4 1.6 5.3
2001.4904 -83.2738 -113.475 70.1 1.9 1.3 4.1
2001.4932 -87.3621 -111.809 75.1 2.0 1.3 4.2
2002.3863 -97.0451 -128.242 75 1.8 1.2 3.8
2002.3890 -103.554 -122.024 69.1 1.7 1.1 3.5
2002.3918 -97.5293 -130.241 64.4 2.3 1.7 4.5
2002.9151 -122.705 -130.13 84.9 1.8 1.2 4.0
2003.5041 -129.86 -144.564 71.1 1.8 1.1 3.7
2003.5068 -129.322 -144.342 67.1 2.0 1.3 4.2
2009.2795 -220.503 -204.188 91.5 1.6 0.9 2.9
2009.2822 -222.171 -206.631 90.9 1.8 1.1 3.3
2012.3479 -268.004 -252.709 116.6 1.6 1.0 3.1
2012.3507 -270.586 -252.154 125.1 1.5 0.9 2.9
2012.3534 -273.867 -260.148 122.6 1.5 0.9 2.8
2012.3562 -271.231 -254.819 124.1 1.6 0.9 2.9
2013.4904 -294.847 -271.918 145.9 2.5 1.5 4.4
2013.4932 -293.61 -272.473 144.1 2.2 1.4 3.9
2013.4959 -295.869 -273.472 146.2 1.5 0.9 3.0
2013.4986 -294.793 -272.473 152.1 2.3 1.3 4.4
2014.3863 -305.498 -282.799 146.2 1.7 1.0 3.3
2014.3890 -304.261 -282.466 145.4 1.6 1.0 3.1
2014.3918 -303.938 -284.131 151.2 1.6 1.0 3.1
2014.3945 -301.249 -281.355 146.4 1.6 1.0 3.1
2014.3973 -305.66 -282.133 152.1 1.6 1.0 3.1
2014.4000 -300.065 -281.244 146.7 2.2 1.3 4.1
2015.3589 -323.681 -292.792 139.4 1.6 0.9 3.1
2015.3616 -322.551 -291.792 143.1 1.8 1.2 3.5
2015.3644 -321.583 -290.46 140 1.7 1.1 3.5
2016.7123 -337.775 -301.341 171.7 1.5 0.9 3.1
2016.7151 -341.272 -304.894 160 1.5 0.9 3.0
2016.7178 -345.737 -304.117 158.7 1.5 0.9 3.0
2016.7205 -342.509 -304.117 157 1.5 0.9 3.0
2018.9425 -387.212 -322.992 177.9 1.6 0.9 3.1
2018.9452 -389.579 -322.326 180.3 1.6 0.9 3.0
2018.9479 -388.934 -323.215 181.1 1.6 0.9 3.0
2018.9507 -387.427 -324.325 179 1.6 0.9 3.0
2018.9534 -389.256 -322.659 183.9 1.6 0.9 3.2
2018.9562 -383.339 -316.997 178.7 2.1 1.2 4.1
2019.3753 -379.95 -320.55 181 1.6 0.9 3.1
2019.3781 -381.887 -318.995 169.4 1.6 1.0 3.1
2019.3808 -382.855 -323.548 181.3 1.8 1.2 3.6
2020.5479 -411.689 -338.426 186.9 1.6 1.1 3.3
2020.5507 -417.122 -337.094 176.9 1.6 1.1 3.3
2020.5534 -413.733 -341.313 187.6 1.7 1.1 3.3
2020.5562 -424.115 -345.532 197.6 3.4 2.7 6.6
