2018.9452 0 0 0 1.3 0.9 2.6
2018.9479 -2.16738 0.333087 -1.5 1.1 0.8 2.5
2018.9507 -0.792943 1.66544 -0.8 1.1 0.8 2.5
2018.9534 -2.2731 2.77573 7.9 1.2 0.8 2.5
2018.9562 3.33036 5.3294 -2.7 1.1 0.8 2.5
2018.9589 0.687217 3.10882 -2.4 1.2 0.8 2.5
2018.9616 -1.11012 1.33235 9.3 1.2 0.8 2.5
2018.9644 1.53302 3.21984 7.2 1.1 0.8 2.5
2018.9671 -1.00439 2.55367 2.6 1.1 0.8 2.5
2018.9699 -2.00879 4.33014 6.3 1.1 0.8 2.5
2018.9726 -1.05726 2.33161 -6 1.2 0.8 2.5
2018.9753 -3.22463 0.222058 -4.4 1.1 0.8 2.5
2018.9781 -2.32597 0.555145 -3.5 1.1 0.8 2.5
2018.9808 -4.22903 0.999262 -3.5 1.1 0.8 2.5
2018.9836 4.1233 4.99631 -4.6 1.1 0.8 2.5
2018.9863 -3.11891 0.333087 1.1 1.2 0.8 2.5
2018.9890 -1.05726 0.555145 -2 1.1 0.8 2.5
2018.9918 -2.80173 -0.333088 -0.9 1.2 0.8 2.5
2018.9945 -6.71358 -1.77647 -2.3 1.1 0.8 2.5
2018.9973 -5.49773 -1.22132 0.1 1.1 0.8 2.5
2019.0000 -6.55499 0.222058 -8.5 1.1 0.8 2.5
2019.0027 -8.08801 1.77647 -2.8 1.1 0.8 2.5
2019.0055 -7.55938 -2.33161 -2.1 1.1 0.8 2.5
2019.0082 -6.87217 -0.666175 -2.7 1.1 0.8 2.5
2019.0110 -3.80612 0.444117 -3 1.1 0.8 2.5
2019.0137 -5.60346 -0.666175 -5.2 1.1 0.8 2.5
2019.0164 -5.39201 -1.22132 -3.4 1.1 0.8 2.5
2019.0192 -7.50652 -2.33161 -0.3 1.1 0.8 2.4
2019.0219 -8.08801 -2.33161 -5.6 1.1 0.8 2.5
2019.0247 -8.82809 -2.44264 4.1 1.1 0.8 2.5
2019.0274 -12.4228 -4.33014 0.6 1.1 0.8 2.5
2019.0301 -11.947 -3.33087 1.1 1.2 0.9 2.6
2019.0329 -13.2686 -3.10882 3.4 1.2 0.8 2.5
2019.0356 -15.3302 -8.32718 3 1.1 0.8 2.5
2019.0384 -10.3083 -6.88381 -0.9 1.1 0.8 2.5
2019.0411 -9.72676 -3.4419 -4.9 1.1 0.8 2.4
2019.0438 -14.6959 -5.88454 -0.6 1.1 0.8 2.5
2019.0466 -11.577 -4.33014 1.9 1.1 0.8 2.5
2019.0493 -13.6386 -5.88454 -2.4 1.2 0.9 2.6
2019.0521 -11.9999 -6.55072 -0.4 1.1 0.8 2.5
2019.0548 -10.8897 -6.1066 0.2 1.2 0.9 2.6
2019.0575 -11.1012 -5.99557 -1 1.2 0.8 2.5
2019.0603 -13.11 -5.99557 0.2 1.2 0.8 2.6
2019.0630 -11.1541 -8.43821 1.7 1.1 0.8 2.5
2019.0658 -14.3258 -9.32645 -3.3 1.1 0.8 2.5
2019.0685 -10.9426 -7.77204 8.1 1.1 0.8 2.6
2019.0712 -12.4228 -10.9919 -0.3 1.1 0.8 2.5
2019.0740 -12.2113 -11.547 -4.1 1.1 0.8 2.5
2019.0767 -15.3831 -6.99484 2.3 1.1 0.8 2.5
2019.0795 -14.5373 -9.10439 -3.5 1.1 0.8 2.5
2019.0822 -15.6474 -8.88233 -0.7 1.1 0.8 2.5
2019.0849 -13.9029 -9.65953 -3.2 1.2 0.8 2.6
2019.0877 -14.4844 -7.88307 1.4 1.2 0.8 2.5
2019.0904 -14.2201 -6.55072 -1.5 1.1 0.8 2.5
2019.0932 -13.5329 -8.32718 2 1.1 0.8 2.5
2019.0959 -10.8369 -4.99631 -17.9 1.1 0.8 2.5
2019.0986 -12.9514 -4.21911 -17.6 1.1 0.8 2.5
2019.1014 -12.317 -4.77425 -14.2 1.1 0.8 2.5
2019.1041 -12.1056 -4.55219 -13.1 1.1 0.8 2.5
2019.1068 -12.1056 -4.33014 -4.7 1.1 0.8 2.5
2019.1096 -16.3346 -2.99779 2 1.1 0.8 2.5
2019.1123 -14.1144 -4.55219 1.9 1.1 0.8 2.5
2019.1151 -16.7047 -7.10586 8.8 1.1 0.8 2.5
2019.1178 -17.8676 -7.10586 10.1 1.1 0.9 2.6
2019.1205 -15.5417 -3.21984 5.4 1.1 0.8 2.5
2019.1233 -13.9029 -3.4419 10 1.1 0.9 2.5
2019.1260 -13.11 -4.77425 12.9 1.3 0.9 2.8
2019.1288 -13.5329 -3.33087 -3.9 1.1 0.8 2.4
2019.1315 -14.8016 -3.88602 -4.1 1.1 0.8 2.5
2019.1342 -16.3875 -5.10734 -12.4 1.1 0.8 2.5
2019.1370 -15.3831 -1.99852 -33.2 1.1 0.8 2.5
2019.1397 -16.5461 -5.21837 -17.6 1.1 0.8 2.4
2019.1425 -16.4403 -4.99631 -13.7 1.1 0.8 2.5
2019.1452 -16.3875 -3.10882 -19.8 1.1 0.8 2.5
2019.1479 -16.4403 -6.21763 -18.9 1.1 0.8 2.5
2019.1507 -17.0218 -4.66322 -16.5 1.1 0.8 2.5
2019.1534 -16.3346 -3.88602 -19.2 1.1 0.8 2.5
2019.1562 -15.3302 -3.77499 -16.5 1.1 0.8 2.5
2019.1589 -16.3875 -3.4419 -15.5 1.1 0.8 2.5
2019.1616 -14.4844 -3.55293 -14.8 1.2 0.8 2.5
2019.1644 -15.5945 -3.66396 -16.2 1.2 0.9 2.5
2019.1671 -14.9602 -3.21984 -16.8 1.1 0.8 2.5
2019.1699 -15.7531 -4.99631 -20.5 1.1 0.8 2.5
2019.1726 -16.7047 -4.77425 -20.4 1.1 0.8 2.5
2019.1753 -13.3214 -5.10734 -13.5 1.1 0.8 2.5
2019.1781 -15.8588 -3.21984 -12.2 1.1 0.8 2.5
2019.1808 -16.3875 -4.44117 -14.6 1.1 0.8 2.5
2019.1836 -18.502 -4.21911 -11 1.1 0.8 2.5
2019.1863 -16.7575 -4.55219 -10.9 1.1 0.8 2.5
2019.1890 -17.1276 -7.10586 -8.5 1.1 0.8 2.5
2019.1918 -17.0218 -5.55146 -7.4 1.1 0.8 2.5
2019.1945 -19.2949 -5.55146 -7.7 1.6 1.1 3.4
2019.2959 -5.49773 -5.3294 -27 1.2 0.9 2.6
2019.2986 -5.23342 -5.99557 -25.7 1.1 0.8 2.5
2019.3014 -7.18935 -4.77425 -27.8 1.1 0.8 2.5
2019.3041 -7.4008 -4.66322 -19.9 1.1 0.8 2.5
2019.3068 -5.9735 -5.88454 -27 1.1 0.8 2.5
2019.3096 -5.86777 -5.88454 -32.3 1.1 0.8 2.5
2019.3123 -4.33475 -5.44043 -27.9 1.1 0.8 2.5
2019.3151 -3.48895 -6.21763 -38.4 1.2 0.9 2.5
2019.3178 -4.59907 -5.44043 -33.4 1.1 0.8 2.5
2019.3205 -4.33475 -4.55219 -35.2 1.2 0.8 2.5
2019.3233 -3.54181 -3.55293 -32.8 1.1 0.8 2.5
2019.3260 -5.07483 -4.99631 -33 1.1 0.8 2.5
2019.3288 -6.60785 -4.99631 -29 1.1 0.8 2.5
2019.3315 -5.81491 -4.66322 -30.9 1.1 0.8 2.5
2019.3342 -3.11891 -3.88602 -29.5 1.2 0.8 2.6
2019.3370 -3.7004 -4.88528 -33.6 1.2 0.8 2.6
2019.3397 -4.81052 -3.99705 -32 1.2 0.8 2.5
2019.3425 -4.91624 -5.88454 -27.7 1.1 0.8 2.5
2019.3452 -4.33475 -6.66175 -26.4 1.1 0.8 2.5
2019.3479 -5.76205 -6.66175 -26.4 1.1 0.8 2.5
2019.3507 -3.7004 -6.66175 -26.7 1.2 0.8 2.5
2019.3534 -5.33915 -3.4419 -33.5 1.1 0.8 2.5
2019.3562 -3.06604 -5.3294 -27.8 1.1 0.8 2.5
2019.3589 -7.4008 -4.55219 -28.3 1.2 0.8 2.5
2019.3616 -6.81931 -5.77352 -30.5 1.1 0.8 2.4
2019.3644 -7.87656 -3.33087 -32.1 1.2 0.8 2.5
2019.3671 -0.264314 0.999262 -20.9 1.3 1.0 2.7
2019.3699 -4.96911 -3.10882 -28.1 1.1 0.8 2.5
2019.3726 -7.08362 -4.21911 -28.6 1.1 0.8 2.5
2019.3753 -6.55499 -6.1066 -28.3 1.1 0.8 2.5
2019.3781 -7.8237 -5.88454 -34.2 1.2 0.9 2.5
2019.3808 -7.77084 -3.4419 -26.4 1.1 0.8 2.5
2019.3836 -8.29947 -4.55219 -31.8 1.1 0.8 2.5
2019.3863 -7.50652 -3.99705 -32.9 1.1 0.8 2.5
2019.3890 -10.5197 -3.88602 -40.5 1.1 0.8 2.5
2019.3918 -9.14527 -6.1066 -29.5 1.1 0.8 2.5
2019.3945 -8.08801 -3.55293 -30.4 1.1 0.8 2.5
2019.3973 -5.92064 -4.10808 -31.7 1.1 0.8 2.5
2019.4000 -9.25099 -4.66322 -26.7 1.1 0.8 2.5
2019.4027 -5.18056 -4.55219 -29.8 1.1 0.8 2.5
2019.4055 -6.29068 -2.33161 -31.2 1.1 0.8 2.5
2019.4082 -7.61225 -2.88676 -27.1 1.2 0.9 2.5
2019.4110 -8.2466 -3.77499 -26.4 1.1 0.8 2.5
2019.4137 -9.03954 -2.10955 -26.9 1.1 0.8 2.5
2019.4164 -7.87656 -3.21984 -30 1.1 0.8 2.5
2019.4192 -7.50652 -1.22132 -29.8 1.1 0.8 2.5
2019.4219 -6.50213 -3.99705 -29.9 1.1 0.8 2.5
2019.4247 -7.98229 -3.33087 -33.3 1.1 0.8 2.5
2019.4274 -6.18495 -5.3294 -30 1.2 0.9 2.5
2019.4301 -9.09241 -5.21837 -23.3 1.1 0.8 2.6
2019.4329 -6.92503 -6.32866 -35.1 1.1 0.8 2.5
2019.4356 -8.93382 -7.21689 -25.5 1.1 0.8 2.5
2019.4384 -6.50213 -3.55293 -24.9 1.1 0.8 2.5
2019.4411 -9.6739 -4.33014 -26.4 1.1 0.8 2.5
2019.4438 -3.06604 -2.55367 -25.8 1.1 0.8 2.5
2019.4466 -6.13209 -1.77647 -21.4 1.1 0.8 2.5
2019.4493 -10.4668 -2.88676 -24.7 1.2 0.8 2.5
2019.4521 -8.72237 -4.88528 -28.3 1.2 0.8 2.6
2019.4548 -7.03076 -2.33161 -25.4 1.1 0.8 2.6
2019.4575 -8.88096 -2.22058 -28.6 1.1 0.8 2.5
2019.4603 -12.2113 -2.99779 -25.1 1.1 0.8 2.6
2019.4630 -11.947 -5.99557 -30.6 1.1 0.8 2.5
2019.4658 -10.414 -4.44117 -31.6 1.2 0.9 2.6
2019.4685 -13.5857 -5.44043 -33.3 1.3 0.9 2.6
2019.4712 -4.91624 -13.5456 -28.5 1.2 0.8 2.6
2019.4740 -12.2113 -1.77647 -30 1.1 0.8 2.5
2019.4767 -8.51092 -3.33087 -22.8 1.1 0.8 2.5
2019.4795 -8.6695 -2.88676 -29.2 1.1 0.8 2.5
2019.4822 -8.51092 -3.21984 -30.2 1.1 0.8 2.5
2019.4849 -10.784 -1.33235 -28.3 1.1 0.8 2.5
2019.4877 -13.6386 -3.10882 -26.7 1.1 0.8 2.5
2019.4904 -11.3655 -2.99779 -27.7 1.1 0.8 2.5
2019.4932 -7.24221 -3.21984 -27.5 1.1 0.8 2.5
2019.4959 -10.8897 -3.21984 -28.3 1.1 0.8 2.5
2019.4986 -9.25099 -3.99705 -33.7 1.1 0.8 2.5
2019.5014 -10.2025 -2.44264 -28.9 1.1 0.8 2.5
2019.5041 -9.93821 -6.55072 -28.3 1.1 0.8 2.5
2019.5068 -8.51092 -6.21763 -28.4 1.1 0.8 2.5
2019.5096 -13.9029 -5.3294 -28.5 1.1 0.8 2.5
2019.5123 -6.44927 -2.55367 -25.7 1.1 0.8 2.5
2019.5151 -6.81931 -3.4419 -28.4 1.1 0.8 2.5
2019.5178 -8.77523 -3.4419 -27.8 1.1 0.8 2.5
2019.5205 -8.45805 -2.44264 -22.1 1.1 0.8 2.5
2019.5233 -9.56817 -3.88602 -26.8 1.3 0.9 2.5
2019.5260 -9.25099 -6.88381 -21 1.1 0.8 2.5
2019.5288 -14.0615 -5.55146 -22.6 1.1 0.8 2.5
2019.5315 -9.72676 -5.55146 -21.6 1.2 0.9 2.6
2019.5342 -8.08801 -3.21984 -24.6 1.2 0.8 2.5
2019.5370 -11.4712 -5.21837 -25.7 1.1 0.8 2.5
2019.5397 -14.0087 -5.21837 -21.6 1.2 0.9 2.7
2019.5425 -7.87656 -8.66027 -30.7 1.1 0.8 2.6
2019.5452 -14.5373 -7.54998 -16.1 1.1 0.8 2.6
2019.5479 -14.2201 -5.44043 -22.6 1.2 0.9 2.7
2019.5507 -9.99108 -6.88381 -23.5 1.1 0.8 2.5
2019.5534 -10.9426 -3.55293 -36 1.1 0.8 2.5
2019.5562 -19.0835 -2.10955 -20.4 1.2 0.9 2.6
2019.5589 -10.9955 -3.99705 -24.3 1.1 0.8 2.6
2019.5616 -9.99108 -2.33161 -24.8 1.2 0.9 2.6
2019.5644 -13.0571 -3.55293 -25.3 1.1 0.8 2.5
2019.5671 -12.3699 -2.44264 -25.8 1.1 0.9 2.5
2019.5699 -13.3214 -3.66396 -21.6 1.1 0.8 2.5
2019.6164 -12.5285 -5.88454 -20.1 1.1 0.9 2.5
2019.6192 -14.9073 -5.21837 -20.7 1.1 0.8 2.5
2019.6219 -10.2554 -6.21763 -23.2 1.1 0.8 2.5
2019.6247 -9.88535 -4.88528 -22.2 1.1 0.8 2.5
2019.6274 -16.4403 -4.55219 -23.6 1.1 0.8 2.5
2019.6301 -10.8369 -1.55441 -25.1 1.1 0.8 2.5
2019.6329 -15.1716 -4.88528 -27 1.1 0.8 2.5
2019.6356 -12.8985 -5.10734 -21.4 1.1 0.8 2.5
2019.6384 -13.3743 -4.55219 -22.5 1.1 0.8 2.5
2019.6411 -14.1144 -5.55146 -20.7 1.1 0.8 2.5
2019.6438 -12.7399 -4.55219 -20.8 1.1 0.8 2.5
2019.6466 -11.7355 -2.33161 -28.8 1.1 0.8 2.5
2019.6493 -16.3346 -4.44117 -23.1 1.1 0.8 2.5
2019.6521 -7.08362 -6.21763 -10.3 1.1 0.8 2.5
2019.6548 -14.1144 -3.99705 -22.7 1.1 0.9 2.5
2019.6575 -10.7312 -4.55219 -25.9 1.1 0.8 2.5
2019.6603 -11.6827 -3.66396 -24.1 1.1 0.9 2.5
2019.6630 -12.317 -4.99631 -22.4 1.1 0.9 2.5
2019.6658 -12.0527 -6.55072 -24.7 1.2 0.9 2.7
2019.6685 -10.2025 -6.99484 -20.2 1.4 0.9 2.8
2019.6712 -13.11 -5.88454 -24.9 1.1 0.8 2.5
2019.6740 -9.83249 -7.21689 -21.1 1.1 0.8 2.5
2019.7068 -10.9955 -8.66027 -26 1.5 1.3 3.5
2020.0932 -31.2948 -15.8772 -3.4 1.1 0.8 2.5
2020.0959 -32.8807 -13.6566 2.4 1.1 0.8 2.5
2020.0986 -32.0877 -13.6566 4.2 1.1 0.8 2.5
2020.1014 -33.5679 -13.1014 0.7 1.1 0.8 2.5
2020.1041 -31.9291 -13.6566 -2.8 1.1 0.8 2.5
2020.1068 -29.9204 -12.9904 -11.1 1.1 0.8 2.5
2020.1123 -30.9248 -11.6581 -8.2 1.1 0.8 2.5
2020.1151 -30.449 -11.325 -5.1 1.1 0.8 2.5
2020.1178 -30.3433 -12.6573 0.6 1.1 0.8 2.5
2020.1205 -31.2419 -12.5463 -5.9 1.1 0.9 2.5
2020.1233 -31.1891 -12.7683 -4.8 1.1 0.9 2.5
2020.1260 -30.449 -12.8794 -3.1 1.1 0.8 2.5
2020.1288 -32.4049 -13.2125 -1.6 1.1 0.8 2.5
2020.1315 -30.6604 -12.7683 -4.8 1.1 0.8 2.5
2020.1342 -33.6736 -13.5456 1.9 1.1 0.8 2.5
2020.1370 -33.1979 -15.6551 -5.2 1.1 0.9 2.5
2020.1397 -34.0965 -14.1007 2.5 1.1 0.9 2.6
2020.1425 -32.6164 -13.6566 -1.2 1.1 0.9 2.6
2020.1452 -32.2992 -13.3235 -3.4 1.1 0.8 2.5
2020.1479 -32.3521 -13.1014 -4 1.1 0.8 2.5
2020.1507 -33.3036 -12.2132 -7.3 1.1 0.8 2.5
2020.1534 -31.2948 -12.8794 -7.1 1.1 0.8 2.5
2020.1562 -30.5547 -12.7683 -0.8 1.1 0.8 2.5
2020.1589 -28.2816 -14.6558 -1.2 1.1 0.8 2.5
2020.1616 -30.7662 -15.1 -5.6 1.1 0.8 2.5
2020.1644 -31.8234 -14.6558 -6.4 1.1 0.8 2.5
2020.1671 -33.0921 -14.2117 -1 1.1 0.8 2.5
2020.1699 -34.4666 -14.4338 4 1.1 0.8 2.5
2020.1726 -33.8322 -13.1014 -4.3 1.1 0.9 2.5
2020.1753 -35.471 -13.7676 3.6 1.1 0.8 2.5
2020.1781 -30.8719 -8.10513 -0.4 1.1 0.8 2.5
2020.4384 -27.8058 -5.77352 -42.1 1.2 0.9 2.6
2020.4411 -26.4314 -6.77278 -36.9 1.2 0.9 2.6
