2001.6575 0 0 0 4.3 1.9 6.5
2001.6603 23.6333 -2.55409 22.2 4.6 2.2 6.8
2007.4082 -87.8808 -70.7373 79 2.0 1.3 4.2
2007.4110 -90.3901 -75.0681 95.3 1.9 1.4 4.0
2007.4137 -85.4883 -74.0687 89.8 1.9 1.3 3.9
2007.4164 -88.6394 -73.0693 88.1 1.9 1.3 3.8
2007.5233 -74.6345 -74.735 85.8 1.3 1.0 2.8
2008.3260 -81.2285 -79.8432 114.5 1.3 1.0 2.8
2008.4164 -88.0559 -87.3944 122.5 1.8 1.4 3.8
2008.4192 -87.7641 -87.7276 115.9 1.7 1.3 3.7
2008.4219 -94.5332 -91.5032 120.8 1.8 1.4 3.9
2008.4247 -93.0743 -89.9485 126 1.8 1.4 4.0
2008.4274 -89.5731 -90.3927 121.5 1.8 1.4 3.9
2009.7041 -124.819 -113.046 167.3 1.8 1.3 3.9
2009.7068 -116.241 -119.376 166.1 1.8 1.3 3.8
2009.7096 -109.355 -119.598 170.9 2.0 1.4 4.2
2010.4219 -106.963 -123.596 154.8 1.9 1.4 4.4
2010.4247 -111.806 -120.598 144.1 1.8 1.3 4.2
2010.4274 -113.498 -118.71 149.5 1.8 1.3 4.0
2010.4301 -117.875 -118.599 136 1.8 1.3 4.0
2010.4329 -118.342 -115.156 144.6 2.5 1.6 5.3
2011.4301 -123.302 -133.035 162.9 2.2 1.5 4.6
2011.4329 -124.294 -135.145 167.5 1.9 1.2 3.8
2011.4356 -131.471 -132.369 173.7 1.9 1.3 3.8
2011.4384 -126.161 -133.479 169.8 1.9 1.4 4.1
2012.4137 -142.5 -147.693 170.6 2.0 1.3 4.2
2012.4164 -146.526 -150.692 177.5 2.0 1.4 4.2
2012.4192 -139.582 -150.914 178.6 2.0 1.3 4.2
2013.4082 -142.558 -163.573 183.4 2.1 1.7 5.1
2013.4110 -143.492 -160.131 169.3 1.8 1.4 4.3
2013.4137 -135.381 -161.241 171 1.9 1.6 4.5
2015.4137 -176.17 -195.444 212.1 1.8 1.4 4.2
2015.4164 -171.619 -192.667 209.1 1.9 1.5 4.5
2015.4192 -176.87 -188.003 194 1.9 1.5 4.5
2015.4219 -172.144 -190.558 216.9 1.8 1.4 4.7
2017.7178 -215.209 -243.638 318.6 2.2 1.4 4.6
2017.7205 -213.166 -237.753 308.2 2.1 1.5 4.7
2017.7233 -208.381 -241.528 307.3 2.2 1.5 4.7
