2006.4877 0 0 0 1.2 0.9 2.6
2006.4904 -0.793729 2.33162 10.5 1.4 1.0 3.0
2014.5370 -22.7006 -198.631 -26.9 1.1 0.8 2.4
2014.5397 -22.0127 -197.41 -23.4 1.2 0.8 2.4
2014.5425 -23.0181 -195.856 -25.2 1.2 0.8 2.5
2014.5452 -21.854 -194.856 -28.2 1.1 0.8 2.4
2014.5479 -26.828 -202.295 -33.3 1.1 0.8 2.4
2014.5507 -23.706 -195.523 -33.5 1.1 0.8 2.4
2014.5534 -23.706 -198.187 -23.7 1.2 0.8 2.5
2014.5562 -22.1186 -197.299 -31.9 1.1 0.8 2.4
2014.5589 -20.9544 -198.076 -30.6 1.1 0.8 2.4
2014.5616 -23.2298 -196.855 -34.7 1.1 0.8 2.4
2014.5644 -24.0235 -198.52 -28.9 1.1 0.8 2.4
2014.5671 -27.5688 -197.188 -10.1 1.9 1.2 3.7
