2020.5890 0 0 0 6.1 2.3 7.8
2020.5918 -5.91048 4.10871 -5.5 1.2 0.9 2.8
2020.5945 -1.33276 3.99766 -0.7 1.2 0.9 2.9
2020.5973 -0.173837 4.55289 2.7 1.2 0.9 2.6
2020.6000 0.927134 5.7744 -2.8 1.2 0.9 2.7
2020.6027 0.637404 2.8872 -7 1.3 0.9 2.8
2020.6055 2.83935 3.44243 -3.9 1.2 0.9 2.7
2020.6082 -0.695351 1.33255 -2.6 1.2 0.9 2.7
2020.6110 0.115892 5.10812 -8.8 1.2 0.9 2.7
2020.6137 -2.95524 1.55465 -4.7 1.3 0.9 2.8
2020.6164 0.579459 1.22151 -11.5 1.2 0.9 2.7
2020.6192 -0.869188 0.55523 -9.1 1.2 0.9 2.7
2020.6219 -2.7814 3.88661 -10.2 1.2 0.9 2.7
2020.6247 -2.20194 5.10812 -10.1 1.2 0.9 2.7
2020.6274 -1.91221 5.21917 -9.8 1.2 0.9 2.6
2020.6301 2.25989 3.44243 -9.4 1.2 0.9 2.6
2020.6329 -1.44865 0.999415 -3.5 1.2 0.9 2.6
2020.6356 0.231783 1.77674 -10.5 1.2 0.9 2.7
2020.6384 -1.3907 5.21917 1.7 1.2 0.9 2.6
2020.6411 -1.62248 5.10812 -10.7 1.2 0.9 2.7
2020.6438 -3.12908 2.66511 -7 1.2 0.9 2.6
2020.6466 -4.40388 3.33138 -2.2 1.2 0.9 2.6
2020.6493 0.637404 1.33255 -6.4 1.2 0.9 2.6
2020.6521 -1.15892 1.99883 -5.9 1.2 0.9 2.6
2020.6548 -2.20194 1.88778 -9.2 1.2 0.9 2.6
2020.6575 -0.637404 3.33138 -7.8 1.2 0.9 2.6
2020.6603 -1.85427 2.33197 -4 1.2 0.9 2.6
2020.6630 -0.811242 2.44301 1.1 1.2 0.9 2.6
2020.6658 2.0281 0.444184 -2 1.2 0.9 2.6
2020.6685 -8.05447 0.444184 0.1 1.2 0.9 2.6
2020.6712 -1.44865 3.33138 -3.7 1.2 0.9 2.6
2020.6740 1.3907 0.111046 -8.4 1.2 0.9 2.6
2020.6767 -0.289729 1.66569 -14.6 1.3 0.9 2.7
2020.6795 1.44865 2.22092 -6.3 1.2 0.9 2.6
2020.6822 -0.405622 1.11046 -7.4 1.2 0.9 2.6
2020.6849 -3.65059 3.33138 -1.4 1.3 0.9 2.7
2020.6877 -11.4153 -0.222092 14.9 1.2 0.9 2.6
2020.6904 -1.50659 2.44301 3.3 1.2 0.9 2.6
2020.6932 -4.11416 1.11046 0.4 1.3 0.9 2.7
2020.6959 -2.66551 -0.666277 0.8 1.8 1.3 4.3
2020.6986 0 1.11046 -10.8 1.5 1.2 3.8
2020.7014 3.70853 2.33197 -7.8 1.5 1.1 3.6
2020.7041 -1.85427 -0.222092 -8.5 1.7 1.2 4.2
2020.7068 -0.347675 2.55406 -7.7 1.6 1.0 3.3
2020.7096 0.463567 6.32963 15.1 1.4 0.9 2.8
2020.7123 2.66551 1.88778 2.2 1.4 0.9 2.8
2020.7151 2.95524 -2.33197 -4.9 1.3 0.9 2.6
2020.7178 -1.62248 -0.999415 0 1.3 0.9 2.6
2020.7205 -1.44865 -0.222092 -5.7 1.3 0.9 2.6
2020.7233 1.97016 1.55465 -5.4 1.4 0.9 3.1
2020.7260 -0.0579452 -1.88778 -8.7 1.4 0.9 2.9
2020.7288 -2.31783 -4.10871 -4.7 1.4 0.9 2.8
2020.7315 -2.83935 2.44301 4.1 1.4 0.9 2.8
2020.7342 -1.73838 -0.55523 -0.4 1.3 0.9 2.7
2020.7370 -2.49167 -1.88778 -3 1.3 0.9 2.6
2020.7397 1.62248 -2.55406 -0.3 1.3 0.8 2.6
2020.7425 -1.15892 -2.77615 -4.1 1.2 0.8 2.6
2020.7452 0.637404 -2.44301 -2.2 1.2 0.8 2.6
2020.7479 -3.70853 -3.33138 -1.2 1.2 0.8 2.6
2020.7507 -4.28799 -6.21858 11.7 1.3 0.9 2.6
2020.7534 -5.79458 2.77615 8.4 1.3 0.8 2.6
2020.7562 1.15892 -2.99824 10.2 1.3 0.8 2.6
2020.7589 -4.23005 -0.444184 0.3 1.2 0.8 2.6
2020.7616 -2.31783 -2.8872 -1.3 1.2 0.8 2.6
2020.7644 -3.30291 -1.33255 -8.9 1.3 0.9 2.6
2020.7671 -0.811242 -2.44301 -3.9 1.3 0.9 2.6
2020.7699 -1.3907 -1.4436 4.4 1.2 0.8 2.6
2020.7726 -0.521512 -2.8872 -1.4 1.2 0.9 2.6
2020.7753 -4.1721 -2.55406 -2.5 1.2 0.8 2.6
2020.7781 -4.28799 -2.66511 0.5 1.2 0.8 2.6
2020.7808 -2.60756 -2.33197 -3 1.2 0.9 2.6
2020.7836 -2.25989 -2.66511 -0.7 1.2 0.8 2.6
2020.7863 0.463567 -1.4436 0.9 1.2 0.8 2.6
2020.7890 -4.1721 -2.10988 -3.8 1.4 0.9 2.8
2021.7315 -11.0097 -75.5114 406 1.3 1.0 2.9
2021.7342 -10.0246 -81.3968 416.5 1.2 0.9 2.7
2021.7370 -7.53296 -82.7293 412.7 1.2 0.9 2.7
2021.7397 -5.04129 -84.9503 415.1 1.2 0.9 2.7
2021.7425 -8.28626 -82.7293 424 1.2 0.9 2.8
2021.7452 -7.12734 -82.3962 426.8 1.2 0.9 2.8
2021.7479 -6.9535 -85.5055 417.9 1.2 0.9 2.8
2021.7507 -8.86572 -84.0619 416.8 1.2 0.9 2.7
2021.7534 -11.5892 -79.9532 410.3 1.2 0.9 2.7
2021.7562 -5.27307 -80.0642 405.6 1.2 0.9 2.8
2021.7589 -6.37404 -81.7299 417.3 1.2 0.9 2.8
2021.7616 -6.25815 -82.3962 417.5 1.2 0.9 2.8
2021.7644 -6.37404 -82.5073 422 1.2 0.9 2.8
2021.7671 -6.48994 -84.9503 417.6 1.2 0.9 2.7
2021.7699 -12.4004 -82.5073 412.4 1.2 0.9 2.7
2021.7726 -8.11242 -88.0596 421.5 1.2 0.9 2.7
2021.7753 -5.85253 -83.7288 419.8 1.2 0.9 2.7
2021.7781 -9.03955 -84.284 411.2 1.2 0.9 2.7
2021.7808 -8.17037 -83.9509 416 1.4 1.0 3.0
2022.2986 -14.1967 -98.1648 418.1 1.3 0.9 2.8
2022.3014 -15.7033 -99.4973 415.3 1.3 0.9 2.8
2022.3041 -13.8491 -98.9421 418.4 1.3 0.9 2.9
2022.3068 -12.6322 -103.717 424.2 1.3 0.9 2.8
2022.3096 -16.9781 -99.6084 427.5 1.3 0.9 2.8
2022.3123 -14.1388 -99.0531 415.6 1.3 0.9 2.8
2022.3151 -11.1256 -98.831 414.9 1.2 0.9 2.8
2022.3178 -13.5014 -98.3868 417 1.2 0.9 2.8
2022.3205 -14.2547 -97.8316 415.3 1.3 1.0 2.9
2022.3233 -17.094 -99.8304 411.6 1.3 1.0 2.9
2022.3260 -15.9351 -104.383 427.5 1.2 0.9 2.7
2022.3288 -9.21339 -104.828 425.3 1.2 0.9 2.8
2022.3315 -14.7762 -100.164 416.9 1.2 0.9 2.8
2022.3342 -15.6454 -100.608 424 1.3 0.9 2.8
2022.3370 -10.5461 -100.719 419.2 1.3 1.0 2.8
2022.3397 -14.7182 -102.496 419 1.3 1.0 2.9
2022.3425 -15.8772 -100.053 417.2 1.2 0.9 2.7
2022.3452 -15.2977 -98.3868 412.9 1.2 0.9 2.7
2022.3479 -15.3557 -98.72 410.7 1.2 0.9 2.8
2022.3507 -13.2696 -99.7194 413.9 1.2 0.9 2.7
2022.3534 -9.79285 -98.4979 409.3 1.2 0.9 2.8
2022.3562 -21.9615 -93.945 411.2 1.2 0.9 2.7
2022.3589 -18.6586 -95.6107 412.8 1.2 0.9 2.7
2022.3616 -15.6454 -98.2758 414.8 1.2 0.9 2.7
2022.3644 -17.2099 -99.0531 412.4 1.2 0.9 2.8
2022.3671 -13.6752 -99.3863 416.8 1.2 0.9 2.7
2022.3699 -16.2828 -100.83 414.6 1.2 0.9 2.7
2022.3726 -16.2248 -100.497 420.5 1.2 0.9 2.7
2022.3753 -16.3407 -100.386 416.3 1.2 0.9 2.7
2022.3781 -13.2117 -103.384 410.3 1.2 0.9 2.7
2022.3808 -14.0808 -102.607 410.4 1.2 0.9 2.7
2022.3836 -18.7165 -102.607 420 1.2 0.9 2.7
2022.3863 -17.6735 -99.3863 422.8 1.2 0.9 2.7
2022.3890 -13.0378 -103.273 413.9 1.2 0.9 2.7
2022.3918 -21.2082 -103.051 407.8 1.2 0.9 2.7
2022.3945 -16.6305 -103.495 419.1 1.2 0.9 2.7
2022.3973 -18.0791 -102.162 415.2 1.2 0.9 2.8
2022.4000 -15.4136 -102.162 418.5 1.2 0.9 2.9
2022.4027 -16.8043 -103.939 423.5 1.2 0.9 2.9
2022.4055 -16.2828 -102.718 417.4 1.2 0.9 2.7
2022.4082 -17.7894 -103.162 411.3 1.2 0.9 2.7
2022.4110 -12.4004 -102.051 414.7 1.2 0.9 2.8
2022.4137 -17.3258 -101.829 424.5 1.2 0.9 2.8
2022.4164 -16.8622 -104.161 417.4 1.2 0.9 2.7
2022.4192 -15.2398 -102.273 421.9 1.2 0.9 2.8
2022.4219 -16.1089 -103.828 416 1.2 0.9 2.8
2022.4247 -18.0791 -101.385 411.3 1.2 0.9 2.7
2022.4274 -12.9219 -104.161 420.2 1.2 0.9 2.7
2022.4301 -16.9781 -105.494 420 1.2 0.9 2.7
2022.4329 -16.2248 -100.608 423.8 1.2 0.9 2.8
2022.4356 -16.6884 -103.273 422.8 1.2 0.9 2.8
2022.4384 -15.7613 -101.94 422.5 1.2 0.9 2.8
2022.4411 -14.6603 -105.494 419.2 1.2 0.9 2.7
2022.4438 -18.4268 -102.385 418.4 1.2 0.9 2.7
2022.4466 -19.1221 -103.273 419.1 1.2 0.9 2.8
2022.4493 -13.8491 -104.494 418.1 1.2 0.9 2.7
2022.4521 -14.7182 -104.605 414.9 1.2 0.9 2.7
2022.4548 -15.4136 -104.716 420.7 1.2 0.9 2.7
2022.4575 -20.7446 -102.829 421.5 1.2 0.9 2.7
2022.4603 -16.9781 -103.051 417.1 1.2 0.9 2.7
2022.4630 -14.1967 -106.16 421.6 1.2 0.9 2.7
2022.4658 -12.3425 -101.385 414.4 1.2 0.9 2.8
2022.4685 -17.3258 -103.495 413.2 1.2 0.9 2.7
2022.4712 -14.6024 -104.828 422.3 1.2 0.9 2.7
2022.4740 -16.2828 -104.05 417.3 1.2 0.9 2.7
2022.4767 -18.2529 -102.94 420.3 1.2 0.9 2.7
2022.4795 -19.1801 -105.605 413.7 1.3 0.9 2.9
2022.4822 -17.9053 -100.719 419.5 1.2 0.9 2.7
2022.4849 -20.5128 -97.1653 420.3 1.2 0.9 2.7
2022.4877 -16.6884 -106.16 423.2 1.2 0.9 2.7
2022.4904 -17.0361 -103.162 421.9 1.2 0.9 2.7
2022.4932 -16.6305 -104.161 415.1 1.2 0.9 2.8
2022.4959 -14.4285 -104.383 419.7 1.2 0.9 2.8
2022.4986 -15.3557 -105.272 418.7 1.2 0.9 2.7
2022.5014 -16.2248 -106.271 420.4 1.2 0.9 2.7
2022.5041 -15.7033 -105.938 422.1 1.2 0.9 2.7
2022.5068 -17.4996 -104.05 415.8 1.3 0.9 3.0
2022.5096 -19.296 -104.716 420.5 1.3 0.9 3.0
2022.5123 -17.6155 -103.384 414.4 1.2 0.9 2.9
2022.5151 -18.9483 -107.937 416.6 1.2 0.9 2.8
2022.5178 -14.8341 -108.381 420.4 1.2 0.9 2.8
2022.5205 -17.152 -103.828 428.3 1.2 0.9 2.8
2022.5233 -18.195 -105.494 427.7 1.2 0.9 2.8
2022.5260 -14.7762 -105.161 417.4 1.2 0.9 2.8
2022.5288 -19.3539 -104.828 423.9 1.2 0.9 2.8
2022.5315 -16.5146 -106.271 423 1.2 0.9 2.7
2022.5342 -16.5146 -104.272 420.7 1.2 1.0 2.9
2022.5370 -17.7314 -108.048 422 1.2 0.9 2.8
2022.5397 -16.8622 -106.604 416.8 1.2 0.9 2.8
2022.5425 -13.5593 -102.162 417.4 1.2 0.9 2.8
2022.5452 -14.8921 -107.159 417.7 1.2 0.9 2.8
2022.5479 -17.0361 -105.716 436.7 1.2 0.9 2.8
2022.5507 -15.4136 -107.271 409.2 1.2 0.9 2.8
2022.5534 -11.6471 -104.716 420.1 1.2 0.9 2.7
2022.5562 -17.9053 -107.382 416.6 1.2 0.9 2.8
2022.5589 -18.9483 -108.159 421.1 1.2 0.9 2.7
2022.5616 -19.9334 -108.048 420.2 1.2 0.9 2.7
2022.5644 -15.4715 -107.382 413.9 1.2 0.9 2.8
2022.5671 -15.2977 -106.271 420 1.2 0.9 2.7
2022.5699 -14.7762 -105.272 412.6 1.2 0.9 2.7
2022.5726 -15.7613 -106.271 417.2 1.2 0.9 2.8
2022.5753 -15.1239 -105.938 420.4 1.2 0.9 2.7
2022.5781 -12.6322 -108.714 421 1.2 0.9 2.7
2022.5808 -18.4847 -106.826 417.3 1.2 0.9 2.7
2022.5836 -16.051 -105.716 415.1 1.2 0.9 2.7
2022.5863 -12.6901 -105.938 408.6 1.3 1.0 2.9
2022.5890 -14.4865 -107.604 415 1.2 0.9 2.8
2022.5918 -15.9931 -105.827 405.7 1.3 1.0 2.8
2022.5945 -18.6006 -107.826 416.4 1.2 0.9 2.8
2022.5973 -21.2082 -105.938 419.6 1.2 0.9 2.7
2022.6000 -17.3838 -103.606 416.9 1.2 0.9 2.8
2022.6027 -13.2696 -104.828 431.9 1.2 0.9 2.8
2022.6055 -18.2529 -107.159 417.8 1.2 0.9 2.8
2022.6082 -16.9202 -109.158 419.4 1.3 0.9 2.8
2022.6110 -17.6735 -103.162 411.2 1.3 1.0 2.8
2022.6137 -15.7033 -111.712 419.1 1.3 1.0 2.8
2022.6164 -15.8192 -107.493 420.2 1.3 0.9 2.8
2022.6192 -16.2828 -109.38 422.9 1.2 0.9 2.8
2022.6219 -16.1669 -107.604 421 1.3 0.9 2.8
2022.6247 -19.0062 -110.935 413 1.3 0.9 2.8
2022.6274 -15.4136 -107.826 414.9 1.3 0.9 2.8
2022.6301 -15.7033 -106.049 418.1 1.3 0.9 2.8
2022.6329 -18.9483 -110.047 419.9 1.3 0.9 2.8
2022.6356 -15.0659 -111.268 419.4 1.3 0.9 2.8
2022.6384 -17.7894 -111.379 422.6 1.3 0.9 2.8
2022.6411 -21.44 -109.491 429.8 1.3 0.9 2.8
2022.6438 -14.0808 -109.491 414 1.5 1.0 3.1
2022.6466 -17.3258 -109.714 420.7 1.4 0.9 2.9
2022.6493 -19.4119 -110.269 421.8 1.3 0.9 2.7
2022.6521 -16.6884 -107.159 425.7 1.3 0.9 2.8
2022.6548 -18.0212 -109.269 423.3 1.3 0.9 2.7
2022.6575 -17.152 -112.157 428.1 1.3 0.9 2.7
2022.6603 -18.3688 -107.826 416.2 1.3 0.9 2.7
2022.6630 -13.0378 -108.27 424.4 1.2 0.9 2.7
2022.6658 -17.3838 -108.603 419.5 1.3 0.9 2.7
2022.6685 -19.0642 -109.603 430 1.3 0.9 2.7
2022.6712 -18.1371 -110.713 426 1.3 0.9 2.7
2022.6740 -17.9632 -111.823 420.9 1.2 0.9 2.7
2022.6767 -19.5278 -111.046 423 1.3 0.9 2.8
2022.6795 -17.4996 -108.492 420.2 1.2 0.9 2.7
2022.6822 -17.8473 -109.603 419.4 1.2 0.9 2.7
2022.6849 -15.7613 -111.934 420.3 1.2 0.9 2.7
2022.6877 -15.8192 -110.047 424.5 1.3 0.9 2.8
2022.6904 -12.9799 -109.936 424.2 1.2 0.9 2.7
2022.6932 -13.6173 -111.601 415.8 1.3 0.9 2.7
2022.6959 -15.9351 -112.268 423.1 1.2 0.9 2.7
2022.6986 -17.4417 -104.272 433.4 1.2 0.9 2.7
2022.7014 -16.1669 -112.49 421.2 1.2 0.9 2.7
2022.7041 -18.3109 -112.268 422.8 1.3 0.9 2.8
2022.7068 -6.9535 -110.158 424.4 1.3 0.9 2.8
2022.7096 -11.1835 -113.711 424.5 1.2 0.9 2.7
2022.7123 -17.0361 -110.158 422 1.2 0.9 2.7
2022.7151 -18.8903 -114.044 413.6 1.2 0.9 2.7
2022.7178 -13.4434 -112.823 420 1.2 0.9 2.7
2022.7205 -13.4434 -111.157 418.5 1.2 0.9 2.7
2022.7233 -15.4715 -110.602 416.9 1.2 0.9 2.7
2022.7260 -19.296 -110.158 413.5 1.3 0.9 2.8
2022.7288 -18.4268 -111.601 418.4 1.3 0.9 2.8
2022.7315 -14.7762 -110.491 418.5 1.2 0.9 2.7
2022.7342 -13.907 -113.711 420.1 1.4 1.0 3.1
2022.7370 -14.1967 -113.156 419.3 2.5 1.4 4.9
2022.7397 -17.7894 -113.711 417.1 1.3 0.9 2.8
2022.7425 -6.48994 -115.266 413.6 1.4 1.1 3.2
