1995.7644 0 0 0 2.0 1.6 4.5
1995.7671 -11.4138 5.11018 -12.2 2.2 1.3 3.8
1995.7726 -5.42851 4.99909 -3.5 2.0 1.6 4.5
1995.7753 2.71425 7.332 0.9 1.9 1.2 3.7
1995.7781 -10.4394 0 -3.2 2.0 1.6 4.3
1995.7808 -13.5713 2.33291 -2 2.0 1.2 3.6
1995.7836 -8.21236 4.44364 1 2.6 1.9 5.1
1995.7863 -21.9228 3.88818 3 2.2 1.2 3.7
2002.4329 -102.098 -67.7654 5.5 2.1 1.7 4.4
2002.4356 -102.028 -68.9874 3.6 1.4 0.9 2.8
2002.4384 -96.8084 -71.3203 2.8 1.6 1.0 2.9
2002.4411 -98.8267 -70.0983 3.7 1.4 1.0 2.9
2002.4438 -93.259 -71.2093 8.8 1.9 1.2 3.9
2006.4767 -159.027 -98.8709 -10.9 1.7 1.2 3.3
2006.4795 -161.463 -99.0931 -7.7 1.3 0.9 2.6
2006.4822 -162.229 -99.0931 -13.2 1.3 0.9 2.6
2006.4849 -161.672 -98.3154 0 1.4 0.9 2.7
2006.4877 -160.976 -100.315 -4.7 1.6 1.0 3.3
2011.4493 -229.18 -160.971 -0.2 1.7 1.2 3.5
2011.4521 -232.382 -159.749 -7.5 1.7 1.2 3.5
2011.4740 -227.162 -162.859 -6.5 1.6 1.2 3.5
