2021.6055 0 0 0 1.3 1.0 3.4
2021.6082 6.63881 -3.99734 7.9 1.4 1.1 3.5
2021.6110 3.15343 -0.777261 6.2 1.4 1.0 3.4
2021.6137 5.75363 -0.555186 1.5 1.4 1.0 3.4
2021.6164 4.75781 -1.88763 -1.9 1.4 1.0 3.3
2021.6192 3.5407 -1.55452 3 1.4 1.0 3.4
2021.6219 4.81313 -3.66423 4.7 1.4 1.1 3.5
2021.6247 3.65134 3.99734 -0.9 1.4 1.0 3.4
2021.6274 8.90707 2.44282 9.8 1.4 1.0 3.4
2021.6301 7.85592 2.33178 11.5 1.4 1.0 3.5
2021.6329 -0.995822 -0.666223 6.5 1.5 1.1 3.4
2021.6356 6.1409 4.88563 2.9 1.4 1.1 3.6
2021.6384 4.20458 9.54919 16.8 2.1 1.7 5.5
2021.6411 4.2599 3.66423 -3.2 1.5 1.1 3.7
2021.6438 2.21294 1.55452 7.4 1.4 1.1 3.7
2021.6466 2.6002 -1.22141 -4.1 1.5 1.0 3.5
2021.6493 4.14925 1.55452 5.8 1.4 1.0 3.4
2021.6521 5.08975 -1.77659 2.8 1.4 1.0 3.4
2021.6548 3.3194 0.77726 11.9 1.4 1.0 3.5
2021.6575 -6.74945 1.88763 -8.6 1.4 1.0 3.5
2021.6603 3.48537 1.88763 3.1 1.4 1.0 3.4
2021.6630 3.81731 0.222074 4.9 1.4 1.0 3.4
2021.6658 -2.15761 1.77659 15.6 1.4 1.0 3.4
2021.6685 2.54488 -4.55252 8.1 1.4 1.0 3.4
2021.6712 3.70667 1.66556 19.6 1.4 1.0 3.5
2021.6740 1.54905 0.999334 11.8 1.7 1.1 3.8
2021.6767 0.66388 -1.44348 -5.4 1.6 1.0 3.7
2021.6795 0.774527 0.555185 9.4 1.5 1.1 3.5
2021.6822 0.16597 -0.555186 9.5 1.4 1.0 3.4
2021.6849 0.442587 1.99867 12.6 1.4 1.0 3.4
2021.6877 0.774527 -0.444149 11.8 1.4 1.0 3.4
2021.6904 3.20876 -2.66489 13.8 1.4 1.0 3.5
2021.6932 -0.276617 -2.22074 9.9 1.4 1.0 3.4
2021.6959 1.32776 1.22141 -2.2 1.4 1.0 3.3
2021.6986 2.43423 0 18 1.4 1.0 3.5
2021.7014 4.92378 0.888297 7.5 1.4 1.0 3.4
2021.7041 -1.16179 -0.888297 7.4 1.4 1.0 3.3
2021.7068 2.37891 3.33111 -6.7 1.4 1.0 3.4
2021.7096 1.05114 0 14.7 1.4 1.0 3.4
2021.7123 -2.71085 -2.44282 10.6 1.4 1.0 3.4
2021.7151 -1.93632 1.55452 8.1 1.4 1.0 3.4
2021.7178 2.37891 1.44348 6.5 1.4 1.0 3.4
2021.7205 2.32358 0.999334 9 1.6 1.1 4.3
2021.7233 -9.18368 0.999334 -6.3 1.7 1.3 5.0
2021.7260 -4.53652 2.10971 1.4 1.8 1.5 5.3
2021.7288 0.719204 0.111037 3.9 1.7 1.3 4.3
2021.7315 -1.16179 8.21675 -2.8 1.8 1.3 4.4
2021.7342 -1.77035 1.55452 1.8 1.4 1.0 3.3
2021.7370 -2.21294 -1.33245 1.4 1.4 1.0 3.4
2021.7397 -6.1409 -3.44215 -0.4 1.4 1.0 3.4
2021.7425 0.49791 -0.888297 13.6 1.4 1.0 3.3
2021.7452 1.05114 -0.666223 12.5 1.4 1.0 3.3
2021.7479 -2.32358 -2.10971 8.1 1.5 1.1 3.7
2021.7507 -5.75363 -0.888297 14.6 1.5 1.0 3.4
2021.7534 -9.90289 -4.55252 13 1.4 1.0 3.4
2021.7562 0.774527 -2.10971 -0.8 1.4 1.0 3.3
2021.7589 0.719204 -0.666223 5.5 1.4 1.0 3.3
2021.7616 0.553234 -0.888297 6.3 1.4 1.0 3.3
2021.7644 -4.48119 -0.777261 14 1.4 1.0 3.3
2021.7671 -3.15343 0.111037 8.6 1.4 1.0 3.4
2021.7699 -5.03443 -1.11037 7.1 1.5 1.0 3.5
2021.7726 -2.76617 -3.99734 6.9 1.4 1.0 3.4
2021.7753 -2.32358 1.11037 -4 1.4 1.0 3.4
2021.7781 -2.43423 -1.11037 15 1.4 1.0 3.3
2021.7808 -16.9843 -1.22141 2.1 1.7 1.1 3.5
2021.7836 2.21294 -4.66356 14 1.4 1.0 3.3
2021.7863 -2.48955 -2.66489 5.3 1.4 1.0 3.3
2021.7890 -4.75781 0 0.9 1.4 1.0 3.3
2021.7918 -1.49373 -0.999335 11.9 1.4 1.0 3.3
2021.7945 -4.97911 0.999334 25.9 1.5 1.0 3.4
2021.7973 -9.84756 -3.33111 4.4 1.4 1.0 3.3
2021.8000 2.37891 -8.32779 24.3 1.4 1.0 3.3
2021.8027 0.387264 -4.33045 4.7 1.4 1.0 3.4
2021.8055 -1.6597 -1.88763 12.3 1.5 1.1 3.4
2021.8082 -4.86846 -2.33178 18.5 1.5 1.0 3.4
2021.8110 -5.69831 0.666223 12.4 1.4 1.0 3.3
2021.8137 -4.31522 -3.66423 12.2 1.5 1.0 3.5
2021.8164 -3.87264 -1.22141 10.7 1.4 1.0 3.3
2021.8192 -4.31522 -1.77659 12.7 1.4 1.0 3.3
2021.8219 -3.48537 -1.66556 15.6 1.5 1.0 3.5
2021.8247 -0.49791 2.77593 44.4 1.5 1.0 3.4
2021.8274 -7.19204 1.77659 126.7 1.5 1.0 3.5
2021.8301 -2.54488 -0.888297 25.8 1.5 1.0 3.5
2021.8329 3.04279 -0.555186 6 1.6 1.0 3.5
2021.8356 -3.59602 -0.444149 6.5 1.5 1.0 3.5
2021.8384 -4.97911 -1.44348 4.8 1.5 1.0 3.5
2021.8411 -10.7881 -0.999335 6.6 1.5 1.0 3.5
2021.8438 2.15761 -2.55386 15.9 2.2 1.3 4.3
2021.8466 0.276617 -0.888297 192.9 1.5 1.0 3.5
2021.8493 -2.98746 3.44215 45.7 1.5 1.0 3.5
2021.8521 2.15761 -8.54986 31.3 1.5 1.0 3.4
2021.8548 -7.96657 -5.88497 12.3 1.5 1.0 3.5
2021.8575 -5.03443 -7.10638 14.1 1.4 1.0 3.3
2021.8603 -10.6221 -3.77526 17.2 1.4 1.0 3.3
2021.8630 -6.58348 -3.77526 15.7 1.5 1.0 3.4
2021.8658 -8.40916 -4.33045 -5.3 1.6 1.1 3.4
2021.8685 -8.79642 -0.444149 -13.5 1.6 1.1 3.6
2021.8712 -12.1711 -0.999335 -12.4 1.6 1.1 3.5
2021.8740 -6.8601 2.10971 -9.9 1.5 1.0 3.5
2021.8767 -8.46448 1.99867 11.1 1.5 1.1 3.6
2021.8795 -12.6691 0.666223 -0.3 1.5 1.0 3.4
2021.8822 -11.4519 -5.10771 5.3 1.4 1.0 3.4
2021.8849 -5.86428 -0.444149 2.9 1.5 1.0 3.5
2021.8877 -8.63045 -0.111038 0 1.5 1.0 3.4
2021.8904 -5.2004 -1.44348 -1.5 1.5 1.0 3.4
2021.8932 -6.03025 -2.33178 -0.2 1.4 1.0 3.3
2021.8959 -7.19204 -0.444149 8.1 1.5 1.1 3.5
2021.8986 -5.86428 -1.99867 11 1.5 1.1 3.5
2021.9014 -7.85592 -3.22008 7.6 1.4 1.0 3.3
2021.9041 -8.13254 -0.777261 -0.7 1.5 1.1 3.5
2021.9068 -6.8601 -1.77659 4.3 1.4 1.0 3.4
2021.9096 -6.74945 -2.55386 -3.3 1.4 1.0 3.4
2021.9123 -7.85592 -1.11037 17 1.4 1.0 3.3
2021.9151 -9.84756 -3.55319 6.9 1.5 1.1 3.4
2021.9178 -11.0647 -3.8863 6.3 1.5 1.0 3.4
2021.9205 -10.954 -1.55452 -7.6 1.5 1.0 3.4
2021.9233 -11.5073 -1.88763 2.6 1.7 1.1 3.6
2021.9260 -12.8904 -2.33178 -3 1.5 1.0 3.4
2021.9288 -8.68577 -1.11037 11.3 1.5 1.0 3.4
2021.9315 -3.59602 -0.666223 17.9 1.5 1.0 3.4
2021.9342 -8.90707 -0.222074 4.3 1.6 1.1 3.7
2021.9370 -11.8945 0.555185 -3.4 1.5 1.1 3.7
2021.9397 -10.8987 0.666223 5.7 1.5 1.1 3.6
2021.9425 -5.69831 -3.55319 1.6 1.5 1.1 3.6
2021.9452 -12.5584 -1.33245 -8.9 1.5 1.0 3.5
2021.9479 -9.29433 -1.55452 -15 1.5 1.0 3.5
2021.9507 -9.73692 0.222074 -1.4 1.5 1.0 3.5
2021.9534 -8.90707 0.444149 2 1.5 1.0 3.5
2021.9562 -10.8987 -0.444149 -9 1.5 1.1 3.6
2021.9589 -8.24319 0.555185 6.8 1.5 1.1 3.6
2021.9616 -10.4008 -1.44348 13.3 1.5 1.1 3.6
2021.9644 -8.35383 1.55452 16.7 1.5 1.1 3.6
2021.9671 -12.3371 1.66556 -3.7 1.5 1.1 3.6
2021.9699 -9.73692 -2.22074 14.2 1.6 1.1 3.6
2021.9726 -10.4008 -2.77593 -7.7 1.5 1.1 3.6
2021.9753 -11.9499 5.66289 3.2 1.5 1.1 3.6
2021.9781 -11.7286 0.222074 3.6 1.4 1.1 3.5
2021.9808 -15.6565 -1.22141 0.9 1.5 1.1 3.5
2021.9836 -13.2776 2.44282 6.5 1.4 1.1 3.5
2021.9863 -11.5073 1.44348 9.8 1.4 1.0 3.5
2021.9890 -9.07304 2.33178 -7.6 1.4 1.1 3.5
2021.9918 -15.8225 -1.99867 5.3 1.5 1.0 3.5
2021.9945 -13.9415 0.77726 6.1 1.5 1.0 3.5
2021.9973 -11.1753 2.66489 -3.8 1.4 1.0 3.4
2022.0000 -12.3371 -0.444149 3.6 1.4 1.0 3.4
2022.0027 -15.6012 -0.222074 -8 1.4 1.0 3.4
2022.0055 -9.84756 0.555185 1 1.4 1.0 3.4
2022.0082 -10.2902 0.999334 -9.6 1.4 1.0 3.4
2022.0110 -15.9331 0.555185 1.8 1.4 1.1 3.4
2022.0137 -11.3966 4.66356 5.3 1.4 1.0 3.3
2022.0164 -12.5031 3.22008 -1.2 1.4 1.0 3.3
2022.0192 -16.929 -0.222074 -0.2 1.4 1.0 3.3
2022.0219 -12.2818 0.555185 4.8 1.4 1.0 3.5
2022.0247 -12.9457 5.66289 16.6 1.5 1.1 3.8
2022.0274 -10.7881 -2.998 12.4 1.4 1.0 3.4
2022.0301 -13.8862 -2.44282 12.4 1.5 1.0 3.3
2022.0329 -8.24319 -1.11037 6 1.4 1.0 3.4
2022.0356 -13.9968 -0.777261 21.4 1.4 1.0 3.5
2022.0384 -12.3924 4.66356 39.3 1.6 1.1 3.7
2022.0411 -8.35383 1.55452 10.1 1.4 1.0 3.4
2022.0438 -11.7839 0.222074 -4.6 1.4 1.0 3.4
2022.0466 -12.7797 1.55452 1.3 1.5 1.1 3.4
2022.0493 -11.7839 0.333111 3 1.4 1.0 3.4
2022.0521 -8.24319 3.8863 -9 1.4 1.0 3.3
2022.0548 -12.3371 2.33178 7.2 1.4 1.0 3.4
2022.0575 -1.71503 4.99667 93.6 1.4 1.0 3.3
2022.0603 -10.0689 3.8863 0.4 1.4 1.0 3.4
2022.0630 -14.2734 0.999334 5.7 1.5 1.0 3.5
2022.0658 -0.940497 4.44149 75.6 1.5 1.1 3.6
2022.0685 -14.4394 0.444149 20.9 1.5 1.1 3.5
2022.0712 -15.2139 2.55385 -6.4 1.4 1.0 3.3
2022.0740 -16.763 -2.10971 6.7 1.3 1.0 3.3
2022.0767 -13.2776 -1.55452 5.8 1.4 1.0 3.3
2022.0795 -15.4352 -2.998 12.6 1.4 1.0 3.3
2022.0822 -15.8225 -3.55319 1.5 1.4 1.0 3.3
2022.0849 -15.2139 0.333111 -0.9 1.4 1.0 3.3
2022.0877 -15.6565 0.888297 6.4 1.3 1.0 3.3
2022.0904 -14.2734 -0.999335 15.3 1.4 1.0 3.2
2022.0932 -14.5501 -3.77526 10.6 1.4 1.1 3.3
2022.0986 -15.1586 3.55319 22.8 1.4 1.0 3.5
2022.1014 -20.0824 -3.22008 12.8 1.4 1.0 3.4
2022.1041 -9.51562 0.999334 -1.8 1.4 1.0 3.4
2022.1068 -15.4352 4.33045 3.3 1.4 1.0 3.4
2022.1096 -5.14508 -8.88297 88 1.6 1.1 3.7
2022.1123 -14.8267 -2.44282 37.6 1.6 1.1 3.5
2022.1151 -15.8225 -1.99867 38 1.4 1.0 3.3
2022.1178 -14.6054 -2.66489 83.4 1.4 1.0 3.3
2022.1205 -15.4352 6.10704 57.6 1.4 1.0 3.4
2022.1233 -17.3162 -1.11037 15.2 1.4 1.0 3.4
2022.1260 -14.3288 0.888297 23.6 1.4 1.0 3.4
2022.1288 -2.65552 10.1044 -9.9 1.4 1.0 3.5
2022.1315 -16.0438 3.77526 5.2 1.4 1.0 3.3
2022.1342 -15.7672 3.10904 -0.1 1.4 1.0 3.4
2022.1370 -16.7077 4.21941 -7 1.4 1.0 3.3
2022.1397 -15.9331 6.8843 -0.9 1.4 1.0 3.4
2022.1425 -16.763 3.55319 6.1 1.4 1.0 3.3
2022.1452 -16.2651 4.21941 34.3 1.4 1.0 3.3
2022.1479 -24.6189 4.10837 36.9 1.4 1.0 3.3
2022.1507 -15.8225 6.21808 30.8 1.5 1.0 3.7
2022.1534 -12.7244 5.77393 -4.9 1.6 1.1 3.7
2022.1562 -13.4989 4.44149 3.4 1.5 1.0 3.4
2022.1589 -15.3246 6.77327 -1.5 1.4 1.0 3.4
2022.1616 -13.8862 6.99534 2 1.4 1.0 3.4
2022.1644 -15.4906 5.99601 5.1 1.4 1.0 3.4
2022.1671 -15.9885 5.32978 4.7 1.4 0.9 3.3
2022.1699 3.04279 11.3258 125.1 1.5 1.0 3.4
2022.1726 -14.6054 8.54986 21.6 1.6 1.0 3.4
2022.1753 -13.167 5.66289 0.9 1.4 1.0 3.3
2022.1781 -19.6951 9.88231 -2.2 1.5 1.0 3.4
2022.1808 -12.4478 9.10505 -5.9 1.5 1.0 3.4
2022.1836 -16.3204 7.66156 -9.6 1.4 1.0 3.3
2022.1863 -13.1116 7.43949 -1.4 1.4 0.9 3.3
2022.1890 -15.6012 4.21941 -2.5 1.4 1.0 3.4
2022.1918 -9.68159 5.10771 2.4 1.4 1.0 3.4
2022.1945 -15.2139 6.44015 -3.5 1.4 1.0 3.3
2022.1973 -13.9415 7.66156 -2.3 1.5 1.0 3.4
2022.2000 -13.2223 5.99601 2.4 1.4 0.9 3.3
2022.2027 -13.6649 5.55186 3.7 1.4 1.0 3.3
2022.2055 -7.8006 7.32845 10.9 1.5 1.0 3.4
2022.2082 -15.8225 7.55053 5.5 1.4 1.0 3.5
2022.2110 -11.1753 7.66156 -4 1.4 1.0 3.6
2022.2137 -16.3757 5.99601 -10.3 1.4 1.0 3.3
2022.2164 -17.0396 7.99467 -7.4 1.4 1.0 3.3
2022.2192 -15.4906 6.66223 -4.7 1.4 1.0 3.3
2022.2219 -10.2902 7.32845 -1.3 1.5 1.0 3.4
2022.2247 -13.001 7.7726 -2.3 1.4 1.0 3.3
2022.2274 -13.3883 7.66156 8.4 1.4 1.0 3.3
2022.2301 -18.2014 6.10704 -14.4 1.5 1.0 3.4
2022.2329 -14.9373 6.44015 -5.9 1.4 1.0 3.3
2022.2356 -15.1033 6.8843 -9.6 1.4 1.0 3.4
2022.2384 -8.57513 7.43949 -8.3 1.5 1.0 3.4
2022.2411 -15.8778 4.66356 -2.5 1.4 1.0 3.3
2022.2438 -16.8736 9.43816 -5.3 1.5 1.0 3.4
2022.2466 -20.9676 6.21808 -7.8 1.4 1.0 3.3
2022.2493 -17.2609 9.21608 -11.4 1.6 1.0 3.5
2022.2521 -9.23901 7.99467 99.6 1.4 1.0 3.5
2022.2548 -15.3246 5.44082 -0.1 1.4 1.0 3.3
2022.2575 -17.4269 4.99667 -9.2 1.4 1.0 3.3
2022.2603 -18.9759 4.88563 1.6 1.5 1.0 3.4
2022.2630 -12.6137 3.8863 11.9 1.5 1.1 3.4
2022.2658 -16.2098 4.44149 1.6 1.5 1.0 3.4
2022.2685 -14.1628 2.88697 -20.4 1.4 1.0 3.4
2022.2712 -15.5459 9.32712 -18.5 1.6 1.1 3.3
2022.2740 -20.0824 7.99467 -14.2 1.6 1.1 3.4
2022.2767 -13.7202 6.10704 -15.8 1.5 1.0 3.4
2022.2795 -17.5928 8.6609 -11.6 1.4 1.0 3.3
2022.2822 -17.2609 7.99467 -11.4 1.4 1.0 3.3
2022.2849 -16.9843 8.43882 -11.6 1.7 1.1 3.4
2022.2877 -17.4822 8.54986 -13.6 1.6 1.1 3.5
2022.2904 -18.5333 10.5485 -3.7 1.5 1.1 3.5
2022.2932 -21.2995 9.21608 -14.7 1.4 1.0 3.3
2022.2959 -17.0949 7.43949 -7.4 1.4 1.0 3.4
2022.2986 -17.9248 8.43882 -14.1 1.4 1.0 3.3
2022.3014 -17.5375 6.8843 -9.8 1.5 1.0 3.3
2022.3041 -22.6826 7.32845 -2.7 1.5 1.0 3.4
2022.3068 -17.2056 7.43949 -5.1 1.5 1.0 3.4
2022.3096 -25.9467 10.9927 -5.7 1.4 1.0 3.3
2022.3123 -18.1461 7.66156 -7 1.5 1.0 3.3
2022.3151 -19.1972 6.44015 -3.7 1.4 1.0 3.3
2022.3178 -17.8141 6.77327 -10.7 1.4 1.0 3.3
2022.3205 -18.644 7.66156 -9.4 1.5 1.1 3.5
2022.3233 -22.7932 1.66556 10.3 1.6 1.1 3.6
2022.3260 -20.1377 8.88297 -1.9 1.4 1.0 3.4
2022.3288 -19.5845 8.10571 -5.5 1.5 1.0 3.3
2022.3315 -20.6356 11.881 -7 1.6 1.0 3.4
2022.3342 -17.8141 8.99401 35.9 1.5 1.0 3.6
2022.3370 -18.8653 7.21741 1.2 1.5 1.1 3.4
2022.3397 -22.8486 5.55186 3.3 1.5 1.1 3.5
2022.3425 -25.6147 0 -4.7 1.4 1.0 3.3
2022.3452 -19.5845 6.77327 -1.4 1.4 1.0 3.3
2022.3479 -23.1252 6.55119 -15.3 1.4 1.0 3.3
2022.3507 -19.8058 7.32845 0.8 1.4 1.0 3.4
2022.3534 -21.6314 9.10505 -11.3 1.4 1.0 3.4
2022.3562 -22.4613 4.88563 -6.3 1.4 1.0 3.4
2022.3589 -23.3465 6.55119 -8.5 1.4 1.0 3.3
2022.3616 -19.5845 9.21608 -2.9 1.4 1.0 3.3
2022.3644 -26.8872 8.43882 -6.9 1.3 1.0 3.4
2022.3671 -23.0699 5.55186 -2.3 1.4 1.0 3.4
2022.3699 -23.5678 7.7726 -6.3 1.4 1.0 3.3
2022.3726 -23.2911 7.43949 -4.9 1.4 1.0 3.3
2022.3753 -17.9801 7.99467 -8.7 1.5 1.0 3.3
2022.3781 -19.5845 6.32912 -10.6 1.5 1.0 3.4
2022.3808 -20.4143 6.8843 -16.1 1.3 1.0 3.3
2022.3836 -21.8527 8.88297 -15.8 1.3 1.0 3.4
2022.3863 -21.0229 6.21808 -0.2 1.3 1.0 3.4
2022.3890 -15.9885 6.66223 -8.3 1.4 0.9 3.3
2022.3918 -18.0354 8.54986 -10.4 1.5 1.0 3.3
2022.3945 -20.8016 6.8843 -11.2 1.3 1.0 3.3
2022.3973 -20.0271 9.32712 -11.2 1.3 1.0 3.4
2022.4000 -29.0448 10.5485 -9.1 1.4 1.0 3.5
2022.4027 -32.8621 6.77327 -13.6 1.4 1.0 3.5
2022.4055 -15.9331 4.99667 -2.6 1.4 1.0 3.4
2022.4082 -21.6868 4.33045 -5.2 1.4 1.0 3.4
2022.4110 -19.0312 9.77127 -8.3 1.5 1.0 3.4
2022.4137 -16.1544 7.10638 -3.2 1.5 1.0 3.4
2022.4164 -20.2484 7.21741 -5.2 1.5 1.0 3.4
2022.4192 -21.6868 4.55252 -13.2 1.5 1.0 3.4
2022.4219 -16.3757 6.99534 -12.8 1.5 1.0 3.4
2022.4247 -22.1847 6.66223 -5.1 1.4 1.0 3.4
2022.4274 -16.2651 7.32845 -2.5 1.4 1.0 3.3
2022.4301 -19.2525 7.43949 -10 1.4 1.0 3.3
2022.4329 -16.929 8.43882 -7.7 1.5 1.0 3.4
2022.4356 -19.5292 8.54986 -10.8 1.5 1.0 3.4
2022.4384 -19.9164 6.66223 -11.6 1.5 1.0 3.3
2022.4411 -19.7505 8.10571 -7.5 1.3 1.0 3.3
2022.4438 -15.3246 8.54986 -1.9 1.4 1.0 3.3
2022.4466 -19.3079 9.32712 -5.7 1.5 1.1 3.5
2022.4493 -22.6273 5.21875 -1.5 1.4 1.0 3.4
2022.4521 -16.6523 7.10638 -3.2 1.4 1.0 3.3
2022.4548 -21.4655 8.43882 -1.3 1.4 1.0 3.3
2022.4575 -20.0271 9.43816 -1.3 1.3 1.0 3.3
2022.4603 -29.9853 9.32712 0.9 1.4 1.0 3.3
2022.4630 -16.7077 6.44015 -6.8 1.3 1.0 3.4
2022.4658 -19.5292 6.8843 -7.9 1.4 1.0 3.3
2022.4685 -17.8141 8.32779 -7.1 1.4 1.1 3.7
2022.4712 -15.8778 10.8816 -4.5 1.6 1.4 4.8
2022.4740 -24.0104 8.43882 5.3 1.7 1.3 4.4
2022.4767 -22.074 12.2141 0.5 1.6 1.3 4.7
2022.4795 -25.7807 4.7746 -1.3 1.5 1.0 3.6
2022.4822 -18.9759 8.99401 -2.1 1.4 1.0 3.4
2022.4849 -20.7463 7.88364 -0.9 1.3 1.0 3.3
2022.4877 -14.2181 11.3258 -1.7 1.5 1.1 3.3
2022.4904 -11.5073 9.66023 -12 1.5 1.1 3.4
2022.4932 -15.9885 8.10571 -18.1 1.4 1.0 3.3
2022.4959 -20.0271 8.54986 -0.2 1.6 1.1 3.6
2022.4986 -17.0396 6.8843 -9 1.3 1.0 3.4
2022.5014 -19.6951 8.77193 2.9 1.4 1.0 3.4
2022.5041 -18.5333 5.99601 7.2 1.4 1.0 3.4
2022.5068 -18.2567 7.55053 7.7 1.4 1.0 3.6
2022.5096 -21.5761 7.66156 2.4 1.5 1.0 3.7
2022.5123 -18.81 3.44215 -4.3 1.5 1.0 3.7
2022.5151 -21.5208 4.21941 0.6 1.5 1.0 3.6
2022.5178 -23.2358 5.99601 -5 1.4 1.0 3.5
2022.5205 -16.0991 6.55119 0 1.4 1.0 3.4
2022.5233 -18.0354 5.99601 -0.6 1.4 1.0 3.5
2022.5260 -15.048 8.88297 -4.1 1.5 1.1 3.4
2022.5288 -19.7505 7.32845 5.6 1.4 1.0 3.5
2022.5315 -14.0521 6.66223 6 1.4 1.0 3.4
2022.5342 -17.3162 4.7746 -3.5 1.4 1.0 3.4
2022.5370 -17.8141 2.998 1 1.5 1.1 3.5
2022.5397 -22.7932 3.55319 -3.9 1.5 1.1 3.8
2022.5425 -14.3841 6.66223 9.6 1.4 1.1 3.9
2022.5452 -16.929 9.66023 -2.1 1.7 1.3 4.7
2022.5479 -20.5803 8.77193 -1.3 1.5 1.0 3.5
2022.5507 -12.0052 2.88697 2.7 1.4 1.0 3.4
2022.5534 -13.6649 5.32978 5.7 1.4 1.0 3.4
2022.5562 -15.4906 12.2141 -1.8 1.7 1.2 4.6
2022.5589 -15.7118 4.88563 5.7 1.4 1.0 3.5
2022.5616 -13.2223 6.44015 6.6 1.4 1.1 3.4
2022.5644 -18.4227 4.21941 6.5 1.4 1.0 3.5
2022.5671 -17.8695 6.55119 -0.4 1.4 1.0 3.4
2022.5699 -16.431 6.66223 6.5 1.4 1.0 3.4
2022.5726 -16.2098 7.7726 5.1 1.5 1.1 3.6
2022.5753 -15.8225 6.32912 8.2 1.4 1.0 3.3
2022.5781 -16.0438 5.32978 7.8 1.4 1.0 3.4
2022.5808 -16.3757 8.43882 7.8 1.4 1.0 3.4
2022.5836 -15.6565 4.66356 8.3 1.4 1.1 3.6
2022.5863 -17.8141 7.99467 -2.7 1.5 1.1 3.6
2022.5890 -22.5166 3.44215 -2.4 1.4 1.0 3.5
2022.5918 -16.763 5.10771 -3.4 1.5 1.1 3.4
2022.5945 -18.312 7.43949 1.3 1.4 1.0 3.4
2022.5973 -21.6314 7.32845 4.3 1.5 1.1 3.4
2022.6000 -21.2995 10.4375 -7.1 1.4 1.0 3.3
2022.6027 -15.9331 7.88364 12.7 1.4 1.0 3.3
2022.6055 -19.2525 3.44215 7.2 1.4 1.0 3.4
2022.6082 -22.9592 9.43816 7.3 1.4 1.0 3.3
2022.6110 -16.2098 8.54986 1.7 1.5 1.0 3.4
2022.6137 -21.6314 6.32912 6.5 1.5 1.0 3.4
2022.6164 -17.4269 8.99401 13.1 1.4 1.0 3.3
2022.6192 -13.2776 6.10704 12.5 1.5 1.0 3.4
2022.6219 -14.0521 6.44015 11.8 1.4 1.0 3.3
2022.6247 -18.7546 4.55252 12.9 1.4 1.0 3.3
2022.6274 -20.525 7.21741 0.1 1.4 1.0 3.5
2022.6301 -15.7118 11.1037 3.4 1.6 1.2 3.8
2022.6329 -21.7974 11.3258 3.3 1.5 1.1 3.7
2022.6356 -16.431 5.32978 6.7 1.4 1.0 3.3
2022.6384 -26.0573 9.10505 17.9 1.4 1.0 3.3
2022.6411 -14.9926 5.10771 9.3 1.4 1.0 3.3
2022.6438 -12.4478 8.88297 4.5 1.7 1.1 3.8
2022.6466 -17.1503 5.77393 15.8 1.6 1.1 3.7
2022.6493 -19.8058 9.32712 13.4 1.4 1.0 3.5
2022.6521 -21.0782 9.21608 14.1 1.4 1.0 3.5
2022.6548 -19.1419 8.43882 8.9 1.4 1.0 3.4
2022.6575 -20.9676 5.99601 18.4 1.4 1.0 3.5
2022.6603 -23.0145 7.55053 -0.1 1.4 1.0 3.4
2022.6630 -18.312 8.6609 15.2 1.4 1.0 3.3
2022.6658 -14.9926 8.54986 14.5 1.4 1.0 3.4
2022.6685 -16.7077 6.8843 13 1.4 1.0 3.3
2022.6712 -16.8183 6.8843 13.2 1.4 1.0 3.2
2022.6740 -21.0229 5.88497 14.7 1.4 1.0 3.2
2022.6767 -23.4018 5.32978 17.3 1.6 1.0 3.4
2022.6795 -22.074 7.43949 8.6 1.4 1.0 3.3
2022.6822 -20.0271 7.99467 18.1 1.4 1.0 3.3
2022.6849 -21.2442 6.44015 9.7 1.4 0.9 3.2
2022.6877 -23.7891 7.88364 7 1.4 1.0 3.3
2022.6904 -19.9164 11.1037 8.9 1.4 0.9 3.2
2022.6932 -24.0104 6.55119 7.7 1.4 1.0 3.2
2022.6959 -19.8058 5.77393 6.9 1.4 0.9 3.2
2022.6986 -17.2056 7.66156 11.6 1.4 1.0 3.3
2022.7014 -19.2525 7.7726 9.1 1.4 1.0 3.3
2022.7041 -20.193 9.32712 20.8 1.4 1.0 3.6
2022.7068 -18.4227 7.99467 13.8 1.6 1.2 4.5
2022.7096 -15.6012 11.1037 16 1.7 1.3 5.2
2022.7123 -25.2275 7.43949 10.4 1.5 1.0 3.3
2022.7151 -23.955 7.88364 1.7 1.4 0.9 3.3
2022.7178 -27.551 5.10771 7 1.4 0.9 3.3
2022.7205 -20.2484 6.99534 10.4 1.4 1.0 3.2
2022.7233 -20.4143 8.10571 23.7 1.4 1.0 3.3
2022.7260 -27.7723 9.43816 -8.6 1.4 1.0 3.2
2022.7288 -27.0531 8.43882 13.3 1.5 1.0 3.3
2022.7315 -21.7421 -0.222074 23.6 1.4 0.9 3.2
2022.7342 -24.121 7.10638 3.8 1.4 0.9 3.2
2022.7370 -22.6273 4.55252 11.9 1.4 0.9 3.2
2022.7397 -25.2275 6.44015 -0.4 1.4 0.9 3.2
2022.7425 -25.5041 8.32779 8.2 1.4 1.0 3.4
2022.7452 -29.5427 6.8843 -6.5 1.5 1.1 3.4
2022.7479 -25.3381 8.54986 11.4 1.4 1.0 3.2
2022.7507 -25.6701 6.10704 -1.3 1.4 1.0 3.3
2022.7534 -27.883 6.32912 4.8 1.4 0.9 3.2
2022.7562 -25.7254 6.55119 3.6 1.4 0.9 3.2
2022.7589 -24.2316 6.44015 14.4 1.4 0.9 3.2
2022.7616 -22.5166 5.88497 9.6 1.4 0.9 3.2
2022.7644 -21.7421 7.88364 9.2 1.6 1.0 3.3
2022.7671 -27.4404 5.21875 12.1 1.5 1.0 3.4
2022.7699 -21.7421 6.66223 3.2 1.5 1.0 3.2
2022.7726 -24.4529 9.43816 -7.4 1.5 1.0 3.4
2022.7753 -23.5678 10.5485 7.7 1.4 0.9 3.2
2022.7781 -27.3851 10.5485 -6.4 1.5 1.0 3.4
2022.7808 -22.8486 9.66023 6.2 1.5 1.0 3.5
2022.7836 -23.1805 6.44015 16.1 1.6 1.0 3.5
2022.7863 -28.049 5.32978 16.1 1.5 1.0 3.4
2022.7890 -26.4446 5.32978 20 1.4 0.9 3.2
2022.7918 -23.8444 7.88364 23.8 1.5 0.9 3.2
2022.7945 -22.1294 6.55119 15.9 1.5 1.0 3.2
2022.7973 -23.8997 4.7746 22.6 1.5 1.0 3.6
2022.8000 -24.1763 7.88364 20.3 1.6 1.0 3.8
2022.8027 -25.8913 11.7699 15.1 1.5 1.0 3.4
2022.8055 -33.9686 5.44082 -3.3 1.5 1.1 3.3
2022.8082 -33.6919 9.99334 7.6 1.5 1.0 3.3
2022.8110 -31.0917 6.44015 10.8 1.5 1.0 3.3
2022.8137 -26.7212 6.44015 8.5 1.4 0.9 3.2
2022.8164 -23.6231 5.99601 10.5 1.5 1.0 3.3
2022.8192 -26.7212 6.99534 36.7 1.7 1.2 3.9
2022.8219 -35.5729 7.10638 9.5 1.8 1.2 3.9
2022.8247 -13.001 13.1024 0.5 2.0 1.4 5.9
2022.8274 -19.1419 8.43882 8.1 2.0 1.6 6.1
2022.8301 -31.8663 7.55053 5.3 1.6 1.0 3.5
2022.8329 -24.6742 5.66289 8.9 1.4 1.0 3.3
2022.8356 -24.6742 6.32912 6.3 1.5 1.0 3.3
2022.8384 -17.4269 11.3258 45.9 1.6 1.2 3.7
2022.8411 -33.0281 5.66289 10.7 1.7 1.0 3.6
2022.8438 -33.526 -1.99867 3 1.6 1.0 3.5
2022.8466 -33.3047 0 5 1.5 1.0 3.3
2022.8493 -27.2191 7.99467 -0.3 1.4 1.0 3.2
2022.8521 -24.3423 9.88231 6 1.6 1.1 3.6
2022.8548 -27.0531 9.10505 7.9 1.4 1.0 3.4
2022.8575 -26.5552 7.88364 17.8 1.5 1.0 3.3
2022.8603 -20.8016 7.21741 10.2 1.5 1.0 3.4
2022.8630 -24.1763 9.21608 20 1.5 1.0 3.4
2022.8658 -12.6137 10.3265 131.5 1.5 1.1 3.5
2022.8685 -20.525 11.7699 15.2 1.4 1.0 3.3
2022.8712 -26.5552 10.8816 11.9 1.5 1.0 3.3
2022.8740 -22.9039 11.881 14.7 1.4 1.0 3.3
2022.8767 -24.2316 8.21675 7.7 1.4 1.0 3.3
2022.8795 -21.9634 8.43882 23.5 1.4 1.0 3.2
2022.8822 -31.7556 9.54919 18.2 1.4 1.0 3.3
2022.8849 -26.8872 5.99601 13.9 1.4 1.0 3.3
2022.8877 -27.3851 6.21808 15 1.4 1.0 3.2
2022.8904 -23.1805 7.88364 18.9 1.4 1.0 3.3
2022.8932 -26.002 5.77393 17.1 1.4 1.0 3.3
2022.8959 -25.2275 4.21941 23.9 1.4 1.0 3.3
2022.8986 -31.4237 0.888297 42.3 1.4 1.0 3.3
2022.9014 -27.551 10.4375 54.2 1.5 1.1 3.5
2022.9041 -27.3298 4.88563 11.4 1.6 1.0 3.4
2022.9068 -28.4915 9.43816 19.6 1.4 1.0 3.3
2022.9096 -24.8955 11.1037 3.8 1.4 1.0 3.4
2022.9123 -27.2191 8.99401 5.4 1.4 1.0 3.3
2022.9151 -21.6868 10.5485 11.4 1.4 1.0 3.4
2022.9178 -23.5678 5.99601 13.7 1.5 1.0 3.3
2022.9205 -26.6106 7.99467 13.7 1.5 1.0 3.4
2022.9233 -27.7723 9.88231 22.5 1.4 1.0 3.3
2022.9260 -26.6106 5.21875 15.4 1.4 1.0 3.3
2022.9288 -24.3976 7.21741 17.6 1.4 1.0 3.3
2022.9315 -28.1043 9.77127 23.6 1.4 1.0 3.4
2022.9342 -22.9592 7.88364 162.4 1.6 1.1 3.5
2022.9370 -33.5813 2.10971 40.7 1.4 1.0 3.2
2022.9397 -29.9853 -0.777261 13.3 1.4 1.0 3.3
2022.9425 -25.836 7.32845 24.4 1.4 1.0 3.2
2022.9452 -25.4488 6.10704 15.9 1.4 1.0 3.3
2022.9479 -9.57095 17.988 49.8 1.5 1.1 3.9
2022.9507 -25.4488 9.21608 31.9 1.5 1.0 3.3
2022.9534 -18.6993 8.10571 35.3 1.3 0.9 3.2
2022.9562 -31.4237 1.44348 24.2 1.4 1.0 3.4
2022.9589 -17.7035 1.33245 15.9 1.4 1.0 3.3
2022.9616 -20.1377 5.66289 23.5 1.4 1.0 3.3
2022.9644 -22.8486 5.88497 23 1.4 0.9 3.2
2022.9671 -22.2953 6.21808 30.2 1.3 0.9 3.2
2022.9699 -19.7505 5.21875 32.5 1.4 1.0 3.3
2022.9726 -18.312 5.77393 27.1 1.4 1.0 3.3
2022.9753 -19.5845 5.32978 32 1.3 1.0 3.2
2022.9781 -18.81 5.21875 24 1.3 1.0 3.2
2022.9808 -21.7421 5.21875 23.9 1.4 1.0 3.3
2022.9836 -16.6523 4.44149 20.6 1.3 0.9 3.2
2022.9863 -23.6784 10.9927 7.8 1.5 1.1 3.3
2022.9890 -30.2619 6.8843 13 1.5 1.0 3.4
2022.9918 -31.1471 6.66223 13.4 1.4 1.0 3.5
2022.9945 -30.6492 7.55053 12.6 1.3 1.0 3.3
2022.9973 -29.432 7.32845 12.8 1.3 1.0 3.2
2023.0000 -28.6575 8.6609 13.8 1.3 1.0 3.2
2023.0027 -25.6701 6.66223 8.8 1.3 1.0 3.2
2023.0055 -29.9853 8.6609 11.6 1.4 1.0 3.3
2023.0082 -24.8402 10.1044 15.7 1.5 1.1 3.3
2023.0110 -26.9978 9.10505 11.8 1.4 1.0 3.3
2023.0137 -28.049 6.44015 26.5 1.3 1.0 3.3
2023.0164 -28.8235 9.54919 19.3 1.5 1.0 3.3
2023.0192 -28.9895 9.32712 18.8 1.4 1.0 3.2
2023.0411 -31.0917 4.99667 68.7 1.4 1.1 3.5
2023.0438 -27.7723 8.6609 10.9 1.3 1.0 3.2
2023.0466 -33.3047 0.555185 38.3 1.4 1.0 3.3
2023.0493 -29.7087 9.66023 14.3 1.4 1.0 3.2
2023.0521 -23.1805 6.55119 9.7 1.4 1.0 3.2
2023.0548 -28.4915 8.43882 7.3 1.4 1.0 3.3
2023.0575 -30.2619 6.44015 -4.8 1.5 1.1 3.4
2023.0603 -26.5552 10.2154 12.6 1.4 1.1 3.4
2023.0630 -31.5897 9.66023 9.7 1.4 1.0 3.4
2023.0658 -30.0959 12.8803 14.2 1.5 1.2 3.6
2023.0685 -31.0917 9.21608 1.8 1.5 1.2 3.4
2023.0712 -29.8193 9.77127 9 1.5 1.2 3.7
2023.0740 -32.9174 10.5485 2.3 1.4 1.1 3.5
2023.0767 -36.0155 12.8803 14.1 1.4 1.1 3.4
2023.0795 -32.8068 9.32712 2.4 1.4 1.1 3.5
2023.0822 -31.2024 10.3265 4.3 1.5 1.1 3.5
2023.0849 -33.0834 9.21608 5.4 1.4 1.1 3.5
2023.0877 -31.3684 11.2148 12.6 1.4 1.1 3.5
2023.0904 -30.8151 10.1044 18.8 1.4 1.1 3.5
2023.0932 -33.0834 9.54919 7.9 1.4 1.0 3.4
2023.0959 -33.9132 9.77127 8.7 1.4 1.0 3.4
2023.0986 -32.9174 11.881 19.7 1.4 1.0 3.4
2023.1014 -25.2828 9.10505 78.8 1.4 1.1 3.4
2023.1041 -32.4195 12.5472 22.2 1.5 1.0 3.4
2023.1068 -35.407 10.7706 10.3 1.4 1.0 3.4
2023.1096 -36.3475 14.6569 8.2 1.6 1.2 3.7
2023.1123 -31.5343 13.2134 2.6 1.5 1.1 3.4
2023.1151 -35.6283 15.1011 17.5 1.4 1.0 3.3
2023.1178 -39.5562 12.4362 20.9 1.5 1.0 3.5
2023.1205 -36.0709 13.2134 -0.4 1.5 1.1 3.4
2023.1233 -28.6022 12.6582 18 1.6 1.2 3.6
2023.1260 -33.526 10.7706 24.5 1.6 1.2 3.6
2023.1288 -33.5813 14.2128 15.1 1.6 1.1 3.5
2023.1315 -36.4028 13.9907 9.6 1.5 1.0 3.4
2023.1342 -35.8496 15.2121 18.2 1.4 1.0 3.4
2023.1370 -30.3172 9.32712 -5 1.5 1.1 3.5
2023.1397 -32.8068 9.43816 -2.8 1.5 1.0 3.4
2023.1425 -38.1731 10.4375 1.2 1.6 1.1 3.5
2023.1452 -39.3903 14.3238 2.6 1.4 1.0 3.4
2023.1479 -33.4153 13.5465 1.4 1.5 1.1 3.4
2023.1507 -36.0155 12.2141 11.4 1.4 1.0 3.4
2023.1534 -47.5781 9.77127 19.7 1.5 1.0 3.5
2023.1562 -36.5134 6.66223 -1.8 1.5 1.0 3.5
2023.1589 -41.7138 9.21608 13.2 2.2 1.3 4.1
2023.1616 -33.3047 13.2134 2.5 1.5 1.1 3.4
2023.1644 -34.8537 10.1044 15.8 1.5 1.0 3.4
2023.1671 -41.3819 9.54919 3.3 1.4 1.0 3.4
2023.1699 -41.8798 12.9913 -2.4 1.5 1.0 3.4
2023.1726 -35.5729 11.1037 -4 1.5 1.0 3.3
2023.1753 -35.241 15.4342 3.7 1.6 1.1 3.4
2023.1781 -39.003 14.1017 0.4 1.4 1.0 3.3
2023.1808 -35.6283 14.879 3.9 1.4 1.0 3.4
2023.1836 -32.0322 16.1004 2.1 1.5 1.0 3.4
2023.1863 -39.169 12.4362 2 1.6 1.0 3.5
2023.1890 -37.5093 10.4375 6.6 1.5 1.0 3.4
2023.1918 -38.3391 14.879 -2.1 1.4 1.0 3.3
2023.1945 -35.1857 14.1017 10 1.5 1.0 3.4
2023.1973 -39.7775 16.4335 -3.7 1.5 1.0 3.5
2023.2000 -37.8965 12.6582 3.3 1.6 1.0 3.3
2023.2027 -36.6794 16.9887 3.3 1.5 1.0 3.4
2023.2055 -38.6711 10.3265 2.1 1.4 1.0 3.3
2023.2082 -32.6408 12.103 14.2 1.6 1.1 3.6
2023.2110 -27.883 16.8776 8.6 1.5 1.0 3.4
2023.2137 -32.0876 16.2114 6.6 1.5 1.1 3.4
2023.2164 -32.0322 16.2114 7.5 1.5 1.0 3.4
2023.2192 -33.4153 15.2121 1.7 1.6 1.1 3.4
2023.2219 -37.6199 10.5485 5.8 1.5 1.1 3.5
2023.2247 -40.8287 18.7653 -6.7 1.8 1.1 3.6
2023.2274 -43.6502 14.2128 1.3 1.6 1.2 3.8
2023.2301 -40.552 9.54919 -3.5 1.5 1.0 3.4
2023.2329 -35.4623 15.7673 -5.9 1.4 1.0 3.3
2023.2356 -38.4498 14.7679 4.3 1.5 1.0 3.4
2023.2384 -37.1773 16.8776 -1.9 1.4 1.0 3.3
2023.2411 -34.5218 14.7679 0.2 1.4 1.1 3.4
2023.2438 -37.5093 16.1004 5.4 1.5 1.1 3.4
2023.2466 -38.0072 12.6582 -3.4 1.5 1.0 3.3
2023.2493 -45.6418 11.4368 -5.4 1.5 1.1 3.4
2023.2521 -36.7347 16.5445 -10.3 1.6 1.1 3.4
2023.2548 -38.1731 16.1004 1.3 1.5 1.1 3.5
2023.2575 -37.3986 15.5452 -1.6 1.5 1.1 3.7
2023.2603 -36.7901 14.5459 -2 1.5 1.0 3.3
2023.2630 -38.2838 12.3251 0.5 1.5 1.0 3.4
2023.2658 -41.1053 16.5445 -1.9 1.5 1.0 3.4
2023.2685 -39.4456 14.99 6.2 1.4 1.0 3.4
2023.2712 -39.0583 16.6556 -9.8 1.6 1.1 3.4
2023.2740 -38.8923 16.8776 -0.1 1.6 1.1 3.4
2023.2767 -39.5562 13.9907 5.7 1.5 1.0 3.3
2023.2795 -39.169 16.1004 5.1 1.4 1.0 3.3
2023.2822 -38.8923 13.2134 -0.1 1.5 1.1 3.4
2023.2849 -38.9477 15.2121 9 1.7 1.1 3.7
2023.2877 -38.1731 16.1004 8.9 1.6 1.1 3.5
2023.2904 -34.9091 13.3245 7.2 1.5 1.1 3.4
2023.2932 -35.8496 16.4335 -2.9 1.5 1.1 3.4
2023.2959 -36.9007 15.2121 -3.2 1.5 1.0 3.3
2023.2986 -40.4414 13.6576 -1.2 1.6 1.1 3.4
2023.3014 -36.7901 14.99 2.2 1.4 1.0 3.2
2023.3041 -38.0072 15.9893 4.2 1.4 1.0 3.2
2023.3068 -37.288 15.4342 -2.2 1.4 1.0 3.2
2023.3096 -42.433 14.879 2.5 1.9 1.2 3.5
2023.3123 -38.4498 14.4348 8.7 1.8 1.3 4.1
2023.3151 -43.8715 16.8776 9.6 1.4 1.0 3.3
2023.3178 -41.9905 16.9887 14.8 1.4 1.0 3.3
2023.3205 -39.5562 14.6569 4.9 1.5 1.1 3.3
2023.3233 -37.2326 14.879 4.9 1.4 1.0 3.2
2023.3260 -39.5009 13.2134 6.1 1.4 1.0 3.2
2023.3288 -40.3308 15.6562 2.5 1.5 1.1 3.4
2023.3315 -35.9602 19.3205 1.5 1.5 1.1 3.4
2023.3342 -28.7682 15.6562 61.1 1.4 1.0 3.4
2023.3370 -40.2201 14.879 8.7 1.4 1.0 3.3
2023.3397 -38.3944 17.0997 1.2 1.4 1.0 3.3
2023.3425 -45.3099 15.1011 4.7 1.4 1.0 3.3
2023.3452 -35.5176 16.5445 8.8 1.5 1.1 3.4
2023.3479 -39.1136 15.4342 -1.5 1.4 1.0 3.4
2023.3507 -41.9351 16.5445 6.2 1.5 1.1 3.5
2023.3534 -32.7514 19.8756 -3.9 1.5 1.1 3.5
2023.3562 -38.4498 17.7659 7.6 1.4 1.0 3.3
2023.3589 -40.7733 17.2108 -7.7 1.4 1.0 3.4
2023.3616 -35.407 15.5452 5.1 1.5 1.1 3.4
2023.3644 -35.6836 21.4302 8.8 1.5 1.2 3.6
2023.3671 -39.7222 15.8783 1.5 1.4 1.0 3.3
2023.3699 -38.4498 18.7653 1.5 1.4 1.0 3.3
2023.3726 -36.956 19.9867 -10.7 1.4 1.0 3.3
2023.3753 -35.241 17.988 0.7 1.5 1.0 3.3
2023.3781 -35.4623 19.9867 -1.2 1.5 1.1 3.4
2023.3808 -33.4707 17.5439 1.5 1.5 1.1 3.5
2023.3836 -35.9602 21.5412 -1.4 1.6 1.1 3.5
2023.3863 -37.6752 17.7659 -2.7 1.4 1.0 3.4
2023.3890 -35.1857 16.7666 -2.6 1.4 1.0 3.3
2023.3918 -33.4707 18.2101 -1.1 1.5 1.1 3.4
2023.3945 -33.526 16.8776 3.1 1.4 1.0 3.3
2023.3973 -37.5646 17.877 4.6 1.5 1.1 3.5
2023.4000 -42.1011 18.3211 1 1.4 1.1 3.3
2023.4027 -36.7347 17.877 7.7 1.4 1.0 3.4
