1996.3890 0 0 0 2.0 1.5 4.6
1996.3945 -0.924473 0.999306 2.9 1.8 1.3 3.8
1997.5781 4.13293 -35.864 21.7 7.9 5.1 11.2
1997.5808 -9.78852 -29.313 57.7 10.1 5.3 11.8
1997.6904 7.17825 -54.1846 24 1.4 1.0 2.8
1997.6932 7.72206 -49.7432 30.3 2.2 1.8 4.3
1997.9452 4.94864 -75.9473 37 1.8 1.4 3.8
1997.9479 5.65559 -67.2866 33.3 1.8 1.3 3.9
1998.1562 10.8761 -76.0583 29.8 1.4 1.1 2.9
1998.1973 4.29607 -71.617 19.9 2.3 1.4 4.1
1998.2000 5.43807 -80.3886 25.2 1.5 1.1 2.9
1998.2027 7.66767 -80.4997 24.1 1.5 1.0 2.8
1998.2055 5.49245 -82.4983 24.3 1.6 1.0 2.8
1998.2329 6.52568 -72.7273 26.7 2.2 1.4 3.9
1998.2356 8.04834 -79.1673 30.2 1.4 0.9 2.7
1998.2384 18.3807 -77.2797 30.2 1.5 1.0 2.8
1998.2411 14.8459 -77.2797 33.1 1.6 1.0 2.9
1998.2438 9.46224 -76.2804 25.7 1.3 0.9 2.7
1998.2466 12.6707 -77.6128 28.9 2.3 1.5 4.3
1998.7260 -3.75227 -85.4962 25 2.0 1.4 3.6
1998.7288 -3.86103 -85.0521 34.2 1.6 1.1 3.1
1998.7315 0.10876 -82.1652 40.9 1.6 1.0 2.9
1998.7342 -3.26284 -75.9473 30 2.3 1.4 4.1
1998.7370 1.57704 -80.2776 39.6 1.4 0.9 2.8
1998.7397 -4.94864 -76.1693 37.4 1.3 0.9 2.6
1998.7425 -1.6858 -74.1707 29 1.3 0.9 2.7
1998.7479 2.28399 -96.5996 39.5 1.2 0.9 2.7
1998.7507 2.50151 -96.9327 30.9 1.4 1.0 2.8
1998.7534 4.45921 -93.7127 34.6 1.4 0.9 2.8
1998.7562 0.271904 -96.8217 30.8 1.3 0.9 2.7
1998.7589 0.163142 -96.1555 42.8 1.3 0.9 2.8
2000.0548 2.88217 -123.914 48.8 1.4 1.0 2.9
2000.0575 -0.924473 -125.135 47.7 1.4 1.0 2.9
2000.0603 -2.50151 -125.579 51.7 1.7 1.1 3.1
2000.0630 -9.02719 -120.472 54.1 1.6 1.0 3.2
2000.0658 2.61027 -119.917 53.4 3.1 2.3 5.9
2000.0986 -6.36254 -116.586 42.3 1.4 1.0 2.8
2000.1014 -1.4139 -124.802 41.7 1.5 1.0 3.0
2000.1699 -3.64351 -134.906 52.9 1.4 1.0 2.7
2000.1726 -6.90635 -136.683 45.5 1.9 1.4 3.8
2002.3288 -18.8701 -188.314 60.6 3.4 2.0 6.0
2002.3315 -9.19033 -184.65 60.3 1.2 1.0 2.7
2002.3342 -9.51662 -193.199 60.7 1.2 0.9 2.7
2002.3370 -9.571 -187.981 60.3 1.2 1.0 2.8
2002.3397 -9.08157 -193.199 61.5 1.2 0.9 2.7
2002.3425 -6.7432 -194.199 60.4 1.2 1.0 2.8
2002.3452 -9.13595 -194.643 59 1.4 1.0 2.9
2002.3479 -10.4411 -193.754 60.8 1.2 1.0 2.8
2002.3507 -6.79759 -194.754 62.5 1.1 0.9 2.7
2002.3534 -10.2779 -188.314 63.1 1.2 0.9 2.7
2002.3562 -16.3142 -186.315 65.6 1.2 0.9 2.8
2002.3589 -9.89728 -184.316 66.1 1.4 1.1 3.0
2002.3616 -16.3686 -190.645 64.4 1.3 1.0 2.9
2002.3644 -13.5408 -192.644 60.3 1.2 0.9 2.8
2002.3671 -11.2568 -195.087 59.5 1.4 1.1 3.0
2002.3699 -7.01511 -194.976 63 1.3 1.0 2.8
2002.3726 -10.8218 -191.756 57.6 1.2 0.9 2.7
2002.3753 -13.2689 -193.643 62.3 1.3 1.0 2.8
2002.3781 -10.8761 -194.199 61.2 1.2 0.9 2.7
2002.3808 -12.5619 -192.533 61 1.4 1.1 2.9
2002.3836 -11.9094 -193.754 63.3 1.2 0.9 2.7
2002.3863 -12.7795 -192.311 60 1.2 0.9 2.7
2002.3890 -10.1148 -194.532 64 1.2 0.9 2.7
2002.3918 -16.423 -192.533 61.1 1.4 1.1 2.9
2002.3945 -14.0302 -191.312 58.5 1.3 1.0 2.8
2002.3973 -9.8429 -190.756 59.4 1.2 1.0 2.7
2002.4000 -12.5076 -191.09 61.6 1.1 0.9 2.6
2002.4027 -12.9426 -187.092 53.3 1.6 1.2 3.3
2002.4055 -11.9637 -194.087 56.7 1.3 1.0 2.8
2002.4082 -11.0393 -193.865 65.9 1.3 1.0 2.8
2002.4110 -9.40786 -192.755 62.3 1.4 1.1 3.0
2002.4137 -11.855 -194.976 73.4 1.8 1.3 3.4
2002.4164 -6.03626 -191.534 67.1 2.3 1.7 3.9
2002.4192 -12.8338 -197.085 59.8 2.0 1.3 3.4
2002.4219 -18.3263 -195.087 65.7 2.2 1.3 3.6
2002.4247 -13.4864 -192.533 58.5 2.3 1.8 3.8
2002.4274 -12.0181 -190.645 64.7 2.4 1.9 4.4
2002.4301 -11.148 -194.532 62 1.2 1.0 2.7
2002.4329 -9.62538 -196.641 68.2 1.2 1.0 2.8
2002.4356 -6.4713 -195.864 62.5 1.2 0.9 2.7
2002.4384 -9.51662 -196.974 59 1.2 0.9 2.8
2002.4411 -12.5076 -195.309 62.4 1.3 1.0 2.9
2002.4438 -11.4199 -197.307 63.4 1.2 0.9 2.8
2002.4466 -11.4743 -195.309 56.1 1.2 0.9 2.9
2002.4493 -10.6586 -195.531 52.9 1.2 0.9 2.8
2002.4521 -6.14502 -197.641 56.6 1.3 0.9 3.0
2002.4548 -12.3444 -195.42 63.4 1.2 0.9 2.8
2002.4575 -10.1692 -196.308 64.7 1.3 0.9 2.8
2002.4603 -8.86405 -193.976 59.3 1.3 0.9 2.7
2002.4630 -11.6375 -188.536 53.7 1.7 1.3 3.9
2002.4685 -12.997 -185.76 59.1 4.5 2.4 6.5
2002.4740 -14.0846 -191.534 66.1 1.2 0.9 2.8
2002.4767 -17.2931 -189.202 59.4 1.4 1.0 2.8
2002.4795 -12.3444 -194.087 66.8 1.2 1.0 2.8
2002.4822 -10.3323 -196.641 65.1 1.3 0.9 2.8
2002.4849 -12.1813 -200.083 63.7 1.3 0.9 2.9
2002.4877 -12.5076 -199.75 65.3 1.3 0.9 2.9
2002.4904 -13.5408 -196.752 61.2 1.3 1.0 2.9
2002.4932 -13.5408 -198.418 64.1 1.3 0.9 2.8
2002.4959 -15.4441 -196.419 52.8 1.3 0.9 2.9
2002.4986 -5.65559 -197.53 63.4 2.0 1.6 4.2
2002.9041 -29.2568 -228.286 68.5 2.0 1.5 4.2
2002.9068 -26.1571 -213.296 72 1.4 1.0 3.0
2002.9096 -20.6647 -213.185 64.1 1.3 1.0 2.9
2002.9123 -23.6012 -229.285 65.6 1.3 1.0 2.9
2002.9151 -19.2508 -223.845 69.6 1.3 1.0 2.9
2002.9178 -20.2296 -221.402 64.7 1.3 0.9 2.9
2002.9205 -22.2961 -225.066 63.1 1.3 1.0 2.9
2002.9233 -25.1239 -224.4 67.3 1.9 1.4 4.1
2002.9260 -23.1118 -223.956 65.7 1.3 1.0 2.9
2002.9288 -23.0574 -224.289 64.7 1.3 1.0 2.9
2002.9315 -21.426 -227.287 65.5 1.3 1.1 3.0
2002.9342 -22.4048 -227.176 58.3 1.4 1.1 3.0
2002.9370 -23.2205 -227.176 60.1 1.4 1.0 3.0
2002.9397 -27.6254 -227.509 63.5 1.2 1.0 2.8
2002.9425 -28.3867 -228.841 69.6 1.3 1.0 2.9
2002.9452 -27.2447 -228.397 69.1 1.3 1.0 2.8
2002.9479 -26.5922 -227.065 73 1.3 1.0 2.8
2002.9507 -30.3988 -225.843 73.4 1.4 1.0 2.8
2002.9534 -26.1027 -224.067 67.4 1.4 1.0 2.9
2002.9562 -25.7221 -227.953 72.6 1.4 1.0 3.0
2002.9589 -26.7009 -228.508 73.1 1.4 1.0 3.1
2002.9616 -28.6586 -227.176 81.2 1.3 1.0 2.9
2002.9644 -29.5287 -227.509 71.6 1.3 1.0 2.9
2002.9671 -20.5559 -231.173 72.4 2.0 1.3 3.5
2002.9699 -23.003 -228.508 72.8 1.5 1.0 3.2
2002.9726 -23.8731 -227.842 67.5 1.6 1.1 3.1
2002.9753 -26.2115 -231.728 68.8 1.3 1.0 2.9
2002.9781 -26.8641 -231.617 54.6 1.6 1.1 3.2
2002.9808 -16.0967 -223.623 74.9 1.4 1.0 2.9
2002.9836 -22.0242 -216.516 73.7 1.5 1.1 3.1
2002.9863 -17.2931 -220.069 74.4 1.5 1.0 3.0
2002.9890 -18.9789 -222.734 71.4 1.9 1.3 3.5
2002.9918 -19.7946 -220.958 62.5 1.3 1.0 2.9
2002.9945 -21.0997 -220.514 70.1 1.3 1.0 3.0
2002.9973 -17.6737 -220.18 75.1 1.6 1.1 3.3
2003.0000 -21.861 -220.18 56.2 1.3 1.0 2.9
2003.0027 -18.7613 -219.625 62.1 1.4 1.0 2.9
2003.0055 -24.1994 -223.178 58.5 1.3 1.0 3.0
2003.0110 -22.0786 -227.842 66.5 1.3 1.0 2.8
2003.0137 -29.2568 -217.738 66.2 1.4 1.0 3.1
2003.0164 -28.3867 -221.18 61.3 1.4 1.0 3.0
2003.0192 -22.1873 -221.846 69 1.6 1.1 3.3
2003.0219 -24.6344 -224.178 61.7 1.3 0.9 2.9
2003.0247 -25.0151 -228.175 60.2 1.4 1.0 2.9
2003.0274 -25.7764 -229.84 58.7 1.3 1.0 3.0
2003.0301 -26.4834 -229.396 69.7 1.2 1.0 2.9
2003.0329 -26.1571 -230.84 66 1.3 1.0 2.9
2003.0356 -25.0695 -231.95 63.1 1.2 0.9 2.8
2003.0384 -28.5499 -230.618 64.5 1.6 1.2 3.4
2003.0411 -24.852 -230.729 62.1 1.3 1.0 3.0
2003.0438 -23.5468 -230.618 55 1.3 1.0 3.0
2003.0466 -24.0906 -232.061 62.6 1.2 0.9 2.8
2003.0493 -25.4502 -227.62 69.4 1.3 1.0 2.9
2003.0521 -24.5257 -229.396 57.6 1.5 1.0 3.1
2003.0548 -19.0332 -228.619 67.2 1.3 1.0 2.8
2003.0575 -26.4834 -229.951 52.9 1.3 1.0 3.0
2003.0603 -23.8731 -231.284 57.8 1.2 1.0 2.8
2003.0630 -26.9728 -230.729 64.8 1.4 1.0 3.0
2003.0658 -22.0786 -228.619 67.5 1.7 1.3 3.6
2004.2575 -30.8338 -278.14 74.8 1.3 1.0 2.8
2004.2603 -30.3444 -274.92 72.4 1.2 0.9 2.6
2004.2630 -32.7372 -275.364 70.8 1.3 1.0 2.7
2004.2658 -29.5831 -277.807 62.5 1.4 1.0 2.8
2004.2685 -32.8459 -277.474 72.8 1.2 0.9 2.7
2004.2712 -30.6707 -274.143 68.5 1.2 0.9 2.6
2004.2740 -31.8671 -277.363 73.4 1.2 0.9 2.7
2004.2767 -29.0937 -273.588 69.1 1.2 0.9 2.6
2004.2795 -27.7885 -274.698 62.9 1.2 0.9 2.7
2004.2822 -30.6163 -273.588 68.9 1.2 0.9 2.6
2004.2849 -29.2568 -272.478 69.2 1.2 0.9 2.8
2004.2877 -33.6616 -273.699 66.5 1.2 0.9 2.8
2004.2904 -29.3656 -272.7 71.3 1.2 0.9 2.7
2004.2932 -28.9849 -275.809 74.1 1.3 1.0 2.9
2004.2959 -29.4743 -273.366 68.6 1.1 0.9 2.6
2004.2986 -27.5166 -273.588 75.1 1.3 1.0 2.8
2004.3014 -27.0272 -273.366 74.8 1.2 0.9 2.7
2004.3041 -28.5499 -271.922 74.2 1.2 0.9 2.6
2004.3068 -28.1692 -274.92 72.8 1.2 1.0 2.8
2004.3096 -28.278 -275.475 74.8 1.2 0.9 2.6
2004.3123 -31.8671 -274.143 76.3 1.3 1.0 2.8
2004.3151 -28.713 -275.698 78.4 1.2 0.9 2.7
2004.3178 -26.8641 -275.031 70.3 1.2 0.9 2.7
2004.3205 -28.7674 -274.254 69.3 1.2 0.9 2.6
2004.3233 -27.2447 -271.256 73.2 1.2 0.9 2.6
2004.3260 -32.7372 -262.484 70.2 1.2 0.9 2.7
2004.3288 -27.3535 -263.595 73.1 1.2 0.9 2.7
2004.3315 -24.6344 -268.48 69.3 1.2 0.9 2.7
2004.3342 -29.6918 -267.925 78.5 1.2 0.9 2.6
2004.3370 -29.4199 -270.257 68.2 1.2 0.9 2.7
2004.3397 -30.3988 -267.703 67.3 1.2 0.9 2.7
2004.3425 -26.8097 -267.925 73.1 1.2 0.9 2.7
2004.3452 -28.3323 -268.258 68.9 1.2 0.9 2.8
2004.3479 -29.3112 -268.258 65.2 1.2 0.9 2.7
2004.3507 -27.6254 -268.813 70.9 1.2 0.9 2.8
2004.3534 -25.5589 -269.591 68.9 1.2 0.9 2.7
2004.3562 -30.997 -260.597 74.7 1.2 0.9 2.7
2004.3589 -29.0937 -260.264 74.4 1.2 0.9 2.7
2004.3616 -32.574 -259.709 72 1.2 0.9 2.6
2004.3644 -31.8127 -259.598 75.3 1.2 0.9 2.6
2004.3671 -29.0937 -262.04 77.9 1.2 0.9 2.7
2004.3699 -32.139 -264.372 76.8 1.2 0.9 2.6
2004.3726 -30.1269 -266.038 77.8 1.2 0.9 2.6
2004.3753 -33.7704 -266.26 73.9 1.2 0.9 2.6
2004.3781 -33.1178 -264.816 72 1.2 0.9 2.6
2004.3808 -31.2689 -263.595 76 1.2 0.9 2.6
2004.3836 -33.2266 -263.484 80.1 1.2 0.9 2.6
2004.3863 -34.0423 -262.373 77.4 1.2 0.9 2.7
2004.3890 -30.29 -265.815 72.4 1.2 0.9 2.7
2004.3918 -30.29 -263.04 86.9 1.2 0.9 2.6
2004.3945 -28.1692 -265.815 78.9 1.2 0.9 2.6
2004.3973 -31.6496 -267.259 83.6 1.2 0.9 2.6
2004.4000 -32.2477 -271.256 77.6 1.3 0.9 2.7
2004.4027 -28.4955 -270.59 74.1 1.2 0.9 2.7
2004.4055 -27.6798 -272.811 83.1 1.2 0.9 2.7
2004.4082 -29.855 -271.811 76 1.2 0.9 2.7
2004.4110 -29.7462 -269.924 78.4 1.2 0.9 2.6
2004.4137 -26.1571 -271.7 83.8 1.2 0.9 2.6
2004.4164 -26.2115 -270.812 78.6 1.2 0.9 2.6
2004.4192 -30.1269 -270.479 77.5 1.2 0.9 2.7
2004.4219 -28.9305 -271.478 79.9 1.2 0.9 2.6
2004.4247 -34.3142 -272.033 71.9 1.2 0.9 2.6
2004.4274 -30.29 -270.368 77.5 1.3 0.9 2.6
2004.4301 -29.0937 -275.475 79 1.2 0.9 2.7
2004.4329 -27.5166 -271.034 72.2 1.3 0.9 2.7
2004.4356 -23.8731 -269.924 74.1 1.2 0.9 2.7
2004.4384 -27.6254 -269.258 72.7 1.3 0.9 2.7
2004.4411 -30.0181 -269.48 77.2 1.3 0.9 2.7
2004.4438 -34.858 -269.48 82.4 1.4 1.0 2.8
2004.4466 -30.7251 -272.033 76.7 1.2 0.9 2.7
2004.4493 -30.0725 -273.144 79.3 1.2 0.9 2.7
2004.4521 -30.7795 -272.811 80.1 1.3 0.9 2.6
2004.4548 -29.8006 -273.144 76.1 1.3 0.9 2.7
2004.4575 -29.855 -272.922 82 1.3 0.9 2.7
2004.4603 -37.3595 -270.923 76.4 1.5 1.0 2.9
2004.4630 -31.8671 -273.255 69.2 1.3 0.9 2.8
2004.4658 -34.0967 -271.256 75.4 1.3 0.9 2.7
2004.4685 -32.5196 -272.033 75.7 1.2 0.9 2.6
2004.4712 -39.9154 -268.036 80.3 1.3 0.9 2.7
2004.4740 -29.5287 -273.366 74.9 1.2 0.9 2.7
2004.4767 -32.3021 -271.145 80.7 1.3 0.9 2.7
2004.4795 -31.8671 -271.922 81.9 1.3 0.9 2.7
2004.4822 -30.4532 -273.588 81.6 1.3 0.9 2.7
2004.4849 -31.4864 -269.591 82.7 1.3 0.9 2.8
2004.4877 -35.565 -269.813 86.2 1.3 0.9 2.7
2004.4904 -31.432 -271.7 84.9 1.2 0.9 2.7
2004.4932 -29.3112 -271.034 82.6 1.3 0.9 2.7
2004.4959 -33.281 -271.478 80.9 1.3 0.9 2.8
2004.4986 -34.9124 -271.256 84.2 1.2 0.9 2.7
2004.5014 -35.9456 -273.366 88.8 1.2 0.9 2.6
2004.5041 -28.3867 -271.478 81.4 1.3 0.9 2.6
2004.5068 -34.1511 -272.478 79.5 1.2 0.9 2.6
2004.5096 -32.3565 -274.254 89.2 1.2 0.9 2.6
2004.5123 -35.4562 -272.811 76.1 1.3 0.9 2.7
2004.5151 -34.3142 -273.144 79.1 1.2 0.9 2.6
2004.5178 -33.716 -272.144 87.7 1.2 0.9 2.7
2004.5205 -34.6405 -273.033 86.8 1.2 0.9 2.6
2004.5233 -34.0423 -272.589 90.2 1.2 0.9 2.6
2004.5260 -31.8127 -273.81 84.6 1.2 0.9 2.7
2004.5288 -36.5438 -272.589 88.3 1.2 0.9 2.7
2004.5315 -33.4985 -271.256 84.5 1.2 0.9 2.6
2004.5342 -32.9547 -272.7 82.3 1.2 0.9 2.6
2004.5370 -36.3263 -273.366 84.1 1.2 0.9 2.7
2004.5397 -32.574 -272.7 84.2 1.2 0.9 2.6
2004.5425 -30.6163 -273.366 83.6 1.3 0.9 2.8
2004.5452 -28.8218 -274.032 88.2 1.3 0.9 2.8
2004.5479 -33.4985 -274.809 79.9 1.2 0.9 2.6
2004.5507 -32.0846 -271.589 82.3 1.2 0.9 2.7
2004.5534 -34.6405 -274.032 82.6 1.2 0.9 2.7
2004.5562 -32.0846 -275.142 86.3 1.2 0.9 2.7
2004.5589 -31.4864 -275.142 84.2 1.2 0.9 2.6
2004.5616 -29.8006 -274.809 81.4 1.4 0.9 2.8
2004.5644 -31.2145 -275.475 78.9 1.3 0.9 2.7
2004.5671 -29.8006 -269.924 84.5 2.6 1.7 4.2
2004.5699 -33.9879 -276.253 81.2 1.3 0.9 2.7
2004.5726 -32.139 -277.807 89.2 2.0 1.5 4.0
2004.5753 -32.4109 -276.142 84.1 1.2 0.9 2.7
2004.5781 -30.9426 -275.809 82.8 1.2 0.9 2.6
2004.5808 -32.0846 -275.364 80 1.2 0.9 2.6
2004.5836 -31.8671 -274.809 82.1 1.2 0.9 2.6
2004.5863 -31.7039 -276.253 78.9 1.2 0.9 2.6
2004.5890 -35.5106 -275.253 82.1 1.2 0.9 2.6
2004.5918 -32.9003 -276.475 87.5 1.2 0.9 2.7
2004.5945 -30.3444 -278.251 96.5 1.2 0.9 2.6
2004.5973 -39.5891 -278.029 91.9 1.3 0.9 2.7
2004.6000 -35.8912 -277.252 84.6 1.2 0.9 2.7
2004.6027 -38.1752 -278.695 67.6 1.4 0.9 2.7
2004.6055 -31.3233 -278.251 83.2 1.2 0.9 2.6
2004.6082 -34.3686 -276.919 87.1 1.2 0.9 2.6
2004.6110 -32.4109 -276.697 81.7 1.2 0.9 2.6
2004.6137 -32.6284 -275.475 90.1 1.2 0.9 2.6
2004.6164 -32.8459 -276.364 86.7 1.2 0.9 2.6
2004.6192 -31.9215 -275.142 83.1 1.2 0.9 2.7
2004.6219 -31.2145 -277.363 89.9 1.2 0.9 2.6
2004.6247 -36.2175 -278.917 84.3 1.2 0.9 2.6
2004.6274 -29.2568 -278.695 81.3 1.3 1.0 2.8
2004.6301 -27.6798 -275.809 92.4 1.4 0.9 2.7
2004.6329 -34.0967 -274.809 87.2 1.2 0.9 2.7
2004.6356 -33.0635 -273.144 85 1.2 0.9 2.6
2004.6384 -34.1511 -275.475 87.1 1.2 0.9 2.7
2004.6411 -28.3867 -274.254 88.6 1.2 0.9 2.7
2004.6438 -30.3988 -275.364 95.5 1.2 0.9 2.6
2004.6466 -35.6193 -272.366 89.5 1.2 0.9 2.6
2004.6493 -33.1722 -278.251 94.9 1.2 0.9 2.6
2004.6521 -31.9758 -277.363 90.6 1.2 0.9 2.6
2004.6548 -33.7704 -276.697 94.3 1.2 0.9 2.7
2004.6575 -33.0635 -277.585 83.6 1.2 0.9 2.7
2004.6603 -29.7462 -277.141 91 1.2 0.9 2.7
2004.6630 -31.9215 -278.584 93.3 1.2 0.9 2.7
2004.6658 -31.8127 -275.586 88.8 1.6 1.2 3.2
2004.6685 -34.5317 -277.474 92 1.3 0.9 2.8
2004.6712 -29.4743 -276.808 86.4 1.2 0.9 2.7
2004.6740 -34.9668 -276.253 90.4 1.1 0.9 2.7
2004.6767 -32.6828 -278.251 81.3 1.1 0.9 2.6
2004.6795 -29.148 -278.362 88 1.2 0.9 2.6
2004.6822 -30.1269 -276.586 96.3 1.2 0.9 2.7
2004.6849 -30.6163 -277.03 90 1.2 0.9 2.7
2004.6877 -30.5076 -276.808 92.6 1.2 0.9 2.7
2004.6904 -32.574 -276.697 97.1 1.2 0.9 2.7
2004.6932 -31.9758 -276.475 97.8 1.2 0.9 2.6
2004.6959 -28.5499 -277.03 97 1.2 0.9 2.6
2004.6986 -29.3112 -276.586 95.9 1.2 0.9 2.6
2004.7014 -30.7795 -277.03 96.6 1.2 0.9 2.6
2004.7041 -33.1178 -279.806 96.7 1.2 0.9 2.7
2004.7068 -30.3988 -277.696 95.5 1.2 0.9 2.7
2004.7096 -30.1813 -278.806 88.9 1.1 0.9 2.6
2004.7123 -35.2387 -278.029 100.3 1.2 0.9 2.6
2004.7151 -31.8671 -278.14 85.4 1.2 0.9 2.7
2004.7178 -30.8338 -276.808 92.3 1.1 0.9 2.6
2004.7205 -33.6073 -279.695 100.4 1.1 0.9 2.6
2004.7233 -33.9879 -279.251 96.1 1.1 0.9 2.6
2004.7260 -31.1057 -279.473 98.6 1.1 0.9 2.6
2004.7288 -31.1601 -279.695 93.6 1.2 0.9 2.6
2004.7315 -32.7372 -276.697 94.7 1.2 0.9 2.6
2004.7342 -31.8671 -277.252 94.5 1.1 0.9 2.6
2004.7370 -29.5831 -278.029 97.1 1.2 0.9 2.6
2004.7397 -38.719 -285.246 90.8 1.2 0.9 2.6
2004.7425 -34.6949 -272.255 91.2 1.1 0.9 2.6
2004.7452 -32.6284 -274.587 92.7 1.2 0.9 2.6
2004.7479 -26.2659 -272.922 94.7 1.1 0.9 2.6
2004.7507 -32.139 -274.809 88.7 1.2 0.9 2.6
2004.7534 -33.3897 -276.364 82.5 1.1 0.9 2.6
2004.7562 -33.3354 -278.251 89.6 1.2 0.9 2.6
2004.7589 -34.0423 -287.356 91 1.2 0.9 2.7
2004.7616 -34.3142 -288.022 91.5 1.1 0.9 2.6
2004.7644 -35.565 -288.022 95.2 1.2 0.9 2.6
2004.7671 -37.9577 -287.689 91.4 1.2 0.9 2.7
2004.7699 -37.7402 -290.465 92.6 1.2 0.9 2.6
2004.7726 -33.1722 -289.91 96.5 1.2 0.9 2.7
2004.7753 -32.1934 -292.797 99.6 1.2 0.9 2.7
2004.7781 -35.2387 -288.466 89.8 1.2 0.9 2.7
2004.7808 -33.281 -288.022 88.8 1.2 0.9 2.7
2004.7836 -34.3142 -290.021 87.8 1.2 0.9 2.7
2004.7863 -31.6496 -287.689 91.7 1.3 1.0 2.8
2004.7890 -30.3444 -282.582 87.9 1.2 0.9 2.7
2004.7918 -33.3897 -281.915 90.2 1.2 0.9 2.7
2004.7945 -30.7795 -280.805 87 1.2 0.9 2.6
2004.7973 -31.7583 -281.138 90.4 1.2 0.9 2.5
2004.8000 -25.6677 -286.246 90.1 1.2 0.9 2.6
2004.8027 -28.3867 -285.135 93.1 1.3 0.9 2.7
2004.8055 -30.9426 -279.362 89.1 1.2 0.9 2.6
2004.8082 -27.9517 -278.917 87.4 1.2 0.9 2.6
2004.8110 -33.1178 -279.362 90.8 1.2 0.9 2.6
2004.8137 -34.3686 -281.693 92.7 1.2 0.9 2.6
2004.8164 -31.4864 -279.584 90.7 1.2 0.9 2.6
2004.8192 -31.8127 -280.25 89.3 1.2 0.9 2.6
2004.8219 -30.7795 -280.139 94.1 1.2 0.9 2.7
2004.8247 -32.2477 -282.36 95.1 1.2 1.0 2.8
2004.8274 -30.6707 -281.582 90.5 1.2 0.9 2.7
2004.8301 -29.9094 -283.692 94 1.3 1.0 2.9
2004.8329 -29.6918 -283.137 98.3 1.2 0.9 2.7
2004.8356 -32.4653 -283.692 86.7 1.2 0.9 2.6
2004.8384 -30.6163 -282.249 87.6 1.2 0.9 2.7
2004.8411 -33.0091 -284.247 96.1 1.2 0.9 2.6
2004.8438 -35.0755 -293.463 95.7 1.2 0.9 2.6
2004.8466 -40.7311 -271.367 96.3 1.2 0.9 2.6
2004.8493 -40.4592 -268.924 92.4 1.2 0.9 2.6
2004.8521 -38.1209 -270.701 91.1 1.2 0.9 2.5
2004.8548 -38.1752 -276.919 95.6 1.3 0.9 2.8
2004.8575 -36.1632 -286.024 95.4 2.0 1.4 3.8
2004.8603 -29.9638 -291.242 94 2.1 1.2 3.5
2004.8630 -34.6405 -288.244 95.2 2.2 1.3 3.7
2004.8658 -31.7583 -283.359 89.1 1.2 0.9 2.6
2004.8685 -31.9215 -284.58 92.4 1.3 0.9 2.7
2004.8712 -32.4653 -283.914 90 1.3 0.9 2.6
2004.8740 -32.0846 -284.247 89.1 1.2 0.9 2.6
2004.8767 -37.1964 -285.58 93.6 1.2 0.9 2.6
2004.8795 -33.2266 -287.245 95.3 1.2 0.9 2.6
2004.8822 -33.2266 -286.579 95.3 1.2 0.9 2.5
2004.8849 -35.1299 -287.8 92 1.3 0.9 2.7
2004.8877 -33.5529 -284.802 85.4 1.2 0.9 2.7
2004.8904 -34.1511 -283.47 87.7 1.3 0.9 2.7
2004.8932 -30.7251 -285.802 86.4 1.3 0.9 2.6
2004.8959 -35.0755 -281.027 90.8 1.2 0.9 2.6
2004.8986 -37.7402 -289.577 93.4 1.3 0.9 2.6
2004.9014 -40.8399 -296.017 95 1.3 0.9 2.7
2004.9041 -36.5438 -284.58 83.5 1.3 0.9 2.7
2004.9068 -35.3474 -285.58 82.7 1.2 0.9 2.6
2004.9096 -37.1964 -283.803 87.1 1.5 0.9 2.7
2004.9123 -31.2689 -284.802 90.7 1.3 0.9 2.6
2004.9151 -36.7613 -284.358 88.9 1.2 0.9 2.6
2004.9178 -36.4351 -282.471 87.2 1.2 0.9 2.6
2004.9205 -37.9033 -282.137 86.3 1.3 0.9 2.7
2004.9233 -36.8157 -284.691 91.5 1.2 0.9 2.7
2004.9260 -35.0212 -282.36 91.8 1.2 0.9 2.7
2004.9288 -33.6616 -280.694 88.9 1.2 0.9 2.6
2004.9315 -31.1057 -281.027 84.3 1.2 0.9 2.6
2004.9342 -34.3686 -282.36 89.2 1.4 0.9 2.7
2004.9370 -38.6647 -284.358 90.8 1.3 0.9 2.7
2004.9397 -39.4804 -281.693 90 1.3 0.9 2.7
2004.9425 -39.8067 -283.914 91.1 1.2 0.9 2.6
2004.9452 -38.9909 -283.914 91.3 1.3 0.9 2.8
2004.9479 -40.4048 -288.022 83.7 1.3 0.9 2.7
2004.9507 -39.2628 -289.133 88.4 1.3 0.9 2.7
2004.9534 -40.568 -288.911 88.4 1.2 0.9 2.7
2004.9562 -39.426 -287.023 96 1.2 0.9 2.8
2004.9589 -35.9456 -288.577 94.5 1.2 0.9 2.7
2004.9616 -40.7855 -293.907 96.3 1.3 0.9 2.8
2004.9644 -40.9487 -293.796 93.4 1.2 0.9 2.6
2004.9671 -43.8308 -295.795 84.7 1.2 0.9 2.7
2004.9699 -42.3625 -295.017 90.2 1.2 0.9 2.7
2004.9726 -41.2206 -288.133 87.7 1.2 0.9 2.6
2004.9753 -37.3051 -289.577 86.7 1.3 0.9 2.7
2004.9781 -38.0121 -292.131 91.2 1.2 0.9 2.8
2004.9808 -44.4834 -286.912 89.9 1.2 0.9 2.6
2004.9836 -43.8308 -293.796 85.6 1.2 0.9 2.6
2004.9863 -39.8067 -296.794 79.2 1.2 0.9 2.6
2004.9890 -41.9275 -297.016 80.2 1.2 0.9 2.7
2004.9918 -43.1783 -295.128 88.9 1.3 0.9 2.7
2004.9945 -46.5499 -294.462 82 1.3 0.9 2.8
2004.9973 -46.1148 -295.684 88.8 1.3 0.9 2.7
2005.0000 -42.0906 -298.459 85.1 1.3 0.9 2.7
2005.0027 -41.2749 -297.349 87.1 1.3 0.9 2.7
2005.0055 -42.145 -297.127 94.3 1.3 0.9 2.7
2005.0082 -41.3293 -294.462 98.6 1.3 0.9 2.8
2005.0110 -45.1903 -290.354 85.5 1.2 0.9 2.7
2005.0137 -41.1118 -283.026 81.8 1.3 0.9 2.7
2005.0164 -43.1783 -281.027 83.2 1.2 0.9 2.8
2005.0192 -42.2538 -281.582 83.6 1.3 0.9 2.7
2005.0219 -43.994 -279.584 84.3 1.4 0.9 2.8
2005.0247 -41.4381 -281.027 82.1 1.2 0.9 2.7
2005.0274 -41.4925 -277.918 84.3 1.2 0.9 2.7
2005.0301 -41.7644 -281.027 79.9 1.3 0.9 2.7
2005.0329 -48.7251 -286.024 73.5 1.4 0.9 2.8
2005.0356 -43.1783 -283.47 79.9 1.2 0.9 2.7
2005.0384 -36.0544 -284.247 92.2 1.2 0.9 2.7
2005.0411 -37.9577 -286.801 87.6 1.2 0.9 2.7
2005.0438 -40.9487 -287.911 87 1.2 0.9 2.6
2005.0466 -32.7915 -284.358 90 1.6 1.0 3.2
2005.0493 -36.9245 -286.468 81.6 1.6 1.0 3.1
2005.0521 -40.4048 -288.466 87.3 1.6 1.0 2.9
2005.0548 -35.0755 -291.02 85.6 1.2 0.9 2.8
2005.0575 -38.719 -296.35 85.6 1.3 0.9 2.7
2005.0603 -40.8943 -301.457 94.1 1.3 0.9 2.8
2005.0630 -42.145 -297.349 90.1 1.2 0.9 2.7
2005.0658 -41.4925 -299.126 91.3 1.2 0.9 2.7
2005.0685 -44.4834 -302.679 75.6 1.2 0.9 2.7
2005.0712 -42.1994 -297.46 87.5 1.2 0.9 2.7
2005.0740 -39.861 -298.571 87.3 1.2 0.9 2.7
2005.0767 -39.0997 -298.904 97 1.2 0.9 2.7
2005.0795 -40.0242 -298.237 89.8 1.2 0.9 2.6
2005.0822 -39.2085 -298.793 91.9 1.2 0.9 2.6
2005.0849 -41.4925 -298.904 81.1 1.2 0.9 2.6
2005.0877 -41.2749 -294.795 88.3 1.2 0.9 2.7
2005.0904 -39.1541 -295.573 87.8 1.2 0.8 2.6
2005.0932 -39.2085 -295.462 84.6 1.2 0.9 2.6
2005.0959 -38.1752 -294.684 84.7 1.2 0.9 2.6
2005.0986 -37.7402 -296.239 82.2 1.2 0.9 2.6
2005.1014 -35.8369 -295.906 88.8 1.2 0.9 2.6
2005.1041 -36.707 -297.904 85.8 1.2 0.9 2.6
2005.1068 -39.1541 -298.237 95.5 1.2 0.9 2.7
2005.1096 -35.1843 -289.133 103.9 1.2 0.9 2.7
2005.1123 -39.2628 -290.798 96.4 1.2 0.9 2.7
2005.1151 -41.3293 -290.687 92.3 1.2 0.9 2.6
2005.1178 -40.0242 -291.242 87.3 1.2 0.9 2.6
2005.1205 -37.2508 -292.464 95.2 1.2 0.9 2.6
2005.1233 -37.7402 -293.352 89.5 1.2 0.9 2.6
2005.1260 -34.423 -287.245 95.2 1.2 0.9 2.6
2005.1288 -35.4018 -287.578 87.6 1.3 0.9 2.7
2005.1315 -38.3928 -289.355 91.8 1.3 0.9 2.8
2005.1342 -34.423 -288.911 89.7 1.3 0.9 2.8
2005.1370 -36.8701 -290.798 88.8 1.2 0.9 2.6
2005.1397 -38.0665 -289.577 90.8 1.2 0.9 2.6
2005.1425 -36.5982 -291.575 89.2 1.2 0.9 2.7
2005.1452 -39.2085 -294.573 89.7 1.2 0.9 2.6
2005.1479 -39.426 -300.791 91.2 1.2 0.9 2.7
2005.1507 -40.5136 -298.348 87.1 1.2 0.9 2.6
2005.1534 -41.3293 -297.238 87.3 1.2 0.9 2.6
2005.1562 -42.7432 -300.236 88.3 1.2 0.9 2.7
2005.1589 -42.1994 -299.459 88.6 1.2 0.9 2.7
2005.1616 -40.568 -299.57 90.5 1.2 0.9 2.6
2005.1644 -41.8731 -300.014 91.8 1.2 0.9 2.6
2005.1671 -42.145 -299.459 93.8 1.2 0.9 2.6
2005.1699 -39.9698 -300.014 93.1 1.2 0.9 2.7
2005.1726 -41.8731 -300.014 91.5 1.2 0.9 2.6
2005.1753 -39.9154 -299.903 96.6 1.3 0.9 2.6
2005.1781 -35.4562 -297.127 90.2 1.3 1.0 2.7
2005.1808 -40.0242 -294.795 91.5 1.2 0.9 2.7
2005.1836 -37.4683 -298.348 90.4 1.2 0.9 2.6
2005.1863 -37.2508 -298.459 93.3 1.2 0.9 2.7
2005.1890 -41.8187 -299.903 89.8 1.2 0.9 2.6
2005.1918 -48.1269 -292.797 90.2 1.2 0.9 2.6
2005.1945 -43.0151 -286.024 85.3 1.2 0.9 2.6
2005.1973 -41.5468 -288.244 82.7 1.2 0.9 2.6
2005.2000 -37.3595 -288.355 83 1.3 0.9 2.8
2005.2027 -39.5891 -289.244 92 1.2 0.9 2.7
2005.2055 -42.145 -288.688 85.7 1.2 0.9 2.7
2005.2082 -40.6767 -286.357 84.2 1.2 0.9 2.7
2005.2110 -40.1873 -287.134 82.2 1.2 0.9 2.6
2005.2137 -40.6767 -287.245 84.7 1.2 0.9 2.6
2005.2164 -38.284 -289.688 91.9 1.2 0.9 2.6
2005.2192 -39.6435 -304.566 92.2 1.2 0.9 2.6
2005.2219 -43.7221 -303.456 86.2 1.2 0.9 2.6
2005.2247 -42.2538 -302.679 84.4 1.1 0.9 2.6
2005.2274 -41.7644 -303.789 82.1 1.2 0.9 2.6
2005.2301 -40.0786 -303.9 87.3 1.2 0.9 2.6
2005.2329 -36.0544 -302.901 94.6 1.2 0.9 2.7
2005.2356 -41.4925 -299.237 89.6 1.2 0.9 2.6
2005.2384 -41.9275 -297.571 90 1.2 0.9 2.6
2005.2411 -44.1027 -281.471 90.5 1.2 0.9 2.7
2005.2438 -42.9064 -284.247 89.3 1.2 0.9 2.6
2005.2466 -42.5257 -301.124 90.9 1.2 0.9 2.7
2005.2493 -41.0574 -298.237 92.1 1.2 0.9 2.7
2005.2521 -38.0121 -294.684 90.1 1.2 0.9 2.6
2005.2548 -33.8248 -294.684 90.9 1.2 0.9 2.7
2005.2575 -36.9245 -292.797 88.5 1.2 0.9 2.8
2005.2603 -32.2477 -299.57 87.6 1.3 0.9 2.7
2005.2630 -41.8731 -303.345 93.3 1.2 0.9 2.7
2005.2658 -40.2417 -295.239 96.5 1.2 0.9 2.7
2005.2685 -38.1209 -297.46 84.6 1.2 0.9 2.6
2005.2712 -39.0453 -298.126 83.5 1.2 0.9 2.6
2005.2740 -37.1964 -298.015 87.5 1.2 0.9 2.7
2005.2767 -35.0755 -301.235 85.3 1.2 0.9 2.6
2005.2822 -38.1209 -298.904 82.4 1.3 0.9 2.7
2005.2849 -39.7523 -298.904 85.5 1.3 1.0 2.7
2005.2877 -39.6979 -297.127 90.1 1.2 0.9 2.7
2005.2904 -39.0997 -299.237 82.7 1.2 0.9 2.6
2005.2932 -39.9154 -296.128 90.6 1.2 0.9 2.6
2005.2959 -37.0332 -291.575 90.7 1.2 0.9 2.6
2005.2986 -32.1934 -294.129 93.5 1.3 0.9 2.6
2005.3014 -36.0544 -292.353 78.9 1.3 0.9 2.7
2005.3041 -38.719 -294.24 78.5 1.2 0.9 2.6
2005.3068 -35.8912 -291.353 84.3 1.2 0.9 2.6
2005.3096 -36.3807 -293.685 88 1.2 0.9 2.6
2005.3123 -38.0665 -290.354 82.8 1.2 0.9 2.6
2005.3151 -39.6979 -290.465 84.1 1.2 0.9 2.6
2005.3178 -37.0332 -290.243 86.9 1.2 0.9 2.6
2005.3205 -37.4139 -291.908 81.7 1.2 0.9 2.6
2005.3233 -36.8701 -291.575 85.9 1.3 0.9 2.7
2005.3260 -39.0453 -294.351 84.8 1.2 0.9 2.6
2005.3288 -40.3505 -291.797 83.9 1.3 0.9 2.6
2005.3315 -36.5438 -291.464 83.1 1.3 0.9 2.7
2005.3342 -40.2417 -293.463 84.6 1.3 0.9 2.7
2005.3370 -37.4683 -294.351 86.2 1.3 0.9 2.7
2005.3397 -40.8943 -296.128 92.4 1.2 0.9 2.6
2005.3425 -37.4683 -295.239 91.4 1.3 0.9 2.6
2005.3452 -40.3505 -294.129 88.4 1.2 0.9 2.6
2005.3479 -41.9275 -294.684 88.3 1.2 0.9 2.6
2005.3507 -43.994 -291.02 81.4 2.1 1.1 3.2
2005.3534 -38.5559 -293.685 91 1.3 0.9 2.6
2005.3562 -40.6767 -295.017 89.3 1.3 0.9 2.7
2005.3589 -38.9909 -295.573 91.5 1.4 0.9 2.8
2005.3616 -39.1541 -296.128 88.3 1.3 0.9 2.6
2005.3644 -39.9154 -295.462 89.8 1.3 1.0 2.7
2005.3671 -41.8731 -300.902 88.5 1.3 0.9 2.8
2005.3699 -36.1088 -298.571 96.4 1.6 1.1 3.2
2005.3726 -38.4471 -298.682 87.2 1.4 1.0 2.9
2005.3753 -41.2206 -298.237 92.7 1.5 1.0 3.0
2005.3781 -44.1571 -299.126 90.9 1.3 0.9 2.8
2005.3808 -41.6012 -298.015 99.1 1.3 0.9 2.6
2005.3836 -39.3172 -297.238 91.1 1.4 1.0 3.0
2005.3863 -41.71 -291.575 92.4 1.5 1.0 2.9
2005.3890 -46.8218 -292.353 91.1 1.3 0.9 2.6
2005.3918 -40.9487 -291.464 93.5 1.3 0.9 2.6
2005.3945 -40.4592 -292.353 91.3 1.3 0.9 2.6
2005.3973 -39.5891 -296.35 93.4 1.3 0.9 2.7
2005.4000 -41.2206 -299.792 94.5 1.3 0.9 2.6
2005.4027 -45.1903 -306.343 88.7 1.3 0.9 2.6
2005.4055 -43.8308 -304.455 88.7 1.3 0.9 2.7
2005.4082 -47.9094 -305.233 103.1 1.3 0.9 2.6
2005.4110 -44.6465 -301.679 97.5 1.9 1.0 3.2
2005.4137 -44.2659 -301.013 94.2 1.3 0.9 2.6
2005.4164 -40.1873 -298.682 92.1 1.3 0.9 2.6
2005.4192 -41.003 -298.126 92.9 1.3 0.9 2.6
2005.4219 -40.0242 -296.905 95.1 1.3 0.9 2.6
2005.4247 -40.6767 -298.237 91.1 1.3 0.9 2.6
2005.4274 -39.6979 -299.015 95.7 1.3 0.9 2.7
2005.4301 -41.2206 -299.237 100.2 1.4 0.9 2.7
2005.4329 -41.9819 -297.904 99.1 1.3 0.9 2.7
2005.4356 -41.6556 -299.792 95.7 1.3 0.9 2.6
2005.4384 -44.3746 -300.458 98.6 1.4 0.9 2.7
2005.4411 -41.8187 -301.013 99.9 1.3 0.9 2.6
2005.4438 -38.1209 -300.236 92.2 1.3 0.9 2.7
2005.4466 -40.7855 -299.57 99.4 1.4 0.9 2.8
2005.4493 -41.8731 -299.015 92.3 1.4 0.9 2.9
2005.4521 -39.4804 -298.682 103.3 1.3 0.9 2.6
2005.4548 -39.5891 -300.014 100.3 1.4 0.9 2.6
2005.4575 -43.6677 -297.904 95.3 1.5 0.9 2.7
2005.4603 -40.5136 -300.236 92.5 1.4 0.9 2.7
2005.4630 -39.8067 -303.678 99.9 1.3 0.9 2.6
2005.4658 -43.1239 -293.796 94.2 1.3 0.8 2.6
2005.4685 -44.5378 -294.684 101.7 1.3 0.9 2.6
2005.4740 -41.8187 -295.351 101.1 1.3 0.9 2.6
2005.4767 -52.6949 -290.354 101.4 3.2 1.7 4.5
2005.4795 -46.4411 -294.795 99.1 1.3 0.9 2.6
2005.4822 -41.9275 -292.686 96 1.3 0.9 2.6
2005.4849 -39.5348 -295.684 100.9 1.4 0.9 2.7
2005.4877 -45.0816 -293.685 99.1 1.3 0.9 2.6
2005.4904 -42.5801 -292.242 100.5 1.3 0.9 2.6
2005.4932 -43.1239 -300.236 94.3 1.2 0.9 2.6
2005.4959 -35.8369 -296.572 98.5 1.3 0.8 2.6
2005.4986 -40.4048 -298.015 100.6 1.3 0.9 2.7
2005.5014 -40.8399 -298.904 100.5 1.3 0.9 2.6
2005.5041 -39.426 -299.57 99.4 1.3 0.8 2.6
2005.5068 -39.0997 -299.681 96.3 1.3 0.9 2.6
2005.5096 -38.3928 -300.791 97.7 1.3 0.8 2.6
2005.5123 -42.145 -300.902 98.7 1.3 0.9 2.6
2005.5151 -41.8187 -298.682 99.7 1.3 0.9 2.6
2005.5178 -41.0574 -302.346 97.5 1.3 0.9 2.6
2005.5205 -37.2508 -297.571 102.1 1.4 0.9 2.8
2005.5233 -38.9366 -297.127 101.2 1.5 1.0 2.9
2005.5260 -41.4925 -297.016 105.4 1.3 0.9 2.7
2005.5288 -40.2417 -292.464 100.9 1.5 1.0 2.9
2005.5315 -39.8067 -298.348 102 1.4 0.9 2.7
2005.5342 -42.3082 -301.568 98 1.3 0.9 2.7
2005.5370 -41.8731 -300.236 96.3 1.2 0.8 2.6
2005.5397 -40.8399 -300.68 99.6 1.2 0.9 2.7
2005.5425 -40.4592 -302.013 92.5 1.3 0.9 2.6
2005.5452 -38.3928 -300.68 94.8 1.5 1.0 2.8
2005.5479 -41.9275 -302.013 97.3 1.4 0.9 2.7
2005.5507 -39.7523 -299.57 96.2 1.3 0.9 2.6
2005.5534 -39.1541 -300.68 96.2 1.2 0.9 2.6
2005.5589 -40.568 -302.013 92 1.2 0.9 2.6
2005.5616 -40.0786 -300.458 97.3 1.2 0.9 2.7
2005.5644 -35.6193 -300.68 94.2 1.3 0.9 2.7
2005.5671 -42.3625 -300.236 91 1.2 0.9 2.7
2005.5699 -36.2175 -302.124 89.6 1.3 0.9 2.8
2005.5726 -33.716 -301.902 93 1.3 1.0 2.9
2005.5753 -39.5891 -302.346 101.1 1.3 0.9 2.6
2005.5781 -40.1329 -302.679 99.4 1.2 0.9 2.6
2005.5808 -40.7311 -302.679 101.1 1.2 0.9 2.6
2005.5836 -35.0755 -302.568 98.9 1.3 0.9 2.6
2005.5863 -41.4381 -304.122 102.6 1.3 0.9 2.8
2005.5890 -41.2206 -303.345 98.8 1.2 0.9 2.7
2005.5918 -40.7311 -303.567 98.9 1.2 0.9 2.7
2005.5945 -41.7644 -304.233 95.2 1.2 0.9 2.7
2005.5973 -38.0121 -302.013 89.4 1.3 0.9 2.7
2005.6000 -39.2085 -301.457 102 1.3 0.9 2.7
2005.6027 -37.142 -301.679 92.1 1.2 0.9 2.6
2005.6055 -38.5015 -303.234 97 1.3 0.9 2.7
2005.6082 -35.4018 -304.899 104.8 1.3 0.9 2.8
2005.6110 -41.0574 -304.122 103.8 1.3 0.9 2.7
2005.6137 -40.0786 -302.79 101.6 1.3 0.9 2.7
2005.6164 -37.5227 -304.899 94.9 1.3 0.9 2.7
2005.6192 -41.3293 -304.011 97.5 1.2 0.9 2.7
2005.6219 -39.5348 -302.568 107.6 1.2 0.9 2.7
2005.6247 -37.577 -303.345 106.7 1.2 0.9 2.7
2005.6274 -41.6012 -303.9 109.9 1.2 0.9 2.7
2005.6301 -38.6103 -304.233 103.1 1.3 0.9 2.6
2005.6329 -40.6767 -304.122 104.1 1.2 0.9 2.6
2005.6356 -38.9909 -301.902 100.9 1.2 0.9 2.7
2005.6384 -39.1541 -299.459 105.9 1.3 0.9 2.6
2005.6411 -38.9366 -303.456 107.4 1.2 0.9 2.6
2005.6438 -39.5348 -304.788 102.6 1.2 0.9 2.6
2005.6466 -42.4713 -294.24 98.1 1.5 1.1 3.1
2005.6493 -45.0272 -294.795 103.3 1.2 0.9 2.6
2005.6521 -45.1903 -295.351 103.2 1.2 0.9 2.6
2005.6548 -43.2326 -301.235 101.8 1.2 0.9 2.6
2005.6575 -41.3293 -302.568 101.9 1.3 0.9 2.6
2005.6603 -42.9607 -298.682 103.2 1.2 0.9 2.6
2005.6630 -45.136 -297.904 106.1 1.2 0.9 2.6
2005.6658 -48.6707 -294.684 103.5 1.5 1.1 3.0
2005.6685 -44.4834 -299.681 100.9 1.3 0.9 2.7
2005.6712 -44.0483 -301.235 98.6 1.2 0.9 2.7
2005.6740 -41.3837 -302.679 110.3 1.3 0.9 2.6
2005.6767 -45.1903 -302.346 105.3 1.3 0.9 2.7
2005.6795 -38.3928 -304.566 99.6 1.2 0.9 2.6
2005.6822 -44.2659 -304.566 104.9 1.2 0.9 2.6
2005.6849 -44.9184 -297.127 108.7 1.3 0.9 2.7
2005.6877 -47.0393 -297.016 102.9 1.3 0.9 2.7
2005.6904 -46.8761 -297.127 107.6 1.4 0.9 2.8
2005.6932 -46.0061 -292.02 88.7 1.4 0.9 2.8
2005.6959 -44.4834 -294.573 110 1.9 1.3 3.5
2005.6986 -44.8641 -293.685 98.6 1.5 1.1 3.1
2005.7014 -41.4925 -293.13 107.9 1.4 1.1 2.9
2005.7041 -48.4532 -295.017 104.1 1.2 0.9 2.7
2005.7068 -45.6254 -294.906 107.3 1.4 1.0 3.0
2005.7096 -45.8973 -297.682 96 1.3 0.9 2.9
2005.7123 -40.1329 -302.901 98.6 1.2 0.9 2.6
2005.7151 -40.3505 -303.345 97.9 1.2 0.9 2.7
2005.7178 -41.0574 -305.344 108.1 1.2 0.9 2.7
2005.7205 -39.4804 -303.567 106.9 1.2 0.9 2.6
2005.7233 -39.9698 -301.902 100 1.3 1.0 2.8
2005.7260 -39.4804 -304.788 100.9 1.2 0.9 2.7
2005.7288 -39.861 -301.568 110.2 1.2 0.9 2.6
2005.7315 -43.7764 -296.572 109.3 1.2 0.9 2.6
2005.7342 -45.1903 -295.795 110.9 1.2 0.9 2.7
2005.7370 -43.994 -296.017 112.2 1.3 0.9 2.7
2005.7397 -48.7795 -304.011 112.6 1.2 0.9 2.7
2005.7425 -42.5801 -317.224 113.5 1.3 0.9 2.7
2005.7452 -46.6586 -313.56 113.7 1.3 0.9 2.6
2005.7479 -42.6888 -308.897 101.2 1.2 0.9 2.6
2005.7507 -38.0121 -310.673 106.4 1.3 0.9 2.6
2005.7534 -41.7644 -309.674 104.6 1.3 0.9 2.7
2005.7562 -40.7855 -309.563 105.6 1.3 0.9 2.6
2005.7589 -41.7644 -311.228 110.7 1.3 0.9 2.6
2005.7616 -47.3656 -318.113 111.7 1.2 0.9 2.6
2005.7644 -46.8761 -316.447 110 1.3 0.9 2.6
2005.7671 -45.2447 -314.893 106 1.3 0.9 2.7
2005.7699 -45.3535 -317.446 109.9 1.3 0.9 2.7
2005.7726 -43.0151 -315.115 107.7 1.3 0.9 2.6
2005.7753 -45.2447 -312.45 108.4 1.3 0.9 2.6
2005.7781 -43.4502 -312.339 113.1 1.3 0.9 2.7
2005.7808 -45.571 -313.227 113.9 1.3 0.9 2.6
2005.7836 -44.2115 -312.339 104.3 1.3 0.9 2.7
2005.7863 -43.4502 -313.227 99.9 1.4 0.9 2.7
2005.7890 -42.0363 -312.006 104.6 1.3 0.9 2.7
2005.7918 -44.5922 -310.34 108 1.3 0.9 2.6
2005.7945 -42.4713 -313.449 115.4 1.5 1.0 2.8
2005.7973 -45.2991 -301.457 110.4 1.3 0.9 2.7
2005.8000 -42.3082 -301.902 111.2 1.3 0.9 2.7
2005.8027 -46.0061 -303.456 110.3 1.4 0.9 2.7
2005.8055 -46.4955 -314.893 109.4 1.3 0.9 2.5
2005.8082 -44.3203 -313.893 100.4 1.3 0.9 2.6
2005.8110 -44.429 -311.895 114.3 1.3 0.9 2.7
2005.8137 -43.1239 -313.893 102 1.3 0.9 2.7
2005.8164 -45.2991 -311.117 104.6 1.3 0.9 2.7
2005.8192 -45.8973 -311.339 107.4 1.3 0.9 2.7
2005.8219 -45.4079 -311.895 103.8 1.3 0.9 2.7
2005.8247 -45.2447 -313.893 107.6 1.3 0.9 2.7
2005.8274 -46.3323 -314.115 106.1 1.3 0.9 2.7
2005.8301 -46.2236 -312.339 105.3 1.3 0.9 2.6
2005.8329 -42.5801 -313.449 105 1.4 0.9 2.8
2005.8356 -44.8097 -312.117 107 1.3 0.9 2.7
2005.8384 -43.4502 -313.449 107.2 1.4 0.9 2.8
2005.8411 -45.6798 -311.45 105.3 1.4 0.9 2.8
2005.8438 -45.9517 -317.335 106.8 1.3 0.9 2.7
2005.8466 -43.5045 -316.336 101.4 1.3 0.9 2.7
2005.8493 -43.7764 -316.225 107.7 1.4 0.9 2.8
2005.8521 -47.148 -317.779 104.2 1.4 0.9 2.8
2005.8548 -49.8671 -319.556 106.9 1.3 0.9 2.8
2005.8575 -46.3867 -316.78 106.5 1.3 0.9 2.7
2005.8603 -45.2447 -317.557 109.7 1.3 0.9 2.6
2005.8630 -60.5257 -316.447 114.1 1.3 0.9 2.6
2005.8685 -50.5197 -312.228 104.8 1.3 0.9 2.6
2005.8712 -46.3867 -317.002 99.7 1.4 0.9 2.7
2005.8740 -49.7583 -317.779 106.4 1.3 0.9 2.6
2005.8767 -48.0725 -313.782 107.9 1.3 0.9 2.6
2005.8795 -50.7372 -316.447 109.6 1.3 0.9 2.6
2005.8822 -47.6375 -313.338 99 1.3 0.9 2.6
2005.8849 -48.8882 -307.453 109.5 1.3 0.9 2.7
2005.8877 -51.3897 -300.902 107 1.3 0.9 2.6
2005.8904 -47.2024 -310.673 113.4 1.4 0.9 2.8
2005.8932 -47.0393 -308.23 110.4 1.3 0.9 2.6
2005.8959 -49.0514 -305.788 104.2 1.3 0.9 2.7
2005.8986 -51.716 -298.682 113.4 1.3 0.9 2.6
2005.9014 -50.4653 -302.235 105.3 1.3 0.9 2.6
2005.9041 -51.3354 -304.566 102 1.3 0.9 2.6
2005.9068 -48.3444 -303.123 94.9 1.3 0.9 2.7
2005.9096 -46.7674 -303.234 98.3 1.3 0.9 2.6
2005.9123 -47.148 -302.79 104.5 1.3 0.9 2.6
2005.9151 -48.9426 -303.789 96.2 1.3 0.9 2.6
2005.9178 -46.1692 -302.568 101.1 1.3 0.9 2.7
2005.9205 -45.7342 -303.345 101.8 1.3 0.9 2.7
2005.9233 -49.8671 -302.679 102.8 1.3 0.9 2.6
2005.9260 -48.1813 -301.568 105.8 1.3 0.9 2.6
2005.9288 -44.8097 -307.231 107.6 1.3 0.9 2.7
2005.9315 -44.8641 -314.67 111.3 1.3 0.9 2.6
2005.9342 -41.4925 -312.339 118.8 1.3 0.9 2.7
2005.9370 -56.2296 -317.779 112.2 1.7 1.0 3.1
2005.9397 -48.3444 -306.565 111.1 1.3 0.9 2.6
2005.9425 -47.0393 -311.561 108 1.2 0.9 2.6
2005.9452 -45.6798 -310.784 106.5 1.3 0.9 2.7
2005.9479 -48.8882 -310.118 104.2 1.2 0.9 2.6
2005.9507 -43.3958 -310.229 104.9 1.3 0.8 2.6
2005.9534 -44.7553 -314.448 110.3 1.3 0.8 2.6
2005.9562 -49.5408 -322.11 108.9 1.3 0.9 2.7
2005.9589 -50.1934 -320.999 110.4 1.3 0.9 2.7
2005.9616 -53.4018 -322.221 110 1.2 0.9 2.6
2005.9644 -50.6284 -320.888 104.7 1.3 0.8 2.5
2005.9671 -50.0302 -322.221 107.8 1.3 0.9 2.7
2005.9699 -48.7251 -322.332 110.5 1.4 0.9 2.7
2005.9726 -49.3233 -322.332 106.3 1.3 0.9 2.6
2005.9753 -50.0846 -319.778 103.8 1.3 0.9 2.6
2005.9781 -50.2477 -322.554 109.2 1.4 0.9 2.7
2005.9808 -50.4109 -319.001 113 1.4 0.9 2.7
2005.9836 -50.9547 -321.444 124.4 1.4 0.9 2.7
2005.9863 -49.432 -322.887 118 1.3 0.9 2.6
2005.9890 -50.0846 -326.551 107.1 1.4 0.9 2.7
2005.9945 -44.429 -323.553 107.3 2.0 1.2 3.5
2005.9973 -51.1722 -323.22 107.7 1.3 0.9 2.6
2006.0000 -50.139 -324.219 106.1 1.3 0.9 2.6
2006.0027 -47.855 -321.555 104.4 1.3 0.9 2.6
2006.0055 -48.6707 -323.442 110.8 1.3 0.9 2.6
2006.0082 -47.855 -323.442 104.7 1.3 0.9 2.6
2006.0110 -44.8641 -320 109.5 1.3 0.9 2.6
2006.0164 -44.8097 -321.555 109.6 1.2 0.9 2.6
2006.0247 -35.3474 -320.111 113.3 2.5 2.0 5.2
2006.0274 -50.2477 -324.33 104.2 1.3 0.9 2.7
2006.0301 -50.1934 -324.33 100.5 1.3 0.9 2.6
2006.0329 -45.8429 -323.109 101.9 1.2 0.9 2.6
2006.0356 -43.1239 -323.109 108.4 1.6 1.1 3.1
2006.0384 -48.8882 -323.331 103 1.2 0.9 2.6
2006.0411 -46.278 -320.444 105.3 1.3 0.9 2.6
2006.0438 -51.1178 -321.777 106.5 1.3 0.9 2.6
2006.0466 -47.6375 -321.888 105.7 1.3 0.9 2.6
2006.0493 -50.0302 -322.332 101.4 1.2 0.9 2.6
2006.0521 -49.5408 -321.332 104.1 1.3 0.9 2.6
2006.0548 -48.6163 -321.555 103.4 1.3 0.9 2.7
2006.0575 -46.9849 -320 111.6 1.2 0.9 2.6
2006.0603 -52.3142 -308.453 112.9 1.2 0.9 2.6
2006.0630 -50.4109 -302.679 110.3 1.3 0.9 2.7
2006.0658 -48.8338 -302.568 104.7 1.3 0.9 2.7
2006.0685 -48.1813 -301.346 107.4 1.2 0.9 2.6
2006.0712 -46.8218 -301.902 109.7 1.2 0.9 2.6
2006.0740 -45.2991 -301.346 107.5 1.2 0.9 2.6
2006.0767 -48.997 -302.568 108.6 1.2 0.9 2.6
2006.0795 -47.4743 -304.788 109.9 1.2 0.9 2.6
2006.0822 -43.1783 -311.784 111.6 1.2 0.9 2.6
2006.0849 -44.9728 -311.784 114 1.2 0.9 2.6
2006.0877 -44.3746 -311.895 115.8 1.2 0.9 2.6
2006.0904 -44.3203 -311.895 119.1 1.2 0.9 2.6
2006.0932 -44.9728 -314.004 116.6 1.2 0.9 2.6
2006.0959 -42.4169 -314.893 118.1 1.2 0.9 2.6
2006.0986 -44.8097 -324.219 110 1.2 0.9 2.6
2006.1014 -44.5922 -325.33 114.7 1.2 0.9 2.6
2006.1041 -45.7885 -310.007 112.2 1.2 0.9 2.6
2006.1068 -46.6042 -307.453 109.2 1.2 0.9 2.6
2006.1096 -44.5922 -311.784 107.5 1.3 0.9 2.6
2006.1123 -49.9758 -322.221 108.6 1.3 0.9 2.7
2006.1151 -44.3746 -314.67 106.8 1.2 0.9 2.6
2006.1178 -47.4743 -323.22 110.4 1.2 0.9 2.6
2006.1233 -48.29 -309.674 110.6 1.2 0.9 2.6
2006.1260 -43.2326 -309.896 97.3 1.2 0.9 2.6
2006.1288 -47.9094 -310.451 98.1 1.2 0.9 2.6
2006.1315 -46.2236 -309.674 98.1 1.2 0.9 2.6
2006.1425 -36.4351 -312.228 93.2 2.6 1.9 5.1
2006.1452 -45.2447 -317.446 102.1 1.2 0.9 2.6
2006.1479 -44.9728 -315.004 102.5 1.2 0.9 2.6
2006.1507 -44.9728 -314.004 102.6 1.2 0.9 2.5
2006.1534 -46.9849 -316.336 103.9 1.2 0.9 2.6
2006.1562 -45.571 -315.892 103.4 1.2 0.9 2.6
2006.1589 -46.7674 -319.334 105.9 1.2 0.9 2.6
2006.1616 -48.7251 -320.888 103.6 1.2 0.9 2.6
2006.1644 -49.2689 -322.665 100.5 1.2 0.9 2.7
2006.1671 -50.2477 -325.219 103.5 1.2 0.9 2.5
2006.1699 -49.7583 -324.441 108.9 1.2 0.9 2.6
2006.1726 -47.5287 -322.11 108.5 1.2 0.9 2.6
2006.1753 -46.1148 -323.442 107.8 1.2 0.9 2.6
2006.1781 -47.2568 -322.665 105 1.2 0.9 2.6
2006.1808 -48.29 -325.552 109.4 1.2 0.9 2.6
2006.1836 -50.4653 -322.443 111.4 1.2 0.9 2.5
2006.1863 -50.4653 -323.331 108.6 1.2 0.9 2.5
2006.1890 -50.0302 -323.442 107 1.2 0.9 2.5
2006.1918 -47.8006 -324.219 104.8 1.2 0.9 2.6
2006.1945 -48.1813 -322.998 112.4 1.2 0.9 2.5
2006.1973 -48.8338 -323.775 104.9 1.2 0.9 2.6
2006.2000 -48.0181 -322.554 106.7 1.2 0.9 2.5
2006.2027 -47.5287 -322.554 104.8 1.2 0.9 2.6
2006.2055 -46.713 -324.775 107.9 1.2 0.9 2.6
2006.2082 -46.3867 -324.886 107.8 1.2 0.9 2.7
2006.2110 -44.1027 -325.219 104 1.3 0.9 2.7
2006.2137 -45.7885 -327.661 110 1.3 0.9 2.7
2006.2164 -47.3656 -326.884 107.8 1.2 0.9 2.5
2006.2192 -45.6254 -323.442 109.6 1.2 0.9 2.6
2006.2219 -49.9758 -321.332 104.9 1.2 0.9 2.5
2006.2247 -46.8218 -324.552 108.8 1.2 0.9 2.6
2006.2274 -45.0272 -326.551 106.2 1.2 0.9 2.5
2006.2301 -46.4955 -324.33 109.6 1.2 0.9 2.6
2006.2329 -46.9305 -325.774 108.5 1.2 0.9 2.5
2006.2356 -47.5287 -326.662 104.5 1.2 0.9 2.6
2006.2384 -46.5499 -327.661 100.6 1.2 0.9 2.6
2006.2411 -46.6586 -327.217 100.5 1.2 0.9 2.5
2006.2438 -47.9094 -328.106 102.2 1.3 1.0 2.8
2006.2466 -46.3323 -328.772 104.6 1.2 0.9 2.5
2006.2493 -47.4743 -327.661 108.6 1.2 0.9 2.6
2006.2521 -49.2145 -320.111 106.8 1.2 0.9 2.6
2006.2548 -41.9275 -320.777 105.7 1.2 0.9 2.5
2006.2575 -42.9064 -318.113 111.1 1.2 0.9 2.6
2006.2603 -41.003 -318.668 106.1 1.6 1.1 3.0
2006.2630 -43.3958 -319.889 102.1 1.2 0.9 2.7
2006.2658 -44.6465 -318.89 101.2 1.2 0.9 2.7
2006.2685 -41.4381 -320.444 105.8 1.2 0.9 2.6
2006.2712 -44.2115 -319.556 107.2 1.4 1.0 2.8
2006.2740 -46.0604 -320.333 107.7 1.2 0.9 2.6
2006.2767 -47.5831 -316.003 103.6 1.2 0.9 2.7
2006.2795 -47.5831 -319.001 104.4 1.2 0.9 2.7
2006.2822 -47.3112 -319.778 105.3 1.2 0.9 2.6
2006.2849 -42.5257 -318.779 105.6 1.5 1.1 3.1
2006.2877 -44.6465 -321.11 106.4 1.2 0.9 2.6
2006.2904 -50.3021 -326.551 105.7 1.2 0.9 2.6
2006.2932 -49.8671 -326.995 108.3 1.2 0.9 2.6
2006.2959 -48.6163 -324.219 104.9 1.3 1.0 2.8
2006.2986 -52.9668 -324.886 101 1.9 1.2 3.2
2006.3014 -52.3686 -320.666 101.6 1.7 1.3 3.4
2006.3041 -46.9849 -324.108 103 1.2 0.9 2.6
2006.3068 -51.3897 -324.552 99.1 1.3 0.9 2.6
2006.3096 -49.0514 -320.999 103.3 1.2 0.9 2.6
2006.3123 -44.7553 -327.328 105.9 1.3 1.1 2.8
2006.3151 -55.7402 -315.337 99.6 1.2 0.9 2.6
2006.3178 -48.8882 -317.446 102.3 1.2 0.9 2.6
2006.3205 -46.3323 -318.446 101.8 1.2 0.9 2.6
2006.3233 -48.9426 -322.11 106.3 1.3 0.9 2.6
2006.3260 -50.0846 -321.444 104.7 1.2 0.9 2.6
2006.3288 -48.997 -319.223 106.7 1.2 0.9 2.6
2006.3315 -49.1058 -320.777 103.6 1.2 0.9 2.5
2006.3342 -47.3112 -321.332 104.5 1.2 0.9 2.6
2006.3370 -48.5619 -324.886 106 1.3 0.9 2.6
2006.3397 -56.719 -323.997 101 1.4 0.9 2.6
2006.3425 -50.4653 -326.662 104.4 1.3 0.9 2.6
2006.3452 -55.3595 -324.775 105.8 1.3 0.9 2.6
2006.3479 -50.574 -324.441 113.9 1.2 0.9 2.6
2006.3507 -50.574 -320.999 111.8 1.2 0.9 2.6
2006.3534 -52.1511 -324.664 104.9 1.3 0.9 2.6
2006.3562 -53.0212 -328.994 101.1 1.2 0.9 2.6
2006.3589 -52.858 -327.106 101.7 1.2 0.9 2.6
2006.3616 -52.1511 -323.22 97.9 1.2 0.9 2.6
2006.3644 -52.7493 -323.109 103.1 1.2 0.9 2.5
2006.3671 -50.1934 -323.331 104.1 1.2 0.9 2.5
2006.3699 -51.0091 -319.334 99.5 1.2 0.9 2.5
2006.3726 -51.0635 -319.778 101.4 1.3 0.9 2.6
2006.3753 -51.7704 -321.221 102.8 1.3 0.9 2.6
2006.3781 -51.5529 -320.444 106.5 1.3 0.9 2.6
2006.3808 -52.2598 -320.222 106.7 1.2 0.9 2.6
2006.3863 -50.9003 -321.666 103.9 1.3 0.9 2.6
2006.3890 -49.5952 -320 101.6 1.3 0.9 2.6
2006.3918 -51.1722 -322.998 108.1 1.3 0.9 2.6
2006.3945 -52.2598 -323.22 105.7 1.3 0.9 2.6
2006.3973 -54.4894 -323.997 110.1 1.3 0.9 2.7
2006.4000 -52.2055 -323.775 106 1.4 0.9 2.7
2006.4027 -50.0302 -325.33 106 1.3 0.9 2.6
2006.4055 -49.7039 -328.106 110.7 1.4 0.9 2.6
2006.4082 -50.7916 -322.665 110.2 1.3 0.9 2.6
2006.4110 -51.6616 -322.554 105.9 1.3 0.9 2.6
2006.4137 -52.4774 -319.112 107.6 1.3 0.9 2.6
2006.4164 -55.5771 -320 101.7 1.4 0.9 2.7
2006.4192 -52.5317 -319.889 113 1.4 0.9 2.7
2006.4219 -50.0302 -319.667 114.4 1.3 0.9 2.7
2006.4247 -50.6828 -324.33 107.2 1.3 0.9 2.6
2006.4274 -50.6284 -325.441 110.4 1.4 0.9 2.6
2006.4301 -46.9849 -323.997 108.4 1.4 0.9 2.7
2006.4329 -48.0181 -323.886 108.6 1.4 0.9 2.7
2006.4356 -48.0181 -324.775 103.4 1.3 0.9 2.6
2006.4384 -49.7583 -325.33 112.3 1.3 0.9 2.6
2006.4411 -53.6193 -324.997 104.5 1.3 0.9 2.6
2006.4438 -48.8882 -326.218 106.9 1.3 0.9 2.6
2006.4466 -48.1813 -325.552 105.4 1.3 0.9 2.6
2006.4493 -52.3686 -326.995 104.8 1.3 0.9 2.7
2006.4521 -47.5287 -325.663 107.8 1.3 0.9 2.7
2006.4548 -46.6586 -326.551 108.3 1.3 0.9 2.7
2006.4575 -51.5529 -326.107 108.9 1.3 0.9 2.6
2006.4603 -45.571 -325.885 109.5 1.3 0.9 2.6
2006.4630 -49.5408 -326.329 109.1 1.4 0.9 2.7
2006.4658 -47.9094 -326.551 108.3 1.3 0.9 2.7
2006.4685 -49.5408 -337.766 120.9 1.7 1.2 3.5
2006.4712 -51.3354 -325.774 108.7 1.3 0.9 2.7
2006.4740 -49.4864 -324.108 106 1.3 0.9 2.7
2006.4767 -51.2266 -323.22 105.2 1.6 1.0 3.0
2006.4795 -48.1269 -323.775 105.6 1.2 0.9 2.6
2006.4822 -46.5499 -323.553 109.7 1.2 0.9 2.7
2006.4849 -45.5166 -322.554 114.3 1.3 0.9 2.7
2006.4877 -48.0725 -323.109 110.6 1.3 0.9 2.6
2006.4904 -46.8218 -321.999 104.6 1.3 0.9 2.6
2006.4932 -51.6073 -322.443 113.5 1.2 0.9 2.7
2006.4959 -47.9094 -321.999 110.1 1.2 0.9 2.6
2006.4986 -49.2145 -322.11 112.6 1.2 0.9 2.6
2006.5014 -48.6163 -321.332 110.6 1.3 0.9 2.7
2006.5041 -49.0514 -321.444 104.1 1.2 0.9 2.6
2006.5068 -47.9094 -319.889 103.6 1.2 0.9 2.6
2006.5096 -46.8218 -323.331 104.7 1.3 0.9 2.7
2006.5123 -47.9094 -322.443 110.4 1.2 0.9 2.6
2006.5151 -50.574 -321.11 105.7 1.2 0.9 2.6
2006.5178 -50.7372 -323.553 107.9 1.2 0.9 2.6
2006.5205 -47.5287 -322.554 105.1 1.2 0.9 2.6
2006.5233 -47.855 -319.334 104.4 1.3 1.0 2.9
2006.5260 -48.6163 -324.441 109.9 1.2 0.9 2.7
2006.5288 -50.4109 -324.886 104.7 1.2 0.9 2.6
2006.5315 -51.1178 -325.219 108.1 1.2 0.9 2.6
2006.5342 -48.6707 -323.886 107.6 1.2 0.9 2.6
2006.5370 -49.8127 -321.888 110.9 1.2 0.9 2.6
2006.5397 -50.1934 -322.998 104.8 1.2 0.9 2.6
2006.5425 -52.3686 -325.663 112.4 1.2 0.9 2.6
2006.5452 -49.2689 -323.553 106.8 1.2 0.9 2.6
2006.5479 -48.1269 -327.884 108.2 1.2 0.9 2.7
2006.5507 -47.6375 -327.439 106.8 1.2 0.9 2.6
2006.5534 -47.0393 -327.995 110.3 1.2 0.9 2.6
2006.5562 -47.8006 -326.995 110.5 1.2 0.9 2.6
2006.5589 -49.432 -326.551 102.3 1.2 0.9 2.6
2006.5616 -49.2145 -330.548 109.6 1.2 0.9 2.6
2006.5644 -48.29 -328.217 106.7 1.3 0.9 2.7
2006.5671 -48.5076 -328.439 107.7 1.2 0.9 2.7
2006.5699 -48.7795 -328.217 105.7 1.2 0.9 2.6
2006.5726 -45.0272 -328.217 106.1 1.3 0.9 2.7
2006.5753 -50.0302 -325.663 109.5 1.2 0.9 2.6
2006.5781 -50.6828 -320.666 109.8 1.2 0.9 2.7
2006.5808 -51.1722 -321.666 111.8 1.2 0.9 2.7
2006.5836 -45.8429 -317.224 120.2 2.2 1.8 4.9
2006.5863 -49.8671 -322.443 115.8 1.4 0.9 2.9
2006.5890 -49.8671 -323.664 113.2 1.2 0.9 2.7
2006.5918 -49.7583 -332.103 113.2 1.3 0.9 2.7
2006.5945 -49.432 -334.101 110.1 1.2 0.9 2.7
2006.5973 -44.9728 -329.882 109.9 1.2 0.9 2.7
2006.6000 -47.148 -326.662 102.4 1.4 1.0 2.9
2006.6027 -47.8006 -329.438 112.3 1.2 0.9 2.7
2006.6055 -45.8973 -330.77 108.9 1.2 0.9 2.7
2006.6082 -47.3112 -330.326 109.6 1.2 0.9 2.7
2006.6110 -48.29 -327.55 108.2 1.2 0.9 2.7
2006.6137 -51.716 -328.661 109.4 1.2 0.9 2.7
2006.6164 -50.1934 -330.104 106.7 1.2 0.9 2.7
2006.6192 -54 -322.332 106.2 1.2 0.9 2.6
2006.6219 -54.9245 -319.778 102.4 1.3 0.9 2.7
2006.6247 -53.2931 -321.11 103.4 1.2 0.9 2.6
2006.6274 -51.4985 -323.22 109 1.2 0.9 2.6
2006.6301 -53.0755 -322.665 118 1.2 0.9 2.6
2006.6329 -50.2477 -315.448 105 1.3 0.9 2.7
2006.6356 -54.707 -316.336 110.4 1.2 0.9 2.7
2006.6384 -51.3897 -324.775 105.5 1.2 0.9 2.7
2006.6411 -52.3686 -325.885 103.6 1.2 0.9 2.7
2006.6438 -51.2266 -325.108 110.4 1.2 0.9 2.6
2006.6493 -52.4774 -331.659 105.1 1.3 0.9 2.7
2006.6521 -49.7583 -327.995 108.4 1.2 0.9 2.6
2006.6548 -49.2689 -330.881 105.9 1.3 1.0 3.0
2006.6575 -48.5619 -329.66 111.7 1.2 0.9 2.8
2006.6630 -48.6707 -330.326 117 1.3 0.9 2.8
2006.6658 -48.1813 -329.993 107 1.3 1.0 2.9
2006.6932 -50.0846 -335.767 117.5 1.2 0.9 2.6
2006.6959 -47.6919 -335.545 116.5 1.2 0.9 2.7
2006.6986 -47.8006 -333.879 119.3 1.2 0.9 2.7
2006.7014 -51.281 -328.439 115.5 1.8 1.4 3.6
2006.7041 -51.4985 -332.769 122.3 1.4 1.0 3.0
2006.7068 -51.6616 -333.657 113.8 1.3 0.9 2.7
2006.7096 -47.42 -333.657 116.3 1.2 0.9 2.5
2006.7123 -45.6798 -333.657 116 1.2 0.9 2.6
2006.7151 -47.5287 -333.102 118.5 1.4 1.0 2.8
2006.7233 -47.9638 -336.988 116 1.2 0.9 2.7
2006.7260 -45.0272 -334.546 120.2 1.2 0.9 2.6
2006.7288 -54.5438 -322.665 116.3 1.2 0.9 2.6
2006.7315 -56.0121 -320.999 110.4 1.3 0.9 2.7
2006.7342 -53.7281 -320.555 109.9 1.2 0.9 2.5
2006.7370 -51.3354 -328.883 115.1 1.2 0.9 2.5
2006.7397 -51.1722 -340.541 113.3 1.2 0.9 2.6
2006.7425 -46.3323 -335.323 115.6 1.2 0.9 2.6
2006.7452 -47.42 -334.99 103.5 1.2 0.9 2.6
2006.7479 -46.2236 -338.876 105.1 1.3 0.9 2.6
2006.7507 -44.4834 -336.544 113.9 1.2 0.9 2.6
2006.7562 -47.2024 -337.988 114.8 1.2 0.9 2.7
2006.7589 -50.7916 -328.328 116.1 1.2 0.9 2.6
2006.7616 -57.5348 -323.109 107.9 1.2 0.9 2.6
2006.7644 -55.7946 -323.442 118.4 1.2 0.9 2.6
2006.7671 -52.6405 -322.332 108.9 1.3 0.9 2.7
2006.7699 -54.3263 -322.443 111.2 1.2 0.9 2.7
2006.7726 -52.5861 -335.212 117.1 1.2 0.9 2.6
2006.7753 -49.5408 -334.657 117.4 1.2 0.9 2.6
2006.7781 -53.8369 -325.996 115.2 1.2 0.9 2.6
2006.7808 -52.9668 -323.664 102.6 1.2 0.9 2.7
2006.7836 -49.2145 -326.773 111.3 1.2 0.9 2.6
2006.7863 -47.2568 -331.103 114.4 1.2 0.9 2.6
2006.7918 -48.3444 -331.77 114.2 1.2 0.9 2.6
2006.7945 -54 -334.99 106.7 1.4 0.9 2.8
2006.7973 -48.8338 -331.326 112.5 1.2 0.9 2.7
2006.8000 -46.4955 -336.877 110.6 1.2 0.9 2.6
2006.8027 -48.997 -335.101 115.2 1.2 0.9 2.7
2006.8055 -49.6496 -335.545 113.1 1.2 0.9 2.6
2006.8082 -48.6707 -334.879 114.1 1.2 0.9 2.6
2006.8110 -45.4079 -334.435 117.2 1.2 0.9 2.6
2006.8137 -45.8429 -337.654 116.7 1.2 0.9 2.6
2006.8164 -51.2266 -340.208 127.3 1.5 1.0 2.8
2006.8192 -53.8369 -342.207 120.8 1.3 0.9 2.6
2006.8219 -53.2387 -343.872 113.6 1.2 0.9 2.6
2006.8247 -51.8792 -340.208 114.5 1.2 0.9 2.6
2006.8274 -51.4441 -341.874 110 1.2 0.9 2.6
2006.8301 -51.9335 -341.874 115.7 1.2 0.9 2.6
2006.8329 -51.6616 -340.874 111.8 1.2 0.9 2.6
2006.8356 -53.7825 -339.653 116 1.2 0.9 2.6
2006.8384 -54.2175 -338.987 117.6 1.2 0.9 2.6
2006.8411 -53.1843 -339.875 115.6 1.2 0.9 2.6
2006.8438 -53.6193 -338.876 114.8 1.2 0.9 2.6
2006.8466 -52.8036 -339.209 118.1 1.2 0.9 2.7
2006.8493 -52.0423 -341.43 112.2 1.2 0.9 2.6
2006.8521 -54.4894 -341.652 117.8 1.2 0.9 2.7
2006.8548 -54.1632 -343.65 112.9 1.2 0.9 2.7
2006.8575 -53.565 -341.763 115 1.2 0.9 2.6
2006.8603 -53.7825 -342.873 117.8 1.4 0.9 2.8
2006.8630 -54.5982 -341.874 115.1 1.3 0.9 2.7
2006.8658 -50.5197 -344.317 112.2 1.3 1.0 2.7
2006.8685 -52.9124 -340.43 110.6 1.3 0.9 2.7
2006.8712 -55.2508 -345.871 114.4 1.2 0.9 2.6
2006.8740 -57.6979 -346.87 114.6 1.3 0.9 2.6
2006.8767 -56.1209 -347.425 116.1 1.2 0.9 2.7
2006.8795 -55.6858 -346.315 113.4 1.2 0.9 2.6
2006.8822 -57.9154 -346.648 118.1 1.2 0.9 2.6
2006.8849 -55.1964 -345.205 109.8 1.2 0.9 2.6
2006.8877 -54.8701 -344.094 112.8 1.2 0.9 2.7
2006.8904 -58.7311 -345.871 110.6 1.3 0.9 2.6
2006.8932 -55.9577 -346.648 112 1.2 0.9 2.7
2006.8959 -52.2055 -345.538 115.4 1.3 0.9 2.7
2006.8986 -52.9124 -345.205 108.7 1.3 0.9 2.8
2006.9014 -55.7402 -346.648 112.7 1.2 0.9 2.6
2006.9041 -56.3384 -346.426 109.3 1.2 0.9 2.6
2006.9068 -55.5227 -348.98 119.6 1.3 0.9 2.7
2006.9096 -55.3595 -347.314 119.1 1.2 0.9 2.6
2006.9123 -55.0332 -346.87 117.1 1.2 0.9 2.6
2006.9151 -53.2387 -347.314 120.1 1.4 1.0 2.9
2006.9178 -52.9668 -347.537 117.8 1.3 0.9 2.7
2006.9205 -53.0755 -345.427 115.4 1.3 0.9 2.7
2006.9233 -53.8369 -349.091 120.2 1.3 0.9 2.7
2006.9260 -60.6888 -353.31 122.8 1.2 0.9 2.6
2006.9288 -56.6647 -347.981 120.1 1.2 0.9 2.7
2006.9315 -51.4985 -350.534 122.4 1.5 0.9 2.7
2006.9342 -55.5227 -349.313 123.6 1.3 0.9 2.7
2006.9370 -53.1299 -349.091 121.8 1.3 0.9 2.8
2006.9397 -52.6949 -346.426 118.9 1.2 0.9 2.6
2006.9425 -49.6496 -346.759 125.3 1.3 0.9 2.6
2006.9452 -53.1843 -346.759 122 1.3 0.9 2.7
2006.9479 -52.0967 -348.314 122.4 1.3 0.9 2.7
2006.9507 -54.7613 -348.758 115.3 1.3 0.9 2.7
2006.9534 -49.2689 -346.759 124.5 1.3 0.9 2.6
2006.9562 -47.9094 -340.208 112 1.8 1.1 3.4
2006.9589 -54.7613 -346.87 120.2 1.2 0.9 2.6
2006.9616 -54.707 -347.092 124.1 1.2 0.9 2.6
2006.9644 -51.9335 -348.425 122 1.2 0.9 2.6
2006.9671 -57.5891 -350.868 118.4 1.2 0.9 2.6
2006.9699 -55.3052 -348.536 120.9 1.2 0.9 2.6
2006.9726 -52.858 -334.212 120.5 1.2 0.9 2.6
2006.9753 -49.6496 -335.989 121.5 1.2 0.9 2.6
2006.9781 -50.5197 -344.539 123.1 1.2 0.9 2.6
2006.9808 -55.6858 -347.981 115.8 1.2 0.9 2.6
2006.9836 -53.7281 -344.761 118.6 1.2 0.9 2.6
2006.9863 -55.9033 -346.759 117.8 1.2 0.9 2.6
2006.9890 -50.9003 -347.648 118.7 1.2 0.9 2.7
2006.9918 -57.1541 -355.309 111.7 1.2 0.9 2.6
2006.9945 -50.0846 -352.311 115.1 1.2 0.9 2.6
2006.9973 -56.0121 -340.43 124.3 1.3 0.9 2.7
2007.0000 -57.0997 -326.995 115 1.2 0.9 2.6
2007.0137 -51.4985 -341.097 121.7 1.2 0.9 2.7
2007.0164 -50.7372 -338.21 118.6 1.2 0.9 2.6
2007.0192 -51.2266 -338.432 123.2 1.2 0.9 2.6
2007.0219 -48.5619 -336.655 117.1 1.2 0.9 2.7
2007.0247 -48.29 -337.654 115.7 1.2 0.9 2.7
2007.0274 -46.7674 -336.988 119.2 1.2 0.9 2.7
2007.0301 -48.1269 -339.098 119.7 1.3 0.9 2.8
2007.0329 -51.3354 -339.764 123.5 1.2 0.9 2.6
2007.0356 -48.5619 -334.99 128.7 1.2 0.9 2.6
2007.0384 -50.139 -331.881 128.5 1.2 0.9 2.6
2007.0411 -53.4018 -332.547 126.1 1.2 0.9 2.7
2007.0438 -52.5317 -331.992 128.4 1.2 0.9 2.6
2007.0466 -45.2447 -337.543 131.2 1.2 0.9 2.6
2007.0493 -46.713 -340.319 125.3 1.2 0.9 2.7
2007.0521 -47.6375 -341.208 126.5 1.3 0.9 2.7
2007.0548 -46.4955 -339.431 118 1.3 0.9 2.7
2007.0575 -47.0393 -340.319 126.3 1.2 0.9 2.7
2007.0603 -50.6828 -331.548 122.6 1.2 0.9 2.6
2007.0630 -49.3777 -337.988 118.9 1.2 0.9 2.6
2007.0658 -44.5378 -336.433 120.5 1.2 0.9 2.7
2007.0685 -44.4834 -340.43 122.9 1.2 0.9 2.6
2007.0712 -47.0393 -341.319 127.6 1.2 0.9 2.6
2007.0740 -45.6254 -339.542 123.6 1.2 0.9 2.6
2007.0767 -45.8429 -341.208 123.6 1.2 0.9 2.7
2007.0795 -48.5619 -342.651 118.5 1.2 0.9 2.7
2007.0822 -46.8761 -345.538 115.7 1.2 0.9 2.6
2007.0849 -47.5831 -343.983 121.1 1.2 0.9 2.6
2007.0877 -47.7462 -342.873 120.1 1.2 0.9 2.7
2007.0904 -50.0846 -342.207 118.1 1.2 0.9 2.7
2007.0932 -49.8671 -341.763 119.9 1.2 0.9 2.7
2007.0959 -54.6526 -342.762 119.4 1.2 0.9 2.6
2007.0986 -51.3897 -342.318 115.5 1.2 0.9 2.6
2007.1014 -51.6073 -342.651 116.9 1.2 0.9 2.6
2007.1041 -52.0967 -342.651 118.3 1.2 0.9 2.6
2007.1068 -51.5529 -341.43 121.9 1.3 0.9 2.6
2007.1096 -51.3354 -342.762 119.1 1.2 0.9 2.5
2007.1123 -47.8006 -340.541 120 1.2 0.9 2.5
2007.1151 -49.9215 -343.095 123.3 1.2 0.9 2.6
2007.1205 -55.6858 -341.652 121.3 1.5 1.2 3.3
2007.1233 -49.1601 -342.54 119.6 1.2 0.9 2.6
2007.1260 -49.6496 -341.652 120.5 1.2 0.9 2.6
2007.1288 -51.5529 -342.207 121.1 1.2 0.9 2.6
2007.1315 -48.8882 -341.43 119.9 1.2 0.9 2.6
2007.1342 -45.5166 -341.097 116.8 1.5 1.1 3.1
2007.1370 -50.3021 -340.541 119.8 1.2 0.9 2.6
2007.1397 -49.9758 -341.208 120.8 1.2 0.9 2.6
2007.1425 -52.8036 -346.093 122.6 1.2 0.9 2.6
2007.1452 -51.9879 -345.982 119.4 1.2 0.9 2.5
2007.1479 -50.0846 -346.87 117.4 1.2 0.9 2.6
2007.1507 -49.9215 -344.428 120.5 1.2 0.9 2.6
2007.1534 -54.0544 -344.539 119.6 1.5 1.0 2.8
2007.1562 -52.0423 -344.428 119.7 1.2 0.9 2.5
2007.1589 -51.7704 -345.649 119.4 1.2 0.9 2.6
2007.1616 -49.3233 -344.872 117.8 1.2 0.9 2.6
2007.1644 -51.8792 -347.203 117.1 1.2 0.9 2.7
2007.1671 -53.2931 -347.092 119.7 1.2 0.9 2.6
2007.1699 -49.5408 -346.981 116 1.2 0.9 2.6
2007.1726 -47.3112 -346.981 119.9 1.2 0.9 2.6
2007.1753 -50.0846 -347.981 123.2 1.2 0.9 2.6
2007.1781 -49.2689 -347.537 122.3 1.2 0.9 2.6
2007.1808 -49.9215 -348.647 125.1 1.2 0.9 2.5
2007.1836 -50.3565 -348.314 126.2 1.2 0.9 2.6
2007.1863 -51.0091 -347.981 124 1.2 0.9 2.6
2007.1890 -50.2477 -347.981 126.1 1.2 0.9 2.6
2007.1918 -51.3897 -348.314 124.6 1.2 0.9 2.5
2007.1945 -51.0091 -348.425 124.3 1.2 0.9 2.6
2007.1973 -48.6707 -347.759 126.4 1.2 0.9 2.6
2007.2000 -51.9879 -346.648 122.5 1.3 0.9 2.6
2007.2027 -51.4985 -349.091 121.9 1.3 0.9 2.6
2007.2055 -51.1178 -350.201 119.8 1.2 0.9 2.6
2007.2082 -51.4441 -349.646 123.3 1.2 0.9 2.5
2007.2110 -49.9758 -349.202 120.8 1.2 0.9 2.6
2007.2137 -51.1722 -350.09 117.2 1.2 0.9 2.6
2007.2164 -50.4653 -352.089 124.9 1.3 0.9 2.6
2007.2192 -52.2598 -353.199 125.9 1.3 0.9 2.5
2007.2219 -53.0755 -337.099 127.5 1.3 0.9 2.6
2007.2247 -51.1178 -344.761 128.5 1.3 0.9 2.5
2007.2274 -46.9305 -344.206 122.9 1.4 1.0 2.7
2007.2301 -46.1692 -344.317 121.7 1.3 0.9 2.6
2007.2356 -54.0544 -352.533 125.3 1.3 0.9 2.7
2007.2411 -48.7251 -348.092 123.4 1.3 0.9 2.6
2007.2438 -49.2689 -347.87 118.6 1.3 0.9 2.5
2007.2466 -51.4441 -348.203 118.1 1.2 0.9 2.6
2007.2493 -49.5408 -348.98 119.9 1.3 1.0 2.7
2007.2521 -50.6284 -350.645 124.5 1.3 0.9 2.6
2007.2548 -50.4653 -350.423 121.2 1.2 0.9 2.6
2007.2575 -52.0423 -350.868 119.2 1.3 0.9 2.6
2007.2603 -50.574 -351.09 129.3 1.2 0.9 2.5
2007.2630 -55.3052 -356.863 120.8 1.3 0.9 2.6
2007.2658 -52.7493 -353.088 125.7 1.2 0.9 2.6
2007.2685 -52.2055 -350.757 129 1.2 0.9 2.6
2007.2712 -57.2085 -354.976 128.6 1.2 0.9 2.4
2007.2740 -55.5771 -352.866 124.8 1.3 0.9 2.6
2007.2767 -49.2145 -346.87 126.6 1.2 0.9 2.5
2007.2795 -52.8036 -349.313 124.9 1.2 0.9 2.5
2007.2822 -56.1752 -347.648 123.3 1.3 0.9 2.6
2007.2849 -51.9879 -349.313 122.9 1.3 0.9 2.6
2007.2877 -52.5317 -350.757 127 1.3 0.9 2.5
2007.2904 -53.0212 -349.313 126.1 1.3 0.9 2.5
2007.2932 -51.9335 -346.981 122.9 1.2 0.9 2.5
2007.2959 -52.423 -348.314 119.9 1.2 0.9 2.6
2007.2986 -56.284 -348.536 120.5 1.2 0.8 2.4
2007.3014 -61.7765 -346.093 119.5 1.2 0.8 2.4
2007.3041 -54.5982 -348.314 121.9 1.2 0.9 2.6
2007.3068 -55.4683 -347.87 128.1 1.3 0.9 2.6
2007.3096 -53.2387 -349.979 126.4 1.3 0.9 2.5
2007.3123 -56.284 -350.979 125.3 1.3 0.9 2.5
2007.3151 -57.0997 -352.422 126.9 1.3 0.9 2.5
2007.3178 -54.2175 -351.978 125.6 1.3 0.9 2.5
2007.3205 -58.9487 -354.421 131.2 1.2 0.8 2.4
2007.3233 -61.5045 -346.093 121.7 1.3 0.9 2.5
2007.3260 -50.4653 -339.431 119.2 1.3 0.9 2.5
2007.3288 -56.5015 -351.09 121.9 1.3 0.9 2.5
2007.3315 -54.4351 -352.311 124.2 1.3 0.8 2.5
2007.3342 -56.8278 -354.865 117.3 1.3 0.9 2.5
2007.3370 -51.0091 -350.979 119.8 1.3 0.9 2.6
2007.3397 -55.0876 -351.756 123.3 1.2 0.9 2.5
2007.3425 -47.7462 -348.647 119.2 1.3 0.8 2.5
2007.3452 -54.1088 -351.423 124.2 1.2 0.9 2.5
2007.3479 -53.9456 -350.979 123.3 1.3 0.9 2.5
2007.3507 -54.4894 -351.978 129.2 1.3 0.9 2.5
2007.3534 -55.2508 -352.533 123.4 1.2 0.9 2.5
2007.3562 -55.3595 -349.646 125.2 1.3 0.9 2.7
2007.3589 -57.5348 -350.534 125.2 1.3 0.9 2.7
2007.3616 -53.7281 -349.757 125.7 1.3 0.8 2.4
2007.3644 -55.0876 -347.537 129.6 1.3 0.9 2.5
2007.3671 -53.1843 -356.752 129.1 1.3 0.9 2.6
2007.3699 -59.8187 -361.194 124.1 1.3 0.9 2.5
2007.3726 -58.3505 -361.638 129.1 1.3 0.9 2.5
2007.3781 -59.5468 -356.308 113.9 1.5 0.9 2.6
2007.3808 -54.4351 -353.532 130.1 1.3 0.9 2.5
2007.3836 -55.5771 -350.201 134 1.2 0.9 2.5
2007.3863 -55.5771 -353.088 122.1 1.3 0.9 2.5
2007.3890 -49.5952 -352.644 125.9 1.3 0.9 2.5
2007.3918 -57.9698 -354.199 125.7 1.5 0.9 2.6
2007.3945 -56.1209 -353.754 124.9 1.5 1.0 2.9
2007.3973 -55.849 -353.088 128.9 1.3 0.9 2.5
2007.4000 -54.4894 -353.199 124.4 1.3 0.9 2.5
2007.4027 -52.6949 -352.755 124.7 1.3 0.9 2.5
2007.4055 -54.6526 -353.421 126.8 1.3 0.9 2.5
2007.4082 -57.6979 -353.421 115.7 1.5 1.1 2.9
2007.4110 -55.0332 -353.643 127 1.3 0.9 2.6
2007.4137 -54.8701 -351.312 133 1.4 0.9 2.6
2007.4164 -56.8822 -353.865 130.2 1.3 0.8 2.5
2007.4192 -57.6979 -354.532 124.6 1.2 0.8 2.4
2007.4219 -59.3837 -353.865 120.9 1.3 0.9 2.6
2007.4247 -56.7734 -355.087 125.6 1.3 0.9 2.5
2007.4274 -74.3384 -350.868 115 2.7 1.6 4.5
2007.4301 -55.0876 -353.532 129.1 1.2 0.8 2.4
2007.4329 -54.3263 -351.867 127.6 1.5 1.1 2.9
2007.4356 -56.8278 -355.42 130.5 1.3 0.9 2.7
2007.4384 -55.2508 -355.642 125.8 1.3 0.9 2.6
2007.4411 -54.3807 -353.31 127.2 1.5 1.0 2.9
2007.4438 -55.6314 -355.642 126.1 1.3 0.9 2.6
2007.4466 -57.3716 -347.648 118.5 1.3 0.9 2.6
2007.4493 -55.0876 -345.649 120.8 1.3 0.9 2.6
2007.4521 -60.5257 -347.981 119.8 1.4 0.9 2.6
2007.4548 -61.8852 -345.871 116.5 1.3 0.9 2.5
2007.4575 -60.6888 -348.314 119.4 1.4 0.9 2.6
2007.4603 -60.0906 -349.202 124.1 1.3 0.9 2.5
2007.4630 -56.719 -347.314 121.4 1.3 0.9 2.6
2007.4658 -58.4592 -347.203 118.5 1.5 0.9 2.8
2007.4685 -61.6677 -348.758 121.4 1.4 0.9 2.6
2007.4712 -58.8399 -348.203 122.9 1.3 0.9 2.6
2007.4740 -61.7221 -347.537 132.7 1.2 0.9 2.5
2007.4767 -60.145 -346.315 125.3 1.4 0.9 2.7
2007.4795 -59.003 -350.534 119.7 1.3 0.9 2.7
2007.4822 -57.426 -352.422 127.8 1.4 0.9 2.7
2007.4849 -55.6314 -354.199 119.7 1.5 0.9 2.8
2007.4877 -59.2749 -350.979 118.1 1.3 0.9 2.7
2007.4904 -57.426 -354.31 119.6 1.4 0.9 2.7
2007.4932 -56.8278 -351.978 124.6 1.2 0.9 2.5
2007.4959 -57.8067 -353.421 125.7 1.3 0.9 2.6
2007.4986 -56.4471 -351.534 116.6 1.3 0.9 2.6
2007.5014 -62.7553 -351.867 116.8 1.6 1.0 2.9
2007.5041 -57.861 -351.534 120.8 1.2 0.9 2.4
2007.5068 -58.8943 -354.088 120.6 1.2 0.9 2.5
2007.5096 -57.426 -353.31 122.2 1.2 0.9 2.6
2007.5123 -58.1873 -354.643 126.1 1.2 0.9 2.5
2007.5151 -56.1209 -354.199 119.3 1.2 0.9 2.6
2007.5178 -56.2296 -354.088 126.2 1.2 0.9 2.6
2007.5205 -50.6828 -352.755 130.7 1.2 0.9 2.6
2007.5233 -54.9245 -359.528 125.6 1.2 0.9 2.6
2007.5260 -57.2085 -357.863 127.9 1.4 1.0 2.7
2007.5288 -52.9668 -354.754 129.7 1.2 0.9 2.6
2007.5315 -54.6526 -356.197 125.5 1.2 0.9 2.5
2007.5342 -51.0091 -354.754 121.3 1.3 0.9 2.6
2007.5370 -53.6193 -356.974 124.8 1.2 0.9 2.5
2007.5397 -55.849 -357.085 126.8 1.2 0.9 2.5
2007.5425 -51.281 -353.976 125.2 1.2 0.9 2.5
2007.5452 -56.3384 -355.642 126.5 1.2 0.9 2.5
2007.5479 -50.2477 -356.419 129.7 1.2 0.9 2.5
2007.5507 -55.2508 -355.198 130.7 1.2 0.9 2.5
2007.5534 -56.4471 -355.198 128.8 1.2 0.9 2.5
2007.5562 -55.4139 -355.087 125.1 1.2 0.9 2.5
2007.5589 -57.6435 -354.532 126.2 1.2 0.9 2.6
2007.5616 -56.5559 -354.976 123.3 1.2 0.9 2.6
2007.5644 -56.991 -357.53 131.2 1.2 0.9 2.5
2007.5671 -56.4471 -358.085 125 1.2 0.9 2.5
2007.5699 -53.0212 -358.418 126.1 1.2 0.9 2.6
2007.5726 -56.3928 -358.196 122.3 1.2 0.9 2.5
2007.5753 -54.5982 -357.863 123.2 1.3 0.9 2.6
2007.5781 -57.6979 -358.418 128.6 1.2 0.9 2.5
2007.5808 -53.2387 -357.196 123.9 1.2 0.9 2.5
2007.5836 -55.6314 -359.084 125.2 1.2 0.9 2.4
2007.5863 -58.3505 -358.973 127.5 1.2 0.9 2.4
2007.5890 -55.7946 -357.085 125.6 1.2 0.9 2.6
2007.5918 -56.8822 -357.863 129.6 1.2 0.9 2.5
2007.5945 -59.3837 -357.308 122 1.2 0.9 2.5
2007.5973 -58.0242 -344.65 133.5 1.2 0.9 2.5
2007.6000 -64.9305 -345.205 128.4 1.2 0.9 2.6
2007.6027 -62.2659 -344.539 126.3 1.2 0.9 2.5
2007.6055 -61.287 -348.425 121.7 1.2 0.9 2.5
2007.6082 -64.278 -344.983 126.3 1.2 0.9 2.5
2007.6110 -59.7644 -343.65 121.4 1.2 0.9 2.5
2007.6137 -60.852 -346.759 131.6 1.2 0.9 2.4
2007.6164 -64.0061 -345.094 121.6 1.2 0.9 2.4
2007.6192 -66.997 -346.426 123.6 1.3 1.0 2.6
2007.6219 -63.2447 -349.424 125.2 1.3 0.9 2.7
2007.6247 -64.7674 -345.982 130.1 1.2 0.9 2.7
2007.6274 -66.8882 -348.314 130.6 1.3 0.9 2.7
2007.6301 -61.8308 -345.982 130.2 1.2 0.9 2.6
2007.6329 -65.2568 -351.534 133.4 1.3 0.9 2.6
2007.6356 -59.4381 -357.196 131.4 1.2 0.9 2.6
2007.6384 -60.145 -357.196 134.1 1.1 0.9 2.5
2007.6411 -59.7644 -358.085 133.3 1.3 0.9 2.6
2007.6438 -61.7221 -355.642 124.4 1.2 0.9 2.5
2007.6466 -62.1027 -355.975 124.7 1.3 0.9 2.6
2007.6493 -59.1662 -354.643 131.8 1.3 0.9 2.6
2007.6521 -60.5801 -355.753 134.4 1.2 0.9 2.5
2007.6548 -59.71 -358.307 135.7 1.3 0.9 2.6
2007.6603 -54 -356.863 140.9 1.6 1.0 3.1
2007.6658 -55.1964 -356.086 130.9 1.2 0.9 2.5
2007.6685 -57.0453 -357.419 132.6 1.2 0.9 2.5
2007.6712 -58.5136 -358.196 130.2 1.2 0.9 2.5
2007.6740 -59.8187 -357.53 128 1.2 0.9 2.5
2007.6767 -57.4804 -358.973 129.2 1.2 0.9 2.5
