2001.5836 0 0 0 1.4 1.1 3.4
2001.5863 4.24964 -0.777544 7.5 1.4 1.1 3.3
2001.5890 -78.1535 59.2045 -53.1 165.7 70.7 65.8
2002.5151 -7.50327 -17.4392 -2.4 1.5 1.0 3.0
2002.5178 -11.1553 -17.8835 2.3 1.3 0.8 2.5
2003.6247 -9.03048 -38.9883 -2.1 3.2 1.6 4.4
2003.6274 -15.4713 -41.432 6.5 1.8 1.1 3.3
2003.6301 -15.4049 -39.5437 3.6 2.0 1.3 3.6
2004.6521 -17.9946 -69.4236 15.4 1.2 0.9 2.7
2004.6548 -23.3066 -67.8685 11.5 1.2 0.8 2.6
2004.6575 -22.9082 -68.2018 17.4 1.2 0.8 2.6
2004.6603 -24.1034 -69.7569 9 1.3 1.0 2.9
2005.5151 -31.5403 -88.529 11.2 1.3 0.8 2.6
2005.5178 -25.7634 -90.3062 12.9 1.2 0.8 2.6
2005.5205 -30.8099 -88.8622 13.6 1.2 0.8 2.6
2005.5233 -32.0715 -88.6401 14.6 1.5 1.0 2.9
2008.6959 -65.4046 -84.197 -8.3 1.3 0.8 2.5
2008.6986 -65.0726 -85.0856 4.7 1.3 0.8 2.5
2008.7014 -55.0461 -80.9757 7.9 1.4 0.9 2.6
2010.5068 -63.8774 -118.853 0.1 1.3 0.8 2.6
2010.5096 -67.3966 -118.409 -1 1.3 0.8 2.5
2010.5123 -63.7446 -120.519 -14.8 1.4 0.9 2.9
