1995.5836 0 0 0 6.3 3.5 10.7
1995.5863 -4.19981 1.11035 0 6.1 3.2 10.6
1995.5890 1.63629 6.21794 13.9 1.4 1.1 3.4
1995.5918 -3.9271 10.7704 7.3 1.4 1.1 3.3
1995.5945 -7.63602 11.8807 11.1 1.4 1.1 3.3
1995.5973 -4.09072 7.88345 11.1 1.3 1.1 3.1
1995.6000 -7.41785 7.21725 6.1 1.4 1.1 3.3
1995.6027 -0.872688 8.6607 -0.3 1.5 1.3 3.7
1995.6055 -4.19981 14.6566 18.5 1.3 1.1 2.7
1996.4192 10.9086 -13.7683 32.8 1.5 1.1 3.1
1996.4219 7.85419 -13.6573 28 1.4 1.0 3.0
1996.4247 12.9812 -14.3235 24.8 1.4 1.1 3.1
1996.4274 8.99959 -13.5462 40.3 1.4 1.1 3.0
1996.4301 13.963 -7.99449 32.1 1.4 1.1 3.1
1996.4329 10.3086 -10.4372 28 1.4 1.1 3.0
1996.4356 14.7812 -11.2145 37 1.4 1.1 3.1
1996.4384 9.16322 -10.4372 33.3 1.4 1.0 3.0
1996.4411 13.1994 -8.9938 30 1.3 1.0 3.0
1996.4438 5.67247 -10.6593 34.2 1.6 1.2 3.4
1996.6986 -5.50884 -22.2069 45.9 3.6 1.7 5.4
1996.7014 2.39989 -22.8731 39.8 1.5 1.1 3.1
1996.7041 6.05427 -22.3179 42.1 1.4 1.1 3.0
1996.7068 4.03618 -26.5373 41.3 1.4 1.0 3.0
1996.7096 2.23626 -24.8717 38.3 1.5 1.0 3.1
1996.7123 10.9631 -25.2048 47.5 2.1 1.6 4.2
1997.3699 8.29054 -44.5249 64.7 2.1 1.3 3.7
1997.3726 4.52707 -47.6338 60.7 1.4 1.0 2.9
1997.3753 6.10882 -49.1883 48.5 3.4 1.8 5.6
1997.3836 8.23599 -44.858 42 1.5 1.1 3.1
1997.3863 5.8361 -49.9656 37.6 1.5 1.2 3.1
1997.3890 6.65424 -49.2993 45.3 1.5 1.1 3.2
1997.7699 2.23626 -58.8483 49.7 1.6 1.0 3.0
1997.7726 0.54543 -56.2945 50.1 2.8 1.9 4.6
1998.4192 0.709059 -80.167 55.2 1.5 1.1 3.0
1998.4219 5.39976 -82.8318 64.6 1.5 1.0 2.9
1998.7562 2.23626 -98.9318 66.4 1.5 1.0 3.0
1998.7589 2.39989 -97.3773 65.7 1.5 1.0 3.1
1998.7616 35.5075 -112.7 75.4 9.1 5.8 11.6
1999.4575 -22.1445 -119.362 86.6 27.7 6.5 20.6
1999.4603 1.47266 -117.586 72.1 1.4 1.0 2.9
1999.4630 -1.09086 -118.474 71.2 1.5 1.1 2.9
1999.4712 5.89064 -122.915 69.1 6.0 2.3 8.2
1999.4740 2.34535 -121.916 70.5 1.6 1.1 3.3
1999.4767 1.09086 -121.028 68.7 1.6 1.2 3.3
