2001.7123 0 0 0 1.2 1.0 2.8
2001.7151 -3.18311 -1.66536 2.6 1.1 0.9 2.8
2001.7178 -4.46662 0.999219 -6.3 1.1 0.9 2.8
2001.7205 -8.72788 -3.21971 0.9 1.2 1.0 2.8
2001.7233 -5.39075 -5.77327 -4.2 1.2 0.9 2.8
2001.7260 -3.90188 -4.21893 2.4 1.2 0.9 2.8
2001.7288 -6.82828 -5.21814 9.2 1.5 1.0 3.0
2001.7315 -6.31488 -4.9961 11 1.3 0.9 2.9
2001.7342 -7.95777 -3.21971 6.1 1.2 0.9 2.9
2001.7370 -8.21447 -1.33229 10.5 1.3 1.0 2.9
2001.7397 -8.6252 -3.33073 -3.3 1.3 1.0 2.9
2001.7425 -10.4221 -3.55278 -4.8 1.2 0.9 2.9
2001.7452 -8.67654 -2.33151 0.8 1.3 0.9 2.9
2001.7479 -6.93096 -4.9961 6.8 1.2 0.9 2.9
2001.7507 -11.6029 -6.21736 -2.1 1.5 1.1 3.2
2001.7534 -7.34168 -1.44332 -1.6 1.5 1.0 3.1
2001.7562 -8.72788 -5.32917 -2 1.8 1.1 3.4
2001.7589 -6.67426 -1.88741 -5 1.3 0.9 3.0
2001.7616 -7.85509 -2.66458 -1.3 1.2 0.9 2.9
2001.7644 -4.41528 -3.44175 -3.3 1.2 0.9 2.9
2001.7671 -8.72788 -3.6638 -8 1.2 0.9 2.9
2001.7699 -8.41983 -4.32995 -1.4 1.4 0.9 2.9
2001.7726 -9.24128 -4.66302 -1.7 1.4 1.0 3.0
2001.7753 -11.911 -3.6638 2.1 1.2 0.9 2.8
2001.7781 -0.821447 -6.21736 9.8 1.3 0.9 2.9
2001.7808 -7.49571 -3.77483 2.6 1.4 0.9 3.0
2001.7836 -6.52024 -3.33073 -2.3 1.2 0.9 2.8
2001.7863 -11.8083 -6.21736 4.1 1.4 0.9 2.9
2001.7890 -7.34168 -3.6638 4 1.1 0.8 2.7
2001.7918 -7.59839 -4.9961 4.2 1.3 0.9 2.9
2001.7945 -4.15858 -7.7717 1.7 1.3 0.9 2.9
2001.7973 -4.67198 -4.552 2.8 1.2 0.9 2.8
2001.8000 -7.18766 -6.10634 5.8 1.6 1.0 3.1
2001.8027 -5.90415 -3.10868 -2.5 1.3 1.0 3.0
2001.8055 -3.02909 -3.99688 -2.5 1.3 1.0 3.1
2001.8082 -6.36622 -5.10712 0.7 1.7 1.3 3.4
2001.8110 -3.49115 -5.99531 -3.6 1.2 0.9 2.8
2001.8137 -4.98002 -5.99531 -10.2 1.2 0.9 2.8
2001.8164 -5.44209 -6.43941 -0.2 1.3 1.0 3.0
2001.8192 -2.31032 -6.99453 7.3 1.2 0.9 2.9
2001.8219 -0.924129 -6.99453 7.3 1.3 0.9 2.9
2002.0027 -2.97775 -12.3237 -3.4 1.3 0.9 2.9
2002.0219 -5.80147 -11.3245 -0.5 1.2 0.9 2.9
2002.0411 -4.77466 -10.6583 -3.3 1.4 0.9 3.0
2002.0603 -6.77694 -13.767 -16.8 1.2 0.9 2.8
2002.0740 -4.36394 -10.7694 4.6 1.2 0.9 2.7
2002.1452 -1.64289 -12.8788 -0.5 1.3 0.9 2.9
2002.1479 0.256702 -10.8804 -7.1 1.2 0.9 2.7
2002.1507 0.513403 -8.43785 1.6 1.2 0.8 2.7
2002.1534 -2.25898 -10.4363 -0.4 1.2 0.9 2.7
2002.1562 -2.05362 -13.9891 -3.7 1.4 0.9 2.9
2002.1589 -2.05362 -13.3229 -1.7 1.3 0.9 2.8
2002.1616 -4.36394 -8.88195 -4.2 1.3 0.9 2.8
2002.1644 1.18083 -12.5458 -5.3 1.2 0.9 2.8
2002.1808 0.564745 -13.1009 -1.7 1.2 0.9 2.7
2002.2000 7.95777 -12.6568 6.3 4.0 1.8 5.4
2002.2192 1.33485 -16.3206 1.8 1.3 0.9 2.7
2002.2384 1.33485 -20.5395 -14.3 1.3 0.9 2.8
2002.2575 1.95094 -15.6544 -2.1 1.3 0.9 2.8
2002.2767 -2.82373 -19.5403 -15.3 1.4 0.9 2.9
2002.2959 -3.69651 -14.1001 -9.2 1.6 1.1 3.1
2002.3151 1.02681 -19.8734 1.8 1.2 0.9 2.8
2002.3288 8.98458 -17.0977 -21 1.3 0.9 2.8
2002.3479 -0.256702 -22.0938 -2.9 1.3 0.9 2.9
2002.3644 1.38619 -18.5411 -9.2 1.2 0.9 2.8
2002.3808 -1.79692 -17.9859 -3.3 1.2 0.9 2.7
2002.3973 0.462064 -18.208 -2.5 1.2 0.9 2.7
2002.4110 1.43753 -18.208 -5.5 1.2 0.9 2.7
2002.4137 1.79692 -18.5411 -8.4 1.3 0.9 2.8
2002.4164 1.64289 -15.6544 -15.7 1.3 0.9 2.8
2002.4192 0.770106 -16.7647 -11.7 1.2 0.9 2.8
2002.4219 -2.56702 -19.2072 -4.4 1.2 0.9 2.7
2002.4247 4.98002 -16.4316 -4.7 1.2 0.9 2.8
2002.4274 1.02681 -19.3182 0.1 1.3 0.9 2.8
2002.4301 2.61836 -16.4316 -9 1.2 0.9 2.8
2002.4329 4.26126 -17.6529 -9.7 1.3 0.9 2.9
2002.4356 1.79692 -18.208 -4.3 1.2 0.9 2.8
2002.4384 3.85053 -19.9844 -3.5 1.3 0.9 2.8
2002.4411 4.67198 -15.5434 -15 1.2 0.9 2.8
2002.4438 -0.359384 -19.0962 -2.6 1.3 0.9 2.8
2002.4466 1.02681 -19.7623 -2 1.3 0.9 2.8
2002.4493 0.102681 -19.9844 -3.9 1.3 0.9 2.9
2002.4521 2.77238 -17.7639 -7.2 1.3 1.0 2.9
2002.4548 -0.513405 -18.9852 -0.2 1.2 0.9 2.8
2002.4575 2.25898 -19.6513 -7.2 1.2 0.9 2.8
2002.4603 0.975468 -19.8734 -10.5 1.2 0.9 2.9
2002.4630 0.872787 -18.319 -7.1 1.2 0.9 2.8
2002.4658 -4.3126 -19.5403 -8.4 1.3 0.9 2.8
2002.4685 -0.821447 -19.2072 -11.1 1.2 0.9 2.9
2002.4712 3.38847 -19.8734 -1.4 1.3 0.9 2.9
2002.4740 0.410724 -22.4269 -8.7 1.2 0.9 2.8
2002.4767 0.770106 -21.2056 -5.8 1.2 0.9 2.8
2002.4795 2.413 -19.7623 -7.1 1.2 0.9 2.8
2002.4822 10.9869 -18.43 -7.4 1.2 0.9 2.8
2002.4849 -0.924129 -20.4285 -1.1 1.3 1.0 3.0
2002.4877 -2.1563 -20.3175 0.6 1.3 0.9 2.9
2002.4904 2.51568 -20.5395 -9.2 1.3 0.9 2.9
2002.4932 -1.33485 -24.4254 -8.3 1.2 0.9 2.8
2002.4959 6.41756 -24.8695 -11.2 1.2 0.9 2.9
2002.4986 12.4244 -24.0923 -18 1.7 1.1 3.6
2002.5014 7.85509 -19.5403 -9.8 1.2 0.9 2.8
2002.5041 5.18538 -23.5372 -5.2 1.2 0.9 2.9
2002.5068 -0.564745 -21.6497 -6.2 1.3 0.9 3.0
2002.5096 -2.413 -21.0946 -1.5 1.9 1.3 4.2
2002.5918 0.256702 -24.8695 6.6 3.1 1.9 5.8
2002.6603 2.82372 -24.8695 6.7 1.3 1.0 2.8
2002.6630 2.87507 -23.2041 12.4 1.4 1.0 2.8
2002.6658 4.77466 -22.871 3.6 1.5 1.1 3.0
2002.6685 3.95321 -18.8741 2.5 1.3 1.0 2.8
2002.6712 3.33713 -16.0985 7.4 1.2 0.9 2.7
2002.6740 1.38619 -22.76 9.7 1.3 1.0 2.8
2002.6767 1.07815 -23.2041 3.2 1.5 1.0 2.9
2002.6795 3.49115 -22.3159 -2.1 1.3 1.0 2.8
2002.6822 1.28351 -22.982 2 1.2 0.9 2.8
2002.6849 -1.33485 -20.2064 -1.6 1.3 1.0 2.9
2002.6877 2.6697 -23.3151 0.4 1.2 0.9 2.7
2002.6904 0.359382 -24.5364 3.7 1.3 1.0 3.0
2003.0027 0.359382 -28.0892 -1 1.3 1.0 2.9
2003.0055 4.67198 -32.9742 -2.3 1.3 1.0 3.0
2003.0082 0.667426 -33.0853 -3.6 1.4 1.0 3.0
2003.0110 4.72332 -32.1971 -2.8 1.3 0.9 2.9
2003.0137 2.56702 -32.086 -8.7 1.7 1.4 4.2
2003.0247 4.62064 -28.9774 -6 1.3 1.0 2.9
2003.0411 6.10951 -31.6419 -2.1 1.3 0.9 2.9
2003.0438 5.85281 -29.1994 -7 1.3 0.9 2.9
2003.0466 8.62519 -28.0892 5.2 1.2 0.9 2.8
2003.0493 7.03364 -29.4215 -0.2 1.3 1.0 2.9
2003.0521 4.00456 -27.9781 -2.6 1.3 1.0 2.9
2003.0548 5.49343 -28.0892 -2.8 1.3 0.9 2.8
2003.0575 8.52252 -29.9766 -6.2 1.3 0.9 2.9
2003.0603 6.41756 -30.1986 -11.5 1.2 0.9 2.9
2003.0630 0.564745 -32.9742 -10.9 1.3 1.0 3.0
2003.0658 5.28807 -30.8648 -4.3 1.3 1.0 3.0
2003.0685 6.10951 -28.4222 -5.4 1.3 1.0 3.0
2003.0712 5.75013 -33.0853 -6.2 1.4 1.0 3.0
2003.0740 2.92641 -32.8632 -11.3 1.3 1.0 3.0
2003.0767 11.8596 -34.7506 -5.1 1.3 1.0 3.0
2003.0795 5.03136 -31.864 -0.7 1.3 1.0 2.9
2003.0822 7.70107 -30.0876 -7.2 1.3 1.0 3.0
2003.0849 6.10951 -31.975 -12.2 1.3 0.9 2.9
2003.0877 7.44437 -33.1963 -13.9 1.3 1.0 3.0
2003.0904 8.16313 -32.4191 -10.5 1.4 1.0 3.1
2003.0932 6.57158 -31.864 -7.1 1.3 1.0 3.0
2003.0959 6.31488 -34.5286 -17.8 1.4 1.0 3.0
2003.0986 12.9378 -37.7483 -7.6 1.3 1.0 2.9
2003.1014 13.5539 -35.9719 -12.9 1.4 0.9 3.0
2003.1041 5.03136 -32.3081 -5.8 1.3 0.9 3.0
2003.1068 7.64973 -32.3081 1.2 1.3 0.9 2.9
2003.1096 -0.0513414 -30.4207 -9.6 1.3 1.0 3.0
2003.1123 6.10951 -34.4175 -8.5 1.4 1.0 3.1
2003.1151 0.718766 -31.0868 -11.6 1.4 1.0 3.1
2003.1178 5.75013 -33.8624 -11.1 1.4 1.0 3.0
2003.1205 3.90187 -40.0798 -8.2 1.4 1.0 3.1
2003.1233 1.07815 -34.9727 -0.3 1.4 1.0 3.1
2003.1260 7.03364 -36.638 -2.2 1.3 0.9 3.0
2003.1288 8.98458 -38.7475 -6.3 1.3 0.9 2.9
2003.1315 7.13632 -36.0829 -9.9 1.4 1.0 3.0
2003.1342 9.1386 -37.7483 -5 1.4 1.0 3.0
2003.1370 4.41528 -32.086 0.3 1.4 1.0 2.9
2003.1397 3.54249 -32.4191 -2 1.3 0.9 2.8
2003.1425 3.18311 -31.864 -2.7 1.3 0.9 2.8
2003.1452 4.10724 -33.6404 -5.3 1.3 0.9 2.8
2003.1479 2.25898 -31.5309 -8.1 1.3 0.9 2.9
2003.1507 1.07815 -33.0853 -3.5 1.3 0.9 2.8
2003.1534 2.1563 -32.7522 -1.3 1.3 0.9 2.8
2003.1562 2.56702 -32.3081 -6 1.3 0.9 2.8
2003.1589 0.462064 -34.6396 -4.4 1.5 1.0 2.9
2003.1616 0.975468 -34.1955 -6 1.3 0.9 2.8
2003.1644 2.25898 -32.9742 -8.4 1.4 0.9 2.9
2003.1671 2.82372 -34.3065 0.4 1.3 1.0 3.0
2003.1699 0.770106 -32.1971 -5.3 1.4 1.0 2.9
2003.1726 5.03136 -36.638 -2 1.3 1.0 3.0
2003.1753 0.564745 -35.9719 3.4 1.3 0.9 2.9
2003.1781 7.44437 -30.3096 3.8 1.3 1.0 2.9
2003.1808 6.00683 -32.8632 -2.5 1.4 1.0 3.0
2003.1836 2.56702 -34.1955 -9.7 1.4 1.0 3.0
2003.1863 0.770106 -34.5286 -8.5 1.3 0.9 2.8
2003.1890 2.20764 -35.8609 -11.5 1.4 1.0 2.9
2003.1918 2.77238 -35.3057 -8.3 1.3 0.9 2.8
2003.1945 3.33713 -33.0853 -4.9 1.3 1.0 2.9
2003.1973 4.3126 -35.1947 -4.1 1.4 1.0 2.9
2003.2000 3.49115 -33.9734 0.9 1.5 1.0 3.1
2003.2027 3.13177 -34.3065 4.4 1.3 0.9 3.0
2003.2055 2.97775 -34.0845 9.7 1.5 1.0 2.9
2003.2082 5.54477 -34.8616 0.7 1.4 1.0 3.0
2003.2110 1.74557 -36.527 -1.3 1.4 1.0 2.9
2003.2137 5.75013 -37.3042 -6.6 1.3 0.9 2.9
2003.2164 2.51568 -38.5254 -6.6 1.4 1.0 2.9
2003.2192 5.85281 -37.8593 0.6 1.3 0.9 2.9
2003.2219 6.4689 -38.6365 5.6 1.4 0.9 2.9
2003.2247 12.5784 -38.1924 -0.5 1.3 0.9 2.9
2003.2274 5.75013 -36.416 -1.3 1.3 0.9 2.9
2003.2301 4.46662 -36.1939 -0.1 1.4 1.0 3.0
2003.2329 4.46662 -37.8593 1.5 1.3 0.9 2.9
2003.2356 7.75241 -36.527 6.3 1.4 1.0 3.0
2003.2384 9.34396 -38.5254 4.7 1.3 0.9 2.9
2003.2411 5.28807 -41.19 -3.6 1.5 1.0 2.9
2003.2438 5.54477 -36.9711 -0.2 1.3 0.9 2.9
2003.2466 6.87962 -37.7483 0.5 1.5 0.9 3.0
2003.2493 6.93096 -37.5262 1.7 1.4 0.9 2.9
2003.2521 8.83056 -36.305 -2.5 1.4 0.9 2.9
2003.2548 7.59839 -37.5262 -3 1.3 0.9 2.9
2003.2575 4.15858 -36.8601 -3.1 1.4 1.0 3.0
2003.2603 9.34396 -38.5254 -0.1 1.3 0.9 2.9
2003.2630 6.9823 -36.8601 -0.4 1.3 0.9 2.8
2003.2658 6.00683 -34.7506 -7.8 1.3 0.9 2.9
2003.2685 6.67426 -35.4168 -1.6 1.3 0.9 2.9
2003.2712 8.52252 -35.3057 -7.2 1.3 0.9 2.9
2003.2740 5.39075 -38.1924 -4.3 1.3 0.9 2.9
2003.2767 5.59611 -36.7491 1.6 1.2 0.9 2.8
2003.2795 4.20992 -36.638 5.3 1.3 0.9 2.8
2003.2822 8.93324 -35.4168 -0.3 1.3 0.9 2.9
2003.2849 2.72104 -35.4168 -3.6 1.3 0.9 2.8
2003.2877 7.08498 -36.416 -7.4 1.3 0.9 2.9
2003.2904 6.77694 -36.9711 -10.5 1.2 0.9 2.8
2003.2932 4.05589 -36.638 -6.3 1.3 0.9 2.9
2003.2959 7.90643 -37.1932 -6 1.3 0.9 2.8
2003.2986 5.23673 -35.4168 -4 1.3 0.9 2.9
2003.3014 6.82828 -36.8601 -4.3 1.3 0.9 2.7
2003.3041 9.08726 -38.5254 -5.6 1.3 0.9 2.9
2003.3068 7.13632 -38.3034 -7.6 1.3 0.9 2.9
2003.3096 7.239 -38.5254 -3.1 1.3 0.9 2.9
2003.3123 4.77466 -36.416 -4.1 1.4 0.9 2.9
2003.3151 9.44664 -36.305 -7.4 1.3 0.9 2.9
2003.3178 8.52252 -35.8609 -5.2 1.3 0.9 2.8
2003.3205 1.18083 -37.3042 -3.8 1.2 0.9 2.8
2003.3233 8.47117 -36.1939 -10 1.2 0.9 2.8
2003.3260 7.13632 -38.5254 -6.7 1.4 0.9 2.9
2003.3288 0.975468 -34.6396 -7.7 1.3 0.9 2.9
2003.3315 8.57386 -36.305 8.3 1.4 0.9 3.0
2003.3342 5.85281 -35.6388 10.9 1.2 0.9 2.9
2003.3370 5.28807 -36.7491 -4.8 1.2 0.9 2.7
2003.3397 8.93324 -36.1939 0.7 1.2 0.9 2.7
2003.3425 5.03136 -36.527 0 1.2 0.9 2.8
2003.3452 4.826 -35.8609 -9.8 1.2 0.8 2.7
2003.3479 8.52252 -35.5278 -2.2 1.2 0.9 2.7
2003.3507 6.93096 -36.638 -8.5 1.3 0.9 2.9
2003.3534 5.39075 -36.527 -6.5 1.2 0.9 2.8
2003.3562 3.79919 -39.4136 -5.9 1.3 0.9 2.8
2003.3589 11.911 -36.527 -13.8 1.2 0.9 2.8
2003.3616 8.36849 -36.416 -1.6 1.2 0.9 2.7
2003.3644 8.11179 -36.527 -8.2 1.2 0.9 2.7
2003.3671 3.64517 -37.0821 -10.1 1.2 0.9 2.7
2003.3699 3.43981 -35.0837 -5.6 1.5 1.0 3.1
2003.3726 6.52024 -36.8601 -3.6 1.2 0.9 2.8
2003.3753 12.0137 -37.4152 2.6 1.2 0.9 2.8
2003.3781 9.34396 -36.638 -6.6 1.2 0.9 2.7
2003.3808 16.583 -43.9656 13.7 4.7 1.9 6.3
2003.4137 8.52252 -37.1932 -3.4 1.2 0.9 2.8
2003.4164 9.24128 -36.1939 -9 1.2 0.9 2.7
2003.4192 7.13632 -37.4152 -6.9 1.3 0.9 2.9
2003.4219 9.08726 -36.9711 -0.8 1.2 0.9 2.8
2003.4247 6.52024 -38.9695 -1.4 1.2 0.9 2.8
2003.4274 7.59839 -38.6365 -6.3 1.2 0.9 2.8
2003.4301 8.21447 -38.8585 -12.3 1.2 0.9 2.9
2003.4329 6.16085 -39.6357 -11.8 1.2 0.9 2.8
2003.4356 5.95549 -38.3034 -7.7 1.2 0.9 2.8
2003.4384 6.21219 -40.4129 -5.4 1.2 0.9 2.8
2003.4411 1.84826 -38.9695 -21.5 1.1 0.9 2.7
2003.4438 6.52024 -39.1916 -8.2 1.2 0.9 2.7
2003.4466 6.52024 -38.6365 -8.7 1.2 0.9 2.9
2003.4493 7.75241 -41.19 -4.2 1.2 0.9 2.9
2003.4521 7.29034 -38.5254 -2.4 1.2 0.9 2.8
2003.4548 2.77238 -39.8577 -3.9 1.2 0.9 2.7
2003.4575 7.03364 -40.1908 1.5 1.2 0.9 2.8
2003.4603 7.85509 -38.3034 -5 1.3 0.9 2.8
2003.4630 5.28807 -39.8577 -2 1.4 0.9 3.0
2003.4658 4.20992 -38.1924 1.4 1.2 0.9 2.8
2003.4685 7.18766 -40.0798 -4.9 1.1 0.9 2.8
2003.4712 1.69423 -37.8593 -4.3 1.2 0.9 2.8
2003.4740 4.26126 -37.7483 -3.6 1.1 0.9 2.7
2003.4767 6.00683 -39.5247 -4.4 1.2 0.9 2.8
2003.4795 5.39075 -37.9703 -5 1.2 0.9 2.8
2003.4822 4.46662 -41.19 -1.6 1.2 0.9 2.8
2003.4849 6.41756 -38.5254 -1.9 1.2 0.9 2.7
2003.4877 10.0114 -38.5254 -6.1 1.2 0.9 2.7
2003.4904 5.64745 -38.1924 4.1 1.2 0.9 2.8
2003.4932 8.21447 -38.9695 2 1.2 0.9 2.8
2003.4959 6.67426 -39.8577 -1.7 1.2 0.9 2.8
2003.4986 10.1141 -40.6349 -5 1.2 0.9 2.8
2003.5014 6.41756 -41.4121 12.9 1.2 0.9 2.7
2003.5041 8.83056 -39.4136 3.5 1.3 0.9 2.8
2003.5068 7.54705 -42.0782 0 1.2 1.0 2.8
2003.5096 2.413 -37.9703 -4.8 1.2 0.9 2.8
2003.5123 10.4735 -42.5223 2.5 1.2 0.9 2.8
2003.5151 9.96005 -39.4136 1.2 1.2 0.9 2.7
2003.5178 6.4689 -44.0767 8.2 1.2 0.9 2.7
2003.5205 12.8351 -41.9672 1.1 1.2 0.9 2.7
2003.5233 13.3999 -39.0806 -2.5 1.2 0.9 2.7
2003.5260 9.18994 -40.968 5.1 1.4 1.1 3.0
2003.5288 10.3194 -40.968 -1 1.2 0.9 2.8
2003.5315 9.18994 -39.3026 0.9 1.2 0.9 2.7
2003.5342 13.2972 -39.0806 1.9 1.2 0.9 2.7
2003.5370 11.0895 -36.7491 12.2 1.2 0.9 2.8
2003.5397 9.34396 -35.9719 -4.6 1.3 1.0 2.9
2003.5425 10.8842 -40.3018 2.5 1.2 1.0 2.9
2003.5452 9.1386 -40.4129 -1.2 1.2 0.9 2.7
2003.5479 11.5516 -40.5239 9.9 1.2 0.9 2.7
2003.5507 8.72788 -40.857 0.4 1.2 0.9 2.7
2003.5534 11.7056 -41.4121 -4.5 1.2 0.9 2.9
2003.5562 10.6788 -41.19 -4.5 1.2 0.9 2.8
2003.5589 14.3753 -38.5254 -1.1 1.1 0.9 2.7
2003.5616 9.3953 -40.3018 -8.8 1.1 0.9 2.7
2003.5644 10.1141 -39.8577 -1.6 1.2 0.9 2.8
2003.5671 11.6029 -40.0798 -1.5 1.2 0.9 2.8
2003.5699 10.5761 -41.3011 0.2 1.2 0.9 2.8
2003.5726 6.05817 -41.19 -8.6 1.2 0.9 2.8
2003.5753 7.95777 -38.5254 8.8 1.3 0.9 3.0
2003.5781 10.6788 -40.5239 -4.1 1.2 0.9 2.8
2003.5808 9.652 -43.4105 -5.6 1.2 0.9 2.8
2003.5836 7.75241 -41.6341 1.7 1.2 0.9 3.0
2003.5863 7.75241 -41.079 -5.4 1.2 0.9 2.9
2003.5890 6.57158 -40.6349 -11.1 1.2 0.9 2.8
2003.5918 8.31715 -42.7444 -6 1.2 0.9 2.8
2003.5945 3.28579 -43.0774 3.3 1.1 0.9 2.7
2003.5973 3.18311 -41.7452 3.8 1.2 0.9 2.8
2003.6000 8.47117 -41.9672 -1.6 1.2 0.9 2.8
2003.6027 10.7815 -40.5239 0.9 1.2 0.9 2.7
2003.6055 6.21219 -42.6333 -2.2 1.1 0.9 2.7
2003.6082 7.29034 -42.7444 -4.6 1.2 0.9 2.8
2003.6110 5.49343 -41.6341 0 1.2 0.9 2.7
2003.6137 6.21219 -40.968 1.7 1.2 0.9 2.7
2003.6164 12.1163 -42.0782 -5.9 1.2 0.9 2.7
2003.6192 8.21447 -42.3003 -5.6 1.2 0.9 2.7
2003.6219 6.21219 -45.409 -3 1.2 0.9 2.7
2003.6247 5.85281 -41.4121 0.8 1.2 0.9 2.7
2003.6274 8.57386 -40.7459 1 1.2 0.9 2.7
2003.6301 7.18766 -41.8562 2.5 1.6 1.1 3.2
2003.6329 7.239 -41.5231 -4.9 1.2 0.9 2.7
2003.6356 8.31715 -44.6318 -2.6 1.2 0.9 2.7
2003.6384 11.3462 -41.6341 -7.7 1.3 0.9 2.7
2003.6411 9.18994 -39.3026 -11.4 1.2 0.9 2.7
2003.6438 8.41983 -39.8577 -1 1.2 0.9 2.7
2003.6466 7.29034 -40.5239 3.3 1.2 0.9 2.7
2003.6493 7.239 -42.4113 -2.4 1.2 0.9 2.7
2003.6521 7.03364 -42.5223 -4.3 1.2 0.9 2.7
2003.6548 6.57158 -39.6357 -7.3 1.2 0.9 2.7
2003.6575 10.1141 -39.8577 -2.8 1.2 0.9 2.7
2003.6603 9.3953 -40.3018 -6.7 1.2 0.9 2.7
2003.6630 9.24128 -45.2979 2.4 1.2 0.9 2.7
2003.6658 6.36622 -41.19 -3.6 1.2 0.9 2.7
2003.6685 9.85737 -43.7436 -4.2 1.2 0.9 2.8
2003.6712 9.24128 -45.2979 0.6 1.2 0.9 2.7
2003.6740 5.54477 -42.9664 0.3 1.2 0.9 2.8
2003.6767 13.2458 -39.5247 -6.6 1.2 0.9 2.7
2003.6795 8.26581 -44.5208 -4.8 1.2 0.9 2.7
2003.6822 8.21447 -43.1885 -4.6 1.2 0.9 2.8
2003.6849 6.57158 -46.2972 -0.9 1.2 0.9 2.7
2003.6877 10.5761 -44.0767 -2.6 1.2 0.9 2.7
2003.6904 10.8328 -43.4105 -8.1 1.2 0.9 2.8
2003.8247 10.8842 -48.7397 0.4 1.4 0.9 2.9
2003.8274 13.2972 -46.0751 5.4 2.5 1.8 4.4
2003.8301 7.54705 -48.1846 9.4 1.6 1.1 3.3
2003.8329 7.34168 -47.2964 5 1.4 0.9 2.8
2003.8356 5.95549 -49.7389 -0.2 1.2 0.9 2.8
2003.8384 8.06045 -47.8515 2.5 1.2 0.9 2.7
2003.8411 8.16313 -48.7397 6.1 1.2 0.8 2.7
2003.8438 8.72788 -47.8515 9.6 1.3 0.9 2.8
2003.8466 3.64517 -46.8523 6.6 1.2 0.9 2.7
2003.8493 5.54477 -47.5184 3.1 1.2 0.9 2.8
2003.8521 5.80147 -46.1861 3.2 1.2 0.9 2.8
2003.8548 3.74785 -45.9641 12 1.2 0.9 2.8
2003.8575 5.28807 -46.6302 7 1.4 1.0 3.1
2003.8603 6.00683 -44.7428 -2.2 1.2 0.9 2.8
2003.8630 11.5516 -44.5208 -9.4 1.3 0.9 2.9
2003.8658 9.90871 -45.0759 -7.8 1.2 0.9 2.7
2003.8685 7.29034 -45.1869 -12.7 1.2 0.9 2.9
2003.8712 11.8596 -46.9633 -0.2 1.2 0.9 2.8
2003.8740 6.57158 -46.1861 1.9 1.9 1.6 4.2
2003.8767 7.18766 -47.0743 -6.1 1.4 0.9 2.9
2003.8795 7.18766 -48.5176 -4.9 1.2 0.9 2.9
2003.8822 10.6788 -47.2964 -7.7 1.3 0.9 2.9
2003.8849 9.03592 -48.0735 -4.2 1.5 1.0 3.2
2003.8877 7.29034 -45.8531 -4.8 2.5 1.8 4.5
2003.8904 12.3217 -45.631 -0.5 1.2 0.9 2.8
2003.8932 8.06045 -47.0743 -6.9 1.3 0.9 2.8
2003.8959 11.3976 -48.6287 -5 1.3 0.9 2.9
2003.8986 9.96005 -46.5192 -12 1.2 0.9 2.7
2003.9014 9.70334 -46.0751 -6.9 1.2 0.9 2.8
2003.9041 8.26581 -45.631 -15.4 1.2 0.9 2.7
2003.9068 8.26581 -47.5184 -13 1.2 0.9 2.7
2003.9096 6.93096 -48.9617 -10.9 1.2 0.9 2.7
2003.9123 8.93324 -48.2956 -14.6 1.2 0.9 2.7
2003.9151 13.1432 -48.4066 -17 1.2 0.9 2.8
2003.9178 8.52252 -47.4074 -6.8 1.2 0.9 2.7
2003.9205 6.36622 -47.4074 -9.1 1.2 0.9 2.9
2003.9233 3.85053 -49.7389 -15.4 1.2 0.9 2.8
2003.9260 3.38847 -52.1814 -6.4 1.2 0.9 2.8
2003.9288 8.98458 -50.5161 5.3 1.4 0.9 3.0
2003.9315 6.26353 -49.2948 -0.8 1.2 0.9 2.7
2003.9342 4.5693 -48.7397 -2.8 1.2 0.9 2.7
2003.9370 8.77922 -49.7389 0.8 1.3 0.9 2.8
2003.9397 10.3708 -53.7358 -3.9 1.2 0.9 2.7
2003.9425 9.75468 -49.8499 -6.1 1.2 0.9 2.8
2003.9452 14.17 -48.8507 -2.1 1.2 0.9 2.7
2003.9479 7.03364 -48.8507 1.7 1.2 0.9 2.7
2003.9507 8.57386 -50.4051 3.9 1.2 0.9 2.7
2003.9534 10.9355 -49.5169 -7.8 1.2 0.9 2.8
2003.9562 8.26581 -48.7397 3.5 1.2 0.9 2.7
2003.9589 5.80147 -50.183 -0.3 1.2 0.9 2.7
2003.9616 6.77694 -49.5169 -0.8 1.2 0.9 2.8
2003.9644 5.54477 -50.294 -2.4 1.3 0.9 2.8
2003.9671 3.74785 -52.5145 -11.1 1.4 1.0 3.2
2003.9699 6.9823 -53.0696 1.1 1.2 0.9 2.8
2003.9726 6.77694 -51.1822 6.8 1.3 0.9 2.8
2003.9753 5.39075 -51.1822 -1.6 1.2 0.9 2.8
2003.9781 2.97775 -48.2956 -0.7 1.2 0.9 2.7
2003.9808 2.1563 -50.7381 6.8 1.2 0.9 2.7
2003.9836 11.6029 -51.4043 -0.5 1.2 0.9 2.7
2003.9863 11.757 -51.8484 1.7 1.2 0.9 2.7
2003.9890 9.85737 -52.0704 4.7 1.2 0.9 2.7
2003.9918 10.2681 -51.4043 -4.4 1.2 0.9 2.7
2003.9945 7.59839 -49.6279 3.1 1.2 0.9 2.7
2003.9973 10.5248 -53.0696 5.8 1.2 0.9 2.7
2004.0000 12.5784 -51.7373 5.1 1.2 0.9 2.7
2004.0027 12.8351 -48.8507 -0.4 1.2 0.9 2.7
2004.0055 13.8106 -49.6279 -1 1.2 0.9 2.7
2004.0082 13.0918 -51.7373 -8.3 1.2 0.9 2.7
2004.0110 14.3753 -51.4043 -12.5 1.2 0.9 2.7
2004.0137 13.6566 -48.9617 -5.5 1.2 0.9 2.7
2004.0164 14.5807 -50.072 -8.7 1.3 0.9 2.8
2004.0192 9.44664 -51.0712 -2.5 1.3 0.9 2.7
2004.0219 9.08726 -50.6271 -4.1 1.3 0.9 2.8
2004.0247 10.7302 -52.5145 -9.7 1.3 0.9 2.7
2004.0274 11.3976 -52.4035 -3.4 1.2 0.9 2.7
2004.0301 14.2213 -51.8484 -8.7 1.2 0.9 2.8
2004.0329 14.5293 -53.9578 -5.5 1.2 0.9 2.7
2004.0356 9.3953 -52.5145 -3.6 1.2 0.9 2.6
2004.0384 12.1677 -53.9578 -3.2 1.2 0.9 2.8
2004.0411 12.6298 -53.0696 -8.2 1.2 0.9 2.7
2004.0438 14.3753 -53.5137 -7.4 1.3 0.9 2.8
2004.0466 13.8619 -58.3988 -5.3 1.2 0.9 2.7
2004.0493 12.8865 -54.1799 -8.6 1.2 0.9 2.7
2004.0521 18.4312 -55.7342 -8.1 1.4 0.9 2.9
2004.0548 11.9623 -51.0712 -5 1.3 0.9 2.8
2004.0575 16.891 -51.4043 -5.2 1.8 1.3 3.8
2004.0603 7.29034 -53.7358 -6 1.6 1.1 3.3
2004.0630 18.6366 -56.1783 -10 1.2 0.9 2.7
2004.0658 17.6098 -56.8445 -4.4 1.2 0.9 2.7
2004.0685 9.18994 -51.2932 -7.6 1.2 0.9 2.7
2004.0712 14.2726 -53.9578 -14.2 1.2 0.8 2.6
2004.0740 11.1922 -50.072 -4.5 1.2 0.9 2.7
2004.0767 12.9891 -50.8491 -1.6 1.2 0.9 2.7
2004.0795 10.9355 -51.4043 -13.3 1.2 0.9 2.7
2004.0822 5.80147 -54.735 -13.8 1.3 0.9 2.8
2004.0849 14.5293 -59.8421 -11.4 1.2 0.9 2.7
2004.0877 10.2167 -52.2925 -10.6 1.5 1.2 3.4
2004.0904 6.93096 -53.7358 -6.3 1.2 0.9 2.7
2004.0932 6.4689 -53.8468 -12.7 1.2 0.9 2.7
2004.0959 7.85509 -53.6248 -14 1.3 0.9 2.8
2004.0986 10.8328 -58.0657 -13 1.2 0.9 2.6
2004.1014 5.44209 -53.6248 -8 1.2 0.9 2.6
2004.1041 8.93324 -53.9578 -5.6 1.2 0.9 2.7
2004.1068 7.29034 -55.8452 -10.4 1.2 0.9 2.6
2004.1096 12.1163 -57.1775 -12 1.2 0.9 2.7
2004.1123 11.3462 -57.1775 -7.8 1.2 0.9 2.7
2004.1151 15.5562 -58.9539 -5.2 1.4 0.9 2.8
2004.1178 11.5003 -54.624 -5.4 1.2 0.9 2.7
2004.1205 13.9646 -53.8468 -1.3 1.2 0.9 2.7
2004.1233 12.373 -56.1783 -5.9 1.3 1.0 2.9
2004.3863 15.4535 -58.5098 0 1.3 1.0 2.9
2004.3890 16.2749 -57.2886 -6.2 1.2 0.9 2.8
2004.3918 16.891 -57.5106 1 1.2 0.9 2.7
2004.3945 15.2995 -56.4004 -2.6 1.2 0.9 2.7
2004.3973 13.0405 -59.065 2.1 1.2 0.9 2.7
2004.4000 11.1922 -59.398 0.8 1.2 0.9 2.7
2004.4027 13.6566 -58.3988 -4.4 1.2 0.9 2.7
2004.4055 14.4267 -58.0657 -3.4 1.2 0.9 2.7
2004.4082 12.7838 -61.6185 -7.4 1.2 0.9 2.7
2004.4110 15.6075 -57.8437 -0.3 1.2 0.9 2.7
2004.4137 14.1186 -57.2886 5 1.2 0.9 2.7
2004.4164 14.2213 -59.8421 3.7 1.2 0.9 2.7
2004.4192 11.2436 -58.7319 6.5 1.1 0.9 2.7
2004.4219 14.2213 -59.6201 3 1.1 0.9 2.7
2004.4247 15.0941 -60.3972 -2.7 1.1 0.9 2.7
2004.4274 13.9133 -56.9555 2.5 1.2 0.9 2.7
2004.4301 14.786 -58.9539 -0.2 1.2 0.9 2.7
2004.4329 16.0696 -58.2878 -4.6 1.1 0.9 2.7
2004.4356 15.7102 -58.7319 -3.3 1.2 0.9 2.6
2004.4384 12.1677 -59.287 0.3 1.1 0.9 2.7
2004.4411 15.7615 -60.3972 -2.5 1.2 0.9 2.7
2004.4438 14.632 -57.9547 1.5 1.1 0.9 2.7
2004.4466 13.5539 -60.7303 -2.6 1.2 0.9 2.6
2004.4493 14.786 -61.1744 -1.2 1.1 0.9 2.7
2004.4521 14.8887 -61.1744 -0.2 1.2 0.9 2.7
2004.4548 16.7883 -60.2862 -2.7 1.2 0.9 2.7
2004.4575 12.219 -59.6201 2 1.2 0.9 2.7
2004.4603 17.8151 -61.8406 1.9 1.1 0.9 2.7
2004.4630 18.0718 -59.509 -2.1 1.2 0.9 2.7
2004.4712 23.1545 -54.0689 -3 1.7 1.5 4.0
2004.4740 15.9669 -59.8421 -0.3 1.1 0.9 2.6
2004.4767 14.5293 -61.3965 -1.6 1.1 0.9 2.7
2004.4795 14.0159 -63.1729 2.6 1.1 0.9 2.7
2004.4822 13.9133 -62.8398 -1.1 1.2 0.9 2.7
2004.4849 16.6856 -60.3972 5.2 1.2 0.9 2.7
2004.4877 16.0696 -59.287 1.8 1.1 0.9 2.6
2004.4904 17.9692 -58.6209 -8.1 1.1 0.9 2.6
2004.4932 17.5071 -58.3988 2.6 1.1 0.9 2.6
2004.4959 17.6098 -59.065 -0.4 1.2 0.9 2.7
2004.4986 16.9423 -59.509 3.9 1.2 1.0 2.8
2004.5014 16.9937 -62.1736 -3.3 1.1 0.9 2.6
2004.5041 19.458 -63.95 11.4 1.3 1.0 2.9
2004.5068 16.4289 -60.8413 -0.9 1.1 0.9 2.7
2004.5096 16.737 -64.2831 -1.8 1.1 0.9 2.7
2004.5123 16.2236 -61.5075 -2 1.1 0.9 2.7
2004.5151 12.1163 -60.8413 1.4 1.2 0.9 2.7
2004.5178 14.2213 -59.065 4.4 1.2 0.9 2.7
2004.5205 15.7615 -60.9524 -7.6 1.1 0.9 2.7
2004.5233 16.737 -61.2854 -3.3 1.1 0.9 2.6
2004.5260 17.0964 -63.3949 -5.5 1.1 0.9 2.6
2004.5288 11.6029 -60.6193 -6 1.1 0.9 2.6
2004.5315 12.6298 -59.9531 4.3 1.1 0.9 2.6
2004.5342 13.9646 -61.2854 9.1 1.1 0.9 2.6
2004.5370 18.6879 -61.5075 1.3 1.1 0.9 2.6
2004.5397 15.2481 -60.8413 -1.1 1.2 0.9 2.7
2004.5425 17.199 -60.7303 -2.3 1.2 0.9 2.8
2004.5452 16.6856 -59.176 2.3 1.2 0.9 2.7
2004.5479 12.5271 -62.3957 6.2 1.2 0.9 2.6
2004.5507 13.7079 -60.7303 -1 1.2 0.9 2.8
2004.5534 14.3753 -60.3972 -8.9 1.2 0.9 2.7
2004.5562 15.7102 -62.5067 -5.2 1.2 0.9 2.6
2004.5589 13.5539 -62.3957 1.9 1.1 0.9 2.7
2004.5616 13.3485 -62.1736 4.8 1.2 0.9 2.6
2004.5644 14.5293 -60.3972 2.6 1.2 0.9 2.7
2004.5671 10.3708 -64.5051 -8.9 1.7 1.1 3.0
2004.5699 16.4803 -60.9524 -21.1 1.1 0.9 2.6
2004.5726 15.4021 -62.3957 -4.3 1.6 1.1 3.3
2004.5753 15.6075 -61.2854 2.7 1.1 0.9 2.6
2004.5781 17.4558 -61.1744 -9.1 1.1 0.9 2.6
2004.5808 16.3263 -62.1736 -0.4 1.1 0.9 2.6
2004.5836 19.9201 -61.1744 -8.9 1.2 0.9 2.6
2004.5863 13.7592 -61.3965 -15.5 1.1 0.9 2.6
2004.5890 17.1477 -64.1721 14.8 2.0 1.8 4.7
2004.6000 20.2281 -62.7288 -6 1.2 0.9 2.8
2004.6027 25.3622 -63.0618 -5 1.2 0.9 2.6
2004.6055 19.3553 -64.5051 -1.3 1.1 0.9 2.6
2004.6082 17.9178 -60.6193 -5.7 1.2 0.9 2.7
2004.6110 16.3776 -60.1752 -4 1.6 1.4 3.8
2004.6356 19.5607 -61.1744 3.2 1.5 1.1 3.3
2004.6384 15.7615 -63.839 -7.9 1.2 0.9 2.7
2004.6411 21.2036 -61.3965 -5.6 1.2 0.9 2.7
2004.6438 16.6343 -61.3965 -7.1 1.2 0.9 2.7
2004.6466 16.2236 -62.5067 -2.1 1.2 0.9 2.7
2004.6493 16.0182 -63.0618 -0.5 1.2 0.9 2.7
2004.6521 14.5807 -65.6154 -2 1.2 0.9 2.7
2004.6548 15.9669 -64.7272 -5.2 1.2 0.9 2.7
2004.6575 16.4803 -64.8382 -5.2 1.2 0.9 2.7
2004.6603 15.5048 -65.2823 -11 1.2 0.9 2.7
2004.6630 14.8887 -64.6162 -9.1 1.2 0.9 2.7
2004.6658 12.219 -66.5036 -3.8 1.3 0.9 2.8
2004.6685 14.8374 -62.8398 2.5 1.2 0.9 2.7
2004.6712 18.8419 -62.9508 -7 1.2 0.9 2.6
2004.6740 20.9982 -63.6169 -4.3 1.2 0.9 2.7
2004.6767 16.8397 -63.2839 -1.9 1.2 0.9 2.6
2004.6795 18.1232 -64.061 -0.2 1.2 0.9 2.7
2004.6822 14.0159 -61.7295 -0.2 1.2 0.8 2.6
2004.6849 12.4757 -61.5075 2.6 1.2 0.8 2.6
2004.6877 14.632 -62.7288 -6.1 1.2 0.9 2.6
2004.6904 15.7615 -64.7272 -1.1 1.2 0.8 2.6
2004.6932 16.4289 -63.5059 0.8 1.2 0.9 2.7
2004.6959 15.8642 -64.7272 1.4 1.2 0.8 2.7
2004.6986 18.7393 -64.9492 -1.7 1.2 0.9 2.6
2004.7014 14.632 -64.6162 -5.9 1.2 0.9 2.6
2004.7041 20.5875 -63.728 -12.2 1.2 0.9 2.7
2004.7068 16.4803 -63.95 -3.9 1.2 0.9 2.6
2004.7096 19.3553 -64.5051 -0.8 1.2 0.9 2.6
2004.7123 19.8174 -62.6177 -2 1.2 0.8 2.6
2004.7151 21.3576 -63.728 -3.9 1.2 0.9 2.6
2004.7178 20.2281 -63.3949 -0.3 1.2 0.9 2.6
2004.7205 16.4803 -64.8382 -0.4 1.2 0.9 2.6
2004.7233 16.2236 -63.2839 2.5 1.2 0.9 2.7
2004.7260 20.5875 -62.0626 -4.7 1.2 0.8 2.6
2004.7288 17.045 -61.6185 -11.5 1.2 0.8 2.6
2004.7315 16.7883 -63.1729 -11.8 1.2 0.8 2.6
2004.7342 17.045 -63.95 -13.5 1.2 0.9 2.6
2004.7370 19.15 -66.6146 -6.8 1.4 0.9 2.8
2004.7397 16.7883 -66.6146 -5.7 1.2 0.9 2.6
2004.7425 14.17 -65.0603 0 1.3 0.9 2.8
2004.7452 13.6052 -64.6162 -8.2 1.2 0.8 2.6
2004.7479 19.6121 -64.061 -3.2 1.2 0.9 2.6
2004.7507 17.7638 -65.0603 -5.4 1.2 0.9 2.7
2004.7534 17.5071 -64.1721 -5.6 1.2 0.9 2.7
2004.7562 20.9982 -65.3933 3.1 1.1 0.8 2.6
2004.7589 15.9669 -65.3933 -3.8 1.2 0.8 2.6
2004.7616 16.2749 -65.7264 -3 1.2 0.9 2.6
2004.7644 15.7615 -67.0587 -5.7 1.2 0.9 2.7
2004.7671 16.2236 -65.7264 -1.8 1.2 0.9 2.7
2004.7699 12.5784 -67.6138 3.9 1.2 0.9 2.7
2004.7726 13.9133 -66.8367 1.3 1.2 0.9 2.7
2004.7753 11.6543 -65.3933 2.4 1.3 0.9 2.7
2004.7781 14.632 -65.9485 -2.1 1.2 0.9 2.7
2004.7808 13.9133 -65.0603 -4.4 1.2 0.9 2.7
2004.7836 15.6588 -66.3926 -2.4 1.2 0.8 2.7
2004.7863 16.0696 -64.6162 2.1 1.2 0.9 2.8
2004.7890 15.6075 -66.8367 8.4 1.2 0.8 2.6
2004.7918 17.6098 -66.0595 4.3 1.2 0.9 2.7
2004.7945 18.3285 -66.6146 2.7 1.1 0.8 2.6
2004.7973 15.4021 -65.3933 -1.2 1.1 0.8 2.7
2004.8000 19.0473 -66.2815 -2.4 1.2 0.9 2.7
2004.8027 13.6052 -64.9492 -4.4 1.2 0.9 2.7
2004.8055 14.2213 -65.2823 -1.1 1.2 0.9 2.7
2004.8082 15.9155 -65.5044 -3.5 1.2 0.9 2.7
2004.8110 16.3263 -65.6154 -4.8 1.2 0.9 2.7
2004.8137 14.2213 -67.3918 -5.5 1.1 0.8 2.7
2004.8164 12.373 -64.6162 -5.9 1.2 0.8 2.7
2004.8192 12.8351 -64.7272 -4.8 1.2 0.9 2.7
2004.8219 13.2458 -66.1705 -1.1 1.2 0.9 2.8
2004.8247 16.6856 -67.0587 -2.2 1.2 0.8 2.7
2004.8274 17.199 -64.7272 -10.4 1.1 0.8 2.7
2004.8301 13.5025 -67.8359 -10.2 1.1 0.8 2.7
2004.8329 15.7102 -64.7272 -11.7 1.2 0.8 2.8
2004.8356 14.478 -66.6146 -8.1 1.2 0.9 2.7
2004.8384 13.2458 -66.5036 -3.9 1.2 0.8 2.7
2004.8411 17.9692 -66.9477 -5 1.2 0.9 2.7
2004.8438 13.3999 -66.9477 -5.4 1.2 0.8 2.8
2004.8466 14.1186 -65.8374 -10.5 1.2 0.9 2.7
2004.8493 14.632 -65.7264 -8.5 1.1 0.8 2.7
2004.8521 14.7347 -65.0603 -9 1.2 0.9 2.7
2004.8548 15.0941 -66.3926 -7.7 1.2 0.9 2.7
2004.8575 13.2972 -69.7233 -1.4 1.7 1.1 3.5
2004.8603 17.5071 -66.1705 -8 1.5 1.1 3.2
2004.8630 14.0673 -69.5012 -10.9 1.7 1.1 3.4
2004.8658 15.5562 -66.8367 -4 1.2 0.8 2.6
2004.8685 11.2949 -68.502 3.6 1.2 0.9 2.7
2004.8712 15.9155 -69.2792 2.9 1.2 0.9 2.7
2004.8740 12.8351 -69.1682 1.3 1.1 0.9 2.7
2004.8767 14.8887 -69.2792 4.1 1.2 0.9 2.7
2004.8795 17.2504 -66.9477 -4.5 1.1 0.9 2.7
2004.8822 16.1722 -69.8343 -1.7 1.2 0.9 2.7
2004.8849 13.2458 -69.7233 -5.3 1.2 0.9 2.7
2004.8877 15.4535 -68.8351 -3.8 1.3 0.9 2.9
2004.8904 15.2995 -68.8351 -4.1 1.2 0.9 2.7
2004.8932 20.6902 -70.8335 4.5 1.2 0.9 2.7
2004.8959 12.6811 -68.502 -6.1 1.2 0.9 2.7
2004.8986 14.5293 -69.9453 2.4 1.2 0.9 2.7
2004.9014 21.2549 -73.7202 0.8 1.2 0.9 2.7
2004.9041 16.2236 -68.391 1 1.2 0.8 2.7
2004.9068 17.045 -68.613 -1.2 1.2 0.8 2.7
2004.9096 11.5003 -66.8367 -4 1.1 0.8 2.7
2004.9123 22.0251 -70.8335 -2.7 1.2 0.8 2.6
2004.9151 17.3017 -69.5012 0.4 1.2 0.8 2.7
2004.9178 15.5048 -70.9446 -5.7 1.2 0.8 2.6
2004.9205 14.0159 -68.613 -2.1 1.2 0.9 2.8
2004.9233 13.9646 -68.9461 -3 1.3 0.9 2.8
2004.9260 17.2504 -66.8367 -8.3 1.6 1.2 3.7
2004.9315 23.6679 -73.054 -10.8 4.2 2.8 6.6
2004.9342 11.7056 -66.9477 -8.8 1.2 0.9 2.7
2004.9370 12.4244 -67.0587 -3.6 1.2 0.9 2.7
2004.9397 9.652 -68.391 1 1.2 0.9 2.7
2004.9425 7.49571 -69.5012 -6.6 1.2 0.9 2.6
2004.9452 14.9401 -68.9461 -4.9 1.2 0.9 2.7
2004.9479 16.2236 -68.613 -1.8 1.2 0.9 2.7
2004.9507 13.5539 -69.6123 -2.2 1.2 0.9 2.7
2004.9534 15.4535 -67.8359 -6.5 1.2 0.9 2.7
2004.9562 16.4803 -68.28 -6.1 1.2 0.9 2.7
2004.9589 15.6075 -67.3918 -9.3 1.2 0.9 2.7
2004.9616 15.8129 -69.1682 -13.2 1.2 0.9 2.7
2004.9644 16.6856 -69.3902 -7.1 1.2 0.8 2.6
2004.9671 16.2749 -69.2792 -5.1 1.1 0.8 2.6
2004.9699 16.9937 -67.5028 -3.6 1.1 0.8 2.6
2004.9726 16.6856 -66.1705 -4.3 1.2 0.9 2.6
2004.9753 17.1477 -70.9446 -8.1 1.3 0.9 3.0
2004.9781 15.4021 -68.7241 -8.1 1.2 0.9 2.7
2004.9808 16.4289 -70.3894 -8 1.1 0.8 2.6
2004.9836 16.8397 -70.0564 -1.5 1.1 0.8 2.6
2004.9863 20.4335 -70.5005 2.1 1.1 0.8 2.6
2004.9890 17.7125 -69.2792 -3.6 1.2 0.9 2.8
2004.9918 19.458 -70.6115 -4.5 1.2 0.9 2.7
2004.9945 17.1477 -68.613 -6.4 1.2 0.9 2.7
2004.9973 18.2259 -67.1697 -1.2 1.2 0.9 2.7
2005.0027 19.2013 -72.1658 2.7 1.2 0.9 2.8
2005.0055 19.9714 -71.9438 4.6 1.3 0.9 2.9
2005.0082 18.4312 -70.6115 6.1 1.2 0.9 2.7
2005.0110 21.3063 -71.0556 -4.1 1.2 0.9 2.7
2005.0137 16.1209 -69.8343 -0.3 1.2 0.9 2.7
2005.0164 21.2549 -67.0587 -0.4 1.2 0.9 2.8
2005.0192 22.8465 -74.3863 -13 1.2 0.9 2.8
2005.0219 17.8151 -70.7225 -12.8 1.1 0.9 2.7
2005.0247 17.4558 -72.4989 -14.3 1.1 0.9 2.6
2005.0274 24.0273 -66.8367 -0.6 1.7 1.4 4.1
2005.0411 21.0496 -73.6091 -1 1.1 0.9 2.6
2005.0438 20.1255 -77.606 -14 1.1 0.8 2.6
2005.0466 18.8933 -71.4997 -2.6 1.3 0.9 2.8
2005.0493 17.8151 -74.3863 -6.1 1.1 0.9 2.7
2005.0521 16.3263 -73.2761 -2.1 1.1 0.9 2.6
2005.0548 20.3308 -75.3855 -2.7 1.1 0.9 2.7
2005.0575 22.5385 -75.4966 -3.5 1.2 0.9 2.7
2005.0603 20.6902 -73.7202 -0.4 1.1 0.9 2.7
2005.0630 16.4803 -72.1658 2.1 1.1 0.8 2.6
2005.0658 15.8642 -74.8304 -1.7 1.1 0.9 2.6
2005.0685 21.6657 -72.7209 -5.2 1.1 0.9 2.6
2005.0712 20.3308 -74.9414 -14.6 1.4 1.0 2.9
2005.0740 24.0787 -72.2768 -5.6 1.1 0.9 2.6
2005.0767 21.6143 -73.8312 -6.9 1.2 0.9 2.7
2005.0795 15.7615 -72.2768 -0.7 1.6 1.3 3.7
2005.0822 16.0182 -71.0556 -11.8 1.1 0.9 2.7
2005.0849 16.8397 -73.4981 -11.2 1.2 0.9 2.6
2005.0877 20.2281 -72.4989 -18.3 1.4 1.0 3.0
2005.0904 18.3799 -72.7209 -8.8 1.1 0.9 2.6
2005.0932 19.0473 -71.9438 -8.2 1.3 0.9 2.7
2005.0959 17.8665 -71.8328 -9.6 1.1 0.9 2.7
2005.0986 16.7883 -73.2761 -11.7 1.1 0.8 2.6
2005.1014 17.9692 -74.9414 -12.8 1.2 0.9 2.7
2005.1041 17.5071 -70.3894 -17.2 1.1 0.9 2.7
2005.1068 17.7638 -72.832 -3.5 1.2 0.9 2.7
2005.1096 18.996 -71.6107 -5.1 1.2 0.9 2.7
2005.1123 18.5339 -72.832 -6.3 1.1 0.8 2.6
2005.1151 20.0228 -72.6099 -6.9 1.1 0.8 2.6
2005.1178 15.5048 -75.3855 -9.8 1.2 0.9 2.7
2005.1205 18.2772 -71.9438 -5 1.1 0.8 2.6
2005.1233 20.8956 -73.054 -1.7 1.1 0.8 2.6
2005.1260 22.2304 -73.4981 -1.7 1.3 0.9 3.0
2005.1288 15.7102 -70.8335 -8.7 1.2 0.9 2.6
2005.1315 16.1209 -71.7217 -12.2 1.2 0.9 2.7
2005.1342 19.0473 -72.832 -8.4 1.2 0.9 2.7
2005.1370 19.6121 -73.9422 -9.6 1.2 1.0 2.8
2005.1397 20.4848 -73.6091 -2.9 1.2 0.9 2.7
2005.1425 17.3531 -73.6091 -10.3 1.1 0.9 2.7
2005.1452 18.1745 -74.2753 -12.5 1.1 0.9 2.6
2005.1479 16.0696 -72.2768 -11.3 1.2 0.9 2.7
2005.1507 14.7347 -72.7209 -8.1 1.2 0.9 2.7
2005.1534 17.2504 -73.9422 -11.8 1.2 0.9 2.7
2005.1562 18.3799 -73.7202 -5.2 1.2 0.9 2.7
2005.1589 21.1009 -73.4981 -6.6 1.2 0.9 2.7
2005.1616 20.1255 -72.7209 -8.6 1.2 0.9 2.7
2005.1644 18.3285 -71.6107 -11.5 1.2 0.9 2.7
2005.1671 15.4535 -73.9422 -13.8 1.2 0.9 2.7
2005.1699 17.0964 -74.2753 -12.8 1.2 0.9 2.7
2005.1726 22.4358 -75.9407 -3.3 1.2 0.9 2.7
2005.1753 20.9469 -75.4966 2.5 1.2 0.9 2.7
2005.1781 17.045 -72.2768 -2.6 1.2 0.9 2.7
2005.1808 17.045 -72.6099 -5.3 1.2 0.9 2.7
2005.1836 16.4289 -72.0548 -4.9 1.2 0.9 2.7
2005.1863 13.7079 -74.4973 -5.8 1.2 0.9 2.8
2005.1890 19.2013 -72.832 -10.3 1.4 1.0 3.0
2005.1918 17.6611 -73.4981 -7.2 1.2 0.9 2.7
2005.1945 18.1745 -73.9422 -13.3 1.2 0.9 2.6
2005.1973 19.0473 -75.1635 -2.4 1.2 0.9 2.6
2005.2000 20.3308 -76.7178 4 1.2 0.9 2.6
2005.2027 20.0228 -75.6076 3.1 1.2 0.9 2.7
2005.2055 20.3822 -75.4966 -3.2 1.2 0.9 2.7
2005.2082 18.6879 -74.0532 -5.2 1.2 0.9 2.6
2005.2110 16.4289 -74.3863 -9.7 1.2 0.9 2.7
2005.2137 20.9469 -74.9414 -3.7 1.2 0.9 2.6
2005.2164 14.9401 -75.1635 -3.7 1.2 0.9 2.6
2005.2192 21.6657 -75.8296 -7.9 1.2 0.9 2.6
2005.2219 21.9737 -73.8312 -10.6 1.2 0.9 2.6
2005.2247 27.8265 -75.1635 -15.1 1.2 0.9 2.6
2005.2274 21.2549 -75.4966 -12.5 1.2 0.9 2.7
2005.2301 20.3308 -74.4973 -6.8 1.2 0.9 2.6
2005.2329 17.3531 -73.8312 -7.3 1.2 0.9 2.7
2005.2356 18.5852 -74.9414 -5.4 1.2 0.9 2.7
2005.2384 20.0741 -73.8312 -10.3 1.2 0.9 2.7
2005.2411 18.1232 -74.4973 -8.2 1.2 0.9 2.7
2005.2438 17.4558 -72.832 -9.3 1.2 0.9 2.7
2005.2466 17.5071 -74.6084 -5 1.2 0.9 2.7
2005.2493 16.2749 -75.2745 -2.4 1.2 0.9 2.6
2005.2521 20.0741 -75.2745 -5.5 1.2 0.9 2.7
2005.2548 21.6657 -75.7186 -6.7 1.2 0.9 2.7
2005.2575 21.9737 -72.943 -13.8 1.2 0.9 2.7
2005.2603 16.9937 -74.9414 -4.6 1.2 0.9 2.7
2005.2630 10.4735 -71.2776 0.7 1.2 0.9 2.6
2005.2658 15.1454 -70.7225 1.6 1.2 0.9 2.7
2005.2685 19.7147 -74.6084 -12.5 1.2 0.9 2.6
2005.2712 20.0228 -73.165 -10.2 1.2 0.9 2.6
2005.2740 24.7461 -73.9422 -7.7 1.2 0.9 2.6
2005.2767 23.7706 -77.0509 -8.7 1.5 1.1 3.1
2005.4685 30.8556 -78.1611 7.7 1.4 1.1 3.4
2005.4712 27.3131 -78.7163 -1.5 1.1 0.9 2.7
2005.4740 34.5008 -79.8265 -5.4 1.6 1.3 3.7
2005.4767 27.2104 -82.047 6.3 1.3 1.0 2.8
2005.4795 25.6702 -80.3816 7.8 1.1 0.9 2.6
2005.4822 30.5989 -79.8265 3.7 1.1 0.9 2.6
2005.4849 23.4112 -77.2729 1.3 1.1 0.9 2.7
2005.4877 24.5921 -79.9375 -1 1.2 0.9 2.7
2005.4904 26.4917 -78.9383 9.2 1.2 0.9 2.7
2005.4932 21.6657 -79.7155 2.4 1.2 0.9 2.7
2005.4959 24.284 -79.8265 4.1 1.2 0.9 2.7
2005.4986 23.6166 -78.3832 0.8 1.1 0.9 2.7
2005.5014 21.9224 -79.4934 -3.5 1.1 0.9 2.7
2005.5041 26.4917 -78.7163 1 1.2 0.9 2.7
2005.5068 23.822 -81.3808 9.3 1.2 0.9 2.7
2005.5096 20.6902 -81.1588 11.8 1.1 0.9 2.7
2005.5123 28.5453 -82.6021 5 1.1 0.9 2.7
2005.5151 25.3108 -82.269 6.2 1.2 0.9 2.7
2005.5178 26.0296 -79.6045 -0.1 1.2 0.9 2.8
2005.5205 24.4894 -82.047 10.2 1.2 1.0 2.7
2005.5233 28.7507 -82.269 21.5 1.3 1.0 2.8
2005.5260 25.8242 -81.8249 10.5 1.1 0.9 2.6
2005.5288 25.9783 -83.2683 6.6 1.2 1.0 2.8
2005.5315 30.3935 -80.6037 7.1 1.1 0.9 2.7
2005.5342 27.3645 -82.9352 9.9 1.2 1.0 2.8
2005.5370 29.4694 -77.384 3 1.2 0.9 2.7
2005.5397 26.235 -84.7116 7.4 1.1 0.9 2.6
2005.5425 24.9515 -82.047 0.3 1.2 0.9 2.6
2005.5452 29.11 -82.6021 -2.6 1.2 0.9 2.7
2005.5479 29.2641 -80.0486 -8.7 1.1 0.9 2.7
2005.5507 25.2082 -81.3808 1.1 1.2 0.9 2.7
2005.5534 22.8978 -83.0462 3.4 1.2 0.9 2.7
2005.5562 31.3177 -83.1572 -2.5 1.1 0.9 2.7
2005.5589 27.1591 -80.7147 -6.5 1.1 0.9 2.7
2005.5616 27.9805 -81.1588 -2.3 1.2 1.0 2.8
2005.5644 24.1814 -86.1549 1.7 1.2 0.9 2.7
2005.5671 29.0587 -84.8226 6.4 1.3 1.0 2.8
2005.5699 30.7016 -79.0493 5 1.3 0.9 2.8
2005.5726 28.2372 -81.6029 -5.6 1.3 1.0 2.9
2005.5753 29.2641 -80.0486 -6.4 1.2 0.9 2.6
2005.5781 26.7484 -85.3777 1.7 1.2 0.9 2.7
2005.5808 26.9537 -86.71 -4 1.2 0.9 2.7
2005.5836 27.2104 -85.2667 5.5 1.2 0.9 2.8
2005.5863 30.1882 -84.0454 8.5 1.2 0.9 2.7
2005.5890 22.8465 -85.0446 -1.7 1.2 0.9 2.8
2005.5918 30.2909 -83.4903 3.8 1.2 0.9 2.8
2005.5945 27.1591 -81.2698 -3.2 1.2 0.9 2.8
2005.5973 24.1814 -83.4903 0.8 1.2 0.9 2.8
2005.6000 22.5385 -85.1557 4.6 1.2 0.9 2.8
2005.6027 23.976 -83.8234 2.3 1.2 0.9 2.7
2005.6055 30.907 -81.936 6.3 1.2 0.9 2.8
2005.6082 25.4135 -83.4903 -7.5 1.3 1.0 2.9
2005.6110 26.5944 -86.488 -2.7 1.3 1.0 3.0
2005.6137 27.9292 -86.821 -11.8 1.4 1.1 3.1
2005.6164 29.2127 -82.4911 -4.5 1.3 0.9 3.0
2005.6192 24.284 -83.1572 0.6 1.3 0.9 2.9
2005.6219 26.697 -85.7108 -3.4 1.3 0.9 2.9
2005.6247 22.4871 -83.4903 -6.3 1.3 0.9 2.9
2005.6274 26.1836 -83.0462 -6.9 1.3 0.9 2.8
2005.6301 29.2641 -83.9344 -6 1.3 0.9 2.8
2005.6329 24.0787 -83.9344 8.1 1.3 0.9 2.8
2005.6356 24.1814 -82.9352 0.8 1.2 0.9 2.8
2005.6384 23.0519 -83.7124 -2.7 1.2 0.9 2.8
2005.6411 27.8265 -84.6005 0.7 1.2 0.9 2.8
2005.6438 25.3108 -84.3785 -0.1 1.3 0.9 2.8
2005.6466 22.3844 -83.6013 3.7 1.7 1.1 3.3
2005.6493 24.6948 -83.2683 -5.6 1.8 1.4 4.2
2005.6521 16.1209 -85.7108 -5.7 1.8 1.3 3.7
2005.6548 23.6679 -84.4895 -4.6 1.3 0.9 2.8
2005.6575 25.7729 -84.3785 2.7 1.2 0.9 2.8
2005.6603 24.0273 -83.1572 6.5 1.2 0.9 2.8
2005.6630 19.3553 -84.6005 -0.4 1.3 0.9 2.8
2005.6658 17.1477 -82.3801 -4.7 1.4 1.0 3.0
2005.6685 21.409 -82.7131 -3.7 1.3 0.9 2.8
2005.6712 23.822 -84.2675 -3.4 1.4 1.0 3.0
2005.6740 23.6679 -83.9344 1.6 1.2 0.9 2.7
2005.6767 25.7216 -84.9336 3.5 1.2 0.9 2.8
2005.6795 26.5944 -84.2675 1.5 1.2 0.9 2.7
2005.6822 27.4158 -84.8226 -0.2 1.2 0.9 2.7
2005.6849 29.7775 -85.1557 -5.4 1.2 1.0 2.8
2005.6877 25.3622 -85.1557 0.5 1.3 0.9 2.9
2005.6904 28.0319 -84.8226 -2 1.3 1.0 2.9
2005.6932 24.6948 -82.158 -1 1.2 0.9 2.9
2005.6959 27.6212 -85.0446 8 1.6 1.1 3.2
2005.6986 22.3331 -85.4887 -3.3 1.3 0.9 2.8
2005.7014 23.8733 -83.0462 -8.1 1.3 1.0 3.0
2005.7041 25.1568 -84.8226 2 1.3 0.9 2.9
2005.7068 23.8733 -83.8234 -0.5 1.3 0.9 2.9
2005.7096 22.5898 -86.821 2.6 1.4 1.1 3.3
2005.7123 23.822 -85.4887 -2.7 1.2 0.9 2.8
2005.7151 26.9024 -84.8226 -2.1 1.2 0.9 2.7
2005.7178 25.6702 -84.4895 -6.6 1.2 0.9 2.8
2005.7205 25.1055 -85.2667 -2.5 1.3 0.9 2.8
2005.7233 25.4649 -85.2667 -1.5 1.5 1.1 3.3
2005.7260 28.802 -84.6005 3 1.2 0.9 2.7
2005.7288 24.7461 -84.3785 0.8 1.2 0.9 2.7
2005.7315 26.3377 -83.3793 8.7 1.9 1.2 4.0
2005.7342 24.4894 -83.8234 -5 1.2 0.9 2.8
2005.7370 24.6434 -83.9344 -3.3 1.2 0.9 2.8
2005.7397 25.5162 -85.3777 7.5 1.3 1.0 2.9
2005.7425 30.1368 -83.0462 -3.5 1.2 1.0 2.9
2005.7452 22.3331 -84.9336 -1.3 1.2 0.9 2.7
2005.7479 23.2059 -86.3769 -5.8 1.2 0.9 2.7
2005.7507 23.4626 -85.4887 -2.8 1.2 0.9 2.7
2005.7534 31.9338 -85.2667 10.6 1.2 0.9 2.8
2005.7562 28.6993 -85.8218 4.2 1.2 0.9 2.8
2005.7589 28.9047 -86.1549 -3.5 1.2 0.9 2.8
2005.7616 22.7438 -87.3762 -6.6 1.2 0.9 2.7
2005.7644 26.389 -87.2651 -0.6 1.2 0.9 2.7
2005.7671 24.5407 -86.599 4.9 1.3 1.0 2.8
2005.7699 26.1836 -86.3769 5.3 1.2 0.9 2.8
2005.7726 28.802 -85.4887 7.5 1.3 0.9 2.9
2005.7753 28.2886 -85.8218 1.8 1.2 0.9 2.7
2005.7781 21.871 -87.5982 2.3 1.2 0.9 2.8
2005.7808 22.8465 -87.8203 3.9 1.2 0.9 2.8
2005.7836 28.2886 -87.7092 6.4 1.2 0.9 2.8
2005.7863 18.1745 -87.4872 10.6 1.2 0.9 2.7
2005.7890 27.9805 -88.0423 6.8 1.5 1.1 3.3
2005.7918 27.8779 -87.8203 5.5 1.2 0.9 2.7
2005.7945 21.6657 -88.9305 1.7 1.9 1.3 3.9
2005.7973 23.976 -85.5998 12.5 1.2 0.9 2.8
2005.8000 22.7438 -87.3762 12.3 1.2 0.9 2.8
2005.8027 25.6189 -85.9328 5.9 1.4 1.0 3.1
2005.8055 21.6143 -89.3746 13.6 1.5 1.1 3.3
2005.8082 24.3867 -87.8203 7.3 1.2 0.9 2.8
2005.8110 24.7974 -88.1533 4.8 1.2 0.9 2.7
2005.8137 26.5944 -87.0431 6.2 1.2 0.9 2.7
2005.8164 24.3867 -88.7085 0.5 1.2 0.9 2.7
2005.8192 24.7974 -88.8195 -1.2 1.2 0.9 2.8
2005.8219 25.7729 -88.4864 0.3 1.2 0.9 2.7
2005.8247 27.2618 -85.1557 -6.1 1.2 0.9 2.8
2005.8274 28.0832 -89.0415 -2.2 1.2 0.9 2.7
2005.8301 23.4112 -89.2636 1.3 1.2 0.9 2.7
2005.8329 24.9001 -89.3746 6 1.3 0.9 2.9
2005.8356 31.061 -87.5982 7.9 1.2 0.9 2.9
2005.8384 28.9047 -88.2644 3.7 1.2 0.9 2.8
2005.8411 26.6457 -87.4872 -0.4 1.2 0.9 2.8
2005.8438 31.061 -88.4864 1.2 1.2 0.9 2.8
2005.8466 29.7261 -86.3769 2.2 1.3 0.9 2.9
2005.8493 29.0074 -86.2659 0.3 1.3 0.9 2.9
2005.8521 29.2641 -88.7085 2 1.3 0.9 2.8
2005.8548 29.3667 -89.5966 -2.8 1.3 0.9 2.9
2005.8575 27.3645 -89.2636 0.8 1.3 0.9 2.9
2005.8603 28.1859 -89.5966 -7.1 1.3 0.9 2.9
2005.8630 24.4381 -89.4856 -4 1.3 0.9 2.9
2005.8658 26.0809 -88.8195 0.8 1.3 0.9 2.8
2005.8685 23.2059 -89.9297 -5.2 1.3 0.9 2.9
2005.8712 31.061 -92.2612 -3.9 1.4 1.0 3.1
2005.8740 26.2863 -89.9297 -6.9 1.5 1.2 3.7
2005.8767 23.8733 -90.3738 -12.8 1.2 0.9 2.9
2005.8795 26.697 -90.9289 -13.1 1.2 0.9 2.7
2005.8822 25.5162 -89.7077 -7.3 1.5 1.1 3.3
2005.8849 25.5675 -92.3723 -9.1 1.2 0.9 2.7
2005.8877 28.1346 -92.4833 -12.5 1.2 0.9 2.7
2005.8904 26.5944 -90.7069 -12.4 1.2 0.9 2.7
2005.8932 27.3645 -89.2636 -10.5 1.2 0.9 2.7
2005.8959 24.9515 -89.5966 -6.4 1.2 0.9 2.7
2005.8986 26.1836 -90.8179 -8.2 1.2 0.9 2.7
2005.9014 26.0296 -92.0392 -10.2 1.2 0.9 2.7
2005.9041 27.5698 -89.3746 3.5 1.2 0.9 2.7
2005.9068 32.9092 -91.8171 2.2 1.2 0.9 2.7
2005.9096 33.4226 -91.151 -0.2 1.2 0.9 2.8
2005.9123 32.5498 -88.1533 -2 1.2 0.9 2.7
2005.9151 33.8334 -88.1533 -7.1 1.1 0.9 2.7
2005.9178 28.2886 -86.0439 -6.3 1.2 0.9 2.7
2005.9205 24.9515 -88.2644 -5.4 1.1 0.9 2.7
2005.9233 22.0251 -87.0431 -5.6 1.1 0.9 2.7
2005.9260 24.3354 -85.5998 -1.4 1.2 0.9 2.7
2005.9288 28.1346 -88.2644 -3.2 1.2 0.9 2.7
2005.9315 26.7484 -87.8203 4.6 1.2 0.9 2.8
2005.9342 20.2281 -87.7092 6.2 1.1 0.9 2.6
2005.9370 19.0986 -86.71 2.9 1.2 0.9 2.8
2005.9397 24.3354 -86.71 4.2 1.1 0.9 2.7
2005.9425 26.5944 -85.9328 1.2 1.2 0.9 2.7
2005.9452 26.7484 -87.2651 2 1.2 0.9 2.7
2005.9479 27.7238 -86.3769 5.6 1.1 0.9 2.7
2005.9507 26.7484 -84.3785 -0.4 1.1 0.9 2.6
2005.9534 27.8265 -89.9297 -2.1 1.1 0.9 2.7
2005.9562 28.648 -88.3754 -1.8 1.2 0.9 2.8
2005.9589 30.9583 -87.3762 1.6 1.1 0.9 2.8
2005.9616 27.0564 -88.1533 1.7 1.1 0.9 2.7
2005.9644 30.907 -90.9289 -3.5 1.1 0.9 2.6
2005.9671 28.7507 -89.0415 -12.2 1.2 0.9 2.9
2005.9699 25.1568 -90.0407 0.5 1.2 0.9 2.9
2005.9726 26.4917 -89.5966 3.1 1.2 0.9 2.9
2005.9753 23.822 -87.8203 2.3 1.2 0.9 2.9
2005.9781 24.2327 -90.1518 1.9 1.2 0.9 2.8
2005.9808 26.1836 -90.4848 9.2 1.1 0.9 2.7
2005.9836 26.7484 -89.3746 -0.4 1.2 0.9 2.7
2005.9863 31.9851 -89.5966 -0.1 1.2 0.9 2.7
2005.9890 33.1659 -92.7053 -0.1 1.2 0.9 2.8
2005.9918 26.9537 -89.1525 0.9 1.1 0.9 2.7
2005.9945 28.3913 -90.2628 0.1 1.1 0.9 2.8
2005.9973 33.32 -89.4856 -0.3 1.1 0.9 2.7
2006.0000 34.3981 -91.04 -3.1 1.1 0.9 2.8
2006.0027 32.8579 -92.2612 0 1.1 0.9 2.7
2006.0055 29.5721 -89.0415 -4 1.1 0.9 2.7
2006.0082 27.7238 -88.5974 -0.4 1.1 0.9 2.7
2006.0110 24.9515 -85.5998 -1.4 1.2 0.9 2.7
2006.0137 32.3958 -92.4833 1.8 1.1 0.9 2.7
2006.0164 29.11 -91.373 -5.7 1.1 0.9 2.7
2006.0192 32.2931 -91.5951 3.9 1.1 0.9 2.7
2006.0219 34.6035 -95.1479 1.6 1.2 0.9 2.7
2006.0247 35.0142 -96.1471 3.6 1.2 0.9 2.7
2006.0274 35.4249 -94.3707 1.4 1.1 0.9 2.7
2006.0301 33.782 -96.3691 0 1.1 0.9 2.7
2006.0329 30.3422 -91.5951 -0.7 1.1 0.9 2.7
2006.0356 29.4694 -90.0407 -1.3 1.1 0.9 2.7
2006.0384 30.7016 -91.5951 1.6 1.1 0.9 2.7
2006.0411 28.0319 -90.2628 -3.1 1.1 0.9 2.7
2006.0438 29.8288 -93.3715 5.9 1.1 0.9 2.7
2006.0466 28.3913 -91.5951 -2.1 1.2 0.9 2.8
2006.0493 26.6457 -90.9289 0.9 1.1 0.9 2.7
2006.0521 29.2127 -91.373 -1.9 1.2 0.9 2.8
2006.0548 27.9805 -91.9282 0.6 1.2 0.9 2.8
2006.0575 27.8265 -91.373 -0.1 1.1 0.9 2.7
2006.0603 26.9537 -92.3723 -2.3 1.1 0.9 2.7
2006.0630 30.1368 -92.4833 -2.1 1.1 0.9 2.7
2006.0658 28.956 -93.4825 -2.5 1.2 0.9 2.8
2006.0685 29.6748 -92.8164 -1 1.1 0.9 2.7
2006.0712 26.543 -93.0384 -5.6 1.1 0.9 2.6
2006.0740 25.1055 -91.8171 -1.7 1.1 0.9 2.6
2006.0767 27.2618 -92.9274 -6.6 1.1 0.9 2.6
2006.0795 28.5453 -92.5943 -3.9 1.1 0.9 2.6
2006.0822 26.9024 -91.7061 -7 1.1 0.9 2.6
2006.0849 26.1836 -92.2612 -10 1.1 0.9 2.7
2006.0877 21.9224 -90.9289 -9.7 1.1 0.9 2.6
2006.0904 36.041 -90.8179 -1.7 1.1 0.9 2.7
2006.0932 32.6525 -92.0392 2.4 1.1 0.8 2.6
2006.0959 27.6212 -92.7053 2.6 1.1 0.9 2.7
2006.0986 28.0832 -93.2604 2 1.1 0.9 2.7
2006.1014 29.7261 -90.7069 8.2 1.1 0.9 2.7
2006.1041 32.4985 -92.4833 8.8 1.1 0.9 2.7
2006.1068 33.2173 -91.5951 7.6 1.2 0.9 2.7
2006.1096 31.9851 -91.8171 10.6 1.2 0.9 2.8
2006.1123 29.6748 -93.2604 10.8 1.2 0.9 2.8
2006.1151 25.7216 -92.1502 10.1 1.1 0.9 2.7
2006.1178 27.9292 -92.4833 10.9 1.1 0.9 2.7
2006.1205 25.4135 -91.151 10.6 1.1 0.9 2.7
2006.1233 33.2173 -89.5966 20.1 1.2 0.9 2.7
2006.1260 32.3958 -90.8179 10.1 1.1 0.9 2.7
2006.1288 26.9537 -90.1518 8.6 1.1 0.9 2.6
2006.1315 25.8242 -89.5966 7.9 1.2 0.9 2.7
2006.1342 27.9805 -88.2644 11.3 1.2 0.9 2.7
2006.1370 31.6771 -90.5959 11.5 1.2 0.8 2.6
2006.1397 29.8801 -89.1525 8.5 1.2 0.8 2.6
2006.1425 32.6525 -89.0415 5.5 1.2 0.8 2.6
2006.1452 29.0587 -90.4848 3.6 1.2 0.8 2.6
2006.1479 19.8174 -91.262 2.5 1.2 0.8 2.6
2006.1507 27.5698 -91.151 12.2 1.1 0.8 2.6
2006.1534 31.6771 -93.1494 5.9 1.1 0.8 2.6
2006.1562 33.0119 -92.8164 2.9 1.2 0.9 2.7
2006.1589 33.6793 -92.1502 1.5 1.2 0.9 2.7
2006.1616 24.9515 -92.8164 1.2 1.2 0.8 2.7
2006.1644 33.5767 -92.2612 3.5 1.2 0.9 2.7
2006.1671 32.1391 -92.3723 5.5 1.1 0.8 2.6
2006.1699 33.628 -91.8171 0.7 1.2 0.9 2.7
2006.1726 32.7039 -92.5943 5.3 1.2 0.9 2.7
2006.1753 33.4226 -92.0392 2.6 1.9 1.4 4.1
2006.1781 32.8065 -92.3723 -7.1 1.1 0.8 2.6
2006.1808 31.3177 -92.2612 -5.5 1.2 0.9 2.6
2006.1836 30.1882 -93.0384 -6.1 1.2 0.8 2.6
2006.1863 31.6257 -91.373 -7.9 1.2 0.9 2.6
2006.1890 28.8533 -92.5943 -8.9 1.2 0.8 2.6
2006.2055 33.0632 -83.4903 0.4 1.3 1.0 3.0
2006.2082 31.9851 -84.9336 -1.6 1.2 0.9 2.7
2006.2110 34.2441 -86.3769 1 1.2 0.8 2.6
2006.2137 35.0142 -84.9336 -0.4 1.2 0.8 2.7
2006.2164 33.936 -85.3777 -9.7 1.2 0.9 2.7
2006.2192 31.369 -84.1565 -0.7 1.2 0.9 2.7
2006.2219 33.0119 -84.6005 -7.1 1.2 0.9 2.7
2006.2247 31.2663 -84.9336 -11.5 1.2 0.9 2.7
2006.2274 31.3177 -86.3769 -11 1.2 0.9 2.7
2006.2301 27.0051 -86.488 -9.1 1.2 0.9 2.7
2006.2329 33.0632 -86.71 -0.9 1.2 0.9 2.8
2006.2356 31.4204 -85.4887 -4 1.2 0.9 2.7
2006.2384 32.0364 -87.7092 -9 1.1 0.8 2.6
2006.2411 33.0119 -88.1533 -11 1.2 0.8 2.6
2006.2438 35.9897 -88.1533 -6.8 1.2 0.8 2.5
2006.2466 32.4985 -86.2659 -7.8 1.2 0.9 2.6
2006.2493 33.2686 -85.7108 -2.7 1.2 0.9 2.6
2006.2521 34.7061 -86.3769 -6.1 1.1 0.8 2.5
2006.2548 27.2618 -84.9336 -11.2 1.2 0.8 2.5
2006.2575 30.1882 -86.1549 -13.6 1.1 0.9 2.6
2006.2603 27.2618 -84.1565 -15.8 1.3 0.9 2.7
2006.2630 27.8779 -85.8218 -11.7 1.2 0.9 2.7
2006.2658 23.9246 -88.2644 -4.6 1.2 0.9 2.7
2006.2685 29.4181 -87.8203 -3.5 1.2 0.9 2.6
2006.2712 30.7529 -87.8203 -7.6 1.2 0.9 2.6
2006.2740 30.7529 -87.1541 -9.2 1.1 0.9 2.6
2006.2767 30.0855 -86.821 -8.7 1.2 0.9 2.6
2006.2795 39.2754 -87.7092 -9.8 1.2 0.9 2.7
2006.2822 28.5966 -88.2644 -12.7 1.2 0.9 2.6
2006.2849 29.4181 -86.3769 -13.5 1.3 0.9 2.7
2006.2877 29.2127 -85.3777 -9.1 1.2 0.9 2.6
2006.2904 32.0364 -85.2667 -6 1.2 0.9 2.6
2006.2932 33.5767 -86.1549 -10.9 1.1 0.9 2.6
2006.2959 35.1169 -86.599 -7 1.2 0.9 2.6
2006.2986 32.0364 -89.0415 -7.9 1.1 0.9 2.6
2006.3014 29.9315 -88.9305 -9.4 1.2 0.9 2.7
2006.3041 47.0792 -106.25 -4.7 1.2 0.9 2.6
2006.3068 49.3895 -107.361 -7 1.1 0.9 2.6
2006.3096 54.1642 -107.25 -0.9 1.1 0.9 2.6
2006.3123 52.8293 -105.806 -8.4 1.1 0.9 2.6
2006.3151 48.4654 -107.583 -12.2 1.2 0.9 2.6
2006.3178 48.0033 -106.361 -7.3 1.1 0.9 2.6
2006.3205 45.9497 -104.918 -5.5 1.2 0.9 2.6
2006.3233 50.0569 -105.806 -6.8 1.2 0.9 2.6
2006.3260 52.4186 -107.361 -2.5 1.1 0.9 2.6
2006.3288 53.8561 -106.805 -2.6 1.1 0.9 2.6
2006.3479 52.7266 -108.36 -2.7 1.1 0.9 2.7
2006.3507 53.4967 -108.471 -8.5 1.1 0.9 2.7
2006.3534 55.2423 -111.802 -7 1.2 0.9 2.8
2006.3562 53.7535 -111.913 -4.1 1.2 0.9 2.8
2006.3589 50.9297 -111.357 -2.2 1.2 0.9 2.9
2006.3616 47.952 -108.582 -0.5 1.2 0.9 2.9
2006.3644 54.2669 -109.248 3.9 1.3 1.0 3.0
2006.3671 55.2423 -109.692 -5.2 1.3 1.0 3.0
2006.3699 53.2914 -112.468 5.8 1.2 1.0 2.9
2006.3726 51.9052 -110.025 -3 1.2 0.9 3.0
2006.3753 47.4386 -108.36 -3.3 1.2 0.9 2.9
2006.3781 54.2155 -111.468 0.7 1.2 1.0 2.9
2006.3808 52.4186 -110.469 0.3 1.2 1.0 2.9
2006.3836 55.191 -116.131 -12.7 1.3 1.0 3.0
2006.3863 44.5122 -104.807 -9.8 1.2 1.0 2.9
2006.3890 55.2423 -116.798 -8 1.2 1.0 2.9
2006.3918 50.673 -113.134 -0.1 1.2 1.0 2.9
2006.3945 51.5458 -112.579 -2.4 1.2 1.0 2.9
2006.3973 48.5167 -108.804 -19 1.2 1.0 3.0
2006.4000 50.211 -110.802 -3.8 1.2 1.0 3.1
2006.4027 61.2492 -110.358 -12.8 1.2 1.0 3.0
2006.4055 56.4745 -110.691 -8.7 1.2 1.0 2.9
2006.4082 53.3941 -110.58 -9.2 1.2 1.0 2.9
2006.4110 57.2446 -112.912 -12.9 1.2 1.0 3.0
2006.4137 52.5213 -108.915 -14.4 1.2 1.0 2.9
2006.4164 51.0324 -108.915 -9.8 1.2 1.0 3.0
2006.4192 47.6439 -107.805 -7.2 1.2 1.0 3.1
2006.4219 50.1596 -109.581 3.7 1.2 1.0 3.1
2006.4247 50.827 -109.581 -4.3 1.2 1.0 3.1
2006.4274 49.2355 -110.247 0.6 1.2 1.0 3.1
2006.4301 51.1864 -111.246 -11.9 1.2 1.0 3.1
2006.4329 46.8225 -110.802 1.3 1.2 1.0 2.9
2006.4356 53.0347 -111.135 12.1 1.2 1.0 2.8
2006.4384 50.2623 -111.246 9.7 1.2 0.9 2.8
2006.4411 51.5458 -112.024 6.4 1.2 1.0 2.8
2006.4438 52.1619 -110.358 4.3 1.1 1.0 2.8
2006.4466 55.4477 -111.579 -1.1 1.2 0.9 2.8
2006.4493 51.8539 -110.025 -4.4 1.2 0.9 2.8
2006.4521 49.2355 -111.579 -7.6 1.2 0.9 2.9
2006.4548 50.7757 -111.357 -4.8 1.2 0.9 2.8
2006.4575 47.6953 -111.69 -5.2 1.2 1.0 3.0
2006.4603 47.4386 -109.137 -11.4 1.2 1.0 3.0
2006.4630 44.3068 -111.135 -1.6 1.2 1.0 3.0
2006.4658 52.0592 -113.356 1.9 1.2 1.0 3.0
2006.4685 53.8048 -112.246 2.5 1.2 1.0 3.0
2006.4712 51.9052 -113.689 10.8 1.2 1.0 3.1
2006.4740 49.0301 -114.244 10.9 1.2 1.0 3.0
2006.4767 49.6976 -114.799 7.9 1.2 0.9 3.0
2006.4795 52.1106 -118.463 8.7 1.2 0.9 3.0
2006.4822 47.7466 -116.798 10.1 1.2 0.9 3.0
2006.4849 53.7535 -110.691 1.5 1.2 0.9 2.9
2006.4877 53.4454 -113.578 16 1.2 0.9 2.9
2006.4904 51.2891 -113.578 -1.4 1.2 0.9 2.9
2006.4932 47.0279 -119.24 -23.1 1.3 0.9 2.9
2006.4959 43.4854 -117.797 -21.3 1.2 0.9 2.9
2006.4986 44.2041 -115.465 -9.8 1.2 0.9 2.8
2006.5014 42.8693 -118.574 -17.1 1.3 1.0 2.9
2006.5041 41.9451 -117.575 -18.3 1.2 1.0 2.9
2006.5068 43.0233 -115.909 -19.7 1.2 0.9 2.8
2006.5096 35.9897 -114.466 -12.7 1.2 0.9 2.9
2006.5123 35.3736 -115.798 -10.4 1.2 0.9 2.8
2006.5151 32.5498 -117.575 -11.5 1.2 0.9 2.9
2006.5178 37.0165 -122.127 -13.2 1.2 0.9 2.8
2006.5205 41.5858 -120.572 -1.9 1.2 1.0 2.9
2006.5233 37.6326 -120.239 9 1.2 0.9 2.8
2006.5260 42.0992 -116.131 -6.1 1.2 1.0 2.8
2006.5288 39.0187 -120.128 -6.8 1.2 0.9 2.8
2006.5315 40.2509 -115.798 -13 1.2 0.9 2.8
2006.5342 32.3958 -118.352 2.9 1.3 0.9 2.9
2006.5370 30.2395 -120.572 -0.4 1.2 0.9 2.9
2006.5397 38.5567 -120.794 11.1 1.2 0.9 2.9
2006.5425 31.2663 -118.463 11.6 1.3 0.9 2.9
2006.5452 32.8065 -118.13 1 1.2 0.9 2.8
2006.5479 37.5299 -116.576 -3.6 1.2 0.9 2.7
2006.5507 33.936 -115.576 0.2 1.2 0.9 2.7
2006.5534 34.9628 -114.244 13 1.2 0.9 2.7
2006.5562 35.1169 -118.796 7.5 1.3 0.9 2.8
2006.5589 35.3736 -117.464 12.3 1.2 0.9 2.7
2006.5616 41.0724 -114.466 4.1 1.3 0.9 2.7
2006.5644 34.2954 -118.352 5.2 1.2 0.9 2.7
2006.5671 36.041 -115.798 7.4 1.2 0.9 2.7
2006.5699 39.1728 -119.573 4.7 1.2 0.9 2.8
2006.5726 36.7598 -118.463 5.2 1.2 0.9 2.7
2006.5753 39.3268 -118.574 0.7 1.2 0.9 2.8
2006.5781 32.9092 -113.689 2.5 1.2 0.9 2.7
2006.5808 35.2195 -116.576 5.5 1.3 0.9 2.8
2006.5836 33.5253 -118.13 1.7 1.3 0.9 2.8
2006.5863 31.8311 -115.354 11.3 1.3 0.9 2.9
2006.5890 38.0433 -112.801 13.6 1.3 0.9 2.8
2006.5918 32.8065 -117.02 5.3 1.3 0.9 2.9
2006.6055 36.2464 -111.468 5.2 1.5 1.0 3.2
2006.6082 32.8065 -117.353 1.8 1.3 0.9 2.7
2006.6110 37.4785 -113.023 -7.5 1.3 0.9 2.8
2006.6137 30.3422 -115.354 3.9 1.3 0.9 2.8
2006.6164 32.8065 -115.021 -5.2 1.3 0.9 2.8
2006.6192 34.5008 -117.797 0.3 1.3 0.9 2.7
2006.6219 33.4226 -119.573 4 1.3 0.9 2.8
2006.6247 33.5767 -117.02 -4.8 1.3 0.9 2.8
2006.6274 35.7843 -114.466 1.3 1.3 0.9 2.7
2006.6301 35.5789 -117.464 2.7 1.2 0.9 2.9
2006.6329 28.8533 -115.465 -5.3 1.3 0.9 2.8
2006.6356 34.3468 -116.02 -4.2 1.3 0.9 2.7
2006.6384 34.9115 -115.354 2.9 1.3 0.9 2.8
2006.6411 33.9874 -117.797 0.4 1.3 0.9 2.8
2006.6438 38.2486 -119.129 0 1.3 0.9 2.8
2006.6466 40.9183 -116.465 1.8 1.3 0.9 2.7
2006.6493 40.0456 -116.798 2.1 1.3 0.9 2.8
2006.6521 38.4027 -118.463 4.4 1.3 0.9 2.9
2006.6548 34.3468 -116.909 0.3 1.4 0.9 3.0
2006.6575 36.5031 -119.906 -1.7 1.3 0.9 3.0
2006.6603 36.9651 -117.464 -4.4 1.3 0.9 3.0
2006.6630 36.9138 -118.907 3 1.4 0.9 3.0
2006.6658 45.2309 -116.242 -1.1 1.3 0.9 2.9
2006.6685 40.5076 -117.02 0.3 1.3 0.9 3.0
2006.6712 39.4808 -119.684 4.4 1.3 0.9 3.0
2006.6740 38.146 -116.909 4.6 1.4 1.0 3.2
2006.6767 35.8356 -119.351 12.8 1.4 1.0 3.1
2006.6795 35.887 -117.575 8.2 1.4 0.9 3.0
2006.6822 44.4095 -121.461 -4 1.2 0.9 2.9
2006.6849 45.1796 -122.127 -8.2 1.3 0.9 2.9
2006.6877 42.4072 -117.464 0.8 1.4 1.0 3.0
2006.6904 41.6371 -116.576 13.4 1.3 0.9 2.8
2006.6932 40.4049 -117.575 -1.2 1.3 0.9 2.8
2006.6959 35.9897 -118.241 -3.8 1.3 0.9 2.9
2006.6986 40.4563 -122.238 6.3 1.3 1.0 2.9
2006.7014 39.8915 -120.128 10.7 1.2 0.9 2.7
2006.7041 44.6662 -119.573 3.1 1.3 1.0 2.9
2006.7068 44.4095 -120.683 3.6 1.2 0.9 2.8
2006.7096 39.7888 -121.017 1.4 1.2 0.9 2.7
2006.7123 42.8693 -119.351 -3.6 1.2 0.9 2.7
2006.7151 37.6839 -119.24 4.1 1.2 0.9 2.7
2006.7178 38.4027 -118.796 -1.1 1.2 0.9 2.7
2006.7205 39.8915 -122.571 -8.3 1.2 0.9 2.7
2006.7233 41.6884 -122.904 -1.9 1.3 0.9 2.8
2006.7260 38.762 -123.57 -1.1 1.3 0.9 2.9
2006.7288 40.3536 -123.015 -0.9 1.2 0.9 2.8
2006.7315 45.2309 -122.46 -7.2 1.3 0.9 2.9
2006.7342 37.9406 -121.905 3.6 1.2 0.9 2.7
2006.7370 39.3268 -122.682 3.2 1.2 0.9 2.7
2006.7397 39.0187 -123.459 0.1 1.2 0.9 2.7
2006.7425 36.041 -123.015 -1.7 1.2 0.9 2.7
2006.7452 35.3736 -122.571 0.7 1.2 0.9 2.8
2006.7479 42.8179 -126.124 -2 1.2 0.9 2.7
2006.7507 39.2754 -122.682 2 1.2 0.9 2.7
2006.7534 41.1237 -122.904 3.1 1.2 0.9 2.8
2006.7562 43.28 -124.014 12 1.2 0.9 2.8
2006.7589 47.6439 -123.903 2.7 1.2 0.9 2.8
2006.7616 47.3872 -123.903 2.8 1.2 0.9 2.8
2006.7644 45.5903 -124.236 6.6 1.2 0.9 2.8
2006.7671 45.4363 -123.348 8.3 1.2 0.9 2.8
2006.7699 46.6171 -124.014 1.5 1.2 0.9 2.8
2006.7726 41.8425 -124.014 2.2 1.2 0.9 2.7
2006.7753 47.8493 -124.347 5.2 1.2 0.9 2.7
2006.7781 50.827 -123.792 6.7 1.2 0.9 2.8
2006.7808 52.624 -124.68 6.4 1.2 0.9 2.8
2006.7973 51.4945 -122.904 17.3 1.2 0.9 2.7
2006.8000 52.2132 -123.792 16.2 1.2 0.9 2.7
2006.8027 50.1596 -122.016 6.4 1.2 0.9 2.8
2006.8055 48.8248 -123.126 3.1 1.2 0.9 2.7
2006.8082 48.3114 -123.903 0.3 1.2 0.9 2.7
2006.8110 51.1864 -124.125 -1 1.2 0.9 2.7
2006.8137 52.1106 -127.678 -8.7 1.2 0.9 2.7
2006.8164 48.5681 -127.678 -8.6 1.3 0.9 2.9
2006.8192 37.1191 -135.783 3.4 1.3 0.9 2.9
2006.8219 51.6998 -123.348 -0.1 1.2 0.9 2.7
2006.8247 50.9297 -123.903 -5.4 1.2 0.9 2.7
2006.8274 53.9588 -125.235 -1.6 1.2 0.9 2.7
2006.8301 47.3872 -125.458 10.6 1.2 0.9 2.7
2006.8329 47.9006 -125.235 -12.1 1.2 0.9 2.7
2006.8356 33.1146 -128.011 2 1.2 0.9 2.7
2006.8384 36.1437 -125.235 10 1.2 0.9 2.8
2006.8411 47.2846 -125.68 2.4 1.2 0.9 2.8
2006.8438 48.2087 -126.457 4.8 1.3 0.9 2.9
2006.8466 49.4922 -126.235 12.3 1.3 0.9 2.9
2006.8493 53.4967 -125.569 1.5 1.2 0.9 2.7
2006.8521 53.6508 -125.458 -5.3 1.2 0.9 2.8
2006.8548 53.9075 -126.013 0.1 1.3 0.9 2.9
2006.8575 51.0837 -125.902 3.4 1.3 0.9 2.9
2006.8603 53.4967 -126.013 4.3 1.2 0.9 2.8
2006.8630 50.1596 -129.676 5.2 1.3 0.9 2.9
2006.8658 51.2891 -130.343 -7.7 1.3 0.9 2.9
2006.8932 51.3405 -128.122 3.5 1.3 0.9 2.9
2006.8959 56.1665 -125.791 5.6 1.2 0.9 2.7
2006.8986 54.4209 -125.124 11.3 1.3 0.9 2.9
2006.9014 56.0638 -129.787 2.8 1.2 0.9 2.7
2006.9041 52.8293 -127.678 5.7 1.2 0.9 2.7
2006.9068 55.0883 -126.568 8 1.2 0.9 2.7
2006.9096 58.2201 -126.568 10.1 1.2 0.9 2.6
2006.9123 56.4745 -125.013 7.8 1.2 0.9 2.6
2006.9151 56.1665 -127.345 8.9 1.2 0.9 2.7
2006.9178 58.6308 -126.124 8.1 1.2 0.9 2.7
2006.9205 58.066 -124.902 1.2 1.2 0.9 2.7
2006.9479 52.7266 -132.785 3.9 1.3 0.9 2.9
2006.9507 52.3673 -131.342 3.6 1.2 0.9 2.7
2006.9534 51.2378 -128.122 3.9 1.2 0.9 2.7
2006.9562 53.1374 -135.339 9.1 1.3 0.9 2.9
2006.9589 51.6485 -130.676 16 1.2 0.9 2.7
2006.9616 49.4922 -130.898 15.7 1.2 0.9 2.7
2006.9644 55.3963 -136.005 12.7 1.2 0.9 2.7
2006.9671 54.8829 -135.894 13.5 1.1 0.9 2.7
2006.9699 54.3182 -132.674 3.9 1.2 0.9 2.6
2006.9726 52.778 -132.119 5.8 1.1 0.9 2.6
2006.9753 52.8293 -130.565 11.5 1.2 0.9 2.7
2006.9781 50.1596 -127.567 10.8 1.1 0.9 2.7
2006.9808 51.4431 -130.454 13.8 1.1 0.9 2.6
2006.9836 50.673 -131.12 4.9 1.1 0.9 2.6
2006.9863 53.3941 -136.005 6.9 1.1 0.9 2.6
2006.9890 50.9297 -133.34 6.8 1.2 0.9 2.7
2006.9918 48.7221 -129.787 8.7 1.2 0.9 2.7
2006.9945 52.8807 -134.339 -1.9 1.2 0.9 2.7
2006.9973 54.2155 -133.451 8.5 1.1 0.9 2.7
2007.0000 58.066 -139.447 11 1.2 0.9 2.7
2007.0027 52.778 -135.228 19.3 2.1 1.8 5.2
2007.0055 52.778 -131.564 8.7 1.2 0.9 2.7
2007.0082 52.7266 -132.119 8.2 1.2 0.9 2.7
2007.0329 51.7512 -135.339 12.3 1.2 0.9 2.7
2007.0356 52.4186 -131.897 5.9 1.2 0.9 2.7
2007.0384 51.1351 -134.45 4.5 1.1 0.8 2.7
2007.0411 50.0056 -135.006 7.9 1.1 0.9 2.7
2007.0438 48.6194 -135.561 5.4 1.2 0.9 2.8
2007.0904 53.1374 -133.895 9.8 1.4 1.1 3.2
2007.0932 52.778 -134.228 17.6 1.2 0.9 2.8
2007.2137 52.5213 -134.562 0.7 1.1 0.9 2.6
2007.2164 51.8025 -129.343 5.9 1.1 0.9 2.7
2007.2192 54.5236 -133.895 7.9 1.1 0.9 2.7
2007.8247 68.4368 -142.333 23 1.3 0.9 2.9
2007.8274 65.7671 -142.111 15.4 1.2 0.9 2.8
2007.8301 79.5777 -143.999 13.1 1.2 0.9 2.8
2007.8329 67.4614 -142.444 12.6 1.2 0.9 2.7
2007.8356 66.8966 -142 18.2 1.2 0.9 2.8
2007.8384 66.2805 -144.998 17.6 1.2 0.9 2.9
2007.8411 60.5817 -143.999 16.8 1.2 0.9 2.8
2007.8438 69.1042 -144.332 13.2 1.2 0.9 2.8
2007.8466 66.7426 -134.562 22 1.2 0.9 2.8
2007.8493 64.3296 -141.889 13.8 1.2 0.9 2.8
2007.8521 69.0016 -141.334 11.4 1.2 0.9 2.9
2007.8548 71.0038 -142.333 12.7 1.2 0.9 3.0
2007.8575 68.8989 -141.112 17.5 1.2 0.9 2.9
2007.8603 67.102 -142.222 16 1.2 0.9 2.7
2007.8630 69.7717 -140.113 18.4 1.2 0.9 2.7
2007.8658 68.8989 -140.113 14.6 1.2 0.9 2.8
2007.8685 70.3878 -140.224 8.4 1.2 0.9 2.8
2007.8712 69.1042 -141.001 11.8 1.1 0.9 2.7
2007.8740 66.2292 -141.223 8.7 1.2 0.9 2.7
2007.8767 69.3609 -142 20.5 1.2 0.9 2.7
2007.8795 72.39 -144.998 17.1 1.2 0.9 2.8
2007.8822 72.2874 -143.221 7.9 1.1 0.9 2.8
2007.8849 69.8744 -141.445 10.3 1.1 0.9 2.7
2007.8877 72.6981 -142.333 12.1 1.2 0.9 2.8
2007.8904 68.7449 -141.889 9.5 1.2 0.9 2.7
2007.8932 74.0843 -143.443 13.7 1.2 0.9 2.7
2007.8959 72.9034 -143.332 14.4 1.2 0.9 2.8
2007.8986 71.7739 -143.11 10.2 1.2 0.9 2.8
2007.9014 74.0329 -141.889 13.8 1.2 0.9 2.8
2007.9041 74.1869 -144.443 9.7 1.2 0.9 2.8
2007.9068 70.5418 -147.44 14.2 1.2 0.9 2.9
2007.9096 77.0107 -144.776 12.1 1.2 0.9 2.9
2007.9123 73.6222 -146.219 16.5 1.3 0.9 3.0
2007.9151 73.4168 -143.221 18.5 1.3 0.9 3.0
2007.9178 76.1379 -145.664 13.4 1.2 0.9 2.9
2007.9205 74.7004 -146.885 9 1.2 0.9 2.8
2007.9233 68.2315 -149.106 5.2 1.2 0.9 2.9
2007.9260 72.3387 -146.663 2.1 1.2 0.9 2.9
2007.9288 80.8099 -149.106 16 1.2 0.9 2.9
2007.9315 73.8789 -149.55 14 1.2 0.9 2.8
2007.9342 72.9034 -145.664 6.1 1.2 0.9 3.0
2007.9370 68.4882 -141.223 11.6 1.2 0.9 3.0
2007.9397 72.5441 -143.999 11.8 1.2 0.9 2.9
2007.9425 68.3341 -142.999 5.5 1.2 0.9 3.0
2007.9452 69.7203 -143.443 3.7 1.2 0.9 2.9
2007.9479 74.803 -146.219 11.4 1.2 0.9 3.0
2007.9507 67.6154 -144.887 1.2 1.2 0.9 2.9
2007.9534 70.0284 -144.221 4.8 1.2 0.9 2.9
2007.9562 64.843 -143.221 3.3 1.2 0.9 2.8
2007.9589 70.0284 -145.442 4.5 1.2 0.9 2.9
2007.9616 75.9839 -142.222 3.5 1.2 0.9 2.9
2007.9644 70.4904 -145.886 10.8 1.2 0.9 2.9
2007.9671 70.0284 -147.329 5.1 1.2 0.9 3.0
2007.9699 70.0797 -146.552 9.6 1.2 0.9 2.9
2007.9726 73.0061 -146.552 5.9 1.2 0.9 2.9
2007.9753 65.0483 -150.882 -6.5 1.3 0.9 3.0
2007.9781 70.1824 -142 1.3 1.2 0.9 2.9
2007.9808 73.5195 -143.443 3.8 1.2 0.9 2.8
2007.9836 73.4168 -145.331 0.8 1.2 0.9 2.9
2007.9863 71.7739 -147.44 11.4 1.2 0.9 2.8
2007.9890 68.0261 -147.44 -0.7 1.2 0.9 2.9
2007.9918 70.1824 -147.44 2.6 1.3 0.9 2.9
2007.9945 68.2828 -145.886 -2.2 1.3 0.9 2.8
2007.9973 66.3832 -144.554 -7 1.3 0.9 2.8
2008.0000 72.9034 -143.777 -4.2 1.2 0.9 2.8
2008.0027 69.515 -145.997 2.9 1.2 0.9 2.8
2008.0055 65.5104 -145.553 5.3 1.2 0.9 2.9
2008.0082 70.7985 -146.441 -0.9 1.1 0.9 2.8
2008.0110 73.5195 -145.331 -1.8 1.2 0.9 2.8
2008.0137 73.7762 -143.332 -5 1.2 0.9 2.8
2008.0164 72.9548 -145.331 1.5 1.2 0.9 2.8
2008.0192 69.4123 -145.997 3.3 1.2 0.9 2.9
2008.0219 74.4437 -146.108 -0.6 1.2 0.9 2.9
2008.0247 71.928 -145.331 -1.2 1.2 0.9 2.9
2008.0274 71.6199 -145.553 0.2 1.2 0.9 2.8
2008.0301 72.39 -145.331 -0.1 1.2 0.8 2.7
2008.0329 68.4882 -143.777 -4.7 1.2 0.9 2.8
2008.0438 70.0284 -144.998 9.6 1.3 1.0 3.0
2008.0466 67.7181 -144.554 7.4 1.1 0.9 2.7
2008.0493 70.6445 -144.221 14.2 1.2 0.9 2.7
2008.0521 72.9034 -146.663 12.3 1.1 0.9 2.7
2008.0548 67.102 -144.332 19.4 1.1 0.8 2.7
2008.0575 71.2092 -146.219 17.5 1.1 0.8 2.7
2008.0603 67.0506 -146.108 19.4 1.1 0.8 2.7
2008.0630 66.3319 -145.886 9.8 1.1 0.8 2.7
2008.0658 65.9725 -143.443 13.9 1.1 0.9 2.7
2008.0685 62.276 -144.665 10.8 1.2 0.9 2.7
2008.0712 68.0261 -144.776 13.2 1.1 0.8 2.7
2008.0795 73.0061 -146.441 15.1 1.3 1.0 3.0
2008.0822 73.1088 -144.998 24.4 1.2 0.9 2.9
2008.0849 62.5327 -149.106 10.1 1.1 0.8 2.7
2008.0877 67.9234 -147.551 13.6 1.1 0.8 2.6
2008.0904 68.6422 -147.107 9.5 1.1 0.8 2.7
2008.0932 65.8185 -144.887 16.4 1.1 0.8 2.6
2008.0959 66.8966 -146.441 13.2 1.1 0.8 2.6
2008.0986 68.2315 -143.666 19.9 1.2 0.9 2.8
2008.1014 66.3832 -144.554 11.1 1.2 0.9 2.8
2008.1041 69.2583 -143.443 17.2 1.2 0.8 2.7
2008.1068 70.1824 -143.332 10.1 1.1 0.8 2.7
2008.1096 69.3096 -141.778 15.2 1.1 0.8 2.7
2008.1123 68.8989 -144.221 13.8 1.1 0.8 2.7
2008.1151 68.8989 -142.222 14.3 1.1 0.8 2.6
2008.1178 69.977 -143.554 14.8 1.1 0.8 2.6
2008.1205 66.7939 -143.777 9.3 1.1 0.8 2.6
2008.1233 74.1356 -145.997 13 1.1 0.8 2.7
2008.1260 70.7471 -144.998 11.3 1.2 0.9 2.7
2008.1288 70.7471 -146.219 8.9 1.1 0.8 2.6
2008.1315 71.7226 -144.554 13.7 1.1 0.8 2.6
2008.1342 71.4659 -144.332 11.4 1.1 0.8 2.6
2008.1370 72.5441 -144.332 8.8 1.1 0.8 2.6
2008.1397 70.4391 -145.22 15.4 1.1 0.8 2.6
2008.1425 70.0797 -144.887 5.9 1.1 0.8 2.6
2008.1452 69.977 -143.888 6.2 1.1 0.8 2.6
2008.1479 71.2092 -143.11 6.2 1.1 0.8 2.6
2008.1507 70.0284 -142.999 6.5 1.1 0.8 2.6
2008.1534 76.6 -145.664 17.8 1.1 0.8 2.6
2008.1562 74.2896 -149.217 17.3 1.1 0.8 2.6
2008.1589 68.5395 -146.774 8.2 1.1 0.8 2.6
2008.1616 68.7962 -145.22 6.1 1.1 0.8 2.5
2008.1644 67.3073 -145.331 8.7 1.1 0.8 2.6
2008.1671 67.8207 -147.884 4.7 1.1 0.8 2.6
