2021.8274 0 0 0 2.9 2.1 7.0
2021.8301 -0.821038 4.66348 -4.1 1.4 1.0 3.1
2021.8329 7.38934 2.55381 -10 1.5 1.0 3.2
2021.8356 2.18943 2.10967 -9.4 1.5 1.0 3.1
2021.8384 3.11994 1.66553 -10.6 1.5 1.0 3.1
2021.8411 3.72204 2.10967 -13.6 1.5 1.0 3.2
2021.8438 17.2965 3.55313 62.6 2.1 1.2 3.8
2021.8466 -5.36411 0.333106 97.7 1.6 1.0 3.3
2021.8493 5.1999 -0.777246 2.4 1.4 1.0 3.1
2021.8521 -3.28415 0.111036 3.5 1.3 0.9 3.1
2021.8548 3.77677 1.44346 -1.3 1.4 0.9 3.0
2021.8575 1.64207 0.444141 5.8 1.3 0.9 2.9
2021.8603 1.20419 0.888282 8.7 1.3 0.9 2.9
2021.8630 1.91575 0.333106 5.7 1.3 0.9 2.9
2021.8658 1.69681 0.777247 3.4 1.4 1.0 3.0
2021.8685 2.57258 0.333106 0.3 1.4 1.0 3.1
2021.8712 4.32413 0.777247 9.5 1.4 1.0 3.0
2021.8740 0 0.444141 6 1.3 1.0 3.0
2021.8767 2.95574 1.99863 8 1.3 1.0 3.0
2021.8795 4.37887 1.22139 6.4 1.3 0.9 2.9
2021.8822 4.21466 -0.111035 2.4 1.3 0.9 2.9
2021.8849 2.18943 1.22139 -2.3 1.3 0.9 2.8
2021.8877 5.36411 2.77588 2.9 1.3 0.9 2.8
2021.8904 3.17468 2.66485 -1.7 1.3 1.0 2.9
2021.8932 2.84626 2.44277 3.6 1.3 0.9 2.9
2021.8959 6.02094 3.10899 -3.2 1.3 1.0 2.9
2021.8986 3.6673 2.10967 -6.2 1.3 1.0 2.9
2021.9014 3.44836 -0.555176 0.2 1.3 1.0 2.9
2021.9041 2.40838 2.66485 -4.6 1.3 1.0 2.9
2021.9068 0.218943 0 2.7 1.3 1.0 2.9
2021.9096 3.22941 -1.99863 3.9 1.3 1.0 2.9
2021.9123 2.62732 0.666211 3.2 1.3 0.9 2.8
2021.9151 3.11994 -2.2207 -0.8 1.3 1.0 2.9
2021.9178 5.91147 -4.33037 -2.5 1.3 1.0 2.9
2021.9205 1.64207 0.555176 -7.9 1.3 1.0 3.0
2021.9233 -0.164207 -0.666211 0.8 1.4 1.0 3.1
2021.9260 1.64207 -0.333105 -5 1.3 1.0 2.9
2021.9288 3.17468 -1.66553 -7.4 1.4 1.0 3.0
2021.9315 0.0547353 -1.99863 4.4 1.4 1.0 3.1
2021.9342 1.91575 -5.10762 4 1.4 1.1 3.2
2021.9370 -4.4336 -0.888281 3.1 1.4 1.0 3.1
2021.9397 -1.5326 -0.22207 -7.1 1.4 1.0 3.1
2021.9425 -4.81675 -2.99795 -3.1 1.4 1.0 3.2
2021.9452 -2.57259 -3.7752 -9.5 1.3 1.0 3.1
2021.9479 1.31366 -2.88691 -22.1 1.3 1.0 3.1
2021.9507 -0.492622 -3.10899 -14.6 1.3 1.0 3.0
2021.9534 0.38315 -3.10899 -8.6 1.3 1.0 3.0
2021.9562 0.38315 -1.55449 -18 1.3 1.0 3.0
2021.9589 1.42313 -1.44346 -18.2 1.3 1.0 3.0
2021.9616 -3.61257 -4.66348 -11.2 1.4 1.0 3.2
2021.9644 3.17468 -4.1083 -17.5 1.4 1.0 3.1
2021.9671 -2.35364 -5.55176 -15.4 1.3 1.0 3.2
2021.9699 2.57258 -4.55244 -19.8 1.4 1.0 3.1
2021.9726 0.985246 -4.88555 -21.7 1.3 1.0 3.1
2021.9753 2.57258 -4.66348 -24 1.3 1.0 3.1
2021.9781 -3.77677 -4.33037 -18.2 1.4 1.0 3.2
2021.9808 -0.985246 -0.666211 -16.4 1.3 1.0 3.1
2021.9836 0.164207 -5.32969 -20.5 1.3 1.0 3.1
2021.9863 2.51785 -0.555176 -23.7 1.4 1.0 3.1
2021.9890 -2.95574 -1.77656 -3.6 1.5 1.0 3.3
2021.9918 -0.821038 3.10899 -13.6 1.3 1.0 3.1
2021.9945 0.437887 0.444141 -9.4 1.4 1.0 3.1
2021.9973 -0.218944 0.999317 -11.9 1.3 1.0 3.1
2022.0000 4.21466 1.44346 -15.7 1.3 0.9 2.9
2022.0027 2.73679 -0.555176 -8.1 1.3 0.9 2.9
2022.0055 1.58734 -1.22139 -17.7 1.3 0.9 2.9
2022.0082 0.273679 -1.99863 -18.2 1.2 0.9 2.9
2022.0110 -1.58734 -0.444141 -20.1 1.3 0.9 2.9
2022.0137 -1.97049 1.8876 -20 1.3 0.9 2.9
2022.0164 2.46311 0.444141 -18.8 1.2 0.9 2.9
2022.0192 -0.383152 0.999317 -14.8 1.2 0.9 2.8
2022.0219 0.38315 -0.22207 -14.4 1.3 0.9 2.9
2022.0247 -0.766301 1.33242 -6 1.4 1.0 3.2
2022.0274 -0.273679 -2.44277 -2.4 1.3 1.0 3.0
2022.0301 -1.64207 3.33106 1.3 1.3 1.0 3.0
2022.0329 0.766301 1.8876 -6.7 1.3 1.0 3.0
2022.0356 1.31366 -1.22139 -1.4 1.3 1.0 3.0
2022.0384 -0.547359 2.33174 -4.9 1.3 1.0 3.0
2022.0411 0 -1.8876 -4.7 1.3 1.0 3.0
2022.0438 5.36411 -0.555176 -16.4 1.3 1.0 2.9
2022.0466 -0.273679 -1.22139 -11 1.2 0.9 2.9
2022.0493 1.5326 -0.111035 -7.1 1.3 0.9 2.9
2022.0521 -1.03998 -1.22139 -1.9 1.3 1.0 3.0
2022.0548 -0.109472 -0.444141 3.1 1.3 1.0 3.0
2022.0575 7.22513 -3.88623 9.1 1.3 1.0 2.9
2022.0603 2.901 -3.55313 5.3 1.3 1.0 3.0
2022.0630 1.86102 0.22207 -6.3 1.3 1.0 3.0
2022.0658 -1.58734 -1.77656 -4.6 1.3 1.0 3.0
2022.0685 0 -1.11035 -11.5 1.3 1.0 3.1
2022.0712 -1.14945 -1.8876 -12.9 1.2 0.9 2.9
2022.0740 1.42313 -3.33106 -11.2 1.3 0.9 2.9
2022.0767 1.86102 -1.99863 0.3 1.2 0.9 2.9
2022.0795 -0.492622 -1.11035 4.8 1.2 0.9 2.9
2022.0822 -0.0547368 -1.55449 -4.7 1.2 0.9 2.8
2022.0849 1.25892 -1.8876 -10.9 1.2 0.9 2.8
2022.0877 -13.2461 -4.44141 -9.4 1.2 0.9 2.8
2022.0904 1.14945 -2.77588 -1.8 1.2 0.9 2.8
2022.0932 -0.218944 -4.1083 1 1.3 1.0 2.9
2022.0959 2.95574 -4.99658 3.3 1.3 0.9 2.9
2022.0986 1.20419 -3.7752 -4.3 1.3 0.9 2.9
2022.1014 0.437887 -2.88691 3.9 1.3 1.0 3.0
2022.1041 6.67777 -0.666211 1.3 1.3 1.0 2.9
2022.1068 0.930509 0.333106 3.3 1.3 0.9 2.9
2022.1096 1.31366 0.333106 -3.4 1.3 0.9 2.9
2022.1123 2.84626 0.666211 -10.8 1.3 0.9 2.9
2022.1151 0.821037 0.333106 -8.3 1.2 0.9 2.9
2022.1178 0.985246 0.111036 -12.1 1.2 0.9 2.9
2022.1205 -4.37887 3.7752 10.3 1.3 0.9 2.9
2022.1233 -0.930509 1.55449 -3.2 1.3 0.9 2.9
2022.1260 -3.99572 0.999317 -2.7 1.3 0.9 2.9
2022.1288 -1.3684 -2.77588 -15.7 1.4 1.0 3.0
2022.1315 -2.02523 2.66485 -9.5 1.3 1.0 3.1
2022.1342 2.24417 -0.555176 -18.3 1.3 0.9 3.0
2022.1370 0.821037 -1.55449 -19.6 1.4 0.9 2.9
2022.1397 4.2694 1.22139 -9.1 1.3 0.9 2.9
2022.1425 -2.62732 -0.555176 -15 1.3 0.9 3.0
2022.1452 -0.875774 5.10762 85.2 1.4 1.0 3.0
2022.1479 -1.42313 0.666211 -17.9 1.3 0.9 3.0
2022.1507 -1.5326 -1.22139 -16.8 1.5 1.0 3.2
2022.1534 4.76202 0.22207 -13.7 1.6 1.0 3.2
2022.1562 1.80628 0.555176 -14.3 1.4 0.9 3.0
2022.1589 0.0547353 -1.11035 -13.8 1.4 0.9 3.0
2022.1616 -2.46311 -0.999317 -11.8 1.4 0.9 3.0
2022.1644 -1.86102 -0.777246 -13.2 1.4 0.9 3.0
2022.1671 2.95574 -2.88691 -13.5 1.4 0.9 3.0
2022.1699 1.3684 -0.22207 -13.7 1.4 0.9 3.0
2022.1726 1.42313 -1.44346 -8.5 1.4 0.9 3.0
2022.1753 -3.22941 -2.10967 -16.1 1.4 0.9 3.0
2022.1781 0.109472 -1.44346 -10.6 1.3 0.9 2.9
2022.1808 4.32413 0 -24.2 1.4 0.9 2.9
2022.1836 -0.711566 -0.22207 -23.9 1.4 0.9 2.9
2022.1863 -0.602094 0.777247 -14.6 1.4 0.9 2.9
2022.1890 -3.22941 -0.22207 32 1.5 1.0 3.1
2022.1918 2.51785 1.33242 -15.8 1.4 1.0 3.1
2022.1945 1.64207 -0.777246 -18.6 1.4 0.9 3.0
2022.1973 2.95574 0.555176 -18.3 1.5 1.0 3.0
2022.2000 2.2989 -1.66553 -11.5 1.3 0.9 3.0
2022.2027 -1.20419 -2.10967 -13.9 1.3 0.9 2.9
2022.2055 2.18943 -1.8876 -14.8 1.3 0.9 3.0
2022.2082 3.88624 -1.66553 -22.4 1.4 1.0 3.1
2022.2110 5.63779 -2.10967 -18 1.3 0.9 3.0
2022.2137 0.109472 -2.2207 -20.9 1.4 0.9 3.0
2022.2164 3.06521 0 -22.7 1.4 0.9 3.0
2022.2192 1.31366 -3.7752 -17.7 1.4 0.9 3.0
2022.2219 2.35364 -0.999317 -16.1 1.3 0.9 3.0
2022.2247 3.6673 -2.66484 -13.5 1.3 0.9 2.9
2022.2274 3.83151 -0.555176 -17.3 1.4 1.0 3.1
2022.2301 5.58306 -0.444141 -16.4 1.4 1.0 3.1
2022.2329 5.36411 -0.888281 -17.6 1.4 1.0 3.0
2022.2356 1.64207 -1.55449 -13.2 1.4 0.9 3.0
2022.2384 2.95574 -3.22002 -13.3 1.4 0.9 3.0
2022.2411 5.58306 -2.33174 -18.1 1.4 0.9 3.0
2022.2438 -0.821038 0.777247 -20.8 1.4 1.0 3.0
2022.2466 1.03998 -2.99795 -21.3 1.4 1.0 3.0
2022.2493 1.14945 -1.55449 -18.8 1.4 1.0 3.0
2022.2521 2.79153 -1.77656 -18.3 1.4 1.0 3.0
2022.2548 2.18943 -3.66416 -15.6 1.4 0.9 3.0
2022.2575 -0.0547368 -1.99863 -19.8 1.4 1.0 3.0
2022.2603 -0.164207 -0.999317 -13.8 1.4 1.0 3.0
2022.2630 -0.218944 -2.33174 -18.7 1.4 1.0 3.0
2022.2658 1.5326 -3.99727 -19.9 1.4 1.0 3.0
2022.2685 -2.24417 -4.21934 -29 1.4 1.0 3.1
2022.2712 -0.273679 0.555176 -27.1 1.3 0.9 2.9
2022.2740 0.711566 -0.888281 -30 1.4 1.0 3.0
2022.2767 -3.06521 -0.444141 -28.1 1.4 1.0 3.1
2022.2795 1.80628 -2.44277 -22.4 1.4 1.0 3.0
2022.2822 0.38315 -0.777246 -25.2 1.4 0.9 3.0
2022.2849 -2.1347 -1.99863 -25.5 1.5 1.0 3.1
2022.2877 -2.62732 -2.88691 -19.9 1.4 1.0 3.1
2022.2904 -3.01047 -2.99795 -16.7 1.4 1.0 3.1
2022.2932 -3.55783 -2.44277 -21.6 1.4 0.9 3.0
2022.2959 1.97049 -2.66484 -17.8 1.4 0.9 2.9
2022.2986 -2.29891 -1.66553 -23 1.4 0.9 3.0
2022.3014 -3.39362 -4.1083 -18.3 1.4 0.9 3.0
2022.3041 -4.48834 -3.99727 -18.2 1.4 1.0 3.1
2022.3068 -4.10519 -5.77383 -17.4 1.4 1.0 3.1
2022.3096 -5.85674 -6.99522 -14.2 1.4 0.9 3.0
2022.3123 -4.4336 -3.44209 -15.1 1.4 0.9 3.0
2022.3151 -0.492622 -3.7752 -18.6 1.4 0.9 3.0
2022.3178 -1.97049 -4.88555 -21.3 1.4 0.9 3.0
2022.3205 -1.47787 -3.22002 -21.4 1.4 1.0 3.2
2022.3233 -4.4336 -4.55244 -22 1.4 1.0 3.2
2022.3260 -1.31366 -2.55381 -12.4 1.4 0.9 3.0
2022.3288 -2.84626 -5.55176 -21.2 1.4 0.9 3.0
2022.3315 0.492622 -5.21865 -19.1 1.4 0.9 3.0
2022.3342 -0.328415 -6.10694 -19.3 1.4 1.0 3.0
2022.3370 -2.35364 -7.8835 -15 1.4 1.0 3.1
2022.3397 -1.3684 -6.66211 -10.4 1.4 1.0 3.1
2022.3562 -3.06521 -3.44209 -20.3 1.3 0.9 3.0
2022.3589 -2.57259 -4.99658 -12 1.3 0.9 3.0
2022.3616 -0.328415 -4.33037 -16.4 1.4 0.9 3.0
2022.3644 -0.766301 -5.55176 -18.8 1.3 0.9 2.9
2022.3671 -3.33889 -5.44072 -14.2 1.3 0.9 3.0
2022.3699 -4.4336 -5.10762 -22.5 1.3 0.9 3.0
2022.3726 -3.61257 -4.44141 -19.6 1.3 1.0 3.0
2022.3753 -0.0547368 -4.44141 -13 1.3 0.9 3.0
2022.3781 -0.164207 -7.66143 -20.5 1.3 0.9 3.0
2022.3808 1.03998 -5.55176 -26.4 1.3 0.9 3.0
2022.3836 -2.84626 -5.66279 -22.4 1.3 0.9 3.0
2022.3863 -2.40838 -6.44004 -23.9 1.3 0.9 3.0
2022.3890 0 -4.77451 -21.1 1.3 1.0 3.0
2022.3918 -2.57259 -4.66348 -21 1.4 0.9 3.0
2022.3945 1.31366 -6.32901 -15 1.3 0.9 3.0
2022.3973 -0.273679 -5.66279 -13.9 1.3 0.9 3.0
2022.4000 0.547359 -4.1083 -20.9 1.4 0.9 3.2
2022.4027 2.18943 -4.55244 -21.4 1.4 1.0 3.2
2022.4055 -0.109472 -7.55039 -16.8 1.4 1.0 3.0
2022.4082 -1.64207 -6.55108 -14.8 1.4 0.9 3.0
2022.4110 0.656829 -3.66416 -22.6 1.4 1.0 3.1
2022.4137 -3.33889 -3.88623 -19.6 1.3 1.0 3.0
2022.4164 0.821037 -3.7752 -19.5 1.4 0.9 3.0
2022.4192 3.6673 -4.55244 -19.6 1.4 1.0 3.1
2022.4219 2.57258 -4.33037 -17.8 1.4 1.0 3.1
2022.4247 -2.02523 -2.99795 -17.8 1.3 0.9 3.0
2022.4274 0.821037 -4.66348 -16.1 1.3 0.9 3.0
2022.4301 0.218943 -7.99453 -11.1 1.4 1.0 3.0
2022.4329 -3.94098 -6.10694 -10.8 1.4 1.0 3.1
2022.4356 0.711566 -5.9959 -18 1.4 1.0 3.1
2022.4384 11.9324 -8.77178 -7.2 1.3 1.0 3.0
2022.4411 -2.18943 -5.66279 -11.1 1.3 1.0 3.0
2022.4438 -0.656831 -3.99727 -13.6 1.3 1.0 3.0
2022.4466 0.437887 -4.88555 -13.4 1.4 1.0 3.1
2022.4493 1.20419 -6.88418 -15.9 1.4 1.0 3.0
2022.4521 3.11994 -4.77451 -20.5 1.3 0.9 3.0
2022.4548 -2.901 -6.32901 -16.7 1.3 1.0 3.0
2022.4575 2.40838 -4.66348 -12.4 1.3 1.0 3.0
2022.4603 -3.99572 -6.21797 -17.8 1.3 1.0 3.0
2022.4630 -1.25893 -5.88486 -8.8 1.3 1.0 3.0
2022.4658 -2.02523 -6.66211 -17 1.4 1.0 3.0
2022.4685 0.164207 -5.88486 -21.2 1.3 1.0 3.0
2022.4712 -0.547359 -5.32969 -11.9 1.3 1.0 3.0
2022.4740 -2.02523 -4.1083 -16.5 1.3 1.0 3.0
2022.4767 -3.01047 -4.33037 -14.8 1.3 1.0 3.0
2022.4795 -1.31366 -5.32969 -17.8 1.5 1.0 3.2
2022.4822 0.711566 -3.99727 -14.9 1.3 1.0 3.0
2022.4849 -1.97049 -5.77383 -16.7 1.3 1.0 3.0
2022.4877 -2.18943 -3.99727 -15.2 1.3 1.0 3.0
2022.4904 -4.65255 -7.66143 -7.9 1.3 1.0 3.0
2022.4932 -0.492622 -5.66279 -17.9 1.3 1.0 3.0
2022.4959 2.40838 -7.77246 -9.8 1.3 1.0 3.1
2022.4986 2.901 -5.88486 -14.9 1.3 1.0 3.0
2022.5014 -0.109472 -8.88282 -16.6 1.4 1.0 3.1
2022.5041 -1.42313 -6.88418 -10.6 1.3 1.0 3.0
2022.5068 -1.91575 -3.66416 -12.2 1.4 1.0 3.3
2022.5096 -4.59781 -8.99385 -7.8 1.4 1.0 3.3
2022.5123 -1.09472 -9.10489 -11.9 1.4 1.0 3.2
2022.5151 0.985246 -11.4366 -13.7 1.4 1.0 3.1
2022.5178 -3.06521 -10.4373 -8.5 1.3 1.0 3.1
2022.5205 1.09472 -7.32832 -9.9 1.3 1.0 3.0
2022.5233 -2.73679 -7.55039 -8.9 1.3 1.0 3.0
2022.5260 0.547359 -6.88418 -15.7 1.3 1.0 3.0
2022.5288 0.985246 -9.32696 -10.3 1.3 1.0 3.0
2022.5315 2.62732 -7.21729 -16.7 1.3 1.0 3.0
2022.5342 2.07996 -6.21797 -12.2 1.3 1.0 3.0
2022.5370 -0.656831 -7.8835 -15.2 1.4 1.0 3.1
2022.5397 2.95574 -8.88282 -9.6 1.4 1.0 3.0
2022.5425 1.75155 -7.43936 -16 1.3 1.0 3.0
2022.5452 3.01047 -7.8835 -19.4 1.3 1.0 3.0
2022.5479 -1.69681 -11.4366 3.6 1.3 1.0 3.0
2022.5507 0.547359 -8.77178 -19.7 1.3 1.0 3.0
2022.5534 1.03998 -9.99317 -10.7 1.4 1.0 3.0
2022.5562 -0.985246 -10.7704 -5.6 1.3 1.0 3.0
2022.5589 -1.91575 -8.88282 -17.8 1.3 1.0 3.0
2022.5616 2.95574 -9.21592 -6.5 1.4 1.0 3.0
2022.5644 0.437887 -12.3249 -17.1 1.4 1.0 3.0
2022.5671 2.73679 -8.99385 -12.4 1.3 1.0 3.0
2022.5699 1.31366 -6.88418 -15.9 1.4 1.0 3.0
2022.5726 1.03998 -5.44072 -17.9 1.3 1.0 3.0
2022.5753 1.47787 -6.99522 -11.2 1.4 1.0 3.0
2022.5781 -3.50309 -8.10557 -7.6 1.3 1.0 3.0
2022.5808 0.328415 -7.32832 -14.1 1.4 1.0 3.0
2022.5836 4.65255 -11.2146 -13.6 1.4 1.0 3.0
2022.5863 7.82723 -11.4366 -23.4 1.4 1.1 3.2
2022.5890 -1.3684 -9.32696 -12.1 1.4 1.0 3.0
2022.5918 -1.09472 -11.4366 -23.3 1.4 1.0 3.1
2022.5945 4.48834 -9.32696 -10.9 1.4 1.0 3.0
2022.5973 2.2989 -10.5483 -12.2 1.3 1.0 3.0
2022.6000 -3.39362 -6.88418 -14.6 1.4 1.0 3.0
2022.6027 4.4336 -8.99385 -5.6 1.4 1.0 3.0
2022.6055 -5.47358 -11.3256 -10.9 1.4 1.0 3.0
2022.6082 4.48834 -5.55176 -14.2 1.4 1.0 3.0
2022.6110 8.48406 -8.54971 -12.4 1.5 1.0 3.1
2022.6137 2.35364 -9.32696 -12.9 1.5 1.0 3.1
2022.6164 -1.5326 -5.9959 -1.6 1.4 1.0 3.0
2022.6192 0.821037 -9.7711 -10.9 1.4 1.0 3.0
2022.6219 1.86102 -8.10557 -11.6 1.4 1.0 3.0
2022.6247 -1.42313 -11.3256 -5.6 1.4 1.0 3.1
2022.6274 0.766301 -9.66006 -13.6 1.4 1.0 3.0
2022.6301 -1.47787 -9.99317 -10.4 1.4 1.0 3.0
2022.6329 3.01047 -11.8808 -10.9 1.4 1.0 3.1
2022.6356 2.51785 -9.7711 -13.1 1.4 1.0 3.0
2022.6384 -1.42313 -10.5483 -10.4 1.4 1.0 3.0
2022.6411 0.547359 -11.8808 -5.5 1.4 1.0 3.0
2022.6438 2.35364 -10.5483 1.7 1.7 1.1 3.4
2022.6466 6.34936 -8.66075 -6.8 1.6 1.1 3.4
2022.6493 -0.383152 -10.7704 -4.9 1.5 1.0 3.1
2022.6521 -0.164207 -10.2152 -13.2 1.4 1.0 3.1
2022.6548 -1.42313 -12.4359 -7.6 1.5 1.0 3.1
2022.6575 1.58734 -11.9918 0.9 1.4 1.0 3.1
2022.6603 0.328415 -11.2146 -6.8 1.4 1.0 3.1
2022.6630 3.33889 -9.10489 -13.2 1.4 1.0 3.0
2022.6658 2.62732 -11.1035 -9.8 1.4 1.0 3.0
2022.6685 3.01047 -13.2132 0.2 1.4 1.0 3.1
2022.6712 0.602094 -11.3256 -0.1 1.4 1.0 3.0
2022.6740 2.02523 -12.1028 -3.5 1.4 1.0 3.0
2022.6767 -1.64207 -10.7704 -1.9 1.6 1.0 3.1
2022.6795 1.25892 -10.4373 -16.8 1.4 1.0 3.0
2022.6822 -4.05045 -13.3242 -5.7 1.4 0.9 3.0
2022.6849 2.02523 -10.6594 -8.4 1.4 1.0 3.0
2022.6877 0.437887 -12.3249 -13.7 1.4 1.0 3.1
2022.6904 3.88624 -10.9925 -12.4 1.4 0.9 3.0
2022.6932 2.40838 -10.5483 -13.2 1.4 0.9 3.0
2022.6959 0.0547353 -13.5463 -16.7 1.4 1.0 3.0
2022.6986 1.80628 -13.7684 -12 1.4 0.9 3.0
2022.7014 2.84626 -12.3249 -10.9 1.4 1.0 3.0
2022.7041 3.88624 -9.88213 -2.9 1.5 1.0 3.1
2022.7068 1.03998 -11.6587 -7 1.4 1.0 3.1
2022.7096 1.14945 -11.8808 0.3 1.4 0.9 3.0
2022.7123 -5.36411 -11.3256 -4.4 1.4 0.9 3.0
2022.7151 -4.65255 -12.769 -7.9 1.4 0.9 3.0
2022.7178 5.69253 -12.2139 -11.1 1.4 0.9 3.0
2022.7205 0.492622 -12.547 -7.1 1.4 0.9 3.0
2022.7233 -3.06521 -11.2146 -8 1.4 0.9 3.0
2022.7260 -0.164207 -10.9925 -2.9 1.4 1.0 3.0
2022.7288 -1.31366 -11.8808 -3.1 1.4 1.0 3.0
2022.7315 -0.164207 -10.8814 -10 1.4 0.9 3.0
2022.7342 2.24417 -8.88282 -17.7 1.4 0.9 2.9
2022.7370 2.95574 -9.99317 -13.9 1.4 0.9 3.0
2022.7397 -1.14945 -11.3256 -13.7 1.4 0.9 3.0
2022.7425 0.38315 -13.7684 -8.5 1.4 1.0 3.0
2022.7452 -3.33889 -13.4353 -5.8 1.5 1.1 3.1
2022.7479 2.901 -12.4359 -11.3 1.5 1.0 3.0
2022.7507 -0.328415 -13.1022 -12.7 1.4 0.9 2.9
2022.7534 -1.03998 -12.9911 -12.1 1.4 0.9 2.9
2022.7562 -2.68206 -10.6594 -9.1 1.4 0.9 2.9
2022.7589 -1.42313 -12.658 -9 1.4 0.9 2.9
2022.7616 -1.31366 -13.7684 -13.2 1.4 0.9 2.9
2022.7644 1.69681 -13.5463 -13.1 1.5 0.9 3.1
2022.7671 -4.2694 -11.6587 -11.2 1.5 0.9 3.1
2022.7699 -5.85674 -13.2132 -12.9 1.4 0.9 2.9
2022.7726 -8.703 -15.9891 -9 1.4 0.9 2.9
2022.7753 0.164207 -11.1035 -11.6 1.4 0.9 2.9
2022.7781 -6.23989 -10.8814 -16.8 1.4 0.9 3.0
2022.7808 -2.79153 -11.8808 -5.6 1.5 1.0 3.2
2022.7836 -0.273679 -11.4366 -11.5 1.5 1.0 3.1
2022.7863 -3.06521 -11.5477 -13.2 1.4 0.9 3.0
2022.7890 -3.11994 -10.7704 -9.7 1.4 0.9 2.9
2022.7918 -3.22941 -13.7684 -15.9 1.4 0.9 2.9
2022.7945 -5.96621 -13.3242 -10.3 1.4 0.9 2.9
2022.7973 -6.73251 -14.3235 -7.8 1.4 1.0 3.2
2022.8000 2.24417 -11.5477 -4.5 1.6 1.0 3.3
2022.8027 -0.821038 -13.5463 -4 1.4 1.0 3.0
2022.8055 -4.4336 -12.8801 -19.3 1.4 1.0 3.0
2022.8082 -11.3303 -14.5456 -14 1.5 1.0 3.0
2022.8110 -7.82723 -14.2125 -10 1.3 0.9 2.9
2022.8137 -7.22513 -11.4366 -7.3 1.3 0.9 2.9
2022.8164 -3.11994 -13.6573 -8.1 1.4 0.9 2.9
2022.8192 -3.17468 -14.7677 -9.2 1.4 1.0 2.9
2022.8219 -15.7092 -9.10489 6.6 1.5 1.0 3.0
2022.8247 -4.05045 -13.5463 5.6 1.4 1.0 3.0
2022.8274 -7.88196 -16.4332 -0.4 1.3 0.9 2.9
2022.8301 -8.26511 -11.8808 1.3 1.3 0.9 2.8
2022.8329 -7.71775 -15.3229 -0.6 1.3 0.9 2.9
2022.8356 -4.4336 -15.878 -8.6 1.3 0.9 2.9
2022.8384 -8.21038 -16.2111 1.8 1.4 1.0 3.0
2022.8411 -1.97049 -22.5401 5.9 1.5 1.0 3.1
2022.8438 -5.63779 -16.9884 15.2 1.4 0.9 2.9
2022.8466 -5.52832 -14.9898 1.1 1.3 0.9 2.8
2022.8493 -7.3346 -13.9904 -5.2 1.3 0.9 2.9
2022.8521 -10.3451 -18.4318 -7.5 1.4 1.0 3.0
2022.8548 -8.31985 -17.8767 3 1.3 0.9 2.9
2022.8575 -12.644 -15.656 -0.4 1.4 1.0 2.9
2022.8603 -6.18515 -12.3249 2.5 1.4 1.0 3.0
2022.8630 -7.99143 -13.3242 20.9 1.3 0.9 2.9
2022.8658 3.94098 -17.7656 -3.1 1.4 1.0 3.0
2022.8685 -3.39362 -14.6566 -10.8 1.3 1.0 2.9
2022.8712 -2.07996 -17.7656 31.1 1.4 1.0 3.0
2022.8740 -4.87149 -13.1022 -12.2 1.4 1.0 2.9
2022.8767 -7.55355 -11.5477 -7.2 1.3 0.9 2.9
2022.8795 -1.75155 -11.8808 -11.9 1.3 0.9 2.9
2022.8822 -10.783 -14.1015 -9.2 1.3 0.9 2.9
2022.8849 -5.47358 -14.9898 -7.7 1.3 0.9 2.9
2022.8877 -5.52832 -16.5442 -5.6 1.3 0.9 2.9
2022.8904 -5.91147 -14.8787 2.7 1.3 1.0 2.9
2022.8932 -5.85674 -17.3215 -3.1 1.6 1.2 3.4
2022.8959 -3.06521 -15.4339 -1 1.3 0.9 2.9
2022.8986 -7.77249 -14.5456 0.2 1.3 0.9 2.8
2022.9014 -4.98096 -16.2111 -11.4 1.3 1.0 2.9
2022.9041 -5.85674 -14.1015 0 1.3 1.0 2.9
2022.9068 -5.91147 -13.5463 -10.9 1.3 0.9 2.8
2022.9096 -5.25464 -13.1022 -6.1 1.3 0.9 3.0
2022.9123 -7.82723 -16.2111 -7.2 1.3 0.9 2.8
2022.9151 -4.2694 -14.1015 -8.3 1.2 0.9 2.8
2022.9178 -9.52404 -15.9891 -8.1 1.3 0.9 2.8
2022.9205 -9.03141 -19.0981 -2.8 1.3 0.9 2.8
2022.9233 -7.22513 -16.8774 -7.6 1.3 0.9 2.8
2022.9260 -7.82723 -18.6539 -8.5 1.3 0.9 2.9
2022.9288 -3.44836 -17.3215 -0.2 1.3 0.9 2.8
2022.9315 -4.10519 -15.767 10.2 1.3 0.9 2.9
2022.9342 -6.73251 -17.6546 -2.4 1.3 0.9 2.9
2022.9370 -3.83151 -14.7677 1 1.3 0.9 2.8
2022.9397 -4.65255 -15.878 0 1.3 1.0 2.9
2022.9425 -6.34936 -13.3242 -8.5 1.2 0.9 2.8
2022.9452 -3.99572 -16.5442 -7.2 1.2 0.9 2.8
2022.9479 -3.11994 -19.5422 -5.9 1.2 0.9 2.8
2022.9507 -7.3346 -19.3201 -4.5 1.2 0.9 2.8
2022.9534 -6.84198 -17.7656 -9.4 1.2 0.9 2.8
2022.9562 -11.5493 -15.4339 -40.4 1.3 0.9 2.9
2022.9589 -6.84198 -15.767 -23.8 1.3 0.9 2.8
2022.9616 -5.74726 -13.8794 -26.1 1.2 0.9 2.8
2022.9644 -4.37887 -15.5449 -29.6 1.2 0.9 2.8
2022.9671 -6.51356 -14.7677 -27.6 1.2 0.9 2.8
2022.9699 -3.94098 -22.6512 -18.2 1.2 0.9 2.9
2022.9726 -3.88625 -14.5456 -28.4 1.2 0.9 2.9
2022.9753 -7.44408 -17.6546 -17.2 1.2 0.9 2.8
2022.9781 -7.49881 -14.3235 -22.6 1.2 0.9 2.8
2022.9808 -6.51356 -19.6532 -20.9 1.2 0.9 2.8
2022.9836 -4.54308 -19.3201 -24.1 1.2 0.9 2.8
2022.9863 -7.00619 -22.3181 -15 1.3 0.9 2.9
2022.9890 -11.8229 -19.2091 -19.6 1.4 1.0 3.1
2022.9918 -7.00619 -19.7643 -18.3 1.3 1.0 3.1
2022.9945 -8.48406 -20.0974 -19.3 1.2 0.9 2.8
2022.9973 -8.48406 -19.0981 -11.8 1.3 0.9 2.9
2023.0000 -7.44408 -16.7663 -14.8 1.3 0.9 2.9
2023.0027 -8.48406 -13.2132 -14.6 1.3 0.9 2.9
2023.0055 -8.04617 -14.4346 -5.9 1.3 1.0 2.9
2023.0082 -6.5683 -17.2105 7.2 1.3 1.0 3.0
2023.0110 -13.2461 -17.8767 -4.6 1.3 0.9 2.9
2023.0137 -7.38934 -17.7656 -5.1 1.3 0.9 2.9
2023.0164 -9.68824 -19.0981 -1.3 1.2 0.9 2.8
2023.0192 -8.64826 -17.2105 -1.9 1.2 0.9 2.8
2023.0411 -8.42932 -17.8767 -0.4 1.2 0.9 2.8
2023.0438 -8.48406 -19.7643 7.4 1.3 0.9 2.8
2023.0466 -8.21038 -18.3208 3.4 1.3 0.9 2.8
2023.0493 -10.1261 -19.5422 4.8 1.2 0.9 2.8
2023.0521 -8.1009 -19.9863 -2.9 1.2 0.9 2.8
2023.0548 -8.703 -19.0981 -4.4 1.3 1.0 2.8
2023.0575 -8.97668 -17.7656 -6.3 1.3 1.0 2.9
2023.0603 -6.51356 -18.2098 -0.8 1.3 1.0 2.9
2023.0630 -6.40409 -19.0981 -1 1.3 1.0 2.9
2023.0658 -1.14945 -13.5463 12.6 1.3 1.0 3.0
2023.0685 -14.1218 -21.8739 8.5 1.4 1.1 3.0
2023.0712 -7.55355 -21.4298 0.2 1.4 1.0 3.2
2023.0740 -11.3851 -18.2098 -13 1.3 1.0 3.0
2023.0767 -9.4693 -17.2105 -4.9 1.3 1.0 2.9
2023.0795 -9.68824 -19.7643 -1.6 1.3 1.0 3.0
2023.0822 -9.41456 -16.6553 -1.1 1.4 1.0 3.0
2023.0849 -11.3851 -20.2084 -8.9 1.3 1.0 3.0
2023.0877 -10.0714 -17.8767 -3.1 1.3 1.0 3.0
2023.0904 -10.1261 -17.8767 2.1 1.3 1.0 3.0
2023.0932 -10.8377 -18.6539 1.6 1.3 1.0 2.9
2023.0959 -8.53879 -18.3208 2.4 1.3 1.0 2.9
2023.0986 -10.6188 -20.7636 4.7 1.3 1.0 2.9
2023.1014 -11.4398 -17.8767 0.5 1.3 1.0 2.9
2023.1041 -11.4398 -17.2105 -1.7 1.4 1.0 2.9
2023.1068 -10.3451 -18.987 -1.1 1.3 1.0 3.0
2023.1096 -10.5093 -16.6553 -5.5 1.3 1.0 2.9
2023.1123 -10.6188 -19.4312 -6.8 1.3 1.0 2.9
2023.1151 -10.3451 -20.6525 4.6 1.3 1.0 2.9
2023.1178 -11.1114 -17.8767 -1.4 1.3 1.0 2.9
2023.1205 -10.0167 -17.9877 -14.6 1.3 1.0 2.9
2023.1233 -9.19562 -19.7643 -1.5 1.4 1.0 2.9
2023.1260 -7.82723 -19.8753 3.6 1.5 1.1 3.0
2023.1288 -6.78724 -19.5422 1.8 1.4 1.0 3.1
2023.1315 -11.7135 -17.5436 -0.1 1.3 1.0 3.0
2023.1342 -4.37887 -18.5429 -3.4 1.3 1.0 2.9
2023.1370 -8.37458 -17.5436 -2.6 1.3 1.0 2.9
2023.1397 -6.84198 -13.7684 -0.7 1.3 1.0 2.9
2023.1425 -0.218944 -12.658 -0.7 1.4 1.0 2.9
2023.1452 -4.65255 -14.8787 -0.6 1.3 0.9 2.8
2023.1479 -6.13041 -18.987 11 1.3 1.0 2.9
2023.1507 -9.85245 -9.32696 31.1 1.3 1.0 3.0
2023.1534 -11.5493 -20.0974 19.6 1.3 1.0 2.9
2023.1562 -5.91147 -22.3181 21.5 1.3 0.9 2.9
2023.1589 -11.5493 -23.7615 22.5 2.0 1.2 3.4
2023.1616 -6.45883 -22.207 13.5 1.3 1.0 2.9
2023.1644 -5.41885 -22.4291 18.3 1.3 0.9 2.8
2023.1671 -7.66302 -21.8739 9 1.3 1.0 2.9
2023.1699 -10.8924 -21.0967 13.3 1.3 0.9 2.8
2023.1726 -6.95145 -20.7636 2.6 1.3 0.9 2.8
2023.1753 -8.64826 -22.096 8.2 1.3 0.9 2.8
2023.1781 -8.59353 -24.6498 2.7 1.3 0.9 2.8
2023.1808 -10.4545 -26.9816 -4.7 1.3 1.0 2.9
2023.1836 -9.03141 -19.9863 -10.7 1.4 1.0 3.0
2023.1863 -8.92194 -18.5429 -12.9 1.4 1.0 3.1
2023.1890 -10.3998 -17.7656 -13 1.4 1.0 3.0
2023.1918 -8.1009 -19.3201 -7.2 1.3 1.0 2.9
2023.1945 -9.14089 -20.9857 -10.2 1.3 1.0 2.9
2023.1973 -11.1661 -19.6532 -14.5 1.3 1.0 2.9
2023.2000 -9.90719 -20.0974 -9.9 1.4 1.0 2.9
2023.2027 -11.0019 -20.4305 -14.6 1.3 1.0 2.9
2023.2055 -10.1809 -20.9857 -9.5 1.3 1.0 2.9
2023.2082 -5.0357 -21.4298 -6.9 1.4 1.0 2.9
2023.2110 -9.68824 -21.7629 -19.6 1.3 1.0 2.9
2023.2137 -7.11566 -21.0967 -7.1 1.4 1.0 3.0
2023.2164 -4.54308 -19.8753 -8.4 1.3 1.0 3.0
2023.2192 -8.37458 -20.4305 -9.6 1.4 1.0 3.0
2023.2219 -10.564 -21.6519 -8.5 1.4 1.0 2.9
2023.2247 -7.22513 -19.7643 -21 1.7 1.1 3.2
2023.2274 -6.95145 -20.7636 -15.9 1.7 1.2 3.3
2023.2301 -5.96621 -19.9863 -14.3 1.3 1.0 2.9
2023.2329 -6.62304 -19.4312 -14.6 1.3 1.0 2.9
2023.2356 -9.74298 -18.6539 -14.1 1.4 1.0 2.9
2023.2384 -14.5597 -13.6573 -22.2 1.4 1.0 3.0
2023.2411 -7.27987 -18.987 -20.2 1.4 1.1 3.0
2023.2438 -9.90719 -19.6532 -10.7 1.5 1.1 3.1
2023.2466 -7.00619 -19.2091 -8.4 1.4 1.0 3.0
2023.2493 -10.4545 -22.207 -5.4 1.4 1.0 3.0
2023.2521 -7.66302 -19.2091 -12.4 1.4 1.0 3.0
2023.2548 -9.25036 -21.6519 -17.3 1.4 1.0 3.1
2023.2575 -6.78724 -20.0974 -17.7 1.4 1.0 3.1
2023.2603 -10.4545 -22.5401 -16.5 1.4 1.0 3.0
2023.2630 -8.64826 -20.4305 -4.8 1.4 1.0 3.0
2023.2658 -10.2356 -19.3201 -11.4 1.3 1.0 2.9
2023.2685 -11.0019 -21.7629 -10.1 1.3 1.0 2.9
2023.2712 -10.6735 -20.6525 -14 1.3 1.0 2.9
2023.2740 -14.5597 -20.5415 -20.1 1.3 1.0 2.9
2023.2767 -9.74298 -21.4298 -9 1.3 1.0 2.9
2023.2795 -9.25036 -20.4305 -10 1.3 1.0 2.9
2023.2822 -11.3851 -20.5415 -10.6 1.4 1.0 3.1
2023.2849 -12.2608 -23.4284 -12.1 1.5 1.1 3.2
2023.2877 -9.52404 -22.096 -10.7 1.5 1.1 3.1
2023.2904 -8.81247 -22.5401 -8.4 1.4 1.0 3.1
2023.2932 -9.90719 -19.5422 -16 1.3 1.0 3.0
2023.2959 -10.1261 -20.0974 -9.7 1.3 1.0 2.9
2023.2986 -14.0671 -23.5395 -16.2 1.4 1.0 3.0
2023.3014 -11.9872 -20.8746 -16.9 1.3 1.0 2.9
2023.3041 -12.5892 -21.6519 -17.6 1.3 1.0 2.9
2023.3068 -10.564 -23.5395 -12.2 1.3 1.0 2.9
2023.3096 -12.3156 -20.4305 -18.4 1.6 1.1 3.0
2023.3123 -14.2313 -24.0946 -9.1 1.6 1.2 3.5
2023.3151 -13.7387 -22.3181 -9.9 1.3 1.0 2.9
2023.3178 -10.0714 -22.6512 -10.9 1.4 1.0 2.9
2023.3205 -12.9724 -22.5401 -8.1 1.4 1.0 2.9
2023.3233 -10.8924 -22.096 -14.1 1.3 1.0 2.9
2023.3260 -11.4945 -22.3181 -8.7 1.4 1.0 2.9
2023.3288 -9.30509 -24.7608 -9.3 1.3 1.0 2.9
2023.3315 -15.545 -23.3174 -10.3 1.3 1.0 2.9
2023.3342 -13.4103 -24.9829 -11.5 1.3 1.0 2.9
2023.3370 -13.1913 -24.3167 -11.4 1.3 1.0 3.0
2023.3397 -11.604 -23.5395 -11.8 1.3 1.0 2.9
2023.3425 -13.2461 -22.6512 -16.8 1.3 1.0 3.0
2023.3452 -13.7387 -23.6505 -10.4 1.3 1.0 3.1
2023.3479 -11.8777 -22.9843 -16.2 1.3 1.0 3.0
2023.3507 -9.90719 -21.3188 -19.9 1.3 1.0 3.0
2023.3534 -13.9029 -20.4305 -19.6 1.3 1.0 3.0
2023.3562 -11.7135 -23.0953 -14.4 1.3 1.0 3.0
2023.3589 -13.4103 -22.5401 -17.7 1.3 1.0 3.0
2023.3616 -9.74298 -23.2064 -14.2 1.3 1.0 3.0
2023.3644 -6.45883 -21.5408 -12.1 1.3 1.0 3.0
2023.3671 -12.0419 -21.4298 -15.3 1.4 1.0 3.0
2023.3699 -11.6587 -22.207 -10.8 1.4 1.0 3.0
2023.3726 -12.1514 -22.096 -24.2 1.3 1.0 3.0
2023.3753 -12.2061 -23.9836 -15.5 1.3 1.0 3.0
2023.3781 -8.75774 -20.6525 -19.1 1.4 1.0 3.1
2023.3808 -4.2694 -21.2077 -17.5 1.4 1.1 3.2
2023.3836 -14.505 -19.9863 -12.3 1.5 1.1 3.2
2023.3863 -11.3303 -25.094 -13.9 1.4 1.0 3.1
2023.3890 -13.0819 -23.5395 -17 1.4 1.0 3.1
2023.3918 -9.08615 -22.6512 -13 1.3 1.0 3.0
2023.3945 -7.9367 -22.7622 -14.3 1.4 1.0 3.0
2023.3973 -11.1661 -20.6525 -21.1 1.4 1.0 3.0
2023.4000 -7.3346 -24.4277 -18.5 1.4 1.0 3.0
2023.4027 -10.8924 -22.7622 -11.9 1.4 1.0 3.0
