1995.7014 0 0 0 2.1 1.5 4.4
1995.7041 -6.77655 0 9.6 1.5 1.0 2.9
1995.7068 -5.18614 -0.222178 9.8 1.5 1.0 3.0
1995.7096 -13.3457 1.22198 9.8 2.0 1.3 3.8
1995.7836 -13.0691 6.22098 6.2 1.9 1.6 4.3
1995.7863 -21.9201 3.44376 4.2 2.2 1.2 3.8
1995.7890 -11.5478 -2.22178 2.4 1.9 1.6 4.3
1995.7918 -11.2021 3.55485 13.2 2.1 1.2 4.1
2002.4027 -113.957 -59.5437 19.1 2.2 1.5 4.1
2002.4055 -111.951 -62.2098 11.7 1.7 1.1 3.4
2002.4082 -119.281 -62.8764 19.8 2.4 1.5 4.0
2002.4110 -118.797 -62.9875 11.9 1.8 1.1 3.5
2002.4137 -118.59 -61.6544 19 2.2 1.5 4.3
2002.4164 -117.276 -61.4322 6.1 1.8 1.2 3.6
2006.4466 -174.738 -93.2037 -6.7 2.1 1.7 4.1
2006.4493 -180.408 -96.5364 4.6 1.7 1.1 3.4
2006.4521 -167.478 -96.5364 10.4 1.9 1.5 3.8
2006.4548 -173.701 -90.9819 13 1.7 1.1 3.4
2006.4575 -177.366 -88.3158 9 2.6 1.9 4.6
2006.4603 -180.962 -91.8706 11.1 1.4 0.9 2.9
2011.4493 -254.743 -139.75 -2.2 1.7 1.2 3.6
2011.4521 -258.754 -143.971 -2.1 1.7 1.2 3.6
2011.4685 -251.493 -144.194 1.1 1.7 1.2 3.5
