1995.5151 0 0 0 1.7 1.1 3.2
1995.5178 5.15691 3.22047 -2.8 1.7 1.2 3.3
1995.5205 -0.177824 4.99729 1.6 1.7 1.2 3.3
1995.5233 3.20084 -2.66522 1.4 1.7 1.2 3.3
1995.5260 9.24688 3.66468 -2.5 1.9 1.3 3.5
1995.5288 0.948398 3.55363 -27.7 2.1 1.4 3.6
1995.5315 5.92749 6.88515 -11.3 1.9 1.2 3.3
1995.5342 6.34241 -2.10996 -7.9 1.8 1.2 3.4
1995.5370 0.889122 3.55363 -4.7 1.8 1.2 3.4
1995.5397 1.00767 4.88623 -1.6 1.8 1.2 3.3
1997.4685 -17.7825 -27.4295 53.6 1.7 1.1 3.2
1997.4712 -18.1381 -23.7649 51.7 1.5 1.0 3.1
1997.4740 -19.3236 -23.987 53.4 1.5 1.1 3.1
1997.4767 -14.9965 -27.2074 52 1.6 1.1 3.1
1997.4795 -17.3675 -20.1002 35.1 7.7 3.0 9.1
1998.6849 -27.7406 -52.1939 40.5 2.9 1.7 4.7
1998.6877 -33.3125 -49.5287 17.5 2.7 1.5 5.2
1998.6904 -33.6088 -45.3087 25.8 5.1 2.4 9.1
2000.6110 -72.019 -65.52 55.9 4.3 2.3 8.1
2001.5562 -88.9716 -69.1846 62.8 3.5 2.1 8.5
2005.9945 -153.166 -126.82 113.9 2.1 1.0 3.2
2005.9973 -163.717 -129.929 117.7 2.0 1.0 3.1
2006.5699 -173.675 -126.598 120.3 2.6 1.6 5.0
2006.5726 -175.276 -121.712 116.4 2.6 1.6 5.1
2007.3452 -164.014 -134.26 143.6 2.0 1.0 2.9
2007.3479 -180.788 -139.591 142.7 2.2 1.2 3.3
2019.4712 -405.203 -236.649 237.3 3.7 2.7 8.2
2019.4740 -416.524 -237.093 269.6 4.7 3.4 10.1
