2000.1068 0 0 0 1.4 1.0 2.9
2000.1096 -3.0827 4.55308 5.1 1.5 1.0 3.0
2000.1123 4.32764 2.66522 11.7 1.4 1.0 2.9
2000.1151 0.592828 4.55308 4 1.5 1.1 3.0
2000.1178 0.711394 3.44258 21.6 2.2 1.2 3.6
2000.1205 -0.65211 5.44149 15.2 1.4 1.0 2.9
2000.1233 2.84557 6.1078 11.4 1.5 1.0 3.0
2000.1260 3.37912 7.44041 11.7 1.4 1.0 2.9
2000.1288 -0.474262 6.3299 10.1 1.4 1.0 2.9
2000.1315 -1.18565 3.77573 13.1 1.4 1.0 2.9
2000.1342 1.89705 5.77464 21.2 1.4 1.0 2.8
2000.1370 5.33545 3.88678 10.6 1.4 1.0 2.9
2000.1397 2.48988 3.66468 11.9 1.5 1.0 3.1
2000.1425 -0.592828 2.33207 17.7 1.5 1.0 3.0
2000.1452 2.90485 3.10942 13.6 1.4 1.0 2.8
2000.1479 2.19346 2.66522 13 1.4 1.0 2.9
2000.1507 2.66772 0.333153 17.4 1.6 1.0 3.0
2000.1534 1.48207 1.44366 13.8 1.4 1.0 2.9
2000.1562 -2.48988 -0.222102 16.3 1.4 1.0 2.8
2000.1589 -1.18565 2.22102 17.7 1.4 1.0 2.8
2000.1616 5.33545 0 20.3 1.5 1.0 3.1
2000.1644 7.11393 0.888407 20.1 1.5 1.0 2.9
2000.1671 6.10612 -2.33207 16.8 1.8 1.1 3.2
2000.1699 3.61625 -0.555254 14.4 1.4 1.0 3.0
2000.1726 4.03123 -1.77681 1.6 1.5 1.0 3.0
2000.1753 3.14199 -2.10997 12.9 1.5 1.0 3.0
2000.1781 3.4384 -4.88624 -0.4 1.4 1.0 2.9
2000.1808 11.9158 -7.66251 14.1 1.5 1.0 3.1
2000.1836 9.72237 -6.7741 9.3 1.6 1.1 3.1
2000.1890 7.05465 -10.7719 10.3 1.4 1.0 2.9
2000.1918 2.48988 -14.1035 2.3 1.7 1.1 3.3
2000.1945 6.40254 -12.5487 18 1.6 1.0 3.1
2000.1973 18.1405 -17.9902 10.6 5.0 2.1 7.3
2000.2082 5.75043 -16.4355 16.1 1.5 1.0 3.1
2000.2110 3.61625 -20.9886 9.5 1.5 1.0 3.1
2000.2137 4.03123 -19.4339 14.2 1.5 1.0 3.0
2000.2164 9.84094 -18.8786 5.9 1.5 1.0 3.0
2000.2192 6.58038 -19.5449 22.4 1.6 1.1 3.1
2000.2219 7.94389 -20.3223 15.8 1.5 1.0 3.0
2000.2247 5.39473 -23.5428 17.5 1.5 1.0 3.0
2000.2274 4.68334 -24.098 12.9 1.5 1.0 3.1
2000.2301 6.34325 -25.3196 11.3 1.5 1.0 3.0
2000.2329 8.596 -22.7654 4.4 1.4 1.0 2.9
2000.2356 -0.177848 -26.4301 9.7 1.6 1.1 3.3
2000.2384 5.63186 -25.2085 10.6 1.6 1.1 3.2
2000.2411 5.98756 -24.098 7.2 1.4 1.0 2.9
2000.2438 -7.94389 -30.2058 9.6 1.8 1.2 3.3
2000.2466 8.06245 -24.2091 8.2 1.5 1.0 3.0
2000.2493 7.29178 -24.9864 4.9 1.8 1.1 3.4
2000.2521 4.86119 -25.8748 5.9 1.5 1.0 3.2
2000.2548 4.92047 -23.8759 10.6 1.6 1.1 3.2
2000.2575 1.60063 -24.9864 13.6 1.5 1.1 3.0
2000.2603 1.18566 -25.6527 6.1 1.6 1.1 3.1
2000.2630 0.889242 -25.5417 9.4 1.5 1.0 3.0
2000.2658 7.11393 -25.6527 5.4 1.9 1.2 3.5
2000.2685 5.69114 -27.4296 9.6 1.7 1.2 3.4
2000.2712 5.09832 -21.766 6.3 1.7 1.1 3.2
2000.2740 7.23249 -24.6533 9.8 1.5 1.1 3.2
2000.2767 7.76604 -24.3201 2 1.6 1.1 3.2
2000.2795 2.13418 -25.0975 2.1 1.5 1.0 3.0
2000.2822 3.7941 -25.8748 5.9 1.6 1.1 3.1
2000.2849 3.67553 -24.4312 6.5 1.5 1.1 3.2
2000.2877 3.26055 -26.208 11.7 1.5 1.0 3.1
2000.2904 4.68334 -25.5417 4 1.4 1.0 3.0
2000.2932 5.03903 -27.8738 5.5 1.5 1.0 3.1
2000.2959 2.48988 -25.5417 11.2 1.5 1.1 3.1
2000.2986 4.14979 -26.9854 13.5 1.5 1.0 3.0
2000.3014 4.62405 -25.8748 10 1.4 1.1 3.2
2000.3041 4.62405 -28.5401 11 1.5 1.0 3.3
2000.3068 5.5133 -26.8743 13 1.5 1.0 3.0
2000.3096 -1.48207 -25.6527 11.1 1.5 1.0 3.0
2000.3123 2.48988 -23.3207 9.5 1.5 1.1 3.0
2000.3151 -1.65992 -26.5411 8.8 1.5 1.1 3.1
2000.3178 0.41498 -25.5417 5.1 1.5 1.0 2.9
2000.3205 2.72701 -22.5433 0.6 1.4 1.0 3.0
2000.3233 3.31983 -24.5422 6.1 1.4 1.0 3.0
2000.3260 5.45401 -25.5417 5.9 1.4 1.0 3.0
2000.3288 2.60844 -25.4306 4.4 1.4 1.0 3.0
2000.3315 3.02342 -26.4301 2.6 1.4 1.0 3.0
2000.3342 1.18566 -26.5411 3 1.4 1.0 3.0
2000.3370 1.30422 -26.7632 3.4 1.5 1.1 3.1
2000.3397 -0.474262 -25.4306 7.3 1.5 1.1 3.1
2000.3425 3.49768 -27.4296 1.6 1.4 1.0 3.1
2000.3452 2.78629 -26.8743 6.9 1.4 1.0 3.0
2000.3479 2.54916 -26.0969 10.2 1.4 1.0 3.1
2000.3507 6.46182 -25.3196 4.3 1.4 1.0 3.0
2000.3534 2.19346 -27.3185 3.1 1.4 1.0 3.0
2000.3562 3.67553 -24.4312 1.5 1.4 1.0 3.0
2000.3589 -3.26055 -26.4301 2.4 1.4 1.0 3.0
2000.3616 3.02342 -26.319 7 1.5 1.1 3.0
2000.3644 4.56477 -26.5411 9.6 1.6 1.1 3.1
2000.3671 2.66772 -26.208 8.1 1.4 1.0 3.0
2000.3699 4.56477 -28.429 4.8 1.4 1.0 3.0
2000.3726 2.0749 -27.7627 11.4 1.4 1.0 3.1
2000.3753 4.50549 -28.318 7 1.5 1.1 3.1
2000.3781 5.75043 -28.9843 6.2 1.4 1.0 3.0
2000.3808 5.86899 -28.429 9.5 1.4 1.0 3.1
2000.3836 4.32764 -28.2069 3.9 1.4 1.0 3.1
2000.3863 5.86899 -28.318 6.1 1.4 1.0 3.0
2000.3890 2.19346 -25.9859 3.8 1.4 1.0 3.1
2000.3918 5.98756 -26.4301 6.4 1.5 1.0 3.1
2000.3945 3.85338 -25.9859 9.5 1.6 1.1 3.3
2000.3973 1.60063 -25.7638 3.3 1.6 1.1 3.2
2000.4000 2.31203 -26.319 6.1 1.6 1.2 3.3
2000.4027 -1.42279 -25.7638 11.4 1.5 1.0 3.1
2000.4055 0.118566 -23.7649 3.7 1.5 1.0 3.0
2000.4082 -4.14979 -26.6522 4.9 1.4 1.0 3.1
2000.4110 -1.60063 -28.6511 9.6 1.5 1.0 3.0
2000.4137 0.889242 -27.9848 10 1.5 1.0 3.1
2000.4164 -0.0592821 -26.8743 6.9 1.4 1.0 3.1
2000.4192 2.19346 -25.5417 12.8 1.5 1.0 3.1
2000.4219 -0.592828 -25.8748 11.5 1.4 1.0 3.0
2000.4247 2.19346 -27.0964 11.1 1.3 1.0 2.9
2000.4274 1.83777 -26.9854 6.9 1.4 1.0 3.0
2000.4301 2.31203 -28.0959 8.3 1.4 1.0 3.0
2000.4329 1.65992 -25.3196 12.3 1.4 1.0 3.0
2000.4356 3.73481 -29.9837 12.9 1.4 1.0 3.0
2000.4384 3.26055 -27.5406 7.1 1.6 1.2 3.2
2000.4411 1.54135 -25.8748 6.8 1.4 1.0 3.1
2000.4438 3.02342 -28.9843 9.9 1.4 1.0 3.1
2000.4466 3.31983 -31.5384 13.9 1.4 1.0 3.0
2000.4493 5.57258 -28.2069 12.5 1.4 1.0 3.0
2000.4521 0 -27.2075 7.2 1.4 1.0 3.0
2000.4548 1.95633 -28.2069 5.2 1.4 1.1 3.0
2000.4575 4.38692 -28.2069 4.4 1.4 1.0 3.1
2000.4603 1.7192 -29.2064 3.1 1.4 1.0 3.0
2000.4630 -0.23713 -26.9854 9.2 1.4 1.0 3.0
2000.4658 2.54916 -26.8743 5.6 1.4 1.0 3.0
2000.4685 4.03123 -25.3196 8.6 1.4 1.1 3.1
2000.4712 1.48207 -27.9848 2.2 1.4 1.0 3.0
2000.4740 -0.355696 -27.3185 2 1.4 1.0 3.1
2000.4767 1.95633 -25.7638 6.2 1.4 1.0 3.1
2000.4795 0.592828 -25.5417 3.9 1.4 1.0 3.1
2000.4822 3.97194 -29.2064 8 1.4 1.0 3.0
2000.4849 1.30422 -27.0964 5.8 1.4 1.0 3.0
2000.4877 2.43059 -30.7611 4.4 1.6 1.1 3.3
2000.4904 5.80971 -29.5395 5.9 1.5 1.1 3.3
2000.4932 3.0827 -23.7649 7.9 1.5 1.0 3.3
2000.4959 4.56477 -27.3185 10.6 1.4 1.0 3.1
2000.4986 4.50549 -28.8732 7.7 1.4 1.0 3.1
2000.5014 3.37912 -27.3185 9 1.4 1.0 3.1
2000.5041 4.97975 -27.9848 12.7 1.5 1.0 3.2
2000.5068 2.37131 -27.3185 14.1 1.5 1.0 3.1
2000.5096 3.31983 -24.6533 10.1 1.4 1.0 3.1
2000.5123 4.56477 -27.2075 6 1.5 1.0 3.1
2000.5151 2.13418 -27.8738 6.3 1.4 1.0 3.2
2000.5178 -1.7192 -26.6522 5.8 1.4 1.0 3.2
2000.5205 0.770676 -27.3185 9.5 1.4 1.0 3.1
2000.5233 2.43059 -25.8748 8.4 1.5 1.0 3.2
2000.5260 2.19346 -23.6538 2.4 2.3 1.5 4.6
2000.6110 3.67553 -27.5406 0.4 2.0 1.2 3.9
2000.6164 -1.65992 -26.7632 -0.2 2.5 1.5 4.4
2000.6192 1.89705 -28.6511 -4.7 1.7 1.1 3.4
2000.6219 -2.96414 -21.2107 -17.4 1.5 1.1 3.5
2000.6247 -12.3308 -26.6522 -16.6 1.7 1.1 3.3
2000.6274 -3.4384 -27.7627 -2.5 1.6 1.0 3.3
2000.6301 -1.95633 -26.8743 -4 1.6 1.0 3.3
2000.6329 1.12637 -24.9864 3 1.5 1.1 3.4
2000.6356 -4.62405 -28.429 -2.9 1.4 1.0 3.2
2000.6384 0.474262 -28.9843 1.6 1.5 1.0 3.3
2000.6411 -1.42279 -25.9859 -4.8 1.5 1.0 3.2
2000.6438 0.0592821 -35.2031 -19.1 2.5 2.1 5.4
2000.6493 1.54135 -32.0937 -2.6 1.6 1.1 3.4
2000.6521 -0.0592821 -30.9832 -9.4 1.5 1.1 3.3
2000.6548 -0.177848 -29.3174 2.9 1.5 1.0 3.2
2000.6575 2.72701 -28.5401 -5.2 1.5 1.0 3.3
2000.6603 1.3635 -28.429 -4.3 1.5 1.1 3.4
2000.6630 0.237132 -30.8721 2.4 1.5 1.1 3.3
2000.6658 8.35887 -28.0959 8.8 1.5 1.0 3.3
2000.6685 1.00781 -31.3163 1.4 1.5 1.0 3.1
2000.6712 -0.0592821 -29.9837 -0.2 1.5 1.0 3.2
2000.6740 -3.20127 -28.7622 -8.4 1.7 1.0 3.3
2000.6767 1.18566 -28.2069 -4.4 1.5 1.0 3.2
2000.6795 1.24494 -28.2069 -2.7 1.5 1.0 3.2
2000.6822 -2.54916 -32.6489 -10.5 1.5 1.0 3.3
2000.6849 -4.74262 -26.9854 -1.6 1.6 1.1 3.3
2000.6877 -9.18883 -35.7584 -13.7 1.5 1.1 3.3
2000.6904 -1.65992 -23.8759 1.9 1.6 1.1 3.3
2000.6932 1.24494 -32.4268 3.4 1.6 1.1 3.4
2000.6959 -3.97194 -32.9821 -4.1 1.6 1.1 3.4
2000.6986 -2.25274 -33.3152 6.4 1.6 1.0 3.2
2000.7014 -4.97975 -30.8721 -2.5 1.6 1.1 3.3
2000.7041 3.55696 -31.5384 2 1.6 1.0 3.3
2000.7068 2.96414 -29.5395 10.2 1.5 1.1 3.2
2000.7096 -2.60844 -31.2053 2.2 1.5 1.0 3.1
2000.7123 -5.57258 -31.4274 -1.7 1.5 1.0 3.2
2000.7151 -3.0827 -30.2058 -0.4 1.5 1.0 3.3
2000.7178 -0.711392 -29.5395 -0.7 1.5 1.0 3.1
2000.7205 -4.62405 -32.3158 2 1.5 1.1 3.3
2000.7233 -2.78629 -29.4285 -4.5 1.5 1.0 3.2
2000.7260 -5.86899 -16.2134 0.4 1.5 1.0 3.2
2000.7315 -4.26836 -31.4274 0.6 1.5 1.0 3.1
2000.7342 -1.3635 -31.2053 -3.2 1.4 1.0 3.2
2000.7370 -1.12637 -29.6506 7.6 1.5 1.0 3.2
2000.7397 -6.28397 -31.6495 3.5 1.5 1.1 3.3
2000.7425 1.3635 -28.8732 8.5 1.4 1.1 3.2
2000.7452 -5.45401 -31.0942 -2.4 1.4 1.0 3.2
2000.7479 -6.8768 -29.4285 3.9 1.4 1.0 3.2
2000.7507 -3.67553 -30.4279 4.7 1.6 1.2 3.4
2000.7534 -4.86118 -31.2053 -0.6 1.5 1.0 3.1
2000.7562 -5.69114 -30.7611 1.2 1.6 1.1 3.3
2000.7589 -3.55696 -29.4285 -2.8 1.8 1.2 3.4
2000.7616 -9.84094 -31.6495 8.5 1.8 1.3 3.7
2000.7644 -3.20127 -31.7605 13.2 2.1 1.6 4.4
2000.7671 -0.711392 -29.2064 3.6 1.4 1.0 3.1
2000.7699 -6.63967 -30.8721 -0.5 1.4 1.0 3.1
2000.7726 -4.50549 -29.2064 2.9 1.4 1.0 3.0
2000.7753 -1.95633 -28.8732 -1 1.4 1.0 3.0
2000.7781 -3.4384 -28.8732 2.4 1.4 1.0 3.2
2000.7808 -5.09832 -27.8738 4.2 1.4 1.0 3.2
2000.7836 -2.54916 -27.8738 5.6 1.4 1.1 3.2
2000.7863 -1.48207 -29.4285 6.3 1.5 1.1 3.2
2000.7890 -0.65211 -32.5379 11.6 1.8 1.3 3.6
2000.7918 -3.55696 -31.4274 6.2 1.4 1.0 3.0
2000.7945 -2.13418 -31.2053 5.8 1.4 1.0 3.1
2000.7973 -0.711392 -32.5379 -1.4 1.5 1.0 3.2
2000.8000 -4.74262 -28.2069 -3.8 1.4 1.1 3.2
2000.8027 -5.98756 -29.6506 -0.8 1.4 1.0 3.1
2000.8055 -4.26836 -30.2058 1.5 1.3 1.0 2.9
2000.8082 -3.55696 -30.7611 -0.6 1.4 1.0 3.0
2000.8110 -1.12637 -28.2069 0.3 1.5 1.0 3.2
2000.8137 -4.26836 -30.3169 4.6 1.4 1.1 3.1
2000.8164 2.01561 -29.5395 7.5 1.4 1.0 3.1
2000.8192 -0.88924 -30.7611 5 1.4 1.0 3.1
2000.8219 -1.95633 -29.6506 -4.6 1.4 1.0 3.1
2000.8247 -6.8768 -34.0926 1 1.4 1.1 3.2
2000.8274 -3.91266 -32.5379 -0.1 1.4 1.1 3.2
2000.8301 -3.73481 -30.0948 -8.7 2.0 1.4 4.1
2000.8329 -6.5211 -28.9843 -3.3 1.4 1.0 3.2
2000.8356 0.0592821 -30.2058 9.4 1.4 1.1 3.2
2000.8384 -0.533544 -29.7616 0.3 1.3 1.0 3.1
2000.8411 -1.7192 -29.2064 0 1.4 1.0 3.1
2000.8438 -7.29178 -26.8743 -2.7 1.3 1.0 3.0
2000.8493 0.177848 -28.2069 -3.9 1.4 1.0 3.1
2000.8521 -3.31983 -26.8743 -2 1.8 1.3 3.5
2000.8548 -3.49768 -29.2064 0.4 1.6 1.2 3.3
2000.8575 0 -28.8732 -4.8 1.4 1.1 3.2
2000.8603 -1.00781 -21.5439 2.3 1.3 1.1 3.1
2000.8630 0.296414 -27.0964 1.7 1.6 1.3 3.4
2000.8658 -3.73481 -34.0926 2.8 1.4 1.1 3.0
2000.8685 -2.31203 -29.0953 2.4 1.3 1.0 2.9
2000.8712 -2.43059 -26.7632 -4.3 1.4 1.1 3.0
2000.8740 -4.26836 -29.7616 9.6 1.3 1.0 3.0
2000.8767 -0.0592821 -29.3174 0.8 1.3 1.0 2.9
2000.8795 -0.177848 -31.9826 7.7 1.5 1.0 3.0
2000.8822 -1.12637 -28.6511 7.1 1.3 1.0 3.0
2000.8849 -2.01561 -27.0964 8.6 1.4 1.0 3.0
2000.8877 -5.92827 -27.6517 -6.5 1.5 1.1 3.3
2000.8904 -0.770676 -24.098 -0.6 1.4 1.1 3.1
2000.8932 -5.5133 -29.5395 1.6 1.4 1.0 3.0
2000.8959 -2.78629 -28.9843 0.2 1.3 1.0 3.1
2000.8986 -0.592828 -28.429 3.6 1.3 1.1 3.1
2000.9014 0.296414 -30.539 2.7 1.4 1.0 3.1
2000.9041 -3.73481 -34.7589 0.5 1.4 1.0 3.0
2000.9068 -4.32764 -30.9832 2.3 1.5 1.1 3.1
2000.9096 -5.98756 -28.8732 -3.8 1.5 1.1 3.1
2000.9123 -2.25274 -31.5384 3.7 1.6 1.3 3.5
2000.9151 -5.33545 -25.8748 3.7 2.0 1.5 3.7
2000.9178 -5.09832 -31.6495 -5 1.3 1.0 3.0
2000.9205 -3.37912 -31.0942 -5.2 1.4 1.1 3.1
2000.9233 -9.6038 -27.0964 -0.2 1.3 1.1 3.0
2000.9260 -8.06245 -29.8727 -4.2 1.4 1.1 3.3
2000.9288 0.177848 -37.9794 -4.6 1.4 1.1 3.3
2000.9315 -0.177848 -34.5368 4.2 1.4 1.0 3.1
2000.9342 -2.31203 -28.0959 0.3 1.3 1.0 3.0
2000.9370 -3.49768 -31.4274 -0.9 1.3 1.0 3.0
2000.9397 -2.66772 -33.9816 6.7 1.4 1.0 3.1
2000.9425 -1.30422 -32.3158 -2.3 1.3 1.0 3.0
2000.9452 0.948524 -34.7589 6.8 1.3 1.0 3.0
2000.9479 3.4384 -25.2085 -5.1 1.3 1.1 3.0
2000.9507 -0.65211 -31.8716 3.3 1.3 1.0 3.0
2000.9534 -2.54916 -32.0937 8.6 1.3 1.0 3.0
2000.9562 -3.14199 -28.9843 6.8 1.3 1.0 2.9
2000.9589 -3.14199 -31.3163 -0.1 1.3 1.0 2.9
2000.9616 -3.14199 -31.8716 3.5 1.3 1.0 2.8
2000.9644 -7.70676 -32.6489 0.6 1.4 1.0 3.0
2000.9671 1.3635 -30.0948 16.9 1.3 1.0 3.0
2000.9699 -13.5165 -37.4241 -4.9 1.4 1.1 3.2
2000.9726 -2.37131 -34.0926 2.4 1.3 1.1 3.0
2000.9753 -3.73481 -32.871 5.3 1.3 1.0 2.9
2000.9781 -5.80971 -29.2064 0.2 1.4 1.0 3.1
2000.9808 -2.43059 -28.318 5.4 1.5 1.1 3.2
2000.9836 -2.84557 -29.3174 6.3 1.3 1.0 2.9
2000.9863 -4.74262 -31.3163 3.3 1.4 1.0 3.0
2000.9918 -1.60063 -29.0953 2.1 1.4 1.1 3.1
2000.9945 -1.7192 -31.3163 -0.2 1.4 1.0 3.0
2000.9973 -2.48988 -32.4268 1.1 1.3 1.0 3.0
2001.0000 -9.84094 -32.5379 -1.4 1.3 1.0 3.0
2001.0027 -5.1576 -30.65 3.1 1.3 1.0 2.9
2001.0027 -11.0266 -31.8716 0 1.3 1.0 3.0
2001.0055 -12.0937 -32.9821 4.3 1.4 1.0 2.9
2001.0082 -12.5679 -37.5352 1.3 1.4 1.0 3.0
2001.0110 -7.58819 -32.5379 2.7 1.3 1.0 2.9
2001.0137 -9.30739 -32.3158 2.4 1.3 1.0 2.9
2001.0164 -3.0827 -33.9816 11.7 1.4 1.0 3.0
2001.0192 -3.49768 -33.2042 5.8 1.3 1.0 2.9
2001.0219 -8.29958 -29.9837 -0.6 1.3 1.0 3.0
2001.0247 -9.84094 -35.2031 -1.7 1.3 0.9 2.8
2001.0301 -6.75823 -32.0937 4.5 1.3 1.0 2.9
2001.0329 -6.58038 -33.3152 6.5 1.4 1.0 3.0
2001.0356 -11.323 -32.2047 -0.2 1.5 1.0 3.1
2001.0384 -9.84094 -31.5384 -1.1 1.4 1.0 2.9
2001.0411 -7.94389 -35.6473 0.4 1.4 1.0 3.0
2001.0438 -8.77385 -33.5373 -1.3 1.4 1.0 2.9
2001.0466 -3.4384 -34.981 2.8 1.4 1.0 3.0
2001.0493 -10.1373 -28.5401 5.5 1.4 1.0 2.9
2001.0521 -5.21688 -31.4274 -0.9 1.4 1.0 3.0
2001.0548 -10.908 -30.2058 -8.4 1.4 1.0 3.0
2001.0575 -8.47743 -29.0953 -0.2 1.4 1.0 3.0
2001.0603 -11.323 -31.7605 -6.4 1.4 1.0 2.9
2001.0630 -10.908 -31.0942 -2.2 1.5 1.0 3.2
2001.0658 -9.01098 -28.5401 -4.8 1.6 1.1 3.2
2001.0685 -11.738 -29.6506 0.3 1.4 1.0 3.0
2001.0712 -3.7941 -35.4252 -20.2 1.5 1.0 3.1
2001.0767 -12.5679 -33.8705 0.2 1.4 1.0 2.9
2001.0795 -12.0344 -31.8716 -6.8 1.4 1.0 3.0
2001.0822 -11.9158 -30.2058 0.1 1.4 1.0 2.9
2001.0849 -11.6194 -31.5384 1.2 1.7 1.1 3.4
2001.0877 -12.8051 -33.8705 -6.8 1.4 1.0 3.0
2001.0904 -10.0781 -32.4268 -1.5 1.4 0.9 2.9
2001.0932 -15.8285 -32.76 -5 1.4 1.0 2.9
2001.0959 -9.24811 -30.7611 3 1.4 1.0 3.0
2001.0986 -12.5679 -31.8716 -2.5 1.4 1.0 3.0
2001.1014 -10.8487 -32.5379 -4.9 1.5 1.0 3.1
2001.1041 -11.9751 -35.7584 0.3 1.4 1.0 3.0
2001.1068 -14.88 -35.9805 5 1.4 1.0 3.1
2001.1096 -13.9907 -33.8705 -5.3 1.4 1.0 3.0
2001.1123 -14.3464 -35.5363 5.9 1.4 1.0 3.0
2001.1151 -13.8129 -34.87 5.7 1.5 1.0 3.2
2001.1178 -13.2201 -34.4258 2.1 1.5 1.0 3.2
2001.1205 -11.2044 -35.7584 0.1 1.4 0.9 3.0
2001.1233 -10.908 -29.2064 3.7 1.4 1.0 3.0
2001.1260 -10.6709 -33.7595 -5.4 1.4 1.0 3.0
2001.1288 -14.1093 -33.6484 1.4 1.4 0.9 2.9
2001.1315 -16.1249 -37.091 -0.9 1.4 1.0 3.0
2001.1342 -13.1015 -33.5373 0.5 1.4 1.0 3.0
2001.1370 -8.12174 -34.0926 -6.7 1.4 0.9 3.0
2001.1397 -11.3823 -35.7584 0.2 1.4 1.0 3.1
2001.1425 -11.9751 -33.8705 2.3 1.4 1.0 3.0
2001.1479 -11.738 -35.5363 1.1 1.4 1.0 3.0
2001.1507 -13.8129 -36.5357 0.7 1.5 1.0 3.0
2001.1534 -6.58038 -35.4252 0.3 1.5 1.0 3.1
2001.1562 -10.493 -40.9778 -14 1.4 1.0 3.1
2001.1589 -11.9158 -36.7578 -3.1 1.5 1.0 3.1
2001.1616 -8.77385 -34.3147 15.2 1.4 1.0 3.1
2001.1644 -9.18883 -37.7573 2.7 1.4 1.0 3.1
2001.1671 -8.47743 -34.981 -4.6 1.5 1.0 3.1
2001.1699 -5.09832 -34.2037 -6.2 1.4 1.0 3.1
2001.1726 -8.83313 -36.5357 1.1 1.5 1.0 3.0
2001.1753 -6.99536 -34.3147 3.7 1.4 1.0 3.1
2001.1781 -8.47743 -35.0921 -7.3 1.4 1.0 3.1
2001.1808 -12.5679 -37.202 -8.1 1.4 0.9 2.9
2001.1836 -14.4057 -35.7584 -13.3 1.5 1.0 3.1
2001.1863 -13.1015 -34.6479 -12.8 1.5 1.1 3.1
2001.1890 -10.5523 -37.091 -6.9 1.4 1.0 3.2
2001.1918 -11.8565 -37.3131 -9.4 1.4 1.0 3.1
2001.1945 -13.5757 -35.4252 -3.9 1.5 1.0 3.2
2001.1973 -15.0578 -34.6479 -7.6 1.4 1.0 3.0
2001.2000 -10.3745 -38.8678 5.2 1.4 1.0 2.9
2001.2027 -14.1686 -35.5363 -0.9 1.4 1.0 3.0
2001.2082 -12.2122 -36.0915 0.4 1.4 1.0 3.1
2001.2110 -12.6865 -37.091 0.1 1.4 1.0 2.9
2001.2137 -18.1998 -37.3131 -6 1.5 1.0 3.0
2001.2164 -12.4494 -33.3152 1.2 1.9 1.2 3.8
2001.2192 -12.7458 -36.7578 -0.6 1.3 1.0 3.0
2001.2219 -11.2044 -34.4258 -0.3 1.3 1.0 2.9
2001.2247 -10.5523 -35.2031 -4.1 1.5 1.0 3.1
2001.2274 -11.738 -35.2031 4 2.3 1.9 5.0
2001.2301 -13.7536 -37.7573 -0.8 1.4 1.0 3.1
2001.2329 -12.3308 -35.8694 2.5 1.5 1.1 3.2
2001.2356 -10.0781 -38.3125 4 1.5 1.0 3.2
2001.2384 -8.83313 -36.4247 6 1.6 1.1 3.4
2001.2438 -11.323 -34.87 -2.6 1.4 1.0 3.1
2001.2466 -12.153 -33.5373 -6.2 3.2 1.5 4.8
2001.2493 -9.9595 -34.6479 -2.4 1.4 1.0 3.0
2001.2521 -8.00317 -37.6462 1.7 1.4 1.1 3.1
2001.2575 -12.3308 -37.202 1.7 1.4 1.0 3.0
2001.2658 -9.07026 -34.2037 10.1 1.4 1.0 3.0
2001.2685 -12.8644 -35.5363 13.8 1.4 1.1 3.1
2001.2712 -8.95169 -38.8678 1.8 2.1 1.3 3.9
2001.2740 -8.18102 -35.5363 -8.7 1.4 1.0 3.1
2001.2767 -9.18883 -37.091 -3.6 1.6 1.1 3.2
2001.2795 -12.9236 -32.6489 -3.5 1.4 1.1 3.0
2001.2822 -11.3823 -33.6484 0.5 1.4 1.1 3.2
2001.2849 -12.153 -38.5346 3 1.4 1.1 3.1
2001.2877 -12.8644 -38.0904 -1.8 1.4 1.1 3.1
2001.2904 -11.738 -36.0915 1.7 1.4 1.1 3.1
2001.2932 -12.0937 -36.3136 3.7 1.4 1.0 3.1
2001.2959 -11.5009 -34.981 0.5 1.6 1.2 3.3
2001.2986 -11.1452 -35.5363 -4.5 1.3 1.0 2.9
2001.3014 -9.42596 -36.9799 1.9 1.4 1.0 3.0
2001.3041 -11.3823 -36.0915 -7.1 1.4 1.0 3.0
2001.3068 -15.6506 -38.6457 5.3 1.5 1.1 3.3
2001.3096 -12.3308 -35.8694 2.8 1.4 1.0 3.1
2001.3123 -12.153 -35.8694 -0.5 1.4 1.0 3.0
2001.3151 -11.738 -37.3131 3.7 1.4 1.1 3.0
2001.3178 -13.6943 -36.5357 -2.3 2.1 1.6 4.8
2001.3205 -17.9034 -38.4236 0 1.3 1.0 3.0
2001.3233 -13.2201 -38.5346 -1.5 1.4 1.0 3.0
2001.3260 -16.1842 -36.2026 1.2 1.3 1.0 2.9
2001.3288 -15.3542 -38.4236 -0.3 1.4 1.0 3.1
2001.3315 -13.5165 -36.7578 -3.3 1.3 1.0 3.0
2001.3342 -14.2279 -38.0904 -0.8 1.3 1.0 2.9
2001.3370 -11.2637 -37.202 -1.8 1.3 1.0 2.9
2001.3397 -16.8363 -36.7578 -1.1 1.3 1.0 2.9
2001.3425 -12.3901 -36.6468 -1.7 1.3 1.0 2.9
2001.3452 -17.4884 -36.5357 4.3 1.3 1.0 2.9
2001.3479 -19.3262 -38.3125 2.6 1.3 1.0 3.1
2001.3507 -14.8207 -36.4247 5.5 1.4 1.0 3.0
2001.3534 -16.2435 -38.0904 2.7 1.3 1.0 3.0
2001.3562 -15.3542 -35.4252 1.1 1.4 1.0 3.0
2001.3589 -11.6787 -35.7584 4.5 1.3 1.0 3.0
2001.3616 -13.5165 -36.8689 2.3 1.4 1.0 3.1
2001.3644 -15.1171 -36.9799 -6.3 1.3 1.0 3.1
2001.3671 -15.8878 -37.202 -3.8 1.3 1.0 3.0
2001.3699 -16.0063 -37.202 3.1 1.3 1.0 3.0
2001.3726 -13.2793 -37.4241 -2.6 1.3 1.0 3.0
2001.3753 -15.1764 -38.0904 -1.2 1.4 1.0 3.1
2001.3781 -16.5992 -37.4241 -4.3 1.3 1.0 3.0
2001.3808 -13.5165 -38.0904 2.8 1.3 1.0 2.9
2001.3836 -16.777 -36.4247 1.3 1.3 1.0 2.9
2001.3863 -16.8363 -37.7573 -0.6 1.3 1.0 3.0
2001.3890 -14.1686 -37.9794 -1 1.4 1.0 3.1
2001.3918 -12.2715 -35.9805 2.3 1.3 1.0 3.0
2001.3945 -12.6865 -36.8689 -2.4 1.3 1.0 3.1
2001.3973 -13.1608 -37.202 3.5 1.3 1.0 3.0
2001.4000 -14.1093 -38.4236 4.9 1.3 1.0 2.9
2001.4027 -18.4369 -40.7557 2 1.3 1.0 3.0
2001.4055 -17.0734 -38.8678 3.4 1.4 1.0 3.1
2001.4082 -14.1093 -39.423 -2.8 1.3 1.0 3.0
2001.4110 -14.5243 -36.5357 -2.8 1.3 1.0 3.0
2001.4137 -18.1998 -41.7551 -3.2 1.4 1.0 3.0
2001.4164 -14.3464 -39.2009 3 1.5 1.2 3.6
2001.4192 -10.8487 -37.8683 -3 1.4 1.0 3.2
2001.4219 -14.05 -38.6457 -5 1.4 1.0 3.1
2001.4247 -15.6506 -39.8672 -2.6 1.4 1.0 3.1
2001.4274 -14.9393 -39.5341 2.8 1.4 1.0 3.1
2001.4301 -13.0422 -38.3125 -1.7 1.4 1.0 3.0
2001.4329 -11.9751 -37.9794 -1 1.4 1.0 3.1
2001.4356 -15.6506 -37.202 0.1 1.4 1.0 3.1
2001.4438 -15.5914 -35.3142 1.6 1.4 1.0 3.0
2001.4466 -17.7255 -37.202 1.2 1.4 1.0 3.1
2001.4493 -13.2201 -35.6473 6.8 1.4 1.0 3.1
2001.4521 -8.06245 -39.6451 9.2 1.4 1.0 3.0
2001.4548 -13.2201 -37.202 0.3 1.4 1.0 3.1
2001.4575 -14.2279 -36.9799 -0.3 1.4 1.0 3.1
2001.4603 -17.3698 -34.6479 -6.6 1.5 1.1 3.2
2001.4630 -13.8722 -37.202 3.6 1.4 1.0 3.1
2001.4658 -18.5555 -36.4247 -3.1 1.4 1.0 3.2
2001.4685 -17.3698 -36.3136 4.1 1.5 1.1 3.2
2001.4712 -13.1015 -42.0883 -2 1.5 1.0 3.2
2001.4740 -16.3028 -36.7578 0.2 1.4 1.0 3.1
2001.4767 -13.7536 -38.6457 -3.4 1.5 1.0 3.2
2001.4795 -12.2715 -38.2015 -1.1 1.4 1.0 3.2
2001.4822 -14.2279 -39.0899 5 1.4 1.0 3.1
2001.4849 -19.3855 -34.87 -11.1 2.1 1.6 4.8
2001.4877 -16.8956 -34.5368 -0.9 1.5 1.0 3.2
2001.4904 -11.0266 -41.1999 5.5 1.5 1.0 3.2
2001.4932 -16.5399 -38.0904 2.1 1.5 1.1 3.3
2001.4959 -15.2949 -35.7584 6.1 1.5 1.0 3.1
2001.4986 -9.90022 -38.4236 6.6 1.5 1.0 3.1
2001.5014 -0.829958 -34.6479 20.6 5.7 2.0 6.7
2001.5041 -14.9393 -37.7573 4 1.5 1.0 3.1
2001.5068 -13.2793 -37.091 6.8 1.4 1.0 3.0
2001.5096 -11.6194 -34.5368 7.1 1.5 1.0 3.1
2001.5123 -14.2871 -37.4241 -6.3 1.4 1.0 3.1
2001.5151 -16.5992 -37.6462 -6.9 1.5 1.0 3.0
2001.5178 -13.8722 -38.7567 2.7 1.5 1.0 3.0
2001.5205 -17.4884 -36.4247 -0.1 1.5 1.0 3.1
2001.5233 -19.2669 -37.4241 2.1 1.6 1.0 3.2
2001.5260 -15.2357 -35.8694 5.5 1.5 1.0 3.0
2001.5288 -14.05 -37.202 1.5 1.5 1.0 3.1
2001.5315 -15.4135 -35.8694 3.1 1.5 1.0 3.1
2001.5342 -13.1015 -36.9799 2.8 1.5 1.0 3.1
2001.5370 -12.4494 -38.5346 1.6 1.5 1.0 3.1
2001.5397 -18.0812 -37.7573 -2.8 1.5 1.0 3.1
2001.5425 -20.0376 -37.202 0 1.5 1.0 3.1
2001.5452 -14.7614 -37.5352 -4.6 1.5 1.0 3.2
2001.5479 -6.34325 -38.2015 11.3 1.6 1.2 3.5
2001.5507 -16.2435 -37.091 -1.8 1.6 1.0 3.2
2001.5534 -15.6506 -38.6457 0.4 1.5 1.0 3.1
2001.5562 -17.0141 -37.7573 -1.1 1.8 1.1 3.6
2001.5589 -18.3777 -39.0899 -5.3 1.5 1.0 3.1
2001.5616 -16.4213 -39.9783 1.5 1.5 1.0 3.1
2001.5644 -13.8722 -35.2031 -1.3 1.5 1.0 3.1
2001.5671 -14.88 -36.3136 0.6 1.6 1.0 3.1
2001.5699 -20.2747 -37.202 -8.1 2.7 1.9 5.5
2001.6000 -19.2669 -39.8672 0.6 1.6 1.0 3.2
2001.6027 -14.7021 -40.9778 0.2 1.7 1.1 3.3
2001.6055 -16.0063 -44.0872 -8.4 1.7 1.1 3.4
2001.6082 -16.2435 -42.3104 5.4 1.6 1.0 3.3
2001.6110 -14.9393 -43.643 2 1.6 1.0 3.1
2001.6137 -12.0344 -42.1993 5 1.6 1.0 3.2
2001.6685 -26.2623 -35.9805 -7.1 2.9 1.9 5.7
2001.6712 -17.9034 -41.422 8.7 2.9 2.0 6.1
2001.6740 -17.9034 -39.6451 4.7 1.6 1.0 3.2
2001.6767 -16.4213 -41.0888 15.2 1.6 1.0 3.3
2001.6795 -8.47743 -45.3087 9.9 1.6 1.1 3.5
2001.6822 -2.31203 -38.7567 9.5 1.6 1.0 3.2
2001.6849 -17.1327 -41.422 5.2 1.5 1.0 3.0
2001.6877 -17.9034 -41.6441 1.8 1.5 1.0 3.1
2001.6904 -19.7412 -38.8678 7.1 1.5 1.0 3.3
2001.6932 -15.8878 -39.2009 9.8 1.5 1.0 3.0
2001.6959 -20.6304 -40.3115 5.7 1.5 1.0 3.3
2001.6986 -17.0141 -40.9778 2.7 1.5 1.0 3.2
2001.7014 -18.7926 -40.7557 5.7 1.5 1.0 3.1
2001.7041 -18.022 -39.9783 12.5 1.5 1.0 3.1
2001.7068 -16.8956 -41.422 9.5 1.5 1.0 3.2
2001.7096 -17.192 -39.423 9 1.5 1.0 3.1
2001.7123 -17.2513 -39.7562 12.4 1.5 1.0 3.1
2001.7151 -17.4291 -41.7551 13.3 1.5 1.0 3.1
2001.7178 -15.6506 -39.6451 8.7 1.5 1.0 3.0
2001.7205 -16.8956 -39.7562 4.3 1.6 1.0 3.2
2001.7233 -18.9112 -39.7562 2.5 1.5 1.0 3.2
2001.7260 -20.8082 -41.422 10.7 1.5 1.0 3.2
2001.7288 -15.3542 -39.0899 6 1.5 1.0 3.2
2001.7315 -19.3855 -41.9772 20.1 1.5 1.0 3.3
2001.7342 -19.504 -40.5336 17 1.9 1.3 4.1
2001.7370 -16.777 -38.5346 9.9 1.7 1.1 3.5
2001.7397 -17.8441 -40.0893 6.9 1.6 1.0 3.5
2001.7425 -18.4962 -39.7562 9.6 1.6 1.0 3.4
2001.7452 -22.0532 -40.8667 5.7 1.6 1.1 3.5
2001.7479 -16.3028 -36.6468 17.3 3.5 1.9 6.0
2001.7507 -16.4806 -38.2015 13 2.0 1.2 3.8
2001.7534 -15.3542 -38.8678 7.6 1.8 1.2 3.6
2001.7562 -14.2871 -42.5325 10.9 1.8 1.3 3.9
2001.7589 -14.1093 -39.9783 20.3 1.8 1.1 3.5
2001.7616 -16.0656 -38.8678 8 1.6 1.0 3.5
2001.7644 -16.362 -38.4236 11.5 1.5 1.0 3.3
2001.7671 -16.777 -39.423 7.4 1.6 1.1 3.4
2001.7699 -18.3777 -36.9799 13.4 1.6 1.1 3.4
2001.7726 -17.0141 -38.0904 6.6 1.5 1.1 3.5
2001.7753 -15.9471 -38.2015 8.4 1.5 1.0 3.3
2001.7781 -17.5477 -42.4214 13.1 1.5 1.0 3.3
2001.7808 -20.5711 -38.0904 13.7 1.5 1.0 3.3
2001.7836 -19.2076 -40.4225 5.9 1.5 1.0 3.3
2001.7863 -17.4291 -38.6457 12.6 1.5 1.0 3.3
2001.7890 -13.0422 -39.8672 8.2 1.5 1.0 3.2
2001.7918 -19.8597 -35.0921 11.5 1.5 1.1 3.4
2001.7945 -17.6663 -37.5352 -3.7 1.5 1.1 3.4
2001.7973 -18.4369 -39.7562 12.7 1.5 1.0 3.2
2001.8000 -16.0063 -38.2015 6.8 1.6 1.2 3.6
2001.8027 -12.5087 -38.5346 6.1 1.5 1.1 3.5
2001.8055 -14.6428 -40.9778 15.3 1.6 1.1 3.4
2001.8082 -14.7614 -41.422 2.4 2.1 1.4 4.2
2001.8110 -18.6148 -40.7557 6.6 1.5 1.0 3.1
2001.8137 -14.1686 -41.7551 9.8 1.4 1.0 3.1
2001.8164 -13.4572 -41.9772 17.9 1.5 1.1 3.2
2001.8192 -16.4213 -41.1999 6.2 1.4 1.0 3.1
2001.8219 -14.88 -41.0888 11.9 1.4 1.0 3.2
2001.8247 -14.88 -39.2009 12.5 1.9 1.4 4.0
2001.8274 -18.3777 -42.0883 11.8 1.4 1.1 3.1
2001.8301 -18.022 -39.9783 7.2 1.5 1.0 3.2
2001.8329 -19.2669 -39.5341 2.1 1.4 1.1 3.1
2001.8356 -16.5992 -43.0877 11.2 1.7 1.2 3.5
2001.8384 -15.7692 -37.9794 14.6 1.4 1.0 3.1
2001.8411 -17.0734 -38.5346 8.6 1.4 1.0 3.1
2001.8438 -17.3698 -39.312 15.8 1.5 1.0 3.2
2001.8466 -17.6663 -41.422 9.5 1.5 1.1 3.4
2001.8493 -24.7802 -40.9778 4.4 3.5 2.1 5.6
2001.8521 -14.3464 -45.5308 10.1 1.6 1.1 3.2
2001.8548 -15.8285 -43.9761 11.2 1.5 1.1 3.3
2001.8575 -16.5992 -43.0877 7.6 1.5 1.1 3.3
2001.8603 -18.6741 -44.1982 10.3 1.5 1.0 3.2
2001.8630 -20.2747 -41.9772 6.2 1.4 1.0 3.0
2001.8658 -17.8441 -45.5308 1.8 1.5 1.0 3.3
2001.8685 -21.2825 -43.0877 13.2 1.6 1.0 3.2
2001.8712 -21.9939 -42.7546 15.8 1.5 1.0 3.1
2001.8740 -19.089 -41.6441 11.3 1.4 1.0 3.1
2001.8767 -21.6975 -43.4209 5.8 1.4 1.0 3.1
2001.8795 -22.646 -42.1993 8.4 1.4 1.0 3.3
2001.8822 -14.5836 -40.4225 16 1.5 1.0 3.3
2001.8849 -20.3933 -39.9783 8.1 1.5 1.0 3.4
2001.8877 -17.1327 -44.3093 9.8 1.5 1.0 3.3
2001.8904 -18.1998 -40.2004 13.2 1.4 1.0 3.2
2001.8932 -16.7177 -40.7557 1.6 1.4 1.0 3.2
2001.8959 -19.8597 -39.9783 6.7 1.5 1.0 3.3
2001.8986 -18.0812 -39.423 15.3 2.0 1.5 4.3
2001.9014 -7.46963 -47.3077 -0.4 1.8 1.1 3.6
2001.9041 -18.9705 -40.4225 5.1 1.4 1.0 3.1
2001.9068 -19.3855 -39.9783 1.4 1.5 1.0 3.3
2001.9096 -17.7255 -41.6441 7.2 1.4 1.0 3.2
2001.9123 -18.9705 -42.1993 7.5 1.4 1.0 3.1
2001.9151 -18.5555 -40.7557 11.7 2.1 1.3 4.4
2001.9178 -21.2232 -36.7578 9.9 1.4 1.0 3.0
2001.9205 -21.9346 -38.9788 15.2 1.4 1.0 3.1
2001.9233 -15.3542 -37.7573 11.7 1.4 1.0 3.2
2001.9260 -26.203 -33.3152 8.6 1.4 1.0 3.1
2001.9288 -21.3418 -37.5352 14.6 1.3 0.9 3.0
2001.9315 -17.4884 -41.7551 10.2 1.4 1.0 3.0
2001.9342 -19.8597 -39.0899 13.6 1.4 0.9 3.0
2001.9370 -17.1327 -40.2004 16.8 1.3 1.0 3.0
2001.9397 -23.6538 -35.5363 8.7 1.4 1.0 3.1
2001.9425 -23.476 -33.9816 28.7 1.7 1.2 3.9
2001.9452 -23.8909 -34.7589 21.5 1.5 1.0 3.4
2001.9479 -17.3106 -41.422 20.1 1.6 1.1 3.6
2001.9507 -23.7724 -31.3163 19.6 1.3 1.0 2.9
2001.9534 -23.061 -33.3152 8 1.3 1.0 3.0
2001.9562 -21.9346 -36.3136 11.5 1.4 1.0 3.0
2001.9589 -27.0922 -38.2015 7.9 1.4 1.0 3.1
2001.9616 -20.5711 -40.0893 11.7 1.4 1.0 3.0
2001.9644 -22.7646 -37.8683 13.7 1.4 0.9 3.0
2001.9671 -24.4245 -39.423 19.8 1.3 1.0 2.9
2001.9699 -24.6616 -34.981 16.2 1.5 1.0 3.3
2001.9726 -18.0812 -37.9794 26.6 1.4 1.0 3.2
2001.9753 -22.1717 -40.4225 18 1.4 1.0 3.2
2001.9781 -25.0766 -37.7573 22 1.4 1.0 3.0
2001.9808 -25.8473 -39.7562 17.8 1.7 1.1 3.3
2001.9836 -23.061 -40.7557 22.1 1.4 1.0 3.0
2001.9863 -21.8161 -36.3136 17.7 1.4 1.0 3.1
2001.9890 -19.8597 -36.7578 16 1.4 1.0 3.2
2001.9918 -23.7131 -37.4241 14.6 1.4 1.0 3.0
2001.9945 -23.1796 -37.7573 13.1 1.5 1.0 3.3
2001.9973 -18.0812 -39.7562 14.9 1.5 1.0 3.3
2002.0000 -23.8317 -41.3109 22 1.7 1.1 3.5
2002.0027 -23.5353 -39.8672 13.6 1.6 1.0 3.2
2002.0055 -21.4604 -43.8651 16.9 1.5 1.0 3.1
2002.0082 -24.958 -39.9783 7.5 1.5 1.0 3.1
2002.0110 -16.4806 -43.754 19.8 1.6 1.0 3.2
2002.0137 -16.4213 -42.5325 15 1.5 1.0 3.3
2002.0164 -22.231 -42.1993 16.1 1.5 1.0 3.2
2002.0192 -23.476 -38.9788 12.4 1.5 1.0 3.2
2002.0219 -17.6663 -40.3115 16.5 1.6 1.0 3.2
2002.0247 -20.749 -41.533 14.6 1.5 1.0 3.1
2002.0274 -23.0017 -45.5308 4.6 1.7 1.1 3.4
2002.0301 -24.1281 -39.5341 6.6 1.6 1.1 3.4
2002.0329 -23.2981 -43.0877 9.7 1.5 1.1 3.2
2002.0356 -30.9456 -44.3093 2 1.5 1.0 3.1
2002.0384 -23.8909 -52.1939 11.3 1.6 1.1 3.3
2002.0411 -19.089 -47.1966 4.8 1.5 1.1 3.4
2002.0438 -26.0844 -41.0888 21.6 1.6 1.0 3.4
2002.0466 -26.9736 -42.4214 17.8 1.5 1.0 3.3
2002.0493 -27.9222 -43.0877 11.9 1.4 1.0 3.1
2002.0521 -27.1515 -43.754 10.3 1.6 1.0 3.3
2002.0548 -31.8348 -49.7508 4.6 1.9 1.2 4.1
2002.0575 -27.6258 -45.6419 7.4 1.4 1.0 3.1
2002.0603 -25.788 -44.7535 8.7 1.4 1.0 3.2
2002.0630 -24.4838 -49.1955 -1.7 1.4 1.0 3.2
2002.0658 -31.9534 -39.9783 1.4 1.3 1.0 2.9
2002.0685 -27.6258 -38.3125 10.1 1.5 1.0 3.2
2002.0712 -23.1203 -42.4214 13.1 1.4 1.0 3.1
2002.0740 -26.1437 -44.8645 8.4 1.4 1.0 3.1
2002.0767 -25.8473 -45.864 15.2 1.5 1.0 3.3
2002.0795 -21.7568 -43.9761 20.2 1.4 1.0 3.1
2002.0822 -26.0844 -44.5314 15.5 1.4 1.0 3.2
2002.0849 -24.6616 -45.6419 15.1 1.4 1.0 3.1
2002.0877 -19.9783 -43.9761 5.7 1.6 1.1 3.4
2002.0904 -19.3855 -46.8634 4.1 1.9 1.3 3.7
2002.0932 -24.1874 -45.7529 20.5 1.4 1.0 3.2
2002.0959 -23.1796 -43.3098 20.6 1.4 1.0 3.1
2002.0986 -26.7365 -45.864 23 1.5 1.1 3.4
2002.1014 -22.1125 -44.4203 15.2 1.5 1.0 3.1
2002.1041 -23.1203 -46.9745 8.4 1.4 1.0 3.1
2002.1068 -25.4323 -42.0883 10.9 1.4 1.0 3.1
2002.1096 -22.8239 -45.864 2.2 1.4 1.0 3.1
2002.1123 -27.4479 -45.0866 5.3 1.4 1.0 3.1
2002.1151 -18.9705 -46.6413 17.5 1.5 1.0 3.3
2002.1178 -23.0017 -46.7524 14.8 1.3 1.0 3.0
2002.1205 -23.5945 -43.8651 13.3 1.5 1.1 3.2
2002.1233 -25.2544 -51.6386 5.8 1.5 1.1 3.2
2002.1260 -25.4323 -44.8645 3.7 1.4 1.0 3.1
2002.1288 -26.9144 -46.4192 -4 1.3 1.0 3.0
2002.1315 -25.3137 -47.974 7 1.4 1.0 3.3
2002.1342 -21.4604 -45.1977 12.1 1.4 1.0 3.0
2002.1370 -21.1639 -47.5298 20.8 1.3 1.0 2.9
2002.1397 -26.8551 -48.7513 12.8 1.3 1.0 3.0
2002.1425 -23.6538 -46.9745 19.6 1.3 1.0 3.1
2002.1479 -15.4728 -44.0872 23.3 1.4 1.0 3.1
2002.1507 -19.504 -49.6397 17.7 1.4 1.0 3.2
2002.1534 -18.5555 -47.6408 23.1 1.4 1.1 3.2
2002.1562 -23.2388 -46.9745 10.8 1.5 1.1 3.5
2002.1589 -28.0407 -42.9767 2.6 1.5 1.1 3.3
2002.1616 -17.9034 -50.4171 24.6 1.4 1.1 3.2
2002.1644 -24.3652 -46.7524 13.1 1.4 1.1 3.2
2002.1671 -23.3574 -41.8662 19.4 1.4 1.0 3.1
2002.1699 -31.1234 -44.4203 7.1 1.8 1.2 3.8
2002.1726 -25.788 -43.643 13 1.3 1.0 3.0
2002.1753 -25.0173 -45.4198 8.2 1.4 1.0 3.3
2002.1781 -26.5587 -45.1977 14.9 1.4 1.0 3.3
2002.1808 -27.0329 -44.8645 6.3 1.3 1.0 3.1
2002.1836 -24.4245 -46.3082 8.6 1.4 1.0 3.0
2002.1863 -24.5431 -46.4192 9 1.4 1.0 3.2
2002.1890 -25.5509 -47.8629 9.9 1.3 1.0 3.0
2002.1918 -26.3808 -47.6408 8.9 1.3 1.0 3.1
2002.1945 -30.5899 -46.1971 5.5 1.3 1.0 3.1
2002.1973 -26.9144 -47.6408 7 1.3 1.0 3.0
2002.2000 -22.4089 -47.8629 11.9 1.4 1.0 3.1
2002.2027 -24.8395 -47.4187 13.8 1.3 1.0 3.0
2002.2055 -22.5867 -45.1977 15.6 1.4 1.0 3.0
2002.2082 -30.412 -48.9734 8.1 1.4 1.0 3.1
2002.2110 -27.3293 -46.8634 11.5 1.4 1.1 3.4
2002.2137 -23.0017 -46.4192 11.8 1.4 1.1 3.2
2002.2164 -24.7209 -47.8629 16.4 1.4 1.0 3.2
2002.2192 -25.1359 -47.0856 9.9 1.4 1.0 3.2
2002.2219 -26.5587 -46.5303 12.8 1.4 1.1 3.2
2002.2247 -22.1717 -47.1966 10.5 1.4 1.0 3.1
2002.2274 -20.9268 -43.643 4 1.8 1.3 3.7
2002.2301 -29.1078 -47.974 12.1 1.4 1.0 3.1
2002.2329 -30.1156 -45.3087 12.4 1.4 1.0 3.2
2002.2356 -29.8192 -47.1966 5.3 1.4 1.0 3.1
2002.2384 -24.6616 -46.3082 8.3 1.4 1.1 3.2
2002.2411 -26.4401 -47.5298 7.6 1.3 1.0 3.1
2002.2438 -24.0688 -47.4187 6.2 1.4 1.1 3.3
2002.2466 -27.5072 -46.3082 5.8 1.4 1.0 3.1
2002.2493 -26.0251 -49.3066 13.9 1.4 1.1 3.3
2002.2521 -26.5587 -47.7519 7.5 1.5 1.0 3.3
2002.2548 -26.9736 -46.9745 14.3 1.4 1.0 3.2
2002.2575 -27.4479 -45.7529 5.6 1.3 1.0 3.1
2002.2603 -29.1671 -50.0839 10.5 1.5 1.1 3.2
2002.2630 -25.3137 -47.6408 9.2 1.4 1.1 3.3
2002.2658 -26.618 -46.6413 9.8 1.4 1.0 3.1
2002.2685 -27.3293 -48.9734 12.5 1.4 1.0 3.3
2002.2712 -27.0922 -48.085 10.2 1.4 1.1 3.4
2002.2740 -27.685 -46.8634 12.1 1.4 1.0 3.2
2002.2767 -26.6772 -47.974 5.6 1.3 1.0 3.1
2002.2795 -31.657 -53.3044 9.4 1.3 1.0 3.0
2002.2822 -27.7443 -51.9718 18.3 1.3 1.0 3.2
2002.2849 -30.9456 -48.7513 21.1 1.3 1.0 3.0
2002.2877 -33.1983 -48.085 11.5 1.3 1.0 3.2
2002.2904 -27.3293 -43.754 3.1 1.3 1.0 3.2
2002.2932 -31.4199 -49.5287 9.5 1.4 1.2 3.4
2002.2959 -26.5587 -48.1961 12.1 1.7 1.2 3.6
2002.2986 -25.6694 -47.0856 6.6 1.5 1.2 3.3
2002.3014 -24.7802 -49.4176 19.2 1.7 1.2 3.7
2002.3041 -28.1593 -46.5303 9.6 1.3 1.0 3.0
2002.3068 -22.8831 -44.4203 13 1.4 1.1 3.2
2002.3096 -27.6258 -48.5292 7.7 1.4 1.1 3.2
2002.3123 -27.0329 -49.8618 15.2 1.3 1.0 3.0
2002.3151 -27.2108 -49.0845 11.7 1.3 1.0 3.1
2002.3178 -30.2342 -47.7519 11.1 1.4 1.1 3.2
2002.3205 -30.7085 -47.7519 12.1 1.3 1.0 3.1
2002.3233 -26.618 -51.3055 22.7 1.3 1.0 3.1
2002.3315 -24.4838 -44.7535 18.9 1.3 1.0 3.2
2002.3342 -25.1952 -43.9761 7.7 1.4 1.1 3.3
2002.3370 -26.3215 -48.085 10.6 1.3 1.0 3.2
2002.3397 -27.9815 -47.974 12 1.3 1.0 3.1
2002.3425 -25.6101 -50.0839 15.5 1.3 1.0 3.1
2002.3452 -29.9971 -49.5287 13.4 1.4 1.1 3.2
2002.3479 -27.7443 -47.7519 11.6 1.4 1.0 3.1
2002.3507 -26.0251 -49.7508 17.2 1.3 1.0 3.1
2002.3534 -27.1515 -48.9734 11 1.3 1.0 3.1
2002.3562 -27.5072 -49.3066 17.2 1.3 1.0 3.1
2002.3589 -27.7443 -46.8634 15 1.4 1.1 3.2
2002.3616 -29.4635 -47.8629 18.2 1.5 1.0 3.2
2002.3644 -27.3293 -49.0845 14.1 1.4 1.0 3.1
2002.3671 -26.1437 -49.1955 10.6 1.4 1.1 3.3
2002.3699 -25.5509 -50.195 12.9 1.3 1.0 3.2
2002.3726 -29.9378 -50.195 13.9 1.3 1.0 3.1
2002.3753 -31.4791 -49.4176 16.6 1.4 1.0 3.2
2002.3781 -28.93 -47.5298 11.9 1.4 1.1 3.3
2002.3808 -25.788 -48.5292 14.4 1.4 1.1 3.3
2002.3836 -27.2701 -49.5287 10.2 1.4 1.0 3.2
2002.3863 -26.3808 -49.0845 13.5 1.4 1.0 3.2
2002.3890 -29.1078 -46.9745 15.6 1.4 1.0 3.2
2002.3918 -24.4245 -48.4182 16.9 1.4 1.1 3.2
2002.3945 -27.0922 -46.9745 9.2 1.4 1.0 3.2
2002.3973 -26.4994 -46.7524 10.7 1.4 1.0 3.3
2002.4000 -27.2108 -45.864 16 1.4 1.0 3.1
2002.4027 -25.6694 -47.5298 19.9 1.4 1.1 3.4
2002.4055 -27.3293 -48.1961 12.1 1.4 1.0 3.2
2002.4082 -29.5228 -47.5298 18.8 1.4 1.0 3.3
2002.4110 -26.0844 -48.9734 15.2 1.4 1.0 3.3
2002.4137 -25.9658 -49.5287 12.6 1.4 1.1 3.2
2002.4164 -26.4401 -48.085 8.8 1.5 1.0 3.3
2002.4192 -29.5821 -48.3071 6.4 1.4 1.0 3.3
2002.4219 -27.2108 -46.0861 11 1.4 1.0 3.2
2002.4247 -26.0844 -48.3071 10.4 1.4 1.0 3.3
2002.4274 -26.1437 -48.4182 11.4 1.5 1.1 3.3
2002.4301 -26.6772 -49.9729 11.8 1.4 1.1 3.2
2002.4329 -27.6258 -45.4198 12.2 1.5 1.1 3.5
2002.4356 -24.8988 -46.0861 14.2 1.4 1.1 3.3
2002.4384 -26.9736 -47.7519 15.4 1.5 1.0 3.4
2002.4411 -26.7365 -49.0845 15.8 1.5 1.0 3.4
2002.4438 -27.685 -47.7519 14.4 1.4 1.0 3.4
2002.4466 -28.1 -47.6408 9.9 1.5 1.1 3.5
2002.4493 -30.2935 -47.974 11.2 1.5 1.0 3.5
2002.4521 -25.9658 -48.3071 18.5 1.6 1.1 3.8
2002.4548 -27.0329 -49.0845 19.2 1.5 1.0 3.4
2002.4575 -30.1749 -46.4192 17.1 1.5 1.1 3.5
2002.4603 -26.9736 -48.6403 16.9 1.5 1.0 3.4
2002.4630 -29.8192 -48.1961 9.7 1.5 1.0 3.3
2002.4658 -27.7443 -48.9734 11.6 1.6 1.1 3.5
2002.4685 -26.7958 -45.1977 13.6 1.5 1.0 3.4
2002.4712 -23.061 -49.5287 15.8 1.6 1.1 3.6
2002.4740 -28.2779 -47.974 14 1.5 1.0 3.4
2002.4767 -27.2701 -47.7519 9.5 1.5 1.1 3.4
2002.4795 -29.5228 -48.3071 14 1.5 1.0 3.4
2002.4822 -29.9378 -48.1961 15.2 1.5 1.0 3.3
2002.4849 -29.4042 -50.9723 9.3 1.6 1.1 3.5
2002.4877 -28.2779 -48.1961 9 1.6 1.1 3.5
2002.4904 -27.8629 -49.7508 11.1 1.5 1.1 3.4
2002.4932 -32.072 -48.3071 9.2 3.2 2.8 7.0
2002.5041 -30.8863 -48.8624 13.2 1.6 1.0 3.4
2002.5068 -29.1078 -48.6403 8 1.6 1.0 3.5
2002.5096 -19.5633 -46.7524 3.7 1.6 1.1 3.4
2002.5123 -28.7521 -48.9734 11 1.6 1.0 3.3
2002.5151 -28.8114 -46.9745 8.9 1.5 1.0 3.2
2002.5178 -30.6492 -47.974 14.9 1.5 1.0 3.3
2002.5205 -31.5384 -48.8624 11.4 1.7 1.1 3.8
2002.5233 -28.8707 -48.8624 14.8 1.6 1.0 3.3
2002.5260 -28.6928 -49.5287 19.3 1.6 1.1 3.3
2002.5288 -31.4199 -47.8629 13.8 1.7 1.1 3.4
2002.5315 -30.3528 -48.7513 15.7 1.5 1.0 3.2
2002.5342 -29.7007 -48.6403 17.3 1.6 1.0 3.3
2002.5370 -31.1827 -50.6392 16.9 1.6 1.1 3.5
2002.5397 -30.5306 -46.9745 15.5 1.5 1.0 3.3
2002.5425 -31.4199 -51.3055 18.8 1.6 1.1 3.6
2002.5452 -35.4511 -52.527 10 1.7 1.1 3.6
2002.5479 -30.5899 -46.8634 11.6 1.6 1.1 3.8
2002.5507 -29.7599 -48.5292 11.5 1.5 1.0 3.3
2002.5534 -28.6928 -48.8624 15 1.6 1.0 3.5
2002.5562 -33.0205 -50.6392 20.3 1.7 1.0 3.3
2002.5589 -33.8504 -51.6386 17.3 1.6 1.1 3.3
2002.5616 -34.6211 -51.8607 17.6 1.6 1.0 3.4
2002.5644 -34.384 -52.1939 12.5 1.6 1.0 3.2
2002.5671 -28.2779 -47.5298 19.7 1.7 1.0 3.5
2002.5699 -30.412 -49.9729 19.7 1.6 1.0 3.2
2002.5753 -33.0798 -50.7502 8.2 1.6 1.0 3.4
2002.5781 -34.3247 -47.4187 15.4 1.6 1.0 3.4
2002.5808 -29.8785 -50.9723 10.9 1.6 1.1 3.4
2002.5836 -35.214 -46.7524 18.9 3.9 2.4 6.8
2002.5973 -32.1312 -48.1961 20.1 1.6 1.1 3.5
2002.6000 -30.2935 -53.1933 19.6 1.7 1.0 3.5
2002.6027 -29.4635 -52.527 16.2 1.6 1.0 3.5
2002.6055 -30.2342 -49.4176 21.6 1.6 1.1 3.4
2002.6082 -33.7319 -51.5276 21.1 1.6 1.1 3.4
2002.6110 -34.9768 -51.1944 15.1 1.6 1.0 3.3
2002.6137 -32.6648 -50.306 15.8 1.6 1.0 3.4
2002.6164 -28.2779 -54.7481 17.7 1.7 1.1 3.7
2002.6192 -33.0205 -51.1944 15.9 1.7 1.1 3.7
2002.6219 -31.657 -48.1961 13.5 1.6 1.1 3.6
2002.6247 -25.6101 -53.3044 23.3 1.7 1.0 3.6
2002.6274 -28.4557 -48.7513 12.6 1.7 1.1 3.7
2002.6301 -30.5306 -50.0839 6.8 1.6 1.1 3.6
2002.6329 -31.3606 -51.6386 14.6 1.6 1.1 3.6
2002.6356 -32.3684 -48.085 14.6 1.6 1.1 3.6
2002.6384 -29.0485 -52.8602 22.4 1.8 1.1 3.8
2002.6411 -34.6804 -52.7491 19.3 1.5 1.0 3.2
2002.6438 -36.1032 -50.8613 21.1 1.6 1.0 3.5
2002.6466 -32.0127 -50.5281 16.6 1.6 1.0 3.4
2002.6493 -33.1391 -52.7491 14.5 1.5 1.0 3.4
2002.6521 -33.8504 -51.3055 10.7 1.6 1.0 3.6
2002.6548 -35.6882 -51.8607 18.7 1.5 1.0 3.4
2002.6575 -31.4791 -50.4171 17.2 1.6 1.1 3.7
2002.6603 -35.5696 -50.6392 21.5 1.5 1.0 3.4
2002.6630 -32.7834 -50.4171 16.2 1.6 1.1 3.6
2002.6658 -34.6211 -52.416 16.7 1.7 1.2 3.6
2002.6685 -37.8224 -48.085 5.5 1.5 1.0 3.4
2002.6712 -42.2093 -50.195 14.1 1.5 1.0 3.3
2002.6740 -30.1156 -49.1955 15.2 1.6 1.1 3.5
2002.6767 -32.1312 -50.195 15.9 1.7 1.1 3.7
2002.6795 -38.9488 -48.5292 24.8 1.6 1.1 3.3
2002.6822 -31.7756 -52.0828 20.1 1.6 1.1 3.6
2002.6849 -30.4713 -49.5287 15.8 1.8 1.1 3.8
2002.6877 -32.6055 -51.3055 21.1 1.6 1.1 3.6
2002.6904 -29.9378 -51.4165 12.4 1.5 1.1 3.4
2002.6932 -35.1547 -46.3082 16.2 1.6 1.1 3.5
2002.6959 -30.2935 -49.5287 12.5 1.6 1.0 3.5
2002.6986 -29.4635 -47.3077 22.5 1.5 1.0 3.3
2002.7014 -34.0283 -47.974 20 1.5 1.1 3.4
2002.7041 -29.9971 -51.6386 19.6 1.5 1.0 3.3
2002.7068 -35.6882 -55.0812 29.1 1.6 1.1 3.4
2002.7096 -32.3684 -48.8624 20.5 1.5 1.0 3.3
2002.7123 -35.0954 -50.306 22.5 1.6 1.1 3.5
2002.7151 -31.8941 -46.9745 20.1 1.6 1.1 3.6
2002.7178 -29.6414 -50.8613 32 1.5 1.0 3.3
2002.7205 -32.3684 -43.5319 9.8 1.5 1.0 3.4
2002.7233 -35.0954 -51.3055 19.4 1.6 1.1 3.5
2002.7288 -30.3528 -49.8618 22.1 1.5 1.1 3.4
2002.7315 -30.5899 -47.3077 27.5 1.6 1.1 3.5
2002.7342 -31.7756 -48.6403 17.4 1.8 1.2 3.8
2002.7370 -32.1312 -45.4198 19.6 1.5 1.1 3.4
2002.7397 -33.554 -45.1977 26 1.6 1.2 3.6
2002.7425 -28.1 -51.0834 20.1 2.0 1.3 4.2
2002.7452 -28.8114 -50.4171 22.7 1.5 1.1 3.6
2002.7479 -30.9456 -50.306 23.8 1.6 1.2 3.6
2002.7507 -36.8739 -47.7519 26.2 1.7 1.4 4.0
2002.7534 -35.3325 -48.8624 7.5 1.6 1.1 3.4
2002.7562 -29.0485 -46.4192 9.8 1.6 1.2 3.6
2002.7589 -33.969 -52.6381 17.4 1.7 1.2 3.7
2002.7616 -31.3606 -49.7508 22 1.5 1.1 3.4
2002.7644 -29.2857 -51.3055 19.1 1.5 1.1 3.6
2002.7671 -34.5026 -48.5292 13.9 1.8 1.2 3.9
2002.7699 -31.1827 -46.7524 13.9 1.5 1.2 3.6
2002.7726 -32.9019 -49.0845 10 1.5 1.1 3.6
2002.7753 -29.8785 -46.9745 12.3 1.5 1.2 3.5
2002.7781 -31.7163 -48.8624 22.7 1.6 1.2 3.8
2002.7808 -34.4433 -52.3049 17.8 1.5 1.1 3.4
2002.7836 -28.2186 -55.6365 11.9 1.5 1.1 3.5
2002.7863 -29.345 -48.7513 15.5 1.6 1.2 3.8
2002.7890 -32.7834 -51.7497 7.8 1.7 1.2 3.7
2002.7918 -32.072 -49.7508 11.7 1.6 1.1 3.4
2002.7945 -31.242 -52.416 24.8 1.5 1.1 3.3
2002.7973 -30.8863 -51.8607 21 1.5 1.2 3.5
2002.8000 -32.3091 -52.527 20.8 1.5 1.1 3.3
2002.8027 -31.4199 -50.6392 19.4 1.5 1.1 3.4
2002.8055 -31.242 -48.9734 18.7 1.5 1.1 3.4
2002.8082 -30.3528 -52.7491 19.2 1.4 1.1 3.3
2002.8110 -34.5026 -50.5281 22.4 1.5 1.1 3.3
2002.8137 -38.0002 -50.195 10 1.7 1.3 3.8
2002.8164 -31.5977 -55.9696 17.2 1.5 1.1 3.5
2002.8192 -32.4277 -50.306 15.1 1.5 1.1 3.5
2002.8219 -34.3247 -51.1944 10.3 1.5 1.1 3.4
2002.8247 -31.1234 -53.7486 18.8 1.5 1.1 3.5
2002.8274 -35.9846 -52.3049 18.3 1.5 1.1 3.3
2002.8301 -36.9332 -50.8613 12.3 1.4 1.0 3.4
2002.8329 -35.214 -48.9734 9 1.4 1.1 3.5
2002.8356 -31.3013 -49.9729 6.7 2.1 1.7 5.2
2002.8384 -35.8661 -47.3077 15.1 1.5 1.1 3.7
2002.8411 -36.0439 -50.6392 31.6 1.6 1.2 3.7
2002.8438 -34.7397 -51.1944 23 1.5 1.1 3.5
2002.8466 -33.0798 -55.8586 21.9 1.5 1.1 3.4
2002.8493 -37.4074 -54.526 24.9 1.5 1.1 3.4
2002.8521 -32.072 -52.1939 16.6 1.5 1.1 3.3
2002.8548 -40.7865 -50.6392 15.1 1.4 1.1 3.3
2002.8575 -35.6289 -50.0839 16.6 1.5 1.1 3.4
2002.8603 -33.7912 -50.9723 16.1 1.5 1.1 3.4
2002.8658 -38.4152 -50.0839 24.6 1.5 1.1 3.5
2002.8685 -38.5931 -52.6381 15 1.4 1.1 3.3
2002.8712 -33.554 -56.1917 15.8 1.4 1.1 3.4
2002.8740 -31.3606 -51.3055 15.8 1.4 1.1 3.3
2002.8767 -32.5462 -52.8602 21.1 1.4 1.1 3.2
2002.8795 -34.7397 -50.195 32 1.4 1.1 3.3
2002.8822 -31.8348 -53.5265 19.6 1.4 1.1 3.2
2002.8849 -32.1905 -51.7497 27.4 1.4 1.0 3.3
2002.8877 -29.1671 -49.9729 27.1 1.5 1.1 3.4
2002.8904 -35.0954 -51.6386 24.1 1.6 1.2 3.6
2002.8932 -36.5182 -54.8591 25.5 1.5 1.1 3.4
2002.8959 -34.8583 -53.6376 17.1 1.5 1.1 3.4
2002.8986 -32.1905 -49.7508 15.6 1.5 1.1 3.4
2002.9014 -34.6804 -54.7481 29.8 1.4 1.0 3.3
2002.9041 -38.1781 -55.5254 12.1 1.6 1.1 3.4
2002.9068 -34.2061 -52.416 17.6 1.5 1.0 3.3
2002.9096 -36.1032 -52.9712 20 1.5 1.1 3.3
2002.9151 -34.7397 -52.416 23.9 1.4 1.1 3.5
2002.9178 -36.9332 -46.3082 23.5 1.5 1.0 3.3
2002.9205 -36.2218 -50.4171 27.6 1.5 1.1 3.5
2002.9233 -33.969 -52.7491 21.2 1.5 1.1 3.5
2002.9260 -34.0876 -49.5287 24.7 1.6 1.1 3.5
2002.9288 -38.5338 -51.8607 20.5 1.5 1.1 3.4
2002.9315 -37.7631 -52.0828 19.4 1.6 1.1 3.7
2002.9342 -35.6882 -52.9712 19.3 1.5 1.1 3.4
2002.9370 -36.7553 -53.6376 17.9 2.4 1.8 5.7
2002.9397 -35.2732 -51.5276 15 1.5 1.1 3.3
2002.9425 -40.0751 -52.8602 17.9 1.5 1.0 3.4
2002.9452 -36.7553 -52.1939 13.6 1.4 1.0 3.2
2002.9479 -38.2967 -46.7524 20.7 1.5 1.1 3.3
2002.9507 -39.423 -52.3049 16.4 1.4 1.0 3.2
2002.9534 -38.4152 -53.3044 15 1.4 1.0 3.2
2002.9562 -36.3996 -51.7497 18.5 1.5 1.0 3.3
2002.9589 -40.7865 -45.864 12.7 1.5 1.1 3.4
2002.9616 -44.9956 -50.7502 12.7 1.5 1.0 3.3
2002.9644 -44.4028 -48.5292 16.6 1.5 1.1 3.3
2002.9671 -41.4979 -49.0845 20.9 1.8 1.2 3.8
2002.9699 -42.3872 -46.8634 22.9 1.6 1.1 3.6
2002.9726 -43.4543 -45.5308 23.3 1.6 1.1 3.3
2002.9753 -39.008 -49.9729 16.4 1.5 1.1 3.3
2002.9781 -37.6445 -51.0834 16.2 1.7 1.1 3.4
2002.9808 -45.3513 -49.9729 19.5 1.5 1.1 3.4
2002.9836 -42.98 -51.3055 17.8 1.5 1.1 3.5
2002.9863 -40.3715 -50.7502 27.1 2.8 2.5 6.7
2002.9890 -42.0907 -50.4171 20.6 1.6 1.1 3.4
2002.9918 -43.6914 -45.4198 19.5 1.4 1.1 3.2
2002.9945 -48.2562 -46.8634 23.1 1.5 1.1 3.3
2002.9973 -50.9832 -46.1971 23 1.5 1.1 3.4
2003.0000 -49.9754 -45.0866 18.6 1.4 1.0 3.2
2003.0027 -47.9597 -45.975 24 1.5 1.1 3.3
2003.0055 -52.4652 -48.1961 28.3 1.6 1.1 3.5
2003.0082 -55.7258 -47.8629 39.2 1.6 1.1 3.6
2003.0110 -53.8287 -42.9767 31.2 1.5 1.1 3.3
2003.0137 -48.7897 -43.9761 32.7 1.5 1.0 3.3
2003.0164 -51.9317 -43.5319 27.5 1.4 1.1 3.2
2003.0192 -49.7382 -40.2004 30.6 1.4 1.0 3.2
2003.0219 -49.9161 -41.7551 35.6 1.5 1.0 3.2
2003.0247 -46.9519 -43.754 45.5 1.6 1.1 3.4
2003.0274 -47.4855 -42.0883 40.9 1.5 1.1 3.5
2003.0301 -48.0783 -40.4225 33.3 3.0 1.8 5.7
2003.0329 -42.7429 -33.0931 15.7 1.5 1.0 3.4
2003.0356 -41.9129 -36.3136 22.3 1.7 1.2 3.9
2003.0384 -36.4589 -36.0915 17 1.5 1.0 3.4
2003.0411 -32.7834 -40.6446 16.6 1.5 1.1 3.5
2003.0438 -34.799 -44.7535 6.8 1.5 1.0 3.4
2003.0466 -33.4948 -47.6408 22.4 1.5 1.1 3.5
2003.0493 -31.657 -51.3055 11.2 1.5 1.0 3.2
2003.0521 -31.3013 -53.4154 21.9 1.5 1.1 3.5
2003.0548 -30.827 -51.7497 19.9 1.5 1.0 3.3
2003.0575 -30.412 -55.4144 12.9 1.5 1.1 3.5
2003.0603 -30.5899 -53.3044 12.7 1.5 1.0 3.2
2003.0630 -35.0954 -55.8586 16.1 1.6 1.1 3.5
2003.0658 -31.5384 -53.9707 24.2 1.6 1.1 3.6
2003.0685 -30.7085 -54.0818 23.1 1.6 1.1 3.5
2003.0712 -31.1234 -54.8591 19.8 1.6 1.1 3.4
2003.0740 -28.3964 -54.8591 11.2 1.5 1.0 3.3
2003.0767 -34.4433 -52.0828 5.4 1.6 1.1 3.5
2003.0795 -27.6258 -53.6376 24.8 1.5 1.1 3.4
2003.0822 -28.8114 -56.9691 18.1 1.7 1.1 3.4
2003.0849 -36.9924 -50.0839 9 1.5 1.0 3.3
2003.0877 -33.3169 -57.4133 4.4 1.6 1.0 3.5
2003.0904 -36.6367 -55.5254 3.9 1.6 1.1 3.6
2003.0932 -29.5821 -59.3011 25.5 1.6 1.1 3.5
2003.0959 -29.5821 -55.1923 25.7 1.7 1.1 3.4
2003.0986 -42.2686 -58.8569 -15.4 1.6 1.1 3.3
2003.1014 -38.1188 -54.4149 3.4 1.6 1.1 3.4
2003.1041 -43.9878 -54.0818 8 1.5 1.1 3.4
2003.1068 -42.0315 -57.4133 16.2 1.5 1.0 3.2
2003.1096 -21.8753 -58.6348 21.4 5.6 2.2 8.4
2003.1123 -31.9534 -51.3055 18.7 1.6 1.1 3.6
2003.1178 -31.5977 -58.968 12.6 1.5 1.0 3.4
2003.1205 -33.1983 -59.7453 13.7 1.6 1.1 3.3
2003.1233 -32.4869 -56.858 19.3 1.5 1.1 3.3
2003.1260 -39.423 -54.9702 15 1.5 1.0 3.3
2003.1288 -40.6087 -54.8591 8.3 1.5 1.1 3.3
2003.1315 -30.412 -59.8564 12.9 1.5 1.1 3.4
2003.1342 -38.8302 -56.747 11 1.5 1.0 3.3
2003.1370 -36.1032 -56.858 18 1.5 1.0 3.4
2003.1397 -34.3247 -55.1923 14.8 1.5 1.0 3.2
2003.1425 -32.0127 -57.3022 20.7 1.5 1.0 3.3
2003.1452 -34.5026 -56.5249 15.2 1.5 1.0 3.3
2003.1479 -30.827 -55.9696 16.8 1.5 1.0 3.2
2003.1507 -34.0876 -54.1928 18.3 1.5 1.0 3.3
2003.1534 -35.2732 -55.5254 17.8 1.5 1.0 3.2
2003.1562 -32.072 -57.3022 14.2 1.5 1.0 3.2
2003.1589 -33.4355 -53.9707 13.4 1.5 1.1 3.6
2003.1616 -33.9097 -56.4138 18.7 1.5 1.0 3.3
2003.1644 -32.8426 -57.7464 20.4 1.5 1.0 3.4
2003.1699 -33.9097 -53.9707 19.6 1.5 1.0 3.4
2003.1726 -37.7038 -56.4138 13.2 1.7 1.1 3.6
2003.1753 -37.1703 -57.5243 14.8 1.9 1.2 3.8
2003.1781 -33.0205 -56.858 12.8 1.5 1.0 3.3
2003.1808 -32.9019 -56.3028 16.8 1.6 1.1 3.6
2003.1836 -35.9846 -57.3022 18.7 1.6 1.1 3.5
2003.1863 -34.6804 -57.6354 16.4 1.4 1.0 3.2
2003.1890 -32.9019 -57.4133 16.5 1.5 1.1 3.2
2003.1918 -33.7912 -58.8569 17.3 1.4 1.0 3.1
2003.1945 -37.941 -57.3022 20.9 1.5 1.1 3.2
2003.1973 -37.1703 -57.3022 19.4 1.5 1.1 3.3
2003.2000 -36.5775 -58.968 20.9 1.5 1.1 3.3
2003.2027 -35.1547 -58.5238 17.6 1.4 1.1 3.2
2003.2055 -40.0159 -59.4122 31 1.6 1.1 3.5
2003.2082 -33.1391 -59.7453 18.7 1.5 1.1 3.4
2003.2110 -34.2654 -60.3006 19 1.5 1.1 3.4
2003.2137 -36.6367 -61.189 21.2 1.5 1.0 3.2
2003.2164 -36.9924 -59.1901 20 1.5 1.1 3.3
2003.2192 -34.0283 -60.1895 24.2 1.5 1.0 3.2
2003.2219 -32.9612 -59.7453 15.5 1.4 1.0 3.2
2003.2247 -35.2732 -60.6338 17.8 1.4 1.0 3.1
2003.2274 -35.5104 -61.3001 19 1.4 1.0 3.2
2003.2301 -37.0517 -59.9674 21.7 1.5 1.1 3.4
2003.2329 -35.214 -60.9669 18.9 1.4 1.1 3.2
2003.2356 -34.9768 -58.4127 14.2 1.6 1.1 3.4
2003.2384 -33.3762 -60.6338 15 1.4 1.1 3.2
2003.2411 -37.7038 -59.4122 17 1.5 1.1 3.4
2003.2438 -39.7194 -61.189 20.3 1.5 1.1 3.2
2003.2466 -40.7865 -61.4111 9.5 1.4 1.1 3.3
2003.2493 -32.1905 -57.1912 19 1.5 1.1 3.3
2003.2521 -29.5228 -61.8553 21.5 1.5 1.1 3.3
2003.2548 -37.1703 -58.8569 13 1.5 1.1 3.3
2003.2575 -28.4557 -59.3011 14.1 1.5 1.1 3.4
2003.2603 -32.8426 -60.1895 21.2 1.4 1.0 3.3
2003.2630 -35.8661 -59.9674 21 1.4 1.0 3.2
2003.2658 -42.3279 -63.9653 25.4 1.4 1.0 3.1
2003.2685 -34.799 -63.299 22.7 1.4 1.1 3.4
2003.2712 -35.5696 -61.3001 28.4 1.4 1.1 3.3
2003.2740 -33.7912 -60.7448 22.8 1.4 1.1 3.2
2003.2767 -35.1547 -61.3001 21.2 1.5 1.1 3.4
2003.2795 -31.4199 -60.8559 23.6 1.5 1.0 3.2
2003.2822 -34.3247 -59.9674 25.9 1.4 1.0 3.1
2003.2849 -33.4355 -62.5216 19.9 1.4 1.0 3.2
2003.2877 -28.9893 -59.9674 22.2 1.4 1.0 3.1
2003.2904 -28.9893 -60.1895 24.3 1.4 1.0 3.1
2003.2932 -31.242 -60.6338 21.7 1.4 1.0 3.2
2003.2959 -34.1469 -62.9658 20.4 1.4 1.0 3.2
2003.2986 -38.3559 -61.8553 14.7 1.4 1.0 3.3
2003.3014 -32.7834 -62.2995 19.8 1.4 1.0 3.2
2003.3041 -31.1234 -60.3006 22.7 1.8 1.2 4.0
2003.3068 -37.7631 -64.2984 19.4 2.0 1.3 4.3
2003.3096 -37.4074 -62.7437 17.3 1.5 1.0 3.4
2003.3123 -32.6055 -62.5216 15.9 1.5 1.1 3.4
2003.3151 -35.9846 -60.3006 15.2 1.5 1.0 3.4
2003.3178 -33.3762 -63.7432 13.1 1.4 1.0 3.3
2003.3205 -33.8504 -58.5238 17.4 1.4 1.0 3.1
2003.3233 -29.8192 -61.189 18.5 1.5 1.0 3.4
2003.3260 -33.0798 -62.1885 21.2 1.5 1.0 3.3
2003.3288 -33.0205 -60.5227 17.2 1.5 1.0 3.3
2003.3342 -35.9253 -62.2995 22.1 1.5 1.0 3.3
2003.3370 -34.0283 -60.9669 17 1.5 1.0 3.2
2003.3397 -33.6133 -62.0774 18.4 1.4 1.0 3.2
2003.3425 -36.281 -62.9658 21.1 2.0 1.4 4.2
2003.3452 -32.1312 -60.8559 26.3 1.5 1.0 3.2
2003.3479 -34.4433 -61.189 15.7 1.5 1.1 3.3
2003.3507 -34.7397 -62.0774 13.4 1.5 1.1 3.3
2003.3534 -30.4713 -61.6332 21.9 1.5 1.1 3.4
2003.3562 -32.1312 -63.0769 25.6 1.5 1.1 3.4
2003.3589 -31.5977 -59.8564 18.6 1.5 1.1 3.3
2003.3616 -34.0283 -59.9674 16.3 2.0 1.4 4.2
2003.3644 -33.1983 -60.1895 26.9 2.0 1.5 4.2
2003.3671 -31.1827 -62.6327 18 1.5 1.0 3.3
2003.3699 -32.9612 -61.9664 14.4 1.4 1.0 3.2
2003.3726 -31.5384 -61.8553 14.9 1.5 1.0 3.3
2003.3753 -32.7834 -62.0774 15.3 1.5 1.0 3.2
2003.3781 -34.2061 -60.9669 14.8 1.4 1.0 3.2
2003.3808 -37.2888 -61.8553 18.8 1.9 1.4 4.2
2003.3836 -38.5338 -62.1885 17 1.9 1.5 4.3
2003.3863 -35.3918 -61.5222 20.7 1.5 1.0 3.3
2003.3890 -32.7834 -62.5216 22.1 1.5 1.0 3.4
2003.3918 -37.1703 -63.0769 20.2 1.5 1.0 3.3
2003.3945 -38.1188 -60.9669 16 1.5 1.0 3.4
2003.3973 -36.1032 -61.189 17.3 1.5 1.0 3.4
2003.4000 -34.6211 -61.3001 21.4 1.5 1.0 3.3
2003.4027 -31.9534 -62.1885 26.9 1.5 1.1 3.5
2003.4055 -32.8426 -63.0769 21 1.8 1.3 4.1
2003.4082 -35.3918 -65.1868 23.2 1.8 1.3 4.2
2003.4110 -39.7787 -63.41 16.4 1.9 1.4 4.3
2003.4137 -39.7194 -62.8548 8.6 1.9 1.4 4.3
2003.4164 -34.6211 -63.7432 21.2 1.5 1.0 3.4
2003.4192 -34.0876 -61.8553 17.2 1.6 1.0 3.5
2003.4219 -35.6289 -62.6327 16.3 1.6 1.0 3.5
2003.4247 -38.9488 -62.6327 12.3 1.8 1.3 4.1
2003.4274 -33.0205 -64.5205 21.8 1.7 1.3 4.1
2003.4301 -36.5182 -62.4106 10.9 1.7 1.0 3.7
2003.4329 -37.2888 -63.8542 17.9 1.7 1.3 4.0
2003.4356 -34.9175 -62.4106 9.9 1.6 1.0 3.5
2003.4384 -40.1344 -60.5227 17.7 1.6 1.0 3.4
2003.4411 -36.7553 -63.9653 20.7 1.5 1.0 3.2
2003.4438 -33.8504 -62.1885 18.5 1.5 1.0 3.3
2003.4466 -37.7038 -61.7443 18.6 1.6 1.0 3.5
2003.4493 -33.1983 -63.41 21.8 1.6 1.0 3.5
2003.4548 -38.2374 -61.7443 15.4 1.6 1.0 3.4
2003.4603 -35.4511 -62.1885 20.7 1.6 1.0 3.4
2003.4630 -37.8224 -62.5216 18.6 1.7 1.1 3.5
2003.4658 -35.3918 -62.7437 16.6 1.6 1.0 3.4
2003.4685 -40.668 -62.8548 20.2 2.5 1.6 5.0
2003.4712 -35.4511 -61.189 24.2 1.6 1.0 3.5
2003.4740 -39.3637 -62.6327 18.1 1.6 1.0 3.4
2003.4767 -37.7631 -62.6327 23.3 1.6 1.0 3.4
2003.4795 -40.3123 -60.6338 19.5 1.5 1.0 3.4
2003.4822 -37.941 -61.4111 21.4 1.6 1.0 3.3
2003.4849 -36.2218 -62.7437 24 1.6 1.0 3.4
2003.4877 -36.9332 -63.41 15.6 2.1 1.4 4.2
2003.4904 -37.0517 -64.0763 14.9 2.0 1.5 4.4
2003.4932 -37.6445 -62.7437 21.9 2.0 1.4 4.4
2003.4959 -35.8068 -62.1885 18.1 1.6 1.0 3.4
2003.4986 -35.9253 -63.1879 19.2 1.9 1.4 4.3
2003.5014 -38.2374 -63.41 27.4 1.6 1.1 3.6
2003.5041 -32.6055 -65.1868 4.3 1.7 1.1 3.6
2003.5068 -40.3715 -62.2995 11.6 1.7 1.1 3.6
2003.5096 -37.0517 -62.8548 26.3 1.6 1.0 3.5
2003.5123 -36.6367 -64.1874 20.4 1.6 1.0 3.6
2003.5151 -35.9846 -61.7443 38.6 4.7 2.3 7.6
2003.5178 -40.253 -62.1885 27.2 1.7 1.1 3.8
2003.5205 -40.0159 -61.6332 11.4 1.6 1.0 3.6
2003.5233 -37.941 -63.41 26.9 1.6 1.1 3.6
2003.5260 -42.0315 -61.5222 15.9 1.8 1.1 3.8
2003.5288 -35.5696 -62.8548 30 1.7 1.1 3.6
2003.5315 -36.3403 -62.0774 19.5 1.7 1.1 3.6
2003.5342 -35.1547 -60.0785 7.4 1.7 1.0 3.5
2003.5370 -32.9019 -65.2979 26.9 1.7 1.2 3.8
2003.5397 -37.5853 -64.8537 26.5 1.9 1.1 3.7
2003.5425 -34.5026 -65.52 22.1 1.7 1.1 3.7
2003.5452 -36.3996 -63.299 19.2 1.6 1.0 3.5
2003.5479 -38.4152 -64.0763 22.7 1.6 1.0 3.6
2003.5507 -37.111 -65.7421 27.6 1.6 1.1 3.5
2003.5534 -42.4464 -65.8531 25.2 1.7 1.1 3.7
2003.5562 -38.2967 -65.2979 22.9 1.6 1.0 3.4
2003.5589 -32.2498 -57.9685 22.1 1.6 1.0 3.5
2003.5616 -34.6211 -62.7437 27.6 1.6 1.0 3.5
2003.5644 -40.7865 -63.41 22.2 1.7 1.1 3.7
2003.5671 -40.7272 -63.299 20.2 1.6 1.1 3.5
2003.5699 -37.5853 -65.631 19.5 1.6 1.1 3.6
2003.5726 -37.526 -64.1874 21.2 1.6 1.1 3.5
2003.5753 -35.6289 -62.6327 15.6 1.7 1.1 3.8
2003.5781 -38.6524 -65.0758 27.5 1.6 1.1 3.5
2003.5808 -37.0517 -63.9653 16.3 1.6 1.1 3.5
2003.5836 -37.2296 -64.0763 15.6 1.8 1.1 3.7
2003.5863 -31.9534 -61.8553 24.6 1.6 1.1 3.6
2003.5890 -33.1391 -67.63 19.8 1.6 1.1 3.6
2003.5918 -38.4152 -65.4089 16.1 1.6 1.1 3.6
2003.5945 -39.9566 -63.0769 16.7 1.6 1.0 3.5
2003.5973 -43.395 -62.8548 12.2 1.6 1.1 3.5
2003.6000 -39.6602 -62.2995 19.2 1.6 1.0 3.5
2003.6027 -39.4823 -63.7432 8.8 1.6 1.1 3.6
2003.6082 -38.1781 -62.6327 13.9 1.6 1.0 3.4
2003.6110 -36.9924 -63.8542 23.4 1.6 1.0 3.4
2003.6137 -29.9971 -65.7421 37.6 1.6 1.0 3.5
2003.6164 -39.008 -63.5211 30.4 1.6 1.0 3.4
2003.6192 -35.5696 -66.2973 26 1.6 1.0 3.4
2003.6219 -38.2374 -63.41 17.6 1.6 1.0 3.4
2003.6247 -37.0517 -65.7421 26.5 1.6 1.0 3.5
2003.6274 -37.6445 -63.299 20.1 1.6 1.0 3.5
2003.6301 -44.3435 -61.078 9.4 2.1 1.3 4.0
2003.6329 -38.4745 -61.3001 20.3 1.6 1.0 3.4
2003.6356 -40.7272 -65.1868 24.2 1.5 1.0 3.2
2003.6384 -38.1188 -65.1868 17.7 1.6 1.1 3.5
2003.6411 -37.3481 -62.9658 12.4 1.6 1.1 3.6
2003.6438 -35.9253 -62.7437 20.8 1.6 1.1 3.4
2003.6466 -37.6445 -64.6316 15.7 1.6 1.0 3.5
2003.6493 -39.6602 -66.6305 20.9 1.6 1.0 3.4
2003.6521 -37.8817 -64.2984 37.2 1.6 1.0 3.5
2003.6548 -35.214 -63.7432 23 1.6 1.0 3.4
2003.6575 -36.8739 -64.2984 30.5 1.6 1.0 3.4
2003.6603 -34.7397 -64.7426 31.4 1.6 1.0 3.6
2003.6630 -40.4308 -62.8548 19.9 1.8 1.1 3.7
2003.6658 -36.8739 -64.8537 18.8 1.8 1.3 4.1
2003.6685 -45.6477 -67.2968 20.1 1.5 1.1 3.5
2003.6712 -37.7038 -63.299 21.9 1.6 1.0 3.5
2003.6740 -38.4745 -63.9653 19.9 1.6 1.0 3.5
2003.6767 -36.4589 -63.5211 19.2 1.6 1.1 3.6
2003.6795 -40.4308 -63.41 18 1.6 1.1 3.6
2003.6822 -40.3123 -66.1863 22.1 1.6 1.1 3.5
2003.6849 -38.4745 -65.1868 17.6 1.5 1.0 3.5
2003.6877 -37.8224 -63.6321 24 1.5 1.0 3.5
2003.6904 -41.7943 -65.8531 32.4 1.6 1.0 3.5
2003.6932 -41.9722 -64.4095 24.4 1.5 1.1 3.5
2003.6959 -39.9566 -63.9653 14.5 1.5 1.1 3.7
2003.6986 -40.1937 -65.4089 18.1 1.5 1.0 3.4
2003.7014 -38.4745 -65.1868 18.6 1.5 1.0 3.5
2003.7041 -29.8785 -62.8548 30.4 1.9 1.2 4.2
2003.7068 -39.423 -67.0747 17.5 1.5 1.1 3.4
2003.7096 -40.1937 -64.7426 15.6 1.5 1.1 3.6
2003.7123 -42.9207 -64.7426 23.2 1.5 1.1 3.5
2003.7151 -38.4745 -66.1863 26.8 1.4 1.1 3.4
2003.7178 -38.1781 -66.2973 21.3 1.4 1.0 3.3
2003.7205 -38.1781 -66.8526 16.6 1.5 1.0 3.4
2003.7233 -37.8817 -66.0752 23.7 1.4 1.0 3.3
2003.7260 -41.2608 -66.5194 19.6 1.5 1.1 3.4
2003.7288 -39.6009 -63.7432 18.2 1.5 1.0 3.6
2003.7315 -43.0986 -65.631 22.1 1.5 1.1 3.5
2003.7342 -38.3559 -65.7421 18.7 1.5 1.1 3.5
2003.7370 -41.0237 -65.1868 12.3 1.5 1.1 3.6
2003.7397 -44.5213 -62.2995 16.2 1.5 1.1 3.4
2003.7425 -39.8973 -67.1858 15.4 1.5 1.1 3.6
2003.7452 -40.668 -66.5194 15.8 1.5 1.1 3.4
2003.7479 -42.9207 -67.9631 31.1 1.6 1.1 3.6
2003.7507 -38.2967 -69.851 18.2 1.6 1.1 3.7
2003.7534 -37.7631 -67.0747 24.3 1.5 1.1 3.5
2003.7562 -41.0237 -67.0747 20.4 1.5 1.1 3.4
2003.7589 -39.9566 -67.741 21.8 1.5 1.1 3.5
2003.7616 -44.2249 -65.631 27.8 1.5 1.0 3.4
2003.7644 -42.2686 -65.2979 24.6 1.5 1.1 3.5
2003.7671 -43.395 -66.2973 27.4 1.7 1.1 3.8
2003.7699 -40.7865 -64.5205 30.3 1.6 1.1 3.7
2003.7726 -44.3435 -64.9647 24.4 1.5 1.1 3.5
2003.7753 -41.3794 -64.6316 21.9 1.5 1.0 3.4
2003.7781 -41.8536 -65.7421 24.6 1.5 1.1 3.4
2003.7808 -44.8178 -62.8548 26.8 1.4 1.0 3.3
2003.7836 -40.7272 -64.2984 14.1 1.5 1.1 3.5
2003.7863 -39.3045 -64.8537 24.3 1.6 1.1 3.6
2003.7890 -42.3279 -65.631 26.2 1.5 1.1 3.4
2003.7918 -47.4262 -67.4079 22.2 1.4 1.0 3.3
2003.7945 -44.5213 -64.8537 25.5 1.5 1.1 3.4
2003.7973 -44.7585 -66.8526 26.4 1.4 1.0 3.2
2003.8000 -41.1422 -67.0747 19.8 1.5 1.1 3.3
2003.8027 -41.8536 -65.7421 22.2 1.4 1.0 3.2
2003.8055 -41.2015 -65.7421 23.4 1.4 1.1 3.3
2003.8082 -40.6087 -66.5194 10.2 1.5 1.1 3.4
2003.8110 -45.707 -67.8521 22.7 1.5 1.1 3.3
2003.8137 -42.0315 -70.2952 17.2 1.7 1.1 3.6
2003.8164 -40.0751 -69.0736 20.9 1.5 1.0 3.3
2003.8192 -34.6804 -70.6283 20.9 1.5 1.0 3.3
2003.8219 -41.9129 -67.5189 17 1.4 1.0 3.2
2003.8247 -42.98 -67.0747 13.5 1.4 1.0 3.3
2003.8274 -43.4543 -64.8537 18.9 2.4 1.8 4.7
2003.8301 -50.2125 -66.0752 13.4 2.1 1.3 4.2
2003.8329 -40.0751 -65.0758 17.8 1.6 1.2 3.7
2003.8356 -40.1937 -67.741 19 1.5 1.0 3.3
2003.8384 -43.0986 -68.2963 21.4 1.5 1.1 3.4
2003.8411 -38.0002 -68.2963 35.9 1.5 1.0 3.3
2003.8438 -38.2967 -66.2973 31.6 1.5 1.1 3.4
2003.8466 -40.0159 -65.631 19.1 1.5 1.0 3.2
2003.8493 -39.9566 -65.9642 25 1.5 1.0 3.3
2003.8521 -38.2967 -66.2973 19.8 1.4 1.0 3.2
2003.8548 -37.2296 -60.6338 38.4 1.4 1.0 3.2
2003.8575 -45.0549 -64.8537 12.3 1.4 1.0 3.3
2003.8603 -43.4543 -67.741 8.3 1.4 1.1 3.4
2003.8630 -36.281 -67.8521 22.2 1.5 1.1 3.3
2003.8658 -37.1703 -65.0758 29.2 1.4 1.0 3.3
2003.8685 -39.7194 -67.2968 17 1.5 1.1 3.3
2003.8712 -41.7943 -67.8521 25.9 1.5 1.0 3.1
2003.8740 -39.2452 -66.4084 20.3 1.4 1.0 3.2
2003.8767 -40.3715 -66.7415 20.9 1.4 1.0 3.1
2003.8795 -43.0393 -65.0758 17.2 1.4 1.1 3.3
2003.8822 -48.5526 -65.52 13.4 1.4 1.0 3.1
2003.8849 -46.0627 -65.0758 16.6 1.4 1.0 3.2
2003.8877 -45.707 -68.5184 49.6 2.2 1.5 4.6
2003.8904 -40.4308 -65.631 21.6 1.6 1.1 3.4
2003.8932 -42.9207 -72.6272 27.5 1.5 1.1 3.4
2003.8959 -41.1422 -66.1863 20.5 1.4 1.0 3.2
2003.8986 -45.5884 -67.4079 13.4 1.5 1.1 3.3
2003.9014 -43.1578 -68.6294 30.1 1.4 1.0 3.2
2003.9068 -45.8256 -68.4073 22.3 1.3 0.9 2.9
2003.9096 -49.5011 -65.52 11.9 1.5 1.0 3.1
2003.9123 -43.6321 -68.2963 19.7 1.4 1.0 3.1
2003.9151 -43.4543 -67.1858 20.9 1.5 1.0 3.2
2003.9205 -42.98 -58.968 26.5 1.5 1.0 3.2
2003.9233 -44.8178 -58.1906 23.9 1.5 1.0 3.1
2003.9260 -47.8412 -61.6332 26.7 1.5 1.0 3.2
2003.9288 -45.1735 -64.8537 26 1.6 1.1 3.4
2003.9315 -41.7351 -65.7421 23.8 1.5 1.0 3.2
2003.9370 -43.4543 -63.41 22.4 2.0 1.4 4.2
2003.9425 -40.253 -64.0763 20.4 1.5 1.0 3.2
2003.9452 -36.0439 -66.1863 31 1.5 1.0 3.3
2003.9479 -48.6711 -64.8537 18.8 1.7 1.2 3.7
2003.9507 -45.1735 -62.1885 18.1 1.5 1.0 3.2
2003.9534 -42.15 -63.1879 23.2 1.5 1.0 3.1
2003.9562 -38.9488 -65.52 30.4 1.5 1.0 3.1
2003.9589 -48.0783 -66.7415 29.6 1.5 1.0 3.2
2003.9616 -44.6399 -64.4095 21 1.5 1.0 3.1
2003.9644 -46.2998 -63.41 12.1 1.5 1.0 3.1
2003.9671 -45.7663 -63.9653 20.5 1.6 1.0 3.3
2003.9699 -48.7897 -64.1874 17.4 1.5 1.0 3.2
2003.9726 -54.3623 -64.7426 23.4 1.5 1.0 3.3
2003.9753 -47.6633 -64.0763 21 1.4 1.0 3.1
2003.9781 -45.707 -62.0774 29.7 1.4 1.0 3.0
2003.9808 -52.5838 -57.5243 33 1.4 1.0 3.0
2003.9836 -57.3857 -63.8542 13.2 1.3 0.9 2.9
2003.9863 -54.303 -63.41 16.2 1.4 1.0 3.2
2003.9890 -52.1095 -60.8559 24.6 1.4 1.0 3.0
2003.9918 -45.6477 -60.6338 28.7 1.5 1.0 3.2
2003.9945 -50.8646 -62.9658 31.1 1.5 1.0 3.2
2003.9973 -52.3467 -60.4117 16.2 1.5 1.0 3.2
2004.0000 -53.473 -64.6316 21.9 1.5 1.0 3.2
2004.0027 -44.4028 -58.7459 22.6 1.5 1.0 3.2
2004.0055 -46.3591 -57.5243 10.3 1.5 1.1 3.4
2004.0082 -53.4138 -56.0807 13 1.5 1.1 3.3
2004.0110 -52.3467 -58.6348 18.4 1.4 1.0 3.3
2004.0137 -52.1688 -57.8575 30.1 1.5 1.0 3.2
2004.0164 -52.1095 -57.7464 30.2 1.5 1.1 3.3
2004.0192 -54.6587 -57.3022 35.4 1.4 1.0 3.1
2004.0219 -55.6072 -58.1906 35.2 1.4 1.0 3.1
2004.0247 -53.6509 -55.8586 36.2 1.4 1.0 3.2
2004.0274 -56.5557 -55.5254 31.1 1.5 1.0 3.2
2004.0301 -55.0737 -55.5254 28.9 1.4 1.1 3.2
2004.0329 -56.6743 -54.8591 30.6 1.4 1.0 3.1
2004.0356 -53.7694 -55.7475 40.8 1.4 1.0 3.0
2004.0384 -56.7929 -54.8591 31.6 1.4 1.0 3.0
2004.0411 -61.1205 -57.0801 38.1 1.4 1.0 3.0
2004.0438 -50.2718 -53.9707 35.6 1.5 1.0 3.0
2004.0466 -53.5916 -54.8591 32.7 1.4 1.0 3.1
2004.0493 -55.7258 -56.3028 33 1.4 0.9 3.0
2004.0521 -60.8834 -59.3011 36.1 1.4 1.0 3.0
2004.0548 -57.2078 -55.9696 39.3 1.6 1.0 3.3
2004.0575 -60.4091 -57.4133 39.2 1.6 1.0 3.0
2004.0603 -55.9629 -57.6354 31.9 1.9 1.1 3.4
2004.0630 -54.5401 -59.3011 25.7 1.5 1.0 3.1
2004.0658 -54.2437 -60.5227 32.3 1.4 0.9 3.0
2004.0685 -52.1688 -59.079 34.4 1.5 1.0 3.2
2004.0712 -58.5121 -59.5232 36.7 1.5 0.9 3.1
2004.0740 -53.5323 -54.1928 50.9 2.7 1.5 4.9
2004.0767 -54.2437 -57.0801 56.1 1.5 1.0 3.2
2004.0795 -53.7102 -57.6354 48.6 1.5 1.0 3.1
2004.0822 -59.2235 -54.526 35.2 1.4 0.9 3.0
2004.0849 -61.2391 -57.3022 32.8 1.5 1.0 3.1
2004.0877 -52.7616 -59.4122 37.9 1.4 1.0 3.1
2004.0904 -55.4886 -54.637 38.1 1.4 1.0 3.0
2004.0932 -55.9629 -55.5254 36.2 1.5 1.0 3.1
2004.0959 -56.3779 -52.8602 34.4 1.5 1.0 3.2
2004.0986 -57.8007 -54.637 22.8 1.4 1.0 3.1
2004.1014 -47.8412 -52.3049 25 1.4 0.9 3.0
2004.1041 -50.5682 -53.4154 20 1.4 1.0 3.1
2004.1068 -45.8848 -56.9691 24.4 1.5 1.0 3.1
2004.1096 -50.2718 -56.1917 34.2 1.5 1.0 3.1
2004.1123 -49.0268 -57.1912 25.3 1.5 1.0 3.2
2004.1151 -50.6275 -65.2979 2.5 1.6 1.2 3.5
2004.1233 -49.7382 -60.6338 29.3 1.6 1.2 3.8
2004.1260 -49.5011 -60.4117 22.2 1.6 1.0 3.5
2004.1288 -49.1454 -61.8553 25.4 1.5 1.0 3.4
2004.1315 -49.7975 -61.189 23.6 1.5 1.0 3.2
2004.1342 -49.7382 -62.0774 22.9 1.5 1.0 3.2
2004.1370 -50.3311 -64.7426 27 1.6 1.0 3.4
2004.1397 -47.9597 -64.9647 29.3 1.5 1.0 3.2
2004.1425 -50.9832 -64.9647 32.4 1.5 1.0 3.2
2004.1452 -46.3591 -60.3006 27.7 1.5 1.0 3.3
2004.1479 -48.3747 -64.6316 28.5 1.5 1.0 3.2
2004.1507 -50.3311 -64.8537 22.9 1.5 1.0 3.4
2004.1534 -49.4418 -63.6321 25.9 1.5 1.0 3.4
2004.1562 -49.6197 -63.8542 19.6 1.4 1.0 3.2
2004.1589 -48.2562 -65.0758 28.6 1.6 1.0 3.3
2004.1616 -44.1656 -65.631 24.5 1.5 1.0 3.2
2004.1644 -45.0549 -62.1885 21.1 1.6 1.0 3.5
2004.1671 -44.2842 -64.1874 24.2 1.5 1.0 3.2
2004.1699 -42.565 -64.4095 27 1.5 1.0 3.4
2004.1726 -45.4106 -66.8526 28.1 1.6 1.1 3.4
2004.1753 -49.6789 -63.5211 19.2 1.5 1.0 3.4
2004.1781 -52.6431 -63.8542 25.7 1.5 1.0 3.4
2004.1808 -46.5962 -64.6316 20.5 1.5 1.0 3.2
2004.1836 -50.0346 -66.8526 26 2.4 1.7 5.3
2004.1890 -43.5135 -69.2957 29.6 1.5 1.0 3.2
2004.1918 -47.6633 -66.8526 21.2 1.5 1.1 3.3
2004.1945 -52.2874 -62.8548 17.7 1.5 1.1 3.3
2004.1973 -50.3311 -65.1868 16.2 1.5 1.0 3.4
2004.2000 -48.1376 -65.0758 25.6 1.5 1.0 3.2
2004.2027 -48.7897 -64.2984 24.4 1.5 1.0 3.2
2004.2055 -51.2796 -65.4089 21.3 1.5 1.0 3.2
2004.2082 -48.849 -66.8526 29.7 1.5 1.0 3.1
2004.2110 -49.264 -64.1874 28.9 1.7 1.0 3.5
2004.2137 -49.9754 -65.0758 27.9 2.5 1.9 5.3
2004.2247 -51.991 -65.2979 21.1 1.5 1.0 3.3
2004.2274 -49.0268 -67.1858 24.2 1.6 1.0 3.3
2004.2301 -50.3311 -65.8531 23.3 1.5 1.0 3.3
2004.2329 -48.7304 -66.7415 30.2 1.6 1.0 3.4
2004.2356 -53.2952 -68.9626 23.8 1.5 1.0 3.3
2004.2384 -51.5167 -68.8515 26.5 1.5 1.0 3.3
2004.2411 -51.3981 -68.4073 25.8 1.5 1.0 3.2
2004.2438 -48.9675 -68.0742 18.9 1.4 1.0 3.1
2004.2466 -49.264 -66.7415 24.3 1.3 1.0 3.0
2004.2493 -48.3747 -68.2963 21.1 1.3 1.0 2.9
2004.2521 -51.8131 -67.8521 24.7 1.4 1.0 3.1
2004.2548 -54.6587 -69.7399 21.9 2.7 2.2 6.2
2004.2575 -50.8646 -70.4062 26.1 1.5 1.0 3.2
2004.2603 -47.604 -69.851 25 1.4 1.0 3.2
2004.2630 -50.2125 -68.8515 28.9 1.4 1.0 3.2
2004.2658 -46.3591 -70.9615 30.7 2.8 2.1 5.9
2004.2877 -48.1376 -68.5184 24.1 1.6 1.0 3.3
2004.2904 -56.7336 -68.4073 27.1 2.2 1.5 4.4
2004.2932 -51.3981 -78.5129 32.3 2.3 2.0 5.5
2004.2959 -53.9473 -67.63 13 1.4 1.0 3.3
2004.2986 -43.8692 -69.5178 21.9 2.3 1.8 4.9
2004.3014 -49.264 -68.6294 23.9 1.8 1.3 3.8
2004.3041 -49.264 -68.4073 21.7 1.4 1.0 3.3
2004.3068 -45.8256 -69.5178 24 1.5 1.0 3.2
2004.3096 -49.7975 -67.1858 30.1 1.5 1.0 3.2
2004.3123 -50.2718 -66.9636 21.3 1.4 1.0 3.1
2004.3151 -48.3747 -68.9626 24 1.5 1.0 3.3
2004.3178 -52.9395 -68.8515 20.8 1.4 1.0 3.2
2004.3205 -50.6275 -70.2952 21.8 1.5 1.0 3.2
2004.3233 -46.1813 -65.2979 32.1 1.5 1.0 3.3
2004.3260 -48.5526 -67.741 20.3 1.5 1.0 3.2
2004.3288 -45.4106 -67.1858 29 1.4 1.0 3.3
2004.3315 -53.0581 -69.851 26.3 1.4 1.0 3.3
2004.3342 -48.1969 -68.0742 35.5 1.4 1.0 3.1
2004.3370 -50.1532 -68.7405 26.6 1.5 1.0 3.2
2004.3397 -47.6633 -69.4068 28.3 1.5 1.0 3.4
2004.3425 -42.98 -67.1858 23.6 1.5 1.0 3.5
2004.3452 -43.1578 -69.7399 21.2 1.5 1.1 3.7
2004.3479 -49.7975 -69.851 21.3 1.5 1.0 3.5
2004.3507 -46.5962 -69.7399 28.1 1.5 1.0 3.5
2004.3534 -46.6555 -69.0736 23.6 1.5 1.0 3.4
2004.3562 -48.9083 -68.9626 24.5 1.5 1.0 3.3
2004.3589 -44.6399 -71.0725 33.8 1.5 1.0 3.3
2004.3616 -52.9988 -70.1841 17.7 1.6 1.0 3.4
2004.3644 -47.0112 -69.962 22.3 1.5 1.0 3.4
2004.3671 -47.3669 -69.2957 27.7 1.5 1.0 3.4
2004.3699 -48.1376 -68.5184 27.2 1.5 1.0 3.5
2004.3726 -48.7304 -68.9626 29 1.5 1.0 3.4
2004.3753 -46.3591 -68.8515 23.3 1.5 1.0 3.4
2004.3781 -44.3435 -66.6305 35.3 1.5 1.0 3.4
2004.3808 -48.9675 -67.4079 22.6 1.5 1.0 3.3
2004.3836 -49.9754 -68.1852 25.2 1.6 1.0 3.4
2004.3863 -51.4574 -67.4079 28.8 1.6 1.0 3.3
2004.3890 -50.6275 -69.4068 24.3 1.6 1.0 3.3
2004.3918 -54.8958 -70.0731 23.2 3.3 2.9 6.6
2004.3945 -47.9597 -66.6305 35.8 1.5 1.0 3.3
2004.3973 -49.8568 -68.1852 31.6 1.6 1.0 3.4
2004.4000 -49.1454 -71.0725 34 1.7 1.0 3.5
2004.4027 -50.1532 -69.962 29.6 1.6 1.0 3.3
2004.4055 -50.3311 -70.8504 23.2 1.6 1.1 3.5
2004.4082 -49.7382 -69.962 25 1.6 1.0 3.4
2004.4110 -50.5089 -68.9626 34.4 1.5 1.0 3.3
2004.4137 -49.7382 -70.1841 33.4 1.5 1.0 3.3
2004.4164 -51.5167 -68.9626 25.7 1.5 1.0 3.3
2004.4192 -48.849 -71.5167 27.6 1.5 1.0 3.3
2004.4219 -50.5089 -70.4062 27 1.6 1.0 3.3
2004.4247 -51.2796 -70.1841 30.1 1.5 1.0 3.3
2004.4274 -50.6275 -70.2952 30.1 1.6 1.0 3.3
2004.4301 -48.9675 -69.5178 27.6 1.5 1.0 3.3
2004.4329 -50.6275 -69.6289 23.4 1.6 1.0 3.3
2004.4356 -50.6867 -68.6294 27.2 1.6 1.0 3.3
2004.4384 -52.7024 -69.5178 25.2 1.6 1.0 3.3
2004.4411 -46.7148 -72.2941 27.9 1.6 1.0 3.5
2004.4438 -47.604 -68.6294 30.7 1.6 1.0 3.3
2004.4466 -50.8646 -71.6278 31.7 1.6 1.0 3.3
2004.4493 -51.8724 -70.8504 34 1.7 1.1 3.7
2004.5342 -53.1766 -71.0725 31.2 1.6 1.0 3.6
2004.5370 -50.8646 -73.1825 36.6 1.6 1.0 3.3
2004.5397 -52.2874 -71.2946 36.4 1.6 1.0 3.4
2004.5425 -48.5526 -73.5156 39.5 1.7 1.1 3.9
2004.5452 -49.5604 -69.851 28.8 1.6 1.0 3.5
2004.5479 -51.2203 -72.2941 36.7 1.6 1.0 3.4
2004.5507 -52.4059 -71.6278 30.4 1.6 1.0 3.4
2004.5534 -53.473 -72.9604 31.7 1.6 1.0 3.4
2004.5562 -51.2203 -73.8488 34.1 1.6 1.0 3.4
2004.5589 -52.1688 -71.4057 35.8 1.6 1.1 3.5
2004.5616 -50.2125 -70.5173 38.4 1.7 1.0 3.6
2004.5644 -48.2562 -72.5162 35 1.6 1.0 3.5
2004.5671 -49.3825 -74.0709 35.9 2.0 1.3 4.0
2004.5699 -51.3981 -72.5162 27.7 1.7 1.1 3.5
2004.5726 -49.6197 -68.4073 35.5 2.2 1.3 4.2
2004.5753 -50.1532 -71.5167 35.4 1.6 1.0 3.4
2004.5781 -49.0861 -72.8493 39.6 1.6 1.0 3.4
2004.5808 -51.2796 -73.1825 30.3 1.6 1.1 3.5
2004.5945 -45.9441 -80.9561 42.4 3.2 2.9 8.4
2004.5973 -54.4216 -73.6267 30.5 1.6 1.1 3.5
2004.6000 -52.1688 -74.5151 36.2 1.6 1.0 3.4
2004.6027 -50.2718 -74.4041 31.6 1.6 1.1 3.6
2004.6055 -50.6275 -74.182 28.1 1.6 1.1 3.5
2004.6082 -55.0737 -73.2935 34.5 1.6 1.1 3.4
2004.6110 -46.8927 -73.1825 37.7 1.6 1.0 3.4
2004.6137 -49.8568 -74.182 28.1 1.6 1.0 3.5
2004.6164 -51.3981 -74.0709 36.7 1.6 1.1 3.5
2004.6192 -50.746 -71.9609 32 1.6 1.1 3.4
2004.6219 -50.6275 -75.7367 38.5 1.6 1.0 3.3
2004.6247 -49.3825 -75.2925 34 1.6 1.1 3.5
2004.6274 -50.4496 -72.8493 31 1.6 1.1 3.6
2004.6301 -51.3389 -74.0709 33.1 1.6 1.0 3.4
2004.6329 -48.019 -74.293 38.2 1.6 1.1 3.5
2004.6356 -47.604 -72.9604 32.7 1.6 1.0 3.4
2004.6384 -51.0424 -74.7372 30.6 1.6 1.0 3.3
2004.6411 -47.5448 -74.7372 34.7 1.6 1.0 3.4
2004.6438 -58.0971 -78.4019 34.1 1.5 1.0 3.4
2004.6466 -48.434 -75.5146 44.1 1.6 1.0 3.3
2004.6575 -54.9551 -78.9571 28.9 3.8 3.5 7.8
2004.6603 -50.3311 -76.2919 44.5 1.6 1.0 3.3
2004.6630 -55.6665 -75.8477 35.8 1.6 1.0 3.6
2004.6658 -52.2874 -74.7372 29 1.6 1.1 3.5
2004.6685 -53.0581 -75.0704 44.6 3.2 1.8 6.0
2004.6712 -46.7741 -73.9599 43.3 1.6 1.0 3.4
2004.6740 -56.8522 -74.0709 28.8 4.0 2.1 6.3
2004.6767 -53.888 -73.0714 37.8 1.6 1.0 3.4
2004.6795 -56.9114 -69.2957 31.2 1.5 1.0 3.3
2004.6822 -53.888 -74.4041 30.5 1.5 1.0 3.3
2004.6849 -48.6711 -73.4046 35.9 1.5 1.0 3.2
2004.6877 -51.2203 -76.2919 33.7 1.5 1.0 3.3
2004.6904 -54.6587 -76.2919 36.7 1.5 1.0 3.3
2004.6932 -51.1017 -75.7367 36.1 1.5 1.0 3.3
2004.6959 -51.3981 -73.7378 39.7 1.6 1.0 3.3
2004.6986 -50.3311 -75.4035 40.6 1.5 1.0 3.3
2004.7014 -52.1688 -76.1809 33.7 1.6 1.0 3.4
2004.7041 -54.7773 -74.182 31.8 1.5 1.1 3.5
2004.7068 -51.3981 -76.0698 46.7 1.5 1.0 3.3
2004.7096 -50.2718 -74.9593 41.2 1.5 1.0 3.2
2004.7123 -54.5994 -76.514 34.8 1.5 1.0 3.2
2004.7151 -58.5121 -71.8499 36.1 1.5 1.0 3.3
2004.7178 -50.5682 -75.7367 36.3 1.5 1.0 3.2
2004.7205 -52.8802 -76.514 47.3 1.5 1.0 3.3
2004.7233 -54.3623 -78.735 34.7 1.5 1.0 3.2
2004.7260 -58.3935 -75.1814 45.1 1.5 1.0 3.3
2004.7288 -52.9395 -75.8477 31.5 1.5 1.0 3.3
2004.7315 -57.445 -74.293 42.9 1.5 1.0 3.2
2004.7342 -55.133 -77.2914 40.4 1.4 1.0 3.2
2004.7370 -55.2515 -75.1814 40.6 1.5 1.0 3.2
2004.7397 -54.3623 -76.0698 43.3 1.5 1.0 3.3
2004.7425 -54.9551 -71.2946 35.8 1.5 1.0 3.2
2004.7452 -54.4808 -75.6256 38.2 1.5 1.0 3.2
2004.7479 -53.1766 -72.7383 36.2 1.5 1.0 3.2
2004.7507 -51.576 -70.6283 48.1 1.5 1.0 3.3
2004.7534 -55.1922 -75.7367 36.5 1.5 1.0 3.3
2004.7562 -53.5916 -75.4035 42.1 1.5 1.0 3.2
2004.7589 -54.1251 -75.0704 47.9 1.5 1.0 3.3
2004.7616 -50.2125 -74.8483 37.3 2.3 1.6 5.0
2004.7644 -58.1564 -77.8466 42.3 1.5 1.0 3.3
2004.7671 -53.6509 -74.9593 36.9 1.5 1.0 3.2
2004.7699 -57.3857 -76.6251 40.3 1.5 1.0 3.2
2004.7726 -54.3623 -77.0693 40.5 1.6 1.0 3.3
2004.7753 -54.8365 -78.0687 38.4 1.6 1.0 3.3
2004.7781 -56.6743 -75.7367 39.1 1.5 1.0 3.3
2004.7808 -49.0268 -78.1798 46.3 1.5 1.1 3.5
2004.7836 -51.0424 -78.624 44.3 1.5 1.0 3.3
2004.7863 -55.4294 -79.2903 48.9 1.5 1.1 3.4
2004.7890 -57.5635 -75.4035 35.8 1.5 1.0 3.2
2004.7918 -53.2359 -77.5135 37.4 1.6 1.0 3.2
2004.7945 -56.3779 -77.6245 43.1 1.5 1.0 3.2
2004.8000 -52.1095 -78.9571 40.8 1.5 1.0 3.1
2004.8027 -58.0971 -77.0693 35.7 1.5 1.0 3.2
2004.8055 -53.6509 -76.1809 42.8 1.6 1.0 3.3
2004.8411 -55.5479 -77.1803 34.1 1.4 1.0 3.0
2004.8438 -46.7148 -85.7312 43.8 1.5 1.0 3.1
2004.8466 -57.5635 -78.9571 37.7 1.4 1.0 3.0
2004.8493 -57.445 -76.2919 36.3 1.4 1.0 3.0
2004.8521 -55.3108 -76.514 34.6 1.4 1.0 3.0
2004.8548 -50.3311 -79.4013 49.6 1.6 1.0 3.2
2004.8795 -57.7414 -80.2897 39.7 1.5 0.9 3.0
2004.8822 -54.5401 -77.4024 35.3 1.5 1.0 3.1
2004.8849 -51.5167 -75.2925 43.6 1.5 1.0 3.1
2004.8877 -54.1251 -76.7361 39.1 1.6 1.0 3.3
2004.8904 -51.2796 -74.5151 48.6 1.5 1.0 3.1
2004.8932 -52.8209 -78.9571 38 1.5 0.9 3.1
2004.8959 -52.2281 -76.7361 42.6 1.5 0.9 3.1
2004.8986 -61.0612 -75.4035 43.4 1.6 1.0 3.1
2004.9014 -62.3654 -78.9571 42.1 1.6 1.0 3.2
2004.9041 -56.2 -75.1814 27.6 1.5 1.0 3.1
2004.9068 -57.9785 -74.0709 41.9 1.6 1.0 3.1
2004.9123 -54.4808 -79.5124 44.2 1.8 1.2 3.9
2004.9342 -52.1688 -82.8439 44.4 1.6 1.0 3.1
2004.9370 -55.3108 -78.8461 38.9 1.6 1.0 3.1
2004.9397 -60.8834 -76.0698 40 1.6 1.0 3.2
2004.9425 -61.7133 -77.7356 38.2 1.6 1.0 3.1
2004.9452 -62.069 -79.6234 42.8 1.5 1.0 3.2
2004.9479 -56.615 -80.9561 38.6 1.5 1.0 3.2
2004.9507 -60.587 -78.8461 41.2 1.6 1.0 3.2
2004.9534 -58.927 -79.1792 34.9 1.8 1.1 3.4
2004.9671 -60.5277 -78.8461 42.9 1.7 1.0 3.4
2004.9699 -57.2671 -80.0676 49.8 3.3 1.7 6.1
2006.1479 -73.9256 -91.2838 51.8 2.8 1.9 5.4
2006.1507 -83.233 -92.9495 56.4 1.3 0.9 2.7
2006.1534 -79.9131 -91.2838 56.3 1.3 0.9 2.7
2006.1562 -86.6121 -86.8417 73.8 1.3 0.9 2.8
2006.1589 -79.8539 -92.7274 58.4 1.6 1.1 3.2
2006.1644 -83.2923 -91.5059 50.5 1.3 0.9 2.7
2006.1671 -81.3359 -90.7285 55.1 1.3 0.9 2.7
2006.1699 -81.3952 -90.9506 52.9 1.5 0.9 2.9
2006.1726 -79.676 -89.507 59.6 1.4 0.9 2.7
2006.1753 -81.0395 -86.8417 53 1.4 0.9 2.7
2006.1781 -80.8024 -89.507 52.8 1.4 0.9 2.8
2006.1808 -80.0317 -91.728 53 1.3 0.9 2.8
2006.1836 -90.999 -91.728 56.4 1.2 0.9 2.6
2006.1863 -90.1098 -91.0617 48.4 1.3 0.9 2.7
2006.1890 -83.7072 -91.9501 52 1.3 0.9 2.7
2006.1918 -79.9131 -89.3959 57.9 1.3 0.9 2.7
2006.1945 -83.3515 -89.3959 62.7 1.3 0.9 2.8
2006.1973 -81.6323 -90.3954 58.7 1.4 0.9 2.8
2006.2000 -81.9288 -89.0628 52.7 1.3 0.9 2.7
2006.2027 -81.4545 -90.0622 53.3 1.3 0.9 2.7
2006.2055 -79.1425 -89.2849 55.2 1.4 0.9 2.7
2006.2082 -81.6916 -89.0628 54.3 1.4 1.0 2.9
2006.2110 -77.4825 -88.2854 59.9 1.4 0.9 2.9
2006.2137 -82.1659 -89.618 52.4 1.4 1.0 2.9
2006.2192 -86.9678 -92.9495 48.3 1.4 0.9 2.8
2006.2219 -79.3203 -92.9495 54.1 1.4 0.9 2.8
2006.2247 -79.0832 -89.9512 54.5 1.4 0.9 2.8
2006.2274 -78.3718 -91.3948 54.1 1.4 0.9 2.8
2006.2301 -77.2454 -91.1727 51.4 1.4 0.9 2.8
2006.2329 -77.2454 -91.3948 52.4 1.4 0.9 2.9
2006.2356 -77.4825 -93.2827 51.8 1.4 0.9 2.9
2006.2384 -78.0754 -94.5043 52.1 1.4 0.9 2.8
2006.2411 -79.8539 -92.9495 48.3 1.4 0.9 2.8
2006.2438 -78.0754 -95.0595 48.9 1.4 0.9 2.8
2006.2466 -78.5496 -88.5075 51.2 1.4 0.9 2.8
2006.2493 -77.7197 -95.2816 49.9 1.4 0.9 2.9
2006.2521 -79.8539 -94.3932 51.6 1.4 0.9 2.8
2006.2548 -78.1347 -93.949 52.7 1.4 0.9 2.9
2006.2575 -77.6604 -94.2822 48.1 1.4 0.9 2.9
2006.2603 -82.7587 -92.8385 42.5 1.5 1.0 3.0
2006.2630 -74.9927 -97.3916 42.7 1.4 1.0 3.0
2006.2658 -80.506 -94.6153 49.8 1.5 1.0 3.0
2006.2685 -73.0363 -93.6158 49 1.5 0.9 2.9
2006.2712 -77.4233 -93.3937 49.5 1.5 1.0 3.0
2006.2740 -77.7197 -93.1716 51.4 1.4 0.9 2.9
2006.2767 -77.2454 -92.7274 48.9 1.5 0.9 3.0
2006.2795 -77.6011 -94.6153 53.3 1.5 0.9 3.0
2006.2822 -83.2923 -94.0601 49.3 1.4 0.9 2.9
2006.2849 -83.1737 -88.0633 47.9 1.5 1.0 3.1
2006.2877 -82.1066 -90.7285 47.8 1.4 0.9 2.8
2006.2904 -75.8819 -92.9495 57 1.4 0.9 2.8
2006.2932 -78.6682 -92.8385 57.1 1.5 0.9 2.9
2006.2959 -80.7431 -94.7264 51.5 1.5 0.9 2.9
2006.2986 -85.4857 -94.2822 47.3 1.4 0.9 2.9
2006.3014 -80.506 -92.9495 54.7 1.5 0.9 2.9
2006.3041 -77.1269 -91.3948 57 1.5 0.9 2.9
2006.3068 -80.2688 -94.5043 46 1.5 0.9 2.8
2006.3096 -80.7431 -93.6158 48.9 1.5 0.9 2.8
2006.3123 -87.0864 -95.3927 51.7 1.5 0.9 2.9
2006.3151 -79.7946 -94.2822 51.1 1.5 0.9 2.9
2006.3178 -79.4389 -94.3932 49.1 1.5 0.9 2.9
2006.3205 -81.3952 -93.3937 55.4 1.5 0.9 3.0
2006.3233 -84.0629 -95.0595 44.7 1.5 0.9 3.0
2006.3260 -86.0193 -96.9474 53.5 1.5 0.9 2.9
2006.3288 -80.506 -93.3937 56 1.5 0.9 2.9
2006.3315 -81.5731 -93.3937 51.9 1.5 0.9 2.9
2006.3342 -78.5496 -94.7264 51.6 1.5 0.9 2.9
2006.3370 -82.0473 -95.6148 55.3 1.5 0.9 2.8
2006.3397 -82.2252 -96.3921 50.7 1.5 0.9 2.9
2006.3425 -80.0317 -94.5043 56.7 1.5 0.9 3.0
2006.3452 -82.0473 -95.0595 54.1 1.5 0.9 3.0
2006.3479 -80.9209 -93.3937 52.4 1.5 0.9 2.9
2006.3507 -79.9724 -94.0601 55 1.5 0.9 2.9
2006.3534 -81.2174 -95.2816 60.2 1.6 0.9 3.0
2006.3562 -83.648 -95.6148 55.3 1.5 0.9 2.9
2006.3589 -84.1222 -96.8363 55.9 1.5 0.9 3.0
2006.3616 -83.4108 -94.5043 54.3 1.5 0.9 2.9
2006.3644 -81.3359 -93.6158 57.5 1.5 0.9 3.0
2006.3671 -81.8102 -95.5037 52.7 1.5 0.9 2.9
2006.3699 -81.5138 -95.1706 55.8 1.5 0.9 2.9
2006.3726 -81.5138 -94.9485 61.7 1.5 0.9 2.9
2006.3753 -85.545 -96.3921 57.3 1.5 0.9 3.0
2006.3781 -80.5653 -94.5043 56.3 1.5 0.9 2.9
2006.3808 -81.2766 -95.1706 54 1.5 0.9 2.9
2006.3836 -79.4982 -98.7242 59.8 1.6 0.9 3.0
2006.3863 -82.6994 -94.6153 63.7 1.5 0.9 3.0
2006.3890 -89.5169 -98.1689 65.3 1.5 0.9 2.9
2006.3918 -80.3874 -94.2822 60.2 1.6 0.9 3.0
2006.3945 -81.2174 -94.3932 53.7 1.6 0.9 3.0
2006.3973 -79.0239 -96.6142 62 1.6 0.9 3.1
2006.4000 -80.8024 -96.059 60 1.7 0.9 3.2
2006.4027 -79.3203 -97.6137 62.1 1.7 0.9 3.1
2006.4055 -80.8617 -95.2816 61.9 1.7 1.0 3.1
2006.4082 -87.857 -98.9463 68.9 1.6 0.9 3.1
2006.4110 -80.8024 -97.1695 56.4 1.6 0.9 2.9
2006.4137 -79.0832 -95.6148 60 1.6 0.9 3.0
2006.4164 -82.3437 -96.3921 60.3 1.6 1.0 3.0
2006.4192 -83.1144 -93.8379 60.9 1.7 1.0 3.2
2006.4219 -79.2017 -95.9479 57.3 1.6 0.9 3.1
2006.4247 -80.506 -95.1706 55.4 1.6 0.9 3.1
2006.4274 -82.1659 -96.9474 59.8 1.6 1.0 3.1
2006.4301 -83.2923 -96.059 59 1.6 1.0 3.1
2006.4329 -82.3437 -97.2805 61.9 1.6 0.9 3.0
2006.4356 -80.5653 -97.2805 54.8 1.6 0.9 3.0
2006.4384 -74.9334 -98.0579 62.3 1.6 0.9 3.0
2006.4411 -79.4982 -97.3916 59.5 1.6 0.9 3.0
2006.4438 -79.3796 -98.7242 60.6 1.6 0.9 3.1
2006.4466 -81.8102 -97.3916 58.2 1.5 0.9 3.0
2006.4493 -81.0395 -98.5021 56.9 1.6 0.9 3.0
2006.4521 -79.8539 -98.1689 60.1 1.6 0.9 3.1
2006.4548 -81.9288 -96.7253 61.1 1.6 0.9 3.1
2006.4575 -82.5809 -97.6137 55 1.5 0.9 2.9
2006.4603 -80.8617 -97.1695 60.6 1.6 0.9 3.0
2006.4630 -79.7353 -97.8358 58.1 1.7 1.0 3.3
2006.4658 -77.9568 -96.9474 54.8 1.7 1.0 3.3
2006.4685 -79.9724 -96.2811 53.3 1.7 1.0 3.3
2006.4712 -83.5294 -97.3916 53.6 1.6 1.0 3.1
2006.4740 -80.9802 -97.7247 56.5 1.6 0.9 3.1
2006.4767 -82.7587 -97.0584 57.7 1.6 1.0 3.2
2006.4795 -83.0551 -99.3905 54.6 1.6 0.9 3.1
2006.4822 -82.1659 -98.7242 58.4 1.6 1.0 3.1
2006.4849 -82.818 -102.944 52.2 1.6 1.0 3.3
2006.4877 -82.0473 -97.2805 57.6 1.6 0.9 3.0
2006.4904 -82.0473 -98.1689 49.7 1.5 1.0 3.1
2006.4932 -82.403 -98.5021 52.3 1.6 1.0 3.2
2006.4959 -81.7509 -98.7242 57.6 1.5 1.0 3.1
2006.4986 -79.4982 -99.0573 56.3 1.5 0.9 3.0
2006.5014 -79.3796 -97.3916 54.6 1.5 0.9 3.0
2006.5041 -83.8851 -95.8369 52 1.5 0.9 3.2
2006.5068 -84.2408 -96.3921 47.5 1.5 0.9 3.0
2006.5096 -82.2252 -98.5021 57.1 1.5 1.0 3.1
2006.5123 -81.4545 -98.5021 52.1 1.5 1.0 3.1
2006.5151 -81.6323 -98.391 50.6 1.5 0.9 3.0
2006.5178 -81.4545 -98.391 55.1 1.5 0.9 3.1
2006.5205 -82.6401 -98.5021 48.2 1.5 0.9 3.0
2006.5233 -82.3437 -101.167 56.1 1.5 0.9 3.1
2006.5260 -83.1144 -98.8352 53.7 1.5 1.0 3.0
2006.5288 -82.7587 -97.3916 49.1 1.5 1.0 3.1
2006.5315 -79.2017 -98.7242 52.9 1.5 1.0 3.1
2006.5342 -82.1659 -95.8369 50 1.5 1.0 3.2
2006.5370 -79.9724 -97.8358 53.6 1.5 1.0 3.1
2006.5397 -82.2252 -98.28 51.7 1.5 1.0 3.1
2006.5425 -78.4904 -98.7242 57.4 1.6 1.0 3.2
2006.5452 -79.7353 -98.7242 50.6 1.8 1.0 3.2
2006.5479 -85.7821 -99.0573 50.5 1.5 1.0 3.1
2006.5507 -85.6636 -100.279 58.3 1.5 1.0 3.2
2006.5534 -82.3437 -100.057 56.8 1.5 0.9 3.0
2006.5562 -80.0317 -99.2794 59.1 1.5 1.0 3.1
2006.5589 -80.1503 -99.1684 55.7 1.5 1.0 3.1
2006.5616 -84.5965 -98.0579 53.9 1.5 1.0 3.1
2006.5644 -83.1144 -97.0584 51.6 1.5 1.0 3.0
