2008.3205 0 0 0 1.1 0.9 2.6
2008.3233 0.435594 0.111002 4.6 1.1 0.9 2.6
2008.3260 -0.914747 -1.77603 1 1.1 0.9 2.7
2008.3288 2.35221 -0.444008 -1.5 1.1 0.9 2.7
2008.3315 0.217797 -1.22102 -0.9 1.0 0.8 2.6
2008.3342 -1.43746 1.33203 5.6 1.1 0.9 2.6
2008.3370 0.696951 1.33203 0.4 1.3 1.1 3.3
2008.3452 -0.74051 0.555011 26.2 2.7 2.4 6.1
2008.3479 1.30678 1.22102 2.5 1.0 0.8 2.6
2008.3507 -0.304915 0.444008 0.8 1.0 0.8 2.6
2008.3534 0.522714 0.777016 4.1 1.0 0.8 2.6
2008.3562 -0.566271 -0.222003 -2.8 1.0 0.8 2.6
2008.3589 0.566272 1.44303 1.5 1.1 0.9 2.6
2008.3616 -0.914747 -0.444008 1.9 1.0 0.8 2.6
2008.3644 1.13254 1.44303 6 1.0 0.8 2.6
2008.3671 -2.26509 0.888017 5.7 1.1 0.9 2.8
2008.3699 -1.00187 1.44303 2.6 1.1 0.9 2.7
2008.3726 2.13441 -0.222003 0.9 1.1 0.8 2.6
2008.3753 1.30678 -2.22004 0.1 1.0 0.8 2.6
2008.3781 0.435594 1.44303 0.3 1.0 0.8 2.6
2008.3808 0.871189 0.777016 -0.7 1.0 0.8 2.6
2008.3836 1.48102 0.444008 -1.6 1.1 0.8 2.6
2008.3863 0.696951 -0.111001 0.8 1.1 0.8 2.6
2008.3890 4.70442 -0.666012 1.7 1.2 0.9 2.8
