2019.4521 0 0 0 1.3 0.8 2.5
2019.4548 -2.46649 -1.11065 -1.4 1.2 0.8 2.4
2019.4575 -3.28865 -0.666393 -1.7 1.2 0.8 2.4
2019.4603 -2.84595 0.222131 -3.2 1.2 0.8 2.4
2019.4630 -2.27676 0.444262 -5 1.2 0.8 2.4
2019.4658 -1.39135 -0.111065 -3.8 1.3 0.8 2.5
2019.4685 -8.66432 4.55368 -9.7 1.3 0.8 2.5
2019.4712 -8.66432 -2.11024 2.6 1.4 0.9 2.5
2019.4740 -3.66811 0.777459 2.9 1.2 0.8 2.4
2019.4767 -1.32811 -2.55451 3 1.2 0.8 2.4
2019.4795 -3.60486 -0.222131 3.7 1.2 0.8 2.4
2019.4822 -6.45081 -1.99918 2.8 1.2 0.8 2.4
2019.4849 1.51784 -1.44385 -0.6 1.3 0.8 2.4
2019.4877 -1.4546 -0.444262 0.3 1.2 0.8 2.4
2019.4904 -2.40324 2.11024 1.4 1.2 0.8 2.4
2019.4932 -3.54162 3.10983 -4.5 1.2 0.8 2.4
2019.4959 -2.34 0.777459 6.1 1.2 0.8 2.4
2019.4986 -3.35189 1.22172 0 1.3 0.8 2.4
2019.5014 -5.88162 0 1.9 1.1 0.8 2.3
2019.5041 -4.68 1.77705 1.9 1.2 0.8 2.4
2019.5068 -3.79459 0 2.6 1.2 0.8 2.4
2019.5096 -0.0632461 3.77623 -4.3 1.1 0.8 2.4
2019.5123 -7.20973 -0.111065 -7 1.1 0.8 2.3
2019.5151 -6.00811 -0.444262 5.9 1.1 0.8 2.3
2019.5178 -3.54162 -0.444262 0.2 1.2 0.8 2.4
2019.5205 2.40324 1.44385 -5.6 1.4 0.9 2.5
2019.5233 -6.51405 1.33279 -0.5 1.5 1.0 2.7
2019.5260 -7.08324 2.11024 6.9 1.3 0.9 2.4
2019.5288 -3.85784 -0.555327 1.7 1.1 0.8 2.3
2019.5315 -4.86973 0.111066 -1.8 1.2 0.8 2.4
2019.5342 -0.822164 0.444262 8.5 1.2 0.8 2.4
2019.5370 -1.51784 2.77664 -9.9 1.2 0.8 2.4
2019.5397 -9.92919 4.44262 3.6 1.2 0.8 2.4
2019.5425 4.55351 4.10942 7.1 1.3 0.9 2.5
2019.5452 -2.02378 0 -0.7 1.1 0.8 2.4
2019.5479 1.70757 -0.777458 8.4 1.2 0.9 2.4
2019.5507 -4.86973 4.77581 -2.6 1.1 0.8 2.4
2019.5534 -5.69189 1.22172 5 1.1 0.8 2.4
2019.5562 -2.65622 2.11024 0 1.2 0.8 2.4
2019.5589 -5.62865 1.66598 2.9 1.2 0.8 2.4
2019.5616 -5.05946 0.777459 0.4 1.2 0.8 2.4
2019.5644 -6.5773 4.44262 -2.6 1.1 0.8 2.4
2019.5671 -9.36 4.44262 5.5 1.2 0.8 2.5
2019.5699 -6.76702 1.22172 0.1 1.1 0.8 2.4
2019.5726 -6.89351 -0.333196 -6.7 1.2 0.8 2.4
2019.5753 -6.19784 0.222131 2.5 1.2 0.8 2.4
2019.5781 -3.85784 3.2209 7.5 1.1 0.8 2.3
2019.5808 -3.54162 -0.444262 -7.4 1.2 0.8 2.4
2019.5836 -10.6249 2.22131 -1.9 1.2 0.8 2.4
2019.5863 -7.9054 3.2209 1.9 1.2 0.8 2.4
2019.5890 -6.64054 4.10942 -2.3 1.2 0.8 2.4
2019.5918 -6.19784 2.44344 -0.1 1.1 0.8 2.3
2019.5945 -0.948649 2.33237 7.7 1.5 1.0 2.7
2019.5973 -2.08703 2.11024 -0.6 1.4 0.9 2.6
2019.6000 -1.96054 3.44303 3 1.2 0.8 2.5
2019.6027 -5.56541 2.44344 7.8 1.2 0.8 2.5
2019.6055 -7.08324 3.10983 0.3 1.2 0.8 2.4
2019.6082 -8.60108 2.8877 0.1 1.3 0.8 2.5
2019.6110 -6.00811 3.66516 -6 1.3 0.8 2.5
2019.6137 -7.27297 3.99836 -0.1 1.2 0.8 2.4
2019.6164 -6.32432 0.111066 1.9 1.2 0.8 2.4
2019.6192 -3.60486 1.22172 -7.3 1.1 0.8 2.4
2019.6219 -7.20973 1.77705 -4.7 1.2 0.8 2.4
2019.6247 -7.20973 1.88811 -3.2 1.2 0.8 2.4
2019.6274 -8.60108 3.44303 0.5 1.1 0.8 2.4
2019.6301 -8.22162 1.66598 2 1.2 0.8 2.4
2019.6329 -4.93297 1.55492 -5.2 1.2 0.8 2.4
2019.6356 -7.14648 0.888524 -4 1.1 0.8 2.3
2019.6384 -6.70378 2.44344 -7.1 1.2 0.8 2.3
2019.6411 -6.89351 1.88811 -7.5 1.2 0.8 2.4
2019.6438 -8.15837 -0.777458 6.6 1.2 0.8 2.4
2019.6466 -6.5773 1.44385 -1.7 1.2 0.8 2.3
2019.6493 -4.74324 -0.333196 5.2 1.2 0.8 2.3
2019.6521 -7.20973 0.333197 3.5 1.2 0.8 2.4
2019.6548 -11.2573 2.11024 -3.1 1.3 0.9 2.4
2019.6575 -7.14648 0.222131 5.6 1.2 0.8 2.4
2019.6603 -14.293 2.77664 3.6 1.2 0.8 2.5
2019.6630 -7.4627 1.77705 -2.5 1.2 0.8 2.4
2019.6658 -5.31243 0.888524 -8.9 1.4 1.0 2.7
2019.6685 -8.03189 1.22172 -4.9 1.5 1.1 2.8
2019.6712 -6.45081 3.55409 -7.7 1.4 0.9 2.7
2019.6740 -6.19784 1.44385 3.3 1.2 0.8 2.4
2019.6767 -8.09513 0.777459 0.4 1.2 0.8 2.4
2019.6795 -8.22162 1.22172 1.1 1.3 0.9 2.6
2019.6822 -9.36 0.777459 -1.7 1.2 0.9 2.5
2019.6849 -9.10702 2.33237 1.4 1.2 0.8 2.4
2019.6877 -9.61297 0.777459 -1.4 1.2 0.8 2.4
2019.6904 -8.34811 1.99918 0.8 1.4 0.9 2.6
2019.6932 -6.89351 1.55492 -0.9 1.2 0.8 2.4
2019.6959 -8.66432 -1.44385 -4.6 1.2 0.8 2.4
2019.6986 -7.20973 0.99959 -2.2 1.2 0.8 2.4
2019.7014 -8.15837 0.111066 1.8 1.3 0.8 2.4
2019.7041 -9.67621 -0.333196 10.2 1.2 0.8 2.4
2019.7068 -7.39946 1.44385 2.2 1.2 0.8 2.4
2019.7096 -6.32432 0.555328 0.9 1.3 0.8 2.4
2019.7123 -7.02 2.22131 -1.1 1.2 0.8 2.3
2019.7151 -10.1189 -0.777458 1.1 1.2 0.8 2.4
2019.7178 -6.26108 3.33196 0.7 1.2 0.8 2.4
2019.7205 -8.47459 1.22172 0.9 1.3 0.8 2.4
2019.7233 -7.14648 2.22131 3.9 1.4 0.8 2.4
2019.7260 -8.53783 -1.33279 8.9 1.2 0.8 2.3
2019.7288 -9.36 1.99918 3.2 1.5 0.8 2.5
2019.7315 -9.36 1.33279 6.1 1.3 0.8 2.4
2019.7342 -9.17027 -3.10983 5.3 1.2 0.8 2.4
2019.7370 -6.70378 -2.11024 3.6 1.2 0.8 2.4
2019.7397 -6.95676 0.444262 6 1.3 0.8 2.4
2019.7425 -8.98054 0.444262 9 1.4 0.9 2.6
2019.7452 -7.39946 0.888524 -4.1 1.3 0.8 2.4
2019.7479 -6.76702 1.22172 3.2 1.3 0.9 2.5
2019.7507 -10.1189 0.777459 5.9 1.3 0.9 2.5
2019.7534 -6.5773 2.44344 3.7 1.3 0.8 2.4
2019.7562 -7.4627 -0.999589 6 1.3 0.9 2.5
2019.7589 -10.3086 2.11024 -0.6 1.3 0.8 2.4
2019.7616 -5.69189 -0.555327 9.8 1.2 0.8 2.4
2019.7644 -7.4627 -0.222131 6.2 1.3 0.8 2.4
2019.7671 -12.3324 0.444262 4.2 1.2 0.8 2.4
2019.7699 -7.52594 -0.111065 0.7 1.2 0.8 2.3
2019.7726 -10.3086 1.22172 2.7 1.2 0.8 2.3
2019.7753 -11.8265 2.66557 -2.5 1.3 0.9 2.5
2019.7781 -10.7513 -0.111065 7 1.3 0.8 2.4
2019.7808 -7.08324 -0.444262 9.6 1.2 0.8 2.3
2019.7836 -7.58919 0.99959 3.1 1.2 0.8 2.4
2019.7863 -7.65243 0.777459 4.8 1.2 0.8 2.3
2019.7890 -9.54972 2.8877 6.3 1.2 0.8 2.3
2019.7918 -9.8027 0.888524 3.5 1.2 0.8 2.3
2019.7945 -9.54972 1.77705 4.6 1.2 0.8 2.3
2019.7973 -8.85405 4.66475 -0.8 1.4 0.9 2.7
2019.8000 -8.28486 1.11065 5.4 1.2 0.8 2.3
2019.8027 -9.67621 0 11.9 1.2 0.8 2.3
2019.8055 -8.66432 1.22172 -2.2 1.2 0.8 2.3
2019.8082 -6.51405 2.8877 -1 1.2 0.8 2.3
2019.8110 -7.9054 -0.999589 6.7 1.2 0.8 2.3
2019.8137 -9.36 2.44344 -2.5 1.2 0.8 2.4
2019.8164 -8.79081 0.888524 -1.2 1.3 1.0 2.6
2019.8192 -9.8027 1.77705 1.8 1.3 0.9 2.5
2019.8219 -6.38757 1.33279 5.2 1.2 0.8 2.4
2019.8247 -12.4589 1.55492 2.6 1.2 0.8 2.4
2019.8274 -11.3205 3.2209 0.6 1.2 0.8 2.4
2019.8301 -10.3086 0.555328 -1.2 1.2 0.8 2.4
2019.8329 -8.22162 0.888524 2.4 1.2 0.8 2.4
2019.8356 -10.4351 0.666393 5 1.2 0.8 2.4
2019.8384 -11.6368 1.66598 2.7 1.2 0.8 2.4
2019.8411 -10.9411 1.22172 3.6 1.2 0.8 2.4
2019.8438 -9.8027 2.11024 -1.2 1.2 0.8 2.4
2019.8466 -10.9411 1.77705 -0.1 1.2 0.8 2.4
2019.8493 -11.5735 1.77705 -0.3 1.2 0.8 2.3
2019.8521 -10.4984 2.11024 2.9 1.2 0.8 2.4
2019.8548 -11.8265 5.99753 -0.8 1.2 0.8 2.3
2019.8575 -14.1665 3.99836 -1.8 1.2 0.8 2.3
2019.8603 -10.4351 3.55409 -4.6 1.2 0.8 2.4
2019.8630 -8.98054 -0.555327 -7.8 1.2 0.8 2.4
2019.8658 -9.8027 0 -2.5 1.2 0.8 2.4
2019.8685 -9.29675 0.222131 -5 1.2 0.8 2.4
2019.8712 -11.0043 0.888524 -2 1.2 0.8 2.3
2019.8740 -9.61297 3.99836 -7.5 1.2 0.8 2.4
2019.8767 -8.03189 4.99795 -6.4 1.2 0.8 2.3
2019.8795 -7.84216 2.66557 9.4 1.2 0.8 2.4
2019.8822 -7.27297 2.11024 2.4 1.2 0.8 2.4
2019.8849 -8.85405 3.10983 -2.9 1.2 0.8 2.3
2019.8877 -9.10702 1.55492 2.3 1.2 0.8 2.4
2019.8904 -10.1822 0.444262 1.1 1.2 0.8 2.5
2019.8932 -14.4827 0.99959 1.6 1.2 0.8 2.4
2019.8959 -13.0281 -0.222131 6.2 1.2 0.8 2.3
2019.8986 -14.04 3.55409 -4 1.2 0.8 2.4
2019.9014 -11.3838 2.22131 -3 1.2 0.8 2.3
2019.9041 -12.9016 5.55327 -0.3 1.2 0.8 2.3
2019.9068 -8.85405 0 0.5 1.2 0.8 2.4
2019.9096 -9.86594 1.55492 -3 1.2 0.8 2.4
2019.9123 -7.65243 2.44344 0 1.2 0.8 2.3
2019.9151 -6.19784 0.666393 2.5 1.2 0.8 2.3
2019.9178 -7.58919 -0.666393 5.1 1.2 0.8 2.3
2019.9205 -12.3957 1.55492 -2.3 1.2 0.8 2.4
2019.9233 -13.2178 1.55492 3.4 1.2 0.8 2.4
2019.9260 -14.7989 2.77664 0.3 1.2 0.8 2.4
2019.9288 -12.5854 4.88688 -2.1 1.2 0.8 2.4
2019.9315 -12.0162 3.88729 -2.3 1.2 0.8 2.4
2019.9342 -7.02 4.10942 1.1 1.2 0.8 2.4
2019.9370 -14.2297 3.33196 3.2 1.2 0.8 2.4
2019.9397 -11.953 3.55409 1.9 1.2 0.8 2.4
2019.9425 -10.6881 4.10942 0.6 1.2 0.8 2.4
2019.9452 -11.1308 4.77581 4.1 1.2 0.8 2.4
2019.9479 -10.1822 3.66516 0 1.2 0.8 2.4
2019.9507 -9.86594 3.99836 -1.4 1.2 0.8 2.4
2019.9534 -9.61297 0.444262 2.1 1.3 0.9 2.5
2019.9562 -11.3838 2.44344 3.8 1.2 0.8 2.4
2019.9589 -10.5616 4.22049 6.1 1.1 0.8 2.4
2019.9616 -13.1546 5.10901 -2.2 1.2 0.8 2.3
2019.9644 -12.0162 5.33114 -2.5 1.2 0.8 2.4
2019.9671 -12.5222 3.77623 -4.6 1.3 0.9 2.5
2019.9699 -12.5222 3.66516 -8.3 1.2 0.8 2.4
2019.9726 -11.0043 4.44262 2.6 1.2 0.8 2.4
2019.9753 -11.2573 2.11024 1.5 1.2 0.8 2.3
2019.9781 -13.534 3.33196 3.1 1.2 0.8 2.4
2019.9808 -8.79081 4.33155 -0.5 1.2 0.8 2.4
2019.9836 -9.36 1.55492 0.6 1.2 0.8 2.4
2019.9863 -12.5854 3.88729 1.7 1.2 0.8 2.4
2019.9890 -11.447 -0.555327 0.3 1.1 0.8 2.4
2019.9918 -18.0876 3.2209 4.1 1.2 0.8 2.4
2019.9945 -14.6724 2.33237 -2.7 1.1 0.8 2.3
2019.9973 -12.2692 0.777459 3.2 1.2 0.8 2.4
2020.0000 -12.2059 -2.99877 4.5 1.2 0.8 2.4
2020.0027 -11.953 1.22172 5.6 1.1 0.8 2.4
2020.0055 -15.1784 0.444262 0.6 1.1 0.8 2.3
2020.0082 -14.1032 2.99877 -0.6 1.2 0.8 2.4
2020.0110 -16.6962 0.888524 -2.6 1.2 0.8 2.4
2020.0137 -16.0638 -0.666393 1.5 1.2 0.8 2.4
2020.0164 -14.1032 -0.777458 11.1 1.2 0.8 2.4
2020.0192 -15.0519 -1.77705 6.9 1.2 0.8 2.3
2020.0219 -12.9016 -3.10983 -0.5 1.1 0.8 2.3
2020.0247 -12.6486 -1.55492 -1.9 1.3 0.8 2.4
2020.0274 -12.2692 -0.777458 4.3 1.2 0.8 2.4
2020.0301 -11.194 0.888524 -2.5 1.2 0.8 2.3
2020.0329 -9.73946 1.55492 -6.8 1.2 0.8 2.3
2020.0356 -10.5616 0.333197 -4.9 1.2 0.8 2.3
2020.0384 -10.6881 1.33279 2.7 1.1 0.8 2.3
2020.0411 -12.3957 0.777459 7.3 1.1 0.8 2.3
2020.0438 -13.7238 0.888524 1.4 1.2 0.9 2.4
2020.0466 -12.1427 2.22131 -5.8 1.2 0.8 2.4
2020.0493 -11.3205 3.10983 0.6 1.2 0.8 2.4
2020.0521 -11.447 1.22172 1.4 1.1 0.8 2.4
2020.0548 -14.04 2.22131 -2.2 1.1 0.8 2.4
2020.0575 -12.3324 2.33237 3.8 1.1 0.8 2.4
2020.0603 -9.92919 2.11024 5.1 1.2 0.8 2.4
2020.0630 -14.1032 3.44303 -4.7 1.2 0.8 2.4
2020.0658 -11.1308 1.99918 -0.8 1.2 0.8 2.4
2020.0685 -13.2811 1.22172 0 1.2 0.8 2.3
2020.0712 -12.6486 2.33237 1 1.2 0.8 2.4
2020.0740 -12.1427 2.22131 4.2 1.2 0.8 2.4
2020.0767 -13.4708 3.44303 0 1.2 0.8 2.4
2020.0795 -13.4708 2.77664 3.5 1.2 0.9 2.4
2020.0822 -14.04 0.99959 -3.6 1.2 0.8 2.4
2020.0849 -13.6605 2.22131 8.1 1.3 0.8 2.4
2020.0877 -16.0005 0.777459 10.2 1.2 0.8 2.4
2020.0904 -15.4946 2.77664 13.3 1.2 0.8 2.3
2020.0932 -16.2535 3.10983 9.9 1.2 0.8 2.4
2020.0959 -18.6567 2.66557 1.5 1.2 0.8 2.4
2020.0986 -18.214 4.22049 -2.2 1.3 0.9 2.4
2020.1014 -18.6567 3.2209 2.2 1.2 0.8 2.4
2020.1041 -19.2259 0.888524 3.3 1.3 0.8 2.4
2020.1068 -16.0005 2.99877 7.4 1.2 0.8 2.4
2020.1096 -20.0481 2.66557 4.5 1.2 0.8 2.4
2020.1123 -20.6805 4.66475 2.6 1.2 0.8 2.4
2020.1151 -19.7319 5.22008 7.4 1.2 0.8 2.3
2020.1178 -19.9216 4.10942 6.5 1.2 0.8 2.3
2020.1205 -17.5184 3.33196 2.6 1.2 0.8 2.4
2020.1233 -18.1508 0.666393 1.1 1.2 0.8 2.4
2020.1260 -18.467 1.44385 9.1 1.2 0.8 2.4
2020.1288 -16.5065 2.33237 1.1 1.2 0.8 2.3
2020.1315 -17.9611 1.55492 1.5 1.2 0.8 2.3
2020.1342 -16.9492 3.44303 4.7 1.2 0.8 2.4
2020.1370 -15.9373 3.99836 1.2 1.3 0.8 2.5
2020.1397 -15.9373 3.44303 4.6 1.2 0.8 2.4
2020.1425 -13.8503 3.66516 10.8 1.2 0.8 2.4
2020.1452 -13.7238 3.10983 1.9 1.2 0.8 2.3
2020.1479 -15.9373 4.77581 -0.2 1.2 0.8 2.3
2020.1507 -13.534 2.8877 1 1.2 0.8 2.3
2020.1534 -14.2297 2.99877 4.3 1.2 0.8 2.4
2020.1562 -14.6092 1.33279 4 1.2 0.8 2.4
2020.1589 -13.9767 0.555328 8 1.2 0.8 2.4
2020.1616 -10.6249 1.44385 11.4 1.2 0.8 2.4
2020.1644 -13.534 2.22131 7.9 1.2 0.8 2.4
2020.1671 -14.1032 2.11024 9.1 1.2 0.8 2.4
2020.1699 -13.9135 0.222131 14.3 1.2 0.8 2.4
2020.1726 -16.3167 2.77664 12.1 1.2 0.8 2.4
2020.1753 -18.8465 2.33237 10.7 1.2 0.8 2.3
2020.1781 -17.3919 2.33237 5.2 1.2 0.8 2.4
2020.1808 -15.7476 3.44303 3.5 1.2 0.8 2.4
2020.1836 -14.1032 3.2209 7.7 1.2 0.8 2.4
2020.1863 -16.3167 4.66475 -0.5 1.2 0.8 2.4
2020.1890 -15.8108 1.22172 7.8 1.2 0.8 2.4
2020.1918 -17.3919 0.888524 11.9 1.2 0.8 2.4
2020.1945 -16.5697 0.99959 10.4 1.2 0.8 2.4
2020.1973 -14.7357 3.99836 7.4 1.2 0.8 2.4
2020.2000 -16.6962 5.7754 8.3 1.3 0.8 2.4
2020.2027 -19.2259 5.55327 2.9 1.2 0.8 2.4
2020.2055 -17.1389 2.66557 4.4 1.2 0.8 2.4
2020.2082 -11.8265 0.888524 16.1 1.3 0.8 2.4
2020.2110 -17.3286 2.11024 9.2 1.2 0.8 2.4
2020.2137 -17.2022 4.77581 0.1 1.2 0.8 2.4
2020.2164 -17.1389 3.77623 6 1.5 0.9 2.7
2020.2192 -17.7081 2.44344 8.9 1.3 0.9 2.5
2020.2219 -15.8108 0.444262 5.6 1.3 0.9 2.5
2020.2247 -14.9254 0.333197 8.2 1.3 0.8 2.4
2020.2274 -15.874 1.11065 14.6 1.3 0.8 2.4
2020.2301 -15.4946 2.66557 10.8 1.2 0.8 2.4
2020.2329 -14.3562 2.99877 16 1.2 0.8 2.4
2020.2356 -15.3681 1.22172 9.5 1.2 0.8 2.4
2020.2384 -13.9135 1.55492 8.4 1.3 0.8 2.4
2020.2411 -15.6843 4.88688 10.1 1.2 0.8 2.4
2020.2438 -20.2378 3.66516 5.4 1.3 0.8 2.4
2020.2466 -16.5065 5.66434 6.7 1.3 0.8 2.4
2020.2493 -16.5065 3.77623 0.8 1.4 0.8 2.5
2020.2521 -16.7595 3.44303 9.1 1.3 0.8 2.4
2020.2548 -15.874 4.55368 8 1.3 0.8 2.5
2020.2575 -17.6449 3.66516 4.4 1.3 0.8 2.4
2020.2603 -16.8859 4.10942 9 1.2 0.8 2.4
2020.2630 -19.4157 3.77623 12.2 1.2 0.8 2.4
2020.2658 -20.7438 4.33155 5.7 1.2 0.8 2.4
2020.2685 -15.7476 5.44221 9.3 1.2 0.8 2.4
2020.2712 -19.9216 4.66475 11.3 1.3 0.8 2.4
2020.2740 -18.6567 3.66516 8.6 1.2 0.8 2.4
2020.2767 -18.72 3.44303 11.1 1.2 0.8 2.4
2020.2795 -18.9097 4.66475 11.1 1.2 0.8 2.4
2020.2822 -16.4432 5.10901 8.6 1.3 0.8 2.5
2020.2849 -15.1151 5.88647 11.7 1.3 0.8 2.5
2020.2877 -20.6173 0.666393 13.8 1.3 0.9 2.5
2020.2904 -20.1746 3.77623 10.5 1.3 0.8 2.4
2020.2932 -21.8822 4.10942 5.7 1.2 0.8 2.4
2020.2959 -18.8465 2.33237 8.1 1.2 0.8 2.4
2020.2986 -18.5303 3.10983 12.8 1.2 0.8 2.5
2020.3014 -16.127 4.77581 4.5 1.2 0.8 2.4
2020.3041 -17.1389 3.44303 8.6 1.6 0.9 2.7
2020.3068 -18.3405 4.77581 8.3 1.2 0.8 2.4
2020.3096 -20.9967 3.55409 2.2 1.3 0.8 2.4
2020.3123 -18.467 2.11024 7.8 1.2 0.8 2.4
2020.3151 -20.9335 2.8877 8.9 1.2 0.8 2.4
2020.3178 -21.6292 2.66557 4.8 1.3 0.8 2.4
2020.3205 -19.7951 3.77623 0.9 1.3 0.8 2.4
2020.3233 -16.3167 2.55451 12.1 1.3 0.8 2.4
2020.3260 -21.1865 1.55492 2.2 1.2 0.8 2.4
2020.3288 -19.5422 2.8877 4.5 1.2 0.8 2.4
2020.3315 -17.3919 0.777459 10.8 1.2 0.8 2.4
2020.3370 -20.6173 2.33237 13.9 1.2 0.8 2.4
2020.3397 -19.9849 2.99877 9.3 1.2 0.8 2.4
2020.3425 -18.6567 1.55492 7.2 1.2 0.8 2.4
2020.3452 -21.1865 2.99877 8.6 1.3 0.9 2.5
2020.3479 -20.9967 2.22131 7.7 1.2 0.8 2.5
2020.3507 -21.3762 3.10983 9.9 1.2 0.8 2.4
2020.3534 -22.2616 2.99877 13.1 1.2 0.9 2.5
2020.3562 -24.4751 3.10983 11.8 1.2 0.8 2.5
2020.3589 -26.0562 14.1053 0.5 1.2 0.8 2.5
2020.3616 -26.3724 7.44139 5.9 1.2 0.8 2.4
2020.3644 -22.2616 3.55409 2.8 1.2 0.8 2.4
2020.3671 -18.6567 1.99918 9.1 1.2 0.8 2.4
2020.3699 -19.3524 0.777459 15.6 1.2 0.8 2.4
2020.3726 -19.1627 1.99918 10.7 1.2 0.8 2.4
2020.3753 -20.2378 1.88811 8.6 1.2 0.8 2.4
2020.3781 -16.38 0.555328 7.9 1.2 0.8 2.4
2020.3808 -20.4908 0.888524 11.1 1.2 0.8 2.4
2020.3836 -18.1508 1.55492 11.8 1.2 0.8 2.4
2020.3863 -22.1984 -0.888524 15.4 1.2 0.8 2.4
2020.3890 -20.1746 -0.666393 9.9 1.2 0.8 2.4
2020.3918 -16.633 1.22172 8.4 1.2 0.8 2.4
2020.3945 -18.7832 1.55492 9.6 1.2 0.8 2.4
2020.3973 -16.5697 1.22172 11.3 1.2 0.8 2.4
2020.4000 -19.7951 1.33279 12.2 1.2 0.8 2.4
2020.4027 -20.6805 2.33237 12.2 1.2 0.8 2.4
2020.4055 -20.6173 1.44385 17.2 1.2 0.8 2.4
2020.4082 -19.5422 3.10983 9.2 1.2 0.8 2.4
2020.4110 -22.5146 4.33155 15.1 1.2 0.8 2.4
2020.4137 -22.3249 3.66516 17.6 1.4 0.9 2.5
2020.4164 -22.1351 1.77705 10.5 1.2 0.8 2.4
2020.4192 -21.06 3.44303 11 1.2 0.8 2.4
2020.4219 -17.7081 2.33237 14.2 1.4 0.9 2.5
2020.4247 -16.5697 2.44344 12.8 1.2 0.8 2.4
2020.4274 -19.9849 3.77623 19.2 1.2 0.9 2.5
2020.4301 -20.1746 2.66557 9.7 1.2 0.9 2.5
2020.4329 -25.6767 3.10983 7.3 1.2 0.8 2.4
2020.4356 -20.3643 3.2209 7.9 1.2 0.8 2.4
2020.4384 -19.2892 1.99918 13.9 1.2 0.8 2.5
2020.4411 -19.4789 3.44303 11.1 1.2 0.8 2.4
2020.4438 -24.7281 6.4418 21.1 1.3 0.9 2.5
2020.4466 -19.4789 2.99877 17.5 1.2 0.8 2.4
2020.4493 -21.5659 4.22049 6.3 1.2 0.8 2.4
2020.4521 -20.807 2.44344 10.7 1.2 0.8 2.4
2020.4548 -18.9097 1.66598 11.1 1.2 0.8 2.5
2020.4575 -18.0876 3.77623 15.9 1.2 0.9 2.5
2020.4603 -22.2616 2.8877 11.9 1.2 0.9 2.4
2020.4630 -25.8032 4.44262 16.7 1.2 0.8 2.4
2020.4658 -22.0086 3.77623 16.5 1.2 0.8 2.4
2020.4685 -17.3286 6.66393 15.4 1.2 0.8 2.5
2020.4712 -20.3011 2.8877 12.7 1.2 0.8 2.5
2020.4740 -19.5422 3.99836 20 1.2 0.9 2.4
2020.4767 -20.6805 2.99877 14.3 1.2 0.8 2.4
2020.4795 -22.4513 5.33114 19.7 1.2 0.8 2.4
2020.4822 -20.3643 1.44385 17.8 1.2 0.8 2.4
2020.4849 -18.1508 0.222131 23.8 1.2 0.9 2.5
2020.4877 -19.8584 3.2209 14.3 1.3 0.9 2.4
2020.4904 -22.894 5.44221 9.6 1.2 0.9 2.5
2020.4932 -24.3486 6.4418 10.1 1.3 0.9 2.4
2020.4959 -20.1746 5.22008 17.7 1.2 0.9 2.4
2020.4986 -24.5384 4.44262 19.1 1.3 0.9 2.5
2020.5014 -23.4632 1.77705 13.5 1.2 0.9 2.4
2020.5041 -22.8308 4.99795 17.8 1.2 0.9 2.4
2020.5068 -25.1076 4.22049 13.5 1.2 0.9 2.4
2020.5096 -23.2103 4.33155 14.6 1.2 0.9 2.4
2020.5123 -23.4 2.77664 16.9 1.3 0.9 2.5
2020.5151 -20.8703 2.33237 17.8 1.2 0.9 2.5
2020.5178 -20.4908 5.44221 15.4 1.2 0.9 2.4
2020.5205 -24.2854 4.10942 11.7 1.2 0.9 2.4
2020.5233 -23.0838 7.21925 15.9 1.2 0.9 2.5
2020.5260 -20.6173 4.22049 24 1.2 0.9 2.4
2020.5288 -23.9059 8.66311 9 1.2 0.9 2.5
2020.5315 -26.2459 8.55204 11.1 1.2 0.9 2.4
2020.5342 -19.5422 3.66516 16.3 1.2 0.9 2.4
2020.5370 -20.3643 6.1086 14.9 1.5 1.0 2.7
2020.5397 -27.8903 0.666393 19 1.2 0.9 2.5
2020.5425 -22.7043 0.222131 17.3 1.2 0.9 2.5
2020.5452 -20.9335 3.10983 20.2 1.2 0.9 2.5
2020.5479 -21.5027 3.66516 15.4 1.2 0.9 2.5
2020.5507 -31.8746 6.88606 18.3 1.2 0.9 2.5
2020.5534 -29.0286 11.2176 12.2 1.2 0.9 2.5
2020.5562 -29.2184 3.2209 17.8 1.2 0.9 2.5
2020.5589 -25.8032 2.77664 12.9 1.2 0.9 2.5
2020.5616 -24.0324 4.66475 18.1 1.2 0.9 2.5
2020.5644 -21.1232 7.21925 10.8 1.3 1.0 2.6
2020.5671 -18.9097 8.88524 9 1.5 1.0 2.7
2020.5699 -29.0919 3.99836 18.9 1.2 0.9 2.5
2020.5726 -34.0248 9.88483 5.7 1.2 0.9 2.5
2020.5753 -34.3411 5.66434 21.6 1.3 0.9 2.6
2020.5781 -19.9216 3.44303 24.2 1.2 0.9 2.5
2020.5808 -25.6767 2.99877 18.1 1.2 0.9 2.5
2020.5836 -26.7519 4.77581 16.4 1.2 0.9 2.5
2020.5863 -25.8032 0.555328 23.7 1.2 0.9 2.5
2020.5890 -23.9692 3.88729 11.1 1.2 0.9 2.5
2020.5918 -25.8665 5.66434 7.1 1.5 1.1 2.7
2020.5945 -23.8427 1.77705 16.7 1.2 0.9 2.5
2020.5973 -23.8427 1.88811 23.9 1.2 0.9 2.5
2020.6000 -21.9454 4.44262 15.6 1.2 0.9 2.6
2020.6027 -23.0838 4.33155 14.2 1.2 0.9 2.6
2020.6055 -26.8784 8.21884 10.2 1.3 0.9 2.5
2020.6082 -24.0957 3.2209 12.5 1.2 0.9 2.5
2020.6110 -20.8703 4.66475 13.5 1.2 0.9 2.5
2020.6137 -23.0838 2.22131 17.7 1.2 0.9 2.5
2020.6164 -27.3211 7.77458 11.4 1.2 0.9 2.5
2020.6192 -23.147 6.77499 7.4 1.2 0.9 2.5
2020.6219 -23.5265 3.99836 12.7 1.2 0.9 2.5
2020.6247 -30.8627 -1.88811 22.1 1.2 0.9 2.5
2020.6274 -22.4513 2.33237 14.2 1.2 0.9 2.5
2020.6301 -28.6492 5.99753 12.2 1.2 0.9 2.5
2020.6329 -29.4713 4.99795 18.8 1.2 0.9 2.5
2020.6356 -25.993 4.33155 12.7 1.3 0.9 2.5
2020.6384 -24.8546 4.77581 8.9 1.2 0.9 2.5
2020.6411 -24.9811 4.44262 12.2 1.3 0.9 2.6
2020.6438 -23.0205 8.10778 15 1.2 0.9 2.6
2020.6466 -26.1827 5.44221 13.7 1.3 0.9 2.5
2020.6493 -24.6016 5.66434 16.6 1.2 0.9 2.5
2020.6521 -25.2973 3.99836 10.4 1.2 0.9 2.5
2020.6548 -23.2735 4.55368 12.3 1.2 0.9 2.5
2020.6575 -25.1708 5.10901 14.9 1.2 0.9 2.5
2020.6603 -25.6767 3.33196 17.2 1.2 0.9 2.5
2020.6630 -24.9178 5.88647 22.7 1.3 0.9 2.6
2020.6658 -29.2184 3.33196 12.1 1.3 0.9 2.5
2020.6685 -25.1076 2.8877 14.3 1.4 0.9 2.6
2020.6712 -25.5503 1.66598 10 1.3 0.9 2.6
2020.6740 -26.8151 1.66598 17.1 1.4 0.9 2.6
2020.6767 -22.4513 4.55368 19.1 1.3 0.9 2.5
2020.6795 -28.333 5.10901 18.5 1.3 0.9 2.5
2020.6822 -27.7005 5.88647 13.8 1.3 0.9 2.5
2020.6849 -27.0049 4.88688 13.3 1.2 0.9 2.5
2020.6877 -26.1827 4.33155 13 1.3 0.9 2.5
2020.6904 -26.5621 4.22049 14.9 1.3 0.9 2.5
2020.6932 -25.234 1.99918 15.7 1.3 0.9 2.5
2020.6959 -26.9416 2.77664 14.7 1.3 0.9 2.6
2020.6986 -25.74 2.66557 14.7 1.3 0.9 2.6
2020.7014 -26.1827 2.8877 22.9 1.3 0.9 2.6
2020.7041 -26.8784 5.10901 18.8 1.2 0.9 2.5
2020.7068 -25.993 1.88811 14.4 1.4 1.0 2.8
2020.7096 -28.333 0.777459 18.1 1.4 0.9 2.7
2020.7123 -26.3724 0.99959 20.3 1.3 0.9 2.6
2020.7151 -29.2816 4.22049 22.5 1.3 0.9 2.6
2020.7178 -25.0443 3.66516 10.7 1.3 0.9 2.6
2020.7205 -22.9573 3.33196 15.1 1.3 0.9 2.6
2020.7233 -24.7913 2.22131 23.5 1.3 0.9 2.5
2020.7260 -24.0324 4.33155 26.7 1.3 0.9 2.5
2020.7288 -29.4713 1.77705 19.9 1.3 0.9 2.6
2020.7315 -28.7757 3.2209 15.7 1.3 0.9 2.6
2020.7342 -24.7281 4.22049 11.5 1.4 1.0 2.7
2020.7370 -28.2697 1.66598 19.2 1.3 0.9 2.6
2020.7397 -22.3881 3.10983 21.5 1.4 1.1 2.8
2020.7425 -27.9535 4.33155 29.8 1.4 1.0 2.6
2020.7452 -26.4989 5.99753 17.3 1.4 1.1 2.8
2020.7479 -25.6135 5.66434 16.5 1.3 0.9 2.6
2020.7507 -28.9654 4.10942 20 1.3 0.9 2.6
2020.7534 -31.3054 2.8877 13.2 1.2 0.9 2.5
2020.7562 -30.0405 4.77581 9.1 1.2 0.9 2.5
2020.7589 -26.1194 3.66516 18.1 1.2 0.9 2.5
2020.7616 -25.6767 2.66557 21.4 1.2 0.9 2.5
2020.7644 -24.4751 1.33279 23.1 1.3 0.9 2.5
2020.7671 -26.5621 3.10983 14.8 1.3 0.9 2.6
2020.7699 -28.5227 5.55327 8 1.2 0.9 2.5
2020.7726 -29.1551 3.99836 18.3 1.2 0.9 2.6
2020.7753 -26.4989 3.55409 12.2 1.2 0.9 2.5
2020.7781 -27.827 3.88729 22.2 2.9 1.3 4.2
2020.7808 -24.2222 3.2209 9.4 1.2 0.9 2.5
2020.7836 -25.6135 0.666393 24.7 1.2 0.9 2.5
2020.7863 -26.4357 0 26 1.2 0.9 2.5
2020.7890 -28.333 3.99836 18.4 1.2 0.9 2.5
2020.7918 -28.5227 4.66475 23.1 1.2 0.9 2.5
2020.7945 -27.6373 5.44221 12.3 1.2 0.9 2.5
2020.7973 -27.6373 3.66516 15.9 1.2 0.9 2.5
2020.8000 -26.8784 6.1086 11.7 1.2 0.9 2.5
2020.8027 -25.993 3.33196 13.2 1.2 0.9 2.5
2020.8055 -27.4476 4.55368 16 1.2 0.9 2.6
2020.8082 -25.1708 3.88729 16.7 1.3 0.9 2.5
2020.8110 -27.5108 3.66516 16.7 1.2 0.9 2.6
2020.8137 -31.4319 2.77664 15.9 1.4 0.9 2.6
2020.8164 -23.0205 4.44262 10 1.2 1.0 2.6
2020.8192 -30.0405 3.66516 18.1 1.2 0.9 2.5
2020.8219 -28.6492 3.10983 14.6 1.2 0.9 2.6
2020.8247 -25.2973 1.88811 12.3 1.2 0.9 2.5
2020.8274 -26.7519 3.99836 17 1.2 0.9 2.5
2020.8301 -26.1827 6.1086 9 1.2 0.9 2.6
2020.8329 -30.673 3.55409 12 1.2 0.9 2.5
2020.8356 -27.7005 3.55409 16.6 1.3 0.9 2.5
2020.8384 -30.42 4.33155 16.4 1.2 0.9 2.5
2020.8411 -27.0681 4.55368 11.3 1.2 0.9 2.5
2020.8438 -27.1946 7.88565 5.7 1.2 0.9 2.5
2020.8466 -30.673 8.66311 11 1.2 0.9 2.5
2020.8493 -30.1038 4.99795 10.3 1.2 0.9 2.5
2020.8521 -25.1076 5.88647 10.1 1.2 0.9 2.5
2020.8548 -23.4632 5.44221 5.8 1.2 0.9 2.5
2020.8575 -25.4238 3.99836 8.9 1.2 0.9 2.5
2020.8603 -24.6649 3.88729 15 1.3 0.9 2.5
2020.8630 -29.6611 4.55368 20.6 1.2 0.9 2.5
2020.8658 -26.4989 4.77581 16.1 1.2 0.9 2.5
2020.8685 -27.8903 5.33114 17.5 1.2 0.9 2.6
2020.8712 -26.9416 2.33237 16.5 1.2 0.9 2.5
2020.8740 -26.2459 4.55368 11.6 1.2 0.9 2.5
2020.8767 -29.9773 5.55327 16.6 1.2 0.9 2.5
2020.8795 -33.4557 3.88729 21.5 1.2 0.9 2.5
2020.8822 -34.6573 4.77581 12.9 1.2 0.9 2.5
2020.8849 -28.6492 4.22049 5.7 1.2 0.9 2.5
2020.8877 -28.4594 3.88729 21 1.2 0.9 2.5
2020.8904 -29.1551 4.77581 17.3 1.4 1.0 2.7
2020.8932 -31.1789 4.33155 15.2 1.3 0.9 2.5
2020.8959 -30.2935 4.55368 23.1 1.4 1.0 2.7
2020.8986 -30.1038 5.44221 14.1 1.2 0.9 2.5
2020.9014 -27.574 6.55286 18 1.2 0.9 2.6
2020.9041 -28.9021 3.33196 14.7 1.2 0.9 2.5
2020.9068 -28.5227 5.22008 21.7 1.2 0.9 2.5
2020.9096 -26.9416 4.22049 18 1.2 0.9 2.5
2020.9123 -29.0286 1.88811 16.3 1.2 0.9 2.6
2020.9151 -28.5227 3.88729 13.4 1.2 0.9 2.6
2020.9178 -27.574 3.55409 13.1 1.2 0.9 2.6
2020.9205 -31.0524 4.44262 16 1.2 0.9 2.5
2020.9233 -29.4081 4.99795 18.2 1.2 0.9 2.5
2020.9260 -33.2027 2.77664 19.8 1.2 0.9 2.5
2020.9288 -33.2027 4.10942 13.6 1.2 0.9 2.5
2020.9315 -30.7362 4.99795 12.4 1.2 0.9 2.5
2020.9342 -29.5978 6.4418 12.1 1.2 0.9 2.5
2020.9370 -30.5465 6.33073 13.4 1.2 0.9 2.5
2020.9397 -27.1313 6.33073 18.6 1.2 0.9 2.5
2020.9425 -30.1038 4.55368 22.5 1.2 0.9 2.5
2020.9452 -26.4989 3.77623 13.5 1.2 0.9 2.5
2020.9479 -32.3173 4.88688 8.9 1.2 0.9 2.5
2020.9507 -28.2697 5.88647 14.2 1.2 0.9 2.5
2020.9534 -29.3449 4.44262 19.4 1.2 0.9 2.5
2020.9562 -30.167 3.99836 24.8 1.2 0.9 2.5
2020.9589 -29.8508 4.22049 13 1.2 0.9 2.5
2020.9616 -29.2184 7.55245 6.7 1.2 0.9 2.5
2020.9644 -28.3962 6.66393 14.1 1.2 0.9 2.5
2020.9671 -28.08 3.66516 16.9 1.2 0.9 2.5
2020.9699 -31.7481 5.88647 15.7 1.2 0.9 2.6
2020.9726 -29.914 6.4418 17 1.2 0.9 2.6
2020.9753 -29.4081 5.66434 11.5 1.2 0.9 2.5
2020.9781 -34.4043 8.55204 11.2 1.3 1.0 2.6
2020.9808 -30.673 5.66434 13.1 1.2 0.9 2.5
2020.9836 -29.4713 5.10901 15.9 1.2 0.9 2.5
2020.9863 -28.0167 4.44262 17.3 1.2 0.9 2.5
2020.9890 -31.0524 5.33114 11 1.2 0.9 2.5
2020.9918 -33.8351 3.99836 5.4 1.2 0.9 2.5
2020.9945 -35.7324 7.77458 6.7 1.2 0.9 2.4
2020.9973 -33.7719 5.10901 13.5 1.2 0.9 2.5
2021.0000 -30.9892 4.88688 16 1.2 0.9 2.5
2021.0027 -29.9773 5.66434 17.8 1.2 0.9 2.5
2021.0027 -32.3173 5.22008 7.1 1.2 0.9 2.5
2021.0055 -30.2935 5.55327 12.3 1.2 0.9 2.4
2021.0082 -29.3449 5.88647 17.8 1.2 0.9 2.5
2021.0110 -32.3805 7.21925 17.9 1.2 0.9 2.5
2021.0137 -29.8508 6.99712 14 1.2 0.9 2.5
2021.0164 -32.0643 7.44139 2.8 1.3 1.0 2.6
2021.0192 -31.3054 4.44262 10.2 1.2 0.9 2.5
2021.0219 -30.2303 4.33155 21.4 1.2 0.9 2.5
2021.0247 -29.0919 3.55409 17.7 1.2 0.9 2.5
2021.0274 -32.8865 5.55327 14.8 1.2 0.9 2.5
2021.0301 -32.5703 4.88688 17 1.2 0.9 2.5
2021.0329 -31.6216 2.66557 16 1.4 1.0 2.6
2021.0356 -31.3686 4.88688 18.5 1.2 0.9 2.5
2021.0384 -30.8627 4.44262 20.5 1.2 0.9 2.5
2021.0411 -33.7086 5.66434 16.5 1.2 0.9 2.5
2021.0438 -32.1908 4.88688 22.4 1.2 0.9 2.5
2021.0466 -33.2659 6.88606 13.1 1.2 0.9 2.5
2021.0493 -34.5308 7.33032 16.3 1.2 0.9 2.5
2021.0521 -35.0367 7.33032 20.4 1.2 0.9 2.5
2021.0548 -36.3016 5.88647 18.7 1.3 1.0 2.6
2021.0575 -35.7324 7.66352 15.4 1.2 0.9 2.6
2021.0603 -34.7205 4.99795 14 1.2 0.9 2.5
2021.0630 -31.1789 6.1086 10.3 1.2 0.9 2.5
2021.0658 -32.507 6.99712 17.5 1.2 0.9 2.5
2021.0685 -35.0367 6.21967 18.4 1.4 1.0 2.6
2021.0712 -33.1394 5.99753 13.2 1.3 0.9 2.5
2021.0740 -33.4557 6.55286 9.8 1.2 0.9 2.5
2021.0767 -34.0881 4.99795 12.1 1.2 0.9 2.5
2021.0795 -34.2146 3.99836 15.9 1.2 0.9 2.5
2021.0822 -32.5703 4.77581 17.1 1.2 0.9 2.5
2021.0849 -37.693 5.22008 15.2 1.2 0.9 2.5
2021.0877 -35.1632 4.66475 15.7 1.2 0.9 2.5
2021.0904 -34.9103 5.55327 11.6 1.5 1.0 2.7
2021.0932 -32.6967 3.33196 17.4 1.3 0.9 2.5
2021.0959 -34.4676 5.33114 19.5 1.3 1.0 2.6
2021.0986 -34.4043 8.88524 26.2 1.3 0.9 2.6
2021.1014 -36.4913 8.55204 14.7 1.2 0.9 2.5
2021.1041 -34.1513 9.55163 11.8 1.6 1.0 2.8
2021.1068 -35.1632 7.10819 14.5 1.2 0.9 2.5
2021.1096 -35.7324 6.55286 12 1.2 0.9 2.5
2021.1123 -33.5189 6.88606 20.4 1.3 0.9 2.5
2021.1151 -35.8589 6.55286 17.4 1.2 0.9 2.5
2021.1178 -33.2659 7.66352 18.5 1.2 0.9 2.5
2021.1205 -30.42 8.66311 14.3 1.4 0.9 2.5
2021.1233 -30.4832 5.7754 20.9 1.2 0.9 2.5
2021.1260 -29.4081 4.88688 17.4 1.2 0.9 2.5
2021.1288 -31.1789 10.218 15.1 1.5 1.0 2.7
2021.1315 -32.0011 8.77417 14.1 1.3 0.9 2.5
2021.1342 -30.42 8.66311 11.4 1.3 0.9 2.5
2021.1370 -33.8984 6.88606 14 1.4 0.9 2.6
2021.1397 -29.5346 4.33155 20.7 1.4 0.9 2.6
2021.1425 -28.9021 6.77499 26.7 1.4 0.9 2.7
2021.1452 -32.254 7.77458 28.1 1.4 0.9 2.6
2021.1479 -33.2659 7.21925 22.6 1.4 0.9 2.5
2021.1507 -33.6454 9.10737 14.4 1.7 1.2 3.3
2021.1534 -28.5859 8.44097 8.8 1.7 1.2 3.3
2021.1562 -28.9021 7.88565 17.8 1.5 1.1 3.0
2021.1589 -32.3805 6.77499 16.9 1.3 1.0 2.6
2021.1616 -31.3686 5.66434 11.7 1.3 0.9 2.5
2021.1644 -29.6611 3.77623 19.8 1.5 1.0 2.7
2021.1671 -30.9892 6.99712 15 1.5 1.0 2.6
2021.1699 -26.7519 6.1086 14.2 1.6 1.0 2.8
2021.1726 -30.167 8.55204 16.3 1.4 0.9 2.5
2021.1753 -33.5821 7.44139 11 1.4 0.9 2.5
2021.1781 -28.2697 8.9963 1.5 1.6 0.9 2.7
2021.1808 -29.1551 6.88606 13 1.4 0.9 2.5
2021.1836 -33.0762 4.99795 20.1 1.5 0.9 2.6
2021.1863 -32.3805 4.44262 14.3 1.3 0.9 2.5
2021.1890 -33.4557 4.66475 19.7 1.3 0.9 2.5
2021.1918 -29.3449 4.10942 20.5 1.3 0.9 2.5
2021.1945 -34.9735 3.55409 20.1 1.4 0.9 2.6
2021.1973 -33.5189 4.55368 21.2 1.4 0.9 2.6
2021.2000 -32.8865 3.77623 13.9 1.7 1.0 3.0
2021.2027 -30.673 4.99795 12.2 1.3 0.9 2.5
2021.2055 -30.3567 5.66434 23.3 1.3 0.9 2.5
2021.2082 -28.7124 5.7754 26.9 1.3 0.9 2.5
2021.2110 -35.1632 7.33032 15.6 1.3 0.9 2.5
2021.2137 -34.7205 4.99795 16.9 1.4 0.9 2.5
2021.2164 -30.8627 4.44262 20.6 1.6 1.0 2.8
2021.2192 -34.0248 7.33032 21.8 1.3 0.9 2.5
2021.2219 -33.7086 6.66393 20.5 1.5 1.0 2.9
2021.2247 -32.254 8.10778 17.9 1.3 0.9 2.5
2021.2274 -33.6454 5.66434 21.8 1.4 0.9 2.6
2021.2301 -36.6811 4.44262 21 1.4 0.9 2.7
2021.2329 -35.7324 6.21967 18.7 1.3 0.9 2.5
2021.2356 -36.8076 6.66393 20.9 1.3 0.9 2.5
2021.2384 -32.8232 5.66434 17.9 1.3 0.9 2.5
2021.2411 -34.9103 3.33196 16 1.3 0.9 2.5
2021.2438 -34.2778 6.66393 23.5 1.3 0.9 2.5
2021.2466 -36.3648 6.21967 20.3 1.3 0.9 2.6
2021.2493 -36.1751 7.10819 15.3 1.4 0.9 2.6
2021.2521 -33.5821 6.21967 15.9 1.3 0.9 2.5
2021.2548 -34.3411 8.21884 19.1 1.3 0.9 2.5
2021.2575 -36.7443 8.44097 21.2 1.3 0.9 2.5
2021.2603 -35.6692 6.77499 12 1.3 0.9 2.5
2021.2630 -35.6692 7.44139 25.1 1.3 0.9 2.5
2021.2658 -32.3173 5.44221 20.8 1.4 0.9 2.5
2021.2685 -33.2027 5.44221 16.2 1.3 0.9 2.6
2021.2712 -39.3373 6.66393 20.1 1.3 0.9 2.6
2021.2740 -32.6967 6.77499 26.9 1.2 0.9 2.5
2021.2767 -38.3254 6.99712 15 1.3 0.9 2.6
2021.2795 -39.7167 8.66311 18.2 1.3 0.9 2.6
2021.2822 -37.693 8.44097 22.2 1.3 0.9 2.5
2021.2849 -36.5546 5.66434 19.9 1.3 0.9 2.5
2021.2877 -38.5784 6.33073 20.7 1.3 0.9 2.6
2021.2904 -34.0248 7.55245 26.1 1.5 0.9 2.7
2021.2932 -36.0486 8.77417 30.1 1.6 1.0 2.9
2021.2959 -40.033 7.10819 21.9 1.5 0.9 2.6
2021.2986 -38.1357 8.44097 22.1 1.5 1.0 2.8
2021.3014 -39.5903 4.88688 22.2 1.7 1.1 3.1
2021.3041 -34.7838 5.33114 24.1 1.3 0.9 2.6
2021.3068 -35.2897 6.21967 25.3 2.1 1.8 4.4
2021.3096 -35.7957 3.99836 26.6 1.5 1.0 2.8
2021.3123 -40.5389 6.4418 19.4 1.3 0.9 2.6
2021.3151 -37.3767 6.21967 17.2 1.4 0.9 2.6
2021.3178 -36.5546 6.4418 20.5 1.5 1.0 2.8
2021.3205 -37.44 7.88565 20.3 1.5 1.0 2.9
2021.3233 -35.8589 8.66311 23.5 1.3 0.9 2.7
2021.3260 -39.2108 5.99753 20.7 1.3 0.9 2.6
2021.3288 -38.7048 6.99712 23.3 1.3 0.9 2.6
2021.3315 -38.8313 8.32991 19.6 1.3 0.9 2.6
2021.3342 -38.7048 5.33114 21.6 2.2 1.3 3.6
2021.3370 -39.0843 8.32991 21.3 1.6 1.2 3.3
2021.3397 -36.3016 8.66311 22.3 1.2 0.9 2.5
2021.3425 -39.4638 5.44221 24.7 1.2 0.9 2.5
2021.3452 -38.9578 9.3295 16.3 1.2 0.9 2.6
2021.3479 -38.2621 7.55245 21.3 1.2 0.9 2.5
2021.3507 -36.9973 7.77458 25 1.2 0.9 2.5
2021.3534 -37.1238 6.99712 25.5 1.2 0.9 2.5
2021.3562 -39.3373 7.88565 20 1.2 0.9 2.5
2021.3589 -39.9697 4.55368 24 1.2 0.9 2.6
2021.3616 -40.6021 9.10737 16.7 1.3 0.9 2.6
2021.3644 -38.2621 7.77458 24.4 1.3 0.9 2.6
2021.3671 -37.8194 6.99712 29.1 1.2 0.9 2.6
2021.3699 -40.1594 7.66352 21.8 1.3 0.9 2.6
2021.3726 -36.8708 6.66393 28.6 1.2 0.9 2.6
2021.3753 -39.78 6.55286 21.3 1.2 0.9 2.5
2021.3781 -36.0486 8.44097 22.6 1.4 1.0 2.8
2021.3808 -37.8827 5.55327 33.1 1.3 0.9 2.7
2021.3836 -42.3097 11.3287 24.6 1.8 1.2 3.4
2021.3863 -40.3492 9.3295 21.5 1.4 1.0 2.8
2021.3890 -37.693 6.1086 24.3 1.3 0.9 2.6
2021.3918 -37.8827 6.1086 27.5 1.2 0.9 2.6
2021.3945 -38.0724 6.33073 36.6 1.2 0.9 2.6
2021.3973 -37.5032 6.4418 34.7 1.3 0.9 2.6
2021.4000 -38.8946 6.21967 36.3 1.6 1.0 3.0
2021.4027 -40.1594 6.66393 23.9 2.8 1.3 3.9
2021.4055 -36.8076 8.88524 23.8 1.3 0.9 2.6
2021.4082 -41.4243 8.21884 29.8 1.3 0.9 2.6
2021.4110 -38.6416 8.10778 26.3 1.3 0.9 2.6
2021.4137 -37.44 7.66352 30.8 1.3 0.9 2.6
2021.4164 -37.3135 6.66393 31.2 1.3 0.9 2.6
2021.4192 -36.1751 5.99753 33.1 1.3 0.9 2.6
2021.4219 -38.3254 8.21884 35.3 1.4 0.9 2.7
2021.4247 -40.033 8.44097 30.2 1.4 0.9 2.8
2021.4274 -37.5032 8.32991 29.3 1.4 1.0 2.8
2021.4301 -35.8589 4.99795 34.2 1.3 0.9 2.7
2021.4329 -37.2503 3.33196 48.8 1.9 1.3 3.7
2021.4356 -39.0843 5.7754 32.6 1.9 1.4 3.7
2021.4384 -39.7167 7.88565 23.2 1.3 0.9 2.6
2021.4411 -39.6535 6.99712 30.4 2.1 1.3 4.0
2021.4438 -39.2108 7.21925 22.6 1.6 1.1 3.0
2021.4466 -49.0767 10.107 24.1 6.9 3.1 8.1
2021.4493 -38.5151 6.21967 30.7 2.0 1.2 3.6
2021.4521 -41.5508 10.3291 30.2 1.3 0.9 2.6
2021.4548 -43.6378 10.6623 20.2 1.5 1.0 2.7
2021.4575 -40.2227 9.88483 25.4 1.6 1.0 2.8
2021.4603 -39.5903 8.10778 35.6 1.3 0.9 2.6
2021.4630 -39.527 8.44097 26.2 1.2 0.9 2.5
2021.4658 -37.3135 9.77376 29.4 1.2 0.9 2.6
2021.4685 -39.8432 8.32991 29.6 1.2 0.9 2.6
2021.4712 -42.6259 9.3295 28.8 1.3 0.9 2.6
2021.4740 -40.4757 9.77376 28 1.3 0.9 2.6
2021.4767 -40.2227 6.33073 22.9 1.2 0.9 2.5
2021.4795 -38.3254 7.33032 31.6 1.2 0.9 2.5
2021.4822 -43.8908 7.66352 24.5 1.3 0.9 2.6
2021.4849 -42.12 7.77458 30.4 1.2 0.9 2.6
2021.4877 -41.5508 8.66311 23.6 1.2 0.9 2.6
2021.4904 -45.2189 7.55245 24.6 1.2 0.9 2.5
2021.4932 -42.3097 5.66434 26.3 1.2 0.9 2.5
2021.4959 -46.4838 6.4418 28.9 1.4 1.0 2.8
2021.4986 -44.0805 7.66352 30.1 1.3 0.9 2.7
2021.5014 -40.6654 7.77458 26.5 1.2 0.9 2.6
2021.5041 -42.8789 7.88565 26.5 1.3 0.9 2.6
2021.5068 -42.8157 11.2176 25.4 1.2 0.9 2.5
2021.5096 -52.9346 8.88524 25.4 1.2 0.9 2.6
2021.5123 -39.527 6.88606 26.5 1.3 0.9 2.6
2021.5151 -44.5232 8.32991 28.6 1.3 0.9 2.6
2021.5178 -43.8908 6.77499 30 1.3 0.9 2.6
2021.5205 -41.4243 8.21884 24.6 1.3 0.9 2.6
2021.5233 -46.9897 7.66352 23.4 1.4 0.9 2.6
2021.5260 -41.7405 8.44097 26.8 1.2 0.9 2.6
2021.5288 -39.527 5.10901 31.6 1.2 0.9 2.6
2021.5315 -40.7919 7.21925 27.5 1.3 0.9 2.6
2021.5342 -42.8789 11.9951 20.1 1.3 0.9 2.6
2021.5370 -44.6497 6.4418 22.9 1.4 0.9 2.7
2021.5397 -40.6021 7.33032 21.5 1.4 1.0 2.7
2021.5425 -46.0411 6.4418 26.3 1.3 0.9 2.6
2021.5452 -42.2465 4.88688 32 1.3 0.9 2.6
2021.5479 -41.2346 9.44056 29.3 1.3 0.9 2.6
2021.5507 -46.4838 7.88565 27.6 1.3 0.9 2.6
2021.5534 -46.1675 4.88688 29.2 1.3 0.9 2.6
2021.5562 -43.0054 8.55204 26.1 1.4 1.1 2.8
2021.5589 -46.2308 5.44221 32.3 1.3 0.9 2.6
2021.5616 -43.6378 6.1086 33.1 1.3 0.9 2.6
2021.5644 -49.14 10.3291 26.8 1.3 0.9 2.6
2021.5671 -45.9778 7.44139 27.3 1.3 0.9 2.6
2021.5699 -44.0805 5.99753 25.3 1.3 0.9 2.6
2021.5726 -40.7919 8.32991 35 1.5 1.0 2.8
2021.5753 -44.2703 7.33032 34.9 1.3 0.9 2.6
2021.5781 -44.3335 8.10778 27.9 1.3 0.9 2.6
2021.5808 -44.7762 7.77458 26.2 1.3 0.9 2.6
2021.5836 -48.1913 8.9963 23 1.3 0.9 2.6
2021.5863 -43.8908 6.1086 31.1 1.3 0.9 2.6
2021.5890 -46.7367 9.55163 26.1 1.4 1.0 2.6
2021.5918 -46.2308 12.3283 24.5 1.3 0.9 2.6
2021.5945 -45.5351 9.88483 25.5 1.3 0.9 2.6
2021.5973 -42.0567 5.66434 28.9 1.4 1.0 2.7
2021.6000 -42.2465 6.1086 24.7 1.4 1.0 2.7
2021.6027 -42.4362 6.4418 27.3 1.3 0.9 2.6
2021.6055 -44.1438 6.88606 38.8 1.3 0.9 2.6
2021.6082 -46.4205 7.44139 32.9 1.3 0.9 2.6
2021.6110 -45.2189 4.99795 31.6 1.3 0.9 2.6
2021.6137 -41.2978 4.10942 33.8 1.3 0.9 2.6
2021.6164 -46.6102 9.99589 17.1 1.3 0.9 2.6
2021.6192 -41.9303 6.66393 26 1.3 0.9 2.6
2021.6219 -48.1281 8.32991 33.2 1.3 0.9 2.6
2021.6247 -45.7881 6.99712 24.1 1.3 0.9 2.6
2021.6274 -40.0962 8.32991 23 1.4 0.9 2.6
2021.6301 -42.7524 6.88606 25.5 1.4 0.9 2.6
2021.6329 -43.954 7.77458 18.4 1.3 0.9 2.6
2021.6356 -45.2189 6.77499 32.4 1.3 0.9 2.6
2021.6384 -40.7919 9.44056 38.6 1.4 1.0 2.7
2021.6411 -57.2351 7.99671 27.8 1.3 0.9 2.7
2021.6438 -45.2821 5.33114 31.2 1.3 0.9 2.7
2021.6466 -43.8908 6.1086 29.2 1.3 0.9 2.6
2021.6493 -43.6378 6.4418 26.9 1.4 1.0 2.7
2021.6521 -45.6616 7.10819 26.7 1.3 0.9 2.6
2021.6548 -44.713 6.88606 32.3 1.5 1.0 2.9
2021.6575 -42.6259 9.55163 26.3 1.4 1.0 2.7
2021.6603 -41.6773 7.10819 29.6 1.3 0.9 2.6
2021.6630 -46.1675 9.10737 29.5 1.3 0.9 2.6
2021.6658 -40.4124 7.44139 33.3 1.4 1.0 2.7
2021.6685 -46.0411 10.107 29.3 1.3 0.9 2.6
2021.6712 -42.9421 7.77458 31.8 1.3 0.9 2.6
2021.6740 -40.4124 6.21967 35.3 1.5 1.0 2.8
2021.6767 -43.5113 9.44056 46.5 1.4 1.0 2.7
2021.6795 -48.3178 9.66269 30.3 1.3 0.9 2.7
2021.6822 -43.3848 6.55286 34.5 1.3 0.9 2.6
2021.6849 -43.1319 9.66269 39.6 1.3 0.9 2.6
2021.6877 -44.46 9.3295 30.4 1.4 1.0 2.7
2021.6904 -44.1438 11.5508 28 1.3 0.9 2.6
2021.6932 -46.7367 9.44056 22.3 1.4 1.0 2.7
2021.6959 -43.7643 9.88483 28.8 1.3 0.9 2.6
2021.6986 -47.3692 8.10778 38.4 1.3 0.9 2.6
2021.7014 -42.3097 7.10819 29.4 1.3 0.9 2.6
2021.7041 -42.6259 6.4418 35.1 1.3 0.9 2.6
2021.7068 -44.9027 6.33073 33.1 1.3 0.9 2.6
2021.7096 -43.8908 5.10901 27.3 1.3 0.9 2.6
2021.7123 -47.5589 7.66352 26.1 1.4 1.0 2.7
2021.7151 -42.4994 7.55245 25.4 1.3 1.0 2.6
2021.7178 -44.7762 9.3295 25.3 1.3 0.9 2.6
2021.7205 -42.373 6.99712 26.7 1.3 0.9 2.6
2021.7233 -51.48 10.218 30.9 1.3 0.9 2.6
2021.7260 -45.6616 9.66269 19.3 1.4 1.0 2.6
2021.7288 -44.2703 9.10737 28.4 1.3 0.9 2.6
2021.7315 -44.8394 2.8877 31.3 1.4 1.0 2.7
2021.7342 -44.8394 5.7754 38.4 1.3 0.9 2.6
2021.7370 -44.6497 4.33155 31.7 1.3 0.9 2.6
2021.7397 -47.1794 7.55245 23.9 1.3 0.9 2.6
2021.7425 -46.6102 7.10819 23.6 1.3 1.0 2.6
2021.7452 -44.0805 10.107 22.7 1.3 0.9 2.6
2021.7479 -43.3848 7.33032 29.3 1.3 0.9 2.6
2021.7507 -40.4124 3.33196 25.6 1.3 0.9 2.6
2021.7534 -44.9659 6.21967 24.1 1.4 0.9 2.6
2021.7562 -50.0886 8.32991 28.5 1.3 0.9 2.6
2021.7589 -44.3967 8.10778 38.4 1.3 0.9 2.6
2021.7616 -45.2189 5.33114 35.1 1.3 0.9 2.6
2021.7644 -38.4519 4.99795 27.7 1.3 0.9 2.6
2021.7671 -44.3335 7.33032 19 1.3 0.9 2.6
2021.7699 -45.0292 11.1065 25.8 1.3 0.9 2.6
2021.7726 -45.4086 7.44139 31.6 1.3 0.9 2.6
2021.7753 -44.8394 9.3295 34 1.3 1.0 2.7
2021.7781 -46.6102 8.55204 30.4 1.4 1.0 2.7
2021.7808 -44.3335 4.33155 30.5 1.6 1.2 3.1
2021.7836 -46.6735 7.10819 22.7 1.3 1.0 2.7
2021.7863 -45.2189 7.33032 27.2 1.3 0.9 2.6
2021.7890 -49.5194 14.3274 34.2 1.3 0.9 2.6
2021.7918 -45.6616 8.66311 36.7 1.3 0.9 2.6
2021.7945 -45.5351 6.55286 27.1 1.4 0.9 2.7
2021.7973 -44.9027 6.4418 18.6 1.3 1.0 2.8
2021.8000 -45.0924 10.5512 26.8 1.3 1.0 2.7
2021.8027 -48.9502 8.77417 23.7 1.3 0.9 2.6
2021.8055 -47.2427 8.66311 30.9 1.3 1.0 2.6
2021.8082 -45.3454 7.88565 27.3 1.2 0.9 2.6
2021.8110 -44.0173 6.55286 23.9 1.2 0.9 2.6
2021.8137 -45.7248 7.44139 27.8 1.3 0.9 2.7
2021.8164 -45.4719 9.21843 25.2 1.2 0.9 2.5
2021.8192 -45.4086 9.44056 26.8 1.2 0.9 2.6
2021.8219 -42.4362 7.66352 31.9 1.3 0.9 2.6
2021.8247 -45.0292 7.66352 32.7 1.2 0.9 2.6
2021.8274 -43.0054 8.21884 32.7 1.2 0.9 2.5
2021.8301 -46.1675 7.10819 26.8 1.3 0.9 2.6
2021.8329 -50.4681 7.21925 35.1 1.3 0.9 2.6
2021.8356 -47.8119 9.88483 29 1.2 1.0 2.6
2021.8384 -47.6221 10.218 28 1.3 1.0 2.8
2021.8411 -51.0373 9.44056 23.8 1.3 0.9 2.7
2021.8438 -43.4481 6.21967 31.2 1.8 1.4 3.6
2021.8466 -47.7486 5.22008 31.1 1.2 0.9 2.5
2021.8493 -44.5865 7.99671 34.5 1.3 0.9 2.6
2021.8521 -46.294 8.55204 31.4 1.2 0.9 2.6
2021.8548 -47.053 7.99671 32.9 1.2 0.9 2.6
2021.8575 -44.0805 7.21925 33.1 1.2 0.9 2.5
2021.8603 -47.1794 7.99671 28.2 1.2 0.9 2.5
2021.8630 -46.547 9.88483 27.7 1.2 0.9 2.6
2021.8658 -49.8989 9.77376 31.4 1.3 0.9 2.7
2021.8685 -49.393 9.10737 35.2 1.3 1.0 2.8
2021.8712 -49.2665 6.66393 37.9 1.3 1.0 2.7
2021.8740 -48.0016 6.99712 33.4 1.2 0.9 2.6
2021.8767 -47.5589 8.21884 29.8 1.3 1.1 2.8
2021.8795 -49.3297 9.66269 33.8 1.2 0.9 2.6
2021.8822 -49.14 11.4397 35.9 1.2 0.9 2.6
2021.8849 -48.1281 11.5508 24 1.2 0.9 2.6
2021.8877 -51.1005 8.66311 33.1 1.4 1.0 2.9
2021.8904 -47.1162 8.9963 28.4 1.2 0.9 2.6
2021.8932 -51.3535 10.5512 30.5 1.2 0.9 2.6
2021.8959 -49.5827 8.88524 33.2 1.2 0.9 2.6
2021.8986 -53.1243 9.44056 28 1.3 0.9 2.6
2021.9014 -46.6102 6.1086 29.3 1.2 0.9 2.6
2021.9041 -45.0924 4.44262 24.6 1.2 0.9 2.6
2021.9068 -45.4719 6.33073 28.7 1.2 0.9 2.6
2021.9096 -46.1675 8.9963 29.1 1.2 1.0 2.6
2021.9123 -44.2703 9.88483 32.8 1.2 1.0 2.7
2021.9151 -48.5075 9.99589 34.6 1.2 0.9 2.6
2021.9178 -46.7367 7.10819 27.1 1.3 1.1 2.8
2021.9205 -46.1043 8.10778 34.5 1.3 0.9 2.6
2021.9233 -52.3021 9.66269 29.7 1.3 1.0 2.6
2021.9260 -52.1124 10.107 34.8 1.2 0.9 2.6
2021.9288 -51.3535 9.66269 34.3 1.3 1.0 2.7
2021.9315 -48.8238 9.21843 36.8 1.2 0.9 2.6
2021.9342 -44.6497 8.77417 32.2 1.2 1.0 2.7
2021.9370 -46.294 8.77417 29.5 1.2 1.0 2.7
2021.9397 -45.4719 7.10819 26.9 1.3 0.9 2.7
2021.9425 -47.3059 5.55327 44.3 1.3 1.0 2.8
2021.9452 -48.4443 6.99712 32.4 1.4 1.0 2.7
2021.9479 -44.8394 9.21843 35.2 1.2 0.9 2.6
2021.9507 -48.0648 9.21843 30.6 1.3 0.9 2.6
2021.9534 -49.5194 9.3295 26.7 1.2 0.9 2.6
2021.9562 -47.8751 8.44097 35.8 1.2 1.0 2.7
2021.9589 -43.6378 9.3295 44.1 1.3 1.0 2.7
2021.9616 -50.974 12.2172 31.7 1.2 0.9 2.6
2021.9644 -49.9621 14.4385 19.7 1.2 0.9 2.6
2021.9671 -46.9265 12.5504 29.2 1.3 0.9 2.6
2021.9699 -45.7881 11.3287 42.3 1.3 1.0 2.7
2021.9726 -48.3178 11.3287 29.7 1.2 0.9 2.6
2021.9753 -47.5589 10.5512 27 1.2 0.9 2.6
2021.9781 -44.2703 9.44056 27 1.2 0.9 2.6
2021.9808 -44.46 12.3283 21.5 1.2 0.9 2.6
2021.9836 -46.4205 10.3291 27.5 1.2 0.9 2.6
2021.9863 -49.5194 10.8844 25.8 1.2 0.9 2.6
2021.9890 -50.2151 11.884 18.4 1.2 0.9 2.6
2021.9918 -46.547 11.5508 23.3 1.3 0.9 2.6
2021.9945 -46.6735 11.6619 23.3 1.2 0.9 2.6
2021.9973 -45.6616 10.4402 27.9 1.2 0.9 2.6
2022.0000 -49.2665 10.4402 24 1.2 0.9 2.6
2022.0027 -49.0767 10.107 26.2 1.3 0.9 2.6
2022.0055 -49.6459 10.7733 22.6 1.2 0.9 2.6
2022.0082 -49.8357 10.6623 25.4 1.3 0.9 2.6
2022.0110 -51.3535 10.5512 22.4 1.3 0.9 2.6
2022.0137 -50.2784 10.107 25.2 1.2 0.9 2.6
2022.0164 -50.0254 8.66311 28.7 1.2 0.9 2.6
2022.0192 -47.7486 8.44097 31 1.2 0.9 2.6
2022.0219 -47.5589 11.1065 24 1.2 0.9 2.7
2022.0247 -51.227 12.2172 30.6 1.5 1.1 2.9
2022.0274 -51.733 11.5508 16.6 1.2 0.9 2.6
2022.0301 -51.733 12.7725 21.2 1.2 0.9 2.6
2022.0329 -54.5789 12.7725 27.6 1.2 0.9 2.6
2022.0356 -52.4919 13.2168 27.1 1.3 0.9 2.6
2022.0384 -50.5946 13.4389 19.5 1.3 1.1 2.8
2022.0411 -48.5708 10.9955 28.6 1.4 1.0 2.8
2022.0438 -53.6935 12.4393 26.2 1.5 1.0 2.9
2022.0466 -52.6816 14.8828 22.6 1.3 0.9 2.7
2022.0493 -50.974 11.5508 28.4 1.3 0.9 2.7
2022.0521 -49.2665 11.6619 25 1.6 1.0 2.9
2022.0548 -49.3297 11.9951 27 1.3 0.9 2.7
2022.0575 -52.2389 8.88524 26.4 1.3 0.9 2.6
2022.0603 -54.0097 11.6619 28.8 1.3 1.0 2.7
2022.0630 -53.1243 13.2168 29.4 1.3 0.9 2.7
2022.0658 -51.0373 13.2168 30.8 1.3 0.9 2.7
2022.0685 -50.4048 11.1065 25.8 1.4 1.0 2.7
2022.0712 -51.3535 10.4402 32.5 1.3 0.9 2.6
2022.0740 -55.8438 10.107 25.2 1.3 0.9 2.6
2022.0767 -53.567 11.4397 30.1 1.3 0.9 2.6
2022.0795 -50.0886 10.3291 31 1.4 1.0 2.7
2022.0822 -48.5075 9.3295 31.2 1.3 1.0 2.6
2022.0849 -48.3811 11.4397 25.4 1.4 1.0 2.8
2022.0877 -52.1124 8.9963 31.4 1.3 0.9 2.6
2022.0904 -55.5908 13.55 22.9 1.3 0.9 2.6
2022.0932 -47.8751 10.5512 25.1 1.7 1.1 3.1
2022.0959 -50.1519 9.66269 38.6 1.9 1.4 3.3
2022.0986 -50.5313 11.5508 32 1.3 0.9 2.6
2022.1014 -48.6973 12.4393 25.8 1.3 1.0 2.7
2022.1041 -49.14 13.9942 27.6 1.3 1.0 2.6
2022.1068 -49.0767 9.21843 30.2 1.3 1.0 2.7
2022.1096 -54.0097 8.88524 33 1.3 0.9 2.7
2022.1123 -55.0216 10.5512 27.8 1.4 1.1 2.9
2022.1151 -52.1757 9.44056 30 1.7 1.1 2.9
2022.1178 -51.1005 11.6619 24.7 1.4 1.0 2.7
2022.1205 -50.3416 9.44056 29.3 1.4 0.9 2.7
2022.1233 -51.6065 10.218 26.2 1.3 0.9 2.6
2022.1260 -52.8081 8.66311 33.5 1.3 0.9 2.6
2022.1288 -55.654 8.77417 31 1.4 0.9 2.6
2022.1315 -55.5275 9.66269 23 1.4 0.9 2.6
2022.1342 -54.7686 11.1065 25.8 1.3 0.9 2.6
2022.1370 -57.8675 10.5512 21.4 1.5 1.0 2.7
2022.1397 -58.5632 9.88483 28.1 1.5 1.0 2.8
2022.1425 -57.1086 12.1061 24.6 1.3 0.9 2.6
2022.1452 -55.654 9.99589 18.2 1.7 1.1 3.0
2022.1479 -54.5157 9.99589 25.4 1.4 0.9 2.6
2022.1507 -57.6146 10.107 33.8 1.6 1.0 2.9
2022.1534 -57.7411 11.1065 30.3 1.5 1.0 2.8
2022.1562 -55.5908 12.4393 34.2 1.3 0.9 2.6
2022.1589 -55.2746 11.1065 27.6 1.4 1.0 2.8
2022.1616 -53.6935 11.884 30.2 1.4 0.9 2.6
2022.1644 -54.5157 12.5504 29.4 1.3 0.9 2.6
2022.1671 -55.907 12.5504 28.6 1.3 0.9 2.6
2022.1699 -57.2984 11.6619 31.1 1.3 0.9 2.6
2022.1726 -55.5275 12.7725 25 1.3 0.9 2.6
2022.1753 -52.0492 13.3279 25.7 1.4 1.0 2.7
2022.1781 -52.6184 15.5492 34.7 1.5 0.9 2.7
2022.1808 -53.1875 11.7729 28.7 1.4 0.9 2.6
2022.1836 -52.8081 11.4397 33.3 1.3 0.9 2.6
2022.1863 -51.5432 11.2176 32.7 1.3 0.9 2.6
2022.1890 -51.8594 9.99589 25.4 1.4 0.9 2.7
2022.1918 -51.1638 13.3279 29.2 1.7 1.1 3.0
2022.1945 -54.8951 13.6611 32.9 1.5 1.0 2.8
2022.1973 -54.8951 10.3291 32.6 1.5 1.0 2.7
2022.2000 -56.8557 8.21884 30.1 1.4 0.9 2.7
2022.2027 -53.3773 11.9951 25.5 1.3 0.9 2.6
2022.2055 -50.7843 12.6615 29.8 1.3 0.9 2.6
2022.2082 -55.0848 12.2172 39.8 1.3 0.9 2.7
2022.2110 -53.6302 12.1061 33.1 1.3 1.0 2.7
2022.2137 -52.8081 10.6623 33.4 1.3 0.9 2.7
2022.2164 -54.1362 10.6623 31.8 1.6 1.0 2.9
2022.2192 -52.9346 11.1065 25.2 1.3 0.9 2.6
2022.2219 -51.1005 11.5508 26.8 1.4 1.0 2.6
2022.2247 -53.5038 11.7729 36.2 1.4 0.9 2.6
2022.2274 -52.1757 8.32991 37.1 1.4 1.0 2.7
2022.2301 -54.0097 9.55163 36.2 1.3 0.9 2.6
2022.2329 -54.1362 9.21843 32.2 1.3 0.9 2.6
2022.2356 -50.4681 14.1053 24.4 1.3 0.9 2.6
2022.2384 -51.4167 17.6594 20.4 1.3 0.9 2.6
2022.2411 -54.1994 16.8819 25.9 1.3 0.9 2.6
2022.2438 -48.1913 13.55 27.8 1.3 0.9 2.6
2022.2466 -51.1005 8.9963 34.5 1.4 1.0 2.8
2022.2493 -50.6578 9.55163 31.5 1.4 0.9 2.7
2022.2521 -53.5038 11.5508 25.6 1.5 1.0 2.9
2022.2548 -52.6816 11.4397 27.4 1.3 0.9 2.6
2022.2575 -53.1243 9.44056 26.1 1.5 1.0 2.8
2022.2603 -53.314 8.77417 29 1.4 0.9 2.6
2022.2630 -52.4286 10.3291 29.6 1.3 0.9 2.6
2022.2658 -53.6935 10.4402 35.3 1.7 1.0 2.9
2022.2685 -52.9978 11.2176 31.4 1.5 1.0 2.8
2022.2712 -53.567 11.5508 37.5 1.7 1.0 3.0
2022.2740 -54.7054 10.4402 36.4 1.7 1.0 3.0
2022.2767 -51.733 9.10737 35.4 1.4 1.0 2.7
2022.2795 -54.2627 11.2176 27.7 1.3 0.9 2.6
2022.2822 -59.3221 9.77376 30.3 1.4 1.0 2.7
2022.2849 -53.6935 12.8836 35 2.5 1.2 3.4
2022.2877 -52.4286 9.88483 45.1 1.4 1.0 2.8
2022.2904 -56.8557 8.88524 32.3 1.3 0.9 2.7
2022.2932 -57.1086 10.8844 26.9 1.3 0.9 2.6
2022.2959 -54.0097 8.77417 31.1 1.3 0.9 2.6
2022.2986 -53.6935 10.5512 34 1.3 0.9 2.6
2022.3014 -52.2389 10.218 35.9 1.3 0.9 2.6
2022.3041 -51.9859 9.99589 38.3 1.6 1.0 2.8
2022.3068 -56.7924 8.88524 31.8 1.4 0.9 2.6
2022.3096 -53.3773 10.6623 29 1.3 0.9 2.6
2022.3123 -56.9189 10.9955 35.6 1.3 0.9 2.6
2022.3151 -58.1838 14.2164 28.5 1.3 0.9 2.6
2022.3178 -49.0767 11.6619 36.7 1.3 0.9 2.6
2022.3205 -50.9108 12.4393 30 1.8 1.2 3.4
2022.3233 -53.0611 9.77376 35.8 2.7 1.3 4.0
2022.3260 -52.8713 10.9955 36.5 1.4 1.0 2.7
2022.3288 -58.247 10.9955 40 1.6 1.1 3.0
2022.3315 -54.8319 10.7733 40.5 1.3 0.9 2.7
2022.3342 -56.4129 10.6623 34.5 1.3 0.9 2.7
2022.3370 -55.5275 10.9955 39.6 1.3 1.0 2.8
2022.3397 -53.3773 11.5508 33.5 1.4 1.0 2.8
2022.3425 -56.16 9.44056 32.1 1.3 0.9 2.6
2022.3452 -53.314 9.10737 39.9 1.3 0.9 2.6
2022.3479 -52.4286 9.66269 40 1.3 0.9 2.6
2022.3507 -51.4167 10.8844 42.5 1.3 0.9 2.6
2022.3534 -51.227 10.107 39.2 1.6 1.0 2.9
2022.3562 -60.9665 8.66311 43.3 1.3 0.9 2.6
2022.3589 -56.6027 10.5512 34.6 1.3 0.9 2.6
2022.3616 -56.3497 11.6619 37 1.4 0.9 2.6
2022.3644 -53.8832 12.5504 38.2 1.4 0.9 2.7
2022.3671 -54.5157 14.3274 43.8 1.6 1.0 2.8
2022.3699 -50.974 9.77376 50 1.5 1.0 2.8
2022.3726 -56.7292 11.7729 43.3 1.4 0.9 2.6
2022.3753 -56.9189 11.4397 36.2 1.4 0.9 2.6
2022.3781 -59.3221 13.3279 34.8 1.3 0.9 2.6
2022.3808 -57.4248 11.9951 39.5 1.3 0.9 2.6
2022.3836 -58.247 12.4393 39.9 1.3 0.9 2.6
2022.3863 -57.8043 13.9942 38.5 1.4 1.0 2.7
2022.3890 -58.0573 12.4393 38 1.5 0.9 2.7
2022.3918 -55.654 12.1061 35.6 1.3 0.9 2.6
2022.3945 -57.8043 9.99589 40.1 1.3 0.9 2.6
2022.3973 -57.6146 11.3287 39.5 1.3 0.9 2.6
2022.4000 -54.0097 10.9955 41 1.3 0.9 2.6
2022.4027 -54.9584 12.2172 46.8 1.4 1.0 2.7
2022.4055 -61.7254 10.107 46.2 1.7 1.1 3.1
2022.4082 -59.3221 13.2168 36.2 1.8 1.0 2.9
2022.4110 -55.5275 12.8836 35.7 1.4 0.9 2.7
2022.4137 -56.9821 14.1053 42.9 1.5 1.0 2.8
2022.4164 -52.1757 8.66311 41.2 1.3 0.9 2.5
2022.4192 -52.0492 10.3291 35.4 1.3 0.9 2.6
2022.4219 -54.0729 13.7721 39.5 1.3 0.9 2.6
2022.4247 -53.9465 10.7733 42.9 1.2 0.9 2.5
2022.4274 -61.4724 13.7721 43.7 1.3 0.9 2.6
2022.4301 -58.6265 7.77458 45.2 1.5 1.0 2.7
2022.4329 -60.587 11.1065 40.3 1.4 1.0 2.8
2022.4356 -59.1324 12.3283 37.1 1.4 1.0 2.7
2022.4384 -61.9784 11.2176 44.8 1.4 0.9 2.7
2022.4411 -59.5119 12.2172 37.4 1.4 1.0 2.7
2022.4438 -59.0692 12.9947 38.5 1.4 1.0 2.7
2022.4466 -55.4643 13.3279 42.8 1.4 0.9 2.6
2022.4493 -51.227 12.7725 46 1.3 0.9 2.6
2022.4521 -57.4248 9.88483 42.7 1.3 0.9 2.5
2022.4548 -58.4367 13.6611 47.6 1.4 0.9 2.6
2022.4575 -57.994 13.7721 43.3 1.3 0.9 2.6
2022.4603 -61.0929 16.7709 28.7 1.3 0.9 2.6
2022.4630 -59.8281 14.5496 40.9 1.4 0.9 2.6
2022.4658 -55.2746 10.107 39.5 1.3 0.9 2.6
2022.4685 -60.5238 10.3291 40.6 1.3 0.9 2.6
2022.4712 -58.9427 13.4389 44.6 1.3 0.9 2.6
2022.4740 -62.5475 16.1045 47.1 1.4 0.9 2.7
2022.4767 -63.18 11.5508 49.1 1.4 0.9 2.7
2022.4795 -61.7254 15.1049 34.9 1.3 0.9 2.6
2022.4822 -61.0929 11.2176 42.8 1.5 1.0 2.7
2022.4849 -63.8756 9.10737 45.2 1.6 1.1 3.0
2022.4877 -60.0811 11.2176 49.3 1.5 1.0 2.8
2022.4904 -60.2075 11.6619 42.2 1.3 0.9 2.6
2022.4932 -60.1443 11.5508 42.5 1.3 0.9 2.5
2022.4959 -61.7254 10.107 42.5 1.3 0.9 2.6
2022.4986 -59.8281 10.4402 46.3 1.3 0.9 2.6
2022.5014 -58.8794 13.1057 36.6 1.7 1.4 3.2
2022.5041 -61.7254 11.884 43.3 1.3 0.9 2.6
2022.5068 -58.0573 12.4393 37 1.8 1.1 3.0
2022.5096 -59.1324 10.9955 47.5 1.4 1.0 2.7
2022.5123 -58.6265 10.107 43.5 1.4 0.9 2.6
2022.5151 -57.4881 13.55 40 1.5 1.0 2.9
2022.5178 -61.1562 13.3279 40.4 1.5 1.0 2.8
2022.5205 -59.3854 11.1065 44.1 1.3 0.9 2.5
2022.5233 -56.0335 10.218 43.9 1.3 0.9 2.5
2022.5260 -55.0216 10.218 41.5 1.3 0.9 2.6
2022.5288 -58.1205 10.7733 42.9 1.4 1.1 2.7
2022.5315 -60.9665 13.4389 43 1.3 0.9 2.5
2022.5342 -59.1324 14.5496 37.6 1.3 0.9 2.6
2022.5370 -58.0573 11.9951 37.3 1.3 0.9 2.6
2022.5397 -60.587 8.88524 50.8 1.4 0.9 2.5
2022.5425 -61.5989 11.6619 37.7 1.3 0.9 2.6
2022.5452 -61.5356 9.99589 37.5 1.3 0.9 2.6
2022.5479 -58.6265 15.8824 37.8 1.7 1.2 3.0
2022.5507 -61.9151 11.5508 56.5 1.4 0.9 2.7
2022.5534 -62.6108 10.218 50.1 1.3 0.9 2.6
2022.5562 -59.1956 11.7729 36.1 1.4 1.0 2.6
2022.5589 -61.8519 10.6623 38.5 1.5 1.1 2.8
2022.5616 -58.0573 16.5488 37.9 1.4 1.0 2.7
2022.5644 -64.4448 11.884 46 1.3 0.9 2.6
2022.5671 -62.1048 15.1049 43.8 1.3 0.9 2.6
2022.5699 -63.6227 11.3287 44.1 1.3 0.9 2.6
2022.5726 -63.7492 14.2164 42.4 1.3 0.9 2.6
2022.5753 -60.3973 11.3287 44.7 1.3 0.9 2.6
2022.5781 -62.6108 6.88606 52.6 1.3 0.9 2.6
2022.5808 -56.9189 11.6619 43 1.3 0.9 2.6
2022.5836 -61.9784 10.3291 42.4 1.3 0.9 2.6
2022.5863 -62.674 9.77376 40.8 1.4 1.0 2.8
2022.5890 -61.8519 9.3295 48.9 1.4 1.0 2.8
2022.5918 -62.4211 10.3291 40.1 1.4 0.9 2.7
2022.5945 -60.4605 10.5512 42.1 1.4 0.9 2.6
2022.5973 -61.7886 11.6619 42.5 1.3 0.9 2.6
2022.6000 -62.7373 8.10778 42.6 1.4 1.0 2.7
2022.6027 -60.4605 9.44056 51.9 1.6 1.1 3.0
2022.6055 -60.587 8.66311 44.8 1.6 1.0 2.8
2022.6082 -64.9508 11.6619 40.9 1.3 0.9 2.6
2022.6110 -64.0021 11.1065 53.2 1.4 0.9 2.7
2022.6137 -60.6502 8.44097 49.2 1.4 0.9 2.7
2022.6164 -60.4605 8.55204 42.4 1.3 0.9 2.6
2022.6192 -62.0416 10.7733 45.3 1.4 0.9 2.6
2022.6219 -61.2194 10.7733 42.3 1.4 0.9 2.6
2022.6247 -61.5989 12.1061 43.6 1.3 0.9 2.6
2022.6274 -61.0297 10.107 41.1 1.4 1.0 2.7
2022.6301 -62.9902 8.66311 43.7 1.5 1.0 2.8
2022.6329 -63.6859 8.66311 50.1 1.5 1.0 2.7
2022.6356 -59.4486 13.3279 42.9 1.5 0.9 2.7
2022.6384 -64.9508 11.4397 43 1.5 1.0 2.7
2022.6411 -60.3973 10.5512 38.9 1.4 0.9 2.6
2022.6438 -59.4486 10.4402 43.3 1.5 1.0 2.8
2022.6466 -63.2432 10.9955 41.9 1.5 1.0 2.7
2022.6493 -61.5989 11.4397 46.7 1.3 0.9 2.6
2022.6521 -63.8756 10.8844 44.6 1.3 0.9 2.5
2022.6548 -57.8675 12.4393 49.3 1.4 0.9 2.6
2022.6575 -69.6308 9.55163 41.4 1.4 0.9 2.6
2022.6603 -59.3854 11.7729 49.9 1.4 1.1 2.7
2022.6630 -63.4962 11.6619 51.4 1.4 1.0 2.7
2022.6658 -62.8005 14.7717 40.1 1.4 0.9 2.6
2022.6685 -68.6821 11.2176 42.2 1.4 1.0 2.6
2022.6712 -60.9665 14.2164 41.4 1.3 0.9 2.6
2022.6740 -62.0416 13.7721 37 1.6 1.2 3.0
2022.6767 -60.2708 10.5512 45.3 2.1 1.5 3.6
2022.6795 -62.7373 7.21925 49.5 1.6 1.2 2.9
2022.6822 -62.8638 8.9963 51.3 1.4 1.0 2.7
2022.6849 -65.7729 9.44056 43.7 1.4 0.9 2.6
2022.6877 -64.1286 11.884 34.7 1.5 1.1 2.9
2022.6904 -63.3697 7.33032 45.4 1.5 0.9 2.7
2022.6932 -60.587 8.66311 40.3 1.4 0.9 2.7
2022.6959 -60.3973 12.2172 42 1.3 0.9 2.6
2022.6986 -62.4211 8.66311 42 1.3 0.9 2.6
2022.7014 -64.1919 10.8844 37.2 1.3 0.9 2.6
2022.7041 -62.1048 11.7729 38.6 1.4 1.0 2.7
2022.7068 -58.6897 10.9955 37.9 1.4 0.9 2.7
2022.7096 -59.7648 10.3291 42.3 1.3 0.9 2.6
2022.7123 -61.4092 10.4402 38 1.3 0.9 2.6
2022.7151 -62.2946 9.66269 32.6 1.3 0.9 2.6
2022.7178 -66.3421 12.1061 40 1.3 0.9 2.6
2022.7205 -62.927 9.77376 46.1 1.3 0.9 2.6
2022.7233 -62.1048 9.77376 43 1.3 0.9 2.6
2022.7260 -61.3459 12.5504 37.8 1.4 0.9 2.7
2022.7288 -60.334 8.10778 32.9 1.5 0.9 2.7
2022.7315 -62.5475 9.10737 39.1 1.3 1.0 2.7
2022.7342 -63.18 11.3287 47.1 1.3 0.9 2.5
2022.7370 -62.1681 11.5508 42.8 1.3 0.9 2.6
2022.7397 -64.3184 10.8844 34.1 1.4 1.1 2.8
2022.7425 -60.9032 12.3283 37.4 1.3 0.9 2.7
2022.7452 -61.2827 7.77458 40.1 1.4 0.9 2.7
2022.7479 -63.7492 12.1061 34.6 1.4 0.9 2.6
2022.7507 -60.6502 10.6623 36.2 1.3 0.9 2.6
2022.7534 -60.7135 11.1065 48.5 1.4 0.9 2.6
2022.7562 -65.3302 11.4397 53.7 1.6 1.1 3.0
2022.7589 -65.267 9.88483 39.4 1.4 1.1 2.9
2022.7616 -62.8638 11.884 37.7 1.5 0.9 2.7
2022.7644 -63.2432 12.3283 40.1 1.7 1.0 2.7
2022.7671 -60.0178 8.88524 45.6 1.4 0.9 2.6
2022.7699 -65.6465 10.218 49.6 1.4 0.9 2.7
2022.7726 -61.7886 13.9942 44.1 1.9 1.2 3.0
2022.7753 -60.7767 10.107 37.1 1.3 0.9 2.6
2022.7781 -63.4962 9.55163 43.5 1.3 1.0 2.6
2022.7808 -64.2551 11.2176 45.3 1.4 1.0 2.7
2022.7836 -65.2038 9.44056 44 1.4 0.9 2.8
2022.7863 -64.0021 11.3287 49.7 1.6 1.1 3.1
2022.7890 -62.3578 10.5512 40.9 1.4 1.0 2.7
2022.7918 -65.5832 11.6619 44.1 1.3 0.9 2.6
2022.7945 -63.6859 13.55 36.2 1.3 0.9 2.5
2022.7973 -65.7729 13.3279 41.9 1.4 1.0 2.7
2022.8000 -56.8557 11.9951 47.9 1.5 1.0 2.8
2022.8027 -64.0021 9.99589 43.8 1.3 0.9 2.7
2022.8055 -66.8481 8.55204 44 1.3 0.9 2.6
2022.8082 -66.6583 13.2168 34.2 1.9 1.0 2.9
2022.8110 -65.8362 12.5504 39.8 1.3 0.9 2.6
2022.8137 -63.9389 12.8836 40.2 1.3 0.9 2.6
2022.8164 -65.3302 7.66352 59.7 1.3 0.9 2.6
2022.8192 -64.9508 12.7725 38.3 1.4 1.0 2.8
2022.8219 -65.9627 12.2172 41 1.4 1.0 2.9
2022.8247 -60.84 12.1061 42 1.5 1.0 2.8
2022.8274 -62.7373 10.8844 50.2 1.5 1.1 2.9
2022.8301 -63.5594 11.6619 49.2 1.4 1.0 2.8
2022.8329 -67.2275 9.55163 40.3 1.3 1.0 2.7
2022.8356 -66.9113 11.4397 41.4 1.4 1.0 2.7
2022.8384 -66.8481 13.8832 35.9 1.5 1.0 2.9
2022.8411 -60.7135 15.216 49.4 2.3 1.5 3.6
2022.8438 -63.18 10.6623 56 1.4 1.1 2.8
2022.8466 -65.3935 10.4402 44.5 1.3 0.9 2.7
2022.8493 -68.9983 10.6623 50.8 1.3 0.9 2.6
2022.8521 -63.8756 23.6569 41.2 1.9 1.1 3.1
2022.8548 -78.2951 18.659 33.6 1.7 1.1 3.0
2022.8575 -71.2119 14.7717 43.7 1.4 1.0 2.8
2022.8603 -71.3383 16.1045 49.1 1.3 1.0 2.7
2022.8630 -69.947 12.1061 40.6 1.4 1.0 2.8
2022.8658 -68.6189 11.884 42.1 1.4 1.0 2.8
2022.8685 -65.8362 13.2168 46.6 1.3 1.0 2.7
2022.8712 -68.1129 10.5512 48.4 1.3 0.9 2.6
2022.8740 -66.7848 13.4389 45.3 1.3 1.0 2.7
2022.8767 -66.7848 12.8836 47.2 1.3 1.0 2.7
2022.8795 -68.2394 11.2176 48.1 1.3 1.0 2.6
2022.8822 -65.52 11.3287 49.3 1.3 0.9 2.6
2022.8849 -64.0654 10.5512 47.7 1.3 0.9 2.6
2022.8877 -66.9113 7.66352 48.1 1.3 0.9 2.6
2022.8904 -63.1167 11.884 43.4 1.3 1.0 2.7
2022.8932 -62.1681 15.327 35.1 1.3 1.0 2.6
2022.8959 -63.3697 15.4381 40.2 1.3 1.0 2.6
2022.8986 -65.0773 10.6623 49.1 1.3 1.0 2.6
2022.9014 -66.2789 13.7721 46.8 1.6 1.1 3.0
2022.9041 -67.7967 9.77376 45.5 1.3 1.0 2.8
2022.9068 -68.1762 10.8844 38.8 1.3 1.0 2.7
2022.9096 -63.4329 13.6611 36.3 1.6 1.1 3.0
2022.9123 -62.1048 14.5496 38.4 1.4 1.0 2.7
2022.9151 -63.9389 14.9938 49.9 1.4 1.0 2.7
2022.9178 -65.2038 13.4389 40.4 1.6 1.1 2.9
2022.9205 -66.4686 14.7717 36.3 1.4 1.0 2.7
2022.9233 -64.1919 7.77458 41.7 1.4 1.0 2.8
2022.9260 -67.1643 11.884 35.7 1.4 1.0 2.7
2022.9288 -70.0735 13.7721 34.9 1.3 1.0 2.6
2022.9315 -70.7059 12.9947 35.9 1.3 0.9 2.6
2022.9342 -72.034 14.7717 26.2 1.4 1.0 2.7
2022.9370 -67.86 13.7721 39 1.4 1.0 2.7
2022.9397 -65.7097 14.2164 28.6 1.3 1.0 2.7
2022.9425 -66.2789 13.4389 33 1.3 1.0 2.6
2022.9452 -67.86 11.7729 36.7 1.4 1.0 2.7
2022.9479 -69.6308 11.3287 35.8 1.3 1.0 2.6
2022.9507 -66.9746 11.4397 39.9 1.3 1.0 2.7
2022.9534 -65.8994 12.3283 43.1 1.3 1.0 2.6
2022.9562 -66.7216 10.107 40.3 1.3 1.0 2.6
2022.9589 -67.4805 13.7721 47.3 1.3 0.9 2.6
2022.9616 -70.4529 12.2172 46.2 1.3 1.0 2.7
2022.9644 -69.4411 12.1061 41.2 1.3 1.0 2.7
2022.9671 -71.2751 13.3279 53.9 1.7 1.1 2.9
2022.9699 -68.9983 12.2172 41 1.3 1.0 2.8
2022.9726 -69.3146 11.6619 43.6 1.4 1.0 2.8
2022.9753 -71.0854 14.6606 46.1 1.3 0.9 2.6
2022.9781 -68.8719 12.9947 40.8 1.5 1.0 2.8
2022.9808 -68.8086 10.9955 51.3 1.4 1.0 2.8
2022.9836 -73.2356 13.55 48.6 1.4 1.0 2.7
2022.9863 -70.3897 11.3287 42.7 1.6 1.0 2.8
2022.9890 -72.287 11.9951 40.6 2.4 1.3 3.4
2022.9918 -66.5951 12.1061 40.8 1.5 1.0 2.8
2022.9945 -69.8205 10.9955 40.6 1.3 0.9 2.7
2022.9973 -68.8719 11.5508 45.6 1.7 1.2 3.0
2023.0000 -74.4373 8.44097 42.1 1.4 1.0 2.7
2023.0027 -70.9589 10.5512 41.3 1.3 0.9 2.6
2023.0055 -71.9708 10.107 43.9 1.3 0.9 2.6
2023.0082 -71.8443 10.6623 40.3 1.3 0.9 2.6
2023.0110 -76.5243 9.88483 33.4 5.1 5.4 8.8
