2017.7123 0 0 0 1.3 0.9 2.7
2017.7151 0.0525935 -2.77571 -5.2 1.3 0.9 2.8
2017.7178 -1.31481 -1.33234 -3.3 1.2 0.8 2.6
2017.7205 -1.36741 -2.44262 -3.8 1.2 0.8 2.7
2017.7233 -1.36741 -1.11028 -11.2 1.2 0.8 2.6
2017.7260 -1.05185 0.111029 -10.4 1.2 0.8 2.6
2017.7288 -1.42 -0.999254 -2.7 1.2 0.8 2.6
2017.7315 2.84 -0.333084 -4.5 1.2 0.8 2.7
2017.7342 -2.62963 0.66617 -3.5 1.2 0.8 2.6
2017.7370 -3.99704 0.333084 -1.6 1.2 0.8 2.6
2017.7397 -1.57778 0.111029 2.4 1.3 0.9 2.9
2017.7425 -0.683704 -1.33234 2.5 1.6 1.0 3.0
2017.7452 0.999259 -2.44262 -3.7 1.2 0.8 2.6
2017.7479 -0.999259 -1.11028 -10.6 1.2 0.8 2.7
2017.7507 -2.26148 -1.44337 -11.1 1.2 0.8 2.6
2017.7534 -1.36741 0.888226 -2 1.2 0.8 2.7
2017.7562 -5.25926 -1.77645 3.5 1.2 0.8 2.6
2017.7589 -4.9437 -0.111028 5.9 1.2 0.9 2.7
2017.7616 3.62889 -1.33234 2.8 1.2 0.8 2.6
2017.7644 2.31408 -2.77571 -5.5 1.2 0.8 2.6
2017.7671 -2.99778 -1.22131 -8.6 1.2 0.8 2.6
2017.7699 -2.99778 -2.88674 -0.9 1.2 0.8 2.6
2017.7726 -4.83852 -2.99776 -4.2 1.2 0.8 2.6
2017.7753 -3.68148 -3.44188 -7.7 1.2 0.8 2.6
2017.7781 -1.36741 -0.66617 -10.7 1.4 0.9 2.7
2017.7808 -1.10444 -1.99851 -1 1.4 0.9 2.9
2017.7836 -1.68296 -2.77571 -3.8 1.3 0.9 2.8
2017.7863 -7.20519 -2.33159 0.9 1.3 0.9 2.8
2017.7890 -1.15704 -1.99851 -1 1.2 0.8 2.6
2017.7918 -1.10444 -4.55216 -4.6 1.2 0.8 2.6
2017.7945 -1.31481 -1.22131 0.3 1.2 0.8 2.6
2017.7973 -3.83926 -1.5544 -3.9 1.2 0.8 2.6
2017.8000 -1.57778 -3.99702 -1.6 1.2 0.9 2.6
2017.8027 -3.26074 -2.33159 -3.3 1.2 0.9 2.6
2017.8055 -2.68222 -2.33159 0 1.2 0.8 2.6
2017.8082 -3.5237 -2.77571 -3.3 1.2 0.8 2.6
2017.8110 -1.84074 -2.44262 -4.2 1.2 0.8 2.6
2017.8137 -2.36667 -0.333084 2.4 1.2 0.9 2.6
2017.8164 -7.41556 1.66542 2.3 1.3 0.8 2.8
2017.8192 0 2.88674 -6.4 1.3 0.8 2.7
2017.8219 -1.31481 -2.44262 0.3 1.3 0.9 2.7
2017.8247 -5.31185 -0.777198 -1.6 1.2 0.8 2.6
2017.8274 1.52519 -1.88748 -7.6 1.2 0.8 2.6
2017.8301 -3.20815 -1.11028 -4.8 1.3 0.8 2.7
2017.8329 -2.20889 -0.444113 -2.2 1.3 0.8 2.7
2017.8356 -4.62815 -3.77496 -6.6 1.3 0.8 2.6
2017.8384 -2.68222 -0.444113 -9.9 1.3 0.8 2.8
2017.8411 -1.10444 -2.33159 -0.2 1.2 0.8 2.6
2017.8438 -0.315555 -1.99851 -7.8 1.2 0.8 2.6
2017.8466 -7.1 -2.22057 -1 1.2 0.8 2.6
2017.8493 -5.10148 -1.44337 -4.7 1.2 0.8 2.6
2017.8521 -3.73407 -4.3301 -4.9 1.4 0.9 2.9
2017.8548 -3.62889 -3.44188 4.5 1.6 1.0 2.8
2017.8575 -3.89185 -2.88674 3.2 1.3 0.8 2.7
2017.8603 -8.15185 -3.99702 3.4 1.4 0.9 2.7
2017.8630 -8.09926 -2.55365 -9.9 1.2 0.8 2.6
2017.8658 -7.99407 -3.77496 2 1.2 0.8 2.5
2017.8685 -8.20445 -3.21982 6.7 1.2 0.8 2.5
2017.8712 -6.94222 -2.77571 2.8 1.2 0.8 2.6
2017.8740 -5.62741 -2.22057 5.6 1.2 0.8 2.6
2017.8767 -8.52 -4.55216 3.9 1.2 0.8 2.6
2017.8795 -8.25704 -2.44262 6.1 1.2 0.8 2.5
2017.8822 -6.57407 -2.99776 1 1.2 0.8 2.6
2017.8849 -2.62963 -5.55141 2.7 1.2 0.8 2.5
2017.8877 -4.9963 -1.88748 1.9 1.2 0.8 2.6
2017.8904 -1.57778 -4.99627 2.4 1.2 0.9 2.6
2017.8932 -0.788888 -4.21907 -5.2 1.2 0.8 2.5
2017.8959 -6.99482 -5.8845 6.8 1.2 0.8 2.6
2017.8986 -5.25926 -3.33085 4.3 1.2 0.8 2.5
2017.9014 -3.62889 -4.10805 -2.6 1.2 0.8 2.6
2017.9041 -10.1504 -2.33159 -1.7 1.2 0.8 2.6
2017.9068 -12.4119 -3.44188 1.4 1.2 0.8 2.6
2017.9096 -13.7267 -2.66468 -2.5 1.2 0.8 2.5
2017.9123 -13.2007 -3.10879 4.5 1.2 0.8 2.6
2017.9151 -14.3578 -1.44337 -1.2 1.2 0.8 2.6
2017.9178 -12.8326 -2.22057 -2.3 1.2 0.8 2.6
2017.9205 -11.6756 -2.66468 -7.9 1.2 0.8 2.5
2017.9233 -12.9378 -3.44188 -7.5 1.2 0.8 2.6
2017.9260 -8.62519 -2.88674 10.1 1.3 0.8 2.7
2017.9288 -7.20519 -0.111028 6.3 1.5 0.9 2.8
2017.9315 -7.88889 -4.66319 -2.9 1.3 0.8 2.7
2017.9342 -3.99704 -4.55216 -12.1 1.3 0.8 2.7
2017.9370 -8.94074 -3.77496 4.9 1.2 0.8 2.6
2017.9397 -10.8867 -4.44113 -6.8 1.3 0.8 2.6
2017.9425 -4.9437 -4.99627 -2.5 1.3 0.8 2.6
2017.9452 -9.30889 -7.88301 -2.1 1.3 0.8 2.7
2017.9479 -8.09926 -2.66468 -6.1 1.2 0.8 2.6
2017.9507 -11.4126 -4.3301 -1.4 1.2 0.8 2.6
2017.9534 -10.3081 -3.88599 2.9 1.3 0.8 2.7
2017.9562 -6.25852 -6.32861 -8.4 1.3 0.8 2.7
2017.9589 -2.41926 -6.99478 -8.1 1.3 0.8 2.7
2017.9616 -7.99407 -6.10655 -7.8 1.2 0.8 2.6
2017.9644 -5.62741 -8.88226 -14.2 1.2 0.8 2.6
2017.9671 -5.57481 -9.32637 -7.7 1.2 0.8 2.6
2017.9699 -4.52296 -8.54918 -14.7 1.2 0.8 2.6
2017.9726 -9.36148 -7.99404 -17.3 1.2 0.8 2.6
2017.9753 -4.04963 -7.88301 -20.6 1.2 0.8 2.5
2017.9781 -6.99482 -6.55067 -24.5 1.2 0.8 2.6
2017.9808 -6.67926 -6.21758 -18.7 1.2 0.8 2.6
2017.9836 -5.57481 -6.99478 -10.4 1.2 0.8 2.6
2017.9863 -7.8363 -8.43815 -23.1 1.2 0.8 2.5
2017.9890 -6.73185 -7.54992 -18.5 1.2 0.8 2.6
2017.9918 -4.47037 -6.43964 -23 1.2 0.8 2.6
2017.9945 -5.94296 -5.66244 -17.6 1.9 1.3 4.0
2018.7151 -24.0348 -8.88226 3.9 1.2 0.9 2.6
2018.7178 -22.4044 -10.5477 0.3 1.2 0.8 2.6
2018.7205 -23.9822 -9.99254 -5.9 1.2 0.8 2.6
2018.7233 -23.9296 -8.6602 -1.2 1.2 0.9 2.6
2018.7260 -25.5074 -9.10432 9.9 1.3 1.0 2.7
2018.7288 -28.137 -10.3256 2.3 1.2 0.9 2.6
2018.7315 -29.1889 -8.54918 9.1 1.2 0.9 2.6
2018.7342 -25.823 -8.10506 8.7 1.2 0.8 2.6
2018.7370 -26.0859 -6.6617 -4.1 1.2 0.9 2.6
2018.7397 -27.9793 -8.77123 -1.3 1.2 0.9 2.6
2018.7425 -29.3467 -7.32787 -0.6 1.2 0.9 2.6
2018.7452 -27.243 -9.99254 3.9 1.2 0.9 2.6
2018.7479 -26.9274 -8.10506 2 1.2 0.9 2.6
2018.7507 -26.2963 -7.88301 6.9 1.2 0.9 2.6
2018.7534 -25.6126 -8.6602 7.2 1.2 0.9 2.6
2018.7562 -28.2422 -10.1036 12 1.2 0.9 2.6
2018.7589 -28.0844 -9.65946 9.4 1.3 0.9 2.7
2018.7616 -27.7163 -11.4359 7.2 1.2 0.9 2.6
2018.7644 -29.9778 -7.32787 10.3 1.2 0.8 2.6
2018.7671 -29.1363 -8.10506 12.9 1.3 0.9 2.7
2018.7699 -30.2933 -7.99404 7.2 1.3 0.9 2.7
2018.7726 -28.663 -9.21535 4 1.3 0.9 2.7
2018.7753 -27.8215 -13.7675 7.4 1.3 0.9 2.7
2018.7781 -26.717 -5.21833 10.3 1.2 0.8 2.6
2018.7808 -26.3489 -6.6617 8.9 1.2 0.8 2.6
2018.7836 -26.6644 -3.99702 13 1.3 0.8 2.7
2018.7863 -28.663 -9.32637 9.7 1.2 0.8 2.6
2018.7890 -26.5067 -9.65946 8.1 1.2 0.8 2.6
2018.7918 -34.08 -5.77347 16.2 1.3 0.9 2.7
2018.7945 -28.1896 -6.88375 9.4 1.3 0.8 2.6
2018.7973 -32.1867 -5.66244 6.8 1.3 0.8 2.6
2018.8000 -26.4015 -8.88226 5.8 1.3 0.8 2.6
2018.8027 -28.6104 -7.54992 19 1.3 0.8 2.6
2018.8055 -30.6615 -11.2139 18.3 1.3 0.9 2.7
2018.8082 -29.6096 -9.21535 6.8 1.3 0.9 2.7
2018.8110 -29.0837 -10.6587 5.9 1.2 0.8 2.6
2018.8137 -31.4504 -8.77123 18.1 1.3 0.9 2.7
2018.8164 -26.5067 -10.4367 15.5 1.2 0.8 2.6
2018.8192 -28.2948 -9.54843 11.4 1.3 0.8 2.6
2018.8219 -24.9815 -10.7697 10.2 1.2 0.8 2.6
2018.8247 -27.5059 -9.4374 9.2 1.2 0.8 2.6
2018.8274 -28.7156 -9.10432 8.6 1.2 0.8 2.5
2018.8301 -29.3467 -11.769 12.5 1.2 0.8 2.5
2018.8329 -31.1348 -9.65946 7.6 1.2 0.8 2.5
2018.8356 -28.4 -9.10432 2.8 1.2 0.8 2.5
2018.8384 -26.0333 -10.6587 6 1.2 0.8 2.6
2018.8411 -28.8733 -8.99329 0.1 1.2 0.8 2.5
2018.8438 -27.1378 -11.1028 7.5 1.2 0.8 2.5
2018.8466 -31.0296 -8.32712 7 1.5 0.9 2.8
2018.8493 -28.663 -11.1028 4.6 1.2 0.8 2.5
2018.8521 -29.1889 -9.32637 0.4 1.2 0.8 2.5
2018.8548 -29.0837 -8.43815 3.2 1.2 0.8 2.5
2018.8575 -29.2941 -9.99254 11.4 1.2 0.8 2.5
2018.8603 -29.0311 -9.54843 9.7 1.2 0.8 2.5
2018.8630 -28.9259 -12.3241 8.2 1.2 0.8 2.5
2018.8658 -26.4015 -6.99478 10.9 1.3 0.8 2.7
2018.8685 -31.4504 -8.6602 19.5 1.2 0.8 2.6
2018.8712 -28.3474 -8.54918 7.6 1.2 0.8 2.5
2018.8740 -30.6089 -10.1036 9 1.2 0.8 2.5
2018.8767 -28.7156 -9.77049 8.8 1.2 0.8 2.5
2018.8795 -29.9778 -10.9918 15.2 1.2 0.8 2.6
2018.8822 -26.5593 -10.7697 10.3 1.2 0.8 2.6
2018.8849 -29.7674 -8.43815 19.2 1.3 0.8 2.7
2018.8877 -28.5052 -11.1028 14.4 1.3 0.8 2.6
2018.8904 -27.0326 -10.3256 8.6 1.2 0.8 2.6
2018.8932 -29.3993 -9.65946 13.1 1.2 0.8 2.6
2018.8959 -28.7682 -10.2146 5.8 1.3 0.8 2.6
2018.8986 -26.9274 -11.4359 11.3 1.3 0.9 2.7
2018.9014 -29.0311 -9.4374 15.2 1.2 0.8 2.6
2018.9041 -32.4496 -11.658 21 1.2 0.8 2.6
2018.9068 -32.8704 -10.5477 20.5 1.2 0.8 2.6
2018.9096 -29.1889 -12.3241 15.8 1.2 0.8 2.6
2018.9123 -28.2422 -9.65946 3.2 1.2 0.8 2.6
2018.9151 -30.1882 -10.5477 11 1.3 0.8 2.6
2018.9178 -21.3 -9.77049 -3.8 1.2 0.8 2.6
2018.9205 -27.7689 -10.4367 19.4 1.2 0.8 2.6
2018.9233 -27.9267 -10.5477 12.5 1.3 0.8 2.6
2018.9260 -29.6622 -14.9888 7.9 1.2 0.8 2.6
2018.9288 -28.0319 -11.5469 8.4 1.3 0.8 2.6
2018.9315 -31.5556 -12.2131 21.9 1.3 0.8 2.6
2018.9342 -31.0822 -8.99329 26.3 1.3 0.9 2.7
2018.9370 -24.4556 -12.3241 21.9 1.3 0.8 2.7
2018.9397 -28.8733 -8.10506 25.4 1.3 0.8 2.7
2018.9425 -29.1889 -12.8793 18 1.2 0.8 2.6
2018.9452 -29.557 -11.9911 17.9 1.2 0.8 2.5
2018.9479 -29.7148 -12.9903 14.6 1.2 0.8 2.6
2018.9507 -29.2941 -13.6565 11 1.2 0.8 2.6
2018.9534 -28.5052 -10.8808 8.8 1.2 0.8 2.6
2018.9562 -29.1363 -9.65946 11 1.2 0.8 2.6
2018.9589 -28.9259 -10.9918 8.9 1.2 0.8 2.6
2018.9616 -28.5578 -12.7683 16.5 1.2 0.8 2.6
2018.9644 -26.1911 -10.8808 7.8 1.2 0.8 2.6
2018.9671 -30.3459 -12.6572 11.5 1.2 0.8 2.6
2018.9699 -27.0852 -10.6587 8.6 1.2 0.8 2.5
2018.9726 -30.6089 -11.3249 10.2 1.2 0.8 2.5
2018.9753 -31.2926 -12.2131 9.7 1.2 0.8 2.5
2018.9781 -29.9778 -13.6565 8.9 1.2 0.8 2.6
2018.9808 -32.397 -13.2124 8.9 1.2 0.8 2.5
2018.9836 -30.0304 -11.769 8.7 1.2 0.8 2.6
2018.9863 -32.5022 -11.1028 8.7 1.2 0.8 2.6
2018.9890 -30.3985 -11.3249 10.3 1.2 0.8 2.5
2018.9918 -30.1882 -11.4359 8.7 1.2 0.8 2.6
2018.9945 -32.5022 -13.2124 5.5 1.2 0.8 2.6
2018.9973 -33.2385 -11.658 11.2 1.2 0.8 2.6
2019.0000 -29.7148 -9.99254 13.9 1.2 0.8 2.7
2019.0027 -31.9763 -10.7697 8.3 1.2 0.8 2.6
2019.0055 -29.9252 -9.65946 15.1 1.3 0.8 2.6
2019.0082 -29.7148 -11.3249 11.1 1.2 0.8 2.6
2019.0110 -29.6096 -11.88 4.9 1.2 0.8 2.5
2019.0137 -29.9778 -11.3249 0 1.2 0.8 2.5
2019.0164 -30.5037 -11.9911 6.3 1.2 0.8 2.5
2019.0192 -31.503 -11.9911 5.4 1.2 0.8 2.6
2019.0219 -31.0822 -11.658 3.4 1.2 0.8 2.5
2019.0247 -29.0837 -10.4367 5 1.2 0.8 2.5
2019.0274 -34.08 -12.7683 4.1 1.2 0.8 2.6
2019.0301 -31.3978 -10.1036 9.5 1.2 0.8 2.5
2019.0329 -32.1867 -11.5469 7.3 1.2 0.8 2.6
2019.0356 -35.237 -14.8778 5.8 1.2 0.8 2.5
2019.0384 -30.7141 -12.7683 6.8 1.2 0.8 2.5
2019.0411 -29.6622 -11.4359 4.3 1.2 0.8 2.5
2019.0438 -34.1852 -12.1021 5.8 1.2 0.8 2.5
2019.0466 -32.66 -12.9903 9.9 1.2 0.8 2.6
2019.0493 -32.397 -11.3249 3.7 1.2 0.8 2.6
2019.0521 -31.7659 -12.3241 9.6 1.2 0.8 2.6
2019.0548 -31.5556 -12.1021 3.7 1.2 0.8 2.6
2019.0575 -32.397 -13.1013 4.7 1.2 0.8 2.6
2019.0603 -30.4511 -12.8793 3.4 1.3 0.8 2.7
2019.0630 -32.8704 -13.6565 9.4 1.2 0.8 2.6
2019.0658 -28.5578 -9.88152 7.2 1.2 0.8 2.7
2019.0685 -30.7667 -11.4359 15 1.3 0.8 2.7
2019.0712 -30.8193 -8.43815 15.5 1.2 0.8 2.6
2019.0740 -32.1341 -12.2131 1.2 1.2 0.8 2.6
2019.0767 -33.9748 -9.88152 8.4 1.2 0.8 2.6
2019.0795 -30.9244 -10.8808 7.8 1.2 0.8 2.5
2019.0822 -34.2904 -12.7683 12.8 1.2 0.8 2.6
2019.0849 -31.7659 -11.4359 3.8 1.2 0.8 2.7
2019.0877 -34.9215 -11.1028 2.9 1.2 0.8 2.6
2019.0904 -33.0807 -10.4367 5.2 1.2 0.8 2.5
2019.0932 -33.2385 -11.769 5.5 1.2 0.8 2.5
2019.0959 -35.3422 -12.1021 4.7 1.2 0.8 2.5
2019.0986 -32.66 -11.4359 12.9 1.2 0.8 2.5
2019.1014 -33.7644 -11.9911 8.1 1.2 0.8 2.5
2019.1041 -32.923 -12.1021 8 1.2 0.8 2.5
2019.1068 -33.4489 -11.2139 7.3 1.2 0.8 2.5
2019.1096 -34.5533 -10.6587 7 1.1 0.8 2.5
2019.1123 -33.5541 -12.2131 2 1.2 0.8 2.5
2019.1151 -40.917 -11.769 4.3 1.2 0.8 2.6
2019.1178 -37.7089 -13.5454 14.9 1.2 0.9 2.7
2019.1205 -33.7644 -10.7697 10.6 1.2 0.8 2.5
2019.1233 -32.9756 -12.4352 12.7 1.2 0.9 2.6
2019.1260 -32.397 -11.5469 8.9 1.2 0.8 2.5
2019.1288 -31.7659 -12.2131 9.6 1.1 0.8 2.5
2019.1315 -33.5015 -10.3256 9.3 1.2 0.8 2.5
2019.1342 -35.3422 -9.88152 10.4 1.2 0.8 2.6
2019.1370 -35.5526 -12.4352 5.3 1.2 0.8 2.5
2019.1397 -30.8719 -12.8793 8.3 1.1 0.8 2.5
2019.1425 -34.08 -12.8793 6 1.2 0.8 2.5
2019.1452 -35.6578 -7.88301 0 1.2 0.8 2.5
2019.1479 -36.6044 -11.4359 2.2 1.1 0.8 2.5
2019.1507 -35.2896 -11.9911 2.6 1.1 0.8 2.5
2019.1534 -34.4482 -10.1036 -1.3 1.2 0.8 2.5
2019.1562 -33.3437 -11.2139 6.1 1.1 0.8 2.5
2019.1589 -35.4474 -10.6587 5.8 1.2 0.8 2.6
2019.1616 -33.8696 -9.99254 3.2 1.2 0.8 2.6
2019.1644 -30.6615 -11.658 4.9 1.2 0.8 2.6
2019.1671 -31.8185 -11.2139 4.6 1.1 0.8 2.5
2019.1699 -29.82 -12.6572 0.1 1.1 0.8 2.5
2019.1726 -31.1874 -12.6572 -3.1 1.2 0.8 2.5
2019.1753 -32.9756 -13.3234 5.4 1.1 0.8 2.6
2019.1781 -34.8163 -10.6587 6.5 1.2 0.8 2.6
2019.1808 -32.8178 -12.8793 5.7 1.1 0.8 2.5
2019.1836 -33.3963 -13.8785 6.8 1.2 0.8 2.6
2019.1863 -32.0289 -11.769 6.3 1.2 0.8 2.6
2019.1890 -36.0259 -12.9903 14.3 1.2 0.9 2.7
2019.1918 -31.1348 -9.99254 16.6 1.2 0.8 2.6
2019.1945 -34.2378 -13.1013 11 1.2 0.8 2.6
2019.1973 -32.397 -13.2124 7.7 1.1 0.8 2.6
2019.2000 -34.343 -9.54843 7 1.2 0.8 2.6
2019.2027 -30.6089 -13.7675 13.2 1.2 0.9 2.7
2019.2055 -39.6548 -12.1021 21.2 1.2 0.8 2.6
2019.2082 -36.3415 -7.88301 18.5 1.2 0.9 2.8
2019.2110 -35.1319 -9.21535 10.9 1.2 0.8 2.6
2019.2137 -38.1822 -11.5469 7.3 1.2 0.8 2.6
2019.2164 -36.657 -8.99329 9.3 1.2 0.8 2.6
2019.2192 -32.0815 -10.3256 12 1.2 0.8 2.6
2019.2219 -36.92 -7.32787 11.8 1.3 0.9 2.7
2019.2247 -35.237 -11.1028 8.4 1.2 0.8 2.6
2019.2274 -38.8133 -9.77049 14.7 1.2 0.8 2.6
2019.2301 -36.0785 -11.2139 1.8 1.2 0.8 2.6
2019.2329 -37.3407 -10.3256 -0.4 1.2 0.9 2.6
2019.2356 -34.3956 -11.5469 -2.2 1.2 0.8 2.6
2019.2384 -36.4467 -11.9911 4.4 1.2 0.8 2.6
2019.2411 -35.8682 -10.3256 5.6 1.2 0.8 2.6
2019.2438 -35.7104 -11.1028 0.3 1.3 0.9 2.7
2019.2466 -34.6585 -10.7697 -6 1.2 0.9 2.7
2019.2493 -36.9726 -9.88152 -4.4 1.3 0.9 2.7
2019.2521 -33.8696 -13.2124 2.8 1.2 0.8 2.6
2019.2548 -34.1326 -10.8808 9.6 1.2 0.8 2.6
2019.2575 -36.7622 -12.5462 11.1 1.2 0.9 2.6
2019.2603 -35.4474 -11.3249 7.4 1.2 0.8 2.6
2019.2630 -31.2926 -11.88 8.5 1.2 0.8 2.6
2019.2658 -34.343 -10.9918 9.1 1.2 0.8 2.7
2019.2685 -36.3415 -12.8793 11 1.2 0.8 2.6
2019.2712 -39.9178 -11.88 12.9 1.2 0.9 2.7
2019.2740 -37.1304 -14.3226 16.3 1.3 0.9 2.8
2019.2767 -30.3459 -10.9918 8.5 1.3 0.8 2.6
2019.2795 -34.9741 -10.3256 21 1.3 0.8 2.7
2019.2822 -36.0785 -12.6572 8.2 1.3 0.8 2.6
2019.2849 -35.6052 -13.7675 7.1 1.3 0.8 2.6
2019.2877 -35.0267 -11.658 9.4 1.2 0.8 2.6
2019.2904 -33.8696 -12.7683 6.9 1.3 0.8 2.6
2019.2932 -31.1348 -10.8808 14.8 1.3 0.8 2.6
2019.2959 -35.5 -12.6572 11.8 1.3 0.8 2.6
2019.2986 -35.6578 -9.99254 10.8 1.3 0.8 2.7
2019.3014 -38.3926 -11.3249 11.8 1.3 0.8 2.6
2019.3041 -34.343 -10.1036 10.6 1.3 0.8 2.6
2019.3068 -33.8696 -12.3241 8.4 1.3 0.8 2.6
2019.3096 -38.077 -11.769 11.7 1.3 0.8 2.6
2019.3123 -33.6593 -9.54843 7.4 1.3 0.8 2.6
2019.3151 -37.6037 -14.5447 9.2 1.3 0.9 2.6
2019.3178 -34.5007 -11.769 2.5 1.3 0.8 2.6
2019.3205 -35.2896 -10.1036 -4.1 1.2 0.8 2.6
2019.3233 -35.7104 -10.1036 0.5 1.2 0.8 2.6
2019.3260 -34.7111 -10.3256 -2.7 1.3 0.8 2.6
2019.3288 -36.2363 -11.5469 5.4 1.3 0.8 2.6
2019.3315 -35.0267 -10.5477 3.1 1.3 0.8 2.7
2019.3342 -34.0274 -11.9911 7.7 1.3 0.9 2.7
2019.3370 -30.977 -7.66095 1.1 1.3 0.9 2.7
2019.3397 -34.5533 -11.5469 -4 1.3 0.8 2.7
2019.3425 -34.9215 -11.88 2.5 1.3 0.8 2.6
2019.3452 -34.3956 -12.8793 9 1.3 0.9 2.7
2019.3479 -33.4489 -11.769 11.6 1.3 0.9 2.7
2019.3507 -41.18 -9.54843 19.7 1.3 0.8 2.7
2019.3534 -33.3963 -9.77049 0.2 1.3 0.8 2.6
2019.3562 -33.9222 -12.1021 4.2 1.3 0.8 2.6
2019.3589 -37.6563 -9.88152 15.7 1.4 0.9 2.7
2019.3616 -34.6059 -10.3256 3.5 1.3 0.8 2.7
2019.3644 -35.8156 -11.1028 -5.9 1.3 0.8 2.6
2019.3671 -34.1326 -10.5477 6.8 1.5 1.0 3.0
2019.3699 -34.2378 -10.1036 0.5 1.3 0.8 2.7
2019.3726 -31.1874 -10.1036 -3.9 1.3 0.8 2.7
2019.3753 -35.8682 -13.1013 4.5 1.3 0.8 2.7
2019.3781 -33.6067 -8.32712 3.1 1.3 0.9 2.6
2019.3808 -35.9733 -10.5477 3.7 1.3 0.8 2.6
2019.3836 -33.7644 -9.65946 -6.7 1.3 0.8 2.6
2019.3863 -34.5007 -11.769 4.3 1.3 0.8 2.6
2019.3890 -36.0785 -12.9903 -1.2 1.3 0.8 2.6
2019.3918 -34.9215 -12.3241 2.7 1.3 0.8 2.6
2019.3945 -36.1837 -11.2139 0.8 1.3 0.8 2.6
2019.3973 -36.0785 -10.7697 -1 1.3 0.8 2.6
2019.4000 -31.24 -10.1036 2.2 1.3 0.8 2.6
2019.4027 -35.3948 -6.10655 11.9 1.3 0.8 2.6
2019.4055 -35.763 -10.6587 1.6 1.3 0.8 2.6
2019.4082 -35.1844 -9.88152 0.1 1.3 0.9 2.7
2019.4110 -35.2896 -10.4367 -1.8 1.3 0.8 2.7
2019.4137 -35.237 -10.7697 -2.4 1.3 0.8 2.7
2019.4164 -33.5541 -11.3249 -0.3 1.3 0.8 2.7
2019.4192 -33.9748 -9.4374 -7.3 1.3 0.8 2.6
2019.4219 -36.8674 -11.88 -2.1 1.3 0.8 2.7
2019.4247 -38.603 -13.5454 -0.4 1.3 0.8 2.6
2019.4274 -35.4474 -13.6565 -1.2 1.3 0.8 2.7
2019.4301 -35.2896 -11.3249 -6.8 1.3 0.8 2.7
2019.4329 -32.923 -11.658 -8.2 1.3 0.8 2.7
2019.4356 -38.4978 -11.658 0.7 1.3 0.8 2.7
2019.4384 -39.2867 -13.5454 5.7 1.3 0.8 2.6
2019.4411 -37.4459 -11.769 -3.9 1.3 0.8 2.7
2019.4438 -37.1304 -11.2139 6 1.3 0.8 2.7
2019.4466 -35.5526 -9.77049 -2 1.3 0.8 2.7
2019.4493 -39.7074 -9.88152 -5.4 1.3 0.8 2.7
2019.4521 -38.3926 -12.4352 14.4 1.3 0.8 2.7
2019.4548 -34.8689 -8.99329 8.5 1.3 0.8 2.7
2019.4575 -36.92 -10.2146 -1 1.3 0.8 2.7
2019.4603 -38.7082 -10.6587 0 1.3 0.8 2.7
2019.4630 -37.8141 -9.54843 -5.9 1.3 0.8 2.7
2019.4658 -38.8659 -10.4367 -1.5 1.4 0.9 2.8
2019.4685 -44.5459 -13.1013 -1.7 1.4 0.9 2.8
2019.4712 -35.8156 -19.0969 11.4 1.3 0.9 2.7
2019.4740 -37.4459 -12.4352 3.6 1.3 0.8 2.7
2019.4767 -38.7607 -12.1021 10.7 1.3 0.8 2.7
2019.4795 -39.76 -11.658 1.7 1.3 0.9 2.7
2019.4822 -42.2319 -13.8785 5.5 1.3 0.8 2.7
2019.4849 -34.2378 -14.3226 14 1.3 0.9 2.7
2019.4877 -39.2341 -10.7697 3.2 1.3 0.9 2.7
2019.4904 -38.1822 -12.3241 3 1.3 0.8 2.7
2019.4932 -40.1282 -8.54918 -0.3 1.3 0.8 2.6
2019.4959 -42.0215 -13.4344 -0.4 1.3 0.8 2.6
2019.4986 -39.5496 -12.1021 8.3 1.3 0.8 2.7
2019.5014 -40.3911 -11.3249 6.8 1.3 0.8 2.7
2019.5041 -39.7074 -12.6572 6.5 1.3 0.8 2.7
2019.5068 -39.1289 -11.9911 1.2 1.3 0.8 2.6
2019.5096 -38.0245 -10.3256 2.4 1.3 0.9 2.7
2019.5123 -38.077 -10.3256 -4.7 1.3 0.9 2.7
2019.5151 -35.763 -12.1021 0.8 1.3 0.8 2.7
2019.5178 -38.6556 -11.769 5.1 1.3 0.8 2.7
2019.5205 -43.0733 -10.9918 5.4 1.3 0.8 2.7
2019.5233 -40.917 -10.7697 5 1.5 0.9 2.8
2019.5260 -46.6496 -16.0991 19.1 1.3 0.8 2.7
2019.5288 -34.7111 -10.9918 3 1.3 0.8 2.7
2019.5315 -41.3378 -9.77049 1.2 1.3 0.9 2.8
2019.5342 -40.0756 -11.3249 11 1.3 0.9 2.7
2019.5370 -37.7089 -10.4367 11.3 1.3 0.9 2.7
2019.5397 -43.0207 -11.658 16.4 1.3 0.9 2.8
2019.5425 -34.6059 -13.8785 0.7 1.3 0.9 2.7
2019.5452 -43.2837 -11.3249 8.4 1.3 0.9 2.8
2019.5479 -41.5482 -8.6602 15.4 1.4 0.9 2.8
2019.5507 -38.2874 -10.4367 14 1.3 0.8 2.7
2019.5534 -35.0267 -11.3249 2.7 1.3 0.8 2.7
2019.5562 -44.7037 -9.77049 11.2 1.3 0.9 2.7
2019.5589 -38.6556 -8.32712 15.3 1.3 0.9 2.7
2019.5616 -42.5474 -6.21758 11.3 1.3 0.9 2.8
2019.5644 -39.6022 -10.6587 10.2 1.3 0.9 2.7
2019.5671 -40.5489 -10.2146 11.6 1.3 0.9 2.7
2019.5699 -42.0215 -9.65946 9.8 1.3 0.9 2.7
2019.5726 -40.023 -10.4367 7.6 1.3 0.9 2.6
2019.5753 -40.8119 -9.10432 13.1 1.3 0.9 2.7
2019.5781 -43.3363 -10.4367 12.3 1.3 0.9 2.6
2019.5808 -38.9185 -11.3249 13.7 1.3 0.9 2.7
2019.5836 -40.023 -10.6587 9.2 1.3 0.9 2.6
2019.5863 -38.3926 -10.4367 16.1 1.3 0.9 2.7
2019.5890 -39.2867 -9.10432 6.8 1.3 0.9 2.6
2019.5918 -44.5985 -7.66095 8.6 1.3 0.9 2.7
2019.5945 -40.0756 -5.44039 16.8 1.6 1.0 3.1
2019.5973 -37.6563 -8.32712 19.1 1.2 0.9 2.6
2019.6000 -41.3904 -9.54843 15 1.3 0.9 2.7
2019.6027 -39.0237 -9.21535 14.3 1.4 0.9 2.7
2019.6055 -41.443 -10.4367 15 1.3 0.9 2.6
2019.6082 -37.2356 -7.21684 10.2 1.3 0.9 2.8
2019.6110 -34.4482 -8.10506 12.4 1.3 0.9 2.8
2019.6137 -36.7622 -10.9918 19 1.2 0.9 2.6
2019.6164 -42.1793 -10.4367 14 1.3 0.9 2.7
2019.6192 -36.657 -11.2139 14.5 1.2 0.9 2.6
2019.6685 -41.0748 -10.3256 13.1 1.5 1.0 3.0
2019.6712 -37.8667 -8.10506 15 1.3 0.9 2.7
2019.6740 -42.1267 -11.3249 23.4 1.2 0.9 2.7
2019.6767 -39.8652 -10.3256 8.2 1.2 0.9 2.7
2019.6795 -40.5489 -9.65946 11.4 1.3 0.9 2.7
2019.6822 -38.9185 -10.3256 18.4 1.3 0.9 2.6
2019.6849 -38.7082 -9.77049 11 1.3 0.9 2.6
2019.6877 -39.8126 -10.1036 12.1 1.2 0.9 2.6
2019.6904 -40.8119 -9.10432 13.6 1.2 0.9 2.6
2019.6932 -44.7563 -10.4367 18.8 1.2 0.9 2.6
2019.6959 -38.2874 -8.54918 21.5 1.2 0.9 2.6
2019.6986 -41.8111 -7.99404 28 1.2 0.9 2.6
2019.7014 -44.9667 -8.54918 26.5 1.2 0.9 2.6
2019.7041 -41.0748 -8.88226 13.6 1.2 0.9 2.6
2019.7068 -37.183 -8.6602 15.6 1.2 0.9 2.6
2019.7096 -43.1785 -7.66095 17.9 1.2 0.9 2.6
2019.7123 -43.4415 -7.99404 14.5 1.2 0.9 2.6
2019.7151 -34.08 -7.32787 29.9 1.3 0.9 2.7
2019.7178 -45.6504 -8.10506 18.3 1.2 0.9 2.6
2019.7205 -40.6541 -9.10432 10.6 1.3 0.9 2.8
2019.7233 -43.3363 -8.32712 21.9 1.3 0.9 2.8
2019.7260 -41.1274 -6.88375 15.8 1.2 0.9 2.6
2019.7288 -43.1785 -9.88152 21.1 1.2 0.9 2.6
2019.7315 -39.4445 -8.21609 18.2 1.3 0.9 2.6
2019.7342 -41.5482 -9.77049 15.1 1.3 0.9 2.6
2019.7370 -42.0741 -7.32787 8.9 1.3 0.9 2.6
2019.7397 -41.6007 -5.99553 14.2 1.3 0.9 2.6
2019.7425 -39.6022 -7.43889 13.8 1.4 0.9 2.9
2019.7452 -39.2341 -10.6587 20 1.3 0.9 2.7
2019.7479 -40.3385 -8.32712 16.9 1.3 0.9 2.7
2019.7507 -36.2363 -10.6587 20.8 1.3 0.9 2.7
2019.7534 -42.6 -9.32637 15.1 1.3 0.9 2.7
2019.7562 -42.863 -11.769 24.3 1.3 0.9 2.8
2019.7589 -40.6541 -9.32637 19.1 1.3 0.9 2.7
2019.7616 -42.0215 -8.99329 17.4 1.3 0.8 2.7
2019.7644 -40.7067 -9.88152 19 1.2 0.8 2.6
2019.7671 -42.4422 -9.10432 19.6 1.3 0.8 2.6
2019.7699 -42.863 -10.5477 23.4 1.3 0.9 2.7
2019.7726 -41.8637 -10.5477 22.9 1.3 0.9 2.7
2019.7753 -39.5496 -11.658 29.8 1.3 0.9 2.7
2019.7781 -40.1807 -9.10432 19.6 1.3 0.8 2.6
2019.7808 -41.6533 -9.88152 17.9 1.3 0.8 2.6
2019.7836 -43.4415 -10.7697 14.1 1.3 0.8 2.6
2019.7863 -41.7585 -9.88152 20.4 1.3 0.8 2.6
2019.7890 -41.7059 -10.7697 24.7 1.2 0.8 2.6
2019.7918 -44.5459 -6.88375 18.3 1.2 0.8 2.6
2019.7945 -42.4948 -11.1028 27.3 1.2 0.8 2.6
2019.7973 -40.7593 -10.2146 23 1.2 0.8 2.6
2019.8000 -42.0215 -11.9911 24.5 1.3 0.9 2.6
2019.8027 -44.0726 -9.21535 22.6 1.2 0.8 2.6
2019.8055 -44.8615 -11.1028 20.1 1.2 0.8 2.6
2019.8082 -45.177 -10.7697 19.5 1.2 0.8 2.6
2019.8110 -43.4415 -9.54843 25.3 1.3 0.8 2.6
2019.8137 -43.6519 -9.4374 33.5 1.4 0.9 2.7
2019.8164 -42.1267 -9.32637 23.1 1.4 0.9 2.8
2019.8192 -43.0733 -8.43815 11.3 1.4 0.9 2.7
2019.8219 -46.6496 -12.2131 17 1.3 0.9 2.7
2019.8247 -45.5978 -7.99404 24.4 1.3 0.8 2.6
2019.8274 -39.497 -9.4374 23 1.3 0.8 2.7
2019.8301 -44.3882 -11.5469 23.7 1.3 0.9 2.7
2019.8329 -42.1793 -8.21609 17.3 1.4 0.9 2.7
2019.8356 -44.1778 -10.6587 18.5 1.4 0.9 2.7
2019.8384 -44.3356 -12.2131 17.7 1.3 0.8 2.6
2019.8411 -45.8082 -9.88152 12.1 1.3 0.8 2.7
2019.8438 -43.2837 -10.6587 16.1 1.2 0.8 2.6
2019.8466 -40.0756 -10.3256 5.8 1.3 0.8 2.7
2019.8493 -44.7563 -11.769 17.3 1.2 0.8 2.6
2019.8521 -44.5459 -9.65946 15.7 1.2 0.8 2.6
2019.8548 -46.4919 -10.9918 17.2 1.2 0.8 2.6
2019.8575 -43.8622 -12.5462 12.7 1.3 0.8 2.6
2019.8603 -47.8067 -11.3249 13.3 1.2 0.8 2.6
2019.8630 -44.9667 -11.3249 13.9 1.2 0.8 2.6
2019.8658 -46.4393 -11.9911 15.2 1.3 0.8 2.6
2019.8685 -43.9674 -13.4344 18.3 1.3 0.9 2.6
2019.8712 -44.9141 -13.7675 21.4 1.2 0.8 2.6
2019.8740 -44.1252 -13.3234 20.4 1.3 0.8 2.7
2019.8767 -48.9111 -12.2131 17.6 1.2 0.8 2.6
2019.8795 -47.3333 -10.9918 12.4 1.3 0.8 2.7
2019.8822 -46.4919 -11.2139 12.1 1.2 0.8 2.6
2019.8849 -45.3348 -9.77049 20.5 1.3 0.8 2.6
2019.8877 -42.4948 -11.2139 34.3 1.3 0.8 2.7
2019.8904 -45.4926 -9.32637 18.6 1.3 0.9 2.7
2019.8932 -43.5993 -7.32787 34.5 1.3 0.8 2.7
2019.8959 -48.2274 -12.5462 29.5 1.3 0.8 2.6
2019.8986 -46.1763 -11.769 18.6 1.3 0.8 2.6
2019.9014 -44.5985 -13.2124 16.3 1.3 0.8 2.6
2019.9041 -45.44 -12.3241 12.2 1.2 0.8 2.6
2019.9068 -52.9607 -14.7668 20.9 1.2 0.8 2.6
2019.9096 -42.6 -8.99329 25.8 1.3 0.8 2.6
2019.9123 -46.3341 -11.5469 22.9 1.3 0.8 2.6
2019.9151 -47.4911 -13.6565 20.5 1.3 0.8 2.6
2019.9178 -56.5896 -14.8778 22.5 1.2 0.8 2.6
2019.9205 -48.4378 -10.6587 22.4 1.3 0.8 2.6
2019.9233 -47.2807 -12.6572 16.5 1.2 0.8 2.6
2019.9260 -49.3319 -11.4359 13.4 1.2 0.8 2.6
2019.9288 -46.8074 -11.9911 9 1.2 0.8 2.6
2019.9315 -45.177 -11.1028 13.2 1.2 0.8 2.6
2019.9342 -48.28 -11.9911 13.5 1.2 0.8 2.6
2019.9370 -48.3852 -10.8808 23 1.3 0.8 2.7
2019.9397 -45.5978 -7.43889 19 1.2 0.8 2.6
2019.9425 -50.7519 -9.88152 22.3 1.3 0.8 2.7
2019.9452 -45.44 -11.5469 15.6 1.2 0.8 2.6
2019.9479 -47.1756 -11.3249 23 1.2 0.8 2.6
2019.9507 -46.1763 -12.9903 19.9 1.2 0.8 2.5
2019.9534 -49.2793 -14.2116 16.8 1.3 0.9 2.7
2019.9562 -45.2296 -13.5454 14.4 1.2 0.8 2.6
2019.9589 -45.0193 -14.1006 19.1 1.2 0.8 2.5
2019.9616 -46.5445 -13.3234 22.1 1.2 0.8 2.6
2019.9644 -48.1748 -12.4352 21.4 1.2 0.8 2.5
2019.9671 -47.4385 -11.3249 19.9 1.2 0.8 2.6
2019.9699 -46.1763 -13.2124 15.3 1.2 0.9 2.6
2019.9726 -46.0185 -15.544 20.4 1.1 0.8 2.6
2019.9753 -47.7015 -13.1013 19.2 1.2 0.8 2.6
2019.9781 -46.3341 -14.2116 25.1 1.2 0.8 2.5
2019.9808 -46.3867 -14.1006 22.6 1.2 0.8 2.6
2019.9836 -51.4882 -14.3226 22.8 1.2 0.8 2.6
2019.9863 -42.9682 -11.88 13.9 1.2 0.8 2.6
2019.9890 -46.597 -10.4367 29 1.2 0.8 2.5
2019.9918 -49.1741 -14.7668 25.1 1.2 0.8 2.6
2019.9945 -49.5422 -12.7683 14.8 1.2 0.8 2.5
2019.9973 -51.0148 -11.658 22.3 1.2 0.8 2.7
2020.0000 -49.3845 -15.0998 34.9 1.2 0.8 2.7
2020.0027 -54.0652 -11.88 32.5 1.2 0.8 2.7
2020.0055 -50.9622 -15.0998 22.1 1.2 0.8 2.5
2020.0082 -49.6474 -12.6572 22.1 1.2 0.8 2.6
2020.0110 -48.28 -13.2124 18.7 1.2 0.8 2.6
2020.0137 -50.6993 -14.1006 23.7 1.2 0.8 2.6
2020.0164 -50.5415 -13.2124 15.1 1.2 0.8 2.6
2020.0192 -49.3319 -14.5447 15.1 1.2 0.8 2.6
2020.0219 -46.597 -14.5447 16.8 1.2 0.8 2.6
2020.0247 -47.4911 -15.0998 17.9 1.3 0.8 2.7
2020.0274 -48.017 -14.4337 14.2 1.2 0.8 2.7
2020.0301 -50.8045 -15.9881 12.2 1.2 0.8 2.6
2020.0329 -50.0156 -17.7645 12.4 1.2 0.8 2.6
2020.0356 -49.1741 -17.5425 11.5 1.2 0.8 2.5
2020.0384 -47.7541 -15.3219 13.1 1.2 0.8 2.6
2020.0411 -45.9659 -14.4337 10.7 1.2 0.8 2.6
2020.0438 -54.0126 -16.5432 29 1.2 0.9 2.6
2020.0466 -47.9645 -14.4337 20.1 1.2 0.9 2.6
2020.0493 -48.7007 -14.3226 16 1.2 0.8 2.5
2020.0521 -50.4889 -14.8778 18.4 1.2 0.8 2.6
2020.0548 -50.3311 -12.9903 27.3 1.2 0.8 2.6
2020.0575 -52.277 -13.5454 19.4 1.2 0.8 2.5
2020.0603 -51.0674 -15.0998 20.2 1.2 0.8 2.6
2020.0630 -52.2245 -14.5447 21.4 1.2 0.8 2.6
2020.0658 -51.7511 -15.655 22.8 1.2 0.8 2.5
2020.0685 -50.3837 -15.655 21.7 1.2 0.8 2.6
2020.0712 -49.3319 -15.0998 14 1.2 0.8 2.5
2020.0740 -48.3852 -13.6565 22 1.2 0.8 2.5
2020.0767 -49.3845 -12.8793 15.2 1.1 0.8 2.5
2020.0795 -46.86 -14.3226 23.6 1.2 0.9 2.5
2020.0822 -49.3319 -15.0998 25.5 1.2 0.8 2.5
2020.0849 -51.7511 -12.6572 23.9 1.2 0.9 2.6
2020.0877 -48.8585 -13.3234 18 1.2 0.9 2.5
2020.0904 -50.4889 -14.7668 14.2 1.1 0.8 2.5
2020.0932 -51.4356 -14.8778 18.3 1.2 0.8 2.5
2020.0959 -50.4363 -14.4337 21.5 1.2 0.8 2.5
2020.0986 -51.383 -16.2101 21.2 1.2 0.8 2.5
2020.1014 -50.6993 -13.6565 19.9 1.2 0.9 2.6
2020.1041 -50.4363 -12.7683 22.4 1.2 0.9 2.6
2020.1068 -46.86 -12.3241 18 1.2 0.9 2.6
2020.1096 -52.6978 -12.6572 20.7 1.2 0.9 2.6
2020.1123 -49.8578 -11.4359 17.9 1.2 0.8 2.6
2020.1151 -49.4896 -11.5469 11.6 1.1 0.8 2.5
2020.1178 -49.7526 -12.3241 18.6 1.2 0.9 2.6
2020.1205 -52.4348 -11.88 4.7 1.2 0.9 2.6
2020.1233 -53.697 -13.6565 11 1.2 0.9 2.6
2020.1260 -50.857 -13.1013 13.4 1.1 0.8 2.5
2020.1288 -51.6459 -15.0998 14.8 1.2 0.8 2.5
2020.1315 -51.9089 -14.8778 12.2 1.2 0.9 2.6
2020.1342 -48.8059 -11.769 23.3 1.2 0.9 2.7
2020.1370 -52.6978 -15.4329 31.9 1.2 0.9 2.7
2020.1397 -56.1163 -12.4352 28 1.2 0.9 2.7
2020.1425 -51.8037 -13.4344 25.3 1.2 0.9 2.6
2020.1452 -52.5926 -13.2124 13.4 1.2 0.8 2.6
2020.1479 -52.3296 -14.1006 19 1.1 0.8 2.6
2020.1507 -52.54 -12.1021 10.2 1.1 0.9 2.5
2020.1534 -51.5407 -13.7675 11.1 1.1 0.8 2.6
2020.1562 -52.2245 -15.2109 15.8 1.1 0.8 2.5
2020.1589 -52.277 -15.3219 15.1 1.1 0.8 2.5
2020.1616 -54.223 -15.4329 12.4 1.1 0.8 2.5
2020.1644 -55.4326 -14.9888 14.6 1.2 0.9 2.6
2020.1671 -54.8541 -14.9888 13.8 1.2 0.9 2.6
2020.1699 -54.9593 -14.4337 14.8 1.2 0.9 2.6
2020.1726 -52.8556 -13.8785 13 1.2 0.9 2.5
2020.1753 -55.6956 -15.3219 12 1.1 0.9 2.5
2020.1781 -55.2748 -12.8793 7.9 1.1 0.8 2.5
2020.1808 -52.1719 -12.9903 12.9 1.1 0.9 2.5
2020.1836 -54.223 -13.8785 9.3 1.2 0.9 2.5
2020.1863 -52.3296 -15.3219 13 1.2 0.9 2.5
2020.1890 -53.7496 -12.8793 15 1.2 0.9 2.5
2020.1918 -54.4859 -12.6572 15.3 1.2 0.9 2.6
2020.1945 -57.957 -11.658 8.9 1.2 0.9 2.6
2020.1973 -53.1711 -12.9903 5.8 1.2 0.9 2.6
2020.2000 -55.117 -14.2116 4.7 1.2 0.9 2.6
2020.2027 -55.8533 -13.7675 8 1.2 0.9 2.6
2020.2055 -57.3785 -12.5462 11.6 1.2 0.9 2.6
2020.2082 -54.3807 -12.8793 8.5 1.2 0.9 2.6
2020.2110 -53.5393 -14.9888 14.7 1.2 0.9 2.7
2020.2137 -55.4326 -14.9888 16 1.3 0.9 2.7
2020.2164 -50.7519 -15.766 12.7 1.5 1.0 3.0
2020.2192 -56.2741 -14.2116 14.6 1.3 0.9 2.8
2020.2219 -52.3822 -14.3226 9.7 1.3 0.9 2.7
2020.2247 -54.7489 -13.8785 12.6 1.3 0.9 2.7
2020.2274 -53.2237 -13.2124 5.9 1.3 0.9 2.7
2020.2301 -53.1711 -12.7683 10.9 1.3 0.9 2.7
2020.2329 -54.6437 -13.7675 13.1 1.3 0.9 2.7
2020.2356 -59.7452 -15.2109 13.4 1.3 0.9 2.7
2020.2384 -54.1704 -12.3241 13.3 1.3 0.8 2.6
2020.2411 -53.9074 -12.1021 10.9 1.3 0.9 2.7
2020.2438 -51.2778 -13.2124 15.8 1.2 0.9 2.6
2020.2466 -52.6452 -16.2101 16 1.2 0.9 2.6
2020.2493 -57.7467 -14.9888 10.7 1.2 0.9 2.7
2020.2521 -53.96 -14.8778 10.1 1.3 0.8 2.6
2020.2548 -54.1704 -14.5447 10.5 1.3 0.9 2.7
2020.2575 -55.117 -12.8793 8.8 1.3 0.9 2.7
2020.2603 -50.5941 -14.4337 11.2 1.3 0.9 2.7
2020.2630 -51.0674 -16.4322 15.5 1.3 0.9 2.7
2020.2658 -53.3815 -14.6557 20.6 1.4 0.9 2.7
2020.2685 -53.1185 -11.658 16.9 1.3 0.8 2.6
2020.2712 -50.1733 -13.7675 12.8 1.3 0.9 2.7
2020.2740 -53.1711 -14.9888 9.4 1.3 0.9 2.7
2020.2767 -54.3807 -14.6557 9.6 1.3 0.9 2.6
2020.2795 -54.5385 -13.4344 9.3 1.3 0.9 2.7
2020.2822 -54.3807 -15.0998 16.3 1.3 0.9 2.7
2020.2849 -52.9607 -14.3226 18 1.4 0.9 2.8
2020.2877 -51.8563 -12.7683 13.3 1.3 0.9 2.8
2020.2904 -51.0148 -13.1013 18.3 1.3 0.9 2.7
2020.2932 -53.0133 -13.7675 22.5 1.3 0.9 2.7
2020.2959 -54.8015 -8.88226 18.2 1.3 0.9 2.7
2020.2986 -53.9074 -9.88152 20 1.3 0.9 2.7
2020.3014 -52.0141 -9.4374 20.4 1.3 0.9 2.7
2020.3041 -52.3296 -11.1028 19.4 1.7 1.0 3.0
2020.3068 -50.4363 -11.2139 10.9 1.3 0.9 2.7
2020.3096 -52.6452 -10.6587 13 1.3 0.9 2.7
2020.3123 -52.6452 -10.2146 14.2 1.3 0.9 2.7
2020.3151 -51.2778 -12.3241 13.4 1.4 0.9 2.8
2020.3178 -51.4882 -10.5477 13.5 1.3 0.9 2.7
2020.3205 -52.3296 -11.2139 8.3 1.3 0.9 2.7
2020.3233 -51.7511 -12.6572 19 1.3 0.9 2.7
2020.3260 -52.3822 -12.9903 17.7 1.3 0.9 2.7
2020.3288 -54.5385 -11.658 14.4 1.3 0.9 2.7
2020.3315 -50.4363 -11.88 13.6 1.3 0.9 2.7
2020.3342 -56.5896 -10.8808 14.2 1.3 0.9 2.7
2020.3370 -51.1726 -10.5477 13.1 1.3 0.9 2.7
2020.3397 -53.6445 -10.5477 14.8 1.3 0.9 2.7
2020.3425 -51.8563 -11.3249 17.5 1.3 0.9 2.7
2020.3452 -54.1178 -11.1028 11.9 1.4 0.9 2.8
2020.3479 -54.1178 -11.9911 14.4 1.3 0.9 2.8
2020.3507 -53.4867 -11.3249 16.9 1.3 0.9 2.7
2020.3534 -50.6467 -11.1028 14.3 1.4 0.9 2.8
2020.3562 -48.6482 -11.88 7.2 1.4 0.9 2.9
2020.3589 -48.9637 -10.1036 13 1.4 0.9 2.8
2020.3616 -50.0156 -10.3256 13.4 1.3 0.9 2.7
2020.3644 -54.6963 -9.32637 9.9 1.3 0.9 2.7
2020.3671 -54.223 -9.99254 17.2 1.3 0.9 2.7
2020.3699 -51.2778 -10.2146 14.3 1.3 0.9 2.7
2020.3726 -51.0148 -9.54843 10.8 1.3 0.9 2.7
2020.3753 -57.4311 -9.77049 13 1.3 0.9 2.7
2020.3781 -56.7474 -10.1036 20.9 1.3 0.9 2.7
2020.3808 -52.0141 -8.54918 13.4 1.3 0.9 2.7
2020.3836 -48.3852 -9.21535 13.1 1.3 0.8 2.7
2020.3863 -52.8556 -10.8808 12.1 1.3 0.9 2.7
2020.3890 -52.803 -11.88 14.4 1.3 0.9 2.7
2020.3918 -53.8022 -13.8785 7.9 1.3 0.9 2.8
2020.3945 -54.5385 -9.77049 15.2 1.3 0.9 2.7
2020.3973 -52.0667 -11.769 21.7 1.3 0.9 2.7
2020.4000 -51.0674 -11.4359 18.3 1.3 0.9 2.7
2020.4027 -49.5948 -10.9918 10.8 1.3 0.9 2.7
2020.4055 -52.5926 -11.658 11.9 1.3 0.9 2.8
2020.4082 -52.8556 -9.77049 15.9 1.4 0.9 2.8
2020.4110 -51.7511 -9.54843 12.7 1.3 0.9 2.8
2020.4137 -53.697 -10.1036 13.7 1.4 0.9 2.7
2020.4164 -47.3859 -8.88226 15.5 1.3 0.9 2.7
2020.4192 -49.1741 -10.4367 16.2 1.3 0.9 2.7
2020.4219 -53.5393 -10.6587 17.7 1.3 0.9 2.8
2020.4247 -54.8541 -10.4367 17.5 1.3 0.9 2.8
2020.4274 -50.5415 -12.7683 16.6 1.4 0.9 2.8
2020.4301 -54.6963 -12.6572 14 1.4 0.9 2.8
2020.4329 -52.9607 -8.99329 13.3 1.3 0.9 2.8
2020.4356 -52.7504 -13.2124 12 1.3 0.9 2.8
2020.4384 -53.4341 -12.1021 16.2 1.3 0.9 2.8
2020.4411 -53.3815 -12.3241 18.5 1.3 0.9 2.8
2020.4438 -52.54 -11.2139 13.1 1.3 0.9 2.8
2020.4466 -50.2785 -12.1021 8 1.3 0.9 2.8
2020.4493 -50.2785 -9.21535 15.7 1.3 0.9 2.8
2020.4521 -55.3274 -9.32637 8.9 1.3 0.9 2.8
2020.4548 -55.9585 -8.88226 21.3 1.3 0.9 2.8
2020.4575 -54.1178 -10.8808 21.3 1.3 0.9 2.7
2020.4603 -54.4859 -8.77123 15 1.3 0.9 2.8
2020.4630 -51.2252 -11.2139 12.8 1.3 0.9 2.7
2020.4658 -51.2252 -9.4374 12.2 1.3 0.9 2.8
2020.4685 -54.4859 -10.6587 18.5 1.3 0.9 2.8
2020.4712 -55.4326 -10.4367 18.2 1.3 0.9 2.8
2020.4740 -55.643 -12.4352 17.2 1.3 0.9 2.8
2020.4767 -52.6978 -10.9918 18 1.3 0.9 2.8
2020.4795 -53.6445 -11.9911 11.5 1.3 0.9 2.8
2020.4822 -55.643 -12.4352 17.8 1.3 0.9 2.8
2020.4849 -54.3807 -10.7697 17.2 1.3 0.9 2.8
2020.4877 -53.9074 -10.9918 13.4 1.3 0.9 2.9
2020.4904 -58.483 -11.658 14.5 1.3 0.9 2.8
2020.4932 -53.697 -13.2124 19.5 1.3 0.9 2.9
2020.4959 -57.0104 -11.3249 12.8 1.4 0.9 2.9
2020.4986 -55.4326 -10.6587 15 1.3 0.9 2.9
2020.5014 -53.0133 -10.9918 10.3 1.3 0.9 2.8
2020.5041 -54.2756 -11.658 12.3 1.3 0.9 2.8
2020.5068 -54.4859 -10.4367 13.3 1.3 0.9 2.8
2020.5096 -55.4852 -11.3249 16.4 1.3 0.9 2.8
2020.5123 -56.7474 -11.1028 23.6 1.4 0.9 2.9
2020.5151 -56.2215 -11.769 20.2 1.3 0.9 2.8
2020.5178 -55.0119 -11.769 17 1.4 0.9 2.8
2020.5205 -47.2282 -10.9918 16.1 1.3 0.9 2.8
2020.5233 -53.8548 -12.6572 17.8 1.4 0.9 2.9
2020.5260 -56.2741 -13.9896 8.7 1.4 0.9 2.9
2020.5288 -49.437 -14.3226 25.3 1.4 0.9 2.9
2020.5315 -55.9585 -9.99254 21.2 1.3 0.9 2.9
2020.5342 -57.4311 -13.7675 20.7 1.4 1.0 2.9
2020.5370 -59.8504 -8.99329 21.9 1.4 1.0 2.9
2020.5397 -55.8533 -13.3234 24.7 1.3 0.9 2.9
2020.5425 -51.7511 -12.8793 19.9 1.4 0.9 2.9
2020.5452 -54.6437 -11.9911 21.2 1.4 0.9 2.9
2020.5479 -56.8 -11.1028 14.7 1.4 0.9 2.9
2020.5507 -62.3222 -10.9918 18.3 1.3 0.9 2.8
2020.5534 -51.5933 -11.9911 23.4 1.4 0.9 2.9
2020.5562 -55.2748 -12.7683 22.8 1.3 0.9 2.9
2020.5589 -59.3245 -12.4352 23.8 1.4 1.0 2.9
2020.5616 -59.2193 -11.5469 20.8 1.4 1.0 2.9
2020.5644 -58.9037 -10.1036 28.6 1.4 1.0 2.9
2020.5671 -58.6407 -9.4374 19 1.3 0.9 2.9
2020.5699 -56.6948 -10.5477 25.5 1.3 0.9 2.9
2020.5726 -55.9059 -13.9896 15.9 1.3 0.9 2.9
2020.5753 -60.7445 -12.6572 23.3 1.4 1.0 3.1
2020.5781 -55.9585 -11.4359 19.6 1.3 0.9 2.9
2020.5808 -58.483 -10.1036 20.3 1.3 0.9 2.9
2020.5836 -56.537 -11.3249 22 1.4 0.9 2.9
2020.5863 -54.4859 -10.6587 22.3 1.4 0.9 2.9
2020.5890 -63.7422 -12.4352 28.9 1.4 1.0 3.0
2020.5918 -65.3726 -9.88152 29.4 1.5 1.0 3.0
2020.5945 -59.8504 -9.77049 27.4 1.4 0.9 2.9
2020.5973 -55.4852 -10.5477 21 1.3 0.9 2.9
2020.6000 -57.2207 -11.4359 26.9 1.4 1.0 3.0
2020.6027 -55.2748 -6.88375 24.4 1.4 1.0 3.0
2020.6055 -58.8511 -10.8808 27 1.3 0.9 2.9
2020.6082 -58.483 -10.4367 33.8 1.4 0.9 2.9
2020.6110 -57.4837 -9.54843 25.5 1.4 0.9 2.9
2020.6137 -59.4296 -12.1021 24.2 1.3 0.9 2.9
2020.6164 -51.6985 -10.2146 21.9 1.3 0.9 2.9
2020.6192 -60.1133 -12.5462 19.7 1.3 0.9 2.9
2020.6219 -57.5363 -10.4367 17.2 1.3 0.9 2.9
2020.6247 -56.6948 -8.99329 23.1 1.3 0.9 2.9
2020.6274 -58.0622 -8.99329 23 1.3 0.9 2.9
2020.6301 -56.6948 -10.2146 25.7 1.4 0.9 2.9
2020.6329 -58.1148 -8.77123 20.8 1.3 0.9 2.9
2020.6356 -55.4852 -11.88 18.5 1.3 0.9 2.9
2020.6384 -60.1133 -9.21535 25 1.3 0.9 2.9
2020.6411 -56.8 -10.3256 18.4 1.3 1.0 2.9
2020.6438 -57.2733 -9.10432 21.9 1.3 0.9 2.9
2020.6466 -57.4311 -7.21684 20.7 1.3 0.9 2.9
2020.6493 -58.7985 -11.4359 25.6 1.3 0.9 2.9
2020.6521 -53.1711 -10.6587 24.3 1.3 0.9 2.9
2020.6548 -57.6941 -11.769 24.3 1.3 0.9 2.9
2020.6575 -58.9563 -7.43889 19.6 1.3 0.9 2.9
2020.6603 -60.0607 -9.4374 26.5 1.3 0.9 2.9
2020.6630 -58.5882 -9.77049 24.9 1.4 1.0 2.9
2020.6658 -56.5896 -10.8808 29.4 1.3 0.9 2.9
2020.6685 -60.1659 -8.43815 41.6 1.3 0.9 2.9
2020.6712 -61.6911 -10.1036 28.5 1.4 1.0 2.9
2020.6740 -58.9037 -10.5477 24.8 1.4 0.9 2.8
2020.6767 -58.6933 -12.9903 26.8 1.3 0.9 2.9
2020.6795 -58.22 -9.77049 37.7 1.4 0.9 2.9
2020.6822 -60.0607 -11.88 29 1.4 0.9 2.9
2020.6849 -61.0074 -7.32787 25.9 1.4 0.9 2.9
2020.6877 -52.3296 -4.88524 38.2 1.4 0.9 2.9
2020.6904 -62.0067 -11.4359 30.5 1.4 0.9 2.9
2020.6932 -62.1645 -12.6572 21.3 1.4 0.9 2.9
2020.6959 -58.7459 -10.9918 21.4 1.4 1.0 2.9
2020.6986 -59.7452 -9.65946 18.6 1.4 1.0 3.0
2020.7014 -58.4304 -8.43815 23 1.4 1.0 2.9
2020.7041 -60.1659 -9.77049 24.2 1.4 0.9 2.9
2020.7068 -56.4845 -10.3256 25.4 1.4 0.9 2.9
2020.7096 -59.0615 -12.5462 25.5 1.5 1.0 3.1
2020.7123 -58.2726 -9.32637 30.2 1.6 1.0 3.1
2020.7151 -56.4845 -9.77049 33.6 1.5 0.9 2.9
2020.7178 -57.8519 -7.77198 34.8 1.4 0.9 2.9
2020.7205 -58.5356 -9.77049 28.6 1.5 0.9 2.9
2020.7233 -55.643 -11.658 22.8 1.4 0.9 2.9
2020.7260 -63.7422 -11.4359 19.7 1.4 0.9 2.9
2020.7288 -62.0593 -11.88 32.6 1.4 1.0 3.0
2020.7315 -61.1126 -11.3249 37.8 1.5 1.0 2.9
2020.7342 -59.3245 -11.4359 31.9 1.5 0.9 2.9
2020.7370 -60.1133 -12.1021 28.7 1.4 0.9 2.9
2020.7397 -61.323 -11.88 30.9 1.6 1.0 2.9
2020.7425 -58.483 -10.4367 31.1 1.4 0.9 2.9
2020.7452 -57.3259 -9.99254 42.1 1.4 0.9 2.8
2020.7479 -62.743 -11.1028 37.4 1.4 0.9 2.8
2020.7507 -57.5889 -8.6602 37.4 1.4 0.9 2.8
2020.7534 -67.5815 -6.99478 40.8 1.4 0.9 2.8
2020.7562 -64.5311 -10.4367 40.4 1.4 0.9 2.9
2020.7589 -63.8474 -9.10432 46.6 1.4 0.9 2.8
2020.7616 -62.4274 -10.3256 34.4 1.4 0.9 2.8
2020.7644 -60.8496 -10.2146 31.1 1.4 0.9 2.8
2020.7671 -63.5845 -11.1028 28.6 1.4 0.9 2.8
2020.7699 -59.4822 -11.5469 29.1 1.4 0.9 2.8
2020.7726 -60.9548 -11.769 26.3 1.4 0.9 2.9
2020.7753 -65.4778 -8.10506 38.3 1.4 0.9 2.7
2020.7781 -58.9563 -10.9918 33.4 1.3 0.9 2.7
2020.7808 -60.1659 -10.6587 35.9 1.3 0.9 2.7
2020.7836 -62.5326 -9.54843 35.2 1.3 0.9 2.8
2020.7863 -58.7985 -10.3256 31.8 1.3 0.9 2.8
2020.7890 -60.1133 -8.88226 26.9 1.3 0.9 2.8
2020.7918 -59.4822 -9.21535 33.4 1.3 0.9 2.8
2020.7945 -60.7445 -8.6602 29.3 1.3 0.9 2.8
2020.7973 -57.4837 -10.2146 31.1 1.3 0.9 2.8
2020.8000 -60.8496 -10.4367 25.9 1.3 0.9 2.8
2020.8027 -61.5333 -11.1028 24.8 1.3 0.9 2.8
2020.8055 -61.9541 -11.2139 28.5 1.4 0.9 2.9
2020.8082 -60.4815 -9.10432 28.6 1.3 0.9 2.8
2020.8110 -59.5874 -9.77049 28.5 1.3 0.9 2.7
2020.8137 -56.8526 -10.9918 17.6 1.3 0.9 2.8
2020.8164 -61.06 -11.3249 23.1 1.3 0.9 2.7
2020.8192 -62.2696 -12.2131 34 1.3 0.9 2.8
2020.8219 -64.7941 -12.1021 40.3 1.4 0.9 2.8
2020.8247 -62.5852 -11.2139 24 1.4 0.9 2.8
2020.8274 -62.0593 -10.6587 29 1.3 0.9 2.8
2020.8301 -63.637 -9.88152 26.4 1.4 0.9 2.8
2020.8329 -65.7408 -10.7697 34.6 1.4 0.9 2.8
2020.8356 -65.7408 -10.7697 37.8 1.3 0.9 2.7
2020.8384 -65.1622 -10.1036 30.3 1.3 0.9 2.7
2020.8411 -61.4282 -11.1028 32 1.3 0.9 2.7
2020.8438 -64.2682 -11.769 30.8 1.3 0.9 2.7
2020.8466 -67.5815 -9.99254 29.8 1.3 0.9 2.9
2020.8493 -63.5845 -8.88226 31.1 1.3 0.9 2.8
2020.8521 -67.5815 -12.5462 30 1.3 0.9 2.7
2020.8548 -62.743 -10.9918 29.5 1.3 0.9 2.7
2020.8575 -65.1096 -11.88 31.5 1.3 0.9 2.7
2020.8603 -65.1622 -8.43815 31.8 1.4 0.9 2.9
2020.8630 -60.8496 -8.77123 27.6 1.3 0.9 2.8
2020.8658 -65.5304 -6.99478 42.7 1.3 0.9 2.8
2020.8685 -61.7437 -8.77123 38.9 1.4 0.9 2.9
2020.8712 -67.003 -8.43815 34.3 1.4 0.9 2.9
2020.8740 -63.7948 -10.6587 31.6 1.3 0.9 2.8
2020.8767 -64.1104 -8.88226 28.2 1.3 0.9 2.8
2020.8795 -66.0563 -8.77123 23 1.3 0.9 2.9
2020.8822 -61.2704 -10.6587 31.7 1.4 0.9 2.8
2020.8849 -64.7415 -10.3256 31.2 1.3 0.9 2.9
2020.8877 -63.3741 -11.5469 28.7 1.3 0.9 2.8
2020.8904 -64.4785 -8.6602 29.8 1.4 1.0 3.1
2020.8932 -62.9533 -9.54843 30.4 1.4 0.9 2.9
2020.8959 -63.5845 -10.9918 34.8 1.5 1.0 2.9
2020.8986 -64.7941 -9.10432 33.5 1.3 0.9 2.9
2020.9014 -63.8474 -10.9918 32.6 1.4 0.9 2.9
2020.9041 -64.8467 -8.32712 36.4 1.3 0.9 2.8
2020.9068 -66.4245 -7.77198 34.4 1.3 0.9 2.8
2020.9096 -65.057 -8.10506 31.8 1.3 0.9 2.8
2020.9123 -63.6896 -9.88152 38.2 1.4 0.9 2.9
2020.9151 -65.057 -10.9918 37.4 1.4 0.9 2.9
2020.9178 -62.9008 -11.1028 38.7 1.3 0.9 2.9
2020.9205 -67.897 -7.99404 41.8 1.4 0.9 2.9
2020.9233 -66.3719 -9.65946 38.1 1.4 0.9 2.9
2020.9260 -63.7948 -9.77049 36.2 1.4 0.9 2.9
2020.9288 -66.4245 -11.3249 22.9 1.3 0.9 2.8
2020.9315 -64.7941 -12.2131 25.7 1.4 0.9 2.8
2020.9342 -62.2696 -9.77049 29.7 1.3 0.9 2.8
2020.9370 -64.2682 -9.32637 31.3 1.3 0.9 2.8
2020.9397 -63.3741 -7.66095 30.4 1.3 0.9 2.8
2020.9425 -62.3222 -9.10432 26.3 1.4 0.9 2.8
2020.9452 -66.6348 -10.6587 23.8 1.3 0.9 2.7
2020.9479 -66.0563 -11.1028 22.7 1.4 0.9 2.8
2020.9507 -65.7408 -10.8808 20.1 1.3 0.9 2.8
2020.9534 -66.6348 -11.1028 28.9 1.3 0.9 2.8
2020.9562 -62.6904 -10.9918 28.5 1.3 0.9 2.8
2020.9589 -63.8474 -12.1021 25.6 1.3 0.9 2.8
2020.9616 -65.583 -11.4359 29.7 1.4 0.9 2.8
2020.9644 -62.6904 -11.658 31.6 1.3 0.9 2.8
2020.9671 -63.7422 -11.5469 33.2 1.3 0.9 2.8
2020.9699 -66.7926 -13.5454 34.1 1.4 0.9 2.9
2020.9726 -63.0585 -12.9903 30.3 1.4 0.9 2.9
2020.9753 -66.8452 -13.9896 22.5 1.4 0.9 2.8
2020.9781 -63.5319 -12.5462 28.3 1.3 0.9 2.9
2020.9808 -70.5267 -7.77198 42.5 1.4 0.9 3.0
2020.9836 -70.3689 -12.1021 33.9 1.4 0.9 3.0
2020.9863 -65.9511 -10.7697 34.1 1.3 0.9 2.9
2020.9890 -65.7408 -13.4344 29.4 1.3 0.9 2.8
2020.9918 -64.2156 -11.658 32.7 1.3 0.9 2.8
2020.9945 -64.4259 -12.6572 28.9 1.3 0.9 2.8
2020.9973 -64.9519 -14.4337 28.5 1.3 0.9 2.9
2021.0000 -70.6845 -11.2139 21.4 1.3 0.9 2.8
2021.0027 -63.9 -13.8785 29.6 1.3 0.9 2.8
2021.0027 -65.057 -15.4329 33 1.3 0.9 2.8
2021.0055 -65.4778 -14.6557 33.7 1.3 0.9 2.8
2021.0082 -67.6341 -13.2124 30.7 1.3 0.9 2.8
2021.0110 -68.4756 -16.5432 34.7 1.3 0.9 2.8
2021.0137 -65.583 -14.2116 36.8 1.3 0.9 2.8
2021.0164 -67.8445 -12.9903 39.7 1.3 0.9 2.8
2021.0192 -65.057 -12.7683 35.8 1.3 0.9 2.8
2021.0219 -66.2141 -13.6565 32.4 1.3 0.9 2.8
2021.0247 -62.7956 -13.3234 29.6 1.3 0.9 2.8
2021.0274 -64.8467 -13.9896 31.6 1.3 0.9 2.8
2021.0301 -69.1067 -14.4337 38.8 1.3 0.9 2.8
2021.0329 -66.1089 -17.2094 29.3 1.3 0.9 2.8
2021.0356 -65.2148 -14.4337 28.7 1.3 0.9 2.8
2021.0384 -67.1608 -12.4352 21.2 1.3 0.9 2.8
2021.0411 -67.4237 -13.8785 29.8 1.3 0.9 2.8
2021.0438 -68.8963 -13.3234 35 1.3 0.9 2.8
2021.0466 -64.4785 -13.8785 27.2 1.3 0.9 2.8
2021.0493 -70.8948 -10.1036 33.9 1.3 0.9 2.8
2021.0521 -70.1585 -14.3226 35.9 1.4 0.9 2.8
2021.0548 -67.0556 -11.4359 21.9 1.4 1.0 3.0
2021.0575 -70.0533 -13.8785 29.1 1.3 0.9 2.8
2021.0603 -67.6867 -13.8785 28.6 1.3 0.9 2.8
2021.0630 -65.32 -12.6572 33.1 1.3 0.9 2.8
2021.0658 -70.3163 -15.544 30.5 1.3 0.9 2.8
2021.0685 -68.3704 -14.4337 27.6 1.3 1.0 2.8
2021.0712 -71.2104 -12.3241 27.8 1.3 0.9 2.8
2021.0740 -69.2645 -13.1013 28.6 1.2 0.9 2.8
2021.0767 -66.4245 -12.4352 25.9 1.2 0.9 2.8
2021.0795 -69.0541 -14.2116 34.2 1.2 0.9 2.8
2021.0822 -67.4237 -13.7675 24.4 1.2 0.9 2.8
2021.0849 -68.4756 -13.6565 23 1.2 0.9 2.8
2021.0877 -68.4756 -12.6572 25.4 1.2 0.9 2.8
2021.0904 -70.0008 -11.88 21.1 1.3 0.9 2.8
2021.0932 -66.477 -13.5454 16.1 1.2 0.9 2.8
2021.0959 -69.7378 -12.8793 16.3 1.3 1.0 2.9
2021.0986 -70.9474 -14.4337 15.1 1.3 0.9 2.8
2021.1014 -70.5793 -13.8785 15.8 1.2 0.9 2.8
2021.1041 -75.9437 -14.2116 27.3 1.3 1.0 2.9
2021.1068 -72.2096 -15.2109 23.7 1.2 0.9 2.8
2021.1096 -70.0533 -15.3219 21.9 1.2 0.9 2.8
2021.1123 -71.4208 -14.9888 23.6 1.2 0.9 2.8
2021.1151 -70.2637 -14.7668 22.1 1.2 0.9 2.8
2021.1178 -73.3141 -16.7653 25.7 1.2 0.9 2.8
2021.1205 -73.5245 -15.2109 28 1.3 0.9 2.8
2021.1233 -72.7882 -15.0998 28.1 1.2 0.9 2.8
2021.1260 -74.6289 -15.3219 37.5 1.2 0.9 2.8
2021.1288 -78.2578 -14.8778 31.1 1.3 1.0 2.8
2021.1315 -73.0511 -14.4337 37.9 1.2 0.9 2.8
2021.1342 -70.4215 -13.8785 33.2 1.3 0.9 2.9
2021.1370 -71.9467 -13.4344 31.2 1.3 1.0 2.9
2021.1397 -71.8941 -13.7675 28.3 1.3 1.0 2.9
2021.1425 -74.1556 -12.9903 28.1 1.3 1.0 2.8
2021.1452 -73.84 -14.5447 30.8 1.2 0.9 2.8
2021.1479 -73.9452 -13.7675 20 1.2 0.9 2.8
2021.1507 -71.0526 -14.7668 26.5 1.3 0.9 2.7
2021.1534 -74.0504 -14.7668 20.7 1.3 1.0 2.8
2021.1562 -66.477 -13.5454 22.2 1.3 1.0 2.8
2021.1589 -70.3689 -13.1013 31.2 1.3 1.0 2.8
2021.1616 -69.3696 -10.4367 25.2 1.3 0.9 2.8
2021.1644 -71.3156 -12.3241 22.2 1.4 1.0 2.9
2021.1671 -75.1548 -12.1021 24.3 1.3 0.9 2.8
2021.1699 -72.8408 -12.6572 27.2 1.3 0.9 2.8
2021.1726 -70.737 -14.5447 20.6 1.2 0.9 2.8
2021.1753 -75.3126 -12.4352 29.7 1.3 0.9 2.8
2021.1781 -74.5763 -13.6565 32.2 1.3 0.9 2.9
2021.1808 -74.8393 -10.9918 20.6 1.4 0.9 2.9
2021.1836 -71.8415 -12.3241 21.3 1.4 1.0 3.1
2021.1863 -70.3689 -15.766 22.9 1.3 0.9 2.8
2021.1890 -70.7896 -12.1021 27.5 1.3 0.9 2.8
2021.1918 -71 -13.6565 30.4 1.3 0.9 2.8
2021.1945 -69.1593 -12.2131 19.7 1.3 0.9 2.8
2021.1973 -71.9467 -12.4352 27.7 1.3 0.9 2.8
2021.2000 -74.6815 -14.1006 23.3 1.4 1.0 2.9
2021.2027 -69.4748 -14.2116 25.5 1.3 0.9 2.8
2021.2055 -71.8941 -14.1006 23.8 1.3 0.9 2.8
2021.2082 -72.5252 -13.9896 27.2 1.3 0.9 2.7
2021.2110 -70.737 -14.3226 31.6 1.3 0.9 2.8
2021.2137 -68.3704 -16.8763 18.2 1.3 0.9 2.9
2021.2164 -68.423 -14.2116 21.2 1.4 1.1 2.9
2021.2192 -67.7919 -13.2124 23.4 1.3 0.9 2.8
2021.2219 -70.4215 -12.7683 22.8 1.3 0.9 2.7
2021.2247 -69.7378 -13.3234 22.3 1.3 0.9 2.8
2021.2274 -69.8956 -13.8785 25.6 1.3 0.9 2.8
2021.2301 -68.4756 -13.9896 20.2 1.3 0.9 2.8
2021.2329 -67.2133 -13.5454 14.8 1.3 0.9 2.8
2021.2356 -65.8459 -13.4344 20.3 1.3 0.9 2.8
2021.2384 -69.4222 -13.2124 23.6 1.3 0.9 2.9
2021.2411 -68.2126 -14.5447 18.3 1.3 0.9 2.8
2021.2438 -69.0015 -14.8778 19.6 1.3 0.9 2.8
2021.2466 -70.5267 -14.8778 24.2 1.3 0.9 2.8
2021.2493 -68.6859 -11.769 17.6 1.4 0.9 2.9
2021.2521 -68.8963 -12.7683 17.7 1.3 0.9 2.8
2021.2548 -68.423 -12.8793 24.5 1.3 0.9 2.9
2021.2575 -69.7378 -11.9911 22.3 1.4 0.9 2.9
2021.2603 -68.7911 -14.1006 21 1.3 0.9 2.8
2021.2630 -68.16 -13.8785 20.2 1.3 0.9 2.8
2021.2658 -69.2645 -13.6565 18.9 1.5 0.9 2.9
2021.2685 -68.7385 -14.2116 27.7 1.3 1.0 2.9
2021.2712 -70.0008 -14.2116 21.8 1.3 0.9 2.9
2021.2740 -69.58 -13.7675 18.1 1.3 0.9 2.8
2021.2767 -65.3726 -13.7675 12.5 1.3 0.9 2.7
2021.2795 -66.5296 -12.9903 18.8 1.4 1.0 2.9
2021.2822 -70.7896 -15.2109 35 1.4 1.0 3.0
2021.2849 -69.1593 -14.8778 28.3 1.4 1.0 3.0
2021.2877 -69.7904 -10.6587 34.3 1.4 1.0 3.0
2021.2904 -72.5252 -11.88 32.2 1.4 1.0 3.0
2021.2932 -70.4215 -13.2124 18.4 1.6 1.1 3.2
2021.2959 -71.9993 -12.8793 22.7 1.5 1.0 3.1
2021.2986 -68.5808 -11.2139 23.1 1.6 1.1 3.2
2021.3014 -71.4208 -8.6602 32.9 1.4 1.0 3.1
2021.3041 -73.2089 -8.88226 17.8 1.4 1.0 3.0
2021.3068 -69.4748 -9.88152 20.6 1.4 1.0 3.1
2021.3096 -70.6845 -9.65946 21.2 1.4 1.0 3.1
2021.3123 -69.2119 -10.9918 24.5 1.4 0.9 3.0
2021.3151 -73.84 -10.8808 21.8 1.5 0.9 3.0
2021.3178 -73.577 -12.3241 24.3 1.4 0.9 2.9
2021.3205 -74.997 -13.6565 29.7 1.4 0.9 3.1
2021.3233 -71.3682 -12.3241 29.3 1.4 0.9 3.1
2021.3260 -71.5785 -11.2139 28.7 1.4 0.9 2.9
2021.3288 -70.4741 -11.5469 27.6 1.4 0.9 2.9
2021.3315 -71.9467 -13.3234 22 1.4 0.9 2.9
2021.3342 -72.4726 -11.658 17.3 1.4 0.9 2.9
2021.3370 -71.7363 -12.1021 26.3 1.3 0.9 2.9
2021.3397 -72.4726 -11.769 25.7 1.3 0.9 2.9
2021.3425 -71.7363 -11.4359 21.4 1.3 0.9 2.9
2021.3452 -71 -9.65946 21.2 1.4 0.9 2.9
2021.3479 -72.8933 -11.88 23.8 1.4 0.9 2.9
2021.3507 -75.1022 -12.1021 25.6 1.4 0.9 3.0
2021.3534 -71.9993 -11.658 25.5 1.4 0.9 3.0
2021.3562 -70.4215 -10.9918 17.4 1.4 0.9 3.0
2021.3589 -71.8415 -13.3234 30.2 1.3 0.9 2.9
2021.3616 -72.42 -12.7683 20.7 1.6 1.0 3.2
2021.3644 -76.7326 -13.9896 18.7 1.3 0.9 2.9
2021.3671 -74.3659 -11.2139 22.1 1.4 0.9 3.0
2021.3699 -71 -10.3256 24.5 1.4 0.9 3.0
2021.3726 -73.2615 -13.1013 24.8 1.4 0.9 2.9
2021.3753 -70.8948 -10.8808 24.6 1.3 0.9 3.0
2021.3781 -71.6311 -12.8793 28.2 1.4 0.9 3.0
2021.3808 -71.1052 -8.43815 25.3 1.4 1.0 3.0
2021.3836 -69.7904 -10.3256 18 1.7 1.1 3.4
2021.3863 -69.2645 -10.9918 16.4 1.4 1.0 3.2
2021.3890 -71.7363 -14.3226 27.5 1.3 1.0 3.1
2021.3918 -70.1059 -13.8785 28.9 1.3 0.9 3.0
2021.3945 -72.683 -9.4374 18.6 1.4 0.9 3.0
2021.3973 -74.5763 -8.10506 20.5 1.4 0.9 3.0
2021.4000 -73.4719 -11.1028 18.4 1.4 0.9 3.1
2021.4027 -69.5274 -13.7675 32.2 1.4 1.0 3.1
2021.4055 -69.1067 -11.9911 32.5 1.4 0.9 3.1
2021.4082 -69.6326 -9.54843 21.4 1.3 0.9 3.0
2021.4110 -69.7378 -10.6587 28.1 1.3 0.9 3.0
2021.4137 -71 -12.6572 16.4 1.4 0.9 3.0
2021.4164 -66.9504 -9.65946 28.6 1.4 0.9 3.0
2021.4192 -69.58 -10.1036 22.6 1.4 0.9 3.0
2021.4219 -70.7896 -9.99254 28.6 1.3 0.9 3.0
2021.4247 -73.84 -12.5462 27.6 1.4 0.9 3.0
2021.4274 -74.103 -11.88 29.6 1.3 0.9 3.0
2021.4301 -73.2615 -11.658 14.2 1.3 0.9 3.0
2021.4329 -71.4208 -11.1028 18.9 1.3 0.9 3.1
2021.4356 -72.3148 -10.7697 21.9 1.3 0.9 3.1
2021.4384 -74.4185 -12.9903 29.2 1.3 0.9 3.0
2021.4411 -73.6296 -9.21535 26.1 1.4 1.0 3.0
2021.4438 -71 -10.3256 19 1.5 1.0 3.2
2021.4466 -69.8956 -12.5462 26.8 1.4 1.0 3.1
2021.4493 -70.9474 -10.7697 26.3 1.3 1.0 3.1
2021.4521 -72.6304 -9.4374 15.3 1.3 0.9 3.1
2021.4548 -75.2074 -14.6557 29.2 1.4 1.0 3.1
2021.4575 -70.3689 -9.10432 19.2 1.3 0.9 3.1
2021.4603 -73.5245 -11.1028 28.2 1.3 0.9 3.0
2021.4630 -74.2608 -12.6572 23.2 1.3 0.9 3.1
2021.4658 -72.6304 -12.3241 25.8 1.3 0.9 3.0
2021.4685 -70.9474 -15.0998 22.7 1.3 0.9 3.0
2021.4712 -77.837 -15.655 28.3 1.4 0.9 3.1
2021.4740 -71.4208 -10.7697 19.9 1.4 1.0 3.1
2021.4767 -72.42 -9.21535 27.4 1.4 1.0 3.2
2021.4795 -66.1089 -9.10432 28.2 1.4 1.0 3.1
2021.4822 -76.943 -15.766 31.4 1.4 1.0 3.1
2021.4849 -70.3689 -14.4337 34.7 1.4 1.0 3.2
2021.4877 -68.2126 -10.7697 21.3 1.4 1.0 3.1
2021.4904 -69.5274 -14.5447 26.9 1.4 1.0 3.1
2021.4932 -68.8437 -10.5477 22.5 1.4 1.0 3.1
2021.4959 -72.9985 -12.8793 26.7 1.4 1.0 3.1
2021.4986 -74.103 -13.9896 29.4 1.4 1.0 3.2
2021.5014 -74.2082 -12.4352 23.8 1.4 1.0 3.2
2021.5041 -68.8963 -8.32712 32.8 1.4 1.0 3.1
2021.5068 -71.8415 -6.32861 16.2 1.4 1.0 3.1
2021.5096 -70.737 -10.7697 32.3 1.4 1.0 3.1
2021.5123 -80.4141 -14.2116 53.6 1.4 1.0 3.1
2021.5151 -70.8948 -11.769 38.3 1.4 1.0 3.1
2021.5178 -74.3659 -13.2124 30.1 1.4 1.0 3.1
2021.5205 -74.3133 -10.4367 34.6 1.4 1.0 3.2
2021.5233 -71.0526 -8.77123 33.6 1.4 1.0 3.1
2021.5260 -68.3704 -13.3234 34 1.4 1.0 3.1
2021.5288 -69.8956 -12.6572 33.1 1.4 1.0 3.2
2021.5315 -72.8408 -12.4352 26.9 1.4 1.0 3.2
2021.5342 -72.42 -10.6587 30.4 1.4 1.0 3.2
2021.5370 -73.6822 -8.99329 27.8 1.4 1.0 3.3
2021.5397 -77.2059 -7.54992 31.1 1.6 1.1 3.4
2021.5425 -77.5215 -11.1028 37.3 1.4 1.0 3.3
2021.5452 -71.3156 -13.9896 47.1 1.4 1.0 3.3
2021.5479 -74.103 -11.769 31.2 1.4 1.0 3.2
2021.5507 -70.6319 -9.4374 30 1.4 1.0 3.1
2021.5534 -72.7356 -9.65946 35.4 1.4 1.0 3.1
2021.5562 -70.6845 -16.0991 36.2 1.6 1.1 3.4
2021.5589 -73.1563 -12.6572 29.3 1.4 1.0 3.2
2021.5616 -78.4682 -10.8808 27.2 1.4 1.0 3.2
2021.5644 -73.4193 -9.77049 38.2 1.4 1.0 3.2
2021.5671 -74.6289 -10.5477 34.2 1.4 1.0 3.1
2021.5699 -68.3178 -8.99329 26 1.4 1.0 3.1
2021.5726 -76.417 -12.4352 26.3 1.4 1.0 3.2
2021.5753 -77.6793 -11.5469 33 1.4 1.0 3.2
2021.5781 -76.7326 -10.9918 44.8 1.4 1.0 3.2
2021.5808 -69.7904 -11.9911 34.4 1.4 1.0 3.2
2021.5836 -69.1593 -9.4374 32.5 1.4 1.0 3.1
2021.5863 -76.4696 -12.3241 36.5 1.4 1.0 3.1
2021.5890 -77.3111 -10.8808 29.4 1.4 1.0 3.1
2021.5918 -77.5741 -11.1028 29.2 1.4 1.0 3.1
2021.5945 -68.8437 -10.1036 30.2 1.4 1.0 3.1
2021.5973 -72.9985 -10.3256 42 1.4 1.0 3.2
2021.6000 -71.9467 -10.7697 36 1.4 1.0 3.2
2021.6027 -74.8919 -9.10432 38.2 1.4 1.0 3.1
2021.6055 -74.1556 -8.6602 36 1.4 1.0 3.1
2021.6082 -74.8393 -10.4367 37.5 1.3 1.0 3.1
2021.6110 -74.3659 -10.4367 27.5 1.4 1.0 3.1
2021.6137 -67.8445 -8.10506 39.7 1.4 1.0 3.1
2021.6164 -75.523 -12.6572 43.6 1.4 1.0 3.1
2021.6192 -75.4704 -12.1021 35.5 1.4 1.0 3.1
2021.6219 -76.2593 -13.2124 30.3 1.4 1.0 3.1
2021.6247 -71.7363 -7.54992 33.2 1.4 1.0 3.1
2021.6274 -72.1045 -7.43889 37.4 1.4 1.0 3.1
2021.6301 -72.6304 -9.88152 39.6 1.4 1.0 3.1
2021.6329 -76.417 -13.7675 31 1.4 1.0 3.1
2021.6356 -72.7356 -8.88226 29.2 1.4 1.0 3.1
2021.6384 -78.9941 -11.769 26.8 1.5 1.1 3.3
2021.6411 -75.0496 -10.2146 34.7 1.4 1.0 3.1
2021.6438 -74.3133 -8.21609 37 1.4 1.0 3.2
2021.6466 -75.1022 -12.1021 35.8 1.4 1.0 3.2
2021.6493 -73.0511 -10.3256 36.6 1.4 1.0 3.1
2021.6521 -73.8926 -8.77123 36.5 1.4 1.0 3.2
2021.6548 -72.7882 -4.55216 35.7 1.5 1.1 3.2
2021.6575 -77.7319 -10.6587 37.2 1.5 1.0 3.1
2021.6603 -74.6289 -9.21535 33.9 1.4 1.0 3.1
2021.6630 -72.7882 -11.658 38.7 1.4 1.0 3.1
2021.6658 -77.1533 -6.99478 38.5 1.4 1.0 3.2
2021.6685 -79.8882 -13.4344 39.3 1.4 1.0 3.2
2021.6712 -71.7889 -5.55141 39.5 1.5 1.0 3.2
2021.6740 -72.9985 -7.99404 35.5 1.6 1.0 3.4
2021.6767 -72.5778 -12.8793 37.1 1.7 1.0 3.4
2021.6795 -75.5756 -12.5462 37 1.5 1.0 3.2
2021.6822 -75.3126 -10.1036 41.7 1.5 1.0 3.1
2021.6849 -77.3637 -8.6602 41.8 1.5 1.0 3.2
2021.6877 -74.5237 -10.8808 40.3 1.5 1.0 3.2
2021.6904 -76.5222 -14.2116 41.7 1.5 1.0 3.1
2021.6932 -76.3645 -12.9903 45.3 1.4 1.0 3.1
2021.6959 -77.5215 -13.8785 41 1.4 1.0 3.1
2021.6986 -77.7845 -11.3249 47.1 1.4 1.0 3.1
2021.7014 -76.8378 -8.6602 43.7 1.4 1.0 3.1
2021.7041 -75.6808 -11.3249 40.5 1.5 1.0 3.1
2021.7068 -74.6289 -11.769 45.1 1.4 1.0 3.1
2021.7096 -77.4163 -9.77049 48.4 1.5 1.0 3.1
2021.7123 -74.7341 -10.9918 43 1.5 1.0 3.2
2021.7151 -74.1556 -10.5477 46 1.4 1.0 3.1
2021.7178 -73.6822 -11.4359 40.7 1.4 1.0 3.1
2021.7205 -71.9993 -10.7697 46 1.4 0.9 3.1
2021.7233 -71.3156 -13.6565 42.9 1.5 1.0 3.1
2021.7260 -74.5763 -14.1006 39.9 1.4 1.0 3.0
2021.7288 -77.4689 -11.769 37.9 1.4 1.0 3.1
2021.7315 -75.6282 -9.99254 41.4 1.5 1.0 3.2
2021.7342 -75.9437 -10.3256 42.2 1.4 1.0 3.1
2021.7370 -74.8393 -10.7697 35.7 1.3 1.0 3.0
2021.7397 -74.9445 -14.2116 39.4 1.4 1.0 3.0
2021.7425 -76.2593 -11.3249 46.2 1.3 0.9 3.0
2021.7452 -78.4682 -10.7697 47 1.4 1.0 3.0
2021.7479 -75.4178 -14.7668 40.4 1.4 1.0 3.1
2021.7507 -78.1 -9.77049 43.8 1.4 1.0 3.1
2021.7534 -77.6793 -9.88152 46.8 1.5 1.0 3.1
2021.7562 -77.3637 -11.2139 37.5 1.4 0.9 3.1
2021.7589 -76.5222 -10.8808 38.4 1.4 0.9 3.0
2021.7616 -76.417 -11.2139 42.4 1.4 1.0 3.1
2021.7644 -77.9948 -10.9918 35.9 1.4 1.0 3.1
2021.7671 -77.5215 -11.769 40.9 1.4 1.0 3.1
2021.7699 -78.9415 -12.7683 38.8 1.4 1.0 3.1
2021.7726 -81.7815 -11.88 43.8 1.4 0.9 3.0
2021.7753 -78.8889 -11.9911 39.2 1.4 0.9 3.1
2021.7781 -82.6756 -10.9918 42 1.4 1.0 3.1
2021.7808 -78.1526 -10.7697 38.1 2.0 1.2 3.8
2021.7836 -78.5733 -13.4344 47.9 1.4 0.9 3.1
2021.7863 -75.8385 -9.65946 37.8 1.4 0.9 3.0
2021.7890 -81.6237 -11.1028 42.4 1.4 0.9 3.0
2021.7918 -80.0985 -11.88 38.8 1.3 0.9 3.0
2021.7945 -80.4141 -12.5462 39.5 1.4 1.0 3.0
2021.7973 -79.9933 -12.7683 44.6 1.3 0.9 3.0
2021.8000 -80.6245 -12.4352 44.6 1.3 0.9 3.0
2021.8027 -82.1496 -13.1013 39.4 1.4 1.0 3.0
2021.8055 -79.6252 -10.2146 40.8 1.4 1.0 3.1
2021.8082 -82.1496 -10.8808 48.4 1.4 1.0 3.0
2021.8110 -80.7296 -11.658 47.8 1.4 1.0 3.0
2021.8137 -81.2556 -13.1013 42.6 1.4 1.0 3.1
2021.8164 -77.837 -14.2116 40.5 1.4 1.0 3.0
2021.8192 -80.94 -12.7683 42.2 1.4 0.9 2.9
2021.8219 -79.4674 -10.7697 39.1 1.4 0.9 3.1
2021.8247 -80.677 -12.9903 40.1 1.4 1.0 3.1
2021.8274 -82.0445 -10.9918 46.3 1.4 1.0 3.1
2021.8301 -82.623 -9.99254 54.5 1.5 1.0 3.2
2021.8329 -88.1978 -7.99404 39.4 1.5 1.0 3.2
2021.8356 -84.043 -10.8808 42.4 1.5 1.0 3.2
2021.8384 -83.2015 -12.4352 49.1 1.5 1.0 3.2
2021.8411 -80.8348 -12.4352 37.8 1.5 1.0 3.2
2021.8438 -75.7333 -12.2131 41.6 2.0 1.3 3.9
2021.8466 -78.5208 -12.1021 36.6 1.4 1.0 3.1
2021.8493 -77.9422 -12.1021 38.6 1.5 1.0 3.1
2021.8521 -81.3608 -11.658 34.4 1.4 0.9 3.1
2021.8548 -78.6785 -12.6572 35.1 1.4 1.0 3.1
2021.8575 -78.5733 -11.9911 37.1 1.4 0.9 3.0
2021.8603 -81.6763 -13.5454 40.8 1.4 0.9 3.0
2021.8630 -83.2541 -11.88 33.4 1.4 0.9 3.0
2021.8658 -84.8845 -11.2139 42 1.4 1.0 3.0
2021.8685 -75.7859 -10.2146 30.2 1.5 1.0 3.1
2021.8712 -78.6785 -12.2131 33.5 1.5 1.0 3.1
2021.8740 -77.6267 -11.88 36.3 1.4 1.0 3.2
2021.8767 -77.5215 -13.9896 37.5 1.4 1.0 3.1
2021.8795 -81.7815 -10.7697 35.8 1.4 0.9 3.0
2021.8822 -79.1519 -10.6587 34.7 1.4 0.9 3.0
2021.8849 -79.783 -12.1021 36.8 1.4 0.9 2.9
2021.8877 -76.5748 -12.8793 32.6 1.4 1.0 3.0
2021.8904 -79.2045 -12.8793 33.3 1.4 1.0 3.0
2021.8932 -76.3119 -12.3241 33.6 1.4 1.0 3.0
2021.8959 -77.4163 -10.1036 33 1.4 1.0 3.0
2021.8986 -77.1533 -12.5462 36.9 1.4 1.0 2.9
2021.9014 -78.6785 -12.4352 39.2 1.4 1.0 3.0
2021.9041 -78.5733 -13.5454 39.5 1.4 1.0 3.0
2021.9068 -78.2052 -13.1013 36 1.4 1.0 3.0
2021.9096 -77.7319 -13.6565 41.4 1.4 1.0 3.0
2021.9123 -78.6785 -12.1021 41 1.4 1.0 3.0
2021.9151 -78.2578 -12.8793 43.5 1.4 1.0 3.0
2021.9178 -78.6259 -14.1006 45.5 1.5 1.0 3.0
2021.9205 -79.9408 -14.4337 36.4 1.4 1.0 3.0
2021.9233 -81.3082 -12.7683 38.2 1.5 1.0 3.2
2021.9260 -80.94 -11.769 38.2 1.4 1.0 3.0
2021.9288 -76.5222 -14.2116 36.7 1.4 1.0 3.0
2021.9315 -77.2585 -14.6557 53.4 1.4 1.0 3.1
2021.9342 -81.9919 -14.1006 45.6 1.5 1.0 3.2
2021.9370 -82.5178 -12.7683 42.1 1.5 1.0 3.1
2021.9397 -81.2556 -12.7683 39.9 1.4 1.0 3.1
2021.9425 -82.8333 -12.3241 50.3 1.4 1.0 3.2
2021.9452 -79.8882 -13.2124 42 1.4 1.0 3.0
2021.9479 -80.2037 -12.5462 42.6 1.4 1.0 3.0
2021.9507 -81.203 -12.5462 36.6 1.4 1.0 3.1
2021.9534 -79.9933 -10.6587 41.6 1.4 1.0 3.1
2021.9562 -79.9408 -10.8808 35.1 1.4 1.0 3.2
2021.9589 -82.097 -12.4352 37.9 1.4 1.0 3.1
2021.9616 -81.9393 -15.655 44.2 1.4 1.0 3.1
2021.9644 -76.5748 -14.3226 39.3 1.4 1.0 3.1
2021.9671 -80.94 -13.1013 29.9 1.4 1.0 3.2
2021.9699 -78.2578 -15.9881 38 1.4 1.0 3.2
2021.9726 -81.4659 -16.4322 34.4 1.4 1.0 3.1
2021.9753 -81.0452 -15.655 29.5 1.4 1.0 3.1
2021.9781 -86.0415 -16.4322 34 1.4 1.0 3.1
2021.9808 -83.9904 -14.2116 27.2 1.4 1.0 3.1
2021.9836 -81.5185 -14.8778 24 1.4 1.0 3.1
2021.9863 -80.3615 -14.6557 21 1.3 1.0 3.1
2021.9890 -79.3096 -14.1006 13.8 1.4 1.0 3.1
2021.9918 -82.5178 -14.3226 23 1.4 1.0 3.1
2021.9945 -82.5704 -14.3226 25.7 1.4 1.0 3.1
2021.9973 -80.3615 -13.6565 16.9 1.4 0.9 3.1
2022.0000 -83.9904 -14.8778 16.8 1.3 0.9 3.0
2022.0027 -82.5178 -15.4329 20.4 1.3 0.9 3.0
2022.0055 -80.4667 -15.655 20.2 1.3 0.9 3.0
2022.0082 -82.097 -16.2101 27 1.3 0.9 3.0
2022.0110 -80.677 -15.655 20.5 1.3 0.9 3.0
2022.0137 -83.7274 -14.5447 26.6 1.3 0.9 3.1
2022.0164 -79.1519 -13.5454 27.3 1.3 0.9 3.0
2022.0192 -83.8852 -16.6542 31.7 1.3 0.9 3.0
2022.0219 -83.6748 -16.0991 31.6 1.3 1.0 3.0
2022.0247 -83.6748 -14.8778 34.7 1.4 1.0 3.3
2022.0274 -84.1482 -17.6535 35.7 1.3 0.9 3.1
2022.0301 -84.3585 -16.9873 27 1.3 0.9 3.0
2022.0329 -84.6215 -15.4329 21.9 1.3 1.0 3.0
2022.0356 -82.5704 -16.2101 24.8 1.3 1.0 3.0
2022.0384 -85.0948 -10.3256 30.7 1.4 1.0 3.1
2022.0411 -81.6763 -17.9866 21.9 1.3 1.0 3.1
2022.0438 -81.8341 -18.2086 23.6 1.3 0.9 3.0
2022.0466 -85.6208 -17.8756 17.8 1.3 0.9 3.0
2022.0493 -85.5156 -15.9881 17.5 1.3 1.0 3.0
2022.0521 -86.5148 -17.6535 25.6 1.4 1.0 3.1
2022.0548 -86.3045 -15.9881 12 1.3 1.0 3.1
2022.0575 -82.0445 -13.3234 6.6 1.3 1.0 3.1
2022.0603 -79.3096 -13.6565 33.2 1.4 1.0 3.1
2022.0630 -84.1482 -12.9903 33.2 1.3 1.0 3.1
2022.0658 -89.0393 -10.5477 43.2 1.4 1.0 3.1
2022.0685 -91.7215 -14.7668 49.3 1.4 1.0 3.2
2022.0712 -86.5674 -13.6565 30.9 1.3 1.0 3.1
2022.0740 -85.463 -15.655 29.4 1.3 0.9 3.0
2022.0767 -84.5689 -13.4344 29.2 1.3 0.9 3.0
2022.0795 -83.517 -12.5462 27.1 1.3 1.0 3.0
2022.0822 -87.8822 -13.6565 30.5 1.3 0.9 3.0
2022.0849 -85.9889 -15.0998 20.3 1.3 0.9 3.0
2022.0877 -86.883 -14.9888 25.6 1.3 0.9 2.9
2022.0904 -86.4096 -14.4337 28.1 1.3 0.9 2.9
2022.0932 -87.2511 -13.3234 21.9 1.4 1.1 3.1
2022.0959 -79.1519 -11.3249 28 1.6 1.2 3.4
2022.0986 -83.3067 -11.1028 28.2 1.3 0.9 3.0
2022.1014 -85.463 -13.5454 45.4 1.3 1.0 3.1
2022.1041 -83.6748 -8.99329 42.8 1.4 1.0 3.1
2022.1068 -81.6763 -10.6587 46.9 1.3 1.0 3.1
2022.1096 -84.9896 -10.3256 44.4 1.4 1.0 3.1
2022.1123 -83.9378 -13.3234 33.6 1.5 1.0 3.1
2022.1151 -87.0408 -12.2131 37.3 1.3 0.9 3.0
2022.1178 -84.9896 -11.2139 39.1 1.3 0.9 3.0
2022.1205 -85.7259 -11.88 42.4 1.3 0.9 3.0
2022.1233 -86.1993 -10.1036 35.6 1.3 0.9 3.0
2022.1260 -82.4126 -9.65946 33.3 1.3 0.9 3.0
2022.1288 -84.937 -8.10506 31.9 1.4 0.9 3.0
2022.1315 -87.8296 -10.6587 37.6 1.4 1.0 3.1
2022.1342 -79.6778 -10.6587 44.9 1.4 0.9 3.1
2022.1370 -85.2526 -10.3256 36.3 1.4 0.9 3.1
2022.1397 -85.3578 -9.4374 30.7 1.3 0.9 3.0
2022.1425 -87.8822 -11.88 31.4 1.3 0.9 3.0
2022.1452 -87.5667 -10.5477 37.9 1.4 1.0 3.1
2022.1479 -88.4082 -7.99404 32.4 1.4 0.9 3.1
2022.1507 -86.62 -13.1013 35 1.6 1.0 3.4
2022.1534 -84.4637 -12.7683 33.6 1.5 1.0 3.3
2022.1562 -86.5148 -12.7683 37.5 1.4 0.9 3.1
2022.1589 -84.3585 -12.5462 28.7 1.5 1.0 3.1
2022.1616 -88.4608 -10.3256 31.3 1.4 0.9 3.1
2022.1644 -81.9393 -10.3256 22.7 1.4 0.9 3.0
2022.1671 -85.2526 -12.7683 29.1 1.4 0.9 3.0
2022.1699 -82.0445 -14.1006 29.7 1.4 0.9 3.0
2022.1726 -85.7785 -13.1013 31.3 1.4 0.9 3.1
2022.1753 -90.6171 -11.5469 26.1 1.7 1.0 3.3
2022.1781 -87.9348 -10.9918 33.6 1.4 0.9 3.1
2022.1808 -82.9385 -11.4359 19.4 1.4 0.9 3.0
2022.1836 -82.6756 -11.9911 16.7 1.3 0.9 3.0
2022.1863 -86.0941 -13.2124 29.6 1.4 0.9 3.0
2022.1890 -83.9904 -12.5462 30.7 1.5 1.0 3.1
2022.1918 -86.62 -10.9918 30.4 1.5 1.0 3.2
2022.1945 -87.6193 -11.5469 28.6 1.4 0.9 3.0
2022.1973 -83.3067 -10.4367 31.3 1.7 1.0 3.1
2022.2000 -85.9363 -12.8793 30 1.3 0.9 3.0
2022.2027 -87.4615 -13.9896 32.4 1.3 0.9 3.0
2022.2055 -85.0422 -11.658 33.9 1.4 0.9 3.0
2022.2082 -82.2548 -9.21535 21.2 1.5 0.9 3.2
2022.2110 -80.9926 -11.1028 26.5 1.4 1.0 3.2
2022.2137 -83.6222 -13.6565 28 1.4 0.9 3.1
2022.2164 -85.7259 -13.8785 27.5 1.4 1.0 3.1
2022.2192 -84.8845 -13.6565 29.3 1.4 0.9 3.0
2022.2219 -83.2015 -10.8808 29.3 1.4 0.9 3.0
2022.2247 -83.0437 -13.3234 26.4 1.4 1.0 3.1
2022.2274 -82.1496 -12.1021 30 1.4 1.0 3.1
2022.2301 -83.6222 -15.655 31.2 1.4 1.0 3.1
2022.2329 -81.5185 -14.8778 30.8 1.4 1.0 3.1
2022.2356 -84.2533 -12.6572 28.8 1.5 1.0 3.1
2022.2384 -85.0948 -10.7697 27.5 1.4 0.9 3.1
2022.2411 -84.2533 -13.6565 31.2 1.4 1.0 3.1
2022.2438 -84.5689 -14.4337 28.6 1.4 1.0 3.1
2022.2466 -86.6726 -14.2116 23.7 1.5 1.0 3.2
2022.2493 -84.5689 -14.3226 25.6 1.6 1.0 3.2
2022.2521 -87.9874 -13.2124 29.7 1.5 1.0 3.1
2022.2548 -88.2504 -14.4337 27.4 1.4 0.9 3.0
2022.2575 -89.3548 -15.2109 38.1 1.4 1.0 3.1
2022.2603 -92.2474 -15.4329 33 1.4 0.9 3.0
2022.2630 -85.3578 -15.544 24.3 1.4 1.0 3.1
2022.2658 -86.5674 -12.6572 26.8 1.5 1.0 3.1
2022.2685 -87.3563 -15.766 20.4 1.4 1.0 3.2
2022.2712 -91.1956 -11.769 23.6 1.7 1.0 3.4
2022.2740 -90.9326 -14.3226 23.4 1.6 1.1 3.4
2022.2767 -84.043 -13.3234 19.7 1.4 1.0 3.1
2022.2795 -87.0408 -13.7675 19 1.4 0.9 3.1
2022.2822 -86.1467 -12.1021 18.2 1.4 0.9 3.1
2022.2849 -91.7741 -13.6565 23.1 2.2 1.2 3.7
2022.2877 -86.1993 -12.7683 26.6 1.5 1.0 3.2
2022.2904 -90.0385 -14.7668 30.4 1.5 1.0 3.1
2022.2932 -89.9859 -13.3234 30 1.4 0.9 3.1
2022.2959 -85.7785 -14.9888 28.7 1.4 0.9 3.0
2022.2986 -88.6185 -13.2124 27.3 1.4 0.9 3.0
2022.3014 -86.8304 -13.3234 29.9 1.4 0.9 3.1
2022.3041 -92.5104 -14.7668 35.8 1.6 1.0 3.2
2022.3068 -89.4074 -15.544 31.4 1.5 1.0 3.2
2022.3096 -87.6193 -14.5447 35.8 1.6 1.0 3.1
2022.3123 -85.463 -12.7683 34.2 1.4 0.9 3.1
2022.3151 -84.3585 -12.7683 33.5 1.4 0.9 3.1
2022.3178 -86.4622 -12.6572 34 1.4 0.9 3.1
2022.3205 -86.883 -10.9918 35 1.6 1.1 3.3
2022.3233 -88.9867 -10.8808 35.9 1.5 1.0 3.2
2022.3260 -91.5111 -10.9918 35.4 1.5 1.0 3.1
2022.3288 -85.3578 -10.8808 33.8 1.5 1.0 3.2
2022.3315 -87.2511 -12.1021 36.7 1.4 0.9 3.1
2022.3342 -87.3037 -11.2139 40.6 1.5 1.0 3.1
2022.3370 -87.9874 -12.3241 35.9 1.5 1.0 3.2
2022.3397 -89.1971 -13.2124 36.4 1.5 1.0 3.2
2022.3425 -88.4608 -11.9911 28.9 1.4 0.9 3.1
2022.3452 -88.6185 -10.4367 35.1 1.4 0.9 3.1
2022.3479 -88.7763 -11.769 31.7 1.4 0.9 3.1
2022.3507 -86.883 -11.3249 34 1.4 0.9 3.1
2022.3534 -88.5133 -10.4367 31.6 1.4 1.0 3.1
2022.3562 -87.4615 -10.7697 32.4 1.4 0.9 3.1
2022.3589 -87.2511 -9.99254 34.4 1.4 0.9 3.1
2022.3616 -87.4089 -10.5477 33.1 1.4 1.0 3.1
2022.3644 -88.6185 -13.3234 33.5 1.4 0.9 3.0
2022.3671 -90.9326 -11.3249 38.5 1.4 0.9 3.0
2022.3699 -88.5659 -11.4359 27.8 1.4 0.9 3.1
2022.3726 -86.9356 -12.2131 27.7 1.4 0.9 3.1
2022.3753 -88.9341 -11.769 37.5 1.4 0.9 3.1
2022.3781 -90.1437 -15.544 39.2 1.4 0.9 3.1
2022.3808 -91.6163 -12.2131 24.1 1.4 0.9 3.1
2022.3836 -91.143 -11.9911 24.9 1.4 0.9 3.1
2022.3863 -88.6711 -11.88 34 1.4 0.9 3.1
2022.3890 -87.4615 -11.769 30.1 1.4 0.9 3.1
2022.3918 -89.3548 -13.2124 41.3 1.4 0.9 3.1
2022.3945 -85.3578 -13.1013 33.3 1.4 0.9 3.1
2022.3973 -90.5119 -13.1013 29.6 1.4 0.9 3.1
2022.4000 -87.777 -12.5462 34.1 1.4 0.9 3.3
2022.4027 -88.5133 -14.1006 39.5 1.5 1.0 3.3
2022.4055 -87.1459 -12.1021 31.8 1.5 1.0 3.2
2022.4082 -91.7741 -13.5454 29.6 1.5 1.0 3.1
2022.4110 -87.5667 -13.4344 31.6 1.4 1.0 3.1
2022.4137 -87.9348 -11.4359 33.1 1.4 1.0 3.2
2022.4164 -88.8815 -14.4337 31.3 1.4 0.9 3.1
2022.4192 -85.2 -13.1013 32.8 1.4 1.0 3.2
2022.4219 -85.2526 -12.8793 38.6 1.4 1.0 3.1
2022.4247 -86.7252 -10.7697 39.1 1.4 0.9 3.1
2022.4274 -87.8822 -13.9896 40.1 1.4 0.9 3.1
2022.4301 -89.5652 -11.5469 39.2 1.4 1.0 3.1
2022.4329 -87.4089 -11.2139 37.7 1.5 1.0 3.2
2022.4356 -89.9333 -14.5447 33.9 1.4 1.0 3.2
2022.4384 -90.1963 -14.4337 33.9 1.4 0.9 3.1
2022.4411 -89.9859 -13.8785 40.7 1.4 0.9 3.1
2022.4438 -89.0919 -10.4367 45.2 1.4 0.9 3.1
2022.4466 -90.7748 -12.7683 44.1 1.4 1.0 3.2
2022.4493 -88.04 -11.769 33.1 1.4 0.9 3.0
2022.4521 -89.7756 -11.88 29.3 1.4 1.0 3.1
2022.4548 -91.8267 -12.3241 33 1.4 1.0 3.2
2022.4575 -90.1963 -11.658 42.3 1.4 1.0 3.1
2022.4603 -88.8815 -13.3234 35.2 1.4 1.0 3.1
2022.4630 -88.8289 -14.1006 42.3 1.4 1.0 3.1
2022.4658 -86.9356 -10.3256 33.8 1.4 1.0 3.1
2022.4685 -89.0919 -10.8808 37.3 1.4 1.0 3.1
2022.4712 -89.46 -11.5469 40.5 1.4 1.0 3.1
2022.4740 -92.7208 -12.3241 36.9 1.4 1.0 3.1
2022.4767 -89.2496 -7.99404 43.2 1.4 1.0 3.1
2022.4795 -95.5608 -14.5447 26.1 1.5 1.0 3.3
2022.4822 -89.46 -12.9903 41.6 1.5 1.0 3.2
2022.4849 -84.8319 -10.1036 41.7 1.5 1.0 3.2
2022.4877 -91.5637 -12.3241 42.7 1.4 1.0 3.1
2022.4904 -90.9852 -15.0998 39.7 1.4 1.0 3.1
2022.4932 -90.7222 -10.9918 31.1 1.4 1.0 3.1
2022.4959 -92.6156 -11.88 34.2 1.4 1.0 3.3
2022.4986 -88.04 -14.6557 48.1 1.4 1.0 3.1
2022.5014 -92.1948 -17.3204 45.7 1.7 1.0 3.4
2022.5041 -90.9326 -10.6587 45.2 1.4 1.0 3.1
2022.5068 -91.5111 -9.99254 35.5 1.7 1.0 3.5
2022.5096 -88.9867 -11.658 42.3 1.5 1.0 3.4
2022.5123 -84.6741 -11.4359 31.5 1.4 1.0 3.3
2022.5151 -93.9304 -15.2109 38.2 1.7 1.1 3.4
2022.5178 -91.143 -13.6565 52.3 1.5 1.0 3.2
2022.5205 -90.0911 -12.7683 39.7 1.4 1.0 3.1
2022.5425 -86.1993 -13.9896 46.8 1.4 1.0 3.1
2022.5452 -89.3022 -12.1021 38.1 1.4 1.0 3.1
2022.5479 -93.2467 -9.65946 45.5 1.7 1.1 3.5
2022.5507 -89.0393 -12.2131 32.5 1.4 1.0 3.2
2022.5534 -89.8808 -13.8785 47.9 1.4 1.0 3.1
2022.5562 -89.1971 -10.3256 47.7 1.4 1.0 3.2
2022.5589 -91.3533 -12.1021 41.7 1.4 1.0 3.1
2022.5616 -92.8259 -12.2131 40.3 1.4 1.0 3.1
2022.5644 -88.04 -11.88 39.9 1.4 1.0 3.2
2022.5671 -93.4571 -7.88301 32.9 1.4 1.0 3.1
2022.5699 -92.563 -9.88152 31.8 1.4 1.0 3.1
2022.5726 -88.6185 -8.10506 38.4 1.4 1.0 3.1
2022.5753 -88.7237 -11.5469 40.1 1.3 1.0 3.1
2022.5781 -89.7756 -11.769 33.4 1.3 1.0 3.1
2022.5808 -90.9852 -9.77049 36 1.4 1.0 3.1
2022.5836 -88.9341 -12.4352 43.9 1.4 1.0 3.1
2022.5863 -85.463 -13.4344 41.7 1.4 1.1 3.3
2022.5890 -94.2985 -12.1021 41.1 1.4 1.0 3.2
2022.5918 -90.4593 -11.2139 36.3 1.4 1.0 3.2
2022.5945 -93.1941 -11.769 39.2 1.4 1.0 3.1
2022.5973 -91.6163 -11.4359 40.8 1.4 1.0 3.1
2022.6000 -96.7704 -9.65946 47.3 1.6 1.1 3.4
2022.6027 -87.9874 -11.769 48.9 1.6 1.1 3.3
2022.6055 -90.9852 -16.0991 51.1 1.5 1.0 3.2
2022.6082 -93.5096 -10.2146 50.7 1.4 1.0 3.1
2022.6110 -90.1437 -8.32712 39.9 1.6 1.0 3.2
2022.6137 -96.9808 -12.9903 46.1 1.6 1.0 3.2
2022.6164 -92.6156 -5.8845 46.8 1.4 1.0 3.1
2022.6192 -90.5119 -9.4374 64.8 1.4 1.0 3.1
2022.6219 -90.4067 -9.99254 45.9 1.4 1.0 3.1
2022.6247 -92.0896 -10.4367 39.4 1.4 1.0 3.1
2022.6274 -90.4593 -10.4367 56.2 1.4 1.0 3.1
2022.6301 -92.4578 -7.10581 50.2 1.6 1.1 3.3
2022.6329 -88.3556 -12.1021 48.9 1.4 1.0 3.1
2022.6356 -91.0904 -11.1028 54.1 1.4 1.0 3.1
2022.6384 -90.1963 -10.3256 44.4 1.4 1.0 3.1
2022.6411 -87.9348 -9.99254 52.5 1.4 0.9 3.1
2022.6438 -88.1452 -10.5477 55.7 1.7 1.1 3.5
2022.6466 -82.7808 -9.21535 45.6 1.7 1.1 3.5
2022.6493 -92.8259 -10.7697 49.7 1.5 1.0 3.2
2022.6521 -92.563 -9.99254 44 1.4 1.0 3.2
2022.6548 -93.8778 -12.8793 45.1 1.6 1.1 3.3
2022.6575 -94.0356 -11.9911 50.2 1.5 1.0 3.2
2022.6603 -87.777 -9.4374 42.6 1.5 1.0 3.3
2022.6630 -86.1467 -11.769 52.8 1.4 0.9 3.1
2022.6658 -88.8289 -9.10432 48.1 1.4 0.9 3.0
2022.6685 -93.72 -6.6617 50.1 1.4 0.9 3.1
2022.6712 -92.0371 -10.1036 47.5 1.5 0.9 3.1
2022.6740 -91.3008 -13.6565 55.4 1.5 1.0 3.2
2022.6767 -89.1445 -9.99254 48 2.6 1.2 4.0
2022.6795 -92.9837 -12.6572 44.9 1.6 1.0 3.1
2022.6822 -91.4059 -11.2139 48.4 1.5 0.9 3.1
2022.6849 -85.0948 -11.88 44.6 1.5 0.9 3.1
2022.6877 -90.3015 -8.77123 46.1 1.5 1.0 3.1
2022.6904 -94.2459 -11.9911 53.2 1.6 1.0 3.1
2022.6932 -90.7748 -12.4352 46.7 1.5 0.9 3.0
2022.6959 -89.723 -15.0998 37.7 1.4 1.0 3.1
2022.6986 -86.3045 -13.1013 49.2 1.4 0.9 3.1
2022.7014 -88.8289 -9.21535 52.5 1.4 0.9 3.0
2022.7041 -91.5111 -10.9918 41.6 1.4 1.0 3.2
2022.7068 -91.6689 -11.3249 49.4 1.4 0.9 3.1
2022.7096 -87.9874 -12.8793 50.3 1.4 0.9 3.1
2022.7123 -90.6171 -10.9918 44.3 1.4 0.9 3.1
2022.7151 -94.8245 -10.4367 45.7 1.4 0.9 3.0
