2021.6904 0 0 0 1.4 1.0 3.4
2021.6932 -4.47007 -3.55317 -2.7 1.4 1.0 3.3
2021.6959 -1.26928 0.222073 -1.3 1.4 1.0 3.2
2021.6986 -4.85637 -0.222073 -2.7 1.4 1.0 3.2
2021.7014 -2.31782 -3.3311 8.6 1.4 1.0 3.2
2021.7041 -1.32447 -1.44348 -7 1.4 1.0 3.2
2021.7068 0 -1.33244 -13 1.5 1.1 3.3
2021.7096 -3.58709 0.111037 -3.2 1.4 1.0 3.3
2021.7123 -4.58044 -0.111036 0 1.4 1.0 3.3
2021.7151 -2.20744 2.55384 7.5 1.4 1.0 3.3
2021.7178 -1.26928 -1.11037 -8.6 1.4 1.0 3.2
2021.7205 0.717419 -1.44348 -1.3 1.4 1.0 3.2
2021.7233 -3.91821 -1.44348 -1.3 1.4 1.0 3.3
2021.7260 -3.03523 -0.111036 -7.8 1.4 1.0 3.1
2021.7288 -2.86967 -2.33177 -0.2 1.4 1.0 3.3
2021.7315 -2.42819 -1.66555 -2.9 1.4 1.1 3.4
2021.7342 0.110373 0.555184 -3.9 1.4 1.0 3.2
2021.7370 1.82114 1.44348 -0.4 1.4 1.0 3.1
2021.7397 1.49002 -0.33311 -5.6 1.4 1.0 3.1
2021.7425 -1.76595 -1.2214 -0.3 1.4 1.0 3.1
2021.7452 -2.20744 1.11037 5.4 1.4 1.0 3.1
2021.7479 -1.10372 -0.99933 9.3 1.4 1.0 3.2
2021.7507 -3.42154 1.2214 6.6 1.4 1.0 3.1
2021.7534 -3.9734 -0.222073 15.8 1.4 1.0 3.2
2021.7562 1.49002 3.44214 -3.6 1.4 1.0 3.2
2021.7589 0.331116 0.777257 0.5 1.4 1.0 3.1
2021.7616 -0.662232 -0.888294 -1.2 1.4 1.0 3.2
2021.7644 -2.53856 -2.55384 15.9 1.4 1.0 3.2
2021.7671 -2.20744 -5.4408 -0.3 1.4 1.0 3.1
2021.7699 -0.662232 1.77659 -3.5 1.4 1.0 3.2
2021.7726 -2.53856 -0.555183 0.5 1.4 1.0 3.2
2021.7753 -3.53191 -0.555183 -9.4 1.4 1.0 3.2
2021.7781 -4.96675 -2.22073 8 1.4 1.0 3.3
2021.7808 -3.31116 -4.21939 -1.3 1.5 1.1 3.3
2021.7836 -1.6004 -3.44214 6.2 1.4 1.0 3.1
2021.7863 -2.42819 -2.55384 4.5 1.3 1.0 3.0
2021.7890 -7.45012 -2.22073 0.7 1.3 1.0 3.0
2021.7918 -2.86967 -3.88628 -1.5 1.3 1.0 3.1
2021.7945 2.26263 0.555184 5.8 1.4 1.0 3.2
2021.7973 -4.58044 -4.10836 4.6 1.4 1.0 3.2
2021.8000 -3.25598 -3.44214 -3.8 1.4 1.0 3.1
2021.8027 -2.7593 -2.88695 3.9 1.5 1.1 3.3
2021.8055 0.496674 -3.88628 0.1 1.4 1.0 3.2
2021.8082 3.91821 -4.99665 0.7 1.4 1.0 3.2
2021.8110 -2.86967 -3.55317 11.2 1.4 1.0 3.2
2021.8137 -2.42819 -5.32976 1.8 1.4 1.0 3.3
2021.8164 -3.25598 -6.44013 10.1 1.4 1.0 3.1
2021.8192 -2.42819 -4.77458 3.6 1.4 1.0 3.1
2021.8219 -4.13896 -2.66488 7.1 1.4 1.0 3.2
2021.8247 -3.03523 -4.10836 9.7 1.4 1.0 3.2
2021.8274 -3.25598 -5.55183 12.8 1.4 1.0 3.2
2021.8301 -4.02858 -3.44214 12.3 1.5 1.0 3.4
2021.8329 1.87633 -12.8803 11.5 1.5 1.0 3.3
2021.8356 -2.26263 -1.2214 10.3 1.4 1.0 3.2
2021.8384 0.99335 3.22006 12.4 1.4 1.0 3.2
2021.8411 -1.71077 1.77659 25 1.4 1.0 3.3
2021.8438 -21.7433 20.7639 79.7 2.7 1.4 5.0
2021.8466 6.95344 -2.66488 16 1.4 1.0 3.2
2021.8493 8.88496 -4.88561 11.2 1.4 1.0 3.2
2021.8521 4.85637 -4.33043 11 1.4 1.0 3.2
2021.8548 6.45677 -4.5525 4.4 1.4 1.0 3.2
2021.8575 8.27791 -7.21739 5.4 1.3 1.0 3.1
2021.8603 2.86967 -4.99665 19.3 1.3 1.0 3.0
2021.8630 2.31782 -4.5525 13.8 1.3 1.0 3.0
2021.8658 5.90491 -6.44013 14 1.4 1.0 3.1
2021.8685 5.1323 -3.99732 5.1 1.4 1.0 3.2
2021.8712 0.882977 -6.10702 7 1.5 1.0 3.2
2021.8740 2.7593 -3.99732 9.9 1.3 1.0 3.1
2021.8767 5.02193 -1.77659 16.5 1.4 1.0 3.0
2021.8795 2.59374 -4.66354 18 1.3 1.0 2.9
2021.8822 -3.80784 -3.88628 16.1 1.3 1.0 3.0
2021.8849 -3.03523 -4.10836 16.5 1.3 1.0 3.0
2021.8877 -1.6004 -0.66622 18.6 1.3 1.0 2.9
2021.8904 -1.15891 -5.10769 18.2 1.3 1.0 2.9
2021.8932 -2.59375 -0.555183 21.6 1.3 1.0 2.9
2021.8959 -3.42154 -2.66488 24.1 1.3 1.0 2.9
2021.8986 -2.64893 -1.77659 20.5 1.3 1.0 2.9
2021.9014 -1.54521 -1.77659 19.9 1.3 1.0 2.9
2021.9041 -0.275931 -1.77659 22.3 1.3 1.0 2.9
2021.9068 -4.80119 -0.66622 24.5 1.3 1.0 2.9
2021.9096 -3.36635 -1.44348 26.9 1.3 1.0 2.9
2021.9123 -3.09042 -0.555183 26.1 1.3 1.0 2.9
2021.9151 -4.41489 -2.55384 18.1 1.3 1.0 3.0
2021.9178 -3.53191 -1.44348 13 1.3 1.0 2.9
2021.9205 -4.24933 -2.66488 12.5 1.3 1.0 3.0
2021.9233 -4.85637 0.444147 16.9 1.4 1.0 3.1
2021.9260 -6.84307 -1.11037 17.4 1.3 1.0 3.0
2021.9288 -8.38828 -3.77525 20.5 1.3 1.0 3.0
2021.9315 -7.78123 -1.44348 39 1.4 1.0 3.2
2021.9342 -6.95344 -8.10568 24.1 1.4 1.1 3.3
2021.9370 -10.8165 -4.5525 11.4 1.4 1.0 3.1
2021.9397 -7.94679 -5.88494 22.7 1.4 1.0 3.1
2021.9425 -12.4721 -5.55183 13.9 1.4 1.0 3.2
2021.9452 -5.35305 -5.4408 13.2 1.3 1.0 3.1
2021.9479 -9.21607 -2.88695 15 1.3 1.0 3.1
2021.9507 -9.16089 -3.99732 15.3 1.3 1.0 3.0
2021.9534 -8.94014 -3.77525 18.5 1.3 1.0 3.1
2021.9562 -9.60238 -5.10769 12.4 1.3 1.0 3.1
2021.9589 -12.4169 -5.66287 19.1 1.4 1.0 3.2
2021.9616 -7.83642 -8.7719 24.4 1.3 1.0 3.2
2021.9644 -10.4854 -6.99531 18.2 1.3 1.0 3.2
2021.9671 -10.0439 -6.99531 11.3 1.3 1.0 3.2
2021.9699 -3.86302 -0.888294 36.8 1.5 1.1 3.5
2021.9726 -17.494 7.66153 38 1.5 1.1 3.5
2021.9753 -11.3131 -6.55117 19.9 1.3 1.0 3.1
2021.9781 -9.65756 0.333111 -74.7 1.6 1.2 3.9
2021.9808 -3.58709 -8.66086 -13.6 1.4 1.1 3.4
2021.9836 -3.42154 -13.5465 -22.7 1.4 1.1 3.6
2021.9863 -9.65756 11.2147 -59.7 1.8 1.4 5.0
2021.9890 -8.22272 -11.7699 -4 1.4 1.0 3.4
2021.9918 -12.0857 -7.55049 -10.4 1.4 1.0 3.3
2021.9945 -6.84307 -6.88427 -8.6 1.4 1.0 3.2
2021.9973 -9.05051 -9.9933 2.6 1.3 1.0 3.1
2022.0000 -8.11235 -8.21672 4.8 1.3 1.0 3.2
2022.0027 -3.91821 -11.1037 2.8 1.3 1.0 3.1
2022.0055 -0.496674 -8.7719 -9.7 1.3 0.9 3.0
2022.0082 -0.99335 -6.99531 -12.8 1.3 0.9 3.0
2022.0110 -2.42819 -7.21739 -2.7 1.3 1.0 3.0
2022.0137 -2.04188 -3.22006 -3.8 1.3 0.9 2.9
2022.0164 -3.42154 -5.4408 -0.5 1.3 1.0 3.0
2022.0192 -4.746 -3.77525 2.9 1.3 0.9 3.0
2022.0219 -3.20079 -2.55384 -0.7 1.3 0.9 3.0
2022.0247 -6.12565 -3.77525 10.7 1.4 1.0 3.2
2022.0274 -8.7194 -8.43879 10.3 1.2 0.9 3.0
2022.0301 -8.3331 -5.66287 15.5 1.3 1.0 3.0
2022.0329 -7.83642 -8.7719 8.7 1.3 1.0 3.1
2022.0356 -11.4235 -10.1043 22.3 1.3 1.0 3.1
2022.0384 -11.0924 -6.6622 12.4 1.3 1.0 3.2
2022.0411 -5.40823 -9.54916 -0.4 1.3 1.0 3.1
2022.0438 -4.91156 -10.6595 12.7 1.3 1.0 3.0
2022.0466 -3.36635 -11.2147 3.8 1.3 1.0 3.0
2022.0493 -7.72605 -10.8816 6.5 1.3 1.0 3.0
2022.0521 -5.84972 -8.10568 22.4 1.3 1.0 3.1
2022.0548 -3.9734 -11.992 22.7 1.3 1.0 3.0
2022.0575 -2.70412 -10.9926 22.5 1.3 1.0 3.3
2022.0603 -7.78123 -12.5471 14.3 1.4 1.0 3.2
2022.0630 -1.04854 -12.5471 0.8 1.3 1.0 3.2
2022.0658 -4.19414 -21.6522 9.2 1.4 1.1 3.3
2022.0685 -9.43682 -13.6575 15.2 1.3 1.0 3.2
2022.0712 -7.56049 -13.1023 5.5 1.3 1.0 3.0
2022.0740 -6.07047 -10.6595 13.3 1.3 0.9 3.0
2022.0767 -7.33975 -13.4354 3.6 1.3 1.0 3.0
2022.0795 -6.45677 -12.3251 10 1.3 0.9 3.0
2022.0822 -7.00863 -14.99 4.9 1.3 0.9 3.0
2022.0849 -4.24933 -12.8803 4.9 1.3 0.9 2.9
2022.0877 -5.62898 -12.4361 6.6 1.3 1.0 3.0
2022.0904 -9.1057 -13.4354 8.2 1.4 1.0 3.2
2022.0932 -9.43682 -17.0997 10.2 1.4 1.0 3.2
2022.0959 -5.07712 -15.4341 3.7 1.4 1.0 3.1
2022.0986 -8.60903 -15.6562 6 1.4 1.0 3.1
2022.1014 -9.98868 -17.3217 3 1.4 1.0 3.2
2022.1041 -4.58044 -12.5471 -4.4 1.3 1.0 3.0
2022.1068 -4.746 -12.214 1.5 1.3 1.0 3.1
2022.1096 -4.3597 -12.7692 10.5 1.3 1.0 3.0
2022.1123 -4.80119 -13.3244 7.4 1.3 0.9 2.9
2022.1151 -9.54719 -12.103 6 1.4 1.0 3.2
2022.1178 -5.57379 -11.1037 4.8 1.4 1.0 3.2
2022.1205 -6.62233 -13.9906 5.6 1.4 1.0 3.2
2022.1233 -5.68416 -13.8796 3.3 1.3 1.0 3.1
2022.1260 -4.13896 -12.103 20.9 1.4 1.0 3.1
2022.1288 -11.1476 -12.9913 0.4 1.4 1.0 3.2
2022.1315 -10.7061 -13.9906 2 1.4 1.0 3.2
2022.1342 -10.3198 -13.7685 -11.4 1.5 1.0 3.4
2022.1370 -7.50531 -13.9906 -5.3 1.4 1.0 3.2
2022.1397 -3.47672 -11.6589 9.7 1.4 1.0 3.1
2022.1425 -15.121 -10.7706 16.8 1.4 1.0 3.3
2022.1452 -12.4721 -9.9933 -16.1 1.5 1.0 3.3
2022.1479 -9.87831 -9.32708 1.5 1.4 1.0 3.2
2022.1507 -1.71077 -18.5431 15.5 1.6 1.1 3.6
2022.1534 -5.18749 -7.10635 -8.1 1.7 1.1 3.8
2022.1562 -1.04854 -18.4321 -6 1.4 1.0 3.2
2022.1589 -3.75265 -14.7679 -2.2 1.4 1.0 3.2
2022.1616 -7.28456 -13.2134 3 1.4 1.0 3.1
2022.1644 -8.77458 -13.4354 0.4 1.4 1.0 3.1
2022.1671 -5.68416 -11.8809 3.3 1.4 1.0 3.1
2022.1699 -7.22937 -12.8803 2.3 1.4 1.0 3.2
2022.1726 -11.7546 -21.7632 -9.4 1.4 1.0 3.2
2022.1753 -8.05716 -13.5465 -11.4 1.4 1.0 3.1
2022.1781 -11.0924 -13.5465 -17.3 1.4 1.0 3.1
2022.1808 -3.58709 -11.7699 -13.3 1.4 1.0 3.1
2022.1836 -4.63563 -11.4368 -13.5 1.4 1.0 3.3
2022.1863 -11.6443 -12.103 -14.6 1.4 1.0 3.3
2022.1890 -6.45677 -11.992 -19.1 1.4 1.0 3.2
2022.1918 -7.50531 -12.5471 -10.4 1.4 1.0 3.2
2022.1945 -6.84307 -10.7706 -8.8 1.4 1.0 3.3
2022.1973 -7.89161 -11.3257 -11.6 1.5 1.0 3.2
2022.2000 -8.94014 -12.103 -7.8 1.4 1.0 3.1
2022.2027 -7.89161 -15.4341 -3.3 1.4 0.9 3.0
2022.2055 -4.80119 -12.4361 -11.6 1.3 1.0 3.0
2022.2082 -3.58709 -12.214 0.7 1.4 1.0 3.2
2022.2110 -6.67751 -13.5465 -5 1.4 1.0 3.1
2022.2137 -3.14561 -13.5465 1.6 1.3 1.0 3.1
2022.2164 -3.86302 -17.4328 1.3 1.3 1.0 3.1
2022.2192 -6.95344 -16.5445 -5.9 1.3 0.9 3.0
2022.2219 -4.96675 -14.6568 -1.8 1.3 0.9 3.0
2022.2247 -8.99533 -13.5465 0.9 1.3 1.0 3.0
2022.2274 -4.3597 -10.6595 2 1.4 1.0 3.2
2022.2301 -0.275931 -13.4354 1.1 1.5 1.1 3.4
2022.2329 -2.15226 -11.8809 -4.5 1.4 1.0 3.2
2022.2356 -6.89826 -12.103 -3.7 1.4 1.0 3.3
2022.2384 -3.86302 -12.3251 -10.3 1.4 1.0 3.3
2022.2411 -5.18749 -14.8789 -2.7 1.4 1.0 3.3
2022.2438 -3.36635 -17.7659 -9.2 1.4 1.0 3.2
2022.2466 3.25598 -15.6562 -0.6 1.4 1.0 3.3
2022.2493 -6.7327 -16.8776 -8.3 1.4 1.0 3.3
2022.2521 -3.36635 -12.5471 -15.9 1.4 1.0 3.3
2022.2548 -2.70412 -15.9893 -8.4 1.4 1.0 3.2
2022.2575 -4.24933 -14.6568 -3.2 1.4 1.0 3.2
2022.2603 -5.02193 -15.3231 -12.3 1.4 1.0 3.2
2022.2630 -0.441489 -17.4328 -8.8 1.4 1.0 3.2
2022.2658 -3.09042 -14.6568 -5.8 1.4 1.0 3.2
2022.2685 -2.26263 -14.99 -10.9 1.3 1.0 3.1
2022.2712 -3.86302 -14.2127 -17 1.3 1.0 3.0
2022.2740 -7.78123 -12.8803 -14.9 1.4 1.0 3.2
2022.2767 -2.20744 -13.4354 -27 1.4 1.0 3.3
2022.2795 -1.54521 -16.5445 -16.6 1.4 1.0 3.2
2022.2822 -0.331116 -14.3237 -11.2 1.4 1.0 3.2
2022.2849 -0.882977 -17.5438 -10.5 1.5 1.0 3.3
2022.2877 1.76595 -12.214 -13.8 1.4 1.0 3.3
2022.2904 -6.40158 -13.9906 -14.7 1.5 1.0 3.4
2022.2932 -4.69082 -16.1003 -12.2 1.4 1.0 3.2
2022.2959 -1.10372 -17.9879 -9.3 1.4 1.0 3.2
2022.2986 -2.81449 -16.8776 -13.4 1.4 1.0 3.3
2022.3014 -0.882977 -16.4334 -17 1.4 1.0 3.2
2022.3041 -6.84307 -15.7672 -10.3 1.4 1.0 3.3
2022.3068 -6.01528 -13.7685 -4.8 1.5 1.0 3.4
2022.3096 -3.64228 -17.3217 -8.1 1.4 1.0 3.3
2022.3123 -5.68416 -15.9893 -17 1.4 1.0 3.2
2022.3151 2.31782 -15.101 -17.3 1.4 1.0 3.2
2022.3178 0.551861 -18.3211 -18.8 1.4 1.0 3.2
2022.3205 -3.47672 -15.4341 -8.3 1.5 1.1 3.4
2022.3233 -4.69082 -15.8782 -15.4 1.4 1.1 3.4
2022.3260 0.386303 -13.8796 -9.2 1.4 1.0 3.3
2022.3288 -1.04854 -15.3231 -1.8 1.4 1.0 3.4
2022.3315 -1.43484 -15.5451 -11.5 1.4 1.0 3.4
2022.3342 -2.09707 -15.9893 -13.3 1.5 1.0 3.4
2022.3370 0.99335 -20.0976 -14.4 1.5 1.1 3.6
2022.3397 0.827792 -21.5411 -13.3 1.5 1.1 3.3
2022.3425 -1.21409 -18.099 -13.2 1.4 1.0 3.2
2022.3452 -2.09707 -18.8762 -10.6 1.4 1.0 3.3
2022.3479 -5.24268 -17.4328 -15.4 1.4 1.0 3.3
2022.3507 -7.119 -16.3224 -10.1 1.4 1.0 3.2
2022.3534 -4.08377 -16.3224 -21.2 1.4 1.0 3.2
2022.3562 -1.10372 -20.3197 -12.7 1.4 1.0 3.2
2022.3589 -2.53856 -14.5458 -8.3 1.4 1.0 3.2
2022.3616 -5.35305 -16.8776 -17.1 1.4 1.0 3.3
2022.3644 -3.9734 -20.7639 -14.2 1.3 1.0 3.3
2022.3671 -7.67086 -16.8776 -10.7 1.4 1.0 3.3
2022.3699 -4.69082 -17.6548 -15.9 1.3 1.0 3.2
2022.3726 -3.64228 -15.9893 -8.2 1.3 1.0 3.2
2022.3753 -0.386303 -17.9879 -12.9 1.3 1.0 3.2
2022.3781 -3.25598 -17.7659 -12.2 1.3 1.0 3.3
2022.3808 -4.69082 -18.3211 -16.4 1.3 1.0 3.2
2022.3836 -3.58709 -19.2093 -14.2 1.3 1.0 3.2
2022.3863 -3.03523 -15.6562 -7.5 1.4 1.0 3.4
2022.3890 -0.827792 -20.0976 -1.9 1.3 1.1 3.4
2022.3918 -0.772605 -16.8776 -7.7 1.3 1.0 3.3
2022.3945 -1.76595 -17.6548 -20.4 1.3 1.0 3.3
2022.3973 -4.3597 -13.9906 -18.1 1.4 1.0 3.3
2022.4000 0.551861 -21.5411 -17.4 1.4 1.0 3.5
2022.4027 -0.99335 -22.6515 -15.2 1.4 1.0 3.4
2022.4055 -3.58709 -19.8756 -23.6 1.4 1.0 3.2
2022.4082 -2.53856 -21.7632 -16.8 1.3 1.0 3.3
2022.4110 -1.87633 -20.4308 -23.2 1.4 1.0 3.4
2022.4137 0.386303 -17.9879 -9.7 1.4 1.0 3.4
2022.4164 -0.717419 -20.6528 -7.5 1.3 1.0 3.3
2022.4192 -1.10372 -20.4308 -9.2 1.4 1.0 3.2
2022.4219 -0.607047 -19.0983 -28.5 1.3 1.0 3.3
2022.4247 -2.98005 -18.099 -13.9 1.4 1.0 3.4
2022.4274 -3.20079 -16.7665 -8.1 1.4 1.0 3.3
2022.4301 -2.09707 -20.3197 -8.8 1.4 1.0 3.3
2022.4329 1.71077 -17.6548 -13.3 1.4 1.0 3.4
2022.4356 -1.71077 -21.8742 -8.4 1.3 1.0 3.4
2022.4384 4.91156 -16.4334 -22.4 1.3 1.0 3.4
2022.4411 -5.90491 -17.8769 -18.2 1.4 1.0 3.4
2022.4438 -3.80784 -19.9866 -13 1.3 1.0 3.3
2022.4466 0.165558 -18.7652 -20.8 1.4 1.1 3.4
2022.4493 -0.0551855 -19.4314 -13.5 1.4 1.0 3.2
2022.4521 -2.04188 -18.099 -20 1.4 1.1 3.3
2022.4548 -4.47007 -18.9873 -14.8 1.4 1.1 3.3
2022.4575 -1.93151 -18.5431 -15.2 1.3 1.0 3.3
2022.4603 -0.827792 -18.6542 -15.6 1.3 1.0 3.3
2022.4630 -2.26263 -20.5418 -9.6 1.4 1.0 3.4
2022.4658 -3.36635 -19.0983 -22.7 1.4 1.1 3.4
2022.4685 -2.86967 -20.8749 -22 1.3 1.0 3.4
2022.4712 -3.53191 -21.7632 -18.8 1.3 1.0 3.3
2022.4740 -3.36635 -18.4321 -22 1.4 1.1 3.5
2022.4767 -3.31116 -18.9873 -17.8 1.3 1.0 3.2
2022.4795 -3.31116 -20.8749 -32.6 1.5 1.1 3.5
2022.4822 -7.50531 -19.2093 -25.1 1.4 1.1 3.4
2022.4849 -4.41489 -24.095 -6.6 1.3 1.0 3.3
2022.4877 -2.86967 -20.7639 -17.3 1.3 1.0 3.4
2022.4904 -8.22272 -20.9859 -14.7 1.3 1.0 3.4
2022.4932 -0.772605 -21.208 -29.2 1.3 1.0 3.4
2022.4959 -1.82114 -21.5411 -6.7 1.4 1.1 3.5
2022.4986 -2.81449 -20.6528 -11.7 1.4 1.1 3.4
2022.5014 0.607047 -22.3184 -6.7 1.4 1.1 3.4
2022.5041 -6.07047 -18.9873 -7.1 1.4 1.0 3.3
2022.5068 -6.7327 -20.6528 -21.8 1.5 1.1 3.6
2022.5096 -8.99533 -23.4287 -20.8 1.5 1.1 3.7
2022.5123 -9.32645 -23.4287 -1 1.5 1.1 3.6
2022.5151 -11.3131 -24.317 -12.1 1.4 1.1 3.4
2022.5178 -5.1323 -27.8702 -3.8 1.4 1.1 3.4
2022.5205 -3.20079 -21.4301 -11 1.4 1.1 3.4
2022.5233 -10.1542 -22.8736 -12.3 1.4 1.0 3.4
2022.5260 -6.7327 -24.7612 -17.8 1.3 1.0 3.3
2022.5288 -13.9069 -21.9853 -19.3 1.4 1.0 3.3
2022.5315 -10.4302 -25.9826 -15.1 1.4 1.0 3.3
2022.5342 -2.81449 -24.9833 -15 1.4 1.1 3.3
2022.5370 -7.78123 -25.8715 -15.5 1.4 1.1 3.4
2022.5397 -9.60238 -26.5378 -21.9 1.4 1.1 3.5
2022.5425 -10.5957 -24.6501 -24.1 1.4 1.1 3.5
2022.5452 -9.82312 -26.7598 -10.3 1.4 1.1 3.4
2022.5479 -13.355 -24.317 -18.9 1.4 1.1 3.6
2022.5507 -9.27126 -26.0936 -22 1.4 1.0 3.5
2022.5534 -9.43682 -28.9806 -8.8 1.4 1.1 3.5
2022.5562 -10.7061 -27.9812 -13.6 1.4 1.1 3.5
2022.5589 -16.2247 -27.315 -14.8 1.4 1.1 3.4
2022.5616 -7.78123 -26.6488 -5.7 1.4 1.0 3.4
2022.5644 4.63563 -42.8602 -20.6 1.4 1.1 3.5
2022.5671 -8.00198 -26.4267 -18.7 1.4 1.0 3.3
2022.5699 -7.94679 -27.315 -25.5 1.4 1.1 3.3
2022.5726 -11.9754 -23.7619 -11.7 1.3 1.1 3.4
2022.5753 -2.92486 -27.7592 -20.9 1.4 1.1 3.5
2022.5781 -6.29121 -25.7605 -15 1.4 1.1 3.4
2022.5808 -8.82977 -26.6488 -15.1 1.4 1.0 3.3
2022.5836 -3.53191 -28.5364 -11.2 1.4 1.1 3.4
2022.5863 -5.24268 -30.5351 -19.5 1.5 1.2 3.6
2022.5890 -6.7327 -30.0909 -20.8 1.4 1.1 3.4
2022.5918 -5.73935 -26.4267 -15.6 1.4 1.1 3.6
2022.5945 -10.7613 -27.8702 -14.6 1.4 1.1 3.4
2022.5973 -6.01528 -26.3157 -17.7 1.4 1.1 3.4
2022.6000 -13.1343 -26.2047 -19.1 1.5 1.1 3.4
2022.6027 -8.11235 -21.4301 -19.8 1.5 1.1 3.6
2022.6055 -9.05051 -26.7598 -23 1.5 1.1 3.5
2022.6082 -7.39493 -30.202 -19.2 1.4 1.0 3.3
2022.6110 -6.07047 -26.8709 -8.2 1.5 1.1 3.4
2022.6137 -12.5824 -26.3157 -20.1 1.5 1.1 3.4
2022.6164 -16.8317 -36.0869 -5.8 1.4 1.1 3.5
2022.6192 -11.9754 -27.9812 -20.5 1.4 1.1 3.5
2022.6219 -9.27126 -27.4261 -12.2 1.4 1.0 3.4
2022.6247 -14.2932 -29.0916 -24.8 1.4 1.0 3.4
2022.6274 -9.76793 -26.5378 -21.5 1.5 1.1 3.5
2022.6301 -13.1895 -29.7578 -15.4 1.5 1.1 3.5
2022.6329 -12.0857 -29.3137 5.2 1.4 1.1 3.4
2022.6356 -10.7613 -27.093 -10.6 1.5 1.1 3.7
2022.6384 -5.24268 -27.6481 -9.7 1.5 1.1 3.5
2022.6411 -13.2998 -27.7592 -11.6 1.5 1.0 3.4
2022.6438 -6.23603 -27.8702 -12.2 1.7 1.2 3.8
2022.6466 -7.17419 -31.5344 -19.2 1.7 1.1 3.8
2022.6493 -9.27126 -33.311 -1.9 1.5 1.1 3.6
2022.6521 -14.1276 -26.3157 -25 1.6 1.2 3.7
2022.6548 -13.1895 -31.4234 -24.8 1.5 1.1 3.5
2022.6575 -14.6243 -31.2013 -24.3 1.5 1.1 3.5
2022.6603 -15.2865 -33.0889 -32 1.5 1.1 3.5
2022.6630 -8.44347 -31.5344 -5.9 1.4 1.0 3.4
2022.6658 -14.7899 -29.6468 -24.1 1.5 1.1 3.4
2022.6685 -14.1276 -28.7585 -16.9 1.5 1.1 3.5
2022.6712 -17.4388 -31.3123 -19.3 1.4 1.0 3.2
2022.6740 -10.0439 -33.422 -17 1.4 1.0 3.3
2022.6767 -15.0106 -32.6448 -13.6 1.6 1.1 3.5
2022.6795 -12.2513 -33.311 -11.9 1.6 1.0 3.4
2022.6822 -11.4235 -35.9759 -4.8 1.5 1.0 3.3
2022.6849 -12.3617 -33.5331 -4.1 1.4 1.0 3.2
2022.6877 -6.56714 -29.9799 -20.2 1.5 1.0 3.4
2022.6904 -14.1828 -33.8662 -23.2 1.5 1.0 3.3
2022.6932 -19.1496 -34.0883 -18.1 1.5 1.0 3.3
2022.6959 -16.2799 -35.4207 -22 1.5 1.0 3.3
2022.6986 -12.9687 -33.0889 -19.2 1.4 1.0 3.3
2022.7014 -14.238 -30.313 -13.1 1.4 1.0 3.2
2022.7041 -11.5339 -34.4214 -13.4 1.4 1.0 3.4
2022.7068 -12.6376 -34.1993 -14.3 1.5 1.0 3.6
2022.7096 -10.1542 -33.311 -20.3 1.5 1.1 3.5
2022.7123 -18.7633 -35.1986 -11.7 1.4 1.0 3.3
2022.7151 -12.0306 -32.4227 -17.2 1.4 1.0 3.3
2022.7178 -16.4454 -29.6468 -13.1 1.5 1.0 3.4
2022.7205 -9.93349 -33.422 -19.3 1.4 1.0 3.3
2022.7233 -14.0724 -35.0876 -16.9 1.4 1.0 3.3
2022.7260 -13.631 -34.0883 -14 1.5 1.0 3.4
2022.7288 -12.2513 -30.7572 -13.7 1.6 1.0 3.3
2022.7315 -11.865 -31.2013 -7 1.4 1.0 3.2
2022.7342 -13.2998 -33.0889 -17 1.4 1.0 3.2
2022.7370 -14.1828 -36.9752 0 1.4 1.0 3.3
2022.7397 -13.6861 -34.9766 -22 1.5 1.1 3.3
2022.7425 -8.77458 -33.422 -10 1.5 1.1 3.5
2022.7452 -17.2181 -33.2 -12.8 1.6 1.2 3.4
2022.7479 -9.38163 -33.2 -13 1.5 1.1 3.3
2022.7507 -13.2447 -35.7538 -21.9 1.4 1.0 3.3
2022.7534 -15.9488 -35.7538 -15.4 1.4 1.0 3.2
2022.7562 -16.004 -31.4234 0.6 1.4 1.0 3.2
2022.7589 -8.55384 -32.7558 -4.7 1.4 1.0 3.2
2022.7616 -18.2114 -33.5331 -14.2 1.4 1.0 3.1
2022.7644 -16.1695 -35.6428 -2.5 1.5 1.0 3.4
2022.7671 -13.4102 -37.1973 -10.7 1.5 1.0 3.5
2022.7699 -18.984 -33.0889 -11.9 1.4 1.0 3.2
2022.7726 -12.1409 -33.7552 -21.1 1.5 1.0 3.3
2022.7753 -10.7613 -32.3117 -10.4 1.4 1.0 3.2
2022.7781 -16.7214 -33.5331 -21.8 1.4 1.0 3.3
2022.7808 -14.5139 -32.4227 -17.8 1.4 1.0 3.4
2022.7836 -10.8717 -33.311 -16.5 1.5 1.0 3.3
2022.7863 -18.2114 -36.7531 -14.9 1.5 1.0 3.4
2022.7890 -14.5139 -28.4254 -6 1.4 1.0 3.4
2022.7918 -16.3903 -29.9799 -10.7 1.4 1.0 3.3
2022.7945 -15.2865 -32.9779 -10.7 1.4 1.0 3.3
2022.7973 -26.103 -25.7605 -49.3 1.5 1.1 3.6
2022.8000 -14.5691 -35.4207 -15.2 1.6 1.1 3.8
2022.8027 -12.4169 -33.6441 2.4 1.5 1.0 3.4
2022.8055 -15.728 -35.8649 -26.5 1.5 1.1 3.4
2022.8082 -17.4388 -37.4194 -13.7 1.5 1.0 3.4
2022.8110 -22.1296 -36.309 -10.5 1.4 1.0 3.2
2022.8137 -13.4654 -35.5317 -8.7 1.5 1.0 3.3
2022.8164 -11.0924 -33.311 -16.9 1.5 1.0 3.2
2022.8192 -16.1143 -38.3077 -15.4 1.7 1.2 3.5
2022.8219 -10.2094 -39.5291 0.9 1.5 1.0 3.1
2022.8247 -8.16754 -33.9772 -5.9 1.4 1.0 3.1
2022.8274 -13.6861 -36.9752 -9.3 1.4 1.0 3.1
2022.8301 -10.3198 -34.4214 -4.5 1.3 1.0 3.0
2022.8329 -12.0857 -36.8642 5 1.4 1.0 3.0
2022.8356 -6.67751 -34.5324 -7.1 1.3 1.0 3.0
2022.8384 -13.5206 -35.3097 0.3 1.5 1.0 3.4
2022.8411 -9.1057 -37.5304 3.5 1.5 1.0 3.4
2022.8438 -6.51196 -36.198 8.2 1.4 1.0 3.0
2022.8466 -8.94014 -34.9766 2.3 1.4 0.9 3.0
2022.8493 -12.0857 -32.3117 -10.9 1.3 0.9 2.9
2022.8521 -12.9135 -32.2006 -3.1 1.5 1.0 3.2
2022.8548 -12.1961 -35.9759 2.9 1.4 1.0 3.3
2022.8575 -11.6994 -35.5317 -12.1 1.5 1.0 3.3
2022.8603 -9.21607 -34.6434 -3.9 1.5 1.0 3.3
2022.8630 -10.1542 -31.4234 -2.1 1.4 1.0 3.2
2022.8658 -8.55384 -31.8675 -3.3 1.5 1.0 3.3
2022.8685 -3.36635 -34.5324 -2.5 1.4 1.0 3.2
2022.8712 -10.0439 -32.7558 -13.2 1.4 1.0 3.2
2022.8740 -10.4302 -31.7565 -11.9 1.4 1.0 3.2
2022.8767 -9.87831 -36.42 -13.2 1.4 1.0 3.1
2022.8795 -14.0724 -29.9799 1.9 1.4 1.0 3.2
2022.8822 -8.44347 -32.4227 -0.7 1.4 1.0 3.2
2022.8849 -12.4169 -36.7531 -10.8 1.4 1.0 3.2
2022.8877 -10.7061 -36.7531 -12.2 1.4 1.0 3.2
2022.8904 -7.94679 -35.3097 -2.1 1.4 1.0 3.2
2022.8932 -11.3683 -37.1973 -7.8 1.4 1.0 3.2
2022.8959 -8.05716 -35.4207 4.4 1.3 0.9 2.9
2022.8986 -5.18749 -34.8655 9.5 1.3 0.9 2.9
2022.9014 -7.45012 -34.4214 6.5 1.3 1.0 3.0
2022.9041 -4.47007 -36.6421 9.4 1.4 1.0 3.1
2022.9068 -6.84307 -34.0883 3.2 1.3 0.9 2.9
2022.9096 -7.00863 -31.0903 -6.4 1.3 0.9 3.1
2022.9123 -7.50531 -34.6434 -2.5 1.3 0.9 2.9
2022.9151 -8.88496 -32.3117 2.5 1.3 0.9 2.9
2022.9178 -9.76793 -33.422 -4.5 1.3 1.0 3.1
2022.9205 -7.56049 -33.7552 -1.6 1.3 0.9 3.0
2022.9233 -12.5272 -34.1993 -3.6 1.3 0.9 3.1
2022.9260 -3.64228 -35.1986 -6.3 1.3 1.0 3.1
2022.9288 -8.27791 -38.5297 4.6 1.4 1.0 3.2
2022.9315 -9.65756 -36.8642 3.9 1.4 1.0 3.1
2022.9342 -4.96675 -38.8628 12.6 1.4 1.0 3.1
2022.9370 -9.1057 -40.4174 9.4 1.3 0.9 2.9
2022.9397 -7.17419 -43.6374 6.2 1.3 1.0 3.0
2022.9425 -9.87831 -38.5297 -3.2 1.3 0.9 3.0
2022.9452 -9.05051 -36.8642 2 1.4 1.0 3.2
2022.9479 -9.32645 -40.6394 8.1 1.3 1.0 3.1
2022.9507 -13.5758 -37.7525 -0.3 1.3 1.0 3.1
2022.9534 -11.7546 -38.8628 -4.2 1.3 1.0 3.1
2022.9562 -10.8165 -37.5304 -2.7 1.3 1.0 3.0
2022.9589 -8.3331 -37.9745 0.8 1.3 0.9 2.9
2022.9616 -9.87831 -38.6408 -2.8 1.3 0.9 2.9
2022.9644 -6.78789 -37.1973 -2.6 1.3 0.9 2.9
2022.9671 -8.05716 -33.422 -6.7 1.3 0.9 3.0
2022.9699 -4.19414 -34.8655 -13.6 1.3 1.0 3.0
2022.9726 -2.20744 -35.8649 -8.5 1.3 0.9 2.9
2022.9753 -11.6443 -35.3097 -6.5 1.4 1.0 3.3
2022.9781 -11.9202 -36.5311 7.1 1.3 1.0 3.1
2022.9808 -7.39493 -37.9745 -4.9 1.3 0.9 2.9
2022.9836 -8.55384 -37.0863 2.7 1.4 1.0 3.2
2022.9863 -7.00863 -39.7511 4 1.3 0.9 3.0
2022.9890 -11.7546 -39.6401 -1.8 1.3 0.9 3.1
2022.9918 -9.76793 -39.8622 -0.5 1.3 1.0 3.1
2022.9945 -13.2447 -41.4167 13.9 1.3 1.0 3.1
2022.9973 -11.7546 -38.0856 7.7 1.4 1.1 3.3
2023.0000 -10.4302 -35.4207 7.8 1.4 1.0 3.2
2023.0027 -5.57379 -38.1966 3.8 1.4 1.0 3.3
2023.0055 -8.55384 -39.6401 1.3 1.3 1.0 3.0
2023.0082 -6.01528 -35.1986 1.3 1.3 1.0 3.2
2023.0110 -12.3617 -36.42 -2.4 1.4 1.0 3.3
2023.0137 -9.1057 -36.9752 0 1.3 1.0 3.2
2023.0164 -10.2094 -36.9752 5.3 1.3 1.0 2.9
2023.0192 -8.60903 -36.198 1.6 1.3 0.9 2.9
2023.0411 -7.89161 -37.8635 3.3 1.4 1.0 3.1
2023.0438 -8.77458 -40.1953 -9.4 1.4 1.0 3.2
2023.0466 -7.39493 -40.6394 2.3 1.4 1.0 3.2
2023.0493 -10.982 -43.0822 9.6 1.3 1.0 2.9
2023.0521 -7.39493 -42.8602 3.9 1.3 1.0 3.0
2023.0548 -10.375 -39.9732 7.4 1.3 1.0 3.0
2023.0575 -4.80119 -39.7511 -10.9 1.3 1.0 2.9
2023.0603 0.496674 -37.5304 -7.6 1.3 1.0 3.0
2023.0630 -1.65558 -38.9739 7.2 1.3 1.0 3.0
2023.0658 -3.86302 -36.42 2.6 1.3 1.0 2.9
2023.0685 -7.45012 -34.7545 22.6 1.5 1.1 3.2
2023.0712 -15.5625 -37.4194 9.5 1.4 1.1 3.2
2023.0740 -6.51196 -40.7505 -11.9 1.3 1.0 3.1
2023.0767 -10.2094 -39.196 2.8 1.4 1.1 3.2
2023.0795 -9.1057 -42.1939 4.8 1.4 1.0 3.2
2023.0822 -5.96009 -42.5271 3.7 1.4 1.1 3.3
2023.0849 -6.95344 -43.0822 5.9 1.4 1.1 3.3
2023.0877 -10.375 -40.5284 6.3 1.4 1.1 3.2
2023.0904 -8.60903 -40.0842 -1.2 1.4 1.0 3.1
2023.0932 -10.375 -41.7498 12.8 1.3 1.0 3.0
2023.0959 -6.78789 -41.4167 3.6 1.3 1.0 3.0
2023.0986 -7.17419 -38.8628 6.9 1.4 1.0 3.0
2023.1014 -4.24933 -40.8615 4.8 1.4 1.0 3.0
2023.1041 -14.8451 -37.7525 -2.7 1.3 1.0 3.0
2023.1068 -10.8165 -38.5297 -2.1 1.3 1.0 3.0
2023.1096 -13.6861 -38.9739 -1.4 1.3 1.0 3.0
2023.1123 -11.4787 -38.3077 -2 1.4 1.0 3.0
2023.1151 -10.2094 -40.9725 2.1 1.4 1.0 3.1
2023.1178 -14.5691 -38.4187 -7.5 1.4 1.0 3.0
2023.1205 -13.0239 -37.7525 -11.9 1.4 1.0 3.0
2023.1233 -9.54719 -38.4187 -5 1.4 1.0 3.1
2023.1260 -13.5758 -38.9739 0.3 1.5 1.1 3.1
2023.1288 -14.238 -39.6401 -2.6 1.5 1.0 3.1
2023.1315 -14.1276 -41.8608 1.8 1.5 1.0 3.3
2023.1342 -12.8584 -42.305 -7.4 1.4 1.0 3.2
2023.1370 -16.1695 -41.8608 -0.8 1.4 1.0 3.1
2023.1397 -11.3683 -40.1953 -5.3 1.4 1.0 3.0
2023.1425 -12.1409 -39.8622 -8.5 1.5 1.0 3.0
2023.1452 -16.0591 -41.7498 -7.4 1.4 1.0 3.2
2023.1479 -18.2666 -42.0829 -3.1 1.4 1.0 3.2
2023.1507 -13.4102 -40.8615 -5.3 1.4 1.0 3.2
2023.1534 -14.238 -43.5264 -3.9 1.4 1.0 3.2
2023.1562 -11.5891 -40.7505 2.7 1.4 1.0 3.0
2023.1589 -14.3484 -40.9725 5.5 2.0 1.2 3.3
2023.1616 -10.5405 -41.0836 -0.4 1.4 1.0 3.1
2023.1644 -7.78123 -42.0829 6.7 1.4 1.0 3.0
2023.1671 -9.27126 -41.8608 -6.9 1.4 1.0 3.0
2023.1699 -11.8098 -42.5271 0.2 1.3 1.0 2.9
2023.1726 -6.7327 -39.9732 -1.5 1.3 0.9 2.9
2023.1753 -15.121 -40.4174 2.7 1.4 1.0 3.0
2023.1781 -7.67086 -42.305 -8.9 1.4 1.0 3.1
2023.1808 -9.82312 -41.6388 -1.7 1.4 1.0 3.1
2023.1836 -9.65756 -40.3063 -3.5 1.4 1.0 3.1
2023.1863 -8.22272 -37.8635 -7.6 1.5 1.1 3.4
2023.1890 -5.62898 -39.307 1.3 1.4 1.0 3.2
2023.1918 -9.76793 -42.1939 -6.5 1.4 1.0 3.1
2023.1945 -8.3331 -41.4167 -8.2 1.4 1.0 3.1
2023.1973 -7.50531 -41.9719 -8.2 1.3 1.0 3.0
2023.2000 -9.60238 -38.9739 0 1.4 1.0 3.0
2023.2027 -10.7613 -38.4187 -2.3 1.4 1.0 3.0
2023.2055 -10.5405 -40.6394 -5.1 1.3 1.0 2.9
2023.2082 -4.19414 -40.5284 -4.4 1.4 1.0 3.0
2023.2110 -4.41489 -39.418 10.4 1.4 1.0 3.1
2023.2137 -3.42154 -43.0822 12 1.4 1.0 3.1
2023.2164 -3.25598 -41.5277 2 1.4 1.0 3.1
2023.2192 -6.01528 -42.9712 4.7 1.4 1.0 3.1
2023.2219 -11.0372 -45.303 5.9 1.5 1.0 3.2
2023.2247 -7.89161 -41.5277 -10.4 1.6 1.1 3.3
2023.2274 -11.6443 -46.4133 -2.4 1.5 1.1 3.2
2023.2301 -5.35305 -44.0816 -4.7 1.5 1.0 3.1
2023.2329 -4.47007 -44.7478 -1.9 1.3 1.0 3.0
2023.2356 -6.62233 -43.3043 0.1 1.4 1.0 3.1
2023.2384 -8.60903 -40.4174 4 1.4 1.0 3.1
2023.2411 -4.91156 -43.5264 -5.3 1.4 1.1 3.2
2023.2438 -9.21607 -42.305 2.3 1.5 1.1 3.4
2023.2466 -4.91156 -40.5284 -2.5 1.4 1.0 3.1
2023.2493 -7.22937 -47.7458 0.1 1.4 1.0 3.1
2023.2521 -8.3331 -44.1926 -7 1.4 1.0 3.1
2023.2548 -6.29121 -40.3063 -9.4 1.4 1.1 3.3
2023.2575 -10.1542 -41.0836 -6.3 1.4 1.1 3.4
2023.2603 -9.27126 -44.0816 -5.5 1.4 1.0 3.2
2023.2630 -14.1828 -44.7478 -2.8 1.4 1.0 3.1
2023.2658 -10.8717 -41.4167 -0.2 1.4 1.0 3.0
2023.2685 -10.4854 -41.5277 -0.8 1.3 1.0 3.0
2023.2712 -11.3683 -41.8608 -1.9 1.3 1.0 2.9
2023.2740 -13.2447 -41.0836 -1.9 1.4 1.0 3.0
2023.2767 -10.8717 -43.5264 -3.6 1.3 1.0 3.0
2023.2795 -12.8584 -45.414 9 1.4 1.0 3.1
2023.2822 -15.6177 -45.303 0.9 1.4 1.0 3.2
2023.2849 -14.4587 -46.5244 1.5 1.5 1.1 3.3
2023.2877 -12.5272 -43.9705 4.8 1.5 1.1 3.2
2023.2904 -10.3198 -47.8568 -1.1 1.5 1.1 3.3
2023.2932 -11.0372 -43.7485 -4.3 1.4 1.0 3.1
2023.2959 -12.4169 -43.7485 -6.3 1.3 1.0 3.0
2023.2986 -15.7832 -46.3023 -4.8 1.4 1.0 3.2
2023.3014 -14.4587 -48.6341 -1.6 1.4 1.0 3.1
2023.3041 -13.8517 -47.5237 3.4 1.4 1.0 3.1
2023.3068 -13.8517 -50.1886 2 1.4 1.0 3.1
2023.3096 -16.004 -49.1893 -0.3 1.6 1.1 3.2
2023.3123 -12.1961 -48.7451 3.1 1.7 1.3 3.5
2023.3151 -10.375 -46.1913 5.2 1.3 1.0 3.0
2023.3178 -15.6177 -48.1899 4.9 1.4 1.0 3.1
2023.3205 -13.0791 -50.6327 9.1 1.4 1.0 3.1
2023.3233 -7.50531 -45.7471 -1.9 1.3 1.0 3.0
2023.3260 -12.4169 -47.6347 7.2 1.4 1.0 3.1
2023.3288 -9.60238 -48.301 3.3 1.4 1.1 3.2
2023.3315 -1.32447 -43.4153 -1.2 1.4 1.1 3.2
2023.3342 -8.66421 -49.0782 10.2 1.4 1.0 3.2
2023.3370 -7.28456 -46.0802 -0.4 1.3 1.0 3.1
2023.3397 -5.84972 -42.9712 4.8 1.4 1.1 3.2
2023.3425 -7.61568 -45.0809 7.9 1.4 1.1 3.2
2023.3452 -8.00198 -42.9712 5.8 1.4 1.1 3.2
2023.3479 -9.87831 -45.0809 -4.2 1.4 1.1 3.2
2023.3507 -10.099 -46.5244 0.2 1.4 1.1 3.2
2023.3534 -4.69082 -41.3056 -2.6 1.4 1.1 3.5
2023.3562 -2.04188 -38.3077 5.8 1.4 1.1 3.5
2023.3589 -2.59375 -41.3056 2.3 1.4 1.1 3.5
2023.3616 -2.86967 -45.8582 -8.5 1.4 1.1 3.2
2023.3644 -2.92486 -45.6361 13.3 1.4 1.1 3.3
2023.3671 -5.18749 -42.8602 6.2 1.4 1.1 3.4
2023.3699 -14.0173 -45.8582 -2.9 1.4 1.1 3.4
2023.3726 -12.3617 -48.1899 3.2 1.4 1.1 3.4
2023.3753 -7.119 -46.4133 0.1 1.4 1.1 3.2
2023.3781 -7.00863 -41.4167 0.9 1.5 1.1 3.4
2023.3808 0.551861 -41.4167 -3 1.5 1.2 3.6
2023.3836 -8.38828 -45.9692 -2.7 1.5 1.1 3.6
2023.3863 -7.39493 -41.9719 -15.4 1.5 1.1 3.5
2023.3890 -8.66421 -42.7491 -10.6 1.4 1.1 3.5
2023.3918 -3.86302 -44.3036 -4.2 1.4 1.1 3.5
2023.3945 -4.02858 -43.8595 0 1.4 1.1 3.3
2023.3973 -3.80784 -44.3036 -3.2 1.4 1.1 3.3
2023.4000 -9.98868 -42.305 -13.9 1.5 1.2 3.3
2023.4027 -10.8165 -44.8588 -4.4 1.4 1.1 3.4
