2005.5397 0 0 0 1.2 0.8 2.6
2005.5425 0.702828 -3.99719 -11.9 1.3 0.9 2.6
2005.5452 0.270318 -2.44273 -12.4 1.4 1.0 2.8
2005.5479 2.91944 -2.44273 -14.3 1.2 0.8 2.5
2005.5507 0.648765 -0.888264 -7.9 1.2 0.8 2.6
2005.5534 3.29788 -3.44202 -9 1.3 0.9 2.6
2005.5562 2.32474 0 -5.7 1.5 1.1 3.3
2006.5041 -17.3004 1.22136 1.8 2.1 1.8 4.7
2006.5068 -18.1654 4.21925 -3.5 1.2 0.8 2.6
2006.5096 -22.9771 2.10963 -9.7 1.2 0.9 2.6
2006.5123 -19.7873 2.99789 -0.8 1.2 0.8 2.6
2006.5151 -18.9763 3.10892 0.5 1.2 0.8 2.6
2006.5178 -20.5983 1.99859 -2.7 1.2 0.8 2.6
2007.5315 -33.4113 4.10822 23.7 1.2 0.9 2.5
2007.5342 -37.2499 6.77301 17.5 1.3 0.9 2.5
2007.5370 -34.6548 5.99578 22.3 1.1 0.8 2.4
2007.5397 -35.0332 6.21785 18.4 1.1 0.8 2.4
2007.5425 -39.6287 6.21785 24.4 1.1 0.8 2.4
2007.5452 -36.493 6.88405 18.8 1.1 0.8 2.4
2007.5479 -35.4117 8.99367 22.4 1.4 0.9 2.8
2008.5616 -64.8223 15.6557 41.8 1.1 0.9 2.4
2008.5644 -63.2545 18.8756 31 1.2 0.9 2.4
2008.5671 -67.2552 15.2115 37.4 1.1 0.9 2.4
2008.5699 -66.5524 13.435 25.2 1.1 0.9 2.3
2008.5726 -67.3633 15.1005 32.5 1.1 0.9 2.4
2008.5753 -66.8227 16.2108 34.3 1.2 0.9 2.4
2008.5781 -68.4446 16.655 37.6 1.1 0.9 2.4
2008.5808 -62.6057 18.5425 35.6 1.1 0.9 2.4
2008.5836 -67.7958 17.6542 29.9 1.1 0.9 2.4
2008.5863 -68.1743 17.2101 28 1.1 0.9 2.4
2008.5890 -65.9577 15.8777 38.8 1.1 0.9 2.4
2008.5918 -66.0117 17.8763 35.8 1.1 0.9 2.4
2008.5945 -67.9039 15.4336 35 1.1 0.9 2.4
2008.5973 -64.1736 17.5432 36.5 1.1 0.9 2.4
2008.6000 -71.4181 16.877 31.4 1.5 1.2 3.0
2008.6027 -73.2022 12.5467 32.4 2.2 2.2 4.4
2008.6055 -68.1743 16.988 33.3 1.4 1.0 2.8
2008.6082 -72.1209 15.6557 37.7 1.4 1.0 2.9
2008.6110 -68.6068 15.6557 33.2 1.1 0.9 2.4
2008.6137 -68.769 15.8777 39.1 1.1 0.9 2.4
2008.6164 -68.3365 16.4329 40 1.1 0.9 2.4
2008.6192 -69.0393 16.988 44.5 1.5 1.2 3.0
2008.6219 -66.8767 15.3226 53.1 2.6 2.0 4.6
2008.6247 -71.8506 16.0998 41.8 1.8 1.4 3.4
2008.6274 -67.2552 15.4336 37.1 1.5 1.2 3.0
2008.6301 -67.1471 14.9895 37.7 1.4 1.0 2.7
2008.6329 -68.823 13.9902 41.8 1.4 1.0 2.7
2008.6356 -67.5255 14.5453 43.9 1.1 0.9 2.4
2008.6384 -71.9047 13.1019 42.4 1.6 1.3 3.2
2008.6411 -67.9039 13.1019 29 2.0 1.5 3.8
2008.6438 -68.9312 15.2115 27.8 1.7 1.3 3.3
2008.6466 -70.8234 14.9895 31.5 2.1 1.7 4.1
2008.6493 -68.2283 13.7681 27.6 1.5 1.1 2.9
2008.6548 -70.1206 19.4308 31.5 3.5 2.2 5.8
2008.6575 -67.3092 16.2108 42.7 3.4 3.0 5.8
2008.6603 -70.8774 18.6535 38 2.4 1.8 4.4
2008.6630 -67.3633 14.7674 28.8 1.8 1.3 3.5
2008.6658 -74.9863 7.21715 33.1 2.6 1.9 5.3
2008.6685 -69.5799 14.7674 38.5 1.5 1.1 3.0
2008.6712 -71.6343 11.9916 48.5 1.8 1.4 3.6
