1995.7534 0 0 0 2.0 1.6 4.5
1995.7562 1.32925 7.10899 9.5 2.0 1.3 3.9
1995.7589 -3.25666 4.33204 2.3 2.0 1.6 4.4
1995.7616 -13.7577 -4.10989 -1.4 2.0 1.3 3.8
1995.7890 -3.85482 -2.11048 1.7 1.9 1.6 4.2
1995.7918 -2.45911 3.22126 16.8 2.0 1.2 4.0
2002.4082 -105.276 -59.4267 7.7 2.1 1.4 4.1
2002.4110 -104.678 -60.4265 5.5 1.7 1.1 3.4
2002.4137 -110.593 -57.4273 23.9 2.2 1.4 4.3
2002.4164 -105.409 -58.7603 8.5 1.8 1.2 3.6
2002.4219 -112.322 -59.76 14 2.4 1.6 4.1
2002.4247 -107.802 -56.4276 0 2.0 1.3 3.7
2006.4521 -166.887 -89.4178 -9.2 2.0 1.7 4.0
2006.4548 -168.15 -96.3047 11.8 1.7 1.1 3.5
2006.4575 -165.757 -100.526 1.5 2.3 1.8 4.4
2006.4603 -175.195 -92.8612 16.7 1.4 1.0 3.0
2006.4658 -168.482 -103.191 -0.3 2.0 1.9 4.3
2006.4685 -168.881 -97.1933 17.7 1.7 1.1 3.4
2011.4575 -245.047 -146.29 9.4 1.6 1.2 3.6
2011.4603 -254.352 -145.068 5.2 1.6 1.2 3.6
2011.4685 -242.92 -148.067 4 1.6 1.2 3.5
