1995.6767 0 0 0 2.1 1.5 4.5
1995.6795 1.65644 0.333303 5.5 2.0 1.3 3.9
1995.7781 -3.52895 2.55533 5.4 2.0 1.6 4.5
1995.7808 0.504134 6.44387 10.8 1.4 0.9 2.8
1995.7836 -1.58443 4.33295 5.2 1.4 0.9 2.7
1995.7863 -15.1961 8.33259 7.8 2.2 1.2 3.8
1999.4329 -51.7099 -33.4415 6.9 2.7 1.6 4.6
1999.4356 -61.0724 -36.1079 1.9 1.7 1.1 3.3
1999.4384 -49.1892 -31.4416 11.7 2.6 1.6 4.6
1999.4411 -57.6875 -35.5524 -5.7 1.7 1.1 3.3
1999.5342 -54.7347 -24.9978 19.2 2.4 1.8 4.9
1999.5370 -51.4218 -24.8867 16.7 1.8 1.1 3.3
2002.4137 -103.78 -63.2166 8.5 2.1 1.4 4.1
2002.4164 -100.251 -61.7723 -5.1 1.8 1.2 3.6
2002.4411 -99.3867 -64.1054 0.6 2.0 1.4 3.8
2002.4438 -100.755 -62.8833 -3.5 1.3 0.9 2.7
2002.4466 -100.899 -65.3275 0.3 1.8 1.1 3.7
2006.4575 -137.701 -101.324 -14.9 3.8 2.2 5.8
2006.4603 -156.57 -102.324 -4.9 1.3 0.9 2.9
2006.4849 -150.953 -99.5467 -15.2 2.3 1.8 4.5
2006.4877 -153.401 -101.991 -3.2 1.3 0.9 2.7
2006.4904 -154.698 -104.102 -5 1.4 0.9 3.0
2011.4493 -222.54 -151.542 -10.6 1.6 1.2 3.4
2011.4521 -227.509 -149.876 -10.9 1.6 1.2 3.4
2011.4740 -226.213 -151.542 -17.7 1.6 1.2 3.5
