2001.8658 0 0 0 1.3 1.0 2.6
2001.8685 1.28841 -0.222117 6.7 1.3 1.1 2.8
2001.8712 1.59517 -3.9981 9.6 1.3 1.0 2.7
2001.8740 3.92657 -5.66398 -1.8 1.5 1.0 2.9
2001.8767 3.31304 -2.44328 -4.7 1.4 1.1 2.9
2001.8795 6.68744 -2.44328 3.5 1.3 1.0 2.7
2001.8822 5.33768 -2.55434 4.7 1.3 1.0 2.6
2001.8849 5.27633 -2.33223 4.7 1.5 1.1 2.9
2001.8877 3.4971 -1.77693 8.7 1.4 1.1 2.8
2001.8904 3.31304 -5.3308 11.9 1.6 1.2 3.2
2001.8932 2.39276 -3.66493 4.5 1.3 1.0 2.7
2001.8959 -1.59517 -1.66588 -0.1 1.3 1.0 2.8
2001.8986 6.56474 0.777409 -1.5 2.0 1.5 3.9
2001.9014 -5.03092 -10.3284 -10 2.5 1.5 3.8
2001.9041 1.47246 -2.88752 -6.5 1.6 1.0 2.8
2001.9068 6.62609 -3.55387 -0.1 1.2 1.0 2.6
2001.9096 6.07392 -3.33175 -2.3 1.3 1.0 2.7
2001.9123 5.27633 -4.55339 3.4 1.2 0.9 2.5
2001.9151 6.50338 -4.10916 6.4 1.2 0.9 2.6
2001.9178 7.30097 0.111059 10.6 1.2 0.9 2.6
2001.9205 9.32561 -2.99858 -3.2 1.8 1.3 3.4
2001.9233 9.0802 -0.66635 -2.1 1.3 1.0 2.6
2001.9260 5.76715 -0.66635 9.7 1.2 1.0 2.7
2001.9288 7.66909 0.444233 12.9 1.3 1.1 2.7
2001.9315 -0.674879 -2.55434 6 1.3 1.0 2.7
2001.9342 3.98792 -2.77646 2.8 1.2 1.0 2.7
2001.9370 6.56474 -2.44328 8.7 1.2 1.0 2.6
2001.9397 3.80387 -2.88752 0.8 1.3 1.0 2.6
2001.9425 8.0372 -3.22069 13.4 1.4 1.0 2.8
2001.9452 3.4971 -2.11011 3.7 1.4 1.0 2.9
2001.9479 12.0251 -0.111058 1.8 1.5 1.1 2.9
2001.9507 14.9701 8.21832 11.6 1.3 1.0 2.7
2001.9534 11.2275 -3.22069 6.5 1.2 1.0 2.7
2001.9562 8.28261 -3.10963 5.6 1.4 1.0 2.9
2001.9589 8.22126 -2.88752 8.6 1.3 1.0 2.8
2001.9616 7.97585 -2.22117 5.5 1.4 1.2 2.8
2001.9644 2.39276 -1.99905 5.7 1.2 1.0 2.6
2001.9671 5.21498 -5.55292 5.4 1.2 0.9 2.6
2001.9699 6.62609 -2.99858 7.6 1.2 1.0 2.7
2001.9726 6.50338 -1.77693 10.3 1.4 1.0 2.7
2001.9753 5.39904 -4.44233 -2.1 1.3 1.0 2.8
2001.9781 4.04928 -3.9981 8 1.3 1.0 2.8
2001.9808 11.7797 -4.66445 11.3 1.7 1.2 3.2
2001.9836 6.9942 -5.77503 0.2 1.2 0.9 2.6
2001.9863 6.74879 -2.11011 2.1 1.3 1.0 2.7
2001.9890 4.96957 -6.99668 1.9 1.2 1.0 2.6
2001.9918 5.33768 -4.88657 -0.4 1.2 0.9 2.6
2001.9945 5.8285 -3.9981 -0.3 1.4 1.0 2.8
2001.9973 2.94493 -5.77503 -2.2 1.5 1.1 2.9
2002.0000 10.0618 -2.44328 -2.7 1.5 1.0 2.8
2002.0027 3.98792 -4.66445 3.2 1.4 1.0 2.7
2002.0055 2.2087 -7.32985 3.4 1.4 1.0 2.8
2002.0082 -1.71787 -4.99763 1.7 1.3 1.0 2.7
2002.0110 0.736233 -5.21974 -5.9 1.3 1.0 2.7
2002.0137 5.76715 -4.77551 3.9 1.3 1.0 2.7
2002.0164 3.74251 -6.6635 11 1.4 1.1 2.8
2002.0192 4.5401 -3.33175 11.4 1.4 1.0 2.8
2002.0219 -2.2087 -5.21974 -1.1 1.6 1.1 3.0
2002.0247 -0.490821 -1.11058 -2.1 1.4 1.1 2.9
2002.0274 12.4546 0.999525 -0.2 2.0 1.3 3.3
2002.0301 1.53382 -5.3308 -1 1.7 1.2 3.2
2002.0329 3.74251 0.888467 -3.8 1.6 1.2 3.1
2002.0356 -2.51546 -4.33128 -12 1.3 1.1 2.8
2002.0384 -3.3744 -6.10821 -9.4 1.3 1.0 2.8
2002.0411 -0.122706 -5.88609 -4.8 1.4 1.0 2.8
2002.0466 1.77923 -4.55339 2.5 1.5 1.0 2.8
2002.0521 2.02464 -6.88562 -3.7 1.8 1.1 3.0
2002.0548 -0.122706 -4.55339 -2.1 1.4 1.0 2.8
2002.0575 2.02464 -6.88562 2.1 1.3 1.0 2.7
2002.0603 1.04299 -4.22022 -1.9 1.3 1.0 2.7
2002.0630 -2.39275 -5.55292 7.5 1.3 1.0 2.8
2002.0658 -5.8285 -5.77503 3.2 1.6 1.1 2.9
2002.0685 6.13527 -6.55244 -1.6 1.4 1.0 2.8
2002.0712 3.43575 -4.88657 -3 1.2 0.9 2.6
2002.0740 3.61981 -3.44281 -3.9 1.3 1.0 2.7
2002.0767 1.53382 -5.66398 -5.5 1.3 1.0 2.7
2002.0795 4.96957 -5.88609 -7.2 1.3 1.0 2.7
2002.0822 0.674879 -7.32985 2.4 1.4 1.0 2.9
2002.0849 -0.490821 -7.77408 1.9 1.3 0.9 2.7
2002.0877 2.76087 -6.55244 -8.7 1.8 1.1 3.3
2002.0904 3.98792 -6.33033 -4.2 1.8 1.2 3.4
2002.0932 0.368116 -6.33033 4.5 1.3 1.0 2.7
2002.0959 2.51546 -7.77408 4.3 1.4 1.1 2.9
2002.0986 8.83479 -3.10963 -1.7 1.6 1.1 2.9
2002.1014 5.46039 -4.88657 -0.7 1.6 1.1 2.9
2002.1041 3.80387 -8.77361 -0.6 1.5 1.1 2.8
2002.1068 1.41111 -3.33175 -2.8 1.4 1.0 2.7
2002.1096 4.60145 -8.44043 -1.1 1.3 1.0 2.7
2002.1123 1.10435 -6.6635 3 1.3 0.9 2.7
2002.1151 10.3686 -8.44043 1.5 1.6 1.0 2.9
2002.1178 5.76715 -5.21974 4.9 1.3 1.0 2.8
2002.1205 -3.98792 -9.77314 -15.8 2.6 1.5 4.1
2002.1233 0.306764 -8.21832 2.5 1.4 1.0 2.8
2002.1260 7.60773 -3.66493 9.6 1.4 1.0 2.8
2002.1288 -1.96329 -5.99715 1.3 1.4 1.0 2.7
2002.1315 0.490821 -6.88562 -6.3 1.3 1.0 2.7
2002.1342 -0.24541 -2.44328 6.5 1.4 1.0 2.8
2002.1370 9.01884 -8.44043 9.4 1.3 0.9 2.6
2002.1397 7.85314 -11.9943 16.7 1.4 1.0 2.9
2002.1425 -1.96329 -5.77503 -7.6 1.5 1.0 2.8
2002.1452 2.82222 -7.21879 -3 1.3 0.9 2.8
2002.1479 6.74879 -6.88562 1.6 1.3 0.9 2.6
2002.1507 4.11063 -5.10868 3.6 1.3 0.9 2.6
2002.1534 4.84686 -11.2169 -0.1 1.5 1.0 2.8
2002.1562 -0.368116 -2.88752 -18.5 1.6 1.0 3.3
2002.1589 0.122706 -2.99858 -7.7 1.4 1.0 3.0
2002.1616 5.46039 -14.1044 -3.9 1.8 1.1 3.1
2002.1644 0.552173 -5.99715 -1 1.4 1.0 3.0
2002.1671 0.429469 -6.99668 11.1 1.4 1.0 2.8
2002.1699 4.41739 -6.10821 -3.1 2.1 1.2 3.4
2002.1726 3.43575 -7.77408 -6.7 1.3 1.0 2.8
2002.1781 7.66909 -8.55149 -7.8 1.6 1.1 3.0
2002.1808 0.306764 -8.44043 -10.6 1.4 1.0 2.9
2002.1836 4.90821 -7.9962 -7.6 1.5 1.0 2.8
2002.1863 6.56474 -6.77456 -9.4 1.5 1.0 2.9
2002.1890 5.33768 -7.77408 -5.4 1.4 1.0 2.7
2002.1918 2.63816 -7.55197 -5.9 1.4 1.0 2.8
2002.1945 1.71787 -7.77408 -3.6 1.3 0.9 2.7
2002.1973 0.858937 -5.55292 -4.8 1.3 0.9 2.7
2002.2000 1.96329 -5.88609 -2.5 1.3 0.9 2.6
2002.2027 1.47246 -7.21879 -10.5 1.3 0.9 2.6
2002.2055 1.41111 -7.55197 -5.3 1.3 0.9 2.7
2002.2110 5.03092 -8.88467 -8.2 1.4 1.0 2.9
2002.2137 7.05556 -4.10916 -6.7 1.4 1.0 2.8
2002.2164 -2.08599 -7.9962 -4.4 1.3 0.9 2.7
2002.2192 2.51546 -5.99715 -9.6 1.4 0.9 2.8
2002.2219 2.63816 -6.77456 -7.4 1.3 1.0 2.7
2002.2247 7.05556 -7.44091 -8.6 1.4 1.0 2.8
2002.2274 9.57102 -3.66493 -23.6 2.4 1.4 3.8
2002.2301 -0.429469 -9.21784 4.3 1.3 1.0 2.8
2002.2329 4.41739 -6.6635 -3 1.3 1.0 2.7
2002.2356 -0.736231 -9.21784 -6.3 1.3 1.0 2.8
2002.2384 0.981643 -8.99573 -13.9 1.4 1.0 2.8
2002.2411 -0.674879 -7.88514 -5.3 1.3 0.9 2.7
2002.2438 2.3314 -5.99715 -12.8 1.6 1.1 3.0
2002.2466 -1.90193 -3.9981 -6.6 1.6 1.0 2.9
2002.2493 2.88358 -9.3289 -16.2 1.5 1.0 2.9
2002.2521 7.23962 -6.77456 -17.3 1.5 1.0 2.9
2002.2548 1.96329 -7.32985 -9.1 1.4 1.0 2.7
2002.2575 4.72416 -9.21784 -8.9 1.4 1.0 2.8
2002.2603 4.90821 -8.99573 1.4 1.4 1.1 2.8
2002.2630 1.77923 -8.99573 -6.9 1.3 1.0 2.7
2002.2658 0.429469 -7.66303 -6.6 1.3 1.0 2.7
2002.2685 -1.22705 -8.77361 -6.7 1.4 1.0 2.9
2002.2712 -4.41739 -9.10679 -9.2 1.4 1.1 3.0
2002.2740 -0.24541 -9.21784 -0.8 1.5 1.1 2.9
2002.2767 3.31304 -7.32985 -8.9 1.3 1.0 2.8
2002.2795 -1.10435 -9.66208 -7 1.2 0.9 2.6
2002.2822 1.71787 -9.66208 -8.8 1.5 1.0 2.8
2002.2849 -2.39275 -8.88467 -5.1 1.3 1.1 2.8
2002.2877 -3.3744 -8.44043 -8.9 1.3 1.0 2.7
2002.2932 -0.061352 3.55387 -34.6 3.0 2.3 6.0
2002.2959 3.43575 -10.2174 -12.8 2.4 1.6 4.1
2002.2986 5.64445 -12.3275 -10.7 1.7 1.2 3.2
2002.3014 3.31304 -9.3289 -10.1 2.0 1.4 3.7
2002.3041 -2.2087 -10.5505 -1.7 1.2 1.0 2.6
2002.3068 -3.25169 -7.44091 -7.5 1.3 1.1 2.9
2002.3096 2.39276 -9.66208 -6.3 1.6 1.1 2.9
2002.3123 -0.24541 -7.55197 -7.2 1.3 0.9 2.6
2002.3151 0.061352 -6.6635 -12.4 1.4 1.1 2.8
2002.3178 -2.27005 -7.9962 -7.2 1.2 1.0 2.7
2002.3205 -5.15362 -8.44043 -11.4 1.2 1.0 2.7
2002.3233 -2.63816 -9.43996 -6.4 1.4 1.0 2.8
2002.3260 -1.84058 -7.21879 -5.5 1.3 1.0 2.8
2002.3288 0.736233 -6.99668 -14.7 1.2 1.0 2.8
2002.3315 -0.368116 -7.55197 -9.8 1.2 1.0 2.8
2002.3342 -4.35604 -8.99573 -8.9 1.2 0.9 2.6
2002.3370 -2.57681 -10.1063 -7.2 1.2 1.0 2.8
2002.3397 -4.78551 -7.77408 -10.7 1.2 0.9 2.7
2002.3425 -2.51546 -6.44138 -9.9 1.2 0.9 2.7
2002.3452 -0.552173 -9.77314 -13.5 1.3 1.0 2.9
2002.3479 -1.84058 -9.66208 -9.1 1.3 1.0 2.8
2002.3507 -2.88357 -10.3284 -4.8 1.2 0.9 2.6
2002.3534 -1.10435 -7.9962 -12 1.2 1.0 2.7
2002.3562 -3.06763 -9.77314 -7.2 1.2 0.9 2.7
2002.3589 3.19034 -5.55292 -17.1 1.4 1.1 2.9
2002.3616 -0.122706 -6.33033 -4.5 1.3 1.0 3.0
2002.3644 -4.60145 -8.66255 -13.3 1.2 1.0 2.8
2002.3671 2.63816 -9.10679 -7.5 1.6 1.1 3.0
2002.3699 -2.14734 -9.43996 -9.9 1.3 1.0 2.8
2002.3726 -4.78551 -10.7727 -7.7 1.2 1.0 2.7
2002.3753 -2.51546 -10.3284 -5.8 1.2 1.0 2.7
2002.3781 -2.3314 -8.88467 -1.7 1.2 0.9 2.7
2002.3808 -2.57681 -5.3308 0.7 1.6 1.1 2.9
2002.3836 -3.43575 -9.77314 -6.2 1.3 1.0 2.8
2002.3863 -2.27005 -10.2174 -8.8 1.2 0.9 2.7
2002.3890 -1.96329 -7.32985 -9.4 1.2 1.0 2.7
2002.3918 -5.03092 -7.55197 -9.2 1.3 1.1 2.8
2002.3945 -2.39275 -9.21784 -12.8 1.2 1.0 2.7
2002.3973 -0.736231 -7.21879 -16.2 1.2 1.0 2.8
2002.4000 -0.490821 -7.77408 -6.3 1.2 1.0 2.7
2002.4027 1.41111 -6.88562 -11.9 2.1 1.7 4.3
2002.4055 -3.43575 -11.2169 -6.9 2.1 1.6 4.5
2002.4082 -1.41111 -12.8828 -1 2.2 1.4 3.9
2002.4110 -5.27633 -14.2155 -9.2 3.2 1.6 4.7
2002.4137 -2.76087 -11.439 -2.7 2.2 1.6 4.0
2002.4164 -0.122706 -8.99573 -8.7 2.7 2.1 4.6
2002.4219 -5.46039 -7.21879 -6.3 3.0 1.8 4.5
2002.4247 -5.03092 -8.10726 -13.6 2.6 2.2 4.8
2002.4301 -2.88357 -11.1058 -6.3 1.2 1.0 2.7
2002.4329 -4.04928 -9.10679 -8.3 1.3 1.0 2.9
2002.4356 -0.24541 -8.77361 -8.5 1.2 1.0 2.7
2002.4384 -4.6628 -12.8828 -9.4 1.3 1.0 2.8
2002.4411 -1.41111 -10.3284 -8 1.3 1.0 2.9
2002.4438 -2.69952 -9.3289 -8.5 1.4 1.0 2.9
2002.4466 -1.96329 -8.55149 -9.9 1.3 1.0 2.9
2002.4493 -2.57681 -9.3289 -1 1.3 1.0 2.9
2002.4521 -0.306764 -11.9943 3.1 1.3 1.0 3.0
2002.4548 -3.61981 -8.77361 -3.7 1.2 0.9 2.7
2002.4575 -2.27005 -9.10679 -0.4 1.2 1.0 2.8
2002.4603 -4.6628 -11.5501 -3.5 1.2 1.0 2.8
2002.4658 -8.0372 -5.99715 -31.1 17.5 10.1 19.4
2002.4685 -20.4918 -9.99525 -8.6 8.8 4.4 9.0
2002.4740 -3.98792 -9.10679 1.2 1.2 1.0 2.8
2002.4767 -2.27005 -7.9962 3.9 1.5 1.0 2.9
2002.4795 -6.25797 -5.21974 1.5 1.3 1.0 2.8
2002.4822 -1.10435 -6.88562 4.2 1.3 1.0 2.8
2002.4849 -6.8715 -11.439 -1 1.4 1.0 3.0
2002.4877 -6.9942 -11.1058 -1.2 1.3 1.0 2.9
2002.4904 -4.5401 -10.4395 -5.5 1.4 1.1 2.9
2002.4932 -6.38068 -11.8832 2.1 1.3 1.0 2.7
2002.4959 -6.44203 -12.2164 1.8 1.4 1.0 3.0
2002.4986 -7.30097 -11.1058 -1.8 1.7 1.3 3.4
2002.5014 -9.50967 -4.99763 -14.6 3.5 1.9 4.4
2002.5041 -4.78551 -3.9981 -2.2 3.0 2.0 4.6
2002.5068 -4.23334 -6.77456 -2.3 2.9 1.8 4.1
2002.5096 -2.3314 -8.88467 -6.5 3.1 1.9 4.4
2002.5123 -1.96329 -4.10916 -12.3 3.0 1.9 4.2
2002.5151 -2.14734 -6.77456 -4.5 3.1 2.1 4.8
2002.5178 3.12899 -7.55197 3.6 2.6 1.7 3.9
2002.5205 -5.8285 -9.55102 -9.2 2.3 1.3 3.7
2002.5233 -10.3686 -10.7727 2.2 1.5 1.2 3.0
2002.5260 -3.86522 -10.2174 -4.3 1.3 1.0 2.8
2002.5288 -4.04928 -6.6635 1.6 1.5 1.2 3.0
2002.5315 -7.36232 -11.2169 7.1 1.2 0.9 2.7
2002.5342 -5.33768 -13.1049 -4.8 1.4 1.0 2.8
2002.5370 -6.93285 -12.5496 -5.9 1.5 1.0 3.0
2002.5397 -6.13527 -11.7722 2.1 1.3 1.0 2.8
2002.5425 -10.43 -12.7717 -4.2 1.5 1.1 3.1
2002.5452 -7.66908 -10.1063 6.5 1.4 1.2 3.1
2002.5479 -7.66908 -10.8837 3.1 1.3 1.0 2.9
2002.5507 4.41739 -15.8813 2.5 4.2 1.9 6.1
2002.5671 -7.30097 -13.9934 -1.4 1.4 1.0 2.9
2002.5699 -8.1599 -8.88467 6.3 1.3 1.0 2.8
2002.5726 -6.38068 -11.2169 -0.7 1.5 1.0 3.0
2002.5753 -6.9942 -10.7727 -0.7 1.4 1.0 2.9
2002.5781 -6.13527 -10.1063 0.3 1.4 1.0 3.0
2002.5808 -4.04928 -11.8832 1.3 1.4 1.0 2.9
2002.5836 -5.39904 -11.5501 -0.7 1.4 1.0 2.9
2002.5863 -2.39275 -10.8837 2.9 1.7 1.0 3.0
2002.5890 -10.1232 -8.66255 -2.4 1.3 1.0 2.8
2002.5918 -7.42367 -12.7717 -3 1.4 1.0 2.8
2002.5945 -8.95749 -9.21784 -0.2 1.3 1.0 2.8
2002.5973 -5.64445 -12.2164 2.7 1.3 1.0 2.8
2002.6000 -7.79179 -8.88467 4.6 1.4 1.0 2.9
2002.6027 -7.36232 -9.66208 5.1 1.3 1.0 2.8
2002.6055 -6.56474 -11.7722 5.8 1.5 1.0 2.9
2002.6082 -7.11691 -10.3284 1.2 1.5 1.0 3.0
2002.6110 -7.79179 -10.7727 7.9 1.4 1.0 2.8
2002.6137 -10.614 -12.2164 17 1.5 1.0 2.9
2002.6164 -8.1599 -10.9948 1.1 1.4 1.0 2.9
2002.6192 -6.01256 -11.328 10.5 1.5 1.0 2.9
2002.6219 -10.2459 -7.9962 6.1 1.3 0.9 2.7
2002.6247 -7.11691 -10.7727 -5.9 1.5 1.0 2.9
2002.6274 -6.13527 -9.99525 3.9 1.4 1.0 2.9
2002.6301 -5.95121 -14.2155 4.1 1.4 1.0 2.8
2002.6329 -8.95749 -10.4395 -4.6 1.5 1.1 3.0
2002.6356 -8.77343 -12.6607 8.5 1.3 1.0 2.9
2002.6384 2.27005 -12.2164 -10.9 2.3 1.3 3.5
2002.6411 -10.8594 -9.21784 1.2 1.6 1.1 2.9
2002.6438 -8.95749 -9.66208 -1.3 1.4 1.0 2.9
2002.6466 -3.25169 -9.55102 1.7 1.4 1.0 2.8
2002.6493 -4.60145 -8.99573 -5 1.6 1.2 3.1
2002.6521 -7.36232 -9.88419 8.7 1.7 1.1 3.1
2002.6548 -9.44831 -10.3284 1.4 1.3 0.9 2.8
2002.6575 -8.28261 -13.1049 2.1 1.3 0.9 2.8
2002.6603 -8.58937 -11.439 -6.6 1.4 1.0 2.8
2002.6630 -9.50967 -5.77503 -2 1.6 1.2 3.1
2002.6658 -8.46667 -9.43996 -1 2.0 1.2 3.4
2002.6685 -5.33768 -10.7727 -1.4 1.5 1.1 3.0
2002.6712 -7.85314 -6.6635 6 1.5 1.1 2.8
2002.6740 -5.7058 -10.9948 6.6 1.4 1.0 2.9
2002.6767 -14.9701 -10.6616 -1.5 1.9 1.4 3.4
2002.6795 -8.95749 -15.6592 4 1.6 1.0 2.9
2002.6822 -9.69372 -13.8823 1.2 1.6 1.0 3.1
2002.6849 -8.28261 -12.9938 5.6 1.8 1.2 3.4
2002.6877 -18.958 -13.5491 -10.8 1.6 1.1 3.1
2002.6904 -11.2275 -11.9943 -2.6 1.6 1.1 3.1
2002.6932 -6.07392 -15.215 6.5 2.0 1.3 3.1
2002.6959 -5.52174 -13.9934 7.1 1.7 1.1 3.1
2002.6986 -5.8285 -9.88419 7.5 1.9 1.2 3.2
2002.7014 -6.56474 -15.5482 10.3 1.6 1.0 2.9
2002.7041 -6.81015 -12.8828 3.6 1.6 1.1 2.9
2002.7068 -6.56474 -7.21879 4.5 1.6 1.1 3.1
2002.7096 -5.52174 -12.2164 1.6 1.5 1.1 3.0
2002.7123 -8.0372 -10.4395 13.3 1.9 1.1 3.1
2002.7151 -4.78551 -11.439 8 1.5 1.0 3.0
2002.7178 -4.29469 -15.215 7.4 1.6 1.0 2.9
2002.7205 -11.473 -11.8832 2 1.7 1.1 3.1
2002.7233 -6.13527 -11.5501 16.3 1.7 1.1 3.1
2002.7260 -4.17198 -10.4395 8.9 1.6 1.1 3.0
2002.7288 -6.9942 -10.1063 -1.1 1.5 1.1 3.0
2002.7315 -11.2889 -13.6602 13.3 1.8 1.1 3.1
2002.7342 -4.72416 -10.9948 1.6 1.5 1.1 3.1
2002.7370 -4.78551 -12.3275 -2.1 2.1 1.2 3.4
2002.7534 -6.8715 -12.3275 4.9 1.7 1.2 3.2
2002.7562 -1.22705 -13.7712 -0.9 1.5 1.1 3.1
2002.7589 -3.3744 -14.4376 4.5 1.9 1.4 3.6
2002.7616 -5.95121 -14.7708 5.6 1.5 1.1 3.0
2002.7644 -7.73044 -12.4385 5.4 1.5 1.0 3.0
2002.7671 -13.0681 -20.7679 -0.8 3.9 1.6 4.9
2002.7726 0 -16.7698 2 3.2 2.4 5.7
2002.7753 -7.30097 -12.9938 13.5 1.6 1.1 3.1
2002.7781 -8.40532 -17.9915 3.4 2.1 1.2 3.6
2002.7973 -10.7367 -16.3256 6.8 2.1 1.2 3.6
2002.8000 -8.52802 -18.3246 -0.7 1.3 1.0 2.9
2002.8027 -8.0372 -13.6602 3.5 1.4 1.1 3.0
2002.8055 -10.4913 -12.9938 10.2 1.3 1.0 2.8
2002.8082 -13.2522 -14.6597 6.3 1.3 1.0 2.9
2002.8110 -12.8227 -14.6597 5.4 1.3 1.0 2.8
2002.8137 -4.78551 -13.9934 -10.6 2.1 1.8 4.5
2002.8164 -7.73044 -15.3261 3.5 1.5 1.2 3.1
2002.8192 -11.5957 -18.1025 6 1.5 1.0 2.9
2002.8219 -9.14155 -14.1044 -3.1 2.4 1.5 4.4
2002.8247 -9.14155 -13.7712 0.6 1.5 1.1 3.1
2002.8301 -4.04928 -13.5491 1.8 1.6 1.1 3.1
2002.8329 -11.1662 -18.1025 0.3 1.2 1.0 2.9
2002.8356 -7.17826 -15.6592 0.4 1.3 1.0 2.8
2002.8384 -12.3319 -15.7703 2.7 2.0 1.3 3.6
2002.8411 -18.4672 -21.4343 -13 5.1 2.7 6.5
2002.8438 -5.21498 -18.8799 -3.9 1.4 1.1 3.0
2002.8466 -11.5957 -15.215 6.8 1.4 1.1 3.0
2002.8493 -10.9208 -13.9934 6.8 1.4 1.0 3.0
2002.8548 -11.7184 -10.8837 1 1.4 1.0 2.9
2002.8575 -9.38696 -16.2145 4.2 1.3 1.0 2.9
2002.8603 -11.8411 -15.6592 6 1.4 1.1 3.1
2002.8630 -10.0005 -15.7703 7.5 1.3 1.0 2.9
2002.8658 -15.9517 -15.9924 10.7 1.4 1.1 3.0
2002.8685 -8.46667 -15.215 9.8 1.3 1.0 2.9
2002.8712 -7.54638 -16.2145 3.5 1.3 1.0 2.9
2002.8740 -4.41739 -15.215 -4.6 1.3 1.0 2.9
2002.8767 -8.40532 -16.4366 1.2 1.5 1.1 3.1
2002.8795 -8.95749 -13.8823 6.9 1.3 1.0 3.0
2002.8822 -10.9821 -13.9934 8.6 1.4 1.1 2.9
2002.8849 -9.75507 -14.6597 8.7 1.3 1.0 2.8
2002.8877 -5.33768 -15.7703 4.1 1.5 1.0 2.9
2002.8904 -2.02464 -12.6607 8 2.0 1.3 3.7
2002.8932 -13.0681 -16.1035 3.2 1.3 1.0 2.9
2002.8959 -9.01884 -17.7693 1.9 2.1 1.2 3.3
2002.8986 -7.73044 -14.7708 0.7 1.6 1.1 3.2
2002.9014 -9.81643 -15.8813 5.1 1.6 1.1 3.3
2002.9068 -9.63237 -11.439 -8.8 3.9 1.7 4.6
2002.9096 -7.97585 -17.7693 15.8 6.0 3.3 6.8
2002.9123 -16.3198 -23.3223 -3.4 2.0 1.5 3.6
2002.9151 -5.76715 3.55387 -19.3 3.4 2.5 5.7
2002.9178 -6.19662 -20.879 2.6 4.4 1.9 5.7
2002.9205 -16.872 -20.3237 2.9 3.4 2.3 5.2
2002.9260 -2.3314 -9.3289 13.1 2.4 1.9 4.2
2002.9479 -6.62609 -21.1011 22.1 3.7 1.8 4.4
2002.9534 0.674879 -13.8823 -5.8 3.6 2.6 5.9
2002.9644 -14.2338 -18.3246 3.3 4.7 3.1 6.7
2002.9753 -18.7739 -11.2169 0.3 2.7 1.9 4.7
2002.9781 -9.01884 -17.103 11.1 5.5 3.6 8.3
2002.9808 -11.1662 -17.9915 6.1 3.8 1.9 4.5
2002.9836 -14.9087 -16.3256 -11.4 7.1 3.3 9.2
2003.0247 -8.0372 -13.6602 0.4 1.4 1.0 2.9
2003.0274 -11.1048 -15.4371 -2.6 1.3 1.0 2.9
2003.0301 -9.2029 -14.8818 0.5 1.3 1.0 2.8
2003.0329 -11.1048 -15.4371 1.5 1.3 1.0 2.8
2003.0356 -6.44203 -14.9929 0.7 1.3 1.0 2.8
2003.0384 -5.64445 -12.6607 1.9 1.6 1.2 3.3
2003.0411 -9.63237 -13.6602 1.8 1.3 1.0 2.9
2003.0438 -9.81643 -14.3265 -3.4 1.3 1.0 2.9
2003.0466 -7.79179 -15.8813 4.3 1.4 1.1 2.9
2003.0493 -7.42367 -17.4362 2 1.3 1.0 2.9
2003.0521 -9.75507 -15.4371 6 1.6 1.1 3.1
2003.0548 -8.95749 -15.3261 -9.2 1.3 1.0 2.9
2003.0575 -12.1478 -17.3251 2 1.3 1.0 2.9
2003.0603 -8.22126 -16.6588 -1.1 1.3 1.0 2.8
2003.0630 -8.40532 -18.4357 3.3 1.4 1.0 2.9
2003.0658 -8.09855 -12.8828 6.8 1.5 1.0 2.9
2003.0685 -12.8227 -16.3256 -3.5 1.4 1.0 3.0
2003.0712 -6.25797 -12.4385 8.7 1.4 1.0 3.0
2003.0740 -8.58937 -12.7717 -5 1.6 1.1 3.1
2003.0767 -12.0865 -9.88419 -3.2 1.4 1.0 3.0
2003.0795 -15.5222 -8.44043 8.5 1.3 1.0 2.9
2003.0822 -12.0251 -13.2159 2.2 1.5 1.0 2.9
2003.0849 -16.3812 -11.2169 1 1.4 1.0 2.9
2003.0877 -18.0377 -12.6607 -5.4 1.4 1.0 3.0
2003.0904 -6.50338 -14.6597 -9.4 2.4 1.3 3.7
2003.0932 -16.9333 -10.7727 4.6 1.5 1.0 3.0
2003.0959 -12.1478 -13.6602 7.3 1.5 1.0 3.0
2003.0986 -25.4 -8.77361 -10 1.5 1.1 3.0
2003.1068 -19.2034 -10.3284 1.9 1.4 1.0 2.8
2003.1096 -14.3565 -11.5501 7.1 1.4 1.0 2.9
2003.1151 -15.3995 -13.9934 7.1 3.2 1.5 4.8
2003.1178 -11.5957 -17.214 2 1.4 1.0 3.0
2003.1205 -11.7797 -14.4376 -0.1 1.4 1.0 2.9
2003.1233 -10.9821 -15.7703 11.9 1.4 1.0 2.8
2003.1260 -19.6942 -12.6607 -1.1 1.4 1.0 2.8
2003.1288 -15.3995 -11.7722 2.6 1.4 1.0 2.8
2003.1315 -10.614 -17.5472 -2.4 1.4 1.0 3.0
2003.1342 -18.6512 -11.328 -0.7 1.5 1.0 3.0
2003.1370 -10.0005 -10.6616 6.9 1.4 1.0 3.0
2003.1397 -5.27633 -6.99668 8.2 1.3 1.0 2.9
2003.1425 -9.93913 -13.6602 11.6 1.4 1.0 2.9
2003.1452 -13.2522 -13.8823 0.8 1.4 1.0 2.9
2003.1479 -12.7 -13.6602 6 2.7 1.4 4.5
2003.1507 -11.3502 -16.2145 0.3 1.3 1.0 2.9
2003.1534 -23.3754 -10.7727 3.5 1.6 1.0 3.0
2003.1562 -11.2889 -13.6602 9.1 1.4 1.0 2.9
2003.1589 -4.11063 -11.5501 -5 1.7 1.2 3.4
2003.1616 -11.5957 -13.2159 3 1.4 0.9 2.9
2003.1644 -11.5957 -14.7708 11.6 1.4 1.0 3.0
2003.1671 -9.63237 -12.4385 5.9 1.5 1.0 3.0
2003.1699 -10.3686 -15.5482 12.6 1.3 1.0 2.9
2003.1753 -5.88986 -17.103 6.6 1.5 1.0 2.9
2003.1781 -13.3135 -13.9934 -3.2 1.6 1.1 3.0
2003.1808 -13.743 -14.9929 6.6 1.4 1.0 3.0
2003.1836 -10.4913 -12.6607 4.9 1.5 1.0 3.1
2003.1863 -10.43 -14.2155 7.9 1.3 0.9 2.8
2003.1890 -7.48503 -16.5477 0.1 1.5 1.0 2.9
2003.1918 -11.7797 -14.7708 2.4 1.3 0.9 2.8
2003.1945 -12.3319 -16.9919 4.7 1.5 1.0 2.9
2003.1973 -11.8411 -16.8809 10.3 1.5 1.0 3.0
2003.2000 -9.93913 -19.5463 -0.5 1.7 1.1 3.1
2003.2027 -10.6754 -18.7689 8.9 1.4 1.0 2.9
2003.2055 -15.5836 -17.8804 4.2 1.5 1.0 3.1
2003.2082 -11.657 -15.6592 4.7 1.6 1.1 3.1
2003.2110 -8.65073 -14.3265 3.9 1.5 1.0 3.0
2003.2137 -14.5406 -16.2145 0.1 1.4 1.0 2.8
2003.2164 -13.5589 -13.2159 4.2 1.5 1.0 3.0
2003.2192 -8.34396 -15.1039 -1.2 1.6 1.1 3.1
2003.2219 -12.6387 -12.8828 0.7 1.4 1.0 3.0
2003.2274 -11.7797 -16.1035 6.7 1.3 1.0 2.8
2003.2301 -12.7 -17.5472 4.6 1.4 1.0 3.0
2003.2329 -13.6816 -15.9924 -1.7 1.3 1.0 2.8
2003.2356 -8.58937 -17.3251 -8.2 1.6 1.1 3.2
2003.2384 -13.8657 -15.4371 -3.4 1.4 1.0 2.9
2003.2411 -8.83479 -9.3289 11.8 1.6 1.2 3.2
2003.2438 -11.8411 -15.3261 -0.4 1.6 1.1 3.1
2003.2466 -5.27633 -18.8799 -6.8 1.6 1.2 3.3
2003.2521 -11.657 -14.8818 -3.5 1.6 1.0 2.9
2003.2548 -12.6387 -15.6592 4.8 1.5 1.1 3.0
2003.2575 -2.45411 -19.6573 6.7 2.6 1.7 4.5
2003.2603 -11.7184 -15.215 2.5 1.3 1.0 2.8
2003.2630 -11.0435 -13.8823 3.4 1.4 1.0 2.8
2003.2658 -16.0744 -12.8828 17 1.3 1.0 2.8
2003.2685 -12.2092 -13.7712 4.9 1.6 1.1 3.1
2003.2712 -11.9638 -13.6602 5.2 1.5 1.1 3.0
2003.2740 -14.5406 -14.8818 3.8 1.7 1.2 3.1
2003.2767 -13.2522 -16.2145 -2 1.3 1.0 2.8
2003.2795 -14.786 -13.7712 -4.8 1.3 1.0 2.8
2003.2822 -15.3995 -15.8813 -3.7 1.3 1.0 2.8
2003.2849 -14.8473 -18.3246 -1.1 1.3 1.0 2.8
2003.2877 -11.1662 -16.3256 -2.8 1.4 1.0 2.9
2003.2904 -13.8657 -19.3242 0.3 1.5 1.1 3.1
2003.2959 -11.5343 -14.9929 6.4 1.4 1.1 3.0
2003.2986 -11.5343 -16.5477 6.5 1.8 1.6 4.0
2003.3151 -11.657 -15.8813 -7.3 1.5 1.1 3.1
2003.3178 -15.7676 -18.6578 2 2.1 1.8 4.4
2003.3205 -11.5343 -18.8799 3.3 1.6 1.1 3.1
2003.3260 -13.743 -16.7698 -0.9 1.3 1.0 2.8
2003.3288 -12.0865 -15.8813 2.3 1.3 1.1 2.9
2003.3315 -11.7184 -14.6597 5.7 1.5 1.1 3.0
2003.3342 -14.4179 -16.9919 2.9 1.3 1.0 2.8
2003.3370 -12.6387 -19.102 3.4 1.2 1.0 2.7
2003.3397 -15.829 -17.6583 -3.6 1.2 1.0 2.7
2003.3425 -13.5589 -18.3246 1.7 1.2 1.0 2.7
2003.3452 -14.6633 -16.3256 -0.3 1.2 1.0 2.7
2003.3479 -16.5652 -15.9924 3.3 1.4 1.0 2.9
2003.3507 -13.8044 -18.7689 4.4 1.4 1.0 2.8
2003.3562 -15.3995 -19.2131 -2.5 1.5 1.1 3.0
2003.3589 -13.6816 -18.991 7.5 1.2 1.0 2.8
2003.3616 -14.5406 -16.7698 2.1 1.2 1.0 2.7
2003.3644 -13.9271 -18.4357 8.8 1.2 1.0 2.8
2003.3671 -13.5589 -18.4357 -0.6 1.2 1.0 2.7
2003.3699 -12.1478 -17.214 -0.6 1.3 1.0 2.9
2003.3726 -15.4609 -19.6573 0.3 1.2 1.0 2.7
2003.3781 -13.9884 -18.991 4.1 1.2 1.0 2.7
2003.3863 -13.3749 -17.4362 8.6 1.2 1.0 2.7
2003.3890 -13.0681 -19.4352 6 1.3 1.0 2.9
2003.3918 -14.1111 -14.7708 10.8 1.3 1.0 2.9
2003.3945 -12.0865 -16.1035 16.6 1.2 1.0 2.8
2003.3973 -17.8536 -17.4362 4.1 1.3 1.0 2.8
2003.4000 -18.5285 -18.2136 12.2 1.2 1.0 2.7
2003.4027 -14.5406 -16.9919 3 1.3 1.0 2.9
2003.4055 -15.7063 -17.9915 5.3 1.5 1.0 3.2
2003.4082 -12.9454 -19.6573 1.7 1.5 1.1 3.3
2003.4110 -16.9947 -18.6578 12.2 1.3 1.0 2.9
2003.4137 -16.1358 -17.9915 11.5 1.2 1.0 2.7
2003.4164 -15.8903 -19.6573 5.5 1.2 1.0 2.7
2003.4219 -16.5039 -14.7708 12.5 1.4 1.1 3.0
2003.4247 -16.5652 -17.5472 6.4 1.2 1.0 2.8
2003.4274 -17.3015 -18.6578 4.4 1.3 1.0 2.8
2003.4301 -19.3874 -16.1035 6.8 1.3 1.0 2.9
2003.4329 -16.9947 -17.6583 5.5 1.3 1.0 2.8
2003.4356 -14.1111 -18.991 1.1 1.3 1.0 2.8
2003.4384 -13.743 -17.7693 4 1.2 1.0 2.8
2003.4411 -20.4304 -16.4366 -6 1.3 1.0 2.8
2003.4438 -15.0314 -20.3237 4.9 1.4 1.0 2.8
2003.4466 -17.3628 -17.4362 3 1.3 1.0 2.8
2003.4493 -18.7739 -18.1025 14.7 1.3 1.0 2.8
2003.4521 -17.8536 -19.7684 9.6 1.3 1.0 2.8
2003.4548 -15.5222 -17.5472 10.5 1.2 1.0 2.8
2003.4575 -15.3382 -16.6588 3.6 1.3 1.0 2.8
2003.4603 -12.3932 -19.102 20.2 1.5 1.2 3.2
2003.4630 -16.013 -19.2131 7.1 1.5 1.2 3.0
2003.4658 -16.7493 -19.7684 6.5 1.3 1.0 2.8
2003.4685 -19.142 -20.879 10.2 1.2 0.9 2.7
2003.4712 -15.7063 -20.4347 7.9 1.3 1.0 2.8
2003.4740 -20.185 -17.5472 -1.4 1.3 1.0 2.8
2003.4767 -15.0314 -20.5458 5.8 1.5 1.1 3.0
2003.4795 -16.1971 -16.3256 2.4 1.5 1.1 3.0
2003.4822 -17.7923 -17.3251 -1.3 1.4 1.1 3.0
2003.4849 -16.3198 -18.2136 0 1.3 1.0 2.8
2003.4877 -16.7493 -19.2131 2.3 1.4 1.0 2.9
2003.4904 -17.3015 -17.3251 12.8 1.3 1.0 2.9
2003.4932 -17.1174 -17.9915 2.6 1.3 1.0 2.9
2003.4959 -15.4609 -19.9905 9.3 1.4 1.0 2.8
2003.4986 -21.228 -19.9905 4.8 1.3 1.0 2.9
2003.5014 -16.5652 -20.1016 6.2 1.3 1.0 2.9
2003.5041 -19.8783 -20.7679 11.1 1.4 1.0 3.0
2003.5068 -17.7923 -22.1006 11.5 1.4 1.0 3.0
2003.5096 -18.099 -19.6573 4.5 1.3 1.0 2.9
2003.5123 -17.8536 -18.6578 -1.4 1.3 1.0 2.9
2003.5151 -16.872 -19.102 5 1.3 1.0 2.9
2003.5178 -19.9396 -22.878 5.6 1.3 1.0 2.9
2003.5205 -18.5899 -17.6583 5.2 1.3 1.0 2.9
2003.5233 -20.9826 -20.879 12.8 1.3 1.0 2.9
2003.5260 -12.5773 -16.7698 10.2 1.7 1.2 3.2
2003.5288 -19.2647 -17.5472 8.7 1.6 1.1 3.2
2003.5315 -24.7251 -16.7698 14.1 1.4 1.0 3.0
2003.5342 -22.7618 -21.3232 6.4 1.3 1.0 2.9
2003.5370 -23.0073 -20.879 4.4 2.0 1.3 3.7
2003.5397 -22.7618 -18.1025 15.7 1.6 1.2 3.3
2003.5425 -23.13 -17.6583 10.1 1.4 1.1 3.1
2003.5452 -23.314 -19.7684 13.8 1.3 1.0 2.9
2003.5479 -19.3874 -21.3232 7.3 1.4 1.0 3.0
2003.5507 -20.4304 -19.5463 8.3 1.3 1.0 2.9
2003.5534 -23.5594 -19.8794 13.6 1.3 1.0 2.9
2003.5562 -20.9826 -19.4352 2.3 1.3 1.0 2.8
2003.5589 -17.9763 -21.6564 13 1.3 1.0 2.8
2003.5616 -25.5841 -21.2121 14.5 1.4 1.0 2.9
2003.5644 -22.5778 -21.5453 11.8 1.4 1.1 2.9
2003.5671 -22.6391 -20.879 13.9 1.3 1.0 2.9
2003.5699 -20.5531 -20.6569 8.9 1.6 1.0 2.9
2003.5726 -21.9029 -20.99 13.7 1.4 1.0 2.8
2003.5753 -19.3261 -18.8799 9.3 1.5 1.2 3.2
2003.5781 -24.7251 -21.1011 15.4 1.3 1.0 2.9
2003.5808 -25.2159 -20.5458 12.9 1.5 1.1 3.0
2003.5836 -26.9952 -17.9915 3.4 1.6 1.0 2.9
2003.5863 -21.4734 -22.767 19.6 1.3 1.0 2.8
2003.5890 -16.9947 -21.8785 10.5 1.3 1.0 2.8
2003.5918 -23.8662 -22.878 7.8 1.4 1.1 2.9
2003.5945 -20.6759 -22.5448 8.3 1.3 0.9 2.8
2003.5973 -20.2464 -19.6573 4.6 1.7 1.1 3.1
2003.6000 -20.9213 -22.1006 14.8 1.3 0.9 2.8
2003.6027 -23.2527 -22.4338 13.1 1.3 1.0 2.8
2003.6055 -19.4488 -24.766 12.3 1.3 1.0 2.8
2003.6082 -22.1483 -23.2112 19.2 1.3 1.0 2.8
2003.6110 -20.4918 -23.2112 16 1.3 0.9 2.8
2003.6137 -18.7739 -22.6559 19.9 1.3 1.0 2.8
2003.6164 -23.314 -18.7689 17.3 1.3 0.9 2.8
2003.6192 -18.1604 -21.1011 13.8 1.3 0.9 2.8
2003.6219 -20.6145 -20.879 23.8 1.3 0.9 2.9
2003.6247 -22.2097 -23.5444 15 1.3 0.9 2.8
2003.6274 -17.8536 -20.99 14.1 1.3 1.0 2.8
2003.6301 -14.9087 -22.878 -0.5 2.6 1.9 4.3
2003.6329 -21.9643 -22.878 16 1.3 1.0 2.8
2003.6356 -20.7372 -21.4343 16.2 1.3 0.9 2.8
2003.6384 -19.3261 -22.878 20.8 1.6 1.1 3.2
2003.6411 -19.9396 -25.0992 18.1 1.5 1.0 2.9
2003.6438 -17.2401 -22.3227 15.3 1.4 1.0 2.8
2003.6466 -18.6512 -20.99 16.3 1.4 1.0 2.9
2003.6493 -27.486 -22.6559 19 1.3 0.9 2.8
2003.6521 -20.3691 -24.4328 11.8 1.3 0.9 2.8
2003.6548 -21.7802 -26.654 19.3 1.3 0.9 2.8
2003.6575 -20.6145 -21.9896 13 1.3 1.0 2.9
2003.6603 -24.0502 -18.991 20.8 1.3 0.9 2.8
2003.6630 -19.9396 -19.102 14.6 1.3 0.9 2.8
2003.6658 -19.7556 -22.9891 20.6 1.3 0.9 2.8
2003.6685 -19.5715 -22.4338 24.5 1.3 1.0 2.8
2003.6712 -14.6019 -23.7665 16.7 1.3 0.9 2.8
2003.6740 -20.2464 -21.3232 16.4 1.3 0.9 2.8
2003.6767 -18.0377 -23.2112 14.6 1.4 0.9 2.8
2003.6795 -18.5285 -24.5439 21.3 1.3 0.9 2.8
2003.6822 -19.0193 -22.3227 17.2 1.4 0.9 2.8
2003.6849 -23.7435 -25.7655 20.5 1.3 0.9 2.8
2003.6877 -20.9826 -23.3223 16.8 1.3 0.9 2.8
2003.6904 -19.3874 -24.4328 20.1 1.4 1.0 2.9
2003.6932 -21.044 -24.8771 12.6 1.3 0.9 2.8
2003.6959 -21.228 -22.5448 10.6 1.3 0.9 2.8
2003.6986 -20.4304 -24.0997 14.2 1.3 0.9 2.8
2003.7014 -23.3754 -28.542 27.5 1.3 0.9 2.8
2003.7041 -18.5899 -21.4343 12.6 1.3 0.9 2.9
2003.7068 -20.185 -24.8771 13.8 1.3 0.9 2.8
2003.7096 -19.3874 -23.6554 10.9 1.6 1.1 3.1
2003.7123 -21.8416 -24.5439 19.8 1.6 1.0 3.0
2003.7151 -26.3203 -26.7651 16.7 2.7 1.6 4.4
2003.7178 -18.099 -23.1001 15.1 1.5 1.0 2.9
2003.7205 -17.7309 -23.1001 16.3 1.4 1.0 2.9
2003.7233 -21.5961 -23.9886 19.3 1.3 0.9 2.8
2003.7260 -22.271 -23.5444 11.2 1.4 1.0 2.8
2003.7288 -22.6391 -22.9891 13.2 1.4 1.0 2.9
2003.7315 -23.0686 -23.2112 22.3 1.4 1.0 2.9
2003.7342 -22.2097 -22.6559 7 1.5 1.1 3.0
2003.7370 -20.7372 -23.5444 15.2 1.3 1.0 2.8
2003.7397 -17.915 -20.2126 15.3 1.3 1.0 2.8
2003.7425 -23.8662 -23.7665 18.2 1.3 1.0 2.8
2003.7452 -24.7865 -28.2088 16.1 1.6 1.1 3.0
2003.7479 -20.9213 -25.0992 21.5 1.4 1.0 2.9
2003.7507 -23.7435 -25.6545 10.6 1.4 1.0 3.0
2003.7534 -20.4918 -24.2107 16.3 1.3 1.0 2.8
2003.7562 -24.357 -25.3213 15.8 1.3 1.0 2.9
2003.7589 -27.7928 -21.4343 6.9 1.3 1.0 2.8
2003.7616 -24.7251 -25.9877 18.3 1.3 1.0 2.9
2003.7644 -19.2034 -23.4333 20.1 1.3 1.0 2.9
2003.7671 -26.6271 -23.3223 21.5 1.4 1.1 3.0
2003.7699 -27.4246 -24.9881 23.1 1.4 1.1 3.1
2003.7726 -24.6638 -24.0997 17.8 1.3 1.0 2.8
2003.7753 -25.5227 -25.0992 18.2 1.3 1.0 2.8
2003.7781 -25.4 -23.7665 14.1 1.3 1.0 2.8
2003.7808 -22.271 -23.8775 17.5 1.3 1.0 2.8
2003.7836 -21.6575 -23.5444 14.2 1.3 1.0 2.9
2003.7863 -24.4184 -24.3218 11.3 1.6 1.2 3.3
2003.7890 -24.8478 -21.4343 16.3 1.6 1.1 3.1
2003.7918 -24.9092 -26.9872 20.4 1.3 1.0 2.7
2003.7945 -23.4367 -21.6564 14 1.4 1.1 2.9
2003.7973 -26.8725 -23.3223 21.1 1.3 1.0 2.8
2003.8000 -22.1483 -21.9896 7.5 1.3 1.0 2.9
2003.8027 -22.9459 -25.5434 17.3 1.3 1.0 2.9
2003.8055 -21.1053 -23.1001 11.2 1.3 1.0 2.9
2003.8082 -24.7865 -24.3218 8.8 1.5 1.1 3.0
2003.8110 -20.9213 -27.2093 14.6 1.3 1.0 2.8
2003.8137 -21.8416 -27.8756 10.6 1.4 1.1 3.0
2003.8164 -21.2894 -22.767 15.9 1.2 1.0 2.8
2003.8192 -28.7744 -26.2098 11 1.2 0.9 2.7
2003.8219 -24.173 -24.655 4.5 1.6 1.2 3.1
2003.8247 -24.5411 -25.6545 12 1.3 1.0 2.8
2003.8274 -26.8725 -32.2069 20 3.2 1.7 4.8
2003.8301 -27.3019 -24.0997 -1.7 2.7 1.6 4.2
2003.8329 -21.7802 -24.5439 7.2 1.6 1.3 3.3
2003.8356 -23.6208 -23.1001 4.8 1.2 1.0 2.7
2003.8384 -24.2343 -28.6531 12.6 1.2 1.0 2.8
2003.8411 -21.1667 -28.7641 5.4 1.2 0.9 2.7
2003.8438 -20.3077 -27.8756 9.7 1.3 1.0 2.9
2003.8466 -20.6145 -25.7655 8.6 1.2 0.9 2.7
2003.8493 -22.5164 -28.3199 10.4 1.2 0.9 2.7
2003.8521 -20.2464 -25.5434 14.3 1.2 0.9 2.7
2003.8548 -19.142 -25.3213 16.8 1.2 0.9 2.7
2003.8575 -20.6759 -24.8771 9.4 1.2 0.9 2.7
2003.8603 -17.1174 -26.8761 11.5 1.3 1.0 2.8
2003.8630 -26.2589 -25.5434 13.9 1.4 1.1 3.0
2003.8658 -19.6329 -25.9877 11.5 1.2 1.0 2.7
2003.8685 -21.7802 -25.3213 19.3 1.3 1.0 2.9
2003.8712 -21.7802 -29.4305 14.8 1.5 1.1 3.1
2003.8740 -20.001 -27.9867 23.8 1.4 1.0 3.0
2003.8767 -23.8662 -26.8761 12.3 1.2 1.0 2.8
2003.8795 -21.5348 -25.2102 12 1.3 1.0 2.8
2003.8822 -20.9213 -11.9943 25.6 1.4 1.0 3.0
2003.8849 -23.8662 -27.0982 18.1 1.2 0.9 2.7
2003.8877 -27.6087 -24.655 6.9 2.3 1.5 4.2
2003.8904 -22.7005 -29.7636 13.4 1.5 1.1 3.0
2003.8932 -17.1787 -29.3194 16.8 1.4 1.0 2.9
2003.8959 -20.6145 -26.0987 7.1 1.3 1.0 2.7
2003.8986 -26.0135 -30.43 12.7 1.6 1.2 3.5
2003.9014 -23.8048 -25.8766 12.6 1.2 1.0 2.7
2003.9041 -22.7005 -28.542 12.3 1.2 1.0 2.7
2003.9068 -17.3628 -21.3232 18.1 1.2 0.9 2.7
2003.9096 -23.2527 -27.0982 9.3 1.2 0.9 2.6
2003.9123 -25.6454 -27.2093 9.6 1.2 0.9 2.7
2003.9151 -25.5227 -25.7655 -2.7 1.3 1.0 2.7
2003.9178 -24.1116 -24.766 14.5 1.2 0.9 2.7
2003.9205 -25.1546 -28.542 20.9 1.2 1.0 2.8
2003.9233 -24.9705 -26.0987 11.8 1.4 1.0 2.8
2003.9260 -21.9029 -26.2098 20.8 1.3 0.9 2.6
2003.9288 -15.1541 -24.655 19.9 2.1 1.4 3.5
2003.9315 -23.5594 -24.766 8.2 1.3 1.0 2.7
2003.9342 -20.3691 -24.5439 16.7 1.3 0.9 2.7
2003.9370 -21.5961 -24.5439 14.5 1.3 1.0 2.8
2003.9397 -20.6145 -25.9877 8.8 1.3 0.9 2.7
2003.9425 -20.1237 -27.9867 5.2 1.3 1.0 2.7
2003.9452 -27.2406 -24.4328 4.8 1.2 0.9 2.6
2003.9479 -19.8169 -24.8771 20.2 1.2 0.9 2.7
2003.9507 -20.4918 -25.8766 15.2 1.3 1.0 2.7
2003.9534 -19.5101 -27.5425 14.7 1.3 0.9 2.7
2003.9562 -24.0502 -22.1006 22.1 1.3 1.0 2.7
2003.9589 -18.3444 -23.8775 21.2 1.2 1.0 2.7
2003.9616 -20.8599 -26.2098 13.6 1.2 1.0 2.7
2003.9644 -20.9213 -24.2107 20.5 1.3 1.0 2.8
2003.9671 -17.9763 -19.102 25.5 1.6 1.2 3.1
2003.9699 -20.7372 -21.7674 5.1 1.3 1.0 2.8
2003.9726 -16.6266 -23.4333 30 1.4 1.0 2.8
2003.9753 -17.6696 -29.8747 19.3 1.2 1.0 2.7
2003.9781 -19.8783 -20.879 20.8 1.2 1.0 2.7
2003.9808 -23.9889 -22.3227 24.4 1.2 1.0 2.7
2003.9836 -29.0198 -26.3208 18.8 1.2 1.0 2.7
2003.9863 -25.4 -25.5434 13.4 1.2 1.0 2.7
2003.9890 -23.2527 -25.9877 8.3 1.3 1.0 2.7
2003.9918 -23.6821 -24.8771 11.7 1.2 1.0 2.7
2003.9945 -23.5594 -25.9877 9.5 1.2 0.9 2.7
2003.9973 -25.4614 -24.5439 7.9 1.2 1.0 2.7
2004.0000 -17.4855 -21.4343 6.1 1.3 1.0 2.7
2004.0027 -20.0623 -23.5444 10.2 1.3 1.0 2.8
2004.0055 -24.4184 -26.2098 9.2 1.2 1.0 2.7
2004.0082 -25.4614 -24.4328 5.4 1.3 1.0 2.9
2004.0110 -25.0932 -26.5429 2.6 1.2 1.0 2.8
2004.0137 -23.9275 -27.0982 3.3 1.3 1.0 2.8
2004.0164 -23.6208 -23.7665 13.4 1.3 1.0 2.8
2004.0192 -26.5657 -25.3213 12.8 1.3 1.0 2.7
2004.0219 -30.4923 -26.3208 9.8 1.2 0.9 2.7
2004.0247 -21.3507 -22.3227 12 1.2 1.0 2.7
2004.0274 -27.4246 -21.7674 7.7 1.2 1.0 2.7
2004.0301 -26.1362 -23.9886 1.8 1.3 1.0 2.8
2004.0329 -26.1976 -22.1006 8.6 1.2 1.0 2.7
2004.0356 -26.8725 -20.4347 11.4 1.3 0.9 2.7
2004.0384 -26.5657 -21.2121 5.1 1.2 1.0 2.7
2004.0411 -29.8174 -22.4338 2.9 1.2 1.0 2.7
2004.0438 -28.5903 -22.1006 -3.4 1.3 1.0 2.8
2004.0466 -26.3203 -17.9915 5 1.3 1.0 2.8
2004.0493 -26.6884 -20.7679 8.8 1.2 1.0 2.7
2004.0521 -27.9155 -23.3223 3.1 1.3 0.9 2.7
2004.0548 -28.0995 -17.8804 -0.4 1.3 1.0 2.8
2004.0575 -31.7807 -23.1001 4.9 1.3 1.0 2.7
2004.0603 -22.3324 -20.99 9.2 1.9 1.2 3.4
2004.0630 -30.3696 -24.4328 -4.1 1.5 1.0 2.8
2004.0658 -22.271 -27.0982 13.3 1.3 0.9 2.6
2004.0685 -25.4 -25.0992 5.2 1.5 1.0 2.8
2004.0712 -26.9338 -23.4333 8 1.2 0.9 2.6
2004.0740 -22.9459 -26.2098 7.3 1.3 0.9 2.6
2004.0767 -29.8788 -24.5439 1.2 1.3 0.9 2.7
2004.0795 -28.0382 -25.0992 12.7 1.2 0.9 2.7
2004.0822 -25.4614 -25.0992 16.5 1.2 0.9 2.6
2004.0849 -31.1672 -25.6545 3.9 1.2 0.9 2.6
2004.0877 -24.5411 -26.654 4.3 1.2 0.9 2.6
2004.0904 -24.4797 -25.0992 9.3 1.3 1.0 2.7
2004.0932 -27.7928 -26.4319 12 1.3 0.9 2.7
2004.0959 -26.9338 -26.2098 12.3 1.3 0.9 2.7
2004.0986 -24.5411 -22.5448 17.6 1.3 0.9 2.6
2004.1014 -25.1546 -24.655 14.5 1.2 0.9 2.6
2004.1041 -26.3203 -25.9877 9 1.3 0.9 2.7
2004.1068 -24.2957 -24.9881 10.6 1.2 0.9 2.6
2004.1096 -25.7068 -26.2098 11.5 1.3 0.9 2.7
2004.1123 -26.6271 -21.9896 4.4 1.5 1.1 2.9
2004.1151 -24.4797 -25.8766 6.6 1.4 1.0 2.8
2004.1178 -30.3696 -25.8766 10.3 1.4 1.0 2.9
2004.1205 -26.1362 -23.9886 17.9 1.3 0.9 2.8
2004.1233 -25.8908 -26.3208 13.2 1.2 0.9 2.6
2004.1260 -27.486 -25.6545 18.6 1.4 0.9 2.7
2004.1288 -28.2222 -26.5429 12.7 1.3 0.9 2.8
2004.1315 -28.7131 -26.8761 24.8 1.3 0.9 2.6
2004.1342 -29.0198 -25.7655 13.8 1.3 0.9 2.7
2004.1370 -28.0382 -29.0973 11.9 1.3 0.9 2.7
2004.1397 -30.7377 -26.5429 17.4 1.3 0.9 2.7
2004.1425 -28.2836 -26.3208 14.5 1.3 0.9 2.7
2004.1452 -28.5903 -27.9867 18.5 1.3 0.9 2.7
2004.1479 -24.9705 -29.2083 23.3 1.3 0.9 2.7
2004.1507 -24.7865 -28.9862 16.2 1.3 1.0 2.8
2004.1534 -25.8295 -29.3194 17.3 1.3 0.9 2.7
2004.1562 -26.0749 -27.8756 15.2 1.3 0.9 2.7
2004.1589 -26.7498 -27.8756 13 1.3 0.9 2.7
2004.1616 -27.7314 -28.9862 17.6 1.4 1.0 2.7
2004.1644 -26.443 -26.4319 11.2 1.3 0.9 2.7
2004.1671 -26.6271 -29.5415 10.3 1.3 0.9 2.7
2004.1699 -28.6517 -30.0968 10.5 1.7 1.1 3.1
2004.1726 -22.8845 -28.7641 13.7 1.6 1.1 3.0
2004.1753 -28.8971 -26.4319 13.1 1.4 1.0 2.8
2004.1781 -24.7865 -25.9877 20.7 1.3 0.9 2.8
2004.1808 -27.9768 -28.542 8.6 1.3 0.9 2.7
2004.1836 -27.3019 -29.2083 18.3 1.5 1.0 2.8
2004.1863 -25.3387 -29.4305 19.9 1.3 0.9 2.7
2004.1890 -27.6701 -27.6535 7.7 1.4 1.0 2.9
2004.1918 -29.3879 -28.3199 18.6 1.6 1.0 2.9
2004.1945 -25.4 -27.9867 8.8 1.4 1.0 2.8
2004.1973 -28.2222 -25.6545 12.4 1.3 1.0 2.7
2004.2000 -24.9705 -28.2088 15.6 1.3 0.9 2.7
2004.2027 -27.5474 -26.7651 10.3 1.4 1.0 2.7
2004.2055 -29.6333 -26.8761 13.7 1.3 1.0 2.7
2004.2082 -25.6454 -26.654 7.8 1.3 1.0 2.7
2004.2110 -31.3512 -24.766 8.8 1.4 1.0 2.9
2004.2137 -26.3816 -27.3204 23.2 1.5 1.1 3.0
2004.2164 -27.7928 -24.9881 12.6 1.3 1.0 2.7
2004.2192 -24.7251 -26.5429 12.2 1.4 1.0 2.8
2004.2219 -27.7928 -24.8771 6.8 1.4 1.0 2.8
2004.2247 -29.3266 -27.5425 21.3 1.3 0.9 2.7
2004.2274 -26.9338 -27.6535 16.9 1.4 1.1 2.9
2004.2301 -27.6087 -28.3199 16.4 1.3 1.0 2.7
2004.2329 -25.8908 -26.2098 20.1 1.3 0.9 2.6
2004.2356 -28.2836 -29.4305 10.6 1.3 1.0 2.7
2004.2384 -31.1672 -28.6531 13.8 1.3 0.9 2.7
2004.2411 -25.2159 -28.6531 11.1 1.3 1.0 2.7
2004.2438 -27.8541 -28.8752 17.8 1.3 1.0 2.8
2004.2466 -30.9217 -31.3185 13.7 1.3 1.0 2.8
2004.2493 -31.1672 -27.5425 8 1.2 0.9 2.7
2004.2521 -31.1058 -28.6531 6.8 1.3 1.0 2.7
2004.2548 -27.5474 -24.3218 4.2 1.2 0.9 2.7
2004.2575 -27.4246 -31.6516 15.9 1.3 1.0 2.7
2004.2603 -30.5536 -28.8752 3.4 1.2 1.0 2.8
2004.2630 -27.3019 -30.7632 1.8 1.3 0.9 2.7
2004.2658 -26.3203 -30.541 9.5 1.5 1.0 2.9
2004.2685 -30.0628 -30.6521 15 1.3 1.0 2.8
2004.2712 -29.0812 -27.9867 4.7 1.2 0.9 2.7
2004.2740 -24.6024 -30.541 8.6 1.3 1.0 2.7
2004.2767 -28.7131 -30.0968 6.1 1.2 0.9 2.7
2004.2795 -26.2589 -29.7636 5.8 1.3 1.0 2.7
2004.2822 -26.0135 -31.2074 10.1 1.2 0.9 2.7
2004.2849 -29.9401 -30.43 -3 1.3 1.0 2.8
2004.2877 -30.0015 -28.4309 4.8 1.3 1.0 2.8
2004.2904 -26.5657 -30.0968 7.1 1.2 0.9 2.7
2004.2932 -27.6701 -30.2079 3.9 1.3 0.9 2.7
2004.2959 -26.7498 -30.6521 11.2 1.2 0.9 2.7
2004.2986 -26.5044 -29.7636 6.3 1.4 1.0 2.8
2004.3014 -27.6701 -30.0968 9.2 1.2 0.9 2.7
2004.3041 -26.6884 -28.4309 11.8 1.2 0.9 2.6
2004.3068 -26.8725 -29.8747 10.9 1.3 1.0 2.7
2004.3096 -26.5044 -30.0968 15.1 1.2 0.9 2.7
2004.3123 -29.6947 -28.6531 8.1 1.2 0.9 2.7
2004.3151 -29.0198 -29.8747 9 1.2 0.9 2.7
2004.3178 -24.0502 -27.3204 8.6 1.2 0.9 2.7
2004.3205 -27.1792 -28.2088 13 1.2 0.9 2.6
2004.3233 -31.4739 -28.8752 3.1 1.3 1.0 2.8
2004.3260 -26.443 -29.3194 10.3 1.2 0.9 2.7
2004.3288 -26.0135 -30.7632 10.6 1.2 0.9 2.7
2004.3315 -27.6087 -31.5406 8.6 1.2 0.9 2.7
2004.3342 -30.1242 -29.2083 10.7 1.2 0.9 2.7
2004.3370 -30.7377 -30.9853 13.1 1.3 1.0 2.8
2004.3397 -29.572 -29.0973 13.2 1.2 0.9 2.7
2004.3425 -28.8358 -31.3185 11.4 1.4 1.0 2.9
2004.3452 -26.1976 -29.6526 14.9 1.3 1.0 2.8
2004.3479 -29.0812 -30.3189 15.2 1.2 0.9 2.7
2004.3507 -30.5536 -30.6521 19.1 1.3 0.9 2.7
2004.3534 -29.4493 -31.4295 13.3 1.2 0.9 2.8
2004.3562 -25.7681 -33.0954 12.9 1.2 1.0 2.7
2004.3589 -28.529 -29.0973 12.3 1.2 0.9 2.6
2004.3616 -29.6947 -30.8742 10.2 1.2 0.9 2.7
2004.3644 -28.6517 -30.0968 14.7 1.2 0.9 2.7
2004.3671 -27.1179 -28.2088 11.4 1.2 1.0 2.7
2004.3699 -27.8541 -28.6531 15.2 1.2 0.9 2.6
2004.3726 -28.4676 -29.8747 14 1.2 0.9 2.7
2004.3753 -29.2652 -30.541 16.2 1.2 0.9 2.7
2004.3781 -30.4309 -29.3194 13 1.2 0.9 2.7
2004.3808 -29.0812 -29.2083 15.4 1.2 0.9 2.7
2004.3836 -29.572 -26.654 16.1 1.2 0.9 2.7
2004.3863 -28.6517 -28.4309 12.6 1.2 1.0 2.7
2004.3890 -27.7314 -29.3194 18.7 1.3 1.0 2.7
2004.3918 -28.2222 -29.9858 15.2 1.2 0.9 2.7
2004.3945 -30.1242 -31.4295 19.7 1.2 0.9 2.7
2004.3973 -27.5474 -27.8756 19.1 1.2 0.9 2.7
2004.4000 -31.842 -28.7641 11.5 1.3 0.9 2.8
2004.4027 -27.0565 -28.6531 13.3 1.2 0.9 2.7
2004.4055 -29.3266 -29.8747 12 1.2 0.9 2.7
2004.4082 -31.9034 -30.541 14.6 1.2 1.0 2.7
2004.4110 -30.8604 -30.3189 17.6 1.2 0.9 2.7
2004.4137 -28.7131 -31.2074 16.8 1.2 0.9 2.7
2004.4164 -27.9155 -28.7641 13.3 1.2 0.9 2.7
2004.4192 -29.9401 -28.9862 12.7 1.2 0.9 2.7
2004.4219 -29.2039 -29.2083 10.9 1.2 0.9 2.7
2004.4247 -29.6333 -30.0968 15.9 1.2 0.9 2.7
2004.4274 -32.2102 -29.6526 15.4 1.2 0.9 2.7
2004.4301 -28.2222 -31.5406 17.1 1.2 0.9 2.7
2004.4329 -31.2285 -29.0973 17.7 1.2 0.9 2.7
2004.4356 -27.5474 -30.2079 19.7 1.3 0.9 2.7
2004.4384 -31.0445 -30.541 13.9 1.2 0.9 2.7
2004.4411 -28.3449 -32.7622 15.7 1.3 0.9 2.7
2004.4438 -29.4493 -30.8742 23 1.3 0.9 2.7
2004.4466 -31.0445 -31.5406 16.2 1.3 1.0 2.7
2004.4493 -31.0445 -29.5415 14.6 1.3 0.9 2.7
2004.4521 -30.3082 -31.2074 22.5 1.3 0.9 2.7
2004.4548 -29.8174 -30.2079 20.9 1.3 1.0 2.9
2004.4575 -30.9831 -27.8756 24.4 1.3 1.0 2.8
2004.4603 -29.2039 -24.9881 10.8 1.4 1.1 3.0
2004.4630 -27.486 -30.43 12.1 1.3 1.0 2.7
2004.4658 -32.1488 -29.0973 10.9 1.3 0.9 2.7
2004.4685 -32.2715 -32.0959 8.5 1.3 0.9 2.7
2004.4712 -28.4063 -31.6516 17.8 1.3 0.9 2.7
2004.4740 -30.9831 -30.8742 20 1.3 1.0 2.8
2004.4767 -33.0691 -29.7636 21.5 1.3 0.9 2.7
2004.4795 -30.9217 -33.0954 18.5 1.3 0.9 2.7
2004.4822 -33.4986 -31.8737 19.4 1.3 0.9 2.7
2004.4849 -31.7807 -30.541 19.1 1.3 0.9 2.8
2004.4877 -25.5227 -32.8733 23 1.3 0.9 2.8
2004.4904 -27.1179 -30.7632 20.6 1.3 0.9 2.8
2004.4932 -30.5536 -32.0959 11.3 1.3 0.9 2.7
2004.4959 -34.4802 -34.4281 13.7 1.3 0.9 2.8
2004.4986 -36.0754 -33.0954 19.7 1.3 0.9 2.7
2004.5014 -33.8667 -35.9829 16.9 1.3 0.9 2.7
2004.5041 -30.4309 -33.8728 19.7 1.4 1.0 2.8
2004.5068 -32.7623 -35.2055 24.4 1.2 0.9 2.7
2004.5096 -35.5232 -32.8733 22.1 1.3 0.9 2.7
2004.5123 -33.1304 -33.9839 23.1 1.2 0.9 2.6
2004.5151 -31.4126 -32.429 22.6 1.4 1.0 2.9
2004.5178 -29.9401 -33.3175 20.6 1.3 0.9 2.7
2004.5205 -30.9217 -33.6507 24.3 1.2 0.9 2.7
2004.5233 -33.6213 -33.8728 27.8 1.3 0.9 2.7
2004.5260 -32.3942 -34.9834 19.1 1.3 0.9 2.7
2004.5288 -33.6826 -34.4281 22.3 1.3 0.9 2.7
2004.5315 -32.701 -35.6497 23.7 1.2 0.9 2.6
2004.5342 -33.6826 -34.317 23.3 1.5 1.0 3.0
2004.5370 -34.4189 -34.6502 25.2 1.3 0.9 2.7
2004.5397 -37.2411 -35.2055 24 1.3 0.9 2.7
2004.5425 -35.8913 -36.8714 19.1 1.5 0.9 2.9
2004.5452 -33.8667 -35.5387 17.3 1.4 0.9 2.8
2004.5479 -36.0754 -34.4281 31.1 1.2 0.9 2.6
2004.5507 -32.9464 -32.318 26.1 1.3 0.9 2.7
2004.5534 -33.3759 -34.7613 22 1.3 0.9 2.7
2004.5562 -34.7256 -35.5387 23.1 1.5 1.0 2.8
2004.5589 -32.3942 -36.094 24.7 1.3 0.9 2.7
2004.5616 -31.0445 -33.8728 22.5 1.3 0.9 2.7
2004.5644 -26.8725 -37.4267 24.2 1.3 0.9 2.7
2004.5671 -35.9527 -31.9848 -5.4 2.5 1.8 4.2
2004.5699 -33.928 -35.6497 23.5 1.3 0.9 2.7
2004.5726 -32.5169 -31.3185 24 2.2 1.4 3.8
2004.5753 -31.658 -34.5391 38 1.3 0.9 2.6
2004.5781 -32.2102 -33.0954 27.5 1.3 0.9 2.7
2004.5808 -34.6643 -35.2055 28.5 1.3 0.9 2.6
2004.5836 -36.0754 -35.2055 27.7 1.2 0.9 2.6
2004.5863 -34.5416 -35.7608 28.4 1.2 0.9 2.6
2004.5890 -32.1488 -32.6512 21.7 1.3 0.9 2.6
2004.5918 -30.615 -37.7598 24.4 1.3 0.9 2.7
2004.5945 -33.928 -36.205 29.3 1.3 0.9 2.7
2004.5973 -35.6459 -35.5387 23.5 1.3 0.9 2.7
2004.6000 -36.5048 -34.4281 21.8 1.3 0.9 2.7
2004.6027 -37.5478 -37.0935 27.9 1.4 1.0 2.7
2004.6055 -35.2164 -36.6493 26.2 1.3 0.9 2.7
2004.6082 -36.3821 -36.9824 28.9 1.3 0.9 2.6
2004.6110 -30.8604 -36.9824 36.7 1.3 0.9 2.6
2004.6137 -32.3329 -33.8728 17 1.3 0.9 2.6
2004.6164 -34.6643 -36.6493 25.4 1.3 0.9 2.6
2004.6192 -35.6459 -36.3161 32.6 1.3 0.9 2.7
2004.6219 -36.5048 -36.3161 30.4 1.3 0.9 2.6
2004.6247 -34.0507 -37.6488 21.9 1.3 0.9 2.6
2004.6274 -33.3145 -35.7608 29.1 1.3 0.9 2.7
2004.6301 -29.0812 -36.8714 23 1.3 0.9 2.6
2004.6329 -32.7623 -38.9815 21.5 1.3 0.9 2.6
2004.6356 -33.0077 -39.8699 31.2 1.3 0.9 2.7
2004.6384 -38.1 -38.3151 34.5 1.3 0.9 2.7
2004.6411 -37.2411 -40.4252 29.2 1.3 0.9 2.6
2004.6438 -38.5295 -38.8704 25.1 1.3 0.9 2.7
2004.6466 -32.7623 -38.2041 25 1.3 0.9 2.6
2004.6493 -36.8116 -37.0935 34.3 1.3 0.9 2.6
2004.6521 -36.0754 -37.0935 34.3 1.3 0.9 2.6
2004.6548 -34.6029 -41.3137 34.2 1.3 0.9 2.6
2004.6575 -35.6459 -40.2031 28.3 1.3 0.9 2.6
2004.6603 -35.83 -39.4257 28.2 1.3 0.9 2.7
2004.6630 -37.1797 -35.6497 27.8 1.3 0.9 2.7
2004.6658 -33.3145 -40.4252 31.9 1.5 1.0 2.9
2004.6685 -36.014 -35.9829 27.6 1.3 0.9 2.7
2004.6712 -36.3208 -38.4262 37.7 1.3 0.9 2.6
2004.6740 -34.4802 -39.2036 31.4 1.3 0.9 2.6
2004.6767 -34.2961 -37.7598 21.6 1.3 0.9 2.6
2004.6795 -34.4802 -37.7598 30.8 1.3 0.9 2.6
2004.6822 -35.8913 -37.3156 39.1 1.3 0.9 2.6
2004.6849 -31.9034 -39.4257 29.7 1.5 1.0 2.8
2004.6877 -35.4005 -39.6478 33.6 1.3 0.9 2.6
2004.6904 -34.6029 -36.9824 28.6 1.3 0.9 2.5
2004.6932 -33.4986 -38.4262 29.3 1.3 0.9 2.6
2004.6959 -33.744 -38.9815 25.7 1.3 0.9 2.6
2004.6986 -34.971 -39.7589 35.2 1.3 0.9 2.6
2004.7014 -35.2164 -37.5377 33.7 1.3 0.9 2.6
2004.7041 -35.1551 -36.8714 33.7 1.3 0.9 2.6
2004.7068 -35.0324 -36.094 29.4 1.3 0.9 2.6
2004.7096 -36.873 -37.3156 23.1 1.3 0.9 2.6
2004.7123 -36.7503 -39.2036 36.8 1.3 0.9 2.6
2004.7151 -36.3208 -39.0925 27.6 1.2 0.9 2.6
2004.7178 -35.9527 -36.4271 29.3 1.2 0.9 2.6
2004.7205 -37.6705 -37.4267 29.9 1.2 0.9 2.6
2004.7233 -34.5416 -39.6478 30.8 1.3 0.9 2.6
2004.7260 -33.5599 -36.7603 36.2 1.3 0.9 2.6
2004.7288 -36.8116 -39.3147 27.7 1.3 0.9 2.6
2004.7315 -32.7623 -39.0925 36.4 1.2 0.9 2.6
2004.7342 -34.7256 -40.0921 27.7 1.2 0.9 2.6
2004.7370 -39.5725 -37.6488 23.3 1.3 0.9 2.6
2004.7397 -36.1981 -39.4257 28.5 1.2 0.9 2.6
2004.7425 -32.1488 -35.9829 47.2 1.2 0.9 2.6
2004.7452 -37.2411 -38.6483 30.5 1.2 0.9 2.6
2004.7479 -33.6213 -38.3151 33.4 1.2 0.9 2.6
2004.7507 -36.5048 -38.2041 29.7 1.2 0.9 2.6
2004.7534 -38.5908 -37.6488 30.9 1.2 0.9 2.6
2004.7562 -37.6092 -37.0935 27.2 1.2 0.9 2.6
2004.7589 -41.7198 -38.3151 32.6 1.2 0.9 2.6
2004.7616 -36.0754 -38.2041 33.5 1.2 0.9 2.6
2004.7644 -38.0387 -42.4243 45.2 1.2 1.0 2.6
2004.7671 -38.8976 -40.0921 41.2 1.2 0.9 2.6
2004.7699 -40.9836 -38.6483 30 1.2 0.9 2.6
2004.7726 -38.2227 -39.7589 40 1.3 0.9 2.6
2004.7753 -38.7135 -39.4257 30.6 1.3 0.9 2.6
2004.7781 -36.2594 -39.981 29.6 1.3 0.9 2.6
2004.7808 -39.3271 -39.4257 31.1 1.2 0.9 2.6
2004.7836 -36.0754 -40.7584 29.3 1.3 1.0 2.7
2004.7863 -35.0937 -38.7594 31.7 1.4 1.0 2.9
2004.7890 -39.6952 -36.5382 26.8 1.2 0.9 2.6
2004.7918 -37.4251 -39.5368 26.9 1.3 0.9 2.7
2004.7945 -38.6522 -40.8695 31.1 1.2 0.9 2.6
2004.7973 -33.6826 -44.3123 27.2 1.2 0.9 2.6
2004.8000 -36.7503 -39.5368 29.7 1.2 0.9 2.6
2004.8027 -38.0387 -39.3147 30.5 1.3 1.0 2.6
2004.8055 -38.2227 -39.3147 30.8 1.3 1.0 2.6
2004.8082 -37.7932 -39.8699 27.8 1.2 0.9 2.6
2004.8110 -37.9773 -37.4267 32.8 1.2 0.9 2.6
2004.8137 -38.7749 -39.6478 25.1 1.2 0.9 2.6
2004.8164 -36.5048 -39.6478 34.3 1.2 0.9 2.5
2004.8192 -37.9773 -38.9815 26.2 1.2 0.9 2.6
2004.8219 -37.4865 -41.4248 30.6 1.2 1.0 2.6
2004.8247 -36.7503 -40.2031 33.6 1.7 1.1 2.9
2004.8274 -36.5048 -42.0911 34 1.2 0.9 2.6
2004.8301 -33.6826 -38.093 30.2 1.4 1.1 2.9
2004.8329 -35.5232 -42.8685 29.2 1.2 1.0 2.6
2004.8356 -36.5662 -40.3142 26.7 1.2 0.9 2.5
2004.8384 -37.3638 -42.8685 23.5 1.2 1.0 2.6
2004.8411 -35.5846 -40.9805 28 1.2 0.9 2.5
2004.8438 -35.8913 -39.981 27.8 1.4 1.0 2.7
2004.8466 -36.1367 -40.7584 27.7 1.2 0.9 2.6
2004.8493 -40.4928 -39.981 25.2 1.2 0.9 2.6
2004.8521 -34.971 -41.3137 20.1 1.2 0.9 2.5
2004.8548 -35.6459 -41.2026 23.5 1.3 0.9 2.6
2004.8575 -30.0628 -35.4276 23.4 1.8 1.5 3.7
2004.8603 -37.1184 -37.6488 14.7 1.8 1.2 3.2
2004.8630 -37.4251 -38.3151 15.6 2.1 1.5 3.9
2004.8658 -37.3024 -39.6478 18.1 1.3 1.0 2.6
2004.8685 -37.7319 -40.7584 37.6 1.3 0.9 2.6
2004.8712 -36.1367 -37.4267 34.2 1.2 0.9 2.5
2004.8740 -34.1734 -37.4267 31.8 1.2 0.9 2.5
2004.8767 -35.6459 -42.0911 34.2 1.2 0.9 2.5
2004.8795 -37.7932 -41.6469 22.9 1.2 0.9 2.6
2004.8822 -34.1121 -40.4252 28.2 1.2 0.9 2.5
2004.8849 -38.1 -38.5372 26.8 1.2 1.0 2.6
2004.8877 -35.2164 -38.8704 25.7 1.2 1.0 2.7
2004.8904 -31.9034 -38.5372 29.3 1.3 0.9 2.6
2004.8932 -41.229 -39.5368 25.5 1.2 0.9 2.6
2004.8959 -36.3821 -39.5368 31.5 1.2 0.9 2.5
2004.8986 -35.8913 -36.8714 27.4 1.2 0.9 2.5
2004.9014 -40.5541 -37.5377 29.2 1.3 0.9 2.6
2004.9041 -42.0879 -41.0916 25.8 1.3 1.0 2.6
2004.9068 -37.5478 -37.6488 24.3 1.2 0.9 2.5
2004.9123 -39.5111 -41.5358 27.8 1.3 0.9 2.6
2004.9151 -38.6522 -36.7603 34.2 1.2 0.9 2.5
2004.9178 -35.0937 -35.8718 32.4 1.2 0.9 2.6
2004.9205 -33.5599 -36.3161 31.3 1.2 1.0 2.6
2004.9233 -35.6459 -36.7603 35.2 1.3 1.0 2.7
2004.9260 -35.83 -38.9815 32 1.2 1.0 2.6
2004.9288 -39.5111 -40.6474 25.5 1.2 0.9 2.5
2004.9315 -42.3947 -37.6488 28.4 1.2 0.9 2.6
2004.9342 -38.3454 -39.6478 23.8 1.3 1.0 2.6
2004.9370 -36.7503 -40.2031 33.2 1.4 1.0 2.7
2004.9397 -38.5295 -37.8709 35 1.3 1.0 2.7
2004.9425 -38.2227 -38.3151 30.3 1.2 0.9 2.6
2004.9452 -35.0324 -35.9829 26.4 1.3 1.0 2.7
2004.9479 -40.6768 -35.9829 29.1 1.3 1.0 2.7
2004.9507 -37.057 -38.2041 25.9 1.3 1.0 2.7
2004.9534 -40.4314 -37.7598 29.7 1.2 0.9 2.6
2004.9562 -35.4618 -35.8718 33.7 1.6 1.0 2.9
2004.9589 -37.9773 -38.7594 30.4 1.2 0.9 2.6
2004.9616 -36.8116 -34.317 39.9 1.2 1.0 2.7
2004.9644 -35.4005 -40.9805 33.4 1.3 0.9 2.7
2004.9671 -38.1614 -35.8718 25.2 1.2 0.9 2.6
2004.9699 -39.8792 -37.7598 22.6 1.2 0.9 2.6
2004.9726 -38.8362 -37.4267 19.6 1.2 0.9 2.5
2004.9753 -39.3271 -36.094 23.7 1.3 0.9 2.6
2004.9781 -38.8362 -36.205 19.3 1.3 0.9 2.6
2004.9808 -38.7135 -39.5368 20.2 1.3 1.0 2.7
2004.9836 -44.2353 -37.8709 20 1.2 0.9 2.6
2004.9863 -41.7198 -39.4257 25.9 1.2 0.9 2.5
2004.9890 -41.4131 -38.7594 21 1.3 0.9 2.6
2004.9918 -38.8976 -40.3142 20.1 1.2 0.9 2.6
2004.9945 -41.1063 -36.6493 25 1.3 1.0 2.7
2004.9973 -41.9039 -36.9824 19.5 1.3 1.0 2.7
2005.0000 -40.6155 -38.6483 16.7 1.3 1.0 2.6
2005.0027 -39.2044 -38.093 19.4 1.3 1.0 2.6
2005.0027 -37.916 -39.6478 20.7 1.2 1.0 2.6
2005.0055 -39.7565 -37.2045 17.5 1.3 1.0 2.7
2005.0082 -42.2106 -39.7589 16.1 1.3 1.0 2.6
2005.0110 -39.2657 -39.8699 11.7 1.3 1.0 2.8
2005.0137 -44.358 -41.0916 19.9 1.3 0.9 2.7
2005.0164 -41.1063 -39.6478 24.4 1.3 1.0 2.7
2005.0192 -40.6768 -41.4248 14.1 1.3 1.0 2.7
2005.0219 -43.5604 -40.2031 20.2 1.5 1.0 2.8
2005.0247 -44.2353 -44.3123 19.1 1.2 0.9 2.6
2005.0274 -44.6647 -44.5344 15 1.2 0.9 2.6
2005.0301 -41.6585 -43.6459 19.6 1.3 0.9 2.6
2005.0329 -50.616 -42.5353 14.4 1.5 1.0 2.8
2005.0356 -41.3517 -42.9796 19.5 1.2 0.9 2.5
2005.0384 -43.6831 -41.869 28.7 1.2 0.9 2.5
2005.0411 -41.0449 -42.4243 17.5 1.2 0.9 2.6
2005.0438 -41.229 -43.5349 24.7 1.2 0.9 2.6
2005.0466 -33.3145 -37.7598 28.2 1.6 1.0 2.9
2005.0493 -39.9406 -42.4243 26.9 1.6 1.0 2.8
2005.0521 -37.1797 -38.3151 19.9 1.5 1.0 2.8
2005.0548 -43.3763 -41.5358 20 1.3 0.9 2.7
2005.0575 -41.6585 -42.4243 23.6 1.3 0.9 2.7
2005.0603 -41.7198 -38.2041 27 1.3 0.9 2.6
2005.0630 -43.0696 -38.5372 26.2 1.3 0.9 2.6
2005.0658 -43.6218 -39.5368 26.5 1.3 0.9 2.6
2005.0685 -40.4314 -39.7589 27 1.4 1.1 3.0
2005.0712 -42.9469 -39.4257 20.3 1.3 0.9 2.6
2005.0740 -42.8242 -40.4252 28.9 1.2 0.9 2.6
2005.0767 -39.8179 -41.5358 28.9 1.3 0.9 2.7
2005.0795 -42.1493 -39.4257 29.3 1.3 0.9 2.6
2005.0822 -40.2474 -39.6478 32.2 1.3 0.9 2.5
2005.0849 -41.5358 -41.2026 25.6 1.2 0.9 2.5
2005.0877 -43.315 -41.869 36.9 1.2 0.9 2.5
2005.0904 -41.3517 -43.3128 28.7 1.2 0.9 2.5
2005.0932 -41.1676 -42.8685 23.6 1.3 0.9 2.7
2005.0959 -37.9773 -38.6483 34.5 1.2 0.9 2.5
2005.0986 -38.9589 -39.7589 29.9 1.2 0.9 2.5
2005.1068 -40.9836 -42.9796 24.1 1.3 0.9 2.7
2005.1096 -39.0817 -41.7579 26.4 1.3 0.9 2.6
2005.1123 -43.0082 -41.4248 34.3 1.3 0.9 2.6
2005.1151 -42.2106 -42.7575 34.6 1.3 0.9 2.5
2005.1178 -45.3396 -44.8676 25.1 1.3 0.9 2.6
2005.1205 -39.5111 -43.9791 24.8 1.2 0.9 2.5
2005.1233 -40.4928 -44.4233 21.8 1.2 0.9 2.5
2005.1260 -39.8792 -44.3123 21.3 1.2 0.9 2.5
2005.1288 -37.1184 -43.3128 21.7 1.3 0.9 2.6
2005.1315 -39.0817 -43.4238 22.8 1.3 0.9 2.6
2005.1342 -36.9343 -42.6464 16.9 1.4 1.0 2.9
2005.1370 -38.7749 -43.0906 20.9 1.2 0.9 2.6
2005.1397 -42.5788 -44.0902 18.3 1.2 0.9 2.6
2005.1425 -42.0266 -42.9796 19.7 1.3 0.9 2.6
2005.1452 -41.5971 -44.0902 22.1 1.2 0.9 2.6
2005.1479 -39.0817 -41.869 26.2 1.3 0.9 2.7
2005.1507 -40.9836 -40.6474 25.1 1.3 0.9 2.6
2005.1562 -43.1923 -42.5353 25.1 1.3 0.9 2.6
2005.1589 -41.8425 -44.0902 25.4 1.2 0.9 2.6
2005.1616 -44.9715 -42.0911 27.7 1.2 0.9 2.6
2005.1644 -47.0575 -43.3128 27.4 1.3 0.9 2.6
2005.1671 -43.8058 -36.8714 31.2 1.4 1.1 2.9
2005.1699 -39.4498 -40.7584 21.7 1.2 0.9 2.6
2005.1726 -41.7812 -40.3142 28.8 1.2 0.9 2.6
2005.1753 -43.1923 -42.7575 26.5 1.2 0.9 2.6
2005.1781 -41.5358 -40.9805 23.3 1.3 1.0 2.7
2005.1808 -41.7812 -40.3142 27.9 1.3 1.0 2.6
2005.1836 -42.456 -38.2041 25.7 1.3 0.9 2.6
2005.1863 -39.3271 -39.7589 23.7 1.4 1.1 2.8
2005.1890 -40.4314 -38.6483 25.5 1.4 1.1 2.8
2005.1918 -45.7077 -41.0916 19.1 1.2 0.9 2.6
2005.1945 -45.0942 -42.7575 24.9 1.2 0.9 2.6
2005.1973 -47.0575 -40.6474 21.2 1.2 0.9 2.5
2005.2000 -42.5174 -41.0916 19.4 1.3 1.0 2.6
2005.2027 -44.0512 -41.3137 23.4 1.3 1.1 2.8
2005.2055 -45.0329 -42.7575 21.3 1.3 0.9 2.6
2005.2082 -44.6647 -40.2031 21.9 1.2 0.9 2.6
2005.2110 -44.0512 -40.9805 20.2 1.2 0.9 2.6
2005.2137 -44.6034 -42.9796 22.7 1.2 0.9 2.6
2005.2164 -43.1923 -42.3132 17.7 1.2 0.9 2.6
2005.2192 -43.4377 -42.9796 22.9 1.2 0.9 2.5
2005.2219 -44.2353 -42.2022 21.9 1.2 0.9 2.6
2005.2247 -44.1126 -42.4243 19.6 1.2 0.9 2.6
2005.2274 -43.0082 -43.0906 17.8 1.2 0.9 2.5
2005.2301 -41.5358 -44.9786 18.1 1.2 0.9 2.6
2005.2329 -39.2044 -43.9791 24.5 2.3 1.6 4.5
2005.2411 -45.6464 -44.2012 25.1 1.3 0.9 2.7
2005.2438 -43.315 -43.4238 23.5 1.2 0.9 2.6
2005.2466 -42.0879 -43.6459 28.6 1.2 0.9 2.6
2005.2493 -43.8672 -42.2022 22.7 1.2 1.0 2.6
2005.2521 -46.9961 -42.9796 22.7 1.2 0.9 2.6
2005.2548 -44.7261 -40.7584 23.6 1.2 0.9 2.6
2005.2603 -41.5971 -43.4238 25.8 1.3 1.0 2.7
2005.2740 -41.5358 -44.4233 22.3 1.2 0.9 2.6
2005.2767 -44.6034 -43.8681 21.6 1.2 0.9 2.6
2005.2795 -44.1739 -42.6464 15.9 1.3 0.9 2.6
2005.2822 -47.7937 -43.9791 11.9 1.3 0.9 2.7
2005.2849 -44.6647 -43.8681 17.8 1.2 1.0 2.7
2005.2877 -46.0759 -43.757 22.4 1.2 0.9 2.6
2005.2904 -43.9285 -45.8671 21.6 1.2 0.9 2.6
2005.2932 -42.9469 -44.9786 14.9 1.2 0.9 2.6
2005.2959 -41.9652 -45.8671 14 1.2 0.9 2.6
2005.2986 -39.5111 -44.5344 22 1.2 0.9 2.6
2005.3014 -42.3947 -43.757 16.1 1.2 0.9 2.6
2005.3041 -40.7995 -45.8671 15.5 1.3 1.1 2.8
2005.3068 -44.2966 -43.757 20.3 1.2 0.9 2.6
2005.3096 -39.0203 -43.3128 21.3 1.2 0.9 2.6
2005.3123 -42.5788 -43.0906 18.3 1.2 0.9 2.6
2005.3151 -41.2903 -40.9805 19.4 1.2 0.9 2.6
2005.3178 -44.4193 -41.7579 24.1 1.3 1.0 2.7
2005.3205 -42.8855 -44.9786 21.6 1.2 0.9 2.6
2005.3233 -40.9222 -42.6464 23.8 1.2 1.0 2.6
2005.3260 -43.9899 -44.7565 20.9 1.2 0.9 2.6
2005.3288 -43.8058 -44.4233 18.9 1.2 0.9 2.6
2005.3315 -41.5971 -44.7565 19.5 1.3 0.9 2.6
2005.3342 -44.7261 -43.2017 24.2 1.2 0.9 2.6
2005.3370 -41.9039 -45.3118 20.1 1.2 0.9 2.6
2005.3397 -43.2536 -42.8685 21.4 1.2 0.9 2.6
2005.3425 -45.401 -44.3123 24.3 1.2 0.9 2.6
2005.3452 -43.499 -42.8685 24.4 1.2 0.9 2.6
2005.3479 -42.3333 -42.8685 23.8 1.2 0.9 2.6
2005.3507 -43.1309 -38.6483 10.4 1.8 1.3 3.2
2005.3534 -45.7691 -42.0911 22.6 1.2 0.9 2.6
2005.3562 -48.2232 -41.869 22.9 1.3 1.0 2.7
2005.3589 -47.4256 -44.6455 24.6 1.3 0.9 2.7
2005.3616 -46.628 -44.3123 24.3 1.2 1.0 2.6
2005.3644 -44.0512 -42.5353 28.7 1.2 1.0 2.7
2005.3671 -40.7382 -41.7579 29 1.2 0.9 2.7
2005.3699 -40.4928 -44.4233 26.6 1.5 1.1 3.1
2005.3726 -43.3763 -44.6455 28.1 1.4 1.0 2.7
2005.3753 -42.272 -43.9791 31.4 1.5 1.0 2.9
2005.3781 -45.5237 -45.3118 28.8 1.3 1.0 2.7
2005.3808 -49.0821 -43.2017 28.7 1.2 0.9 2.6
2005.3836 -45.8918 -45.756 28.4 1.4 1.0 2.9
2005.3863 -46.0145 -42.4243 29.3 1.3 1.0 2.8
2005.3890 -46.5053 -45.2008 21.1 1.3 0.9 2.6
2005.3918 -45.2783 -44.5344 21.4 1.2 0.9 2.6
2005.3945 -47.1802 -44.0902 23 1.2 0.9 2.6
2005.3973 -46.9961 -44.4233 22.9 1.2 0.9 2.6
2005.4000 -49.2662 -46.0892 26.3 1.2 0.9 2.6
2005.4027 -47.7324 -44.3123 17.7 1.2 0.9 2.6
2005.4055 -48.1005 -44.0902 25.6 1.2 0.9 2.6
2005.4082 -45.0942 -46.4224 27.4 1.2 0.9 2.6
2005.4110 -44.6647 -45.0897 19.7 1.6 1.2 3.0
2005.4137 -46.0759 -43.6459 22.5 1.3 0.9 2.6
2005.4164 -47.3029 -46.0892 34.7 1.2 0.9 2.5
2005.4192 -46.9348 -44.3123 20.5 1.3 0.9 2.6
2005.4219 -46.9961 -43.757 25.2 1.2 0.9 2.6
2005.4247 -48.8981 -44.2012 25.5 1.3 0.9 2.6
2005.4274 -45.8918 -45.0897 21.2 1.2 0.9 2.6
2005.4301 -47.5483 -43.9791 26.3 1.4 1.0 2.7
2005.4329 -47.9778 -47.1998 26.5 1.3 0.9 2.6
2005.4356 -44.9102 -43.8681 32.3 1.3 0.9 2.6
2005.4384 -51.2908 -43.757 14.9 1.4 0.9 2.7
2005.4411 -50.0024 -46.8666 27.2 1.3 0.9 2.6
2005.4438 -48.1005 -44.8676 31.8 1.3 0.9 2.6
2005.4466 -50.2478 -48.8657 33.1 1.3 0.9 2.7
2005.4493 -50.1251 -43.6459 22.5 1.5 1.0 2.8
2005.4521 -46.1986 -45.2008 29 1.3 0.9 2.6
2005.4548 -48.4073 -44.6455 24.1 1.3 0.9 2.6
2005.4575 -46.628 -45.756 21.5 1.3 1.0 2.7
2005.4603 -52.0271 -44.2012 21 1.3 0.9 2.7
2005.4630 -48.4073 -46.3113 33.8 1.3 0.9 2.6
2005.4658 -47.2416 -46.5335 31.8 1.3 0.9 2.6
2005.4685 -52.4565 -45.0897 28.1 1.3 0.9 2.6
2005.4712 -52.0271 -46.6445 27 1.3 0.9 2.6
2005.4740 -48.4073 -44.3123 26.1 1.3 0.9 2.6
2005.4767 -47.1802 -43.3128 21.3 1.6 1.1 2.9
2005.4795 -51.1681 -46.9777 25.6 1.3 0.9 2.6
2005.4822 -49.3889 -47.644 25.6 1.3 0.9 2.7
2005.4849 -47.7324 -47.1998 27.5 1.3 0.9 2.7
2005.4877 -51.1681 -45.645 28.7 1.3 0.9 2.6
2005.4932 -48.8981 -46.2003 27.2 1.3 0.9 2.6
2005.4959 -49.573 -46.8666 32.7 1.3 0.9 2.6
2005.4986 -48.6527 -48.4214 29.8 1.3 0.9 2.6
2005.5014 -49.3275 -46.7556 28.2 1.3 0.9 2.6
2005.5041 -43.9285 -44.5344 33.9 1.3 0.9 2.6
2005.5068 -49.8184 -49.8652 25.5 1.3 0.9 2.6
2005.5096 -52.4565 -45.4229 27.5 1.3 0.9 2.6
2005.5123 -50.5546 -46.8666 29.2 1.3 0.9 2.7
2005.5151 -50.2478 -42.2022 31.9 1.3 0.9 2.6
2005.5178 -53.0087 -48.6436 30.9 1.3 0.9 2.6
2005.5205 -47.7937 -48.0883 28.5 1.5 1.0 2.7
2005.5233 -53.2541 -43.6459 28.6 1.6 1.0 2.8
2005.5260 -52.5179 -47.1998 33.3 1.3 0.9 2.6
2005.5288 -48.9594 -49.532 32.6 1.6 1.0 2.9
2005.5315 -44.9715 -47.4219 25.9 1.4 0.9 2.7
2005.5342 -52.886 -44.9786 32.2 1.3 0.9 2.7
2005.5370 -49.8184 -46.0892 27.2 1.3 0.9 2.6
2005.5397 -50.8 -45.3118 24.8 1.3 0.9 2.6
2005.5425 -48.53 -46.2003 28 1.3 0.9 2.6
2005.5452 -49.6957 -44.9786 25.4 1.5 1.0 2.8
2005.5479 -51.659 -48.6436 27.1 1.3 0.9 2.6
2005.5507 -56.3831 -47.644 30 1.3 0.9 2.6
2005.5534 -51.843 -46.8666 21.1 1.3 0.9 2.6
2005.5562 -54.8493 -47.0887 26.6 1.3 0.9 2.6
2005.5589 -55.8923 -48.3104 31.8 1.3 0.9 2.6
2005.5616 -50.9227 -49.532 25.4 1.3 0.9 2.7
2005.5644 -53.3155 -48.9767 32.3 1.3 0.9 2.7
2005.5671 -50.7387 -46.6445 22.9 1.3 0.9 2.9
2005.5699 -49.1435 -45.5339 28.3 1.5 1.2 3.3
2005.5726 -50.616 -50.6426 30.2 1.7 1.1 3.1
2005.5753 -50.7387 -49.532 28.8 1.3 0.9 2.6
2005.5781 -51.7203 -48.4214 28.1 1.3 0.9 2.6
2005.5808 -50.2478 -48.8657 25.7 1.3 0.9 2.6
2005.5836 -51.7817 -48.5325 29 1.3 0.9 2.6
2005.5863 -49.5116 -50.5316 18 1.3 1.0 2.7
2005.5890 -53.6222 -50.1984 32 1.3 0.9 2.6
2005.5918 -60.6164 -48.7546 14.5 2.2 1.3 3.9
2005.5945 -51.9657 -49.7541 27.9 1.4 0.9 2.7
2005.5973 -48.2232 -47.7551 29.7 1.4 0.9 2.7
2005.6000 -50.5546 -50.4205 28.6 1.3 0.9 2.7
2005.6027 -50.5546 -49.6431 30 1.3 0.9 2.6
2005.6055 -52.7633 -51.1979 25.9 1.3 0.9 2.6
2005.6082 -52.3338 -49.6431 26.5 1.4 0.9 2.8
2005.6110 -54.1131 -52.6417 35.6 1.4 0.9 2.7
2005.6137 -50.3092 -51.6421 28.6 1.4 0.9 2.7
2005.6164 -53.1928 -50.3094 29.9 1.3 0.9 2.7
2005.6192 -54.7879 -51.309 28.4 1.3 0.9 2.6
2005.6219 -48.4073 -51.6421 16.5 1.3 0.9 2.6
2005.6247 -55.6469 -53.308 27.7 1.5 1.1 2.9
2005.6274 -52.4565 -51.1979 33.7 1.3 0.9 2.6
2005.6301 -50.616 -51.5311 39.6 1.3 0.9 2.7
2005.6329 -56.8126 -48.7546 38.7 1.3 0.9 2.6
2005.6356 -57.1193 -50.9758 36.3 1.3 0.9 2.6
2005.6384 -53.929 -52.8638 33.6 1.3 0.9 2.6
2005.6411 -55.2788 -49.8652 32.4 1.3 0.9 2.6
2005.6438 -51.3522 -52.6417 27.3 1.3 0.9 2.6
2005.6466 -51.5976 -52.5306 30.2 1.6 1.1 3.0
2005.6493 -52.5792 -47.533 42.8 1.3 0.9 2.6
2005.6521 -51.3522 -50.9758 30.5 1.3 0.9 2.6
2005.6548 -53.7449 -51.7532 33.4 1.3 0.9 2.7
2005.6575 -53.1314 -49.532 27.9 1.3 0.9 2.6
2005.6603 -52.3952 -53.308 29 1.3 0.9 2.6
2005.6630 -53.929 -52.9748 24.4 1.3 0.9 2.6
2005.6658 -52.3338 -50.6426 23.7 1.4 1.0 2.8
2005.6685 -54.1744 -51.0868 31 1.3 0.9 2.7
2005.6712 -58.0396 -50.8647 37.4 1.3 1.0 2.6
2005.6740 -54.4198 -51.5311 24.9 1.3 0.9 2.6
2005.6767 -58.4077 -49.6431 33.5 1.4 1.0 2.7
2005.6795 -55.2174 -53.0859 36.1 1.3 0.9 2.6
2005.6822 -53.9904 -50.0873 35.8 1.2 0.9 2.6
2005.6849 -54.6652 -50.0873 28.3 1.3 0.9 2.7
2005.6877 -56.6899 -52.1974 36.2 1.3 0.9 2.7
2005.6904 -56.8739 -49.532 35.1 1.3 0.9 2.7
2005.6932 -56.015 -51.9753 34.5 1.4 0.9 2.7
2005.6959 -56.1377 -53.7522 24.9 1.8 1.3 3.4
2005.6986 -60.6778 -49.9763 36.3 1.5 1.0 2.9
2005.7014 -55.2174 -52.3085 41.2 1.5 1.0 2.8
2005.7041 -53.8063 -48.7546 31.5 1.4 1.0 2.7
2005.7068 -57.058 -49.1989 31.6 1.3 1.0 2.8
2005.7096 -56.5058 -50.7537 36.4 1.3 0.9 2.7
2005.7123 -54.3585 -52.0864 39.7 1.2 0.9 2.6
2005.7151 -54.4812 -52.4195 43.4 1.2 0.9 2.6
2005.7178 -58.8986 -52.0864 25.5 1.2 0.9 2.7
2005.7205 -57.4261 -51.9753 28.9 1.2 0.9 2.5
2005.7233 -52.5179 -49.532 25.2 1.2 0.9 2.7
2005.7260 -53.1314 -51.309 36.3 1.3 0.9 2.6
2005.7288 -54.5425 -50.4205 36.2 1.2 0.9 2.6
2005.7315 -53.3155 -52.5306 36.7 1.3 0.9 2.6
2005.7342 -54.2358 -52.0864 33.2 1.2 0.9 2.7
2005.7370 -57.6102 -51.7532 39.4 1.2 0.9 2.6
2005.7397 -56.7512 -50.3094 36.4 1.3 0.9 2.7
2005.7425 -61.5367 -52.0864 45.7 1.4 1.0 2.8
2005.7452 -55.2788 -50.0873 36.4 1.2 0.9 2.6
2005.7479 -53.8063 -52.1974 35.3 1.2 0.9 2.6
2005.7507 -55.9536 -52.6417 26.2 1.2 0.9 2.7
2005.7534 -53.8676 -51.309 38.9 1.2 0.9 2.7
2005.7562 -54.7879 -53.9744 38.5 1.2 0.9 2.6
2005.7589 -57.058 -53.7522 41.3 1.3 0.9 2.6
2005.7616 -55.0947 -50.5316 36.4 1.2 0.9 2.5
2005.7644 -56.6899 -51.5311 36.3 1.2 0.9 2.6
2005.7671 -56.015 -53.0859 37.1 1.2 0.9 2.7
2005.7699 -56.8739 -53.308 33.1 1.3 1.0 2.7
2005.7726 -56.6899 -53.5301 36.8 1.2 0.9 2.6
2005.7753 -51.843 -52.8638 34.9 1.2 0.9 2.6
2005.7781 -53.4382 -52.7527 44.1 1.2 0.9 2.6
2005.7808 -54.5425 -49.9763 38.8 1.2 0.9 2.6
2005.7836 -57.6102 -51.9753 32.8 1.3 0.9 2.6
2005.7863 -53.9904 -53.308 39.4 1.4 0.9 2.7
2005.7890 -54.5425 -55.196 33.1 1.2 0.9 2.6
2005.7918 -55.6469 -51.7532 40.1 1.2 0.9 2.6
2005.7945 -54.2358 -52.0864 36.8 1.2 0.9 2.6
2005.7973 -55.0947 -53.197 42.5 1.3 0.9 2.6
2005.8000 -55.4015 -52.9748 38.3 1.3 1.0 2.7
2005.8027 -59.5734 -51.7532 38.3 1.3 1.0 2.7
2005.8055 -55.9536 -50.6426 46.7 1.2 0.9 2.5
2005.8082 -52.6406 -55.3071 45.4 1.2 0.9 2.6
2005.8110 -53.7449 -54.6407 46.1 1.4 1.0 2.8
2005.8137 -54.7266 -51.8643 38.2 1.2 0.9 2.6
2005.8164 -56.7512 -51.7532 34.3 1.3 0.9 2.7
2005.8192 -57.4875 -53.4191 34.8 1.2 0.9 2.6
2005.8219 -53.9904 -51.9753 43.5 1.2 0.9 2.5
2005.8247 -57.058 -54.1965 36 1.2 0.9 2.6
2005.8274 -55.1561 -52.3085 36 1.2 0.9 2.6
2005.8301 -56.6285 -50.9758 34.6 1.2 0.9 2.6
2005.8329 -58.2237 -52.7527 42.9 1.4 1.0 2.8
2005.8356 -53.929 -52.1974 35.3 1.2 1.0 2.7
2005.8384 -56.8126 -52.7527 37.9 1.2 1.0 2.7
2005.8411 -55.9536 -51.6421 41.7 1.4 1.1 3.0
2005.8438 -57.6715 -50.0873 37.7 1.3 1.0 2.6
2005.8466 -55.8923 -51.309 39.4 1.2 0.9 2.7
2005.8493 -56.7512 -52.0864 31.2 1.3 1.0 2.7
2005.8521 -57.9169 -52.4195 35.5 1.2 1.0 2.6
2005.8548 -59.4507 -48.8657 33.5 1.3 1.0 2.7
2005.8575 -55.0947 -49.9763 39.9 1.3 0.9 2.7
2005.8603 -60.8005 -51.309 35.9 1.2 0.9 2.6
2005.8630 -57.3034 -49.6431 36.9 1.2 0.9 2.6
2005.8658 -56.7512 -52.1974 40.6 1.2 0.9 2.6
2005.8685 -51.5976 -46.3113 43.7 1.2 0.9 2.6
2005.8712 -55.2788 -52.8638 33.4 1.2 1.0 2.7
2005.8740 -54.1131 -50.0873 37.7 1.2 0.9 2.6
2005.8767 -55.4628 -49.9763 30.3 1.2 0.9 2.6
2005.8795 -57.7329 -49.0878 34.7 1.2 0.9 2.6
2005.8822 -54.7879 -49.7541 33 1.2 0.9 2.6
2005.8849 -58.8372 -50.1984 39.3 1.2 0.9 2.6
2005.8877 -61.1686 -51.8643 29.1 1.2 0.9 2.6
2005.8904 -63.3773 -51.309 36.4 1.3 1.0 2.9
2005.8932 -56.4445 -45.4229 29.3 1.2 0.9 2.7
2005.8959 -63.8681 -55.0849 34.6 1.3 0.9 2.6
2005.8986 -53.1928 -51.5311 41.7 1.2 0.9 2.7
2005.9014 -60.8619 -51.9753 33 1.2 0.9 2.6
2005.9041 -60.9846 -53.5301 29 1.2 0.9 2.7
2005.9068 -58.3464 -53.7522 34.7 1.3 0.9 2.7
2005.9096 -61.6594 -54.1965 27.6 1.2 0.9 2.6
2005.9123 -56.8126 -53.6412 28.6 1.2 0.9 2.6
2005.9151 -59.3894 -53.308 23.2 1.2 0.9 2.6
2005.9178 -56.7512 -52.1974 28.9 1.3 0.9 2.7
2005.9205 -58.7145 -53.0859 31.1 1.3 0.9 2.6
2005.9233 -58.9599 -53.308 31 1.2 0.9 2.6
2005.9260 -59.6348 -45.5339 44.5 1.3 0.9 2.7
2005.9288 -56.8126 -52.5306 23.6 1.2 0.9 2.6
2005.9315 -57.3648 -52.9748 26.2 1.3 0.9 2.7
2005.9342 -54.9106 -50.9758 37.4 1.3 0.9 2.7
2005.9370 -59.9416 -49.6431 36.6 1.7 1.1 3.1
2005.9397 -60.5551 -51.9753 32.9 1.2 0.9 2.6
2005.9425 -56.0763 -50.0873 36.8 1.2 0.9 2.6
2005.9452 -55.0333 -50.7537 41.7 1.3 0.9 2.6
2005.9479 -60.4324 -53.4191 33.4 1.3 0.9 2.7
2005.9507 -60.371 -52.7527 32.6 1.2 0.9 2.6
2005.9534 -63.5614 -54.4186 35.3 1.4 1.0 2.8
2005.9562 -56.5058 -53.0859 26.9 1.4 1.0 2.8
2005.9589 -60.6164 -54.5297 29.7 1.2 0.9 2.6
2005.9616 -64.6657 -58.6388 32.7 1.2 0.9 2.6
2005.9644 -62.0889 -54.5297 37.7 1.2 0.9 2.6
2005.9671 -61.9662 -55.3071 32.7 1.3 0.9 2.6
2005.9699 -58.7759 -53.6412 39.2 1.3 1.0 2.7
2005.9726 -59.2667 -55.4181 39.8 1.3 0.9 2.6
2005.9753 -63.9908 -53.308 33 1.2 0.9 2.6
2005.9781 -62.7024 -53.7522 25.8 1.3 1.0 2.7
2005.9808 -60.2483 -52.5306 37.2 1.3 0.9 2.6
2005.9836 -61.7208 -50.6426 29.9 1.3 0.9 2.6
2005.9863 -62.5797 -55.196 38.8 1.3 0.9 2.6
2005.9890 -62.7638 -55.7513 27.9 1.3 0.9 2.6
2005.9918 -62.6411 -55.196 37.7 1.3 0.9 2.6
2005.9945 -62.8251 -54.6407 35.7 1.3 0.9 2.6
2005.9973 -60.0643 -54.8628 33.3 1.4 1.0 2.7
2006.0000 -65.8928 -54.8628 32.3 1.4 0.9 2.6
2006.0027 -67.9174 -55.8624 35.5 1.6 1.0 2.9
2006.0055 -61.23 -56.4176 37.5 1.3 0.9 2.6
2006.0082 -60.6778 -55.8624 33.6 1.3 0.9 2.6
2006.0110 -56.199 -56.0845 35 1.3 0.9 2.6
2006.0137 -62.5797 -50.9758 34.7 1.3 0.9 2.6
2006.0164 -61.1686 -57.1951 40 1.3 0.9 2.7
2006.0192 -59.6348 -56.5287 33.7 1.3 0.9 2.6
2006.0219 -60.0643 -57.5282 34.4 1.3 0.9 2.7
2006.0247 -61.5981 -57.8614 36.5 1.3 0.9 2.6
2006.0274 -64.9111 -56.8619 29.1 1.3 0.9 2.7
2006.0301 -62.6411 -56.5287 26.4 1.3 0.9 2.6
2006.0329 -56.199 -55.196 29.6 1.3 0.9 2.6
2006.0356 -58.6532 -57.1951 41.8 1.3 0.9 2.6
2006.0384 -60.6164 -57.3061 33 1.3 0.9 2.6
2006.0411 -61.2913 -55.4181 34.3 1.3 0.9 2.6
2006.0438 -63.0092 -55.0849 31.1 1.3 0.9 2.6
2006.0466 -68.7763 -49.8652 15.8 1.4 1.0 2.8
2006.0493 -57.7942 -51.6421 41.3 1.3 0.9 2.6
2006.0521 -57.3034 -53.0859 30.2 1.3 0.9 2.7
2006.0548 -58.5918 -56.9729 34.4 1.4 0.9 2.7
2006.0575 -58.101 -55.6402 34.3 1.3 0.9 2.6
2006.0603 -56.015 -55.8624 42 1.3 0.9 2.6
2006.0630 -54.7879 -56.7508 36.4 1.4 0.9 2.6
2006.0658 -58.0396 -55.3071 43.9 1.4 1.0 2.8
2006.0685 -55.4628 -53.4191 43.9 1.3 0.9 2.6
2006.0712 -57.7329 -53.9744 40.3 1.3 0.9 2.6
2006.0740 -59.5121 -53.308 40 1.3 0.9 2.6
2006.0767 -59.7575 -51.9753 38.4 1.3 0.9 2.7
2006.0795 -62.5184 -53.308 39.3 1.3 0.9 2.6
2006.0822 -55.7082 -57.6393 37.5 1.3 0.9 2.5
2006.0849 -56.2604 -56.7508 35.6 1.3 0.9 2.5
2006.0877 -55.7082 -56.5287 39.5 1.3 0.9 2.6
2006.0904 -60.5551 -55.6402 36.5 1.3 0.9 2.6
2006.0932 -54.5425 -47.644 42 1.3 0.9 2.6
2006.0959 -56.9353 -57.3061 30.5 1.2 0.9 2.5
2006.0986 -56.8126 -56.9729 36 1.3 0.9 2.6
2006.1014 -53.929 -55.7513 37.2 1.3 0.9 2.6
2006.1041 -55.8923 -52.4195 41 1.3 0.9 2.6
2006.1068 -55.9536 -56.1955 27.5 1.3 0.9 2.6
2006.1096 -58.8372 -54.7518 26.8 1.3 0.9 2.6
2006.1123 -59.7575 -58.1946 35.6 1.3 1.0 2.7
2006.1151 -58.285 -54.1965 35.4 1.2 0.9 2.6
2006.1178 -55.1561 -53.5301 33.9 1.2 0.9 2.6
2006.1425 -63.316 -59.5273 24.1 1.2 0.9 2.6
2006.1452 -60.9846 -57.9725 30.4 1.2 0.9 2.6
2006.1479 -56.8739 -55.4181 32.7 1.2 0.9 2.6
2006.1507 -58.7759 -54.4186 29.1 1.2 0.9 2.5
2006.1534 -60.187 -54.8628 28 1.2 0.9 2.5
2006.1562 -61.7821 -54.9739 29.5 1.2 0.9 2.6
2006.1589 -61.2913 -56.4176 31.7 1.2 0.9 2.5
2006.1616 -60.371 -57.8614 33.9 1.2 0.9 2.6
2006.1644 -58.8986 -58.0835 35.2 1.2 1.0 2.7
2006.1671 -60.9232 -56.9729 32.6 1.2 0.9 2.5
2006.1699 -59.5121 -56.8619 34.8 1.2 0.9 2.6
2006.1726 -59.5121 -56.6398 32.9 1.3 0.9 2.6
2006.1753 -59.5121 -57.8614 32.4 1.2 0.9 2.5
2006.1781 -60.3097 -56.5287 34.6 1.2 0.9 2.6
2006.1808 -60.6164 -56.1955 36.7 1.2 0.9 2.6
2006.1836 -59.2053 -53.4191 34.1 1.2 0.9 2.6
2006.1863 -61.9662 -57.9725 29.7 1.2 0.9 2.5
2006.1890 -62.457 -57.8614 33.9 1.2 0.9 2.6
2006.1918 -59.8802 -55.8624 29.2 1.2 0.9 2.5
2006.1945 -61.6594 -57.084 32.4 1.2 0.9 2.6
2006.1973 -59.144 -57.1951 34.4 1.2 0.9 2.5
2006.2000 -60.2483 -56.1955 31.5 1.2 0.9 2.5
2006.2027 -59.5734 -56.0845 31.6 1.2 0.9 2.5
2006.2055 -58.8986 -56.8619 27.8 1.2 0.9 2.6
2006.2082 -55.7082 -55.3071 28.1 1.3 1.0 2.6
2006.2110 -55.8309 -55.5292 29 1.3 0.9 2.6
2006.2137 -54.9106 -56.0845 29.1 1.4 1.0 2.8
2006.2164 -62.2116 -54.9739 30.1 1.2 0.9 2.6
2006.2192 -61.5367 -54.9739 28.9 1.2 0.9 2.5
2006.2219 -65.0952 -53.0859 27.9 1.2 0.9 2.5
2006.2247 -58.5918 -55.7513 34.5 1.2 0.9 2.6
2006.2274 -63.9295 -54.8628 30.7 1.2 0.9 2.6
2006.2301 -59.6962 -58.7499 29.6 1.2 0.9 2.5
2006.2329 -61.2913 -58.972 30 1.2 0.9 2.5
2006.2356 -58.5918 -56.3066 29.5 1.2 0.9 2.6
2006.2384 -61.9048 -59.7494 24.7 1.2 0.9 2.5
2006.2411 -60.187 -57.8614 30.9 1.2 0.9 2.6
2006.2438 -60.4324 -57.4172 29.9 1.2 0.9 2.5
2006.2466 -59.6348 -57.8614 30.4 1.2 0.9 2.5
2006.2493 -62.5797 -57.8614 33.4 1.2 0.9 2.5
2006.2521 -60.8619 -57.8614 28.5 1.2 0.9 2.6
2006.2548 -60.7391 -57.7503 28.5 1.2 0.9 2.6
2006.2575 -63.0092 -57.9725 32.9 1.2 0.9 2.6
2006.2603 -56.4445 -55.5292 29.4 1.4 1.0 2.9
2006.2630 -61.0459 -59.9715 24.3 1.3 0.9 2.7
2006.2658 -64.7884 -55.8624 20.3 1.2 0.9 2.7
2006.2685 -57.8556 -57.3061 29.8 1.2 0.9 2.7
2006.2712 -58.2237 -55.7513 26 1.4 0.9 2.8
2006.2740 -59.8802 -57.7503 27.6 1.2 0.9 2.6
2006.2767 -59.5121 -57.7503 30 1.3 0.9 2.7
2006.2795 -60.3097 -57.8614 29.2 1.2 0.9 2.7
2006.2822 -58.0396 -56.4176 32.3 1.2 0.9 2.6
2006.2849 -58.5918 -58.1946 35.4 1.5 1.1 3.1
2006.2877 -61.23 -56.3066 33.9 1.2 0.9 2.6
2006.2904 -64.6044 -56.8619 36.9 1.2 0.9 2.6
2006.2932 -60.3097 -57.8614 34.2 1.2 0.9 2.6
2006.2959 -61.7821 -53.4191 29.6 1.3 0.9 2.7
2006.2986 -60.9846 -58.972 31.4 1.2 0.9 2.6
2006.3014 -59.5121 -56.3066 26.5 1.2 0.9 2.7
2006.3041 -61.8435 -56.9729 32.8 1.2 0.9 2.6
2006.3068 -58.7759 -56.5287 28.1 1.2 0.9 2.6
2006.3096 -60.4937 -56.9729 27.1 1.2 0.9 2.6
2006.3123 -59.8802 -56.5287 32.1 1.2 0.9 2.6
2006.3151 -63.5614 -54.8628 24.6 1.2 0.9 2.6
2006.3178 -61.5367 -54.8628 28.7 1.2 0.9 2.6
2006.3205 -60.0029 -54.7518 37 1.4 1.0 2.8
2006.3233 -58.4691 -56.4176 33.5 1.2 0.9 2.7
2006.3260 -58.8372 -55.5292 33.1 1.2 0.9 2.6
2006.3288 -61.9048 -52.9748 31.6 1.2 0.9 2.6
2006.3315 -61.9662 -54.3075 26.3 1.2 0.9 2.6
2006.3342 -61.3527 -57.084 36.9 1.2 0.9 2.6
2006.3370 -60.0029 -54.3075 31.6 1.2 0.9 2.6
2006.3397 -59.4507 -56.6398 26.1 1.3 1.0 2.7
2006.3425 -62.273 -55.6402 29.5 1.2 0.9 2.6
2006.3452 -60.9232 -54.3075 28.4 1.3 0.9 2.6
2006.3479 -62.8251 -56.1955 30.4 1.3 0.9 2.6
2006.3507 -60.5551 -55.5292 33.4 1.2 0.9 2.6
2006.3534 -60.8619 -57.8614 26.3 1.3 0.9 2.6
2006.3562 -62.1503 -56.1955 29.5 1.3 0.9 2.6
2006.3589 -62.3343 -55.4181 23.7 1.3 0.9 2.6
2006.3616 -66.9358 -56.6398 30.5 1.2 0.9 2.6
2006.3644 -61.414 -55.3071 34.1 1.2 0.9 2.5
2006.3671 -60.187 -56.4176 26.8 1.2 0.9 2.5
2006.3699 -63.1933 -57.084 25.2 1.2 0.9 2.6
2006.3726 -62.8865 -58.8609 26.2 1.3 0.9 2.6
2006.3753 -67.7334 -55.6402 22 1.3 0.9 2.6
2006.3781 -65.6474 -57.3061 29.3 1.3 0.9 2.6
2006.3808 -63.6841 -57.5282 29.6 1.3 0.9 2.6
2006.3836 -64.7271 -58.4167 26.9 1.3 0.9 2.6
2006.3863 -62.273 -58.7499 32.5 1.3 0.9 2.6
2006.3890 -61.6594 -57.9725 33.8 1.3 0.9 2.6
2006.3918 -63.9908 -59.9715 32.3 1.3 0.9 2.6
2006.3945 -63.0092 -56.3066 32.1 1.3 0.9 2.6
2006.3973 -63.0092 -57.4172 32.6 1.3 0.9 2.7
2006.4000 -64.4203 -57.4172 28.4 1.3 0.9 2.6
2006.4027 -66.9358 -56.1955 29.2 1.3 0.9 2.6
2006.4055 -61.8435 -57.6393 32.1 1.3 0.9 2.7
2006.4082 -63.6227 -57.4172 28.8 1.3 0.9 2.6
2006.4110 -63.6227 -58.4167 32.3 1.3 0.9 2.6
2006.4137 -61.3527 -56.6398 32.6 1.3 0.9 2.6
2006.4164 -64.6044 -58.0835 32.2 1.3 0.9 2.7
2006.4192 -64.8498 -55.196 31.9 1.4 1.0 2.7
2006.4219 -62.8865 -57.6393 30.7 1.3 0.9 2.7
2006.4247 -63.9908 -59.4162 31 1.3 0.9 2.6
2006.4274 -63.0092 -59.5273 35.4 1.3 0.9 2.6
2006.4301 -58.8986 -58.5278 27.5 1.4 0.9 2.7
2006.4329 -66.0155 -60.4157 29.3 1.3 0.9 2.6
2006.4356 -65.3406 -57.7503 31.1 1.3 0.9 2.6
2006.4384 -65.3406 -56.9729 32.1 1.3 0.9 2.6
2006.4411 -64.359 -57.1951 33.7 1.3 0.9 2.6
2006.4438 -65.8928 -59.5273 33.7 1.3 0.9 2.6
2006.4466 -63.1319 -59.9715 32.9 1.3 0.9 2.6
2006.4493 -65.8928 -59.7494 32.8 1.3 0.9 2.6
2006.4521 -65.1565 -58.7499 32.9 1.4 0.9 2.7
2006.4548 -65.0952 -56.3066 33.9 1.3 0.9 2.6
2006.4575 -66.8744 -56.8619 38 1.3 0.9 2.6
2006.4603 -62.8251 -58.5278 39.8 1.3 0.9 2.6
2006.4630 -64.1135 -57.8614 30.2 1.3 0.9 2.7
2006.4658 -63.3773 -58.972 27.3 1.4 0.9 2.7
2006.4685 -51.9657 -53.9744 33.7 1.4 1.0 2.8
2006.4712 -65.7087 -58.4167 32.7 1.3 0.9 2.7
2006.4740 -61.9048 -59.083 30.1 1.3 0.9 2.7
2006.4767 -62.8865 -59.083 35 1.3 0.9 2.6
2006.4795 -63.316 -60.3047 31.6 1.3 0.9 2.6
2006.4822 -64.1135 -57.9725 31.8 1.3 0.9 2.7
2006.4849 -62.6411 -59.8605 32.1 1.4 0.9 2.7
2006.4877 -66.1995 -60.1936 35.5 1.3 0.9 2.7
2006.4904 -65.2179 -62.0816 34.4 1.3 0.9 2.6
2006.4932 -66.8744 -60.971 34.5 1.3 0.9 2.6
2006.4959 -68.2855 -61.3042 40.4 1.3 0.9 2.6
2006.4986 -65.4633 -60.1936 31.7 1.3 0.9 2.6
2006.5014 -66.5677 -61.6374 36.6 1.3 0.9 2.6
2006.5041 -67.1198 -60.86 36.6 1.3 0.9 2.6
2006.5068 -67.9788 -58.972 36.6 1.3 0.9 2.6
2006.5096 -67.1812 -61.5263 36.9 1.3 0.9 2.6
2006.5123 -66.3222 -60.6379 35.6 1.3 0.9 2.6
2006.5151 -63.6227 -61.4153 35.4 1.3 0.9 2.6
2006.5178 -67.3039 -58.4167 43.2 1.3 0.9 2.6
2006.5205 -70.1875 -60.4157 31.3 1.3 0.9 2.6
2006.5233 -72.8256 -61.6374 34.8 1.5 1.0 2.8
2006.5260 -67.672 -60.4157 34.6 1.3 0.9 2.6
2006.5288 -67.3652 -59.3052 34.8 1.3 0.9 2.6
2006.5315 -67.3039 -61.6374 37.9 1.3 0.9 2.6
2006.5342 -66.9971 -61.5263 39.5 1.3 0.9 2.6
2006.5370 -68.8991 -60.3047 36.7 1.3 0.9 2.6
2006.5397 -67.7947 -61.3042 33.7 1.3 0.9 2.6
2006.5425 -69.2058 -63.1922 39 1.3 0.9 2.6
2006.5452 -66.1382 -62.1927 37.6 1.3 0.9 2.6
2006.5479 -66.629 -63.4143 36 1.3 0.9 2.6
2006.5507 -66.1382 -61.4153 40.6 1.3 0.9 2.6
2006.5534 -64.1135 -60.86 42.7 1.3 0.9 2.6
2006.5562 -66.3222 -57.8614 32 1.3 0.9 2.6
2006.5589 -68.6536 -63.9696 32.5 1.3 0.9 2.6
2006.5616 -69.3899 -61.6374 31.7 1.3 0.9 2.6
2006.5644 -68.0401 -62.3037 32.4 1.3 0.9 2.7
2006.5671 -67.672 -60.6379 33.7 1.3 0.9 2.7
2006.5699 -67.7334 -62.4148 38.9 1.3 0.9 2.6
2006.5726 -67.3039 -59.1941 31.8 1.3 0.9 2.6
2006.5753 -66.1382 -62.6369 33.3 1.3 0.9 2.6
2006.5781 -68.2855 -64.4138 41.1 1.3 0.9 2.6
2006.5808 -67.1198 -62.0816 38.4 1.3 0.9 2.6
2006.5836 -65.3406 -61.1932 39 1.3 0.9 2.6
2006.5863 -65.0338 -61.4153 31.6 1.3 0.9 2.7
2006.5890 -63.8681 -62.4148 38.8 1.3 0.9 2.6
2006.5918 -63.4387 -61.4153 34.7 1.3 0.9 2.7
2006.5945 -69.8807 -62.6369 32.2 1.3 0.9 2.7
2006.5973 -66.5677 -63.6364 32.5 1.3 0.9 2.6
2006.6000 -64.6657 -63.6364 36.2 1.5 1.0 2.8
2006.6027 -70.0648 -62.5259 36.7 1.3 0.9 2.7
2006.6055 -65.7701 -64.0807 34.9 1.3 0.9 2.6
2006.6082 -66.1382 -62.859 29.9 1.3 0.9 2.6
2006.6110 -63.4387 -64.747 40.8 1.3 0.9 2.7
2006.6137 -64.7884 -63.1922 44.2 1.3 0.9 2.6
2006.6164 -65.7701 -62.9701 34.4 1.3 0.9 2.6
2006.6192 -67.4266 -64.747 37.7 1.4 0.9 2.7
2006.6219 -63.8681 -62.9701 38.8 1.3 0.9 2.7
2006.6247 -67.7334 -64.4138 38.7 1.3 0.9 2.6
2006.6274 -67.672 -63.7475 39.2 1.3 0.9 2.6
2006.6301 -68.5923 -62.859 31.9 1.4 1.0 2.8
2006.6329 -66.5677 -64.1917 32.9 1.3 0.9 2.6
2006.6356 -68.1015 -63.3033 36 1.3 0.9 2.7
2006.6384 -68.6536 -62.748 40.6 1.3 0.9 2.6
2006.6411 -70.8623 -64.0807 32 1.4 0.9 2.6
2006.6438 -70.3715 -60.86 38.6 1.3 1.0 2.8
2006.6466 -67.4879 -61.3042 32.4 1.3 0.9 2.7
2006.6493 -69.6353 -63.9696 37.7 1.3 0.9 2.7
2006.6521 -70.3102 -64.3028 36.1 1.3 0.9 2.7
2006.6548 -66.3836 -62.859 43 1.3 1.0 2.8
2006.6575 -71.9667 -65.0802 35.8 1.3 1.0 2.8
2006.6685 -69.8807 -62.859 41.1 1.3 1.0 2.8
2006.6712 -66.8131 -64.636 33 1.2 0.9 2.7
2006.6740 -70.7396 -64.9691 41.6 1.2 0.9 2.7
2006.6767 -79.9425 -61.1932 44.3 1.3 1.0 2.7
2006.6795 -67.5493 -58.8609 38 1.3 1.0 2.8
2006.6822 -71.5372 -65.3023 37.9 1.3 1.0 2.8
2006.6849 -70.1875 -61.5263 32.7 1.3 1.0 2.8
2006.6877 -71.9667 -62.748 36.2 1.3 1.0 2.9
2006.6904 -73.0097 -63.1922 48.8 1.2 0.9 2.7
2006.6932 -68.3469 -58.972 50.9 1.2 0.9 2.6
2006.6959 -68.2242 -61.9706 38.6 1.2 0.9 2.7
2006.6986 -68.4696 -63.6364 34.8 1.2 0.9 2.7
2006.7014 -70.985 -63.8586 40 1.2 0.9 2.7
2006.7041 -62.457 -61.9706 41.2 1.3 0.9 2.7
2006.7068 -68.1628 -62.1927 40.1 1.3 0.9 2.7
2006.7096 -71.2918 -63.5254 43.9 1.2 0.9 2.6
2006.7123 -70.5556 -65.0802 36.8 1.3 1.0 2.7
2006.7151 -69.6966 -64.0807 35.4 1.2 0.9 2.6
2006.7178 -68.2242 -63.9696 36.5 1.2 0.9 2.6
2006.7205 -66.5677 -62.1927 38.5 1.2 0.9 2.6
2006.7233 -64.9725 -61.9706 34.9 1.2 0.9 2.7
2006.7260 -71.1077 -65.8576 50.5 1.3 1.0 2.7
2006.7288 -65.7087 -64.3028 37.4 1.2 0.9 2.7
2006.7315 -66.6904 -64.3028 47.2 1.3 1.0 2.7
2006.7342 -68.2855 -65.9687 36.6 1.2 0.9 2.6
2006.7370 -70.3102 -61.6374 40 1.2 0.9 2.6
2006.7397 -69.6353 -62.0816 29.6 1.2 0.9 2.7
2006.7425 -67.8561 -65.8576 38 1.2 0.9 2.7
2006.7452 -69.2672 -65.1913 37.4 1.2 0.9 2.6
2006.7479 -68.7763 -65.9687 30.9 1.2 0.9 2.6
2006.7507 -67.7334 -63.5254 37 1.2 0.9 2.6
2006.7534 -71.4759 -63.1922 36.8 1.2 1.0 2.7
2006.7562 -66.629 -65.0802 36.7 1.2 0.9 2.7
2006.7589 -69.1445 -64.4138 42.3 1.2 0.9 2.7
2006.7616 -68.5923 -63.3033 40.7 1.2 0.9 2.7
2006.7644 -68.7763 -62.4148 38.3 1.2 0.9 2.6
2006.7671 -66.8744 -65.4134 41 1.2 0.9 2.7
2006.7699 -68.4082 -65.3023 42.3 1.2 0.9 2.7
2006.7726 -66.8131 -61.1932 35.9 1.3 0.9 2.7
2006.7753 -68.1628 -65.6355 37.9 1.2 0.9 2.6
2006.7781 -66.0155 -64.636 41.4 1.2 0.9 2.6
2006.7808 -68.5309 -65.1913 40.1 1.3 0.9 2.7
2006.7836 -65.2179 -63.9696 42.8 1.3 0.9 2.7
2006.7863 -62.457 -63.7475 39.7 1.2 0.9 2.6
2006.7890 -69.8807 -65.1913 37.3 1.2 0.9 2.6
2006.7918 -68.715 -65.6355 40.2 1.2 0.9 2.5
2006.7945 -71.4145 -68.523 36.2 1.3 1.0 2.7
2006.7973 -66.0768 -60.7489 42.6 1.3 0.9 2.7
2006.8000 -69.5126 -62.5259 35.5 1.3 0.9 2.6
2006.8027 -67.7947 -63.8586 37.5 1.3 1.0 2.7
2006.8055 -67.8561 -65.3023 40.6 1.2 0.9 2.6
2006.8082 -71.7826 -64.9691 33.1 1.2 0.9 2.6
2006.8110 -65.7701 -65.3023 47.9 1.3 0.9 2.7
2006.8137 -70.3715 -67.4124 33.8 1.2 1.0 2.7
2006.8164 -63.8681 -63.1922 44.1 1.5 1.0 2.8
2006.8192 -65.1565 -61.9706 39.6 1.3 1.0 2.6
2006.8219 -70.8623 -65.9687 34 1.2 0.9 2.6
2006.8247 -69.3899 -61.3042 37.4 1.2 0.9 2.6
2006.8274 -67.9788 -63.3033 37.2 1.2 0.9 2.6
2006.8301 -69.5126 -66.4129 36.6 1.2 0.9 2.6
2006.8329 -66.0155 -61.3042 40.2 1.2 0.9 2.6
2006.8356 -66.7517 -61.8595 36.2 1.2 0.9 2.6
2006.8384 -63.9295 -62.0816 35 1.3 0.9 2.5
2006.8411 -65.7701 -64.3028 38.7 1.2 0.9 2.6
2006.8438 -65.1565 -65.7465 46.8 1.3 0.9 2.6
2006.8466 -67.1198 -63.4143 41.4 1.3 0.9 2.6
2006.8493 -64.9111 -66.0797 41.5 1.2 0.9 2.6
2006.8521 -67.5493 -66.4129 43.2 1.3 0.9 2.7
2006.8548 -72.9483 -66.4129 36.7 1.3 0.9 2.6
2006.8575 -67.7334 -63.9696 37.5 1.3 0.9 2.6
2006.8603 -71.1077 -65.1913 40.6 1.3 1.0 2.7
2006.8630 -66.0768 -66.8571 39 1.3 1.0 2.7
2006.8658 -73.1937 -65.8576 34.2 1.4 1.0 2.8
2006.8685 -75.2797 -68.9672 47 1.3 1.0 2.7
2006.8712 -71.2305 -62.1927 52.9 1.3 0.9 2.7
2006.8740 -72.028 -64.1917 43.7 1.3 0.9 2.6
2006.8767 -71.844 -66.3018 44.7 1.3 0.9 2.7
2006.8795 -78.4087 -63.6364 36.1 1.3 0.9 2.6
2006.8822 -82.9488 -63.0811 34.8 1.3 1.0 2.8
2006.8849 -67.4879 -57.9725 19.8 1.4 1.1 2.9
2006.8877 -75.7092 -65.5244 36.5 1.3 0.9 2.6
2006.8904 -70.1875 -64.9691 33.1 1.3 0.9 2.6
2006.8932 -71.2305 -67.3014 30.9 1.3 0.9 2.6
2006.8959 -70.801 -66.635 31.5 1.4 0.9 2.7
2006.8986 -68.8377 -66.3018 32.2 1.3 0.9 2.6
2006.9014 -70.7396 -67.7456 33.4 1.2 0.9 2.5
2006.9041 -69.6966 -66.524 34.2 1.2 0.9 2.5
2006.9068 -68.8991 -66.4129 34.1 1.3 0.9 2.6
2006.9096 -70.801 -68.523 34.4 1.3 0.9 2.6
2006.9123 -70.3102 -68.8562 32.9 1.2 0.9 2.5
2006.9151 -68.1015 -65.1913 28.9 1.3 1.0 2.7
2006.9178 -72.4575 -68.523 34.7 1.3 0.9 2.6
2006.9205 -80.4947 -63.5254 21.8 1.4 0.9 2.8
2006.9233 -71.5372 -65.5244 40.5 1.3 0.9 2.6
2006.9260 -70.8623 -65.8576 33.6 1.3 0.9 2.6
2006.9288 -67.5493 -63.4143 43.4 1.3 0.9 2.6
2006.9315 -68.5309 -65.9687 38.8 1.4 0.9 2.6
2006.9342 -73.9913 -66.7461 42 1.3 0.9 2.7
2006.9370 -70.7396 -68.8562 38.9 1.3 0.9 2.8
2006.9397 -75.4024 -68.9672 32.6 1.3 0.9 2.6
2006.9425 -73.0097 -69.9668 38.3 1.3 0.9 2.6
2006.9452 -78.7155 -69.4115 39.6 1.3 0.9 2.7
2006.9479 -70.8623 -68.9672 38.9 1.3 0.9 2.6
2006.9507 -73.93 -67.8567 38.3 1.3 0.9 2.6
2006.9534 -71.3532 -67.3014 44.5 1.3 0.9 2.6
2006.9562 -71.9667 -73.0764 30.4 1.8 1.1 3.1
2006.9589 -74.6662 -68.8562 41.6 1.3 0.9 2.6
2006.9616 -79.329 -65.6355 41 1.3 0.9 2.6
2006.9644 -74.7276 -71.4105 47.3 1.4 0.9 2.7
2006.9671 -76.9976 -71.7437 30.8 1.3 0.9 2.6
2006.9699 -79.0222 -66.8571 43.8 1.3 0.9 2.6
2006.9726 -75.5865 -67.3014 42.2 1.3 0.9 2.6
2006.9753 -70.3715 -71.5216 42.2 1.3 0.9 2.5
2006.9781 -69.0218 -65.3023 47 1.3 0.9 2.6
2006.9808 -73.3778 -68.7451 50.1 1.3 0.9 2.6
2006.9836 -69.5739 -72.1879 38.8 1.3 0.9 2.6
2006.9863 -76.016 -71.4105 35.6 1.3 0.9 2.6
2006.9890 -74.7276 -70.8552 39.1 1.3 0.9 2.6
2006.9918 -80.0652 -75.2976 26 1.3 0.9 2.7
2006.9945 -66.3222 -73.2985 42.2 1.3 0.9 2.6
2006.9973 -72.1507 -71.8548 33.9 1.3 0.9 2.7
2007.0000 -75.9546 -66.524 34.3 1.3 0.9 2.7
2007.0027 -76.3227 -73.8538 37.2 1.4 1.0 2.7
2007.0055 -73.071 -67.3014 41.9 1.4 0.9 2.7
2007.0082 -74.3594 -68.1898 45.5 1.4 0.9 2.6
2007.0110 -76.7522 -68.4119 37.1 1.4 0.9 2.7
2007.0137 -77.8565 -72.0769 31.2 1.3 0.9 2.6
2007.0164 -75.4024 -68.7451 43.6 1.3 0.9 2.6
2007.0192 -70.3102 -64.747 45.5 1.3 0.9 2.7
2007.0219 -75.0343 -69.0783 44.8 1.4 0.9 2.7
2007.0247 -72.3348 -68.1898 32.2 1.3 0.9 2.7
2007.0274 -70.1261 -70.0778 33.1 1.3 0.9 2.7
2007.0301 -68.7763 -68.6341 34.4 1.4 1.0 2.8
2007.0329 -72.2734 -69.7446 35.6 1.3 0.9 2.6
2007.0356 -68.6536 -69.9668 37.6 1.3 0.9 2.6
2007.0384 -70.1875 -67.5235 37.3 1.3 0.9 2.6
2007.0411 -69.2672 -67.5235 43.5 1.3 0.9 2.6
2007.0438 -70.0648 -69.0783 32.9 1.3 0.9 2.6
2007.0466 -73.3164 -72.0769 36.5 1.3 0.9 2.6
2007.0493 -74.6662 -70.6331 34.4 1.4 0.9 2.7
2007.0521 -70.985 -66.4129 35 1.3 0.9 2.7
2007.0548 -69.8807 -68.1898 35.1 1.3 0.9 2.7
2007.0575 -68.2242 -69.7446 44.1 1.3 0.9 2.7
2007.0603 -68.4082 -70.8552 37.3 1.3 0.9 2.6
2007.0630 -71.3532 -72.1879 42.4 1.3 0.9 2.7
2007.0658 -68.7763 -69.8557 44.1 1.3 0.9 2.7
2007.0685 -65.7087 -71.2995 40.8 1.4 0.9 2.7
2007.0712 -69.5126 -71.6326 29.4 1.3 0.9 2.6
2007.0740 -67.7947 -71.1884 35.9 1.3 0.9 2.7
2007.0767 -69.6353 -71.6326 31.3 1.3 0.9 2.7
2007.0795 -68.7763 -69.7446 35.1 1.3 0.9 2.7
2007.0822 -73.1324 -68.8562 28.2 1.3 0.9 2.7
2007.0849 -69.6353 -70.9663 29.1 1.3 0.9 2.6
2007.0877 -69.4512 -71.8548 31.3 1.4 0.9 2.8
2007.0904 -72.887 -70.1889 33 1.3 0.9 2.7
2007.0932 -72.9483 -71.4105 43.8 1.3 0.9 2.8
2007.0959 -74.2981 -67.4124 43.9 1.3 0.9 2.7
2007.0986 -70.985 -68.523 34.2 1.3 0.9 2.6
2007.1014 -70.0034 -68.0788 36 1.3 0.9 2.6
2007.1041 -73.8686 -70.2999 30.9 1.3 0.9 2.7
2007.1068 -71.9667 -70.6331 38.7 1.4 0.9 2.7
2007.1096 -70.3102 -69.6336 32 1.4 0.9 2.6
2007.1123 -72.2121 -70.2999 32.2 1.3 0.9 2.6
2007.1151 -75.4024 -70.1889 35.3 1.3 0.9 2.6
2007.1178 -72.7643 -69.7446 31.5 1.3 0.9 2.6
2007.1205 -73.5005 -68.523 32.3 1.3 0.9 2.7
2007.1233 -71.7213 -69.6336 34.5 1.3 0.9 2.6
2007.1260 -70.3102 -70.5221 35.8 1.3 0.9 2.6
2007.1288 -76.9976 -69.4115 28.2 1.3 0.9 2.6
2007.1315 -72.7643 -68.7451 34.2 1.3 0.9 2.7
2007.1342 -73.8686 -69.5225 34.5 1.6 1.1 3.1
2007.1370 -73.3164 -69.8557 36.2 1.3 0.9 2.6
2007.1397 -73.3164 -67.6345 38.1 1.3 0.9 2.7
2007.1425 -68.3469 -67.8567 42.4 1.3 0.9 2.6
2007.1452 -67.3652 -65.4134 37.6 1.2 0.9 2.6
2007.1479 -65.9541 -67.1903 36.6 1.3 0.9 2.7
2007.1507 -70.6169 -68.0788 37.7 1.3 0.9 2.7
2007.1534 -70.4942 -66.8571 38.6 1.2 0.9 2.6
2007.1562 -73.3164 -67.0792 33.6 1.2 0.9 2.5
2007.1589 -70.8623 -66.4129 32.6 1.2 0.9 2.6
2007.1616 -71.4759 -68.0788 29.7 1.2 0.9 2.5
2007.1644 -72.5802 -68.4119 32.7 1.3 0.9 2.6
2007.1671 -74.973 -68.0788 27.5 1.3 0.9 2.7
2007.1699 -69.6966 -64.8581 32.9 1.3 0.9 2.6
2007.1726 -67.672 -62.859 32.7 1.2 0.9 2.5
2007.1753 -67.9788 -59.083 43.8 1.7 1.3 3.4
2007.1781 -68.715 -67.5235 39.8 1.3 0.9 2.6
2007.1808 -71.9667 -68.7451 33.4 1.3 1.0 2.7
2007.1836 -72.7643 -71.9658 34.7 1.2 0.9 2.6
2007.1863 -79.8198 -69.0783 46.6 1.3 0.9 2.6
2007.1890 -75.0343 -68.8562 41.2 1.3 0.9 2.6
2007.1918 -72.3962 -70.2999 34.1 1.2 0.9 2.6
2007.1945 -78.102 -69.4115 30.6 1.3 0.9 2.6
2007.1973 -71.5986 -69.5225 29.6 1.2 0.9 2.6
2007.2000 -71.1077 -69.1894 26.5 1.2 0.9 2.6
2007.2027 -75.6478 -67.8567 33.7 1.2 0.9 2.7
2007.2055 -70.2488 -68.3009 27.5 1.3 0.9 2.7
2007.2082 -69.6966 -68.0788 33.2 1.2 0.9 2.6
2007.2110 -70.6169 -69.4115 25.9 1.2 0.9 2.6
2007.2137 -66.5063 -68.7451 32.1 1.2 0.9 2.6
2007.2164 -71.4145 -64.4138 35.3 1.3 1.0 2.7
2007.2192 -73.3778 -69.5225 39.9 1.3 1.0 2.8
2007.2219 -73.071 -72.5211 33.3 1.2 0.9 2.6
2007.2247 -76.2614 -71.9658 36.7 1.3 0.9 2.6
2007.2274 -68.7763 -70.7442 27.6 1.4 1.0 2.7
2007.2301 -72.4575 -71.7437 33.9 1.2 0.9 2.7
2007.2329 -70.9237 -71.9658 31.6 1.2 0.9 2.6
2007.2356 -74.2981 -68.9672 28.8 1.3 0.9 2.7
2007.2384 -76.6908 -58.5278 29.1 1.3 0.9 2.7
2007.2411 -68.1015 -69.8557 28.3 1.3 0.9 2.7
2007.2438 -68.8377 -67.9677 27.2 1.2 0.9 2.6
2007.2466 -71.5986 -71.0773 27.3 1.2 0.9 2.6
2007.2493 -72.5802 -71.1884 33.9 1.3 1.0 2.7
2007.2521 -72.3962 -71.4105 27.7 1.3 0.9 2.7
2007.2548 -70.0034 -70.2999 29.9 1.3 0.9 2.6
2007.2575 -70.1261 -70.8552 26.3 1.2 0.9 2.6
2007.2603 -71.2918 -72.5211 34.5 1.6 1.1 3.1
2007.2630 -72.5802 -66.9682 32.3 1.5 1.0 2.8
2007.2658 -73.7459 -69.1894 30.4 1.3 0.9 2.7
2007.2685 -74.7276 -70.2999 41.1 1.2 0.9 2.6
2007.2712 -71.4145 -68.6341 33.9 1.2 0.9 2.6
2007.2740 -74.6662 -69.7446 27 1.3 1.0 2.7
2007.2767 -69.0831 -67.6345 30.1 1.3 0.9 2.7
2007.2795 -72.028 -68.6341 31.1 1.3 0.9 2.7
2007.2822 -73.6232 -68.7451 37.1 1.4 1.0 2.7
2007.2849 -61.23 -69.1894 18.7 1.3 0.9 2.7
2007.2877 -70.9237 -67.3014 31.4 1.3 1.0 2.6
2007.2904 -70.5556 -68.6341 27.1 1.3 0.9 2.6
2007.2932 -69.758 -69.4115 26.3 1.3 0.9 2.6
2007.2959 -73.5619 -69.1894 26.8 1.3 0.9 2.6
2007.2986 -75.157 -68.8562 23.3 1.2 0.9 2.6
2007.3014 -70.4329 -72.5211 29.9 1.2 0.9 2.6
2007.3041 -71.5372 -69.1894 29.2 1.3 1.0 2.8
2007.3068 -72.5802 -70.2999 33.8 1.3 0.9 2.7
2007.3096 -73.7459 -67.5235 36.7 1.3 0.9 2.6
2007.3123 -73.2551 -68.8562 29.4 1.3 0.9 2.6
2007.3151 -72.887 -67.8567 28.3 1.3 0.9 2.6
2007.3178 -75.0343 -71.0773 28 1.3 0.9 2.6
2007.3205 -72.6416 -69.4115 29.8 1.3 0.9 2.6
2007.3233 -72.1507 -70.1889 30.9 1.3 0.9 2.7
2007.3260 -65.7701 -72.41 23.8 1.3 0.9 2.7
2007.3288 -73.5005 -71.4105 26.4 1.3 0.9 2.7
2007.3315 -78.1633 -70.9663 28.1 1.3 0.9 2.6
2007.3342 -79.5744 -73.5206 24 1.3 0.9 2.7
2007.3370 -69.8193 -70.411 23.7 1.3 0.9 2.7
2007.3397 -74.4208 -71.7437 31.5 1.3 0.9 2.7
2007.3425 -67.1812 -72.299 23.2 1.3 0.9 2.7
2007.3452 -74.0527 -69.5225 33.7 1.3 0.9 2.6
2007.3479 -72.2734 -69.8557 25.3 1.3 0.9 2.7
2007.3507 -76.2614 -70.7442 32.1 1.3 0.9 2.6
2007.3534 -72.6416 -71.0773 30.2 1.3 0.9 2.6
2007.3562 -70.0648 -71.2995 27.8 1.4 1.0 2.9
2007.3589 -74.1754 -71.5216 25.7 1.4 1.0 2.9
2007.3616 -73.071 -71.8548 24.9 1.3 0.9 2.6
2007.3644 -76.6295 -72.299 31 1.3 0.9 2.6
2007.3671 -70.5556 -68.6341 25.9 1.3 0.9 2.7
2007.3699 -73.3778 -73.6317 29.2 1.3 0.9 2.7
2007.3726 -74.4208 -73.8538 35.5 1.3 0.9 2.7
2007.3753 -73.5005 -70.5221 30.6 1.4 0.9 2.8
2007.3781 -75.5251 -73.2985 20.9 1.6 1.2 3.3
2007.3808 -75.0343 -72.6322 30 1.3 0.9 2.7
2007.3836 -71.9053 -69.6336 39.6 1.3 0.9 2.6
2007.3863 -77.8565 -71.5216 32.6 1.3 0.9 2.7
2007.3890 -74.9116 -72.41 33.6 1.3 0.9 2.6
2007.3918 -70.6169 -73.7427 31.5 1.4 1.0 2.7
2007.3973 -73.7459 -71.6326 36.2 1.3 0.9 2.6
2007.4000 -71.9667 -70.5221 29.2 1.3 0.9 2.7
2007.4027 -72.2734 -72.8543 34.6 1.3 0.9 2.7
2007.4055 -77.6725 -71.8548 34.2 1.3 0.9 2.7
2007.4082 -75.7092 -71.7437 33.1 1.5 1.1 3.1
2007.4110 -78.5928 -68.4119 35.8 1.4 0.9 2.7
2007.4137 -74.5435 -71.7437 35.6 1.3 0.9 2.6
2007.4164 -72.7029 -74.5202 42.1 1.8 1.2 3.4
2007.4274 -75.4024 -67.4124 47.5 2.6 1.9 4.7
2007.4301 -70.3715 -72.41 33.1 1.3 0.9 2.6
2007.4329 -74.973 -72.8543 30 1.5 1.1 3.2
2007.4356 -73.8073 -74.187 37.2 1.4 1.0 2.8
2007.4384 -72.4575 -73.4096 39.6 1.4 0.9 2.7
2007.4411 -76.3841 -69.4115 41.6 1.7 1.2 3.4
2007.4438 -73.93 -73.5206 34.3 1.4 0.9 2.8
2007.4466 -74.4821 -74.6312 31.3 1.4 0.9 2.7
2007.4493 -74.973 -73.0764 32.2 1.4 0.9 2.7
2007.4521 -78.7155 -75.2976 27.7 1.4 0.9 2.7
2007.4548 -77.6725 -72.7432 34.8 1.4 0.9 2.7
2007.4575 -77.6725 -75.1865 34.4 1.4 0.9 2.7
2007.4603 -73.071 -74.9644 32.8 1.5 0.9 2.7
2007.4630 -76.8749 -72.9653 38.1 1.4 0.9 2.8
2007.4658 -71.5372 -76.075 34 1.5 1.0 2.9
2007.4685 -77.4884 -71.7437 35.6 1.4 0.9 2.7
2007.4712 -71.7826 -72.0769 30.8 1.5 1.0 2.8
2007.4740 -78.286 -74.0759 30.5 1.4 0.9 2.6
2007.4767 -72.5189 -73.0764 40.2 1.5 0.9 2.8
2007.4795 -73.9913 -74.0759 36.9 1.5 1.0 2.8
2007.4822 -77.7952 -74.8533 33.9 1.4 0.9 2.8
2007.4849 -75.7706 -76.7413 31.7 1.5 1.0 3.0
2007.4877 -76.8135 -74.4091 34 1.4 0.9 2.8
2007.4904 -78.0406 -75.2976 33 1.5 1.0 2.9
2007.4932 -75.5251 -76.9634 33.2 1.3 0.9 2.6
2007.4959 -77.9792 -74.8533 35.7 1.4 0.9 2.7
2007.4986 -78.0406 -74.0759 33.5 1.3 0.9 2.6
2007.5014 -77.8565 -75.1865 33.1 1.4 0.9 2.7
2007.5041 -76.3841 -76.186 36.3 1.3 0.9 2.6
2007.5068 -77.059 -72.9653 44 1.3 0.9 2.5
2007.5096 -79.0836 -75.0754 35.8 1.3 0.9 2.6
2007.5123 -77.8565 -76.2971 28.7 1.3 0.9 2.6
2007.5151 -79.6971 -77.2966 34 1.3 0.9 2.6
2007.5178 -78.2247 -78.074 32.9 1.3 0.9 2.7
2007.5205 -73.9913 -76.186 31.1 1.3 0.9 2.7
2007.5233 -74.7889 -71.8548 31.2 1.4 0.9 2.6
2007.5260 -75.7092 -76.7413 32.7 1.5 0.9 2.7
2007.5288 -77.4884 -75.7418 38.2 1.6 1.0 2.8
2007.5315 -77.1817 -72.7432 28.6 1.3 0.9 2.6
2007.5342 -75.7706 -75.0754 29.5 1.3 0.9 2.6
2007.5370 -77.7952 -75.0754 38.8 1.3 0.9 2.6
2007.5397 -75.4638 -74.8533 33.2 1.3 0.9 2.6
2007.5425 -74.2367 -73.9649 26.3 1.3 0.9 2.6
2007.5452 -80.0039 -74.5202 41.8 1.3 0.9 2.6
2007.5479 -76.2 -75.5197 42.4 1.3 0.9 2.6
2007.5507 -81.2923 -77.1856 40.9 2.9 1.4 4.4
2007.5534 -78.1633 -77.0745 38.4 1.3 0.9 2.6
2007.5562 -78.0406 -74.6312 37 1.3 0.9 2.6
2007.5589 -80.4334 -75.4086 38.6 1.3 0.9 2.6
2007.5616 -79.2063 -77.2966 35.8 1.5 1.0 3.0
2007.5644 -79.0836 -76.8524 39.5 1.3 0.9 2.6
2007.5671 -77.243 -75.8529 36 1.3 0.9 2.6
2007.5699 -81.2923 -76.9634 33.1 1.3 0.9 2.6
2007.5726 -82.5807 -75.4086 30.2 1.3 0.9 2.6
2007.5753 -78.7768 -77.0745 36.4 1.3 0.9 2.7
2007.5781 -79.6358 -76.6303 41.7 1.3 0.9 2.5
2007.5808 -77.7338 -77.6298 41.3 1.3 0.9 2.5
2007.5836 -81.0469 -78.5183 35.1 1.5 1.0 2.7
2007.5863 -86.814 -78.7404 28.3 1.3 1.0 2.7
2007.5890 -83.3783 -73.5206 43.9 1.3 0.9 2.6
2007.5918 -80.3107 -76.4081 39.3 1.3 0.9 2.6
2007.5945 -80.1879 -75.2976 40 1.3 0.9 2.6
2007.5973 -81.3536 -77.5187 43.1 1.3 0.9 2.6
2007.6000 -78.9609 -76.8524 43.7 1.3 1.0 2.7
2007.6027 -83.8691 -76.7413 33.4 1.3 0.9 2.6
2007.6055 -82.5193 -74.6312 39.5 1.2 0.9 2.6
2007.6082 -83.0715 -75.2976 37.3 1.3 0.9 2.6
2007.6110 -78.102 -76.075 42.4 1.4 0.9 2.6
2007.6137 -78.8995 -74.6312 44.8 1.2 0.9 2.5
2007.6164 -78.8382 -76.075 42.1 1.3 0.9 2.5
2007.6192 -77.059 -76.075 42.4 1.4 1.0 2.7
2007.6219 -84.2986 -76.4081 42.3 1.4 1.0 2.8
2007.6247 -82.2739 -73.6317 50.3 1.3 0.9 2.7
2007.6274 -80.9242 -70.8552 48.2 1.3 0.9 2.7
2007.6301 -79.1449 -77.5187 41.1 1.3 1.0 2.7
2007.6329 -94.0536 -79.962 31.3 3.5 1.8 5.1
2007.6356 -79.1449 -77.2966 43.9 1.7 1.1 3.1
2007.6384 -78.7155 -79.0735 41.9 1.6 1.0 3.1
