2002.4658 0 0 0 18.0 10.4 20.3
2002.4685 28.7744 14.3265 46.6 5.8 3.3 7.1
2002.5014 22.271 8.44044 28 3.4 1.8 4.4
2002.5041 21.8416 9.21784 24.9 3.0 2.0 4.6
2002.5068 15.1541 12.4385 11.2 2.9 1.7 4.2
2002.5096 21.5962 5.3308 14.5 3.3 1.9 4.7
2002.5123 18.5285 7.44091 24.9 2.9 1.8 4.1
2002.5151 24.6024 4.33128 13.2 4.5 2.8 6.1
2002.5178 23.2527 3.10963 22.6 2.6 1.7 4.1
2002.5205 16.7493 10.5505 0.3 3.7 2.9 6.2
2002.7397 20.185 -2.22117 22.1 2.7 2.5 5.7
2002.7425 23.2527 2.88752 33.8 1.7 1.1 3.6
2002.7507 20.4305 4.66445 34.7 2.9 1.5 4.6
2002.7589 19.3261 1.11058 29.3 3.2 3.0 6.9
2002.7616 22.7005 4.33128 29.1 1.5 1.1 3.1
2002.7644 20.4305 3.10963 42 1.5 1.0 3.1
2002.7671 7.42368 4.66445 36.6 3.5 1.5 4.6
2002.7726 10.1232 -2.11011 23.7 4.3 3.1 7.2
2002.7753 16.1358 6.77456 33.7 1.7 1.1 3.3
2002.7781 19.6329 3.55387 35.6 1.5 1.0 3.1
2002.7808 20.6145 2.33223 33.3 1.5 1.0 3.0
2002.7836 14.5406 3.88704 25.4 1.4 1.0 3.0
2002.7863 15.5836 1.88799 29.8 1.7 1.2 3.4
2002.7890 18.2831 3.22069 25.8 1.9 1.3 3.6
2002.7918 19.3261 4.44233 26.7 1.4 1.0 3.0
2002.7945 27.7928 0.444233 28.3 1.6 1.1 3.3
2002.7973 19.2034 7.66303 30.5 1.4 1.1 3.0
2002.8000 18.5285 3.66493 35.3 1.4 1.0 2.9
2002.8027 22.271 4.66445 30.2 1.7 1.1 3.2
2002.8055 15.7063 3.55387 40.8 1.3 1.0 2.8
2002.8082 15.3382 4.22022 46.2 1.3 0.9 2.8
2002.8110 18.2218 -0.444233 34.1 1.3 1.0 2.8
2002.8137 13.743 1.22164 21.9 2.2 1.8 4.6
2002.8164 18.3445 3.22069 38 1.6 1.2 3.2
2002.8192 14.7247 0.222117 34 1.5 1.0 2.9
2002.8219 12.5773 4.55339 35.2 2.3 1.4 4.3
2002.8247 19.8783 0.222117 32 1.5 1.1 3.1
2002.8274 19.2034 4.77551 28.4 2.1 2.1 5.1
2002.8301 20.6759 3.9981 31.6 1.7 1.1 3.2
2002.8329 17.6082 -0.222117 29.5 2.2 1.3 4.2
2002.8356 16.1358 2.11011 34.3 1.7 1.1 3.5
2002.8384 18.5285 3.66493 24.5 1.7 1.1 3.3
2002.8411 17.7309 -3.66493 37.9 5.1 2.7 6.3
2002.8438 25.8908 -3.55387 34.3 2.2 1.4 4.5
2002.8466 11.8411 2.33223 39.7 2.0 1.3 3.5
2002.8493 11.657 3.22069 29.3 1.4 1.0 3.0
2002.8521 15.2155 1.99905 38.2 1.3 1.0 2.8
2002.8548 15.3382 2.88752 34.2 1.3 1.0 2.8
2002.8575 17.3015 0.888467 34.9 1.3 1.0 2.9
2002.8603 13.8044 1.88799 36.2 1.4 1.1 3.1
2002.8630 16.9947 2.77646 30.1 1.5 1.1 3.2
2002.8658 11.2889 0.111059 41.4 2.5 1.3 3.8
2002.8685 20.2464 1.11058 36.3 1.4 1.1 3.0
2002.8712 17.2401 1.88799 32 1.3 1.0 2.8
2002.8740 18.2218 2.11011 38.5 1.7 1.1 3.2
2002.8767 15.3382 1.3327 34.9 1.3 1.0 2.9
2002.8795 15.7676 2.6654 40.8 1.3 1.0 3.0
2002.8822 14.4792 3.9981 36.4 1.4 1.0 2.9
2002.8849 18.5899 2.88752 36 1.2 0.9 2.8
2002.8877 18.6512 2.55434 38.6 1.4 1.0 2.9
2002.8904 19.5102 2.77646 26.5 1.6 1.2 3.5
2002.8932 15.5222 -0.111058 29.6 1.2 1.0 2.9
2002.8959 14.1111 1.22164 29.1 2.1 1.1 3.3
2002.8986 15.7676 2.77646 30.4 1.5 1.1 3.2
2002.9014 16.0744 0.111059 33.8 1.6 1.1 3.2
2002.9041 28.6517 -1.55482 39.2 3.0 2.1 4.7
2002.9068 14.786 5.55292 11.3 4.0 1.8 4.8
2002.9096 9.0802 0 24.7 6.4 3.4 7.2
2002.9123 13.9271 -2.22117 28.7 2.0 1.4 3.6
2002.9151 17.5469 9.66208 -0.2 3.2 2.3 5.2
2002.9178 9.26426 2.99858 44.6 4.3 1.8 5.5
2002.9205 13.743 -0.66635 28 3.4 2.3 5.6
2002.9260 8.9575 -3.77598 41.7 3.1 2.4 5.3
2002.9288 15.2768 3.22069 24.9 2.4 2.1 5.3
2002.9479 19.6329 1.11058 57.7 3.9 1.9 4.8
2002.9534 14.6019 7.44091 34.7 3.2 2.2 5.4
2002.9562 1.77923 1.11058 49.3 5.1 2.2 6.4
2002.9589 6.25798 9.3289 23.6 4.9 2.5 6.1
2002.9644 6.93286 -0.777408 40.3 5.0 3.1 6.8
2002.9726 10.3686 2.88752 31.6 3.5 2.0 5.2
2002.9753 14.3565 -3.77598 37.1 2.2 1.7 4.6
2002.9808 15.0314 -1.99905 36.7 2.8 1.6 4.3
2002.9836 10.7981 3.88704 41.6 2.4 1.5 4.2
2003.0247 12.7 0.555292 30.1 1.3 1.0 2.9
2003.0274 10.614 1.99905 24.9 1.3 1.0 2.9
2003.0301 10.8594 1.99905 32.3 1.3 1.0 2.8
2003.0329 10.7981 0.777409 29 1.3 1.0 2.9
2003.0356 13.9271 1.44376 29.7 1.3 1.0 2.8
2003.0384 16.6879 1.66588 26.2 1.6 1.2 3.3
2003.0411 13.0068 2.88752 27.2 1.3 1.0 2.9
2003.0438 13.0068 2.88752 23.6 1.3 1.0 2.9
2003.0466 15.829 1.22164 38.5 1.3 1.0 2.9
2003.0493 12.2092 -2.11011 29.3 1.3 1.0 2.9
2003.0521 9.93914 3.55387 34 1.5 1.0 3.2
2003.0548 10.43 2.6654 20.4 1.3 1.0 2.8
2003.0575 9.81643 1.11058 31.1 1.3 1.0 2.9
2003.0603 13.1295 1.3327 26.4 1.3 1.0 2.8
2003.0630 15.0928 -1.11058 26.1 1.5 1.2 3.3
2003.0658 13.4362 3.22069 26.7 1.9 1.3 3.7
2004.2575 -5.88986 -13.9934 41 1.4 1.0 2.8
2004.2603 -7.11691 -10.2174 31.6 1.2 0.9 2.7
2004.2630 -6.68744 -11.6611 25.1 1.2 0.9 2.7
2004.2658 -7.11691 -11.6611 37.3 1.5 1.0 3.0
2004.2685 -5.88986 -14.3265 39.3 1.3 0.9 2.8
2004.2712 -6.56474 -11.1058 36 1.2 0.9 2.7
2004.2740 -5.52174 -12.7717 33.8 1.3 0.9 2.7
2004.2767 -7.54638 -12.2164 30.1 1.2 0.9 2.7
2004.2795 -3.80387 -13.7712 30.7 1.2 0.9 2.7
2004.2822 -5.15363 -12.2164 34.1 1.2 0.9 2.7
2004.2849 -5.88986 -12.6607 29.9 1.3 0.9 2.8
2004.2877 -6.93286 -12.8828 36.6 1.2 0.9 2.8
2004.2904 -4.23334 -13.327 30.9 1.2 0.9 2.7
2004.2932 -5.39904 -13.4381 26.7 1.3 0.9 2.7
2004.2959 -4.29469 -14.6597 32.5 1.2 0.9 2.7
2004.2986 -5.95121 -12.5496 33.5 1.4 1.0 2.8
2004.3014 -3.61981 -12.6607 34.1 1.2 0.9 2.7
2004.3041 -3.19034 -12.7717 34.9 1.2 0.9 2.7
2004.3068 -4.5401 -13.2159 34.6 1.3 0.9 2.8
2004.3096 -6.81015 -14.3265 39.5 1.2 0.9 2.7
2004.3123 -9.14155 -11.328 29.8 1.3 1.0 2.8
2004.3151 -6.44203 -13.5491 32.6 1.2 0.9 2.7
2004.3178 -4.11063 -12.4385 28.2 1.2 0.9 2.7
2004.3205 -4.78551 -13.6602 28.3 1.2 0.9 2.7
2004.3233 -6.01256 -15.1039 32.1 1.2 0.9 2.7
2004.3260 -3.86522 -13.4381 32.2 1.2 0.9 2.7
2004.3288 -2.39275 -14.6597 34.2 1.2 0.9 2.7
2004.3315 -3.4971 -15.6592 27.8 1.2 0.9 2.7
2004.3342 -7.36232 -11.6611 35.4 1.2 0.9 2.7
2004.3370 -6.44203 -14.6597 32 1.2 0.9 2.7
2004.3397 -4.90822 -14.8818 38.3 1.2 0.9 2.8
2004.3425 -3.74251 -14.3265 34.3 1.3 1.0 2.9
2004.3452 -4.60145 -15.215 32.7 1.2 0.9 2.8
2004.3479 -5.03092 -13.6602 40.7 1.2 0.9 2.7
2004.3507 -4.29469 -14.6597 39 1.3 0.9 2.7
2004.3534 -3.86522 -16.4366 39.9 1.2 0.9 2.7
2004.3562 -3.3744 -15.8813 37.9 1.2 0.9 2.7
2004.3589 -5.76715 -14.1044 33.5 1.2 0.9 2.6
2004.3616 -5.27633 -14.8818 30.4 1.2 0.9 2.7
2004.3644 -4.66281 -15.1039 40.4 1.2 0.9 2.7
2004.3671 -4.04928 -13.327 34.9 1.2 0.9 2.7
2004.3699 -2.69952 -12.2164 34 1.2 0.9 2.7
2004.3726 -3.92657 -14.5486 31.8 1.2 0.9 2.7
2004.3753 -3.4971 -15.9924 35.5 1.2 0.9 2.7
2004.3781 -6.38068 -13.8823 36.7 1.2 0.9 2.7
2004.3808 -4.66281 -13.7712 39.2 1.2 0.9 2.7
2004.3836 -3.68116 -12.5496 34.5 1.2 0.9 2.8
2004.3863 -1.71788 -13.9934 38.1 1.2 0.9 2.9
2004.3890 -3.31305 -12.3275 32.6 1.3 0.9 2.7
2004.3918 -4.04928 -15.6592 35.1 1.2 0.9 2.7
2004.3945 -3.55846 -14.8818 37.1 1.2 0.9 2.7
2004.3973 -3.00628 -14.1044 30.2 1.2 0.9 2.7
2004.4000 -8.22126 -14.7708 37.8 1.3 0.9 2.8
2004.4027 -3.3744 -13.8823 29.7 1.2 0.9 2.7
2004.4055 -6.68744 -14.9929 27 1.2 0.9 2.7
2004.4082 -8.71208 -15.9924 30.2 1.2 0.9 2.8
2004.4110 -5.46039 -14.8818 32.8 1.2 0.9 2.7
2004.4137 -6.25798 -14.3265 36.7 1.2 0.9 2.7
2004.4164 -4.66281 -14.7708 37.5 1.2 0.9 2.7
2004.4192 -5.03092 -14.3265 30 1.2 0.9 2.7
2004.4219 -5.15363 -15.4371 34 1.2 0.9 2.7
2004.4247 -4.78551 -15.8813 38.3 1.2 0.9 2.7
2004.4274 -5.39904 -13.9934 33.4 1.3 0.9 2.7
2004.4301 -5.21498 -16.9919 38.9 1.2 0.9 2.7
2004.4329 -6.31933 -15.1039 34.9 1.2 0.9 2.7
2004.4356 -5.33768 -15.8813 33.2 1.2 0.9 2.7
2004.4384 -4.47875 -15.5482 31.8 1.4 0.9 2.8
2004.4411 -3.25169 -18.5467 38.4 1.3 0.9 2.8
2004.4438 -9.38696 -12.9938 38.5 1.4 1.0 2.9
2004.4466 -7.9145 -15.8813 37.1 1.3 0.9 2.7
2004.4493 -8.40532 -13.327 37.1 1.2 0.9 2.7
2004.4521 -8.34397 -16.4366 42.8 1.2 0.9 2.7
2004.4548 -5.88986 -17.5472 39.3 1.3 0.9 2.7
2004.4575 -9.01885 -12.7717 37.2 1.3 0.9 2.9
2004.4603 -9.0802 -12.6607 30.3 1.4 1.0 3.1
2004.4630 -3.68116 -12.9938 28.7 1.3 0.9 2.7
2004.4658 -2.69952 -15.8813 33.3 1.3 0.9 2.8
2004.4685 -10.614 -14.7708 37 1.3 0.9 2.8
2004.4712 -3.25169 -15.3261 35.4 1.3 0.9 2.8
2004.4740 -6.62609 -16.6588 37.1 1.4 1.0 2.9
2004.4767 -9.81643 -15.3261 41.8 1.3 0.9 2.8
2004.4795 -6.62609 -16.2145 35.9 1.3 0.9 2.8
2004.4822 -7.66909 -15.7703 44.7 1.3 0.9 2.7
2004.4849 -10.614 -13.8823 40 1.3 0.9 2.9
2004.4877 -4.35604 -14.4376 39 1.3 0.9 2.8
2004.4904 -6.19662 -13.9934 40.1 1.3 0.9 2.8
2004.4932 -8.77344 -16.6588 28.9 1.3 0.9 2.8
2004.4959 -10.0005 -19.102 40.6 1.3 0.9 2.8
2004.4986 -12.8841 -17.5472 42.2 1.3 0.9 2.8
2004.5014 -9.75508 -18.2136 39.6 1.3 0.9 2.7
2004.5041 -9.81643 -16.7698 39.1 1.2 0.9 2.7
2004.5068 -12.7614 -18.5467 46.5 1.3 0.9 2.7
2004.5096 -11.7184 -17.3251 40.9 1.3 0.9 2.7
2004.5123 -10.2459 -17.5472 46.4 1.3 0.9 2.7
2004.5151 -9.2029 -18.6578 42.2 1.3 0.9 2.7
2004.5178 -10.6754 -18.4357 38.8 1.3 0.9 2.8
2004.5205 -11.3502 -18.991 39.7 1.3 0.9 2.7
2004.5233 -11.5957 -18.7689 46 1.2 0.9 2.6
2004.5260 -9.87779 -20.2126 36.3 1.2 0.9 2.6
2004.5288 -10.6754 -18.2136 50.5 1.3 0.9 2.7
2004.5315 -11.2275 -18.2136 43.3 1.3 0.9 2.7
2004.5342 -14.7246 -15.6592 43.2 1.4 0.9 2.8
2004.5370 -9.0802 -17.9915 44.2 1.2 0.9 2.7
2004.5397 -11.657 -19.7684 38.3 1.2 0.9 2.7
2004.5425 -11.7797 -19.8794 41.1 1.5 0.9 2.9
2004.5452 -10.1845 -19.5463 47.1 1.4 0.9 2.8
2004.5479 -13.743 -16.7698 40.4 1.2 0.9 2.7
2004.5507 -11.4116 -15.8813 38.1 1.3 0.9 2.7
2004.5534 -10.9208 -18.2136 44.7 1.2 0.9 2.6
2004.5562 -11.8411 -18.991 37.3 1.2 0.9 2.7
2004.5589 -12.4546 -18.1025 48.1 1.3 0.9 2.7
2004.5616 -7.85315 -16.3256 45.2 1.4 0.9 2.8
2004.5644 -8.77344 -20.6569 45.6 1.3 0.9 2.7
2004.5671 -19.5102 -18.7689 20.8 3.0 1.8 4.3
2004.5699 -13.8044 -20.4347 42.3 1.3 0.9 2.7
2004.5726 -2.51546 -17.6583 40.8 2.2 1.4 3.8
2004.5753 -8.58938 -17.9915 57.3 1.3 0.9 2.7
2004.5781 -11.5343 -17.6583 42.5 1.2 0.9 2.6
2004.5808 -13.2522 -18.1025 41.1 1.2 0.9 2.6
2004.5836 -12.3319 -18.2136 41.2 1.2 0.9 2.6
2004.5863 -11.473 -19.4352 45.9 1.2 0.9 2.6
2004.5890 -9.50967 -19.3242 42.2 1.2 0.9 2.6
2004.5918 -7.54638 -20.879 43.3 1.3 0.9 2.7
2004.5945 -11.657 -19.6573 41.8 1.3 0.9 2.7
2004.5973 -11.3502 -18.6578 43.2 1.3 0.9 2.8
2004.6000 -12.6387 -18.6578 46.9 1.3 0.9 2.7
2004.6027 -12.5773 -20.3237 46.1 1.4 0.9 2.7
2004.6055 -12.6387 -20.4347 46.1 1.3 0.9 2.7
2004.6082 -10.8594 -20.879 47.5 1.2 0.9 2.6
2004.6110 -8.34397 -20.1016 55 1.3 0.9 2.7
2004.6137 -9.81643 -18.8799 36.9 1.2 0.9 2.6
2004.6164 -9.63237 -18.991 43.4 1.3 0.9 2.6
2004.6192 -10.6754 -19.2131 52 1.3 0.9 2.7
2004.6219 -11.473 -19.5463 48 1.3 0.9 2.7
2004.6247 -12.5773 -20.4347 42.6 1.3 0.9 2.7
2004.6274 -9.50967 -18.2136 46.7 1.3 0.9 2.7
2004.6301 -6.7488 -21.8785 47.2 1.3 0.9 2.6
2004.6329 -7.73044 -22.1006 45.6 1.3 0.9 2.6
2004.6356 -7.23962 -22.9891 53.4 1.3 0.9 2.7
2004.6384 -16.0744 -20.99 51.4 1.3 0.9 2.7
2004.6411 -7.97585 -22.6559 44.8 1.3 0.9 2.7
2004.6438 -16.3812 -21.6564 42.4 1.3 0.9 2.6
2004.6466 -10.1232 -21.1011 51.3 1.3 0.9 2.7
2004.6493 -10.8594 -20.1016 53.6 1.3 0.9 2.7
2004.6521 -14.2338 -19.5463 56.9 1.3 0.9 2.7
2004.6548 -12.516 -22.9891 51.8 1.3 0.9 2.7
2004.6575 -13.5589 -23.5444 54.4 1.3 0.9 2.7
2004.6603 -12.7614 -22.4338 49.2 1.3 0.9 2.7
2004.6630 -13.1908 -20.7679 52.8 1.3 0.9 2.7
2004.6658 -15.2155 -22.4338 58.6 1.5 1.0 2.9
2004.6685 -12.8227 -19.6573 54.5 1.3 0.9 2.8
2004.6712 -13.0068 -22.1006 59.4 1.3 0.9 2.7
2004.6740 -10.2459 -21.8785 54.3 1.3 0.9 2.6
2004.6767 -11.0435 -21.2121 47.2 1.3 0.9 2.7
2004.6795 -15.9517 -21.3232 47 1.3 0.9 2.6
2004.6822 -13.0681 -21.4343 65.3 1.3 0.9 2.7
2004.6849 -13.9271 -22.4338 47.8 1.3 0.9 2.7
2004.6877 -19.2647 -21.4343 59.4 1.4 0.9 2.7
2004.6904 -14.5406 -20.7679 50.2 1.3 0.9 2.7
2004.6932 -14.8474 -19.7684 48.6 1.3 0.9 2.6
2004.6959 -13.6203 -22.4338 49.1 1.3 0.9 2.6
2004.6986 -13.1295 -21.8785 53.1 1.3 0.9 2.6
2004.7014 -13.2522 -21.5453 55.5 1.2 0.9 2.6
2004.7041 -14.8474 -21.5453 53.2 1.3 0.9 2.7
2004.7068 -13.9271 -21.9896 55.3 1.3 0.9 2.7
2004.7096 -14.6019 -20.879 46.8 1.3 0.9 2.6
2004.7123 -16.4425 -20.1016 56.4 1.2 0.9 2.6
2004.7151 -17.1788 -22.6559 47.8 1.2 0.9 2.6
2004.7178 -16.9947 -19.5463 50.8 1.2 0.9 2.6
2004.7205 -17.0561 -20.5458 54.1 1.3 0.9 2.6
2004.7233 -15.3995 -22.5448 60.9 1.2 0.9 2.7
2004.7260 -10.2459 -21.4343 62.4 1.2 0.9 2.6
2004.7288 -13.8657 -21.6564 49.1 1.2 0.9 2.6
2004.7315 -8.83479 -22.878 56.7 1.2 0.9 2.6
2004.7342 -12.7 -24.5439 47.9 1.2 0.9 2.6
2004.7370 -16.8106 -21.6564 48.2 1.2 0.9 2.6
2004.7397 -13.8044 -23.8775 58.7 1.2 0.9 2.6
2004.7425 -8.77344 -22.4338 61.7 1.2 0.9 2.6
2004.7452 -14.6019 -20.99 47.3 1.2 0.9 2.6
2004.7479 -14.4792 -22.5448 56 1.2 0.9 2.6
2004.7507 -16.9333 -20.3237 51.4 1.3 0.9 2.7
2004.7534 -16.2585 -21.6564 50.2 1.2 0.9 2.6
2004.7562 -14.786 -21.6564 49.2 1.2 0.9 2.6
2004.7589 -16.8106 -21.5453 47.6 1.2 0.9 2.6
2004.7616 -15.3995 -20.99 52.1 1.2 0.9 2.6
2004.7644 -15.7063 -23.8775 61.7 1.3 1.0 2.7
2004.7671 -16.9947 -22.767 61 1.3 0.9 2.7
2004.7699 -16.6879 -22.878 53.4 1.2 0.9 2.6
2004.7726 -21.3507 -24.2107 55.5 1.3 0.9 2.6
2004.7753 -18.5285 -22.2117 49.8 1.3 0.9 2.7
2004.7781 -15.5222 -22.6559 52.4 1.2 0.9 2.6
2004.7808 -14.786 -23.4333 52.7 1.2 0.9 2.6
2004.7836 -12.8841 -23.5444 49.6 1.2 0.9 2.7
2004.7863 -13.3135 -21.9896 45.1 1.5 1.0 2.9
2004.7890 -15.9517 -19.5463 47.1 1.2 0.9 2.6
2004.7918 -16.872 -24.3218 41.3 1.3 0.9 2.6
2004.7945 -17.6082 -23.7665 53.6 1.2 0.9 2.6
2004.7973 -13.9884 -26.5429 53 1.2 0.9 2.6
2004.8000 -16.872 -24.655 52.1 1.2 0.9 2.6
2004.8027 -18.1604 -23.4333 48 1.2 0.9 2.6
2004.8055 -19.142 -23.2112 49.6 1.3 0.9 2.7
2004.8082 -20.9213 -25.3213 52.2 1.3 0.9 2.7
2004.8110 -18.7126 -22.1006 50.2 1.2 0.9 2.6
2004.8137 -20.3691 -22.1006 47.6 1.2 0.9 2.6
2004.8164 -15.6449 -23.9886 59.7 1.2 0.9 2.6
2004.8192 -18.6512 -21.2121 46.1 1.2 0.9 2.6
2004.8219 -17.0561 -23.7665 48.4 1.2 0.9 2.7
2004.8247 -13.4976 -25.2102 55.6 1.7 1.0 2.9
2004.8274 -17.3628 -24.5439 48.6 1.2 0.9 2.6
2004.8301 -11.0435 -24.3218 57.2 1.4 1.1 2.9
2004.8329 -15.0314 -27.3204 50.8 1.2 0.9 2.7
2004.8356 -18.6512 -23.8775 43 1.2 0.9 2.6
2004.8384 -12.9454 -27.3204 45 1.2 0.9 2.6
2004.8411 -15.7063 -24.8771 48.8 1.2 0.9 2.6
2004.8438 -13.3749 -24.4328 53 1.4 1.0 2.8
2004.8466 -18.2218 -24.8771 54.3 1.2 0.9 2.6
2004.8493 -20.4305 -23.4333 48.3 1.2 0.9 2.7
2004.8521 -17.4855 -25.0992 49.3 1.2 0.9 2.6
2004.8548 -15.8904 -23.3223 48.5 1.3 0.9 2.7
2004.8575 -12.7 -23.1001 43.1 1.8 1.4 3.8
2004.8603 -15.0314 -23.9886 43 1.8 1.1 3.3
2004.8630 -20.9213 -21.3232 35.7 2.2 1.5 4.1
2004.8658 -17.1788 -22.2117 40.9 1.2 0.9 2.6
2004.8685 -17.4855 -24.0997 61.8 1.3 0.9 2.7
2004.8712 -16.0131 -21.4343 56.6 1.2 0.9 2.6
2004.8740 -17.4855 -23.3223 48.9 1.2 0.9 2.6
2004.8767 -16.6879 -23.7665 56 1.2 0.9 2.6
2004.8795 -16.3812 -25.8766 50.8 1.2 0.9 2.6
2004.8822 -16.872 -24.2107 53.1 1.2 0.9 2.6
2004.8849 -16.872 -23.2112 46.5 1.2 0.9 2.6
2004.8877 -16.0131 -22.6559 49.9 1.3 0.9 2.7
2004.8904 -14.1111 -22.6559 47.5 1.2 0.9 2.6
2004.8932 -18.958 -24.4328 51.1 1.2 0.9 2.6
2004.8959 -16.1971 -24.3218 49.3 1.2 0.9 2.6
2004.8986 -16.5652 -21.7674 49.6 1.2 0.9 2.6
2004.9014 -17.3628 -21.9896 45 1.2 0.9 2.7
2004.9041 -14.786 -22.767 49.5 1.3 1.0 2.7
2004.9068 -20.2464 -19.6573 48.2 1.2 0.9 2.6
2004.9096 -18.6512 -20.4347 50.7 1.2 0.9 2.6
2004.9123 -18.3445 -25.8766 48.6 1.2 0.9 2.6
2004.9151 -17.3628 -20.99 49.4 1.2 0.9 2.6
2004.9178 -14.6633 -22.1006 51.7 1.2 0.9 2.6
2004.9205 -15.1541 -22.3227 52.6 1.2 0.9 2.7
2004.9233 -13.9271 -22.4338 50.3 1.2 1.0 2.7
2004.9260 -16.9947 -24.5439 47.1 1.2 0.9 2.7
2004.9288 -20.4918 -24.3218 47.2 1.2 0.9 2.6
2004.9315 -15.1541 -23.1001 52.4 1.2 0.9 2.6
2004.9342 -17.9763 -22.878 45.2 1.3 0.9 2.7
2004.9370 -19.5715 -22.878 59.7 1.4 1.0 2.8
2004.9397 -17.9763 -23.3223 54.3 1.2 1.0 2.7
2004.9425 -19.2034 -23.3223 48.9 1.2 0.9 2.6
2004.9452 -16.5652 -21.4343 44.8 1.3 0.9 2.8
2004.9479 -24.6638 -22.4338 50.6 1.2 0.9 2.7
2004.9507 -18.5899 -22.878 43.7 1.3 0.9 2.7
2004.9534 -21.4734 -23.3223 48.9 1.2 0.9 2.7
2004.9562 -20.001 -20.7679 48.7 1.2 0.9 2.6
2004.9589 -20.185 -21.7674 51.1 1.2 0.9 2.6
2004.9616 -16.0744 -22.3227 61.7 1.2 0.9 2.7
2004.9644 -15.8904 -24.4328 55.3 1.3 0.9 2.7
2004.9671 -16.2585 -19.7684 48.9 1.2 0.9 2.6
2004.9699 -19.3261 -24.2107 47.1 1.2 0.9 2.7
2004.9726 -20.9213 -21.7674 40.6 1.2 0.9 2.6
2004.9753 -20.3691 -22.9891 46.6 1.3 0.9 2.7
2004.9781 -18.2831 -22.3227 45.5 1.3 0.9 2.7
2004.9808 -17.7309 -25.4324 42.9 1.3 0.9 2.7
2004.9836 -24.5411 -24.2107 41 1.2 0.9 2.6
2004.9863 -22.4551 -24.3218 48.3 1.2 0.9 2.6
2004.9890 -23.13 -22.9891 39.2 1.2 0.9 2.6
2004.9918 -19.9396 -25.4324 41.4 1.2 0.9 2.7
2004.9945 -21.044 -21.9896 41.2 1.3 1.0 2.8
2004.9973 -21.2894 -22.2117 38 1.3 0.9 2.7
2005.0000 -21.7802 -23.8775 41.7 1.2 0.9 2.7
2005.0027 -22.5164 -23.6554 39.3 1.2 0.9 2.6
2005.0055 -20.1237 -22.5448 38.4 1.3 0.9 2.7
2005.0082 -22.7005 -23.6554 39.8 1.2 0.9 2.6
2005.0110 -17.5469 -25.6545 38.4 1.3 1.0 2.8
2005.0137 -23.314 -25.0992 42.4 1.3 0.9 2.7
2005.0164 -22.4551 -24.9881 41.6 1.3 0.9 2.8
2005.0192 -23.6821 -24.766 38.4 1.3 0.9 2.7
2005.0219 -24.2957 -21.6564 43.6 1.5 0.9 2.8
2005.0247 -22.5164 -26.7651 41.4 1.2 0.9 2.6
2005.0274 -24.5411 -26.654 41.6 1.2 0.9 2.6
2005.0301 -26.443 -29.3194 43.5 1.3 0.9 2.6
2005.0329 -36.0754 -25.9877 29.4 1.5 1.0 2.8
2005.0356 -24.6638 -27.3204 42 1.2 0.9 2.5
2005.0384 -26.9338 -25.9877 47.2 1.2 0.9 2.5
2005.0411 -25.7068 -26.5429 41.6 1.2 0.9 2.6
2005.0438 -20.6759 -27.2093 50.8 1.2 0.9 2.6
2005.0466 -13.8044 -23.9886 53.8 1.6 0.9 3.0
2005.0493 -23.314 -24.766 46 1.7 1.0 2.9
2005.0521 -23.3754 -22.2117 42 1.5 1.0 2.9
2005.0548 -20.1237 -26.5429 45.2 1.3 0.9 2.7
2005.0603 -20.9826 -21.9896 47.5 1.3 0.9 2.7
2005.0630 -22.9459 -22.6559 47.5 1.2 0.9 2.6
2005.0658 -21.9643 -25.3213 48.1 1.3 0.9 2.6
2005.0685 -25.8908 -27.3204 34.9 1.3 0.9 2.6
2005.0712 -22.5164 -24.9881 43.6 1.2 0.9 2.6
2005.0740 -21.5962 -23.9886 51.1 1.3 0.9 2.6
2005.0767 -18.2831 -25.3213 56.8 1.3 0.9 2.7
2005.0795 -22.3324 -24.655 51.3 1.3 0.9 2.6
2005.0822 -18.2831 -23.8775 57.3 1.2 0.9 2.6
2005.0849 -21.2894 -26.2098 51.3 1.2 0.9 2.6
2005.0877 -20.3077 -25.0992 59.6 1.3 0.9 2.6
2005.0904 -20.3077 -26.2098 42.5 1.2 0.9 2.6
2005.0932 -20.3077 -27.0982 50 1.2 0.9 2.7
2005.0959 -25.7681 -23.6554 58.6 1.2 0.9 2.5
2005.0986 -21.044 -25.4324 48.7 1.3 0.9 2.6
2005.1014 -20.3691 -22.4338 47.5 1.2 0.8 2.5
2005.1041 -20.6145 -24.3218 39.9 1.3 0.9 2.6
2005.1068 -18.099 -25.6545 52.6 1.3 0.9 2.6
2005.1096 -21.8416 -26.7651 50 1.3 0.9 2.6
2005.1123 -21.4734 -25.9877 58.2 1.3 0.9 2.7
2005.1151 -20.001 -26.654 53.9 1.2 0.9 2.6
2005.1178 -18.6512 -28.542 48.6 1.2 0.9 2.6
2005.1205 -19.5102 -27.7646 50.1 1.2 0.9 2.6
2005.1233 -21.044 -27.7646 46 1.2 0.9 2.6
2005.1260 -18.7739 -28.2088 47.2 1.2 0.9 2.6
2005.1288 -17.7923 -27.5425 40.5 1.3 0.9 2.6
2005.1315 -16.8106 -28.2088 43 1.3 0.9 2.7
2005.1342 -13.0681 -26.2098 36.7 1.5 1.0 2.9
2005.1370 -19.2647 -24.4328 45.8 1.3 0.9 2.6
2005.1397 -19.4488 -27.2093 41.7 1.3 0.9 2.6
2005.1425 -20.1237 -26.7651 42.9 1.3 0.9 2.7
2005.1452 -20.7986 -28.2088 43.4 1.3 0.9 2.6
2005.1479 -15.2155 -28.9862 45.7 1.3 0.9 2.7
2005.1507 -16.6266 -25.6545 46.7 1.3 0.9 2.7
2005.1534 -17.6696 -24.655 39.3 1.3 0.9 2.7
2005.1562 -27.4247 -30.43 45.6 1.3 0.9 2.7
2005.1589 -18.7126 -29.3194 52.6 1.3 0.9 2.6
2005.1616 -17.9763 -27.0982 51.3 1.2 0.9 2.6
2005.1644 -22.5778 -27.5425 50.4 1.3 0.9 2.6
2005.1671 -21.6575 -25.9877 48.9 1.2 0.9 2.7
2005.1699 -18.7739 -26.9872 47.8 1.2 0.9 2.6
2005.1726 -16.9333 -28.4309 52.6 1.2 0.9 2.7
2005.1753 -19.6329 -27.4314 48.9 1.2 0.9 2.7
2005.1781 -19.8169 -27.9867 46.2 1.3 0.9 2.7
2005.1808 -19.2034 -26.2098 51 1.3 0.9 2.7
2005.1836 -24.2957 -23.4333 53.6 1.3 0.9 2.7
2005.1863 -20.5532 -25.7655 40.6 1.4 1.0 3.0
2005.1890 -20.001 -26.5429 46.5 1.4 1.1 3.1
2005.1918 -22.5778 -27.6535 50.2 1.2 0.9 2.6
2005.1945 -18.4058 -27.7646 47.4 1.2 0.9 2.6
2005.1973 -24.7251 -24.8771 46.1 1.2 0.9 2.6
2005.2000 -23.5594 -25.0992 48.4 1.3 0.9 2.7
2005.2027 -25.0319 -25.6545 45.2 1.3 1.0 2.9
2005.2055 -21.9029 -25.7655 42.5 1.3 0.9 2.7
2005.2082 -21.9643 -23.8775 43.9 1.2 0.9 2.6
2005.2110 -22.0256 -24.766 43.7 1.2 0.9 2.6
2005.2137 -23.5594 -25.9877 46.1 1.2 0.9 2.6
2005.2164 -24.4184 -26.4319 47 1.2 0.9 2.6
2005.2192 -21.6575 -28.3199 46.6 1.2 0.9 2.6
2005.2219 -21.9643 -26.0987 45 1.2 0.9 2.6
2005.2247 -21.044 -27.0982 44.6 1.2 0.9 2.6
2005.2274 -23.3754 -27.8756 39.9 1.2 0.9 2.6
2005.2301 -21.9029 -29.0973 45.7 1.2 0.9 2.6
2005.2329 -21.9029 -30.43 48.5 1.2 0.9 2.6
2005.2356 -24.173 -29.2083 46.7 1.2 0.9 2.7
2005.2384 -23.2527 -28.3199 44.6 1.2 0.9 2.6
2005.2411 -23.6208 -29.7636 49.6 1.2 0.9 2.7
2005.2438 -23.0686 -29.9858 41.8 1.2 0.9 2.7
2005.2466 -21.044 -31.0963 51.4 1.2 0.9 2.8
2005.2493 -24.2957 -30.3189 53.9 1.2 0.9 2.7
2005.2521 -25.8908 -28.7641 46.5 1.2 0.9 2.6
2005.2548 -23.2527 -29.6526 47.9 1.2 0.9 2.7
2005.2575 -24.1116 -29.2083 40.4 1.3 1.0 3.0
2005.2603 -22.2097 -29.2083 46.2 1.2 0.9 2.9
2005.2630 -25.5227 -29.2083 44.9 1.2 0.9 2.7
2005.2658 -20.6145 -26.8761 43.4 1.2 0.9 2.7
2005.2685 -23.2527 -27.9867 39.9 1.2 0.9 2.6
2005.2712 -21.7189 -28.8752 45.6 1.2 0.9 2.6
2005.2740 -21.1667 -31.9848 41.5 1.2 0.9 2.7
2005.2767 -22.6391 -30.8742 42 1.2 0.9 2.7
2005.2822 -25.6454 -29.5415 39.9 1.3 0.9 2.7
2005.2849 -24.2957 -32.5401 46.7 1.2 1.0 2.8
2005.2877 -24.6024 -31.7627 44.6 1.2 0.9 2.7
2005.2904 -22.0256 -31.6516 40.3 1.3 0.9 2.7
2005.2932 -21.9643 -30.3189 36.7 1.2 0.9 2.6
2005.2959 -19.9396 -31.8737 39.5 1.2 0.9 2.6
2005.2986 -16.8106 -32.429 46.8 1.2 0.9 2.6
2005.3014 -19.0807 -29.4305 45 1.2 0.9 2.7
2005.3041 -20.6145 -33.8728 42.5 1.2 0.9 2.7
2005.3068 -21.1667 -29.9858 48.4 1.2 0.9 2.7
2005.3096 -21.3507 -31.7627 43.2 1.2 0.9 2.6
2005.3123 -18.4672 -28.9862 43 1.2 0.9 2.7
2005.3151 -19.3875 -26.9872 42.2 1.2 0.9 2.7
2005.3178 -22.9459 -29.4305 49.1 1.3 0.9 2.8
2005.3205 -17.9763 -30.6521 44.5 1.2 0.9 2.7
2005.3233 -17.3628 -29.6526 41.2 1.2 0.9 2.7
2005.3260 -21.228 -31.6516 37.4 1.2 0.9 2.7
2005.3288 -19.9396 -29.8747 37.1 1.2 0.9 2.7
2005.3315 -20.3691 -29.3194 34.8 1.2 0.9 2.7
2005.3342 -23.5594 -32.429 48.3 1.2 0.9 2.8
2005.3370 -17.7309 -31.3185 41.7 1.3 0.9 2.7
2005.3397 -18.958 -28.4309 43.9 1.2 0.9 2.6
2005.3425 -21.8416 -30.0968 44 1.2 0.9 2.7
2005.3452 -18.4058 -27.2093 41.8 1.2 0.9 2.7
2005.3479 -18.1604 -28.6531 42.4 1.2 0.9 2.7
2005.3507 -28.7131 -22.1006 31.4 1.9 1.3 3.5
2005.3534 -22.2097 -29.6526 40.7 1.3 0.9 2.8
2005.3562 -20.3077 -28.9862 36.5 1.3 0.9 2.9
2005.3589 -21.228 -30.7632 40.6 1.3 0.9 2.8
2005.3616 -22.4551 -28.3199 42 1.2 0.9 2.7
2005.3644 -19.3261 -30.0968 42.9 1.2 1.0 2.7
2005.3671 -17.915 -29.8747 55 1.2 0.9 2.8
2005.3699 -21.3507 -30.9853 40.4 1.5 1.1 3.1
2005.3726 -21.1667 -29.4305 48.3 1.4 0.9 2.8
2005.3753 -20.6759 -28.7641 49.2 1.5 1.0 3.0
2005.3781 -16.9333 -29.9858 43.1 1.3 0.9 2.9
2005.3808 -24.5411 -28.542 44.3 1.2 0.9 2.7
2005.3836 -21.4121 -32.318 51.5 1.4 1.0 2.9
2005.3863 -23.4367 -28.7641 44.8 1.3 1.0 2.9
2005.3890 -21.044 -32.318 36.4 1.3 0.9 2.7
2005.3918 -19.5715 -30.43 38.4 1.2 0.9 2.6
2005.3945 -26.5044 -28.7641 38.1 1.2 0.9 2.7
2005.3973 -23.6821 -30.2079 41.6 1.2 0.9 2.7
2005.4000 -22.5164 -31.2074 43.9 1.2 0.9 2.7
2005.4027 -21.5962 -29.6526 39.5 1.2 0.9 2.6
2005.4055 -22.8846 -28.7641 44.6 1.2 0.9 2.7
2005.4082 -21.1053 -32.0959 41.4 1.2 0.9 2.7
2005.4110 -24.357 -29.3194 38.2 1.6 1.1 3.2
2005.4137 -23.8048 -30.3189 41.3 1.3 0.9 2.7
2005.4164 -20.185 -31.5406 46.8 1.2 0.9 2.7
2005.4192 -22.7619 -29.8747 41.7 1.2 0.9 2.7
2005.4219 -22.7619 -28.4309 46 1.2 0.9 2.7
2005.4247 -26.9338 -31.2074 43.4 1.2 0.9 2.7
2005.4274 -24.2957 -31.2074 43 1.2 0.9 2.7
2005.4301 -22.3324 -28.9862 38.6 1.4 0.9 2.7
2005.4329 -24.5411 -31.3185 44.1 1.2 0.9 2.7
2005.4356 -24.2957 -28.8752 49.4 1.2 0.9 2.7
2005.4384 -27.3633 -28.542 39.7 1.3 0.9 2.7
2005.4411 -25.9522 -32.2069 49.9 1.2 0.9 2.7
2005.4438 -27.1179 -30.541 49.7 1.2 0.9 2.7
2005.4466 -27.9155 -31.0963 48.1 1.3 0.9 2.8
2005.4493 -27.6701 -28.2088 45.2 1.5 1.0 2.9
2005.4521 -27.1792 -30.2079 49.8 1.3 0.9 2.7
2005.4548 -27.7928 -30.7632 45.2 1.2 0.9 2.7
2005.4575 -27.3633 -32.8733 45.9 1.4 1.0 2.8
2005.4603 -28.1609 -30.2079 39.5 1.3 0.9 2.8
2005.4630 -25.0933 -32.5401 50.6 1.3 0.9 2.7
2005.4658 -28.0995 -31.2074 50.3 1.3 0.9 2.7
2005.4685 -30.4309 -31.2074 52.8 1.3 0.9 2.7
2005.4740 -27.6701 -31.7627 45.1 1.2 0.9 2.7
2005.4767 -26.1363 -33.9839 43.6 2.6 2.3 4.9
2005.4795 -30.9218 -32.2069 50.5 1.3 0.9 2.8
2005.4822 -26.9338 -31.7627 51.9 1.3 0.9 2.7
2005.4849 -23.9889 -32.7622 50.7 1.3 0.9 2.7
2005.4877 -27.5474 -31.6516 45.1 1.3 0.9 2.7
2005.4904 -25.7068 -32.0959 51.2 1.2 0.9 2.6
2005.4932 -28.345 -32.0959 52.1 1.2 0.9 2.6
2005.4959 -26.5657 -33.4286 56.5 1.2 0.9 2.7
2005.4986 -27.4247 -32.7622 54.5 1.3 0.9 2.7
2005.5014 -26.3817 -34.5391 47.9 1.3 0.9 2.7
2005.5041 -26.5657 -32.429 58 1.3 0.9 2.7
2005.5068 -30.8604 -34.206 52.2 1.2 0.9 2.7
2005.5096 -29.7561 -32.318 53.2 1.2 0.9 2.7
2005.5123 -30.615 -32.429 51.8 1.3 0.9 2.8
2005.5151 -29.6334 -29.4305 60.7 1.2 0.9 2.7
2005.5178 -33.4986 -34.0949 53.6 1.2 0.9 2.7
2005.5205 -30.1242 -34.4281 60.7 1.5 0.9 2.8
2005.5233 -29.4493 -28.2088 60 1.5 1.0 2.9
2005.5260 -28.0995 -33.5396 55.8 1.3 0.9 2.7
2005.5288 -28.7744 -29.8747 57.8 1.6 1.0 3.0
2005.5315 -27.4247 -31.0963 47.6 1.4 0.9 2.8
2005.5342 -28.1609 -33.0954 61.1 1.3 0.9 2.7
2005.5370 -27.4247 -31.5406 55.4 1.2 0.9 2.6
2005.5397 -26.3817 -31.5406 50.8 1.3 0.9 2.7
2005.5425 -24.4797 -31.7627 49.3 1.3 0.9 2.7
2005.5452 -27.0565 -30.9853 51.3 1.4 1.0 2.9
2005.5479 -29.572 -33.7617 49.9 1.3 0.9 2.7
2005.5507 -31.4739 -33.4286 54.6 1.2 0.9 2.7
2005.5534 -29.8174 -31.2074 43.4 1.3 0.9 2.7
2005.5589 -29.7561 -34.206 58.1 1.2 0.9 2.7
2005.5616 -27.7928 -33.5396 48.6 1.3 0.9 2.8
2005.5644 -29.6334 -34.9834 52.8 1.3 0.9 2.8
2005.5671 -26.5657 -32.9843 56 1.3 0.9 2.9
2005.5699 -24.8478 -31.6516 57 1.3 1.0 3.0
2005.5726 -28.345 -32.429 51 1.7 1.1 3.2
2005.5753 -26.1976 -33.6507 53.3 1.3 0.9 2.7
2005.5781 -26.8111 -34.9834 52.1 1.3 0.9 2.7
2005.5808 -27.6087 -34.7613 48.6 1.2 0.9 2.7
2005.5836 -29.2652 -33.7617 54.5 1.3 0.9 2.7
2005.5863 -34.971 -38.3151 43.2 1.3 0.9 2.8
2005.5890 -26.9338 -35.3166 54.8 1.2 0.9 2.7
2005.5918 -32.0875 -30.0968 66.6 2.2 1.3 3.9
2005.5945 -24.9092 -35.8718 54.9 1.3 0.9 2.8
2005.5973 -27.302 -33.2064 51.7 1.3 0.9 2.7
2005.6000 -26.9338 -33.7617 53.7 1.3 0.9 2.8
2005.6027 -27.6701 -34.4281 62.5 1.3 0.9 2.7
2005.6055 -27.8541 -34.8723 55.2 1.3 0.9 2.7
2005.6082 -20.1237 -35.9829 57.5 1.4 0.9 3.0
2005.6110 -27.3633 -34.7613 51.4 1.4 0.9 2.9
2005.6137 -26.0749 -34.5391 54.2 1.4 0.9 2.8
2005.6164 -26.1363 -34.8723 55.5 1.3 0.9 2.8
2005.6192 -27.1179 -35.5387 56.4 1.3 0.9 2.8
2005.6219 -20.5532 -35.9829 45.5 1.3 0.9 2.7
2005.6247 -26.0135 -34.9834 50.5 1.5 1.0 3.0
2005.6274 -27.6701 -35.0944 51.5 1.3 0.9 2.8
2005.6301 -25.4614 -36.9824 69.2 1.3 0.9 2.8
2005.6329 -29.9401 -33.5396 62.4 1.2 0.9 2.7
2005.6356 -35.2778 -29.6526 61.7 1.2 0.9 2.7
2005.6384 -29.6947 -36.205 59.6 1.3 0.9 2.7
2005.6411 -30.0015 -35.2055 50.4 1.3 0.9 2.7
2005.6438 -26.8111 -36.9824 52.5 1.3 0.9 2.7
2005.6466 -21.3507 -33.8728 59.7 1.6 1.1 3.1
2005.6493 -27.7928 -32.9843 67.4 1.3 0.9 2.7
2005.6521 -26.9338 -34.7613 52.7 1.3 0.9 2.7
2005.6548 -31.5966 -35.9829 54.9 1.3 0.9 2.8
2005.6575 -32.6396 -34.5391 52.5 1.3 0.9 2.7
2005.6603 -29.3879 -38.3151 58.5 1.2 0.9 2.7
2005.6630 -29.6334 -36.5382 56.6 1.3 0.9 2.7
2005.6658 -29.3266 -33.7617 49.1 1.4 1.0 3.0
2005.6685 -29.5107 -35.3166 51.4 1.3 0.9 2.8
2005.6712 -31.4126 -36.205 58.6 1.3 0.9 2.7
2005.6740 -31.5353 -35.6497 51.5 1.2 0.9 2.7
2005.6767 -34.1735 -34.317 66.4 1.4 0.9 2.8
2005.6795 -30.1242 -36.9824 59.8 1.2 0.9 2.7
2005.6822 -28.4677 -35.8718 56.9 1.3 0.9 2.7
2005.6849 -27.1179 -37.0935 53.7 1.3 0.9 2.8
2005.6877 -30.3082 -36.5382 47.8 1.3 1.0 2.8
2005.6904 -30.6764 -36.094 63.9 1.3 0.9 2.8
2005.6932 -32.4556 -35.3166 63.9 1.3 0.9 2.8
2005.6959 -26.259 -38.093 47.4 1.8 1.3 3.6
2005.6986 -32.3942 -33.9839 52.3 1.5 1.0 3.0
2005.7014 -35.0937 -36.6493 59.6 1.5 1.0 2.9
2005.7041 -29.7561 -34.0949 54.4 1.3 0.9 2.8
2005.7068 -31.8421 -34.7613 53.5 1.3 0.9 2.9
2005.7096 -30.5536 -35.7608 61.4 1.3 0.9 2.8
2005.7123 -30.1855 -37.6488 60.7 1.2 0.9 2.7
2005.7151 -29.2652 -40.7584 62.8 1.2 0.9 2.7
2005.7178 -33.4986 -38.093 55.1 1.2 0.9 2.8
2005.7205 -32.3329 -37.982 54.8 1.2 0.9 2.6
2005.7233 -28.345 -33.5396 49.8 1.2 0.9 2.8
2005.7260 -27.9768 -38.2041 59.4 1.2 0.9 2.7
2005.7288 -31.2285 -37.5377 53.5 1.2 0.9 2.7
2005.7315 -29.5107 -37.5377 57.3 1.2 0.9 2.7
2005.7342 -26.0749 -37.8709 57.2 1.2 0.9 2.7
2005.7370 -31.2285 -37.2045 57.2 1.2 0.9 2.7
2005.7397 -31.2899 -37.0935 59.8 1.3 0.9 2.7
2005.7425 -35.0324 -37.5377 71 1.3 0.9 2.8
2005.7452 -30.3082 -37.3156 56.6 1.2 0.9 2.7
2005.7479 -30.8604 -36.7603 50.9 1.2 0.9 2.7
2005.7507 -31.9034 -37.982 56.8 1.2 0.9 2.7
2005.7534 -29.7561 -37.5377 57.1 1.2 0.9 2.7
2005.7562 -29.2039 -37.8709 62.5 1.3 0.9 2.7
2005.7589 -31.4739 -37.6488 56 1.3 0.9 2.7
2005.7616 -30.9218 -35.9829 60.6 1.2 0.9 2.6
2005.7644 -32.701 -37.3156 55.4 1.2 0.9 2.7
2005.7671 -31.2899 -38.4262 58.3 1.2 0.9 2.7
2005.7699 -32.0875 -38.6483 54.1 1.3 0.9 2.8
2005.7726 -29.0198 -41.7579 63.5 1.2 0.9 2.7
2005.7753 -29.2039 -39.2036 59.4 1.2 0.9 2.6
2005.7781 -30.8604 -38.9815 67.1 1.2 0.9 2.7
2005.7808 -30.9831 -34.6502 58.9 1.2 0.9 2.7
2005.7836 -33.6826 -39.2036 55.9 1.3 0.9 2.7
2005.7863 -31.8421 -38.6483 64 1.3 0.9 2.7
2005.7890 -30.4923 -40.0921 56.9 1.2 0.9 2.8
2005.7918 -32.701 -37.6488 57.4 1.2 0.9 2.7
2005.7945 -33.3145 -37.4267 53.2 1.3 0.9 2.8
2005.7973 -34.9097 -42.8685 63.2 1.2 0.9 2.7
2005.8000 -33.9894 -37.982 56.4 1.3 0.9 2.8
2005.8027 -34.3575 -37.0935 60.8 1.3 0.9 2.8
2005.8055 -33.1918 -35.9829 72.3 1.2 0.9 2.7
2005.8082 -31.7807 -41.2026 57.6 1.2 0.9 2.7
2005.8110 -30.8604 -39.7589 65.9 1.4 1.0 2.9
2005.8137 -29.8788 -37.4267 60.8 1.2 0.9 2.7
2005.8164 -32.701 -36.4271 57.9 1.2 0.9 2.8
2005.8192 -32.2102 -39.6478 56.8 1.3 0.9 2.7
2005.8219 -29.5107 -37.982 56.5 1.2 0.9 2.6
2005.8247 -32.1488 -38.3151 57.2 1.2 0.9 2.7
2005.8274 -31.4739 -38.4262 58.7 1.3 0.9 2.8
2005.8301 -31.4126 -35.8718 63.5 1.2 0.9 2.7
2005.8329 -34.2348 -38.3151 63.8 1.3 0.9 2.7
2005.8356 -31.3512 -39.8699 60.7 1.3 1.0 2.8
2005.8384 -32.6396 -37.3156 56.3 1.3 1.0 2.8
2005.8411 -33.8053 -37.3156 59.4 1.4 1.1 3.0
2005.8438 -30.4923 -35.0944 60.7 1.3 1.0 2.7
2005.8466 -31.9034 -35.7608 62.1 1.3 0.9 2.7
2005.8493 -33.8667 -37.6488 59.1 1.3 1.0 2.8
2005.8521 -32.8237 -38.6483 57.8 1.3 1.0 2.7
2005.8548 -33.3145 -36.3161 58 1.3 1.0 2.8
2005.8575 -28.529 -37.6488 69.1 1.3 0.9 2.7
2005.8603 -32.2102 -40.4252 65.4 1.3 0.9 2.7
2005.8630 -34.3575 -33.8728 63.8 1.2 0.9 2.7
2005.8685 -29.6334 -35.7608 62.8 1.2 0.9 2.7
2005.8712 -28.5904 -36.8714 47.9 1.3 1.0 2.8
2005.8740 -28.9585 -37.3156 56.6 1.3 0.9 2.7
2005.8767 -31.1672 -34.9834 51.9 1.2 0.9 2.7
2005.8795 -29.5107 -36.4271 54.7 1.3 0.9 2.7
2005.8822 -29.8788 -36.8714 54 1.2 0.9 2.7
2005.8849 -33.1305 -36.205 56.9 1.2 0.9 2.7
2005.8877 -36.6889 -39.3147 53.8 1.3 0.9 2.7
2005.8904 -36.5662 -38.2041 59.6 1.4 1.0 3.0
2005.8932 -33.928 -33.3175 57 1.3 0.9 2.8
2005.8959 -38.2227 -41.9801 49.6 1.3 0.9 2.7
2005.8986 -31.1672 -37.5377 66.8 1.3 1.0 2.8
2005.9014 -39.8179 -39.4257 57.1 1.3 0.9 2.7
2005.9041 -35.3392 -39.4257 56.4 1.3 0.9 2.8
2005.9068 -37.057 -38.9815 56 1.3 0.9 2.7
2005.9096 -36.9957 -38.6483 53.5 1.3 0.9 2.7
2005.9123 -35.2165 -38.4262 49.8 1.2 0.9 2.7
2005.9151 -33.6826 -39.2036 47.1 1.3 0.9 2.7
2005.9178 -33.928 -39.0925 53 1.3 0.9 2.7
2005.9205 -36.3208 -37.6488 51.3 1.3 0.9 2.7
2005.9233 -36.3208 -38.2041 51 1.2 0.9 2.6
2005.9260 -41.4744 -34.8723 62.5 1.7 1.1 3.2
2005.9288 -30.7991 -39.3147 51.9 1.5 1.0 2.9
2005.9315 -15.8904 -57.3061 68.4 1.4 0.9 2.8
2005.9342 -35.5232 -36.8714 54.6 1.4 1.0 2.8
2005.9370 -12.9454 -37.8709 76.9 2.3 1.3 3.6
2005.9397 -53.0701 -32.8733 62.9 1.6 1.1 3.0
2005.9425 -37.8546 -31.7627 59.2 1.4 1.0 2.9
2005.9452 -15.6449 -26.5429 57.4 1.5 1.0 2.9
2005.9479 -38.8363 -31.8737 21.2 1.5 1.0 2.9
2005.9507 -42.7015 -39.2036 83.2 1.4 1.0 2.7
2005.9534 -23.6208 -40.5363 56.2 1.5 1.0 2.9
2005.9562 -36.9343 -39.981 51.3 1.9 1.3 3.3
2005.9589 -39.2044 -38.4262 52.9 1.4 1.0 2.8
2005.9616 -38.1 -42.3132 51.9 1.4 0.9 2.7
2005.9644 -42.5788 -34.7613 54.8 1.5 1.0 2.8
2005.9671 -36.4435 -40.4252 56.1 1.3 0.9 2.7
2005.9699 -36.6889 -38.3151 50.9 1.4 1.0 2.8
2005.9726 -36.3822 -39.7589 61.3 1.3 0.9 2.7
2005.9753 -37.6706 -38.2041 51.9 1.3 0.9 2.6
2005.9781 -35.9527 -38.7594 50.5 1.3 1.0 2.7
2005.9808 -36.8116 -36.7603 54.8 1.4 1.0 2.7
2005.9836 -37.4252 -38.4262 52.9 1.3 0.9 2.7
2005.9863 -39.6952 -39.4257 57.2 1.3 0.9 2.6
2005.9890 -40.002 -39.6478 51.4 1.4 1.0 2.8
2005.9945 -36.014 -39.2036 56.3 1.4 1.0 2.7
2005.9973 -38.5295 -40.8695 52.9 1.4 1.0 2.7
2006.0000 -45.5851 -40.4252 52.1 1.4 0.9 2.7
2006.0027 -49.0822 -39.7589 53.9 1.5 1.0 2.8
2006.0055 -37.7933 -42.7575 59 1.5 1.0 2.7
2006.0082 -35.0937 -41.0916 56.9 1.3 0.9 2.6
2006.0110 -33.4372 -40.2031 61.2 1.3 0.9 2.6
2006.0164 -38.0387 -44.4233 61.1 1.3 0.9 2.7
2006.0247 -27.9768 -43.0906 70.1 3.7 1.8 5.4
2006.0274 -39.143 -42.0911 49.3 1.3 0.9 2.7
2006.0301 -38.7749 -41.9801 47.2 1.3 0.9 2.6
2006.0329 -34.5416 -41.7579 52.2 1.3 0.9 2.6
2006.0356 -36.9957 -38.9815 54.9 1.6 1.2 3.1
2006.0384 -37.057 -39.2036 51.6 1.3 0.9 2.6
2006.0411 -35.0937 -41.869 56.3 1.3 0.9 2.7
2006.0438 -41.3517 -40.4252 49.9 1.3 0.9 2.7
2006.0466 -48.9595 -40.3142 62.4 1.5 1.0 2.9
2006.0493 -39.4498 -38.2041 69.7 1.3 0.9 2.6
2006.0521 -35.4005 -40.6474 54.2 1.3 0.9 2.7
2006.0548 -34.4802 -41.3137 53.6 1.3 0.9 2.7
2006.0575 -33.6213 -41.7579 63.7 1.3 0.9 2.6
2006.0603 -33.9894 -40.9805 63.9 1.3 0.9 2.7
2006.0630 -32.9464 -40.9805 55.8 1.3 0.9 2.7
2006.0658 -38.7749 -40.3142 80.3 1.5 1.0 2.9
2006.0685 -39.8179 -39.4257 71.7 1.3 0.9 2.7
2006.0712 -37.057 -43.3128 61.7 1.3 0.9 2.6
2006.0740 -38.8976 -40.9805 59.3 1.3 0.9 2.6
2006.0767 -38.2841 -40.6474 60.3 1.3 0.9 2.7
2006.0795 -36.3208 -42.7575 56.8 1.2 0.9 2.6
2006.0822 -35.2778 -40.8695 57 1.3 0.9 2.6
2006.0849 -34.7256 -41.2026 57.4 1.3 0.9 2.6
2006.0877 -32.5169 -40.9805 62.8 1.3 0.9 2.7
2006.0904 -35.0937 -39.981 54.7 1.3 0.9 2.6
2006.0932 -43.3764 -37.2045 64.7 1.3 0.9 2.7
2006.0959 -33.9894 -41.9801 54.2 1.3 0.9 2.6
2006.0986 -33.2532 -41.7579 52.6 1.3 0.9 2.6
2006.1014 -27.7928 -40.0921 52.7 1.3 0.9 2.6
2006.1041 -34.6643 -39.6478 55.9 1.3 0.9 2.7
2006.1068 -31.5966 -40.8695 46.7 1.3 0.9 2.6
2006.1096 -35.7073 -40.8695 52 1.3 0.9 2.7
2006.1123 -35.5846 -43.6459 55.7 1.3 1.0 2.8
2006.1151 -32.701 -40.4252 51.5 1.3 0.9 2.7
2006.1178 -29.0812 -39.3147 50.6 1.3 0.9 2.7
2006.1233 -33.8053 -39.2036 54.2 1.2 0.9 2.7
2006.1260 -33.2532 -41.3137 51.6 1.3 0.9 2.7
2006.1288 -33.6213 -40.7584 54.5 1.3 0.9 2.7
2006.1315 -33.2532 -38.8704 49.7 1.2 0.9 2.6
2006.1425 -43.8672 -45.3118 47.1 2.4 2.1 5.1
2006.1452 -36.9343 -43.5349 47.4 1.2 0.9 2.7
2006.1479 -33.1305 -41.2026 48.8 1.2 0.9 2.6
2006.1507 -37.1797 -39.0925 42.8 1.2 0.9 2.6
2006.1534 -39.7566 -42.4243 52.4 1.2 0.9 2.6
2006.1562 -41.045 -38.8704 48.3 1.2 0.9 2.6
2006.1589 -40.186 -39.8699 49 1.2 0.9 2.6
2006.1616 -37.2411 -42.5353 54.4 1.2 0.9 2.7
2006.1644 -34.2962 -43.6459 48.6 1.5 1.1 3.2
2006.1671 -39.0817 -41.3137 46.7 1.2 0.9 2.6
2006.1699 -37.4865 -40.9805 60.8 2.1 1.2 3.2
2006.1726 -39.8793 -36.094 43.5 2.9 1.7 4.1
2006.1753 -38.1 -40.4252 53.5 1.2 0.9 2.6
2006.1781 -37.7933 -41.869 51.8 1.2 0.9 2.6
2006.1808 -40.3701 -41.9801 52.1 1.2 0.9 2.6
2006.1836 -35.8913 -39.6478 56.3 1.2 0.9 2.6
2006.1863 -37.1797 -41.2026 50.5 1.2 0.9 2.6
2006.1890 -42.088 -42.2022 53 1.2 0.9 2.6
2006.1918 -38.2227 -40.7584 50.8 1.2 0.9 2.6
2006.1945 -40.8609 -41.0916 52.7 1.2 0.9 2.6
2006.1973 -40.002 -41.5358 49.8 1.2 0.9 2.6
2006.2000 -39.143 -41.6469 51.9 1.2 0.9 2.6
2006.2027 -40.4314 -42.0911 52.2 1.3 0.9 2.6
2006.2055 -39.0817 -41.4248 51.1 1.2 0.9 2.6
2006.2082 -36.6889 -43.2017 47.6 1.3 0.9 2.7
2006.2110 -36.2595 -41.3137 47.8 1.2 0.9 2.7
2006.2137 -37.1184 -43.5349 57.2 1.4 1.0 2.8
2006.2164 -38.4681 -41.4248 55.2 1.2 0.9 2.7
2006.2192 -39.5111 -41.3137 54.6 1.2 0.9 2.7
2006.2219 -38.5909 -43.2017 52.7 1.2 0.9 2.6
2006.2247 -38.1614 -40.3142 52.5 1.2 0.9 2.6
2006.2274 -43.1923 -40.4252 52.4 1.2 0.9 2.6
2006.2301 -36.3822 -43.0906 50.3 1.2 0.9 2.6
2006.2329 -37.8546 -43.2017 50.3 1.2 0.9 2.6
2006.2356 -39.143 -42.5353 52.1 1.2 0.9 2.6
2006.2384 -39.8793 -43.0906 45.4 1.2 0.9 2.6
2006.2411 -38.3454 -43.2017 54.4 1.2 0.9 2.6
2006.2438 -38.5295 -42.6464 51.7 1.2 0.9 2.6
2006.2466 -38.1 -42.4243 57.8 1.2 0.9 2.6
2006.2493 -39.9406 -42.6464 55.6 1.2 0.9 2.6
2006.2521 -38.0387 -42.4243 54.4 1.2 0.9 2.6
2006.2548 -38.1614 -42.4243 55.3 1.2 0.9 2.6
2006.2575 -39.2657 -42.8685 54.3 1.2 0.9 2.6
2006.2603 -31.9034 -47.8662 56.3 1.4 1.0 3.0
2006.2630 -40.186 -45.2007 49.8 1.3 0.9 2.8
2006.2658 -42.0266 -42.3132 44.4 1.2 0.9 2.8
2006.2685 -36.873 -44.4233 54.2 1.2 0.9 2.7
2006.2712 -38.5909 -42.9796 55.2 1.4 0.9 2.8
2006.2740 -35.7073 -43.6459 53 1.2 0.9 2.6
2006.2767 -36.9343 -44.4233 55 1.3 0.9 2.8
2006.2795 -38.5295 -43.757 54.7 1.2 0.9 2.8
2006.2822 -35.83 -43.2017 61.1 1.2 0.9 2.6
2006.2849 -42.088 -43.757 67.8 1.5 1.1 3.1
2006.2877 -38.7749 -40.7584 57.2 1.2 0.9 2.7
2006.2904 -40.1247 -42.7575 64.2 1.2 0.9 2.7
2006.2932 -38.8976 -43.6459 56.6 1.2 0.9 2.6
2006.2959 -41.6585 -40.3142 62.6 1.3 0.9 2.9
2006.2986 -43.3764 -38.4262 69.6 2.3 1.5 4.6
2006.3014 -39.3884 -39.4257 47.5 1.7 1.3 3.7
2006.3041 -38.7136 -41.3137 55.2 1.2 0.9 2.6
2006.3068 -36.0754 -41.869 52.3 1.2 0.9 2.7
2006.3096 -37.7319 -42.9796 51.9 1.2 0.9 2.7
2006.3123 -37.7933 -42.4243 55.4 1.2 0.9 2.7
2006.3151 -40.4928 -41.5358 51.2 1.2 0.9 2.7
2006.3178 -37.9773 -42.3132 55.6 1.2 0.9 2.6
2006.3205 -35.7686 -42.9796 59.1 1.2 0.9 2.8
2006.3233 -37.1184 -42.9796 54.6 1.2 0.9 2.7
2006.3260 -35.6459 -40.4252 58.9 1.2 0.9 2.7
2006.3288 -40.3701 -41.6469 61 1.2 0.9 2.7
2006.3315 -39.2044 -40.4252 54.8 1.2 0.9 2.6
2006.3342 -36.2595 -42.4243 57.7 1.2 0.9 2.7
2006.3370 -36.3822 -41.5358 55.2 1.2 0.9 2.7
2006.3397 -39.6952 -41.2026 53.4 1.3 0.9 2.8
2006.3425 -39.143 -40.4252 52.1 1.2 0.9 2.7
2006.3452 -41.5971 -40.9805 58.5 1.3 0.9 2.7
2006.3479 -37.3024 -41.869 55.7 1.3 0.9 2.7
2006.3507 -36.014 -40.8695 52.5 1.2 0.9 2.7
2006.3534 -38.1 -42.7575 48.1 1.3 0.9 2.7
2006.3562 -39.2657 -43.4238 53.7 1.2 0.9 2.7
2006.3589 -39.2657 -41.5358 49.2 1.3 0.9 2.7
2006.3616 -41.4131 -40.8695 54.4 1.2 0.9 2.7
2006.3644 -38.1 -39.7589 56.1 1.3 0.9 2.6
2006.3671 -38.7136 -40.9805 49.6 1.3 0.9 2.7
2006.3699 -38.5909 -42.5353 53.2 1.3 0.9 2.7
2006.3726 -38.5295 -42.8685 52.5 1.3 0.9 2.7
2006.3753 -32.2715 -37.8709 38.1 1.3 0.9 2.7
2006.3781 -41.9039 -41.6469 57.8 1.3 0.9 2.6
2006.3808 -41.1063 -41.0916 48.8 1.3 0.9 2.7
2006.3863 -40.1247 -43.3128 53.1 1.3 0.9 2.7
2006.3890 -37.4865 -41.869 56.9 1.3 0.9 2.7
2006.3918 -41.9653 -43.2017 49.1 1.3 0.9 2.7
2006.3945 -39.6338 -41.4248 47.2 1.3 0.9 2.7
2006.3973 -40.9836 -41.4248 50.6 1.3 0.9 2.8
2006.4000 -41.1063 -42.4243 48.5 1.3 0.9 2.7
2006.4027 -40.4314 -40.6474 46.7 1.3 0.9 2.7
2006.4055 -41.1677 -41.869 52.4 1.3 0.9 2.7
2006.4082 -41.9039 -41.7579 53.9 1.3 0.9 2.8
2006.4110 -41.1063 -42.9796 49.7 1.3 0.9 2.7
2006.4137 -44.1739 -41.7579 52.8 1.3 0.9 2.7
2006.4164 -42.8855 -41.4248 50.8 1.3 0.9 2.7
2006.4192 -43.2537 -43.3128 57.7 1.3 0.9 2.9
2006.4219 -41.2904 -41.9801 53.3 1.3 0.9 2.8
2006.4247 -42.0266 -43.2017 56.3 1.3 0.9 2.7
2006.4274 -41.2904 -44.2012 52.7 1.3 0.9 2.8
2006.4301 -40.186 -41.2026 48 1.3 0.9 2.8
2006.4329 -42.2107 -44.4233 51.9 1.3 0.9 2.7
2006.4356 -42.6401 -42.3132 55 1.3 0.9 2.7
2006.4384 -39.7566 -43.6459 54.8 1.3 0.9 2.7
2006.4411 -42.3947 -40.5363 50.9 1.3 0.9 2.7
2006.4438 -41.5358 -43.4238 56 1.3 0.9 2.6
2006.4466 -41.5971 -42.8685 51.7 1.4 0.9 2.7
2006.4493 -42.7628 -44.3123 55 1.4 0.9 2.8
2006.4521 -41.1677 -45.2007 56.4 1.3 0.9 2.7
2006.4548 -41.5971 -42.4243 55.4 1.3 0.9 2.7
2006.4575 -42.1493 -43.6459 68.3 1.3 0.9 2.7
2006.4603 -42.8242 -41.869 63.1 1.3 0.9 2.7
2006.4630 -42.272 -43.2017 53.7 1.3 0.9 2.8
2006.4658 -38.6522 -44.5344 49.3 1.3 0.9 2.8
2006.4685 -24.8478 -38.6483 47.8 1.7 1.3 3.5
2006.4712 -42.9469 -42.8685 55.8 1.3 0.9 2.8
2006.4740 -42.6401 -44.0902 54.2 1.4 0.9 2.8
2006.4767 -41.1063 -43.3128 54.8 1.5 1.0 3.1
2006.4795 -40.7995 -47.0887 55.4 1.3 0.9 2.7
2006.4822 -39.2657 -43.757 53.6 1.3 0.9 2.8
2006.4849 -47.487 -45.3118 48.2 1.3 0.9 2.8
2006.4877 -41.9653 -44.9786 54 1.3 0.9 2.8
2006.4904 -42.272 -45.756 57.6 1.3 0.9 2.7
2006.4932 -42.6401 -45.9782 52.6 1.3 0.9 2.6
2006.4959 -43.2537 -44.7565 59.3 1.3 0.8 2.7
2006.4986 -39.9406 -44.4233 52.7 1.3 0.9 2.7
2006.5014 -37.9773 -45.9782 57.2 1.3 0.9 2.7
2006.5041 -39.3271 -45.756 59 1.3 0.9 2.7
2006.5068 -42.6401 -44.5344 60.6 1.3 0.9 2.7
2006.5096 -39.2044 -46.5335 57.2 1.3 0.9 2.7
2006.5123 -37.1184 -46.5335 53 1.3 0.9 2.7
2006.5151 -38.4068 -44.3123 57.7 1.3 0.9 2.7
2006.5178 -39.3271 -43.868 63.1 1.3 0.9 2.7
2006.5205 -44.358 -44.3123 55.5 1.3 0.9 2.7
2006.5233 -44.1126 -46.8666 54.9 1.5 1.0 3.0
2006.5260 -39.9406 -43.9791 55.6 1.3 0.9 2.6
2006.5288 -40.4314 -43.4238 61.1 1.3 0.9 2.7
2006.5315 -42.088 -45.4229 58 1.3 0.9 2.7
2006.5342 -36.2595 -44.9786 65.1 1.3 0.9 2.7
2006.5370 -39.6338 -45.4229 60.6 1.3 0.9 2.6
2006.5397 -37.916 -45.8671 55.9 1.3 0.9 2.6
2006.5425 -43.4377 -47.0887 61.9 1.3 0.9 2.7
2006.5452 -43.6218 -46.9777 55 1.3 0.9 2.6
2006.5479 -38.5909 -47.0887 56.2 1.3 0.9 2.7
2006.5507 -38.2841 -46.8666 66.8 1.3 0.9 2.7
2006.5534 -38.959 -45.8671 63.4 1.3 0.9 2.7
2006.5562 -40.8609 -45.4229 50.7 1.3 0.9 2.7
2006.5589 -40.3087 -49.421 56.2 1.3 0.9 2.7
2006.5616 -43.131 -45.645 57.9 1.3 0.9 2.7
2006.5644 -41.1063 -46.5335 55.5 1.3 0.9 2.8
2006.5671 -42.9469 -47.7551 57 1.3 0.9 2.7
2006.5699 -41.5358 -47.1998 55.8 1.3 0.9 2.7
2006.5726 -40.9223 -45.756 55.7 1.3 0.9 2.8
2006.5781 -40.3701 -47.1998 55.9 1.3 0.9 2.7
2006.5808 -37.1797 -46.8666 62.5 1.3 0.9 2.7
2006.5836 -43.315 -53.197 64.7 2.3 2.0 5.1
2006.5863 -41.9039 -45.8671 57.6 1.5 1.0 3.1
2006.5890 -40.0633 -48.3104 55.4 1.3 0.9 2.8
2006.5918 -40.3087 -47.533 49 1.4 0.9 2.8
2006.5945 -40.3087 -47.7551 58.8 1.3 0.9 2.8
2006.5973 -42.8242 -47.4219 55.6 1.3 0.9 2.8
2006.6000 -44.5421 -47.9772 53.8 1.6 1.0 3.0
2006.6027 -47.7324 -46.9777 58.1 1.3 0.9 2.8
2006.6055 -42.7015 -47.1998 55.3 1.3 0.9 2.7
2006.6082 -40.4928 -46.4224 51 1.3 0.9 2.7
2006.6110 -38.5295 -47.533 62.9 1.3 0.9 2.7
2006.6137 -40.3701 -47.644 61.1 1.3 0.9 2.8
2006.6164 -44.2353 -47.533 59.6 1.3 0.9 2.7
2006.6192 -44.0512 -48.4214 56.6 1.3 0.9 2.7
2006.6219 -42.272 -45.5339 54.7 1.3 0.9 2.8
2006.6247 -42.088 -47.533 57.4 1.3 0.9 2.7
2006.6274 -44.4194 -47.0887 59.6 1.3 0.9 2.8
2006.6301 -44.1126 -48.7546 54.3 1.3 0.9 2.7
2006.6329 -43.5604 -47.533 56 1.3 0.9 2.8
2006.6356 -45.5851 -48.8657 60.4 1.3 0.9 2.7
2006.6384 -46.5667 -47.3109 61.7 1.3 0.9 2.7
2006.6411 -43.1923 -48.1993 59.2 1.4 0.9 2.7
2006.6438 -46.0145 -45.756 54.7 1.4 1.0 2.9
2006.6493 -42.5174 -48.5325 61.3 1.3 0.9 2.8
2006.6521 -44.9715 -50.7537 59 1.3 0.9 2.7
2006.6548 -39.0817 -46.9777 64 1.4 1.0 2.9
2006.6575 -45.2783 -48.9767 57.6 1.3 1.0 2.9
2006.6630 -43.9899 -46.3113 60.2 1.3 0.9 2.7
2006.6658 -41.1677 -46.5335 65.4 1.4 1.0 2.9
2006.6932 -44.6648 -44.9786 68.2 1.2 0.9 2.7
2006.6959 -43.6218 -49.6431 62.2 1.2 0.9 2.8
2006.6986 -44.6034 -47.9772 57.7 1.3 0.9 2.8
2006.7014 -46.3213 -48.6436 64.2 1.3 0.9 2.8
2006.7041 -48.2846 -49.1989 71.9 1.3 0.9 2.8
2006.7068 -43.4991 -47.0887 58.7 1.3 0.9 2.7
2006.7096 -45.8918 -47.644 61.9 1.2 0.9 2.6
2006.7123 -47.4256 -47.533 64.8 1.2 0.9 2.7
2006.7151 -46.5054 -47.0887 62 1.3 0.9 2.7
2006.7178 -55.1561 -50.9758 72 1.2 0.9 2.7
2006.7233 -46.8735 -49.0878 62.5 1.2 0.9 2.7
2006.7260 -42.7015 -48.6436 61 1.3 1.0 2.8
2006.7288 -42.0266 -48.6436 60.1 1.3 0.9 2.7
2006.7315 -44.358 -48.9767 65.9 1.3 1.0 2.8
2006.7342 -46.5054 -51.6421 64.6 1.2 0.9 2.7
2006.7370 -46.9962 -49.532 57.9 1.2 0.9 2.7
2006.7397 -44.358 -48.4214 55.7 1.2 0.9 2.7
2006.7425 -45.1556 -51.309 64.6 1.2 0.9 2.7
2006.7452 -46.1986 -52.0864 62.5 1.2 0.9 2.7
2006.7479 -53.6223 -52.7527 48 1.2 0.9 2.6
2006.7507 -44.1739 -48.8657 58.4 1.3 0.9 2.7
2006.7562 -46.444 -50.3094 61.7 1.2 0.9 2.7
2006.7589 -45.6464 -49.8652 71.7 1.2 0.9 2.7
2006.7616 -46.0759 -48.3104 58.8 1.2 0.9 2.7
2006.7644 -44.4194 -46.7556 64.5 1.2 0.9 2.7
2006.7671 -42.6401 -49.6431 62.6 1.2 0.9 2.7
2006.7699 -45.7691 -49.0878 60.6 1.2 0.9 2.8
2006.7726 -46.7508 -47.4219 67 1.2 0.9 2.8
2006.7753 -43.0696 -49.3099 61.5 1.2 0.9 2.7
2006.7781 -43.2537 -47.1998 69.9 1.2 0.9 2.6
2006.7808 -50.0638 -50.8647 61.3 1.4 0.9 2.8
2006.7836 -46.6894 -50.4205 61.4 1.2 0.9 2.7
2006.7863 -43.7445 -49.7541 65.7 1.3 0.9 2.7
2006.7918 -42.8855 -49.421 63.9 1.2 0.9 2.6
2006.7945 -45.8918 -51.5311 60 1.3 0.9 2.7
2006.7973 -42.3334 -47.4219 68.2 1.3 0.9 2.7
2006.8000 -45.5851 -49.0878 64.1 1.2 0.9 2.7
2006.8027 -45.7691 -49.3099 59.8 1.3 0.9 2.7
2006.8055 -43.315 -51.0868 72.3 1.2 0.9 2.7
2006.8082 -48.2232 -49.7541 58.4 1.2 0.9 2.7
2006.8110 -42.5174 -53.8633 71.2 1.2 0.9 2.7
2006.8137 -44.1739 -49.421 63.3 1.2 0.9 2.7
2006.8164 -46.7508 -48.9767 67.5 1.5 1.0 2.9
2006.8192 -42.6401 -44.0902 65.4 1.4 1.0 2.8
2006.8219 -47.6097 -48.9767 58.9 1.2 0.9 2.6
2006.8247 -44.6648 -47.644 61.9 1.2 0.9 2.6
2006.8274 -45.5851 -47.7551 63.6 1.2 0.9 2.6
2006.8301 -45.9532 -50.0873 60.4 1.2 0.9 2.6
2006.8329 -46.5667 -48.6436 59 1.2 0.9 2.7
2006.8356 -46.8121 -46.6445 62.4 1.2 0.9 2.6
2006.8384 -43.8672 -45.5339 62.7 1.2 0.9 2.6
2006.8411 -40.4314 -48.8657 62.8 1.2 0.9 2.6
2006.8438 -43.9285 -50.6426 65.5 1.3 0.9 2.6
2006.8466 -43.6831 -50.5316 63.9 1.3 0.9 2.6
2006.8493 -45.7078 -51.309 61.6 1.2 0.9 2.6
2006.8521 -47.8551 -48.4214 60.4 1.3 0.9 2.7
2006.8548 -51.4749 -50.7537 60.9 1.3 0.9 2.6
2006.8575 -46.6281 -48.3104 63.7 1.3 0.9 2.6
2006.8603 -49.1435 -50.8647 66.9 1.3 1.0 2.8
2006.8630 -50.3092 -50.6426 58.8 1.3 0.9 2.7
2006.8658 -50.616 -50.3094 68.6 1.3 1.0 2.8
2006.8685 -53.8677 -50.8647 66.8 1.3 0.9 2.8
2006.8712 -50.9841 -50.8647 76.3 1.3 0.9 2.7
2006.8740 -47.2416 -50.5316 67.4 1.3 0.9 2.6
2006.8767 -50.6773 -50.7537 71.6 1.3 0.9 2.7
2006.8795 -57.3648 -46.0892 66.3 1.3 0.9 2.7
2006.8822 -49.1435 -49.1989 71 1.3 0.9 2.7
2006.8849 -54.6039 -46.8666 58 1.4 1.0 3.0
2006.8877 -45.3397 -48.8657 57.1 1.3 0.9 2.7
2006.8904 -48.8981 -49.6431 55 1.3 0.9 2.6
2006.8932 -48.8981 -49.6431 59 1.3 0.9 2.7
2006.8959 -48.4073 -49.8652 58.6 1.3 0.9 2.7
2006.8986 -50.0638 -49.9763 54.1 1.3 0.9 2.7
2006.9014 -52.5793 -50.4205 51.2 1.2 0.9 2.5
2006.9041 -49.757 -49.532 52.6 1.2 0.9 2.6
2006.9068 -47.3643 -49.9763 56.8 1.3 0.9 2.7
2006.9096 -50.7387 -50.9758 58.3 1.3 0.9 2.5
2006.9123 -49.8798 -52.1974 58.1 1.2 0.9 2.6
2006.9151 -50.0638 -48.1993 46.1 1.4 0.9 2.8
2006.9178 -48.3459 -52.0864 57.5 1.3 0.9 2.7
2006.9205 -50.7387 -56.0845 65.1 1.4 0.9 2.9
2006.9233 -50.9227 -46.9777 62.3 1.3 0.9 2.7
2006.9260 -47.9165 -50.7537 62.1 1.3 0.9 2.7
2006.9288 -44.5421 -47.1998 63.7 1.3 0.9 2.7
2006.9315 -48.4686 -51.0868 65.9 1.4 0.9 2.7
2006.9342 -49.3276 -51.8643 63.7 1.3 0.9 2.7
2006.9370 -47.0575 -51.42 62.1 1.3 0.9 2.8
2006.9397 -52.0271 -49.1989 59.5 1.3 0.9 2.7
2006.9425 -50.2479 -52.9748 67.6 1.3 0.9 2.7
2006.9452 -54.6039 -52.5306 63.1 1.4 0.9 2.8
2006.9479 -47.3643 -53.0859 62.7 1.3 0.9 2.7
2006.9507 -50.4319 -51.42 58.7 1.3 0.8 2.7
2006.9534 -49.3276 -50.6426 68.4 1.3 0.9 2.7
2006.9562 -46.5667 -52.0864 55.5 1.8 1.1 3.1
2006.9589 -53.1314 -50.3094 63.5 1.3 0.9 2.6
2006.9616 -56.015 -48.9767 69.1 1.4 0.9 2.7
2006.9644 -49.8184 -54.5297 65.4 1.3 0.9 2.7
2006.9671 -53.8677 -54.8628 56.7 1.4 0.9 2.7
2006.9699 -51.4749 -50.5316 68.3 1.4 0.9 2.7
2006.9726 -52.2112 -51.42 60.9 1.3 0.9 2.6
2006.9753 -49.8798 -53.6412 61.1 1.3 0.9 2.6
2006.9781 -45.9532 -49.8652 64.5 1.3 0.9 2.7
2006.9808 -49.573 -51.5311 68.5 1.3 0.9 2.7
2006.9836 -44.1126 -53.4191 67.7 1.3 0.9 2.7
2006.9863 -49.1435 -53.5301 59.1 1.3 0.9 2.7
2006.9890 -49.8184 -52.5306 57.5 1.3 0.9 2.7
2006.9918 -53.929 -56.5287 53.2 1.4 0.9 2.7
2006.9945 -41.9653 -53.0859 56.6 1.3 0.9 2.6
2006.9973 -43.1923 -53.9744 64.2 1.3 0.9 2.7
2007.0000 -46.8735 -53.0859 61.2 1.4 0.9 2.7
2007.0137 -52.4566 -54.0854 56.2 1.3 0.9 2.7
2007.0164 -49.757 -51.1979 52.1 1.3 0.9 2.6
2007.0192 -55.2788 -49.7541 68.9 1.3 0.9 2.7
2007.0219 -48.7754 -51.42 57.5 1.4 0.9 2.8
2007.0247 -45.8918 -50.9758 56.8 1.3 0.9 2.6
2007.0274 -44.9715 -51.42 54.6 1.3 0.9 2.7
2007.0301 -46.5667 -51.0868 53.8 1.4 1.0 2.8
2007.0329 -48.2232 -51.42 56.2 1.3 0.9 2.6
2007.0356 -46.7508 -51.5311 53.1 1.3 0.9 2.6
2007.0384 -47.9165 -48.6436 59.3 1.3 0.9 2.7
2007.0411 -46.9348 -49.1989 67.6 1.3 0.9 2.7
2007.0438 -47.7938 -50.8647 56.3 1.3 0.9 2.7
2007.0466 -48.2846 -51.8643 51.4 1.3 0.9 2.7
2007.0493 -50.8614 -51.6421 50.4 1.4 0.9 2.7
2007.0521 -46.7508 -51.5311 53.7 1.3 0.9 2.8
2007.0548 -48.53 -51.5311 60.3 1.3 0.9 2.8
2007.0575 -41.8425 -50.3094 66 1.3 0.9 2.7
2007.0603 -48.7754 -52.4195 64.8 1.4 0.9 2.7
2007.0630 -48.0392 -51.9753 68.1 1.3 0.9 2.7
2007.0658 -44.7875 -53.7522 61.1 1.4 0.9 2.7
2007.0685 -48.5913 -51.9753 56.2 1.4 0.9 2.7
2007.0712 -43.2537 -51.309 52.8 1.3 0.9 2.6
2007.0740 -47.1802 -52.3085 56.1 1.3 0.9 2.7
2007.0767 -44.2353 -50.3094 52.1 1.3 0.9 2.7
2007.0795 -44.4194 -50.3094 51.5 1.4 0.9 2.7
2007.0822 -49.0822 -50.9758 49.1 1.3 0.9 2.7
2007.0849 -43.9285 -51.8643 54.2 1.3 0.9 2.7
2007.0877 -49.0208 -51.9753 56.9 1.4 0.9 2.8
2007.0904 -45.9532 -51.0868 58.4 1.3 0.9 2.8
2007.0932 -49.3889 -51.7532 60.5 1.4 0.9 2.8
2007.0959 -52.0884 -49.3099 61.7 1.3 0.9 2.7
2007.0986 -49.0208 -50.5316 57.6 1.3 0.9 2.7
2007.1014 -49.0822 -51.7532 58.3 1.3 0.9 2.7
2007.1041 -50.1865 -49.8652 59.7 1.3 0.9 2.7
2007.1068 -51.4749 -50.1984 62 1.4 0.9 2.8
2007.1096 -50.8614 -49.421 54.6 1.4 0.9 2.7
2007.1123 -48.6527 -50.8647 60 1.3 0.9 2.6
2007.1151 -51.2909 -50.6426 59.1 1.3 0.9 2.7
2007.1205 -47.2416 -50.9758 62.1 1.6 1.2 3.5
2007.1233 -48.1619 -51.5311 57 1.3 0.9 2.7
2007.1260 -45.8918 -53.308 60.7 1.3 0.9 2.7
2007.1288 -48.8368 -49.9763 60.4 1.3 0.9 2.7
2007.1315 -48.8981 -51.0868 65.4 1.3 0.9 2.8
2007.1342 -47.9778 -51.5311 65.8 1.6 1.1 3.2
2007.1370 -49.573 -50.9758 61.4 1.3 0.9 2.7
2007.1397 -53.1314 -50.5316 65.5 1.3 0.9 2.7
2007.1425 -48.3459 -53.7522 67.8 1.3 0.9 2.7
2007.1452 -49.4503 -51.6421 66.4 1.2 0.9 2.6
2007.1479 -44.7875 -53.308 66 1.2 0.9 2.6
2007.1507 -51.843 -53.7522 64.4 1.3 0.9 2.7
2007.1534 -50.9841 -50.9758 62.1 1.2 0.9 2.6
2007.1562 -53.3769 -51.6421 58.1 1.2 0.9 2.6
2007.1589 -49.8184 -50.5316 56.6 1.2 0.9 2.6
2007.1616 -51.659 -51.5311 58.1 1.2 0.9 2.6
2007.1644 -48.9595 -52.7527 55.7 1.3 0.9 2.6
2007.1671 -51.2295 -53.308 61.7 1.3 0.9 2.6
2007.1699 -52.886 -49.532 57.4 1.2 0.9 2.6
2007.1726 -53.6223 -49.0878 59.1 1.2 0.9 2.6
2007.1753 -50.9841 -47.644 78.7 1.3 0.9 2.7
2007.1781 -44.9102 -52.5306 69.9 1.2 0.9 2.7
2007.1808 -50.5546 -52.3085 63.4 1.3 1.0 2.8
2007.1836 -50.4933 -53.6412 61.3 1.2 0.9 2.6
2007.1863 -53.4996 -59.4162 65.6 1.3 0.9 2.7
2007.1890 -48.5913 -55.0849 65.5 1.3 0.9 2.7
2007.1918 -50.4933 -53.197 60.5 1.3 0.9 2.7
2007.1945 -51.843 -54.4186 59.6 1.3 0.9 2.6
2007.1973 -50.5546 -51.309 52.7 1.2 0.9 2.6
2007.2000 -48.1005 -53.0859 54.2 1.2 0.9 2.7
2007.2027 -48.4686 -53.5301 57.1 1.3 0.9 2.7
2007.2055 -48.714 -53.197 54.4 1.2 0.9 2.6
2007.2082 -45.7691 -53.308 58.2 1.2 0.9 2.6
2007.2110 -45.7078 -53.0859 54.7 1.2 0.9 2.6
2007.2137 -47.2416 -52.8638 58.4 1.2 0.9 2.7
2007.2164 -50.9841 -50.8647 55.5 1.2 0.9 2.8
2007.2192 -47.9165 -56.3066 68.3 1.2 0.9 2.7
2007.2219 -53.0087 -55.6402 60.4 1.2 0.9 2.8
2007.2247 -47.5483 -55.8624 60.4 1.2 0.9 2.6
2007.2274 -51.5976 -53.8633 53.5 1.4 0.9 2.8
2007.2301 -47.4256 -53.9744 56.8 1.2 0.9 2.6
2007.2356 -51.1068 -54.7518 64.4 1.3 0.9 2.7
2007.2411 -49.6957 -52.0864 61.8 1.2 0.9 2.7
2007.2438 -46.8735 -54.0854 54.3 1.2 0.9 2.7
2007.2466 -49.2049 -52.6417 52.5 1.2 0.9 2.7
2007.2493 -48.4686 -53.9744 64 1.3 0.9 2.7
2007.2521 -50.3092 -54.0854 54.9 1.3 0.9 2.7
2007.2548 -48.9595 -53.308 54.9 1.3 0.9 2.6
2007.2575 -48.8368 -54.5297 52.1 1.3 0.9 2.6
2007.2603 -46.2599 -54.5297 63.9 1.7 1.2 3.4
2007.2630 -49.4503 -50.8647 61.6 1.5 1.0 2.9
2007.2658 -53.0701 -53.6412 55.5 1.3 0.9 2.7
2007.2685 -52.5179 -54.1965 63.7 1.3 0.9 2.6
2007.2712 -50.1865 -52.0864 59.3 1.3 0.9 2.6
2007.2740 -51.843 -53.308 47.9 1.3 0.9 2.7
2007.2767 -53.8677 -52.1974 51.7 1.2 0.9 2.7
2007.2795 -52.2725 -51.9753 56 1.3 0.9 2.6
2007.2822 -50.1252 -52.4195 64.5 1.4 0.9 2.8
2007.2849 -48.1619 -52.3085 54.2 1.3 0.9 2.7
2007.2877 -50.3706 -53.308 61.7 1.3 0.9 2.7
2007.2904 -48.0392 -51.6421 59 1.3 0.9 2.7
2007.2932 -48.4073 -52.7527 51.6 1.2 0.9 2.6
2007.2959 -49.5116 -52.7527 58.2 1.3 0.9 2.7
2007.2986 -50.4319 -52.7527 48.5 1.2 0.9 2.6
2007.3014 -47.1189 -55.6402 54.4 1.2 0.9 2.6
2007.3041 -49.8184 -52.0864 55.3 1.3 0.9 2.7
2007.3068 -49.6343 -54.1965 61.1 1.3 0.9 2.8
2007.3096 -50.3706 -51.6421 63.2 1.3 0.9 2.7
2007.3123 -49.0822 -51.6421 55.3 1.3 0.9 2.6
2007.3151 -50.2479 -53.9744 51.8 1.2 0.9 2.6
2007.3178 -52.7633 -54.3075 59.4 1.3 0.9 2.7
2007.3205 -55.7083 -52.4195 66.2 1.3 0.9 2.6
2007.3233 -50.4319 -53.9744 59.8 1.3 0.9 2.7
2007.3260 -41.3517 -54.5297 52.5 1.3 0.9 2.7
2007.3288 -50.1252 -54.8628 52.1 1.3 0.9 2.7
2007.3315 -53.8677 -54.4186 54.6 1.3 0.9 2.7
2007.3342 -54.1744 -56.7508 42.5 1.3 0.9 2.7
2007.3370 -50.2479 -55.0849 56.8 1.3 0.9 2.8
2007.3397 -53.1928 -53.7522 58.8 1.3 0.9 2.7
2007.3425 -44.6034 -54.4186 47.6 1.3 0.9 2.7
2007.3452 -51.5363 -53.197 57.2 1.3 0.9 2.7
2007.3479 -53.0087 -53.6412 48.2 1.3 0.9 2.8
2007.3507 -53.745 -52.9748 55.3 1.3 0.9 2.7
2007.3534 -52.4566 -52.9748 53.1 1.3 0.9 2.7
2007.3562 -49.6343 -52.6417 59.5 1.4 0.9 2.9
2007.3589 -51.7203 -52.4195 64.4 1.4 0.9 2.9
2007.3616 -52.3339 -53.197 47.6 1.3 0.9 2.6
2007.3644 -53.1928 -54.0854 56 1.3 0.9 2.7
2007.3671 -52.8247 -54.5297 53 1.3 0.9 2.8
2007.3699 -52.7633 -54.0854 54.7 1.3 0.9 2.7
2007.3726 -52.702 -54.5297 64.2 1.3 0.9 2.7
2007.3753 -72.2121 -45.4229 70.7 3.7 2.0 5.8
2007.3781 -54.4199 -52.9748 49.4 1.3 0.9 2.8
2007.3808 -50.9841 -54.4186 54.4 1.3 0.9 2.8
2007.3836 -53.6223 -53.9744 66.3 1.3 0.9 2.7
2007.3863 -53.6223 -53.8633 57.4 1.3 0.9 2.7
2007.3890 -54.1131 -55.0849 58.6 1.3 0.9 2.7
2007.3918 -49.9411 -54.8628 48.9 1.4 0.9 2.9
2007.3945 -54.9107 -51.7532 50.4 1.5 1.1 3.2
2007.3973 -52.3339 -54.6407 60.1 1.4 0.9 2.7
2007.4000 -53.1928 -55.6402 53.6 1.3 0.9 2.8
2007.4027 -51.5363 -55.0849 61.1 1.3 0.9 2.7
2007.4055 -56.5058 -54.8628 56.3 1.3 0.9 2.7
2007.4082 -55.7083 -54.3075 59.3 1.5 1.1 3.3
2007.4110 -58.5918 -51.6421 60.2 1.4 0.9 2.8
2007.4137 -57.5488 -54.3075 60.8 1.4 1.0 2.8
2007.4164 -51.2909 -53.9744 61.8 1.3 0.9 2.7
2007.4192 -55.7696 -53.6412 59 1.3 0.9 2.7
2007.4219 -58.2851 -52.8638 56.8 1.3 0.9 2.7
2007.4247 -54.972 -53.5301 68.2 1.3 0.9 2.8
2007.4274 -55.831 -51.7532 68 2.5 2.0 5.1
2007.4301 -49.573 -55.8624 63.6 1.3 0.9 2.6
2007.4329 -55.9537 -54.9739 55.9 1.5 1.1 3.3
2007.4356 -53.8063 -55.6402 57.1 1.4 0.9 2.9
2007.4384 -51.1682 -57.1951 60.3 1.4 0.9 2.8
2007.4411 -55.2174 -53.8633 70.5 1.5 1.1 3.4
2007.4438 -53.4382 -57.3061 60.5 1.4 0.9 2.8
2007.4466 -54.9107 -55.7513 57.3 1.4 0.9 2.8
2007.4493 -54.8493 -55.196 49.6 1.4 0.9 2.7
2007.4521 -56.9353 -57.6393 49.1 1.4 0.9 2.9
2007.4548 -54.7266 -53.7522 52.8 1.4 0.9 2.8
2007.4575 -53.745 -56.1955 51.9 1.4 0.9 2.9
2007.4603 -52.0271 -56.5287 56.6 1.5 0.9 2.9
2007.4630 -54.6653 -57.7503 60.2 1.4 0.9 2.8
2007.4658 -52.0884 -57.3061 56.9 1.5 1.0 3.2
2007.4685 -53.929 -54.7518 57.6 1.4 0.9 2.9
2007.4712 -53.929 -56.0845 55.8 1.4 0.9 2.8
2007.4740 -55.0334 -57.7503 52.2 1.4 0.9 2.7
2007.4767 -50.8 -55.0849 64.8 1.5 1.0 3.1
2007.4795 -53.745 -56.4176 62.2 1.4 0.9 2.9
2007.4822 -52.7633 -56.6398 54.9 1.4 1.0 3.0
2007.4849 -50.9841 -58.6388 56.8 1.5 1.0 3.1
2007.4877 -54.4812 -56.9729 56.9 1.4 0.9 2.9
2007.4904 -58.4691 -57.4172 57.5 1.5 0.9 2.9
2007.4932 -49.6957 -57.084 54.1 1.3 0.9 2.7
2007.4959 -54.4199 -58.3056 57 1.3 0.9 2.7
2007.4986 -51.1068 -56.4176 53.3 1.3 0.9 2.7
2007.5014 -56.1377 -56.4176 64.1 1.6 1.0 3.2
2007.5041 -50.4933 -58.8609 59 1.3 0.9 2.6
2007.5068 -51.1068 -56.9729 64.3 1.3 0.9 2.7
2007.5096 -54.5426 -58.1946 61.9 1.3 0.9 2.7
2007.5123 -53.0701 -57.8614 56 1.3 0.9 2.7
2007.5151 -52.8247 -59.7494 58.2 1.3 0.9 2.7
2007.5178 -46.9962 -60.971 62.6 1.3 0.9 2.7
2007.5205 -53.3769 -58.7499 59.1 1.3 0.9 2.8
2007.5233 -47.5483 -56.9729 58.6 1.3 0.9 2.8
2007.5260 -54.2971 -58.3056 60.9 1.4 0.9 2.8
2007.5288 -52.7633 -61.1932 51.4 1.7 1.1 3.1
2007.5315 -48.3459 -57.3061 51.7 1.3 0.9 2.7
2007.5342 -57.4261 -56.9729 55.1 1.3 0.9 2.7
2007.5370 -53.4382 -58.972 59.1 1.3 0.9 2.7
2007.5397 -50.9841 -59.6383 61.9 1.3 0.9 2.8
2007.5425 -53.929 -57.7503 57 1.3 0.9 2.7
2007.5452 -51.3522 -57.8614 59.7 1.3 0.9 2.7
2007.5479 -49.3276 -58.3056 63.2 1.3 0.9 2.7
2007.5507 -52.7633 -57.084 62.1 1.6 1.0 2.9
2007.5534 -49.6957 -59.1941 58.4 1.3 0.9 2.7
2007.5562 -53.8677 -58.1946 56 1.3 0.9 2.7
2007.5589 -54.6039 -59.5273 65.5 1.3 0.9 2.7
2007.5616 -54.5426 -58.8609 61 1.3 0.9 2.7
2007.5644 -54.4199 -58.0835 55.9 1.3 0.9 2.7
2007.5671 -51.1682 -57.7503 57.9 1.3 0.9 2.7
2007.5699 -55.9537 -59.9715 57.1 1.3 0.9 2.8
2007.5726 -56.874 -59.5273 59.4 1.3 0.9 2.8
2007.5753 -53.3155 -60.3047 59.7 1.3 0.9 2.8
2007.5781 -54.1131 -60.7489 57.6 1.3 0.9 2.7
2007.5808 -52.5793 -60.6379 57.5 1.3 0.9 2.7
2007.5836 -56.6899 -60.3047 60.2 1.5 1.0 2.8
2007.5863 -55.4015 -59.5273 60.6 1.3 1.0 2.7
2007.5890 -55.1561 -58.6388 66 1.3 0.9 2.7
2007.5918 -56.015 -59.9715 62.2 1.3 0.9 2.7
2007.5945 -52.7633 -58.5278 65.1 1.3 0.9 2.7
2007.5973 -54.5426 -59.9715 64 1.3 0.9 2.8
2007.6000 -54.9107 -59.4162 64.5 1.3 0.9 2.8
2007.6027 -53.9904 -59.6383 59.1 1.3 0.9 2.7
2007.6055 -56.3218 -58.1946 62.9 1.3 0.9 2.6
2007.6082 -58.6532 -60.86 64.5 1.3 0.9 2.7
2007.6110 -49.0822 -58.5278 65.3 1.4 0.9 2.7
2007.6137 -53.1928 -59.4162 68 1.3 0.9 2.7
2007.6164 -53.2542 -60.4157 61.4 1.2 0.9 2.6
2007.6192 -53.0087 -60.86 58.7 1.4 1.0 2.9
2007.6219 -55.7083 -60.7489 74.5 1.4 1.0 2.9
2007.6247 -52.4566 -58.3056 72.8 1.4 1.0 2.9
2007.6274 -55.1561 -56.8619 70.9 1.3 0.9 2.8
2007.6301 -55.6469 -58.5278 65.6 1.3 1.0 2.8
2007.6329 -53.745 -53.9744 62.6 3.7 1.8 5.5
