1995.4521 0 0 0 2.0 1.6 4.4
1995.4548 4.01079 -2.99778 16.1 1.8 1.4 4.0
1995.4575 86.3376 -15.6551 35 2.2 1.4 4.3
1995.4603 0.73883 0.888231 18.5 1.7 1.3 3.9
1995.4630 3.74692 -1.77646 30.9 2.0 1.3 4.1
1995.4658 2.90255 -0.444115 28.1 1.8 1.3 3.8
1995.4685 -6.43838 -1.33235 19.1 4.2 2.1 6.6
1995.4712 -0.105548 -0.333086 25.4 1.6 1.2 3.4
1995.4740 0.844378 -2.66469 29.7 1.7 1.3 3.5
1995.4767 -0.052773 -3.66395 21.7 1.6 1.3 3.4
2003.4521 -135.998 78.6084 90.3 1.8 1.3 3.9
2003.4548 -137.159 80.1628 96.8 1.6 1.2 3.6
2003.7863 -157.687 83.1606 133.1 2.0 1.7 4.4
2003.7890 -160.959 85.2702 135.9 1.8 1.4 3.9
2003.7918 -152.568 92.487 139.4 1.9 1.3 3.9
2004.4000 -158.057 96.262 85.3 1.7 1.1 3.5
2004.4027 -163.704 100.037 108.7 1.6 1.1 3.5
2004.7945 -164.812 106.255 126.4 1.6 1.2 3.5
2004.7973 -163.493 108.142 138.5 1.5 1.1 3.3
2005.8082 -188.771 115.914 146.9 1.7 1.2 3.5
2005.8110 -197.373 111.14 148 1.6 1.1 3.4
2005.8137 -188.402 114.915 144.2 1.6 1.1 3.3
2005.8164 -190.196 116.802 142.6 1.6 1.2 3.3
2006.4932 -199.854 122.354 148.4 2.0 1.3 4.2
2006.5151 -204.023 121.688 147.7 2.0 1.2 4.2
2006.5178 -202.387 122.354 145.6 2.1 1.3 4.6
2007.6000 -229.037 127.239 178.6 1.6 1.1 3.4
2007.6027 -233.207 120.688 160.4 1.5 1.1 3.3
2007.6055 -227.507 123.131 166.3 1.7 1.2 3.7
2008.6521 -253.472 132.679 168.8 1.8 1.3 4.1
2008.6548 -250.463 129.016 158.5 1.7 1.2 3.8
2009.5123 -260.649 133.79 182.3 1.4 1.1 3.1
2009.5151 -259.171 133.013 175.3 1.4 1.1 3.0
2009.5178 -261.335 133.013 186.1 1.6 1.1 3.4
2010.7589 -284.239 133.457 182.6 1.5 1.1 3.1
2010.7616 -283.658 133.346 191.3 1.5 1.0 3.0
2010.7644 -285.452 134.9 183 1.7 1.2 3.5
2012.5205 -308.62 138.009 185.5 1.5 1.1 3.4
2012.5233 -311.259 138.453 192.4 1.9 1.2 3.7
2012.5260 -309.517 136.01 187.5 1.6 1.1 3.5
2013.7397 -335.218 137.787 230.4 1.5 1.1 3.2
2013.7425 -332.21 136.454 225.7 1.4 1.1 3.2
2013.7452 -332.685 137.676 222.5 1.5 1.1 3.3
2013.7479 -334.057 137.232 216.6 1.5 1.1 3.3
2013.7507 -342.078 137.676 234.7 2.3 1.5 5.1
2014.7781 -362.66 151.665 216.3 3.0 2.7 6.7
2015.5726 -367.99 139.119 250.9 1.7 1.1 3.7
2015.5753 -370.26 139.119 257.2 1.6 1.1 3.8
2015.5781 -370.207 138.786 255 1.7 1.1 3.7
2015.5808 -370.154 141.007 244.3 1.6 1.1 3.7
2015.5836 -358.227 138.453 244.7 2.8 1.5 5.7
2015.7863 -365.088 142.006 259.6 2.0 1.3 4.4
2015.7890 -369.837 136.121 249.5 1.5 1.1 3.4
2015.7918 -370.312 136.232 258.9 1.6 1.2 3.6
2016.4986 -380.023 139.119 243.2 1.6 1.1 3.9
2016.5014 -383.295 138.675 247.9 1.6 1.1 4.0
2016.5041 -380.181 139.119 247.3 1.6 1.1 3.9
2016.5068 -385.089 136.565 262.5 1.6 1.1 4.0
2016.5096 -381.289 139.896 264.4 1.6 1.1 4.0
2016.5123 -379.442 137.454 247.4 1.7 1.2 4.4
2017.6712 -395.907 138.786 278.7 1.6 1.1 3.6
2017.6740 -399.127 137.454 285.2 1.7 1.2 4.0
2018.4027 -415.698 130.57 273.3 1.5 1.1 3.6
2018.4055 -414.325 130.57 274.7 1.6 1.1 3.6
2019.6137 -443.72 133.79 290.6 1.5 1.1 3.6
2019.6164 -445.567 131.902 296.9 1.5 1.1 3.7
2019.6192 -444.881 131.791 277.2 1.5 1.1 3.6
2019.6219 -442.612 135.344 271.7 1.6 1.2 3.9
2020.5315 -462.983 140.451 286.1 2.0 1.4 4.9
2020.5342 -463.933 135.788 290.3 2.1 1.4 4.6
