2016.4274 0 0 0 1.2 0.8 2.5
2016.4301 -1.52825 0 1.5 1.2 0.8 2.4
2016.4329 0.573093 0.333202 3.2 1.3 0.9 2.8
2021.5178 95.1333 -473.59 170.4 1.9 1.3 3.5
2021.5205 93.5414 -475.478 163.5 2.0 1.6 3.8
2021.5233 106.531 -485.252 174.7 2.6 1.9 4.5
2021.5260 99.718 -472.368 160.7 2.0 1.4 3.4
2021.6438 110.861 -517.017 149.9 1.4 1.0 2.9
2021.6466 114.045 -521.016 148.5 1.4 1.0 2.8
2021.6466 101.246 -511.242 176.1 1.3 0.9 2.7
2021.6493 93.1593 -507.91 173.2 1.3 0.9 2.7
2021.6521 98.3808 -506.688 175.7 1.3 0.9 2.7
2021.6548 93.2867 -509.576 178.1 1.3 0.9 2.7
2021.6575 96.8526 -510.131 182.6 1.3 0.9 2.7
2021.6603 97.0436 -508.465 175.9 1.3 0.9 2.7
2021.6630 96.4705 -513.241 174.2 1.3 0.9 2.7
2021.6658 95.3243 -511.686 176 1.3 0.9 2.7
2021.6685 94.5602 -513.574 175 1.3 0.9 2.7
2021.6712 95.6427 -513.241 172.3 1.3 1.0 2.8
2021.6740 97.553 -513.13 173 1.4 1.0 2.9
2021.6767 95.2606 -514.574 171.6 1.5 1.0 2.9
2021.6795 94.4965 -511.575 174.3 1.4 1.0 2.7
2021.6822 92.7772 -511.797 175.7 1.3 0.9 2.7
2021.6849 93.2867 -511.686 179 1.3 0.9 2.7
2021.6877 92.9683 -512.353 176.8 1.3 0.9 2.7
2021.6904 96.6615 -517.017 180 1.3 0.9 2.7
2021.6932 90.3575 -516.018 181.7 1.3 0.9 2.7
2021.6959 95.197 -515.796 177.6 1.3 0.9 2.7
2021.6986 92.8409 -513.241 179.9 1.3 0.9 2.7
2021.7014 93.9234 -514.907 172.8 1.3 0.9 2.7
2021.7041 96.2158 -513.908 178.5 1.3 0.9 2.7
2021.7068 93.0319 -517.462 175.6 1.3 0.9 2.7
2021.7096 93.0319 -515.685 179.7 1.3 0.9 2.7
2021.7123 94.0508 -516.24 180.8 1.3 0.9 2.7
2021.7151 97.362 -517.906 183.3 1.3 0.9 2.7
2021.7178 93.9871 -517.351 171.4 1.3 0.9 2.7
2021.7205 90.8033 -514.796 176.4 1.3 0.9 2.7
2021.7233 94.8786 -518.461 181.9 1.3 0.9 2.7
2021.7260 93.7961 -520.016 179.5 1.3 0.9 2.7
2021.7288 97.0436 -517.906 181.6 1.3 0.9 2.7
2021.7315 94.2418 -516.462 181 1.3 1.0 2.9
2021.7342 97.9987 -518.683 178.1 1.3 0.9 2.7
2021.7370 96.4705 -520.238 172.7 1.3 0.9 2.7
2021.7397 101.501 -520.349 177.2 1.3 0.9 2.7
2021.7425 98.0624 -518.906 181.5 1.3 0.9 2.7
2021.7452 95.7701 -520.349 181.7 1.3 0.9 2.7
2021.7479 98.5082 -519.794 179.1 1.3 0.9 2.7
2021.7507 100.992 -522.126 186.4 1.3 0.9 2.7
2021.7534 93.3503 -519.905 172.5 1.2 0.9 2.7
2021.7562 98.0624 -515.351 178.6 1.2 0.9 2.7
2021.7589 100.801 -521.682 183.2 1.3 0.9 2.7
2021.7616 99.909 -518.683 179.4 1.3 0.9 2.7
2021.7644 102.01 -523.459 183 1.3 0.9 2.7
2021.7671 94.1145 -518.906 180.6 1.3 0.9 2.7
2021.7699 95.1333 -518.794 178.4 1.2 0.9 2.7
2021.7726 99.336 -522.015 175.3 1.3 0.9 2.7
2021.7753 101.055 -521.016 179 1.3 0.9 2.7
2021.7781 97.2983 -519.905 175.6 1.3 0.9 2.7
2021.7808 103.666 -518.683 173.4 1.3 0.9 2.6
2021.7836 100.928 -522.682 178.4 1.2 0.9 2.6
2021.7863 100.1 -520.905 176.7 1.3 0.9 2.7
2021.7890 97.9351 -523.459 170.2 1.3 0.9 2.7
2021.7918 99.2086 -526.014 186.9 1.3 0.9 2.7
2021.7945 99.2086 -521.904 177.1 1.3 0.9 2.7
2021.7973 95.4517 -525.347 178 1.3 0.9 2.7
2021.8000 97.2346 -524.459 175.6 1.3 0.9 2.7
2021.8027 101.183 -525.903 170.5 1.3 1.0 2.8
2021.8055 100.609 -523.126 168.4 1.3 1.0 2.8
2021.8082 100.036 -522.238 173.2 1.3 0.9 2.7
2021.8110 97.8077 -524.348 175.6 1.3 0.9 2.7
2021.8137 100.864 -525.792 181.6 1.3 1.0 2.8
2021.8164 98.1898 -526.791 174.2 1.3 0.9 2.7
2021.8192 97.9351 -525.681 172.9 1.3 0.9 2.7
2021.8219 98.9539 -524.126 175.3 1.3 0.9 2.8
2021.8247 97.2983 -523.57 169.5 1.3 0.9 2.8
2021.8274 97.1073 -526.68 174.2 1.3 0.9 2.8
2021.8301 97.0436 -524.015 175.6 1.3 0.9 2.8
2021.8329 103.475 -527.569 179.3 1.3 0.9 2.9
2021.8356 98.8902 -528.457 176.8 1.3 0.9 2.8
2021.8384 100.609 -524.903 173.6 1.3 0.9 2.9
2021.8411 96.1521 -526.569 168.6 1.3 0.9 2.8
2021.8438 97.8714 -529.568 174.4 1.4 0.9 2.8
2021.8466 99.9727 -529.346 177.3 1.3 0.9 2.8
2021.8493 102.01 -528.235 172.3 1.3 0.9 2.8
2021.8521 99.5907 -531.123 174.7 1.3 0.9 2.9
2021.8548 99.1449 -528.791 169.1 1.3 0.9 2.8
2021.8575 99.9727 -529.346 172.8 1.3 0.9 2.7
2021.8603 95.9611 -527.902 170.1 1.3 0.9 2.7
2021.8630 96.9162 -528.679 173.1 1.3 0.9 2.7
2021.8658 93.414 -529.124 172.3 1.3 1.0 2.8
2021.8685 95.0059 -529.679 184.2 1.4 1.0 2.9
2021.8712 100.801 -528.679 173.1 1.4 1.0 2.9
2021.8740 97.6167 -529.457 171.8 1.3 1.0 2.8
2021.8767 99.6543 -529.901 172.1 1.3 1.0 2.8
2021.8795 100.673 -528.791 176.8 1.3 0.9 2.7
2021.8822 97.553 -531.9 175.3 1.3 1.0 2.7
2021.8849 99.5907 -530.123 172.9 1.3 1.0 2.8
2021.8877 99.2723 -530.012 173.2 1.3 1.0 2.8
2021.8904 101.692 -531.234 169.9 1.3 1.0 2.7
2021.8932 98.4445 -529.457 174.8 1.2 1.0 2.7
2021.8959 98.5082 -528.568 174.8 1.3 1.0 2.7
2021.8986 98.1898 -529.679 169 1.3 1.0 2.8
2021.9014 106.34 -531.678 178.1 1.3 1.0 2.7
2021.9041 99.4633 -530.345 173.5 1.2 1.0 2.7
2021.9068 98.1898 -530.345 175.6 1.2 1.0 2.7
2021.9096 100.227 -531.456 176.6 1.2 1.0 2.7
2021.9123 98.6992 -531.123 174.5 1.3 1.0 2.7
2021.9151 101.883 -532.123 169.2 1.3 1.0 2.8
2021.9178 107.041 -530.679 167.1 1.2 1.0 2.7
2021.9205 102.902 -531.012 176.1 1.3 1.0 2.8
2021.9233 99.2723 -531.9 184.6 1.3 1.0 2.9
2021.9260 96.7889 -532.678 173.6 1.3 1.0 2.8
2021.9288 104.812 -530.79 174.9 1.3 1.0 2.8
2021.9315 106.34 -532.678 172.6 1.3 1.0 2.8
2021.9342 107.232 -531.567 173.1 1.3 1.0 2.9
2021.9370 101.692 -531.345 176.3 1.3 1.0 2.9
2021.9397 99.9727 -531.9 171.5 1.3 1.0 2.8
2021.9425 97.4893 -534.122 170.3 1.4 1.0 3.0
2021.9452 104.94 -533.455 173.3 1.3 1.0 2.8
2021.9479 103.475 -532.123 174.6 1.3 1.0 2.8
2021.9507 101.31 -532.678 182.6 1.3 1.0 2.8
2021.9534 99.9727 -533.677 178.9 1.3 0.9 2.8
2021.9562 98.6992 -532.234 168.9 1.3 1.0 2.9
2021.9589 97.6167 -530.679 166.4 1.3 1.0 2.9
2021.9616 100.418 -534.566 184.4 1.3 1.0 2.9
2021.9644 104.685 -533.9 176.1 1.3 1.0 2.9
2021.9671 103.475 -532.123 178.8 1.3 1.0 2.9
2021.9699 112.772 -532.678 173.5 1.3 1.0 2.9
2021.9726 102.775 -532.9 175.9 1.3 1.0 2.9
2021.9753 101.628 -530.901 174.7 1.3 1.0 2.9
2021.9781 91.8221 -534.011 174.3 1.3 1.0 2.9
2021.9808 95.8974 -531.9 177.7 1.3 1.0 2.8
2021.9836 98.5082 -534.344 166.8 1.3 1.0 2.9
2021.9863 107.359 -528.791 171.8 1.3 1.0 2.9
2021.9890 114.236 -532.9 169.7 1.3 1.0 2.8
2021.9918 113.663 -530.79 172.7 1.2 0.9 2.8
2021.9945 99.0812 -532.9 172.2 1.2 0.9 2.8
2021.9973 105.831 -532.678 175.8 1.2 0.9 2.8
2022.0000 97.4893 -534.344 173.2 1.2 0.9 2.8
2022.0027 110.161 -536.565 172.5 1.2 0.9 2.8
2022.0055 106.404 -535.566 175.5 1.2 0.9 2.8
2022.0082 100.546 -537.343 172.7 1.2 0.9 2.7
2022.0110 99.8454 -536.454 171.2 1.2 0.9 2.7
2022.0137 99.2086 -534.899 172.5 1.2 0.9 2.7
2022.0164 102.01 -534.344 174.3 1.2 0.9 2.8
2022.0192 99.9727 -536.676 171.2 1.2 0.9 2.7
2022.0219 100.1 -535.566 177.2 1.2 0.9 2.7
2022.0247 99.5907 -534.677 175.9 1.3 1.0 3.0
2022.0274 102.775 -537.676 177.2 1.2 0.9 2.7
2022.0301 99.7817 -535.232 169.9 1.2 0.9 2.8
2022.0329 101.819 -535.343 168.5 1.2 0.9 2.8
2022.0356 98.1261 -538.453 176 1.2 0.9 2.8
2022.0384 100.546 -535.899 171.3 1.2 0.9 2.7
2022.0411 104.366 -536.343 175.3 1.2 0.9 2.8
2022.0438 100.801 -536.898 175.5 1.2 0.9 2.8
2022.0466 100.418 -538.453 171.4 1.2 0.9 2.8
2022.0493 95.2606 -538.564 178 1.2 0.9 2.8
2022.0521 97.4893 -539.564 180.9 1.2 0.9 2.7
2022.0548 97.553 -541.008 176.6 1.2 0.9 2.8
2022.0575 100.291 -538.675 167.6 1.2 0.9 2.8
2022.0603 100.227 -538.231 174.7 1.3 0.9 2.8
2022.0630 100.418 -539.231 178.9 1.2 0.9 2.8
2022.0658 99.2086 -539.453 176.7 1.3 0.9 2.8
2022.0685 95.6427 -539.342 181 1.3 0.9 2.8
2022.0712 98.0624 -536.01 170.5 1.3 0.9 2.8
2022.0740 100.291 -537.676 169.6 1.2 0.9 2.7
2022.0767 100.036 -540.119 174.4 1.2 0.9 2.7
2022.0795 96.5979 -540.453 180.2 1.2 0.9 2.7
2022.0822 97.8714 -542.785 183.1 1.2 0.9 2.7
2022.0849 98.1898 -541.341 171.2 1.2 0.9 2.7
2022.0877 101.756 -539.897 168.1 1.2 0.9 2.7
2022.0904 101.819 -542.452 179.1 1.2 0.9 2.7
2022.0932 97.8077 -540.564 173.8 1.2 0.9 2.7
2022.0959 98.3171 -541.23 173.5 1.2 0.9 2.7
2022.0986 97.4893 -540.342 171.1 1.2 0.9 2.7
2022.1014 100.546 -541.785 170.5 1.3 1.0 2.8
2022.1041 100.737 -540.564 169.3 1.3 1.0 2.8
2022.1068 98.9539 -540.23 174.3 1.3 0.9 2.8
2022.1096 98.0624 -541.452 170.4 1.3 0.9 2.7
2022.1123 101.756 -541.896 175.1 1.2 0.9 2.7
2022.1151 99.6543 -543.562 173.3 1.3 0.9 2.7
2022.1178 103.73 -537.898 174.8 1.3 0.9 2.7
2022.1205 99.909 -540.897 181.3 1.3 0.9 2.7
2022.1233 105.258 -540.342 175.6 1.3 0.9 2.7
2022.1260 103.22 -538.898 170 1.3 0.9 2.7
2022.1288 100.609 -538.009 173.8 1.3 0.9 2.7
2022.1315 101.565 -541.452 177.2 1.3 0.9 2.7
2022.1342 106.277 -541.452 175 1.3 0.9 2.7
2022.1370 101.565 -540.564 177.3 1.3 0.9 2.7
2022.1397 103.73 -540.342 180.4 1.3 0.9 2.7
2022.1425 94.5602 -542.563 176.7 1.3 0.9 2.7
2022.1452 95.9611 -541.008 178.4 1.3 0.9 2.7
2022.1479 96.3431 -542.008 174 1.3 0.9 2.7
2022.1507 98.1261 -543.674 170 1.5 0.9 2.9
2022.1534 100.737 -542.563 167.9 1.5 0.9 2.9
2022.1562 102.329 -544.34 172.6 1.3 0.9 2.7
2022.1589 99.527 -541.896 175.2 1.3 0.9 2.7
2022.1616 98.1898 -541.674 178.3 1.3 0.9 2.7
2022.1644 101.246 -541.674 178.3 1.3 0.9 2.7
2022.1671 99.6543 -544.118 178.5 1.3 0.9 2.7
2022.1699 102.265 -542.896 184.1 1.3 0.9 2.7
2022.1726 103.857 -540.564 180 1.3 0.9 2.7
2022.1753 97.1073 -540.342 173.1 1.3 0.9 2.7
2022.1781 101.183 -540.897 176.6 1.3 0.9 2.7
2022.1808 102.265 -542.008 168.3 1.3 0.9 2.7
2022.1836 102.838 -544.784 175.6 1.3 0.9 2.7
2022.1863 99.527 -544.673 172.5 1.3 0.9 2.7
2022.1890 98.5718 -542.563 166.7 1.4 0.9 2.8
2022.1918 101.819 -543.007 169.6 1.4 0.9 2.8
2022.1945 104.366 -543.34 170.3 1.3 0.9 2.7
2022.1973 100.801 -542.674 175.6 1.3 0.9 2.8
2022.2000 98.8902 -542.563 176.6 1.3 0.9 2.7
2022.2027 98.5718 -543.118 172.8 1.3 0.9 2.7
2022.2055 103.22 -544.673 171.3 1.3 0.9 2.7
2022.2082 104.494 -544.34 172.1 1.4 0.9 2.8
2022.2110 105.576 -545.117 177.5 1.4 0.9 2.9
2022.2137 102.138 -545.006 178.6 1.3 0.9 2.7
2022.2164 104.621 -544.229 168.7 1.3 0.9 2.7
2022.2192 103.539 -542.341 176.9 1.3 0.9 2.7
2022.2219 104.239 -543.562 173 1.3 0.9 2.7
2022.2247 105.003 -545.451 169 1.3 0.9 2.7
2022.2274 104.812 -544.34 176.3 1.3 1.0 2.8
2022.2301 104.175 -543.451 177.6 1.3 1.0 2.8
2022.2329 104.621 -544.229 177.4 1.3 0.9 2.7
2022.2356 100.355 -546.894 168.1 1.3 0.9 2.7
2022.2384 102.583 -546.228 168.3 1.3 0.9 2.7
2022.2411 101.756 -546.894 170 1.3 0.9 2.7
2022.2438 102.52 -546.894 171.3 1.3 0.9 2.7
2022.2466 102.583 -546.894 172.3 1.3 0.9 2.7
2022.2493 102.329 -547.228 169.6 1.3 0.9 2.7
2022.2521 97.6167 -546.783 174.9 1.3 0.9 2.7
2022.2548 100.291 -547.894 170.7 1.3 0.9 2.7
2022.2575 105.194 -546.783 170.6 1.3 0.9 2.7
2022.2603 99.7817 -547.561 165.8 1.3 0.9 2.7
2022.2630 102.456 -547.783 171.7 1.3 0.9 2.7
2022.2658 100.291 -548.005 170.9 1.3 0.9 2.7
2022.2685 102.52 -549.56 169.8 1.3 0.9 2.8
2022.2712 100.546 -546.117 173.6 1.3 0.9 2.7
2022.2740 99.336 -549.227 174.9 1.3 0.9 2.7
2022.2767 103.348 -547.894 159.7 1.3 1.0 2.8
2022.2795 98.6992 -550.449 169.6 1.3 0.9 2.7
2022.2822 102.138 -547.672 165.3 1.3 0.9 2.7
2022.2849 100.482 -549.116 167 1.3 0.9 2.7
2022.2877 101.565 -548.894 175.1 1.3 0.9 2.8
2022.2904 99.7817 -549.449 176.2 1.3 0.9 2.8
2022.2932 101.246 -549.227 173 1.3 0.9 2.7
2022.2959 98.6355 -550.782 175.1 1.3 0.9 2.7
2022.2986 99.2723 -550.226 169.2 1.3 0.9 2.7
2022.3014 100.928 -551.67 169.2 1.3 0.9 2.7
2022.3041 98.2534 -552.781 175 1.3 0.9 2.8
2022.3068 96.9162 -553.336 171.9 1.3 0.9 2.8
2022.3096 99.7817 -547.894 165.6 1.3 0.9 2.7
2022.3123 98.6355 -551.67 172.1 1.3 0.9 2.7
2022.3151 101.883 -549.005 176.4 1.3 0.9 2.7
2022.3178 102.583 -552.559 173.2 1.3 0.9 2.7
2022.3205 99.3996 -553.003 177.9 1.3 1.0 2.9
2022.3233 98.6355 -551.559 173.3 1.3 1.0 2.9
2022.3260 97.8077 -550.338 176.1 1.2 0.9 2.7
2022.3288 101.819 -551.115 175.1 1.2 0.9 2.7
2022.3315 102.265 -552.337 174.6 1.2 0.9 2.7
2022.3342 100.609 -553.67 165.3 1.3 0.9 2.7
2022.3370 100.737 -553.447 168 1.3 1.0 2.8
2022.3397 101.246 -552.781 177.1 1.3 0.9 2.8
2022.3425 100.609 -553.336 173.2 1.2 0.9 2.7
2022.3452 100.801 -553.114 175.8 1.2 0.9 2.7
2022.3479 99.3996 -554.78 172.9 1.2 0.9 2.7
2022.3507 98.7629 -552.559 175.8 1.2 0.9 2.7
2022.3534 99.527 -553.892 179.2 1.2 0.9 2.7
2022.3562 98.0624 -551.226 178.2 1.2 0.9 2.7
2022.3589 99.2086 -551.67 180.9 1.2 0.9 2.7
2022.3616 99.718 -554.114 176 1.2 0.9 2.7
2022.3644 98.8265 -555.669 186.8 1.2 0.9 2.7
2022.3671 96.0884 -553.892 177.8 1.2 0.9 2.7
2022.3699 98.1261 -553.447 171.9 1.2 0.9 2.7
2022.3726 98.3808 -555.224 176.9 1.2 0.9 2.7
2022.3753 101.437 -554.225 175.2 1.2 0.9 2.7
2022.3781 101.565 -558.779 176.9 1.2 0.9 2.7
2022.3808 99.2086 -559.001 166.6 1.2 0.9 2.7
2022.3836 96.1521 -557.224 171.5 1.2 0.9 2.7
2022.3863 100.355 -556.335 173.2 1.2 0.9 2.7
2022.3890 100.482 -555.78 172.5 1.2 0.9 2.7
2022.3918 102.201 -556.891 170.9 1.2 0.9 2.7
2022.3945 99.0176 -558.223 167.1 1.2 0.9 2.7
2022.3973 98.6992 -556.557 169.1 1.2 0.9 2.7
2022.4000 99.2723 -556.113 172.7 1.2 0.9 2.8
2022.4027 98.0624 -558.557 175.7 1.2 0.9 2.8
2022.4055 100.673 -558.112 175.8 1.2 0.9 2.7
2022.4082 98.5718 -559.667 175.2 1.2 0.9 2.7
2022.4110 100.482 -558.445 177 1.2 0.9 2.8
2022.4137 101.756 -559.334 184 1.2 0.9 2.8
2022.4164 101.692 -559.556 174.8 1.2 0.9 2.7
2022.4192 103.539 -558.001 172.5 1.2 0.9 2.8
2022.4219 98.9539 -559.001 177.8 1.2 0.9 2.8
2022.4247 99.1449 -559.445 172.5 1.2 0.9 2.7
2022.4274 103.411 -558.112 171.8 1.2 0.9 2.7
2022.4301 99.527 -558.779 174.1 1.2 0.9 2.7
2022.4329 99.336 -557.224 177.7 1.2 0.9 2.7
2022.4356 96.4705 -561.444 177.1 1.2 0.9 2.7
2022.4384 101.819 -558.334 176.2 1.2 0.9 2.7
2022.4411 99.527 -559.778 178.6 1.2 0.9 2.7
2022.4438 99.7817 -556.113 172 1.2 0.9 2.7
2022.4466 103.029 -559.556 176.6 1.2 0.9 2.7
2022.4493 103.029 -559.001 173.4 1.2 0.9 2.7
2022.4521 103.348 -559.112 181.6 1.2 0.9 2.7
2022.4548 99.2086 -560.111 182.2 1.2 0.9 2.6
2022.4575 97.4257 -559.778 175.7 1.2 0.9 2.7
2022.4603 103.73 -557.224 165.3 1.2 0.9 2.7
2022.4630 100.036 -559.667 173.7 1.2 0.9 2.7
2022.4658 99.5907 -557.557 167.3 1.2 0.9 2.7
2022.4685 100.227 -559.445 175.5 1.2 0.9 2.6
2022.4712 100.291 -559.667 179.2 1.2 0.9 2.7
2022.4740 100.801 -559.445 178 1.2 0.9 2.7
2022.4767 98.8902 -558.445 182.5 1.2 0.9 2.7
2022.4795 101.31 -559.556 171.2 1.3 0.9 2.8
2022.4822 102.201 -561.889 178.1 1.2 0.9 2.7
2022.4849 105.895 -566.553 168.1 1.2 0.9 2.7
2022.4877 99.527 -559.334 178.1 1.2 0.9 2.7
2022.4904 101.501 -560.667 178.4 1.2 0.9 2.7
2022.4932 100.418 -561.777 169.3 1.2 0.9 2.7
2022.4959 103.093 -560.223 171.2 1.2 0.9 2.7
2022.4986 103.22 -562.444 167.1 1.2 0.9 2.7
2022.5014 100.291 -564.554 175 1.2 0.9 2.7
2022.5041 99.2086 -560.334 177.3 1.2 0.9 2.7
2022.5068 94.8149 -559.889 174.1 1.3 0.9 2.9
2022.5096 96.6615 -561.111 174.4 1.3 0.9 2.9
2022.5123 98.1261 -565.109 173.1 1.3 0.9 2.8
2022.5151 100.355 -563.666 165.8 1.2 0.9 2.7
2022.5178 97.362 -563.11 184.9 1.2 0.9 2.7
2022.5205 99.6543 -559.556 170.8 1.2 0.9 2.7
2022.5233 100.482 -559.778 174.1 1.2 0.9 2.7
2022.5260 99.718 -558.779 172 1.2 0.9 2.7
2022.5288 100.992 -562.999 179.5 1.2 0.9 2.7
2022.5315 103.666 -562.666 170 1.2 0.9 2.7
2022.5342 100.992 -561.889 166.7 1.3 0.9 2.7
2022.5370 102.966 -560.889 165.5 1.2 0.9 2.7
2022.5397 105.895 -559.556 165.3 1.2 0.9 2.7
2022.5425 107.741 -560.667 165.7 1.2 0.9 2.7
2022.5452 102.52 -564.11 171.3 1.2 0.9 2.7
2022.5479 102.711 -564.998 174.8 1.2 0.9 2.7
2022.5507 105.258 -564.776 164.8 1.2 0.9 2.7
2022.5534 103.284 -564.332 166.5 1.2 0.9 2.7
2022.5562 102.583 -565.221 173.5 1.2 0.9 2.7
2022.5589 107.932 -566.553 173 1.2 0.9 2.7
2022.5616 98.5718 -564.887 167.3 1.2 0.9 2.7
2022.5644 109.524 -569.441 162.4 1.2 0.9 2.7
2022.5671 107.423 -565.109 174.9 1.2 0.9 2.7
2022.5699 99.4633 -567.331 172.6 1.2 0.9 2.7
2022.5726 99.3996 -564.332 175.4 1.2 0.9 2.7
2022.5753 101.437 -564.221 164.8 1.2 0.9 2.7
2022.5781 99.7817 -565.109 167.2 1.2 0.9 2.7
2022.5808 108.314 -564.887 174 1.2 0.9 2.7
2022.5836 107.614 -563.443 159.7 1.3 0.9 2.7
2022.5863 98.6992 -564.443 170.6 1.3 1.0 2.8
2022.5890 108.378 -567.997 169.6 1.3 1.0 2.7
2022.5918 102.329 -567.664 173.9 1.3 0.9 2.7
2022.5945 96.5979 -566.109 168.7 1.3 0.9 2.7
2022.5973 99.0176 -563.332 172.5 1.3 0.9 2.7
2022.6000 96.9799 -567.109 172.5 1.3 0.9 2.7
2022.6027 100.355 -562.777 176.7 1.3 0.9 2.7
2022.6055 103.857 -570.441 171.4 1.3 0.9 2.7
2022.6082 106.086 -569.663 167.1 1.3 0.9 2.7
2022.6110 101.819 -564.221 160.2 1.4 1.0 2.7
2022.6137 95.0696 -566.553 172.4 1.4 1.0 2.7
2022.6164 96.5342 -565.665 181.9 1.3 0.9 2.7
2022.6192 102.775 -569.219 175.6 1.3 0.9 2.7
2022.6219 99.8454 -566.22 177.2 1.3 0.9 2.7
2022.6247 101.947 -568.775 171.2 1.3 0.9 2.7
2022.6274 106.086 -568.997 171.1 1.3 0.9 2.7
2022.6301 101.819 -566.22 174.3 1.3 0.9 2.7
2022.6329 95.8974 -569.552 167.3 1.3 0.9 2.7
2022.6356 97.744 -566.887 167.6 1.3 0.9 2.7
2022.6384 101.501 -569.108 170.8 1.3 0.9 2.7
2022.6411 100.737 -568.553 170 1.3 0.9 2.7
2022.6438 102.647 -568.219 171.4 1.5 1.0 3.0
2022.6466 104.175 -567.775 170 1.5 1.0 3.0
2022.6493 101.246 -567.553 177 1.3 1.0 2.7
2022.6521 100.036 -566.109 170.6 1.3 1.0 2.7
2022.6548 106.914 -567.997 172.9 1.3 1.0 2.7
2022.6575 98.4445 -568.108 176.6 1.3 1.0 2.7
2022.6603 96.5979 -564.11 169.5 1.3 0.9 2.7
2022.6630 105.003 -567.775 180.8 1.3 0.9 2.6
2022.6658 98.5718 -569.441 177.2 1.3 0.9 2.6
2022.6685 101.756 -570.552 175.9 1.3 0.9 2.6
2022.6712 99.9727 -569.33 171 1.3 0.9 2.7
2022.6740 99.8454 -569.996 172.1 1.3 0.9 2.7
2022.6767 99.9727 -571.218 170.9 1.3 0.9 2.7
2022.6795 101.565 -569.663 172.9 1.3 0.9 2.7
2022.6822 99.527 -568.997 173.1 1.3 0.9 2.7
2022.6849 100.546 -570.774 170.5 1.3 0.9 2.6
2022.6877 105.449 -568.33 174 1.3 0.9 2.7
2022.6904 103.157 -567.109 172.1 1.3 0.9 2.6
2022.6932 104.685 -569.108 176 1.3 0.9 2.6
2022.6959 100.673 -571.885 169.5 1.3 0.9 2.7
2022.6986 103.602 -568.997 172.7 1.3 0.9 2.6
2022.7014 100.546 -570.107 178.2 1.3 0.9 2.7
2022.7041 97.553 -570.219 181.8 1.3 0.9 2.7
2022.7068 107.105 -569.774 170.7 1.3 0.9 2.7
2022.7096 112.644 -568.553 182.9 1.3 0.9 2.6
2022.7123 106.914 -569.663 177.1 1.3 0.9 2.7
2022.7151 108.123 -573.662 178.7 1.3 0.9 2.7
2022.7178 101.119 -571.662 172.2 1.2 0.9 2.6
2022.7205 105.194 -571.107 170.9 1.3 0.9 2.6
2022.7233 98.6355 -572.773 175.1 1.3 0.9 2.6
2022.7260 98.3171 -566.887 166 1.3 0.9 2.7
2022.7288 99.527 -567.886 172 1.3 0.9 2.7
2022.7315 102.583 -569.552 170.4 1.3 0.9 2.7
2022.7342 104.494 -569.219 171.6 1.3 0.9 2.6
2022.7370 100.673 -572.551 172.6 1.2 0.9 2.6
2022.7397 103.157 -574.772 167.6 1.2 0.9 2.6
2022.7425 101.183 -573.106 163 1.3 0.9 2.7
2022.7452 97.9987 -573.44 172 1.3 1.0 2.8
2022.7479 104.557 -571.885 170.3 1.3 0.9 2.7
2022.7507 103.73 -572.773 172.5 1.3 0.9 2.6
2022.7534 106.022 -572.995 169.6 1.3 0.9 2.6
2022.7562 104.366 -571.662 172.7 1.3 0.9 2.6
2022.7589 100.355 -571.773 164.7 1.3 0.9 2.6
2022.7616 102.647 -570.33 166.7 1.3 0.9 2.7
2022.7644 103.475 -573.217 172.6 1.4 0.9 2.8
2022.7671 101.374 -574.328 178.9 1.4 0.9 2.8
2022.7699 97.4257 -572.662 164.8 1.3 0.9 2.6
2022.7726 99.336 -573.662 167.6 1.3 0.9 2.7
2022.7753 104.94 -568.886 172.4 1.3 0.9 2.6
2022.7781 99.909 -572.551 171.4 1.3 0.9 2.7
2022.7808 101.437 -573.44 176.8 1.4 0.9 2.8
2022.7836 101.565 -575.328 171.6 1.4 1.0 2.8
2022.7863 96.2158 -576.327 173.5 1.3 0.9 2.8
2022.7890 95.197 -573.551 166.3 1.3 0.9 2.7
2022.7918 99.0176 -574.439 165.8 1.3 0.9 2.7
2022.7945 97.1073 -574.439 170.5 1.3 0.9 2.7
2022.7973 97.1709 -574.217 170.4 1.4 1.0 2.9
2022.8000 100.418 -575.55 172.7 1.5 1.0 3.0
2022.8027 97.4893 -573.217 171.3 1.3 0.9 2.8
2022.8055 94.9423 -574.994 166.2 1.3 1.0 2.7
2022.8082 94.5602 -575.328 167 1.3 0.9 2.7
2022.8110 97.6167 -578.549 174.6 1.3 0.9 2.7
2022.8137 101.183 -575.439 176.4 1.3 0.9 2.7
2022.8164 104.494 -575.55 176.5 1.3 0.9 2.7
2022.8192 95.5153 -575.55 172.6 1.4 1.0 2.8
2022.8219 89.9118 -578.326 181.2 1.4 1.0 2.8
2022.8247 103.666 -577.438 174.1 1.3 0.9 2.7
2022.8274 98.3171 -578.66 173 1.3 0.9 2.7
2022.8301 96.5979 -576.549 177.7 1.3 0.9 2.7
2022.8329 100.928 -576.66 177.5 1.3 0.9 2.7
2022.8356 100.737 -577.438 170.4 1.3 0.9 2.7
2022.8384 103.602 -569.441 172.6 1.3 0.9 2.8
2022.8411 101.692 -577.882 174.4 1.4 1.0 2.9
2022.8438 102.456 -580.437 177.4 1.4 1.0 2.8
2022.8466 106.277 -576.66 176.8 1.3 0.9 2.7
2022.8493 95.7701 -576.66 177 1.3 0.9 2.7
2022.8521 100.737 -574.994 174.3 1.3 0.9 2.7
2022.8548 96.4068 -579.77 170 1.3 0.9 2.7
2022.8575 105.322 -580.77 174 1.3 0.9 2.7
2022.8603 101.501 -577.216 179.5 1.3 1.0 2.7
2022.8630 103.475 -578.438 169.7 1.3 0.9 2.7
2022.8658 106.277 -575.772 168.3 1.3 0.9 2.6
2022.8685 102.902 -574.772 172.6 1.3 0.9 2.7
2022.8712 99.336 -576.66 170.2 1.3 0.9 2.7
2022.8740 97.9987 -574.106 177.8 1.3 0.9 2.7
2022.8767 91.3127 -579.104 171 1.3 0.9 2.7
2022.8795 98.5718 -575.883 167.1 1.3 0.9 2.7
2022.8822 96.9162 -576.883 171.1 1.3 0.9 2.7
2022.8849 95.2606 -577.993 171.5 1.3 0.9 2.7
2022.8877 96.2158 -580.104 168.9 1.3 0.9 2.7
2022.8904 98.9539 -577.549 172.3 1.3 0.9 2.7
2022.8932 100.1 -578.771 177.1 1.3 0.9 2.7
2022.8959 102.966 -577.771 166.8 1.3 0.9 2.7
2022.8986 99.0176 -576.772 174.6 1.3 0.9 2.7
2022.9014 99.336 -576.327 169.8 1.3 1.0 2.8
2022.9041 100.801 -576.438 174.8 1.3 1.0 2.8
2022.9068 96.7889 -577.882 173.6 1.3 0.9 2.7
2022.9096 100.801 -574.55 169.2 1.3 0.9 2.8
2022.9123 97.0436 -577.771 173.2 1.3 0.9 2.7
2022.9151 103.984 -573.995 175.8 1.3 0.9 2.7
2022.9178 101.501 -578.104 180.6 1.3 0.9 2.7
2022.9205 101.437 -581.547 182.7 1.3 0.9 2.7
2022.9233 96.6615 -580.659 180 1.3 0.9 2.7
2022.9260 97.8714 -579.437 181.2 1.3 0.9 2.6
2022.9288 104.621 -578.104 177.1 1.3 0.9 2.6
2022.9315 104.175 -578.66 182.8 1.3 0.9 2.7
2022.9342 106.022 -581.436 181.6 1.2 0.9 2.6
2022.9370 97.2346 -581.547 181.4 1.3 0.9 2.7
2022.9397 98.8265 -581.325 175.8 1.2 0.9 2.7
2022.9425 98.1898 -580.659 179.4 1.3 0.9 2.6
2022.9452 101.819 -582.436 171.1 1.3 0.9 2.6
2022.9479 103.093 -580.437 173.5 1.2 0.9 2.6
2022.9507 100.864 -580.437 171.8 1.2 0.9 2.7
2022.9534 99.0176 -581.214 166.8 1.2 0.9 2.7
2022.9562 100.355 -580.77 178.1 1.3 0.9 2.6
2022.9589 100.673 -580.659 175.8 1.2 0.9 2.6
2022.9616 99.9727 -578.326 171.3 1.2 0.9 2.6
2022.9644 99.527 -581.992 173.5 1.2 0.9 2.6
2022.9671 95.3243 -581.325 176.2 1.2 0.9 2.7
2022.9699 98.8902 -580.326 174 1.3 0.9 2.7
2022.9726 98.0624 -581.547 175.7 1.3 0.9 2.7
2022.9753 91.6947 -583.324 176.3 1.2 0.9 2.6
2022.9781 98.1261 -579.548 172.2 1.2 0.9 2.6
2022.9808 96.7252 -581.325 171.4 1.2 0.9 2.6
2022.9836 100.801 -583.213 169.9 1.2 0.9 2.6
2022.9863 97.2983 -581.103 170 1.2 0.9 2.6
2022.9890 97.8077 -581.658 168.2 1.3 0.9 2.7
2022.9918 94.6239 -584.102 167.9 1.3 1.0 2.8
2022.9945 95.9611 -580.881 161.3 1.2 0.9 2.6
2022.9973 96.8526 -582.547 165.2 1.2 0.9 2.6
2023.0000 96.1521 -583.213 167.7 1.2 0.9 2.6
2023.0027 96.2158 -580.77 163.6 1.2 0.9 2.6
2023.0055 98.1898 -581.325 168.6 1.2 0.9 2.6
2023.0082 98.0624 -579.77 172 1.2 0.9 2.6
2023.0110 97.4257 -580.659 171.9 1.2 0.9 2.6
2023.0137 99.7817 -582.103 171.8 1.3 0.9 2.6
2023.0164 99.2723 -582.103 172.9 1.3 0.9 2.6
2023.0192 99.1449 -581.77 177.2 1.2 0.9 2.6
2023.0411 96.2795 -582.325 171.1 1.3 0.9 2.6
2023.0438 96.7252 -582.88 167 1.3 0.9 2.6
2023.0466 95.5153 -584.657 172.8 1.3 0.9 2.6
2023.0493 94.3055 -584.435 175.3 1.3 0.9 2.6
2023.0521 97.553 -583.769 166.8 1.3 0.9 2.6
2023.0548 94.7512 -583.436 168.9 1.3 0.9 2.7
2023.0575 96.0884 -584.324 173.6 1.3 0.9 2.7
2023.0603 97.8077 -584.324 170.5 1.3 1.0 2.8
2023.0630 99.336 -584.102 169.8 1.3 0.9 2.7
2023.0658 93.7324 -584.879 171.3 1.3 0.9 2.6
2023.0685 96.2795 -582.658 177.5 1.4 1.0 2.7
2023.0712 93.6687 -580.992 174.2 1.4 1.0 2.8
2023.0740 99.527 -587.878 174.8 1.4 1.0 2.8
2023.0767 94.7512 -586.101 178.7 1.3 0.9 2.7
2023.0795 96.9162 -590.433 181.8 1.4 1.0 2.7
2023.0822 95.9611 -584.546 178.3 1.4 1.0 2.7
2023.0849 93.6687 -585.213 173.3 1.4 1.0 2.7
2023.0877 94.6875 -582.991 181.7 1.4 1.0 2.7
2023.0904 95.2606 -584.324 175.9 1.4 1.0 2.7
2023.0932 95.8337 -585.657 180.9 1.4 0.9 2.7
2023.0959 95.579 -585.213 172.4 1.4 0.9 2.7
2023.0986 95.8974 -586.879 173.7 1.4 0.9 2.7
2023.1014 99.8454 -583.769 176.5 1.4 0.9 2.7
2023.1041 93.6687 -585.324 177.1 1.4 0.9 2.7
2023.1068 94.4328 -585.99 179.7 1.4 0.9 2.7
2023.1096 95.388 -586.656 181.1 1.4 0.9 2.7
2023.1123 95.0059 -586.323 171.1 1.4 0.9 2.7
2023.1151 94.0508 -585.435 178.7 1.4 0.9 2.7
2023.1178 93.605 -585.435 178.5 1.4 0.9 2.7
2023.1205 94.6239 -586.656 180.5 1.5 1.0 2.8
2023.1233 99.2086 -587.878 175.9 1.5 1.0 2.7
2023.1260 99.0812 -584.435 185.2 1.5 0.9 2.7
2023.1288 97.8077 -587.101 180.9 1.5 0.9 2.9
2023.1315 95.1333 -586.212 179.1 1.4 0.9 2.8
2023.1342 95.579 -587.989 173.6 1.4 0.9 2.7
2023.1370 92.1405 -584.435 173.6 1.4 0.9 2.7
2023.1397 96.8526 -583.436 179.7 1.4 0.9 2.7
2023.1425 94.6875 -587.323 181.6 1.4 0.9 2.7
2023.1452 93.9234 -584.768 171.1 1.4 0.9 2.7
2023.1479 101.501 -587.878 183 1.4 0.9 2.7
2023.1507 95.1333 -587.656 182 1.4 0.9 2.7
2023.1534 97.1073 -584.435 179.3 1.4 0.9 2.7
2023.1562 99.336 -587.101 178.8 1.4 0.9 2.7
2023.1589 94.3055 -589.211 182.8 1.5 1.0 2.8
2023.1616 102.392 -588.545 175.9 1.4 1.0 2.7
2023.1644 101.183 -587.545 177.6 1.4 0.9 2.7
2023.1671 99.2723 -588.878 176.2 1.4 0.9 2.7
2023.1699 103.093 -585.324 184.9 1.4 0.9 2.7
2023.1726 96.3431 -587.434 184.3 1.4 0.9 2.7
2023.1753 96.8526 -586.545 178.2 1.4 0.9 2.7
2023.1781 93.414 -585.324 167.3 1.4 0.9 2.7
2023.1808 95.8337 -587.212 179.7 1.4 0.9 2.7
2023.1836 97.2346 -587.101 184.7 1.4 0.9 2.7
2023.1863 100.036 -586.656 177.1 1.4 0.9 2.8
2023.1890 97.744 -586.545 181.7 1.4 1.0 2.8
2023.1918 97.8077 -587.212 180.4 1.3 0.9 2.7
2023.1945 97.4257 -586.323 175.8 1.4 0.9 2.7
2023.1973 96.5979 -583.324 183.9 1.4 0.9 2.7
2023.2000 100.737 -586.99 176.2 1.4 0.9 2.7
2023.2027 97.4257 -586.879 171.1 1.4 0.9 2.7
2023.2055 98.1261 -588.434 173 1.3 0.9 2.7
2023.2082 100.227 -585.768 173.4 1.3 0.9 2.7
2023.2110 100.036 -587.323 178.2 1.4 0.9 2.7
2023.2137 99.336 -587.878 174.9 1.3 0.9 2.7
2023.2164 103.921 -585.324 173.6 1.3 0.9 2.7
2023.2192 98.1261 -587.323 179.4 1.3 0.9 2.7
2023.2219 100.164 -590.211 170.2 1.3 0.9 2.7
2023.2247 99.2086 -587.656 172.9 1.5 1.0 2.8
2023.2274 97.8077 -587.878 173.5 1.4 1.0 2.7
2023.2301 101.183 -587.767 178.1 1.4 0.9 2.7
2023.2329 99.0176 -588.878 176.6 1.3 0.9 2.7
2023.2356 99.3996 -588.989 179.7 1.3 0.9 2.7
2023.2384 99.2723 -588.211 182.4 1.3 0.9 2.7
2023.2411 96.6615 -587.767 174.4 1.4 1.0 2.8
2023.2438 101.501 -588.989 172.8 1.4 1.0 2.8
2023.2466 105.895 -587.989 170.7 1.3 0.9 2.7
2023.2493 96.8526 -590.877 179.4 1.3 0.9 2.7
2023.2521 99.0176 -588.656 177.5 1.3 1.0 2.7
2023.2548 94.6239 -590.877 176.5 1.4 1.0 2.9
2023.2575 97.4257 -588.656 176.1 1.4 1.0 2.8
2023.2603 96.3431 -590.988 180 1.3 0.9 2.7
2023.2630 97.4893 -590.988 179.8 1.4 1.0 2.8
2023.2658 95.0696 -590.544 175.9 1.3 1.0 2.8
2023.2685 95.7064 -590.211 176.5 1.3 1.0 2.7
2023.2712 100.227 -588.211 166.9 1.3 0.9 2.7
2023.2740 96.0248 -590.1 171.5 1.3 0.9 2.7
2023.2767 98.6355 -589.766 170.8 1.3 0.9 2.8
2023.2795 95.8337 -589.433 170.4 1.3 1.0 2.8
2023.2822 97.8714 -590.211 174.9 1.3 1.0 2.8
2023.2849 93.6687 -592.321 171.8 1.5 1.0 2.9
2023.2877 98.5082 -589.433 172 1.4 1.0 2.8
2023.2904 98.7629 -589.544 177.8 1.3 1.0 2.8
2023.2932 96.2795 -591.21 175.2 1.3 0.9 2.8
2023.2959 91.5674 -587.878 176.6 1.3 0.9 2.7
2023.2986 95.579 -594.653 173 1.3 1.0 2.7
2023.3014 95.9611 -591.766 173.6 1.3 0.9 2.7
2023.3041 93.0956 -590.1 174.6 1.3 0.9 2.7
2023.3068 99.718 -592.765 174.4 1.3 0.9 2.7
2023.3096 93.2867 -594.431 172.8 1.4 1.0 2.8
2023.3123 93.9234 -593.876 180.4 1.4 1.1 2.8
2023.3151 95.1333 -591.099 170.4 1.3 0.9 2.7
2023.3178 95.5153 -592.987 175.8 1.3 0.9 2.7
2023.3205 95.4517 -592.654 175.1 1.3 1.0 2.7
2023.3233 96.9799 -593.987 173.6 1.3 0.9 2.7
2023.3260 93.6687 -594.32 172.7 1.3 0.9 2.7
2023.3288 96.4705 -595.32 174.5 1.3 0.9 2.7
2023.3315 95.4517 -591.766 173.4 1.3 0.9 2.7
2023.3342 96.3431 -595.764 169.9 1.3 0.9 2.7
2023.3370 95.0059 -594.209 173.2 1.3 0.9 2.7
2023.3397 91.5037 -593.098 168.2 1.3 0.9 2.7
2023.3425 94.7512 -592.876 173.6 1.3 0.9 2.7
2023.3452 94.8149 -591.766 175.9 1.3 1.0 2.7
2023.3479 93.9871 -594.098 181.4 1.3 0.9 2.7
2023.3507 93.9234 -593.765 170 1.3 1.0 2.7
2023.3534 96.7252 -593.876 171 1.3 1.0 2.7
2023.3562 94.9423 -593.098 169.9 1.3 1.0 2.7
2023.3589 94.8786 -593.321 168.5 1.3 0.9 2.7
2023.3616 95.2606 -591.432 172.7 1.3 0.9 2.7
2023.3644 95.579 -592.432 173.2 1.3 0.9 2.8
2023.3671 94.1781 -593.321 173.9 1.3 0.9 2.8
2023.3699 92.5225 -594.431 170.6 1.3 1.0 2.8
2023.3726 97.2346 -592.876 167.9 1.3 0.9 2.8
2023.3753 97.1073 -594.653 175.1 1.3 0.9 2.7
2023.3781 95.5153 -592.765 176.1 1.3 1.0 2.8
2023.3808 99.7817 -594.32 172.9 1.3 1.0 2.9
2023.3836 96.0884 -591.877 166.2 1.3 1.0 2.9
2023.3863 96.2158 -593.876 170.1 1.3 1.0 2.8
2023.3890 96.8526 -592.654 162.4 1.3 1.0 2.8
2023.3918 99.909 -593.876 175.5 1.3 1.0 2.7
2023.3945 96.7252 -592.21 173 1.3 1.0 2.7
2023.3973 95.8974 -592.21 171.7 1.3 1.0 2.7
2023.4000 98.6992 -593.543 166.5 1.3 1.0 2.8
2023.4027 95.5153 -592.432 173 1.3 1.0 2.7
