1995.7151 0 0 0 2.2 1.5 4.4
1995.7178 -1.58618 -1.44386 -15.2 2.2 1.3 3.9
1995.7205 2.28409 -4.99798 -5.5 2.1 1.5 4.4
1995.7233 -2.34754 -5.33118 -6.2 1.9 1.3 3.8
1995.7260 5.20266 -3.55412 5.3 2.0 1.5 4.3
1995.7288 -3.42614 -4.88691 -17.9 2.3 1.4 4.1
1996.6932 -13.0067 -12.5505 -1.9 2.1 1.6 4.7
1996.6959 -15.3542 -14.2165 7.1 4.0 2.0 5.8
1996.6986 -14.4025 -14.4386 3 2.1 1.8 4.8
1996.7014 -11.5474 -12.4394 1.8 1.7 1.2 3.2
1996.7041 -20.43 -7.99677 -5.5 2.1 1.3 4.0
2002.5096 -116.743 -60.8643 12.3 1.8 1.6 3.9
2002.5123 -117.694 -60.6422 14.3 1.8 1.3 3.3
2002.5151 -116.616 -59.6426 25.6 1.3 1.0 2.7
2002.5178 -118.583 -59.6426 16.5 1.4 1.0 2.8
2002.5205 -119.09 -59.8647 14.5 2.8 1.2 3.8
2006.5507 -190.722 -90.2968 28 1.4 0.9 2.8
2006.5534 -182.791 -90.2968 20.4 1.4 0.9 2.8
2006.5562 -188.311 -91.1854 23.1 1.4 0.9 2.9
2006.5589 -190.532 -89.1862 27.8 1.6 1.1 3.5
2011.5342 -282.276 -134.057 17.6 1.8 1.5 4.8
2011.5397 -278.533 -137.389 41.3 1.9 1.6 5.0
2011.5425 -277.708 -137.167 23.1 1.9 1.7 5.0
