1995.5151 0 0 0 1.4 1.0 3.0
1995.5178 -0.94836 -1.99918 -5.7 1.4 1.0 3.0
1995.5205 2.59218 -1.44385 -3.3 1.4 1.1 3.1
1995.5233 1.26448 0.555327 13.9 1.5 1.1 3.0
1995.5260 2.40251 3.88729 -4.9 1.6 1.2 3.2
1995.5288 0.252895 -2.99877 -12.3 1.7 1.2 3.3
1995.5315 -2.9083 1.66598 -6.9 1.5 1.0 3.0
1995.5342 -1.01158 -2.33237 -16 1.5 1.0 3.1
1995.5370 -3.03475 3.44303 -18.5 1.6 1.1 3.0
1995.5397 9.42037 2.44344 -11.3 4.0 2.1 6.2
2003.4438 -112.475 -133.834 -18 1.3 0.8 2.5
2003.4466 -109.061 -135.611 -11.5 1.3 0.8 2.6
2003.4493 -108.935 -141.386 -16.4 1.3 0.8 2.7
2003.4521 -113.171 -134.167 -15.8 1.3 0.8 2.6
2003.4548 -109.441 -133.501 -15.5 1.2 0.8 2.5
2003.4575 -112.223 -133.612 -17.4 1.3 0.8 2.6
2016.4301 -280.714 -342.637 -20.6 1.2 0.8 2.4
2016.4329 -280.588 -340.638 -23.8 1.2 0.8 2.5
2021.5260 -171.653 -655.619 -105.6 1.4 1.1 3.1
