2001.5726 0 0 0 2.1 1.5 4.9
2001.5753 -5.15122 -0.888212 -15.1 1.6 1.3 4.0
2001.5781 -5.35935 0.222053 -9.7 1.7 1.4 4.2
2001.5808 1.40488 -6.32851 -6 2.4 1.6 4.8
2001.5836 -1.9252 -0.555132 -21.6 1.6 1.3 3.9
2001.5863 3.06992 -0.777185 -25.5 1.8 1.6 4.5
2001.5890 3.06992 -2.77566 -6.3 2.0 1.5 4.8
2001.5918 3.95447 -1.6654 -6.4 2.0 1.8 5.1
2003.5397 -80.3903 -27.0905 6.3 2.2 1.5 4.7
2003.5425 -76.748 -28.0897 9.4 2.1 1.7 5.5
2003.5452 -87.4147 -29.2 -3 1.8 1.4 4.9
2003.5479 -89.0797 -26.2023 3.2 1.6 1.2 4.0
2003.5507 -90.1204 -27.5346 -5.7 1.6 1.3 4.4
2003.5562 -87.0505 -27.7566 -3.7 1.6 1.2 4.2
2003.5589 -86.0098 -30.1992 -1.4 1.5 1.2 4.0
2003.5616 -92.8781 -27.0905 5.4 2.1 1.7 5.4
2005.5370 -133.828 -47.8524 46.9 1.6 1.2 4.1
2005.5397 -134.4 -49.8509 49.8 1.5 1.2 3.9
2005.5534 -136.273 -49.9619 32.3 1.7 1.3 4.3
2005.5562 -137.522 -47.6304 31.8 1.5 1.2 3.8
2005.5589 -138.407 -47.4083 36.6 1.5 1.2 3.8
2005.5616 -138.198 -48.5186 30.3 1.5 1.2 3.9
2005.5644 -141.372 -48.2965 42.4 1.5 1.2 3.9
2005.5671 -138.407 -46.4091 25 1.6 1.4 4.4
2005.5699 -137.366 -47.7414 32.7 1.5 1.3 4.1
2005.5726 -137.73 -48.1855 35.3 1.6 1.3 4.2
2005.5753 -137.314 -45.6319 42.1 2.0 1.4 4.8
2007.5534 -180.293 -69.1695 50.2 2.4 2.6 6.4
2007.5562 -180.397 -72.3893 45.4 1.5 1.2 3.8
2007.5589 -182.062 -70.5018 48.6 1.5 1.2 3.8
2007.5616 -177.743 -73.1665 36.7 1.5 1.2 3.8
2007.5644 -177.119 -69.2805 36.5 1.5 1.2 3.8
2007.5671 -179.772 -72.9444 39.9 1.5 1.2 3.8
2007.5699 -178.628 -73.6106 36.5 2.0 1.4 4.6
2009.5452 -214.582 -101.145 61.9 1.4 1.2 3.8
2009.5479 -213.646 -101.367 61.7 1.4 1.2 3.7
2009.5507 -208.13 -100.59 59.6 1.4 1.2 3.7
2009.5534 -211.408 -102.588 69.1 1.4 1.2 3.7
2009.5562 -206.465 -98.8136 55.8 1.5 1.3 3.8
2009.5589 -211.304 -100.479 68.1 1.4 1.2 3.7
2009.5616 -210.055 -102.255 62.2 1.4 1.2 3.8
2009.5644 -209.639 -102.922 64.2 1.8 1.4 4.8
2015.5425 -314.329 -160.433 93.4 1.2 0.9 2.8
2015.5452 -311.675 -148.776 92.4 1.2 0.9 2.7
2015.5479 -318.699 -148.442 108.2 1.1 0.9 2.7
2015.5507 -315.213 -149.997 102.3 1.2 0.9 2.8
2015.5534 -310.842 -148.998 98.5 2.2 1.3 4.2
2015.5562 -312.351 -152.106 121.2 1.3 1.1 3.2
2015.5589 -312.664 -149.22 115.5 1.3 1.0 3.0
2015.5616 -316.514 -147.332 108.3 1.3 1.0 3.0
2015.5644 -319.116 -150.441 113.8 1.2 0.9 2.7
2015.5671 -313.6 -148.442 84.5 1.3 1.0 3.1
2015.5699 -310.738 -147.887 78.3 1.3 0.9 2.8
2015.5726 -312.612 -148.998 81.4 1.2 0.9 2.8
2015.5753 -313.86 -151.329 103.2 1.2 0.9 2.8
2017.5726 -353.197 -171.203 87.6 1.4 1.1 3.3
