2003.4110 0 0 0 1.6 1.4 3.6
2003.4603 -1.85991 -5.21799 0 3.2 2.2 5.6
2003.7808 -24.3296 0.222042 36.2 1.1 0.9 2.7
2003.7836 -25.4355 -1.99838 26.2 1.3 1.0 2.9
2003.7863 -24.8826 0.111021 31.5 1.8 1.3 3.5
2003.7890 -26.642 0.111021 29.4 3.2 2.4 6.4
2004.3863 -58.5118 -1.77634 1.4 1.4 1.0 3.1
2004.3890 -57.4059 -2.1094 1.8 1.1 0.9 2.6
2004.8082 -71.3301 3.88574 16.3 1.2 0.9 2.7
2004.8110 -70.6766 4.32982 19.5 1.1 0.8 2.5
2004.8137 -71.5311 2.33144 21.5 1.1 0.8 2.5
2004.8164 -70.2242 3.66369 25.2 1.1 0.8 2.5
2004.8192 -70.6766 4.44084 13.5 1.2 0.9 2.6
2004.8219 -69.9728 3.33063 19.2 1.1 0.9 2.6
2004.8247 -67.6605 1.33225 23.1 1.1 0.9 2.6
2004.8274 -67.9621 1.33225 20.9 1.1 0.8 2.5
2004.8301 -71.6819 1.33225 21.9 1.1 0.9 2.6
2004.8329 -71.9836 0.999189 23.3 1.2 1.0 2.7
2004.8356 -71.8327 0.555105 17.9 1.2 0.9 2.6
2004.8384 -71.4809 2.33144 15.9 1.1 0.9 2.6
2006.6027 -140.649 -13.7666 29 1.3 0.9 2.8
2006.6055 -138.488 -15.2099 27.6 1.2 0.9 2.6
2006.6082 -137.432 -14.2107 17.2 1.2 0.8 2.5
2006.6110 -140.348 -12.8784 25.1 1.2 0.9 2.6
2007.7589 -170.509 -22.5373 42.2 1.4 1.0 3.0
2007.7616 -169.805 -23.9805 48.5 1.1 0.8 2.5
2007.7644 -171.413 -23.0924 53.6 1.1 0.8 2.5
2008.8055 -206.953 -28.1993 40.3 1.2 1.0 2.7
2008.8082 -209.969 -30.6418 40.3 1.1 0.8 2.5
2008.8110 -212.683 -28.8655 39.3 1.1 0.8 2.4
2008.8137 -203.836 -27.6442 36.2 1.1 0.8 2.4
2008.8164 -206.048 -26.312 36.9 1.2 0.9 2.7
2009.7863 -233.896 -38.0802 57.7 1.5 1.3 3.6
2009.7890 -234.399 -36.3039 58.4 1.4 1.0 3.1
2009.7918 -233.193 -37.081 59.6 1.4 1.0 3.2
2009.7945 -234.55 -37.7472 57 1.4 1.0 3.2
2010.7507 -250.284 -46.7399 68.5 2.9 2.0 5.6
2010.7534 -254.255 -50.8476 77.2 1.1 0.8 2.4
2010.7562 -252.747 -48.5162 68 1.1 0.8 2.4
2010.7589 -254.255 -50.4036 64.8 1.1 0.8 2.4
2010.7616 -258.578 -49.9595 64.4 1.1 0.8 2.4
2010.7644 -256.517 -51.4027 76.1 2.9 1.6 5.0
2012.6685 -304.322 -71.6086 69.9 1.1 0.8 2.5
2012.6712 -303.266 -69.2771 64 1.2 0.8 2.4
2012.6740 -303.115 -70.3874 67.1 1.6 0.9 2.7
2012.6767 -307.338 -72.7188 61.4 2.3 1.4 3.6
2013.7068 -330.712 -88.4838 62.8 2.2 1.7 5.0
2013.7096 -324.831 -84.265 65 1.1 0.8 2.5
2013.7123 -329.506 -84.7091 62.8 1.1 0.8 2.5
2013.7151 -320.206 -84.7091 61.5 1.1 0.8 2.5
2013.7178 -325.535 -78.4919 59.8 1.3 0.9 2.7
2014.7123 -351.221 -95.5891 70.2 2.5 2.0 5.6
2014.7151 -353.584 -89.594 74.5 1.1 0.8 2.5
2014.7178 -350.568 -89.594 74.3 1.4 1.0 2.7
2014.7205 -350.367 -90.4822 71.4 1.1 0.8 2.5
2014.7233 -354.539 -91.4814 67.8 1.1 0.8 2.5
2014.7260 -354.74 -86.9295 72.1 1.4 0.9 2.7
2015.5781 -372.786 -102.361 85.9 1.1 0.8 2.5
2015.5808 -371.831 -101.362 78.8 1.2 0.8 2.6
2015.5836 -370.424 -102.917 79.8 1.1 0.8 2.5
2015.5863 -374.546 -104.249 76.7 1.1 0.8 2.6
2016.4986 -390.732 -108.246 81.6 1.2 0.9 2.8
2016.5014 -391.436 -108.69 82 1.1 0.8 2.4
2016.5041 -388.973 -111.132 89.2 1.1 0.8 2.5
2016.5068 -390.883 -113.353 84.6 1.1 0.8 2.6
2016.5096 -390.33 -111.798 83.7 1.1 0.8 2.5
2016.5123 -391.084 -113.241 88.3 1.0 0.8 2.4
2016.5151 -392.341 -110.022 84.4 1.1 0.8 2.4
2017.8000 -420.692 -121.568 93.1 3.5 2.0 6.4
2017.8027 -424.713 -126.564 84.5 1.2 0.9 2.6
2017.8055 -421.245 -127.674 87.2 1.1 0.8 2.5
2017.8082 -421.647 -127.674 87.4 1.1 0.8 2.5
2017.8110 -421.194 -128.784 87.1 1.3 1.0 3.0
2018.7616 -441.452 -137.555 100.6 3.9 2.4 6.2
2018.7644 -443.563 -139.442 99.3 1.1 0.8 2.5
2018.7671 -446.982 -138.443 97.6 1.3 1.0 2.7
2018.7699 -444.519 -140.553 107.3 1.3 0.9 2.7
2018.7726 -445.122 -140.109 97 1.2 0.9 2.6
2018.7753 -443.061 -140.886 94.6 1.2 0.9 2.6
2018.7781 -440.095 -138.554 87.1 1.5 1.2 3.5
2019.4356 -461.409 -154.541 98.1 1.2 0.9 2.7
2019.4384 -457.186 -151.211 102.9 1.1 0.8 2.5
2019.4411 -461.358 -150.323 107.1 1.1 0.8 2.6
2019.4438 -457.84 -151.544 103.4 1.1 0.8 2.6
