1996.4712 0 0 0 1.5 1.2 3.4
1996.4740 -3.29309 -0.888093 0.4 1.3 1.1 3.1
1996.4767 0 -3.99642 -13.1 11.4 4.4 11.9
1996.7041 -5.2219 -9.65801 10.5 1.8 1.5 5.5
1996.7068 16.8888 -16.3187 18.7 18.7 8.4 23.0
1996.7096 -3.38718 -8.99194 35.8 5.4 5.9 25.9
1996.7123 7.62115 -11.6562 54.9 2.4 1.4 5.5
1996.7151 -99.3102 -76.598 66.1 359.3 344.5 345.8
1998.5616 -40.458 -44.7377 -67.7 36.4 22.4 119.0
1998.5644 -24.2277 -45.8478 28.2 2.8 2.7 9.6
1998.5671 -35.8006 -48.5121 29.8 3.2 2.7 10.8
1998.5699 -26.2036 -48.6231 26.7 4.1 4.0 14.6
1999.6438 -31.8489 -70.6034 11.2 3.3 1.9 5.3
1999.6466 -27.0504 -70.2703 18 1.9 1.2 3.5
1999.6493 -9.54996 -57.282 -23.3 30.9 18.0 31.6
2000.5151 -34.0129 -94.2488 16.9 1.5 1.1 3.7
2000.5178 -35.3772 -96.025 30.3 1.5 1.0 3.6
2000.5205 -28.1794 -92.3617 22.6 1.7 1.2 3.8
2000.5233 -19.6174 -82.7036 12.5 1.6 1.2 3.8
