1996.5671 0 0 0 6.2 3.0 8.8
1996.5699 -9.03916 -4.22075 16.3 1.7 1.2 3.5
1996.5726 0.0650292 -1.44394 -2.5 1.6 1.1 3.4
1996.5753 -5.6576 -7.10863 8.2 2.1 1.3 4.2
1996.5890 16.0624 2.99895 13.2 24.1 8.0 20.7
1996.5918 -36.4818 6.66434 69.2 17.1 8.8 19.2
2001.6137 -82.2628 -156.168 24.4 8.9 4.7 11.1
2002.4740 -82.3279 -180.382 14.7 1.6 1.1 3.7
2002.4767 -82.588 -181.937 13.8 1.3 0.9 2.8
2002.4795 -81.0273 -182.603 15.3 1.3 0.9 2.8
2002.4822 -83.3033 -180.493 15.5 1.3 0.9 2.8
2002.4849 -82.9782 -178.493 24.5 1.3 1.0 3.1
2002.4877 -77.9709 -179.271 33.8 1.4 0.9 3.0
2002.4904 -82.0027 -179.715 6.7 1.3 0.9 2.9
2002.4932 -86.8149 -179.049 12.3 1.3 0.9 2.9
2002.4959 -84.6039 -181.048 14.5 1.3 0.9 3.0
2002.4986 -87.5953 -180.159 11.5 1.4 0.9 3.0
2004.4712 -81.3524 -243.915 16.1 1.5 1.0 3.1
2004.4740 -88.6358 -235.918 24.6 1.5 1.1 3.2
2011.5123 -155.096 -400.86 98 1.3 0.9 2.6
2011.5151 -161.599 -396.417 94.9 1.3 0.9 2.7
2011.5178 -155.617 -400.194 92 1.3 0.9 2.6
2011.5205 -156.527 -402.748 86.9 1.3 0.9 2.6
2011.5233 -162.445 -398.417 98.7 1.4 1.0 2.8
