1997.6055 0 0 0 44.6 26.5 40.8
1997.7041 -82.2918 -30.4194 -85.8 3.0 1.6 5.0
1997.7068 -82.0425 -32.3068 -94.7 3.2 1.7 5.0
1998.4904 -86.6309 -40.4112 -103.2 1.9 1.4 4.0
1998.4932 -79.4989 -38.4129 -97.1 4.2 2.8 7.5
1999.3890 -98.1517 -69.1654 -88.2 2.4 1.8 5.7
1999.3918 -105.234 -70.2756 -96.9 1.8 1.3 3.7
2000.4274 -116.156 -88.5939 -105.3 1.3 1.1 2.8
2000.4301 -115.807 -91.5914 -101.3 1.6 1.2 3.3
2000.4329 -118.201 -91.4804 -101.8 1.5 1.2 3.2
2002.8493 -342.484 -229.589 -130.1 1.5 1.0 3.1
2002.8521 -337.995 -236.805 -137.3 1.2 0.9 2.7
2002.8548 -338.743 -235.473 -140 1.1 0.9 2.8
2002.8575 -338.444 -234.585 -129.1 1.2 0.9 2.8
2002.8603 -336.449 -234.807 -132.4 1.3 1.1 3.0
2002.8630 -338.344 -237.249 -134.5 1.3 1.1 3.1
2002.8658 -342.783 -240.247 -137.9 1.3 1.0 3.0
2002.8685 -340.987 -242.023 -138.7 1.2 0.9 2.7
2002.8712 -338.743 -241.912 -139.5 1.1 0.9 2.7
2002.8740 -339.441 -243.134 -135.7 1.2 1.0 2.8
2002.8767 -339.392 -243.245 -134.8 1.1 0.9 2.8
2002.8795 -339.691 -240.913 -127.7 1.2 0.9 2.8
2002.8822 -341.287 -243.022 -135.5 1.5 1.1 3.0
2002.8849 -344.429 -242.134 -134.8 1.2 0.9 2.8
2002.8877 -343.032 -244.91 -129.7 1.4 1.0 2.9
2002.8904 -345.526 -242.245 -140.8 2.0 1.3 3.7
2002.8932 -340.289 -246.353 -135.8 1.3 1.0 2.9
2002.8959 -344.578 -240.58 -128 1.5 1.1 3.1
2002.8986 -347.072 -242.911 -133.4 1.3 0.9 2.8
2002.9014 -343.481 -246.464 -138.8 1.2 1.0 2.9
2002.9041 -344.429 -245.132 -136.8 1.2 0.9 2.8
2002.9068 -346.673 -246.797 -135.9 1.4 1.1 3.0
2002.9096 -346.075 -243.356 -140.5 1.2 0.9 2.9
2002.9123 -345.775 -247.019 -137 1.2 0.9 2.7
2002.9151 -352.508 -245.687 -141.4 1.3 1.0 2.9
2002.9178 -347.022 -244.355 -138.8 1.3 1.0 2.9
2002.9205 -346.573 -245.576 -143.5 1.2 1.0 2.9
2002.9233 -345.775 -244.244 -141.4 1.2 0.9 2.8
2002.9260 -345.027 -244.91 -134.6 1.3 1.0 2.8
2002.9288 -346.922 -246.575 -140.9 1.2 1.0 2.8
2002.9315 -344.878 -247.685 -137.9 1.3 1.0 2.9
2002.9342 -348.668 -247.352 -142.1 1.4 1.1 3.0
2002.9370 -345.626 -246.353 -142.3 1.3 0.9 2.9
2002.9397 -350.114 -245.465 -141.7 1.1 0.9 2.7
2002.9425 -351.511 -245.243 -137.5 1.2 0.9 2.8
2002.9452 -347.471 -247.463 -138 1.2 0.9 2.7
2002.9479 -350.613 -247.907 -127 1.1 0.9 2.7
2002.9507 -352.259 -247.352 -129.5 1.1 0.9 2.7
2002.9534 -348.419 -246.242 -133.3 1.5 1.0 2.9
2002.9562 -349.915 -246.353 -125.3 1.3 0.9 2.9
2002.9589 -351.91 -246.575 -128.9 1.2 1.0 2.9
2002.9616 -349.965 -246.02 -120 1.2 0.9 2.7
2002.9644 -356.748 -247.574 -125.8 1.2 0.9 2.8
2002.9671 -357.595 -251.016 -124.5 2.2 1.4 3.9
2002.9699 -349.765 -247.796 -126.5 1.4 1.0 3.0
2002.9726 -345.476 -249.573 -122.3 1.7 1.1 3.1
2002.9753 -329.217 -237.36 -140.3 8.0 4.6 9.5
2002.9781 -357.645 -248.129 -123.6 1.6 1.1 3.1
2002.9808 -350.464 -246.02 -129.3 1.5 1.0 3.0
2002.9836 -356.498 -244.91 -121.7 2.1 1.5 4.5
2002.9863 -354.354 -245.909 -110.8 2.4 1.9 5.1
2002.9890 -338.993 -252.903 -166.5 45.2 23.4 51.8
2003.0301 -355.451 -249.684 -144.5 1.3 1.0 2.9
2003.0329 -349.217 -250.017 -143.9 3.2 2.2 6.2
2003.0356 -348.618 -247.685 -146.5 3.2 2.2 6.1
2003.0384 -353.157 -250.128 -144.6 3.1 2.2 6.0
2003.0411 -345.825 -245.354 -152.2 3.1 2.2 5.9
2003.0438 -348.568 -250.017 -140.7 3.1 2.2 6.2
2003.0466 -350.513 -254.013 -145 3.2 2.2 6.1
2003.0493 -350.613 -253.791 -148.2 3.2 2.3 6.1
2003.0521 -345.775 -250.572 -150.8 3.1 2.2 6.2
2003.0548 -345.576 -251.127 -152.6 3.2 2.3 6.1
2003.0575 -351.461 -252.903 -143.5 3.1 2.2 6.2
2003.0603 -349.267 -254.013 -150.5 3.1 2.3 6.5
2003.0630 -352.708 -255.457 -141.1 4.2 2.3 8.0
2003.0658 -347.022 -249.573 -148.6 4.6 2.5 8.8
2003.0685 -348.119 -253.347 -143.6 2.9 2.2 6.1
2003.0712 -349.267 -251.016 -139.7 2.9 2.3 6.3
2003.0740 -347.87 -249.906 -149.8 2.9 2.2 6.1
2003.0767 -345.576 -251.682 -139.8 2.9 2.1 6.0
2003.0795 -346.224 -249.129 -143.9 3.2 2.4 6.5
2003.0822 -342.583 -249.351 -147.9 2.9 2.4 6.1
2003.0849 -343.631 -249.018 -135.9 2.8 2.1 5.9
2003.0877 -347.72 -249.351 -129.5 4.8 3.1 6.5
2003.0904 -360.239 -249.129 -138.2 3.3 2.4 6.4
2003.0932 -354.803 -245.465 -124.3 3.5 2.2 7.1
2003.0959 -349.566 -233.808 -103.6 2.9 2.4 6.2
2003.0986 -347.621 -252.903 -147.6 2.7 2.1 5.7
2003.1014 -355.002 -245.798 -126.8 3.1 2.3 6.1
2003.1041 -362.084 -251.904 -137.1 2.8 2.2 6.2
2003.1068 -361.635 -251.016 -137 2.8 2.2 5.9
2003.1096 -359.59 -245.798 -142.4 2.9 2.5 6.0
2003.1123 -362.683 -254.569 -141.6 2.8 2.2 6.0
2003.1151 -356.648 -248.796 -146.1 2.7 2.2 5.9
2003.1178 -359.79 -247.352 -151 2.8 2.3 6.2
2003.1205 -363.83 -250.017 -131.4 2.7 2.1 5.9
2003.1233 -366.872 -252.348 -136.7 2.7 2.1 5.8
2003.1260 -358.792 -252.237 -124.6 2.7 2.2 6.0
2003.1288 -363.481 -255.013 -121.6 2.7 2.2 6.0
2003.1315 -361.186 -249.462 -135.5 2.7 2.2 6.1
2003.1342 -363.181 -250.572 -124 2.7 2.2 6.0
2003.1370 -370.014 -251.349 -125.6 2.7 2.1 6.1
2003.1671 -371.76 -251.349 -133.8 2.7 2.2 6.0
2003.1699 -373.705 -250.905 -147.8 2.6 2.3 6.0
2003.4411 -373.804 -259.009 -145.6 4.5 3.4 7.9
2003.7616 -388.068 -262.673 -122.4 1.5 1.1 3.8
2004.3726 -401.235 -281.879 -128.9 2.0 1.4 4.3
