2003.4000 0 0 0 1.8 1.5 4.0
2003.4630 3.85722 -1.7763 -14.3 2.3 1.4 4.3
2003.4658 9.24745 -4.32973 -34.9 1.4 1.0 3.1
2003.7781 11.5717 -2.55343 -19.6 3.0 2.5 5.9
2003.7808 12.0662 -1.11019 -10.2 1.2 0.9 2.8
2003.7836 13.9948 -2.10935 -11.2 2.0 1.4 4.3
2004.3945 18.5443 -22.7588 -20 1.4 1.0 3.1
2004.3973 19.6817 -24.091 -26.1 1.3 1.0 2.9
2004.4000 18.0498 -25.9784 -30.7 1.3 0.9 3.0
2004.7863 15.2805 -25.9784 -19.9 1.8 1.5 3.6
2004.7890 17.0113 -31.0852 -25 1.4 1.2 3.1
2006.5918 1.68135 -66.3891 -17.8 1.2 0.9 2.7
2006.5945 7.02213 -68.3875 -23.2 1.1 0.9 2.6
2007.7260 3.90668 -86.3725 -5.6 1.6 1.1 3.4
2007.7288 2.9671 -84.8182 -1 1.5 1.1 3.5
2007.7315 -0.741773 -86.5945 22.6 2.8 1.5 5.7
2008.5370 -1.533 -106.467 -16.8 2.8 3.2 5.8
2008.5397 -1.97806 -102.248 -20 1.3 1.0 2.8
2008.5425 3.80777 -100.472 -23.9 1.3 1.0 2.8
2008.5452 -2.42313 -97.2523 -30.1 3.3 2.4 6.1
2009.5315 -5.29132 -119.123 -5.3 1.4 1.0 3.0
2009.5342 -6.92322 -119.123 -15.2 1.3 1.0 2.8
2009.5370 -8.50567 -115.681 -19.8 1.3 1.0 2.8
2009.5397 -7.61554 -119.678 -7.5 1.3 1.0 2.8
2009.5425 -3.60997 -119.678 -11.5 1.3 1.0 2.8
2009.5452 -3.90668 -118.679 -10.4 1.3 1.0 2.8
2010.6712 -8.15951 -143.658 -11.2 1.1 0.9 2.6
2010.6740 -14.1926 -143.88 -7.7 1.1 0.8 2.5
2010.6767 -8.35732 -143.103 -13.5 1.1 0.8 2.5
2010.6795 -11.2255 -142.77 -14.4 1.1 0.8 2.5
2010.6822 -11.8189 -142.437 -15.6 1.5 1.1 3.3
2011.7205 -15.4289 -158.424 -0.2 1.4 1.1 3.0
2011.7233 -14.5882 -160.533 -10.6 1.2 0.8 2.5
2011.7260 -13.8464 -158.313 -19.4 1.1 0.8 2.5
2011.7288 -15.9234 -157.979 -20 1.1 0.8 2.5
2011.7315 -19.7312 -161.643 -32.5 1.1 0.8 2.5
2011.7342 -12.6596 -158.202 -16.2 1.1 0.8 2.5
2011.7370 -13.3519 -156.314 -16.6 1.7 1.1 3.4
2012.6466 -22.6983 -176.742 -25.5 1.6 1.1 2.9
2012.6493 -19.0883 -178.074 -18.1 1.3 0.9 2.6
2012.6521 -18.0498 -181.293 -9.9 1.3 0.9 2.7
2013.7342 -29.2753 -207.161 -11.9 1.3 1.1 3.1
2013.7370 -33.2809 -203.386 -24.3 1.1 0.8 2.6
2013.7397 -32.1435 -205.051 -19.5 1.1 0.8 2.6
2013.7425 -33.0337 -205.162 -18.6 1.1 0.8 2.6
2013.7452 -32.7864 -206.162 -16.5 1.1 0.9 2.6
2013.7479 -33.9732 -204.052 -22.8 1.1 0.8 2.6
2014.7315 -39.0173 -216.042 -17.9 1.6 1.0 2.9
2014.7342 -41.0943 -218.929 -14.4 1.3 0.9 2.7
2014.7370 -35.3579 -217.263 -15 1.4 1.0 3.0
2014.7397 -37.9294 -220.594 -2.6 2.4 1.6 3.9
2015.6219 -45.3966 -240.133 -24.1 1.9 1.2 3.5
2015.6247 -43.8141 -231.807 -21.3 1.5 1.1 3.0
2015.6274 -47.3252 -232.806 -21.9 1.9 1.2 3.4
2016.5890 -54.9407 -256.009 -9.1 1.2 0.9 2.7
2016.5918 -48.512 -253.344 -20.9 1.9 1.2 3.6
2017.5699 -64.6332 -279.323 -0.7 1.4 1.0 3.0
2017.5726 -60.6277 -275.881 19 1.3 0.9 2.9
2017.5753 -63.1991 -276.214 14.1 1.3 0.9 2.9
2017.5781 -60.776 -276.436 13.2 1.3 0.9 2.9
2017.5808 -60.9244 -270.108 -1.8 1.9 1.3 4.0
2018.5562 -69.5784 -291.868 -15.3 1.3 0.9 2.7
2018.5589 -67.2047 -291.091 -21.6 1.1 0.9 2.6
2018.5616 -75.8587 -291.757 -28.2 2.1 1.4 4.1
2019.5123 -79.5182 -313.406 -27.8 1.2 0.9 2.7
2019.5151 -78.0841 -312.85 -14.7 1.2 0.9 2.8
2019.5178 -80.161 -313.85 -9.6 1.2 0.9 2.7
2019.5205 -80.1116 -313.628 -17 1.7 1.1 3.3
2020.5260 -94.5514 -332.612 -10.5 1.5 1.1 3.3
2020.5288 -91.1887 -328.948 -20.2 1.5 1.3 3.7
2021.4411 -106.667 -354.371 -95.7 4.1 2.4 7.0
2021.4438 -98.7548 -351.374 -102.6 1.6 1.0 3.1
2021.4466 -104.689 -354.926 -91.1 1.3 1.0 2.9
2021.4493 -99.4966 -356.037 -89.7 2.1 1.5 4.7
