1995.5836 0 0 0 7.1 4.6 12.1
1995.5863 4.37081 -10.9925 2.1 3.0 2.5 8.1
1995.5890 13.7681 3.10898 18.3 2.9 2.2 7.2
1995.5918 6.33767 6.9952 32.2 3.0 2.5 8.0
1996.4329 4.80789 -3.66415 49.5 3.0 2.9 7.2
1996.4356 -7.64892 0.555174 34.3 2.8 2.8 7.0
1997.3753 -18.7945 -14.5456 64.8 3.1 2.3 6.2
1997.3863 -18.1935 -20.3194 49 3.7 3.3 7.3
1998.4301 -13.8227 -46.7457 60.9 2.5 2.3 6.5
1998.4329 -26.9898 -42.7484 78.7 3.3 2.6 8.0
2000.6658 -61.0274 -83.1651 89.9 3.7 2.5 7.8
2001.5123 -59.2791 -98.599 93.8 3.9 2.0 7.5
2001.5151 -66.3817 -97.3776 94.3 4.6 1.9 7.1
2002.4274 -79.8219 -110.813 97.1 3.9 2.1 8.7
2012.6164 -241.378 -252.604 202.1 1.7 1.1 3.4
2012.6192 -239.52 -252.271 205.1 1.5 1.0 3.1
2012.6219 -241.542 -253.604 194.3 1.5 1.1 3.1
2013.7726 -267.056 -264.485 207.6 1.9 1.5 4.1
2013.7753 -266.128 -263.819 193.3 1.4 1.1 3.2
2013.7781 -266.292 -266.04 197.6 1.4 1.0 3.1
2013.7808 -274.214 -255.602 206.3 1.8 1.2 3.8
2014.3890 -272.957 -273.257 206.4 1.9 1.2 3.9
2014.3918 -274.869 -274.478 198.3 1.5 1.2 3.4
2014.3945 -275.47 -274.034 203.5 1.4 1.1 3.3
2014.3973 -276.29 -269.926 208.3 1.6 1.3 3.5
2015.4986 -292.298 -281.584 198.6 1.5 1.1 3.6
2015.5014 -291.806 -283.361 196.1 1.3 0.9 2.9
2015.5041 -295.303 -284.693 193.7 2.1 1.3 4.3
2021.4877 -397.361 -361.863 271.1 1.7 1.4 4.0
