2002.5836 0 0 0 2.3 1.4 4.2
2002.5863 -5.11018 1.55429 3.9 2.5 1.7 4.2
2002.5890 -3.50699 3.55266 7 1.6 1.2 3.4
2004.6822 -37.8253 -35.1935 21.4 1.5 1.1 3.1
2004.6849 -34.2182 -33.8613 15.3 1.7 1.3 3.7
2005.5014 -49.2982 -40.5225 22.1 1.4 1.1 3.1
2005.5041 -53.1058 -44.2972 14.5 1.3 1.0 3.0
2006.6795 -69.6387 -62.3935 21.9 1.5 1.2 3.4
2006.6822 -70.1898 -61.0613 24.4 1.5 1.1 3.5
2012.5973 -130.209 -154.319 31.1 1.1 0.9 2.7
2012.6000 -134.518 -154.985 32.1 1.4 1.0 2.8
2012.6027 -127.504 -156.65 40.9 1.1 0.9 2.7
2012.6055 -130.61 -154.208 24.5 1.2 0.9 2.9
2012.6082 -128.656 -154.319 25.8 1.2 0.9 2.9
2013.4685 -150.149 -165.643 20.8 1.9 2.0 4.9
2013.4712 -142.083 -172.748 28.5 1.3 1.1 3.1
2013.4740 -143.887 -173.636 12.9 1.2 1.0 3.0
2015.6192 -172.093 -204.389 24.5 1.1 0.9 2.8
2015.6219 -176.051 -204.389 25.8 3.5 2.3 6.9
2015.6219 -173.395 -207.164 -4.2 1.6 1.0 3.2
2015.6247 -170.289 -209.274 -2.1 1.6 1.2 3.6
2015.6274 -176.502 -211.161 -2.7 1.8 1.1 3.6
2015.6301 -173.796 -207.164 -6.7 1.2 0.9 2.8
2015.6329 -178.305 -207.497 -1.6 2.0 1.3 3.9
2015.6356 -170.79 -207.608 -2.9 1.4 0.9 2.9
2015.6384 -171.041 -206.276 -5 1.1 0.9 2.8
2015.6411 -173.245 -209.274 -4.6 1.4 0.9 3.0
2015.6438 -176.201 -210.939 -12.1 1.7 1.0 3.3
2015.6466 -173.345 -206.609 -10.9 1.3 0.9 2.7
2015.6493 -174.297 -211.494 -5 1.4 1.0 3.1
2015.6521 -172.995 -209.607 -4.3 2.2 1.2 3.7
2015.6548 -172.544 -211.827 0.2 3.2 1.8 4.7
2015.6575 -172.544 -208.83 -6.6 2.7 1.6 4.4
2015.6603 -172.343 -209.607 -8.4 1.2 0.9 2.8
2015.6630 -168.686 -200.503 -7.4 1.2 0.9 2.7
2015.6658 -175.099 -210.162 -0.2 1.1 0.8 2.6
2015.6685 -173.045 -209.385 0.8 1.2 0.9 2.8
2015.6712 -175.099 -209.274 -8.4 1.1 0.9 2.7
2015.6740 -172.544 -209.829 -11.6 1.4 0.9 2.8
2015.6767 -171.842 -207.164 -2.9 1.7 1.1 3.4
2015.6795 -172.844 -208.719 -9.1 1.5 1.0 3.0
2015.6822 -173.295 -207.608 -15 1.6 1.0 3.2
2015.6849 -176.101 -205.055 -6 1.9 1.4 3.5
2015.6877 -172.894 -209.94 -6.3 1.4 1.0 3.0
2015.6904 -171.742 -206.609 6 2.4 1.5 4.8
2015.6932 -169.337 -210.051 -4.3 1.3 0.9 2.9
2015.6959 -173.195 -209.496 0.9 1.8 1.2 3.5
2015.6986 -174.447 -210.051 -1.2 1.3 0.9 2.9
2015.7014 -171.391 -212.049 -9.2 1.5 1.0 3.0
2015.7041 -170.039 -209.274 -7.3 1.5 1.0 3.0
2015.7068 -170.84 -208.719 0.5 1.5 1.0 3.0
2015.7096 -173.345 -210.162 -1.6 1.2 0.9 2.8
2015.7123 -166.832 -213.159 0.3 1.3 0.9 2.8
2015.7151 -177.303 -213.381 4.6 1.6 1.0 3.1
2015.7178 -172.143 -209.94 -2.3 1.3 0.9 3.0
2015.7205 -172.744 -209.385 -2.6 1.9 1.2 3.7
2015.7233 -176.001 -210.162 -4.2 1.3 0.9 2.8
2015.7260 -172.744 -210.273 -3.1 1.3 0.9 2.8
2015.7288 -173.997 -209.496 -0.5 1.4 0.9 2.9
2015.7315 -172.794 -211.716 -1 1.2 0.9 2.8
2015.7342 -173.596 -210.273 -3.4 1.3 0.9 2.8
2015.7370 -176.602 -209.829 4.8 1.1 0.8 2.6
2015.7397 -175.75 -210.828 -2.2 1.1 0.8 2.6
2015.7425 -173.145 -209.607 -5 1.1 0.9 2.7
2015.7452 -171.141 -212.049 -8.8 1.3 1.0 2.9
2015.7479 -169.938 -212.937 6.7 1.2 0.9 2.8
2015.7507 -171.642 -211.161 -4.7 1.5 1.1 3.0
2015.7534 -173.696 -210.717 -15.3 1.8 1.1 3.4
2015.7562 -172.343 -211.383 -5.1 1.7 1.0 3.2
2015.7589 -176.652 -210.384 -6.6 1.8 1.2 3.6
2015.7616 -172.043 -211.272 -1.4 1.6 1.0 3.2
2015.7644 -171.191 -212.826 -2 1.7 1.1 3.2
2015.7671 -173.596 -209.94 2.2 2.6 1.5 4.0
2015.7699 -174.748 -210.495 -10.6 1.9 1.2 3.5
2015.7726 -170.439 -210.939 -1.1 1.7 1.1 3.2
2015.7753 -175.85 -208.275 7.6 1.3 0.9 2.9
2015.7781 -173.295 -211.827 5.8 1.4 0.9 2.9
2015.7808 -166.933 -212.493 5.3 1.5 1.1 3.2
2015.7836 -171.842 -211.827 3.2 1.5 1.0 3.0
2015.7863 -173.395 -211.161 -6.8 1.6 1.0 3.2
2015.7890 -176.451 -210.162 -8.2 1.2 0.9 2.8
2015.7918 -172.944 -210.606 -4.5 1.3 0.9 2.9
2015.7945 -169.638 -210.384 0.7 1.5 1.0 3.1
2015.7973 -172.594 -210.162 1.4 1.6 1.0 3.2
2015.8000 -174.147 -211.494 -6 1.1 0.8 2.7
2015.8027 -175.199 -213.159 -5.6 1.4 1.0 3.2
2015.8055 -171.291 -210.384 -4.1 1.3 1.0 3.0
2015.8082 -174.498 -210.162 4.2 1.2 0.9 2.8
2015.8110 -172.744 -210.828 -11.9 1.2 0.9 2.7
2015.8137 -174.197 -212.16 -5.6 1.2 0.9 2.8
2015.8164 -174.698 -213.381 -3.1 1.3 0.9 2.8
2015.8192 -174.247 -211.938 -6.1 1.0 0.8 2.7
2015.8219 -172.944 -210.273 -0.9 1.1 0.9 2.7
2015.8247 -171.792 -209.94 5.6 1.0 0.9 2.7
2015.8274 -176.101 -211.605 4.8 1.2 0.9 2.9
2015.8301 -175.049 -212.049 -1 1.2 1.0 2.9
2015.8329 -172.944 -210.606 1.8 1.1 0.9 2.7
2015.8356 -174.748 -210.495 5.7 1.4 1.0 3.1
2015.8384 -175.349 -211.716 -2.5 1.1 0.9 2.7
2015.8411 -175.85 -212.271 0 1.8 1.3 3.4
2015.8438 -172.894 -212.16 -1.7 1.7 1.2 3.4
2015.8466 -175.349 -212.715 -3.9 1.3 1.0 3.0
2015.8493 -175.249 -213.159 0.2 1.1 0.9 2.8
2015.8521 -172.243 -210.495 -0.9 1.9 1.3 3.9
2015.8548 -174.247 -212.715 1.7 1.3 1.1 3.0
2015.8575 -172.944 -209.718 -1.9 1.8 1.3 3.5
2015.8603 -174.748 -212.493 -0.1 1.7 1.2 3.3
2015.8630 -176.101 -209.829 -1.2 1.4 1.0 3.2
2015.8658 -176.902 -213.048 1.3 1.2 0.9 2.8
2015.8685 -175.8 -212.16 5.7 1.2 1.0 2.9
2015.8712 -177.504 -213.604 -2 1.2 1.0 2.8
2015.8740 -174.798 -213.715 0.1 1.2 0.9 2.8
2015.8767 -175.55 -212.604 -4.9 1.4 1.1 3.0
2015.8795 -177.654 -212.049 3.7 1.2 0.9 2.9
2015.8822 -176.852 -212.937 -1.3 1.3 1.0 3.0
2015.8849 -175.449 -212.049 -3.5 1.3 1.0 3.0
2015.8877 -177.604 -212.049 1.2 1.2 0.9 2.8
2015.8904 -173.295 -211.605 -2.9 1.1 0.9 2.7
2015.8932 -173.045 -211.272 -4.1 1.1 0.9 2.7
2015.8959 -172.193 -210.939 -8.6 1.1 0.9 2.7
2015.8986 -175.449 -211.827 -11.1 1.1 0.9 2.8
2015.9014 -174.748 -211.494 -11.6 1.1 0.9 2.7
2015.9041 -172.744 -212.826 -5.1 1.1 0.9 2.7
2015.9068 -175.099 -213.493 -1.9 1.1 0.9 2.8
2015.9096 -177.854 -213.604 -0.8 1.2 1.0 2.9
2015.9123 -177.453 -216.268 0.8 1.3 1.0 2.9
2015.9151 -175.95 -212.715 -0.6 1.2 1.0 3.0
2015.9178 -174.698 -213.604 2.2 1.4 1.0 3.0
2015.9205 -176.802 -211.938 -2.6 1.2 0.9 2.8
2015.9233 -174.247 -211.494 -3.4 1.1 0.9 2.8
2015.9260 -176.652 -212.382 -5.2 1.1 0.9 2.8
2015.9288 -175.6 -213.381 -9.3 1.3 1.0 2.9
2015.9315 -173.345 -211.938 -4.4 1.4 1.1 3.1
2015.9342 -172.794 -214.825 -9 1.4 1.1 3.1
2015.9370 -171.892 -215.713 -7 1.2 1.0 2.8
2015.9397 -171.441 -213.715 -11.7 1.1 0.9 2.8
2015.9425 -172.293 -214.936 -9.1 1.5 1.1 3.1
2015.9452 -171.091 -213.493 7.5 1.7 1.2 3.3
2015.9479 -173.796 -216.49 -2.8 1.3 1.0 2.9
2015.9507 -171.391 -216.934 -5.2 1.2 0.9 2.8
2015.9534 -172.894 -216.379 -6.9 1.3 1.1 3.1
2015.9562 -172.894 -214.603 -11.9 1.4 1.1 3.0
2015.9589 -173.997 -213.937 -9.5 1.1 0.9 2.8
2015.9616 -171.993 -213.27 -4.3 1.1 0.9 2.8
2015.9644 -171.692 -216.157 -3.2 1.1 0.9 2.7
2015.9671 -171.492 -215.602 -5.4 1.1 0.9 2.7
2015.9699 -168.786 -214.381 4.6 3.1 2.7 5.6
2015.9726 -176.151 -215.269 -11 1.6 1.2 3.6
2015.9753 -174.047 -214.048 0.2 1.3 1.0 3.0
2015.9781 -174.447 -213.381 0.3 1.2 0.9 2.8
2015.9808 -174.147 -215.602 -8.5 1.2 0.9 2.8
2015.9836 -175.199 -215.38 -11.4 1.2 1.0 2.8
2015.9863 -175.6 -215.269 -11.9 1.2 0.9 2.8
2015.9890 -175.349 -214.603 -8.7 1.2 0.9 2.8
2015.9918 -175.65 -216.601 -6.7 1.1 0.9 2.7
2015.9945 -177.153 -215.602 -8.6 1.1 0.9 2.7
2015.9973 -175.299 -216.712 -13 1.1 0.9 2.7
2016.0000 -171.692 -215.713 -6.9 1.7 1.5 3.8
2016.0027 -175.7 -217.045 1.2 1.4 1.0 3.2
2016.0055 -175.349 -216.268 -2.8 1.2 0.9 2.7
2016.0082 -178.255 -216.712 -3.9 1.1 0.9 2.7
2016.0110 -178.756 -214.492 -3.2 1.1 0.8 2.6
2016.0137 -175.9 -215.269 -2.9 1.1 0.9 2.7
2016.0164 -176.852 -216.823 -0.5 1.2 1.0 2.9
2016.0192 -176.552 -214.603 1 1.2 1.0 2.9
2016.0219 -178.205 -215.047 1.7 1.2 0.9 2.9
2016.0247 -176.552 -213.381 4.8 1.1 0.9 2.8
2016.0274 -175.049 -214.825 -9.1 1.1 0.9 2.7
2016.0301 -176.251 -215.491 -15.5 1.1 0.9 2.7
2016.0329 -178.005 -215.269 3.9 1.2 0.9 2.8
2016.0356 -177.754 -215.38 -7.1 1.2 1.0 2.8
2016.0384 -177.103 -216.823 -4.4 1.1 0.9 2.7
2016.0411 -177.003 -214.492 -5 1.1 0.9 2.8
2016.0438 -176.852 -215.602 -5.3 1.1 0.9 2.7
2016.0466 -176.902 -215.38 -0.6 1.1 0.9 2.7
2016.0493 -182.564 -212.715 15.6 1.1 0.9 2.6
2016.0521 -178.255 -215.158 1.3 1.4 1.0 2.9
2016.0548 -180.009 -212.937 4 1.6 1.4 3.8
2016.0575 -177.103 -217.267 -0.8 1.5 1.1 3.2
2016.0603 -178.756 -215.38 -8.1 1.2 1.0 2.8
2016.0630 -174.798 -214.159 2.5 1.2 0.9 2.8
2016.0658 -180.059 -215.269 4.8 1.1 0.9 2.7
2016.0685 -178.155 -215.269 -2.2 1.1 0.8 2.7
2016.0712 -180.459 -214.825 4 1.1 0.8 2.7
2016.0740 -178.806 -216.268 2.6 1.1 0.9 2.7
2016.0767 -179.908 -211.827 8.1 1.2 1.0 3.0
2016.0795 -179.758 -213.715 10 1.1 0.9 2.8
2016.0822 -182.113 -214.825 -0.4 1.1 0.8 2.7
2016.0849 -179.808 -214.492 -1.6 1.4 1.1 3.1
2016.0877 -179.057 -216.934 2.6 1.3 1.0 3.1
2016.0904 -180.56 -214.492 2.8 1.2 0.9 2.8
2016.0932 -179.257 -215.491 0 1.3 1.0 3.1
2016.0959 -179.357 -215.491 2.6 1.2 0.9 2.8
2016.0986 -177.353 -216.601 2.5 1.2 0.9 2.8
2016.1014 -179.808 -214.381 0.1 1.2 0.9 2.7
2016.1041 -180.61 -217.378 -0.9 1.2 0.9 2.8
2016.1068 -181.061 -216.379 1.7 1.4 1.0 3.0
2016.1096 -179.708 -216.823 -3.2 1.3 1.0 2.9
2016.1123 -178.155 -216.268 -6.1 1.2 0.9 2.8
2016.1151 -179.508 -216.934 2.6 1.4 1.1 3.1
2016.1178 -179.107 -215.713 1.3 1.4 1.0 3.0
2016.1205 -179.407 -215.602 6.4 1.2 0.9 2.9
2016.1233 -178.455 -216.157 3.9 1.3 1.0 2.9
2016.1260 -177.954 -213.826 -4.2 1.2 1.0 2.9
2016.1288 -177.604 -218.377 -12.2 2.1 1.5 3.9
2016.1315 -178.355 -217.489 -1 1.7 1.2 3.3
2016.1342 -178.906 -217.045 4.4 1.3 1.0 3.1
2016.1370 -180.259 -217.711 6 1.4 1.0 3.1
2016.1397 -180.009 -216.712 -5.1 1.2 0.9 2.8
2016.1425 -179.808 -216.823 2.1 1.1 0.8 2.7
2016.1452 -180.159 -216.268 -4.7 1.1 0.9 2.8
2016.1479 -183.065 -217.045 -3.5 1.1 0.8 2.7
2016.1507 -181.762 -219.044 -1.1 1.3 1.0 2.9
2016.1534 -178.305 -216.49 0 1.2 0.9 2.8
2016.1562 -179.457 -217.045 -1.4 1.1 0.9 2.8
2016.1589 -180.56 -216.046 -2.4 1.2 0.9 2.8
2016.1616 -179.858 -218.266 -4.6 1.2 0.9 2.8
2016.1644 -181.211 -218.71 -0.7 1.2 0.9 2.8
2016.1671 -182.814 -217.822 -5.8 1.2 0.9 2.8
2016.1699 -179.508 -217.711 -8.3 1.2 0.9 2.8
2016.1726 -181.111 -218.933 -13.4 1.2 0.9 2.8
2016.1753 -182.213 -217.711 -4.7 1.2 0.9 2.8
2016.1781 -182.263 -215.491 5.5 1.2 1.0 2.9
2016.1808 -179.057 -217.156 4.1 1.5 1.0 3.1
2016.1836 -183.766 -219.266 1.5 1.8 1.3 3.7
2016.1863 -181.461 -218.933 -0.5 1.4 1.0 3.0
2016.1890 -182.764 -219.488 -0.1 1.3 0.9 2.8
2016.1918 -183.666 -217.822 7.3 1.4 1.0 2.9
2016.1945 -180.159 -219.155 10 1.5 1.1 3.1
2016.1973 -181.461 -218.488 2.6 1.2 0.9 2.8
2016.2000 -181.912 -217.6 1.9 1.1 0.8 2.6
2016.2027 -183.315 -216.046 -0.4 1.3 0.9 3.0
2016.2055 -183.415 -219.821 -6.7 1.5 1.0 3.3
2016.2082 -184.017 -216.934 -4.8 1.5 1.0 3.2
2016.2110 -180.009 -216.712 -5.2 1.6 1.2 3.4
2016.2137 -180.159 -219.599 -4.2 1.4 1.1 3.1
2016.2164 -180.359 -218.71 2.6 1.4 1.0 3.1
2016.2192 -181.612 -219.266 -5.8 1.4 1.0 2.9
2016.2219 -182.313 -218.488 -6.8 1.2 0.9 2.9
2016.2247 -181.061 -219.821 -6.3 1.2 0.9 2.8
2016.2274 -180.76 -218.71 -1 1.3 1.0 2.9
2016.2301 -180.71 -218.933 -1.4 1.1 0.8 2.7
2016.2329 -183.816 -219.155 -3.3 1.1 0.8 2.7
2016.2356 -181.962 -218.822 2.6 1.1 0.8 2.7
2016.2384 -178.405 -219.377 -7.6 1.2 0.9 2.8
2016.2411 -180.76 -217.933 4.9 1.2 0.9 2.7
2016.2438 -176.502 -217.267 -10.2 1.3 1.0 2.9
2016.2466 -175.449 -217.045 -4.6 1.3 1.0 2.9
2016.2493 -180.159 -218.822 -6.4 1.1 0.8 2.7
2016.2521 -178.105 -217.378 -1.3 1.1 0.8 2.6
2016.2548 -178.255 -216.823 -6.8 1.2 0.9 2.8
2016.2575 -179.708 -217.156 2.8 1.3 1.0 2.9
2016.2603 -177.604 -219.044 -5.4 1.1 0.9 2.7
2016.2630 -176.602 -219.155 -2.7 1.2 0.9 2.7
2016.2658 -179.758 -217.933 -0.9 1.1 0.9 2.7
2016.2685 -181.512 -219.155 -2 1.2 0.9 2.7
2016.2712 -175.9 -218.933 -4.7 1.2 0.9 2.8
2016.2740 -180.71 -216.823 -6.4 1.1 0.8 2.6
2016.2767 -176.752 -217.489 -6.7 1.2 0.9 2.7
2016.2795 -178.305 -220.487 -7.8 1.2 0.9 2.7
2016.2822 -176.902 -219.266 -4 1.4 1.1 3.1
2016.2849 -180.81 -217.822 -1.3 1.6 1.3 3.5
2016.2877 -179.858 -219.266 -11.4 1.6 1.2 3.4
2016.2904 -178.706 -218.377 -3.9 1.1 0.9 2.7
2016.2932 -175.099 -220.376 -4.3 1.4 1.0 2.9
2016.2959 -178.506 -218.933 -5.8 1.4 1.1 3.0
2016.2986 -182.013 -219.821 -0.1 1.1 0.9 2.7
2016.3014 -185.469 -218.488 -7.7 1.1 0.8 2.7
2016.3041 -181.161 -220.598 -7 1.2 0.9 2.9
2016.3068 -179.758 -222.041 -2.4 1.1 0.8 2.7
2016.3096 -179.808 -219.932 -6.9 1.2 0.9 2.7
2016.3123 -180.51 -220.043 -6.9 1.2 0.9 2.9
2016.3151 -182.664 -219.932 -5.8 1.3 1.0 3.0
2016.3178 -179.708 -219.71 3.8 1.2 0.9 2.7
2016.3205 -179.057 -219.932 -6.1 1.1 0.9 2.7
2016.3233 -176.101 -222.041 -1.2 1.2 0.9 2.8
2016.3260 -178.055 -222.152 -4.8 1.2 0.9 2.8
2016.3288 -181.562 -221.93 -4.7 1.1 0.8 2.7
2016.3315 -182.864 -220.265 -3.6 1.2 1.0 2.9
2016.3342 -177.153 -221.93 -7.4 1.4 1.0 3.0
2016.3370 -176.752 -220.265 -18.2 1.8 1.3 3.2
2016.3397 -178.005 -221.486 -7.9 1.3 1.1 3.1
2016.3425 -180.61 -219.155 -3.9 1.1 0.9 2.7
2016.3452 -179.307 -221.264 -2 1.2 1.0 2.9
2016.3479 -178.005 -220.043 -4.1 1.5 1.2 3.3
2016.3507 -180.81 -219.266 -6.9 1.2 0.9 2.8
2016.3534 -183.165 -217.822 -4.2 2.6 1.8 4.5
2016.3562 -182.313 -218.155 -8.9 1.4 1.2 3.3
2016.3589 -181.762 -219.266 -14.7 1.4 1.1 3.2
2016.3616 -182.564 -221.708 -9.5 1.1 0.8 2.6
2016.3644 -182.013 -220.931 -6.6 1.1 0.9 2.6
2016.3671 -180.159 -220.376 -6.8 1.3 1.0 3.0
2016.3699 -183.916 -219.71 -6.4 1.4 1.2 3.1
2016.3726 -181.662 -221.042 1.1 1.4 1.0 3.1
2016.3753 -182.063 -218.488 -2 1.5 1.1 3.1
2016.3781 -179.207 -219.044 -5.3 1.2 1.0 2.8
2016.3808 -181.261 -222.485 -0.7 1.3 1.0 2.9
2016.3836 -180.81 -221.486 1.5 1.3 1.0 3.0
2016.3863 -181.411 -222.263 -6.9 1.2 0.9 2.8
2016.3890 -183.866 -221.819 0.6 1.5 1.1 3.1
2016.3918 -182.964 -219.932 3 1.2 1.0 2.9
2016.3945 -185.369 -219.488 1.6 1.1 0.9 2.7
2016.3973 -182.614 -219.044 0.3 1.1 0.9 2.7
2016.4000 -179.858 -219.488 2.6 1.1 0.8 2.6
2016.4027 -182.864 -219.821 -0.2 1.1 0.8 2.6
2016.4055 -184.618 -221.597 -5.9 1.3 1.1 3.0
2016.4082 -181.261 -220.154 -8.7 1.2 1.0 2.8
2016.4110 -182.764 -221.375 -5 1.1 0.9 2.7
2016.4137 -182.764 -220.154 -1.8 1.2 1.0 2.9
2016.4164 -179.508 -219.821 -5.6 1.2 0.9 2.7
2016.4192 -178.205 -221.153 -2.3 1.2 0.9 2.7
2016.4219 -180.259 -222.485 3.7 1.1 0.8 2.6
2016.4247 -182.664 -222.596 -1.3 1.1 0.8 2.6
2016.4274 -183.716 -222.152 -2.2 1.1 0.8 2.6
2016.4301 -182.764 -219.932 1 1.4 1.0 3.1
2016.4329 -181.862 -222.485 -10.3 1.5 1.2 3.3
2016.4356 -182.514 -222.041 -2.7 1.2 0.9 2.8
2016.4384 -183.716 -222.152 2 1.1 0.9 2.7
2016.4411 -183.415 -221.819 -3.2 1.1 0.9 2.6
2016.4438 -181.011 -223.373 -3.2 1.2 1.0 2.8
2016.4466 -180.259 -220.931 7.5 1.2 1.0 2.9
2016.4493 -182.564 -222.485 1.5 1.3 1.0 2.9
2016.4521 -183.215 -222.596 4.6 1.2 0.9 2.7
2016.4548 -184.467 -219.488 -4.9 1.2 0.9 2.7
2016.4575 -182.964 -221.486 7.3 1.4 1.1 3.0
2016.4603 -182.413 -221.486 3.4 1.2 0.9 2.7
2016.4630 -184.217 -217.933 1.4 1.3 1.0 2.9
2016.4658 -185.419 -221.819 6.8 1.3 1.0 2.9
2016.4685 -182.213 -221.042 -1.4 1.2 0.9 2.7
2016.4712 -184.718 -222.152 5.9 1.1 0.8 2.6
2016.4740 -184.518 -223.706 4.1 1.1 0.9 2.6
2016.4767 -182.113 -220.265 -2.3 1.2 0.9 2.7
2016.4795 -184.417 -218.71 -1.7 1.1 0.9 2.6
2016.4822 -189.227 -220.376 1.8 1.5 1.2 3.1
2016.4849 -181.562 -220.043 3.2 1.1 0.9 2.6
2016.4877 -179.057 -227.148 8.2 1.2 1.0 2.9
2016.4904 -186.471 -222.152 7 1.2 0.9 2.7
2016.4932 -183.315 -220.598 5.8 1.2 1.0 2.8
2016.4959 -186.021 -221.597 1.9 1.1 0.9 2.7
2016.4986 -180.81 -222.929 -2.1 1.1 0.9 2.7
2016.5014 -183.766 -222.596 3 1.2 0.9 2.8
2016.5041 -182.063 -224.039 3.3 1.2 0.9 2.7
2016.5068 -186.722 -223.484 7.3 1.2 0.9 2.9
2016.5096 -182.814 -221.375 5.5 1.2 0.9 2.8
2016.5123 -182.714 -224.373 0.1 1.1 0.8 2.7
2016.5151 -186.221 -222.485 6.7 1.1 0.8 2.6
2016.5178 -183.916 -225.705 0.9 1.8 1.1 3.3
2016.5205 -176.852 -228.702 4.6 2.0 1.1 3.5
2016.5233 -188.826 -224.262 -2.8 1.4 1.0 2.9
2016.5260 -182.814 -220.265 3.4 1.2 0.9 2.7
2016.5288 -186.421 -221.153 -3.8 1.2 0.9 2.7
2016.5315 -183.165 -224.039 -2.1 1.5 1.1 3.1
2016.5342 -184.117 -222.818 -6.5 1.2 0.9 2.7
2016.5370 -179.357 -222.818 -1 1.2 0.9 2.8
2016.5397 -181.862 -224.706 -0.7 1.3 0.9 2.8
2016.5425 -183.465 -225.372 0.9 1.2 0.9 2.8
2016.5452 -191.682 -216.934 -4.3 1.4 0.9 2.8
2016.5479 -187.223 -224.262 -1.7 1.1 0.8 2.6
2016.5507 -189.878 -221.153 -2.3 1.1 0.8 2.6
2016.5534 -193.786 -220.043 5.1 1.3 1.0 2.9
2016.5562 -187.023 -222.596 2.4 1.1 0.8 2.6
2016.5589 -189.177 -221.597 4.3 1.6 0.9 2.9
2016.5616 -183.866 -222.596 1.5 1.2 0.9 2.8
2016.5644 -185.72 -227.037 2 1.1 0.8 2.6
2016.5671 -187.724 -221.264 -6 1.9 1.2 3.6
2016.5699 -186.221 -230.035 10.2 1.2 0.9 2.7
2016.5726 -185.57 -222.152 -0.5 1.1 0.9 2.6
2016.5753 -180.109 -226.815 0.8 1.6 1.0 3.0
2016.5781 -183.415 -223.595 0.7 1.3 0.9 2.8
2016.5808 -182.914 -225.039 1.6 1.2 0.9 2.7
2016.5836 -187.373 -223.151 7.3 1.1 0.8 2.6
2016.5863 -189.427 -222.707 0.3 1.1 0.8 2.6
2016.5890 -188.526 -222.485 -1.8 1.1 0.9 2.7
2016.5918 -194.387 -224.484 -23.7 1.9 1.2 3.5
2016.5945 -188.075 -226.371 -3.1 1.7 1.0 3.2
2016.5973 -187.774 -223.928 1.8 1.5 1.0 2.9
2016.6000 -186.471 -221.375 4.9 1.3 0.9 2.9
2016.6027 -188.626 -224.15 1.9 1.4 0.9 2.7
2016.6055 -185.77 -220.376 3.7 1.6 1.0 2.9
2016.6082 -180.91 -225.039 2.1 1.5 1.0 3.1
2016.6110 -188.676 -222.596 0.2 1.4 1.0 3.0
2016.6137 -188.626 -220.265 -2.5 1.2 0.9 2.7
2016.6164 -189.578 -224.373 -0.1 1.5 1.0 2.8
2016.6192 -187.023 -224.039 -4.2 1.2 0.9 2.7
2016.6219 -183.516 -223.373 9.7 1.2 0.8 2.6
2016.6247 -183.616 -222.596 8 1.2 0.9 2.7
2016.6274 -189.578 -223.262 5.3 1.4 0.9 2.8
2016.6301 -189.377 -221.708 -4.3 1.2 0.9 2.6
2016.6329 -190.129 -223.373 -9.2 1.3 0.9 2.8
2016.6356 -186.772 -225.816 -0.9 1.3 0.9 2.7
2016.6384 -186.622 -225.705 0.8 1.3 0.9 2.8
2016.6411 -188.075 -223.373 1.7 1.1 0.8 2.6
2016.6438 -185.92 -224.15 2.5 1.2 0.9 2.7
2016.6466 -185.069 -223.928 5.8 1.4 1.0 2.9
2016.6493 -190.329 -223.817 -9 1.7 1.0 3.1
2016.6521 -196.942 -224.373 11.7 1.3 0.9 2.8
2016.6548 -187.323 -223.04 -4.2 1.2 0.9 2.6
2016.6575 -191.031 -224.262 1.5 1.2 0.9 2.7
2016.6603 -187.524 -225.261 -0.1 1.1 0.8 2.6
2016.6630 -188.676 -224.262 0.2 1.3 0.9 2.7
2016.6658 -183.766 -223.262 5.4 1.7 1.1 3.2
2016.6685 -189.377 -223.817 0.8 1.3 0.9 2.7
2016.6712 -190.029 -224.817 -1.7 1.9 1.2 3.6
2016.6740 -187.924 -223.706 1.9 2.0 1.2 3.5
2016.6767 -186.021 -225.927 0.8 2.1 1.3 3.9
2016.6795 -187.574 -222.374 4.2 1.6 1.0 3.1
2016.6822 -188.025 -222.707 7.7 1.5 1.0 2.9
2016.6849 -187.624 -225.372 10.6 1.2 0.9 2.7
2016.6877 -187.674 -223.817 9.5 1.4 0.9 2.8
2016.6904 -187.774 -223.928 -2.9 1.9 1.2 3.4
2016.6932 -188.826 -223.04 7.8 1.1 0.9 2.6
2016.6959 -187.323 -224.706 8.2 1.2 0.9 2.7
2016.6986 -189.077 -224.039 -0.6 1.2 0.9 2.7
2016.7014 -186.972 -223.706 6.8 1.1 0.8 2.6
2016.7041 -188.125 -223.928 12.4 1.4 0.9 2.8
2016.7068 -192.333 -222.152 8.1 1.5 0.9 2.9
2016.7096 -188.876 -224.928 5 1.7 1.1 3.3
2016.7123 -186.071 -226.26 5.7 1.1 0.9 2.8
2016.7151 -187.824 -224.817 8.5 1.1 0.8 2.6
2016.7178 -188.576 -226.482 0.9 1.4 0.9 2.7
2016.7205 -189.327 -227.037 4.2 1.5 1.0 2.9
2016.7233 -190.479 -227.592 11.2 1.6 1.0 3.0
2016.7260 -186.021 -229.59 12.5 1.3 0.9 2.7
2016.7288 -183.916 -226.482 7.6 1.2 0.9 2.7
2016.7315 -185.82 -229.813 5 1.1 0.8 2.7
2016.7342 -188.125 -226.038 4.7 1.1 0.8 2.6
2016.7370 -188.876 -226.038 3.4 1.4 1.0 2.9
2016.7397 -187.423 -224.817 3.9 1.7 1.1 3.1
2016.7425 -188.125 -228.147 -2.5 1.8 1.3 3.6
2016.7452 -187.123 -227.037 2.2 2.1 1.4 3.6
2016.7479 -187.223 -225.483 -0.8 1.8 1.2 3.4
2016.7507 -187.173 -227.814 -0.2 1.4 0.9 2.8
2016.7534 -187.624 -226.26 1.4 1.5 1.0 3.0
2016.7562 -187.774 -224.484 -14.2 1.6 1.0 3.0
2016.7589 -186.421 -227.814 7 1.4 0.9 2.8
2016.7616 -195.59 -232.366 1.4 1.8 1.2 3.4
2016.7644 -184.918 -227.37 1.6 1.5 0.9 2.8
2016.7671 -184.417 -226.926 -0.3 1.1 0.8 2.6
2016.7699 -188.025 -225.816 0.8 1.2 0.8 2.7
2016.7726 -187.724 -227.148 -2.5 1.3 0.9 2.8
2016.7753 -188.275 -227.592 7.4 1.3 0.9 2.7
2016.7781 -188.075 -225.261 3.9 1.3 0.9 2.7
2016.7808 -189.327 -227.814 3.9 1.2 0.9 2.7
2016.7836 -184.718 -227.37 2.9 1.1 0.8 2.6
2016.7863 -188.475 -226.371 2.5 2.3 1.6 4.1
2016.7890 -185.57 -227.592 5 1.7 1.1 3.5
2016.7918 -188.876 -227.814 13 1.2 0.9 2.8
2016.7945 -188.375 -226.593 6.5 1.3 0.9 2.8
2016.7973 -186.922 -227.259 7.7 1.5 1.0 3.0
2016.8000 -188.025 -228.147 4.9 1.3 0.9 2.8
2016.8027 -189.928 -226.704 5.5 1.2 0.8 2.6
2016.8055 -188.526 -227.592 3.8 1.0 0.8 2.6
2016.8082 -187.574 -227.37 7.6 1.1 0.8 2.6
2016.8110 -189.227 -227.814 5.8 1.2 0.9 2.7
2016.8137 -188.425 -228.702 -1.9 1.2 0.9 2.7
2016.8164 -190.129 -227.37 -2.1 1.7 1.1 3.1
2016.8192 -192.083 -227.481 1.6 2.2 1.4 3.5
2016.8219 -183.415 -232.477 16.6 2.0 1.4 3.7
2016.8247 -189.728 -226.482 5.4 1.7 1.2 3.2
2016.8274 -189.628 -228.924 8.2 1.3 0.9 2.8
2016.8301 -188.375 -227.259 4.4 1.7 1.3 3.5
2016.8329 -188.125 -227.259 10 1.7 1.1 3.3
2016.8356 -190.129 -229.146 3.7 1.2 0.9 2.7
2016.8384 -187.774 -227.148 11.4 1.2 1.0 2.9
2016.8411 -192.934 -227.037 15.6 1.2 0.9 2.8
2016.8438 -189.728 -230.923 4.9 1.6 1.1 3.2
2016.8466 -188.776 -227.703 -1.2 1.2 0.9 2.7
2016.8493 -184.768 -229.813 0.7 1.1 0.9 2.7
2016.8521 -186.622 -227.925 8.2 1.2 0.9 2.8
2016.8548 -189.027 -229.368 0.9 1.1 0.8 2.6
2016.8575 -184.868 -227.37 4.9 1.1 0.9 2.7
2016.8603 -185.219 -226.815 8.7 1.2 1.0 2.9
2016.8630 -189.578 -229.368 7.4 1.5 1.1 3.3
2016.8658 -189.878 -232.81 2.7 1.3 0.9 2.8
2016.8685 -188.626 -222.929 -3.1 1.3 1.0 2.9
2016.8712 -187.574 -228.036 2.5 1.3 1.0 2.9
2016.8740 -190.279 -226.926 3.2 1.2 0.9 2.7
2016.8767 -187.473 -228.369 4.7 1.1 0.8 2.7
2016.8795 -189.177 -230.035 -3.8 1.1 0.9 2.7
2016.8822 -191.982 -229.59 -8.3 1.1 0.8 2.6
2016.8849 -190.58 -230.146 -4.5 1.1 0.8 2.7
2016.8877 -188.726 -229.479 2.4 1.1 0.8 2.7
2016.8904 -190.63 -228.702 2.8 1.1 0.9 2.7
2016.8932 -188.926 -228.813 5.9 1.1 0.9 2.7
2016.8959 -191.231 -229.146 1.6 1.2 0.9 2.7
2016.8986 -189.127 -228.702 4.9 1.3 0.9 2.7
2016.9014 -185.92 -227.148 5.2 1.4 1.1 3.1
2016.9041 -186.572 -228.702 9.7 1.4 1.0 2.9
2016.9068 -190.179 -230.479 4.1 1.4 0.9 2.9
2016.9096 -188.776 -230.368 5.1 1.3 0.9 2.8
2016.9123 -188.976 -228.48 3.5 1.1 0.8 2.6
2016.9151 -188.375 -228.813 1.9 1.1 0.8 2.6
2016.9178 -188.726 -229.257 -0.8 1.1 0.8 2.6
2016.9205 -188.325 -231.367 0.4 1.2 0.9 2.7
2016.9233 -190.179 -231.589 4.5 1.1 0.9 2.7
2016.9260 -190.68 -229.368 5.3 1.1 0.8 2.6
2016.9288 -192.634 -228.036 3.8 1.1 0.8 2.6
2016.9315 -191.381 -229.368 -5.5 1.1 0.8 2.6
2016.9342 -191.231 -229.368 -2.4 1.2 0.9 2.7
2016.9370 -192.283 -229.924 -5.5 1.2 0.9 2.8
2016.9397 -196.441 -229.035 -11.2 1.3 0.9 2.8
2016.9425 -191.081 -230.59 -0.4 1.4 1.0 2.8
2016.9452 -192.433 -228.591 2.5 1.2 0.9 2.7
2016.9479 -193.085 -231.034 -3.5 1.2 0.9 2.7
2016.9507 -193.636 -229.924 0.4 1.1 0.9 2.7
2016.9534 -195.038 -231.589 2.1 1.1 0.8 2.7
2016.9562 -193.485 -229.146 -4 1.1 0.8 2.7
2016.9589 -192.534 -230.146 -2 1.1 0.8 2.6
2016.9616 -192.834 -229.035 2.4 1.1 0.8 2.6
2016.9644 -193.335 -229.813 1.7 1.1 0.8 2.6
2016.9671 -191.381 -231.256 9 1.3 0.9 2.7
2016.9699 -192.233 -230.812 21 1.2 0.9 2.7
2016.9726 -190.98 -230.257 10 1.1 0.9 2.7
2016.9753 -192.383 -229.368 9 1.5 1.0 3.1
2016.9781 -191.281 -231.811 5.9 1.4 1.0 2.9
2016.9808 -193.686 -232.255 -1.4 1.3 0.9 2.8
2016.9836 -193.485 -231.367 2.8 1.2 0.9 2.8
2016.9863 -191.281 -232.144 10.3 1.3 1.0 2.9
2016.9890 -193.185 -231.478 17.9 1.3 1.0 2.9
2016.9918 -192.383 -229.59 8.2 1.2 0.8 2.6
2016.9945 -192.984 -229.257 0.3 1.1 0.8 2.7
2016.9973 -193.185 -227.148 -0.7 1.1 0.9 2.7
2017.0000 -194.437 -229.035 8.4 1.1 0.8 2.6
2017.0027 -197.694 -230.59 1.5 1.3 1.0 2.9
2017.0027 -198.796 -231.478 -1.8 1.4 1.0 2.9
2017.0055 -193.185 -233.365 -6.7 1.3 0.9 2.8
2017.0082 -192.684 -234.475 -6.4 1.3 0.9 2.9
2017.0110 -195.339 -233.365 -4.6 1.2 0.9 2.8
2017.0137 -195.79 -232.921 3.6 1.2 0.8 2.7
2017.0164 -196.642 -230.368 -1.1 1.3 0.9 2.8
2017.0192 -192.233 -231.478 -4.2 1.3 1.0 2.9
2017.0219 -194.638 -231.589 -4.1 1.3 0.9 2.8
2017.0247 -195.389 -230.479 -0.7 1.1 0.8 2.6
2017.0274 -196.692 -229.813 -3.3 1.2 0.9 2.7
2017.0301 -195.389 -229.59 1.3 1.1 0.9 2.7
2017.0329 -195.99 -229.035 -3.4 1.1 0.8 2.6
2017.0356 -194.087 -227.814 2.1 1.1 0.9 2.7
2017.0384 -191.882 -230.146 1.9 1.1 0.8 2.6
2017.0411 -192.534 -231.478 0.4 1.1 0.8 2.6
2017.0438 -193.034 -231.367 1 1.1 0.8 2.7
2017.0466 -190.179 -228.813 4.7 1.1 0.8 2.7
2017.0493 -189.878 -228.924 10.9 1.6 1.1 3.4
2017.0521 -193.285 -229.368 11.7 1.3 0.9 2.8
2017.0548 -193.586 -230.812 6.7 1.2 0.9 2.7
2017.0575 -193.736 -230.701 7.2 1.2 0.9 2.7
2017.0603 -193.485 -229.368 5.7 1.2 0.8 2.7
2017.0630 -192.133 -229.368 10.4 1.1 0.8 2.6
2017.0658 -192.433 -230.257 9.8 1.1 0.8 2.7
2017.0685 -191.181 -233.587 -0.7 1.2 0.9 2.7
2017.0712 -190.53 -232.921 8.2 1.3 0.9 2.8
2017.0740 -190.93 -229.924 8.7 1.4 1.0 2.9
2017.0767 -193.085 -232.144 8.4 1.2 0.9 2.7
2017.0795 -192.283 -231.811 9.6 1.2 0.8 2.7
2017.0822 -194.337 -232.81 -2.2 1.2 0.9 2.7
2017.0849 -194.988 -231.811 -0.6 1.5 1.0 3.1
2017.0877 -197.744 -232.033 -0.6 1.6 1.0 3.0
2017.0904 -195.59 -230.701 -5.4 1.2 0.9 2.7
2017.0932 -194.638 -231.256 1.2 1.3 0.9 2.9
2017.0959 -191.381 -232.366 -3.2 1.2 0.9 2.8
2017.0986 -195.64 -231.145 -13 1.3 0.9 2.9
2017.1014 -194.487 -231.589 1 1.1 0.8 2.7
2017.1041 -196.692 -230.035 3 1.2 0.9 2.7
2017.1068 -197.243 -230.812 -1.4 1.1 0.8 2.7
2017.1096 -194.337 -229.924 5.3 1.1 0.9 2.7
2017.1123 -194.137 -231.811 0.4 1.2 0.8 2.7
2017.1151 -193.836 -232.144 9.7 1.1 0.8 2.6
2017.1178 -197.694 -235.142 10 1.1 0.8 2.6
2017.1205 -194.588 -232.033 7.1 1.1 0.8 2.6
2017.1233 -189.177 -231.7 0.4 1.1 0.8 2.6
2017.1260 -193.285 -231.367 6 1.2 0.8 2.7
2017.1288 -193.385 -231.367 6.8 1.3 0.9 2.8
2017.1315 -195.439 -233.143 4.3 1.4 1.0 3.1
2017.1342 -197.343 -231.256 2.7 1.3 0.9 2.8
2017.1370 -195.69 -232.033 -0.8 1.3 0.9 2.7
2017.1397 -194.938 -232.699 1.5 1.2 0.9 2.9
2017.1425 -195.089 -233.365 1 1.1 0.8 2.7
2017.1452 -195.489 -234.031 1.2 1.3 0.9 2.8
2017.1479 -195.89 -234.586 -5.9 1.2 0.9 2.8
2017.1507 -199.948 -233.254 -3.9 1.4 1.0 2.9
2017.1534 -198.345 -233.92 5.9 1.1 0.9 2.7
2017.1562 -199.147 -231.478 5 1.1 0.8 2.6
2017.1589 -199.297 -233.698 1.4 1.3 0.9 2.8
2017.1616 -196.191 -232.699 5.8 1.1 0.8 2.7
2017.1644 -195.94 -232.588 -0.7 1.7 1.3 3.5
2017.1671 -197.493 -235.142 9 1.5 1.2 3.3
2017.1699 -194.287 -233.698 8.5 1.6 1.2 3.2
2017.1726 -196.341 -234.919 2.2 1.4 1.1 3.2
2017.1753 -193.886 -234.364 5.3 1.3 0.9 2.9
2017.1781 -192.734 -232.699 -3.7 1.4 1.0 3.0
2017.1808 -196.441 -232.921 0.8 1.3 1.0 2.7
2017.1836 -194.237 -233.476 -0.1 1.2 0.9 2.8
2017.1863 -194.387 -235.475 -2.9 1.3 1.0 2.9
2017.1890 -195.289 -235.808 -2.5 1.3 1.0 3.0
2017.1918 -192.984 -235.142 -2 1.1 0.9 2.7
2017.1945 -191.932 -236.252 2.9 1.2 0.8 2.6
2017.1973 -194.137 -234.586 8.4 1.1 0.8 2.6
2017.2000 -194.938 -237.029 5 1.1 0.8 2.6
2017.2027 -197.493 -235.364 3.6 1.1 0.9 2.7
2017.2055 -194.888 -235.808 -1.6 1.1 0.9 2.7
2017.2082 -193.085 -234.919 0.3 1.1 0.8 2.6
2017.2110 -194.688 -235.253 3.1 1.1 0.8 2.6
2017.2137 -195.139 -234.586 7 1.1 0.8 2.6
2017.2164 -195.99 -235.253 2 1.2 0.9 2.7
2017.2192 -196.892 -233.143 4.8 1.4 1.1 3.2
2017.2219 -194.888 -232.477 3 1.5 1.2 3.2
2017.2247 -195.139 -235.142 3.1 1.3 0.9 2.8
2017.2274 -195.74 -233.809 1.4 1.1 0.9 2.7
2017.2301 -194.788 -234.142 4.8 1.1 0.8 2.7
2017.2329 -196.391 -233.476 5.9 1.1 0.8 2.7
2017.2356 -193.285 -233.809 5.1 1.7 1.4 3.7
2017.2384 -193.335 -235.586 1.5 1.4 1.3 3.3
2017.2411 -196.141 -236.474 4.6 1.4 1.0 3.1
2017.2438 -190.179 -235.808 0.6 1.4 1.1 3.1
2017.2466 -193.836 -235.364 0.9 1.6 1.3 3.5
2017.2493 -197.343 -236.252 1.8 1.4 1.1 3.1
2017.2521 -195.089 -233.698 8 1.2 0.9 2.8
2017.2548 -196.541 -235.142 -4.8 1.2 0.9 2.7
2017.2575 -195.74 -235.475 1.5 1.3 1.0 3.0
2017.2603 -195.94 -236.252 8.3 1.2 0.9 2.7
2017.2630 -196.04 -234.031 5.8 1.3 1.0 3.0
2017.2658 -195.74 -233.809 -0.4 1.2 0.9 2.8
2017.2685 -195.84 -233.698 2.6 1.2 1.0 2.9
2017.2712 -197.894 -233.365 2.3 1.5 1.3 3.3
2017.2740 -196.091 -236.474 -2.2 1.0 0.8 2.6
2017.2767 -196.742 -236.918 -3.5 1.2 1.0 2.9
2017.2795 -196.391 -236.474 -5.7 1.2 0.9 2.8
2017.2822 -195.439 -235.697 -2.4 1.1 0.8 2.7
2017.2849 -198.195 -233.032 -4 1.4 1.1 3.1
2017.2877 -197.093 -236.252 2.8 1.1 0.9 2.7
2017.2904 -194.036 -236.585 -4.7 1.1 0.9 2.7
2017.2932 -197.994 -235.031 -0.4 1.1 0.9 2.7
2017.2959 -196.291 -235.586 -3.7 1.1 0.9 2.7
2017.2986 -198.044 -235.031 4 1.3 1.0 2.9
2017.3014 -197.443 -235.697 -2.9 1.5 1.3 3.5
2017.3041 -194.137 -235.142 -0.3 1.2 0.9 2.7
2017.3068 -198.696 -235.253 2 1.8 1.4 3.8
2017.3096 -199.347 -235.697 -2.2 1.7 1.3 3.7
2017.3123 -200.199 -236.474 -2.3 1.4 1.1 3.1
2017.3151 -196.391 -235.808 -0.6 1.3 1.1 2.9
2017.3178 -196.491 -234.586 10.3 1.1 0.9 2.7
2017.3205 -196.642 -236.807 0.1 1.2 0.9 2.9
2017.3233 -197.093 -236.696 -1.4 1.2 1.0 2.9
2017.3260 -198.345 -234.475 4.2 1.2 0.9 2.8
2017.3288 -197.594 -237.14 -3 1.2 0.9 2.7
2017.3315 -197.093 -236.807 3.2 1.1 0.8 2.6
2017.3342 -196.792 -235.586 3.4 1.1 0.8 2.7
2017.3370 -194.688 -234.475 -1.9 1.1 0.9 2.7
2017.3397 -195.289 -234.586 6.6 1.1 0.9 2.7
2017.3425 -195.439 -234.808 6.2 1.1 0.8 2.7
2017.3452 -195.69 -236.363 -2.7 1.1 0.8 2.7
2017.3479 -198.095 -235.364 -1 1.2 0.9 2.7
2017.3507 -197.193 -237.029 4.2 1.1 0.9 2.7
2017.3534 -196.792 -235.253 -1.7 1.1 0.9 2.7
2017.3562 -193.736 -238.139 2.3 1.1 0.8 2.7
2017.3589 -193.636 -237.029 -4.5 1.1 0.8 2.6
2017.3616 -197.443 -236.918 -4.8 1.2 0.9 2.7
2017.3644 -197.944 -237.251 -3.7 1.1 0.8 2.6
2017.3671 -196.742 -238.139 -1.4 1.1 0.9 2.7
2017.3699 -196.341 -236.363 0.6 1.2 1.0 2.9
2017.3726 -196.191 -238.139 5.3 1.2 0.9 2.7
2017.3753 -195.489 -238.028 1.1 1.2 1.0 2.8
2017.3781 -199.798 -236.03 -4.1 1.3 1.0 2.9
2017.3808 -200.85 -237.806 2 1.4 1.0 3.0
2017.3836 -199.547 -235.031 1.6 1.7 1.3 3.3
2017.3863 -197.994 -237.917 0.6 1.3 1.1 2.9
2017.3890 -193.185 -241.137 1.1 1.3 1.0 2.9
2017.3918 -198.696 -236.252 5.2 1.2 0.9 2.8
2017.3945 -201.702 -232.255 -5.8 1.1 0.8 2.6
2017.3973 -197.243 -236.363 1.9 1.0 0.8 2.6
2017.4000 -197.493 -237.251 -0.6 1.1 0.9 2.6
2017.4027 -197.844 -237.251 -0.7 1.1 0.8 2.6
2017.4055 -200.399 -235.808 -2.3 1.7 1.4 4.1
2017.4082 -196.391 -238.139 -1.8 1.4 1.0 3.0
2017.4110 -197.193 -236.918 1.8 1.2 0.9 2.7
2017.4137 -195.84 -237.029 5.2 1.1 0.8 2.6
2017.4164 -194.938 -239.471 1.3 1.1 0.9 2.6
2017.4192 -194.838 -236.03 3.5 1.1 0.9 2.8
2017.4219 -195.74 -238.583 2.6 1.3 0.9 2.8
2017.4247 -195.89 -238.139 -0.2 1.0 0.8 2.6
2017.4274 -197.243 -235.142 0.4 1.1 0.9 2.6
2017.4301 -196.04 -235.919 5.2 1.1 0.9 2.6
2017.4329 -195.439 -237.695 4.8 1.2 0.9 2.8
2017.4356 -196.491 -237.473 1.5 1.1 0.8 2.6
2017.4384 -196.892 -237.251 4.5 1.1 0.8 2.6
2017.4411 -198.746 -234.253 4.8 1.1 0.8 2.6
2017.4438 -195.339 -239.471 9.2 1.2 0.9 2.8
2017.4466 -197.193 -237.584 7.9 1.2 0.9 2.8
2017.4493 -192.534 -234.697 2.7 1.1 0.9 2.8
2017.4521 -194.588 -236.141 3.1 1.2 0.9 2.7
2017.4548 -200.65 -238.028 4.7 1.1 0.8 2.7
2017.4575 -191.532 -236.918 12.5 1.6 1.1 3.2
2017.4603 -195.59 -236.585 5.8 1.5 1.0 3.0
2017.4630 -197.443 -237.584 -5.3 1.2 1.0 2.9
2017.4658 -196.642 -236.807 -0.5 1.2 0.9 2.7
2017.4685 -198.345 -239.471 5.3 1.1 0.8 2.6
2017.4712 -199.948 -235.919 5.1 1.1 0.8 2.6
2017.4740 -199.447 -238.694 1.8 1.1 0.9 2.7
2017.4767 -198.295 -237.473 0.8 1.1 0.9 2.7
2017.4795 -198.846 -238.139 -1.8 1.3 0.9 2.8
2017.4822 -199.147 -241.248 -2.6 1.3 1.0 2.9
2017.4849 -198.195 -237.695 9.2 1.2 0.9 2.7
2017.4877 -202.403 -238.472 3 1.1 0.8 2.7
2017.4904 -199.497 -238.583 5.9 1.1 0.9 2.7
2017.4932 -198.295 -237.029 6 1.2 0.9 2.8
2017.4959 -212.774 -240.359 6.4 1.1 0.9 2.7
2017.4986 -213.676 -238.694 -4.8 1.5 1.0 2.9
2017.5014 -198.095 -235.697 8.5 1.4 1.0 2.9
2017.5041 -197.644 -238.472 -1 1.1 0.9 2.7
2017.5068 -199.297 -237.917 8.5 1.1 0.8 2.6
2017.5096 -194.036 -236.03 -5 1.1 0.8 2.6
2017.5123 -199.497 -239.582 6.2 1.1 0.9 2.7
2017.5151 -200.349 -231.922 5.9 1.2 0.9 2.7
2017.5178 -198.245 -239.915 -4 1.1 0.8 2.6
2017.5205 -194.337 -240.026 0.2 1.3 0.9 2.7
2017.5233 -195.439 -236.474 -0.3 1.2 0.9 2.7
2017.5260 -198.746 -237.917 5.5 1.1 0.9 2.7
2017.5288 -199.297 -238.139 4.3 1.2 0.9 2.8
2017.5315 -198.896 -239.915 6 1.2 0.8 2.6
2017.5342 -198.445 -237.362 0 1.1 0.8 2.6
2017.5370 -202.203 -238.25 12.9 1.1 0.8 2.6
2017.5397 -200.6 -237.584 5.9 1.7 1.1 3.4
2017.5425 -188.926 -226.926 10.3 1.9 1.2 3.6
2017.5452 -217.483 -237.362 1 1.4 1.0 3.0
2017.5479 -201.652 -236.918 6.6 1.1 0.8 2.6
2017.5507 -201.602 -242.025 -10.4 1.1 0.8 2.6
2017.5534 -206.01 -235.697 1.9 1.6 1.1 3.1
2017.5562 -206.962 -235.697 -4.8 1.4 1.0 3.1
2017.5589 -205.96 -238.805 5.5 1.5 1.1 3.1
2017.5616 -201.401 -244.356 11.3 1.4 1.0 2.9
2017.5644 -198.746 -237.584 -4.7 1.2 0.9 2.8
2017.5671 -203.555 -240.471 -3.8 1.4 1.0 2.9
2017.5699 -199.748 -240.471 -3.3 1.1 0.8 2.6
2017.5726 -202.804 -239.915 5.1 1.2 0.9 2.7
2017.5753 -199.848 -238.805 3.1 1.1 0.8 2.7
2017.5781 -198.445 -240.137 3.2 1.1 0.9 2.6
2017.5808 -200.75 -242.025 -4.6 1.1 0.8 2.6
2017.5836 -199.598 -239.027 -2.9 1.2 0.9 2.7
2017.5863 -203.405 -239.804 0.7 1.1 0.8 2.6
2017.5890 -199.648 -240.026 3.7 1.1 0.9 2.7
2017.5918 -201.652 -239.471 8 1.7 1.1 3.2
2017.5945 -200.199 -236.252 -10 1.7 1.0 3.2
2017.5973 -201.301 -239.804 1.8 1.3 0.9 2.8
2017.6000 -200.9 -241.026 6.1 1.2 0.9 2.7
2017.6027 -206.461 -242.691 8.9 1.1 0.8 2.6
2017.6055 -199.547 -240.471 3 1.2 0.9 2.7
2017.6082 -197.293 -241.47 6.6 1.2 0.9 2.7
2017.6110 -200.7 -242.469 3.7 1.2 0.9 2.8
2017.6137 -197.744 -240.915 5.7 1.2 0.9 2.7
2017.6164 -197.694 -241.47 8.1 1.2 0.9 2.7
2017.6192 -199.848 -239.471 4.1 1.1 0.9 2.7
2017.6219 -198.796 -238.583 8.3 1.1 0.8 2.6
2017.6247 -199.798 -250.573 -4 1.2 0.9 2.7
2017.6274 -196.792 -239.36 9.3 1.6 1.0 3.1
2017.6301 -202.052 -239.582 3.4 1.9 1.2 3.3
2017.6329 -200.6 -241.359 5.9 1.7 1.0 3.0
2017.6356 -202.303 -241.581 5 1.5 1.0 3.2
2017.6384 -203.656 -234.808 -1.9 1.2 0.9 2.7
2017.6411 -201.902 -242.025 15.2 2.0 1.1 3.4
2017.6438 -197.694 -238.25 4.9 2.3 1.5 4.1
2017.6466 -202.153 -241.803 11.9 1.6 1.0 3.2
2017.6493 -199.998 -240.137 16.4 1.2 0.9 2.7
2017.6521 -199.898 -240.915 11.3 1.1 0.8 2.6
2017.6548 -202.002 -239.915 6.5 1.3 0.9 2.7
2017.6575 -208.265 -239.471 4 1.3 0.9 2.7
2017.6603 -202.403 -241.026 10.4 1.2 0.9 2.7
2017.6630 -201.401 -242.58 9.1 1.2 0.9 2.7
2017.6658 -200.499 -242.913 14.1 1.6 1.1 3.2
2017.6685 -203.355 -239.138 5.5 1.3 0.9 2.9
2017.6712 -198.646 -239.36 6.9 1.5 1.0 2.9
2017.6740 -202.002 -238.916 4.8 1.4 0.9 2.8
2017.6767 -200.099 -239.249 -6.3 1.3 0.9 2.9
2017.6795 -195.038 -241.359 16.5 1.2 0.9 2.7
2017.6822 -199.798 -244.467 -1 1.3 0.9 2.7
2017.6849 -200.65 -246.466 3.5 1.6 1.0 3.2
2017.6877 -200.249 -242.691 11.8 2.1 1.5 3.8
2017.6904 -200.299 -243.579 7.5 1.1 0.8 2.6
2017.6932 -201.451 -241.803 10.7 1.1 0.8 2.7
2017.6959 -202.052 -242.136 10.3 1.3 0.9 2.8
2017.6986 -202.704 -242.136 -1.4 1.4 1.0 3.0
2017.7014 -200.199 -241.359 2.1 1.4 0.9 3.0
2017.7041 -200.449 -241.359 6.7 1.5 1.1 3.2
2017.7068 -199.347 -241.359 14.8 2.0 1.3 3.6
2017.7096 -199.698 -241.914 7.5 1.9 1.1 3.6
2017.7123 -196.642 -241.026 4 1.7 1.1 3.2
2017.7151 -197.894 -243.135 6.4 1.4 0.9 3.0
2017.7178 -200.099 -241.137 9.4 1.2 0.8 2.6
2017.7205 -202.353 -243.801 8.9 1.4 0.9 2.9
2017.7233 -203.355 -243.024 10.1 1.3 0.9 2.7
2017.7260 -199.848 -242.358 11.9 1.2 0.9 2.7
2017.7288 -198.345 -242.025 8.7 1.2 0.9 2.7
2017.7315 -201.501 -242.136 8.5 1.2 0.9 2.7
2017.7342 -202.954 -242.469 6.3 1.1 0.8 2.6
2017.7370 -202.604 -240.915 6.2 1.1 0.8 2.7
2017.7397 -187.073 -248.02 27.6 1.8 1.2 3.3
2017.7425 -203.806 -247.687 13 1.9 1.3 3.8
2017.7452 -205.309 -242.358 12.6 1.5 1.0 3.0
2017.7479 -202.453 -243.912 6.3 1.4 1.0 2.9
2017.7507 -201.952 -240.804 -5.6 1.3 0.9 2.8
2017.7534 -201.852 -243.357 8.2 1.3 0.9 2.8
2017.7562 -201.952 -228.036 15.4 1.4 0.9 2.9
2017.7589 -197.493 -243.579 9.3 1.1 0.9 2.7
2017.7616 -202.203 -241.803 14.8 1.1 0.8 2.6
2017.7644 -202.203 -243.357 11.3 1.2 0.9 2.7
2017.7671 -203.606 -242.025 7.2 1.1 0.8 2.7
2017.7699 -203.455 -243.357 10.2 1.2 0.9 2.7
2017.7726 -203.054 -244.245 1.2 1.1 0.8 2.6
2017.7753 -204.557 -245.466 -1.3 1.1 0.9 2.7
2017.7781 -205.008 -243.024 9.9 1.6 1.1 3.1
2017.7808 -201.652 -243.246 11.6 1.7 1.1 3.3
2017.7836 -202.353 -240.137 4.2 1.6 1.1 3.1
2017.7863 -199.998 -240.915 7.3 1.7 1.1 3.2
2017.7890 -200.75 -244.023 7.2 1.7 1.1 3.4
2017.7918 -204.908 -244.245 12.4 1.2 0.9 2.7
2017.7945 -202.704 -243.135 12.3 1.1 0.9 2.7
2017.7973 -201.05 -241.47 8 1.1 0.9 2.7
2017.8000 -202.153 -242.025 16.6 1.4 1.0 3.0
2017.8027 -203.706 -244.8 10.5 1.5 1.0 3.1
2017.8055 -201.602 -242.469 12.7 1.2 0.9 2.7
2017.8082 -203.255 -244.245 4.4 1.2 0.9 2.7
2017.8110 -204.457 -243.579 5.4 1.1 0.9 2.7
2017.8137 -204.357 -241.359 4.6 1.3 1.0 3.0
2017.8164 -203.906 -242.136 3 1.4 1.0 3.0
2017.8192 -202.704 -242.691 4.9 1.4 1.1 3.0
2017.8219 -203.956 -242.469 4.5 1.2 0.9 2.7
2017.8247 -208.515 -243.135 -1.2 1.2 0.9 2.8
2017.8274 -202.704 -243.69 3 1.1 0.9 2.7
2017.8301 -204.307 -241.47 2.7 1.1 0.8 2.7
2017.8329 -204.557 -241.581 3.2 1.1 0.8 2.7
2017.8356 -202.453 -242.469 -2.9 1.1 0.8 2.7
2017.8384 -203.255 -244.8 0.5 1.2 0.9 2.9
2017.8411 -205.209 -245.577 3 1.3 1.0 3.0
2017.8438 -203.255 -243.468 1.4 1.1 0.9 2.7
2017.8466 -205.359 -242.691 0.6 1.1 0.9 2.7
2017.8493 -202.453 -244.023 0.8 1.1 0.8 2.7
2017.8521 -201.602 -245.355 7 1.6 1.2 3.4
2017.8548 -203.956 -243.912 6.7 2.2 1.4 4.0
2017.8575 -204.507 -242.247 10.7 1.4 1.1 3.0
2017.8603 -203.305 -242.469 7.4 1.5 1.1 3.1
2017.8630 -205.359 -243.579 -5.1 1.2 0.9 2.7
2017.8658 -202.403 -244.245 3.2 1.1 0.8 2.6
2017.8685 -203.656 -245.355 10 1.1 0.9 2.7
2017.8712 -204.157 -244.689 8 1.3 0.9 2.8
2017.8740 -202.153 -244.467 0.5 1.3 0.9 2.8
2017.8767 -205.359 -244.578 0 1.3 1.0 2.9
2017.8795 -202.453 -243.024 7 1.2 1.0 2.8
2017.8822 -202.303 -244.356 1.7 1.2 0.9 2.7
2017.8849 -199.998 -245.244 8.8 1.1 0.8 2.6
2017.8877 -202.854 -243.69 6.5 1.1 0.8 2.6
2017.8904 -200.9 -241.47 1.4 1.4 1.0 3.0
2017.8932 -203.004 -246.133 7.7 1.1 0.9 2.8
2017.8959 -202.353 -242.802 7.1 1.2 0.9 2.8
2017.8986 -204.056 -243.801 6.4 1.2 0.9 2.7
2017.9014 -204.808 -244.023 5.3 1.2 0.9 2.7
2017.9041 -203.455 -243.468 3.4 1.1 0.8 2.6
2017.9068 -200.499 -246.466 -0.6 1.1 0.8 2.7
2017.9096 -204.407 -243.69 0.5 1.3 0.9 2.8
2017.9123 -203.555 -245.133 4.5 1.2 0.9 2.7
2017.9151 -204.357 -244.8 6.5 1.3 0.9 2.8
2017.9178 -205.058 -245.466 -3 1.1 0.8 2.6
2017.9205 -205.66 -246.577 -4.5 1.1 0.8 2.6
2017.9233 -205.409 -245.911 -5.3 1.1 0.8 2.6
2017.9260 -202.002 -247.243 3.5 1.3 0.9 2.8
2017.9288 -205.96 -244.911 -11 1.6 1.1 3.1
2017.9315 -202.453 -244.689 3.8 1.3 0.9 2.8
2017.9342 -205.76 -247.576 10.6 1.2 0.9 2.7
2017.9370 -201.151 -238.694 -2.2 1.1 0.8 2.6
2017.9397 -202.754 -243.024 6 1.1 0.8 2.6
2017.9425 -205.409 -247.576 11.5 1.1 0.8 2.6
2017.9452 -210.219 -249.019 1.6 1.3 1.0 2.9
2017.9479 -207.113 -245.688 4.9 1.2 1.0 2.9
2017.9507 -208.616 -245.355 2.5 1.1 0.9 2.7
2017.9534 -203.606 -245.799 7.3 1.1 0.8 2.7
2017.9562 -203.956 -245.911 10.7 1.1 0.8 2.6
2017.9589 -205.409 -246.799 15.2 1.1 0.8 2.6
2017.9616 -209.217 -244.8 9.8 1.4 1.0 3.1
2017.9644 -210.77 -248.02 4.5 1.3 0.9 2.8
2017.9671 -208.315 -247.687 3.1 1.1 0.8 2.7
2017.9699 -207.914 -248.686 4 1.2 0.9 2.7
2017.9726 -209.217 -247.909 7.8 1.1 0.8 2.6
2017.9753 -207.113 -248.575 4.4 1.1 0.8 2.6
2017.9781 -208.014 -248.797 -0.8 1.2 0.9 2.7
2017.9808 -205.008 -248.131 0.2 1.3 1.0 3.0
2017.9836 -206.461 -246.577 3.1 1.1 0.9 2.6
2017.9863 -208.766 -247.243 -1.3 1.1 0.9 2.6
2017.9890 -205.509 -246.466 0.7 1.1 0.8 2.6
2017.9918 -205.71 -247.687 0.9 1.1 0.9 2.7
2017.9945 -207.714 -247.132 -0.5 1.1 0.8 2.7
2017.9973 -207.062 -247.576 2.1 1.1 0.8 2.6
2018.0000 -207.714 -246.133 3.6 1.1 0.8 2.6
2018.0027 -207.664 -245.577 4.4 1.4 1.0 2.9
2018.0055 -208.966 -247.021 4.1 1.1 0.8 2.6
2018.0082 -207.213 -247.465 7.2 1.1 0.8 2.7
2018.0110 -206.311 -246.91 -1.7 1.1 0.8 2.7
2018.0137 -207.363 -248.242 6 1.1 0.8 2.7
2018.0164 -208.465 -246.577 8.8 1.1 0.8 2.6
2018.0192 -208.165 -246.244 5.1 1.1 0.8 2.6
2018.0219 -206.511 -245.022 3.5 1.3 0.9 2.8
2018.0247 -208.165 -245.466 -2.9 1.2 0.9 2.7
2018.0274 -206.111 -247.243 -2.6 1.1 0.8 2.7
2018.0301 -209.517 -247.021 -1.3 1.1 0.8 2.6
2018.0329 -209.918 -246.244 5.3 1.1 0.8 2.6
2018.0356 -209.367 -245.466 8.6 1.2 0.9 2.7
2018.0384 -204.808 -248.575 3.4 1.2 0.9 2.8
2018.0411 -208.616 -251.128 0.5 1.2 0.9 2.8
2018.0438 -208.716 -248.464 6.1 1.1 0.8 2.7
2018.0466 -208.766 -247.354 5.9 1.1 0.8 2.6
2018.0493 -203.155 -247.687 5.7 1.1 0.8 2.6
2018.0521 -206.612 -246.133 9.6 1.3 1.0 2.9
2018.0548 -207.463 -247.354 7.7 1.2 0.9 2.9
2018.0575 -205.259 -247.465 2.7 1.2 0.9 2.7
2018.0603 -207.163 -247.576 3.2 1.2 0.9 2.7
2018.0630 -211.421 -245.911 3.7 1.1 0.8 2.6
2018.0658 -210.219 -247.798 5.7 1.1 0.8 2.7
2018.0685 -208.816 -246.91 6.3 1.3 0.9 2.8
2018.0712 -208.415 -247.465 5.1 1.2 0.9 2.7
2018.0740 -209.768 -248.797 -4.7 1.2 0.9 2.8
2018.0767 -212.473 -248.686 -0.6 1.2 0.9 2.7
2018.0795 -212.373 -248.131 8.3 1.3 0.9 2.7
2018.0822 -212.022 -248.797 4.2 1.2 0.9 2.7
2018.0849 -211.571 -247.021 2.9 1.2 0.9 2.8
2018.0877 -210.169 -248.575 -3 1.2 0.8 2.7
2018.0904 -213.225 -249.463 -0.8 1.1 0.8 2.7
2018.0932 -213.575 -249.463 1.6 1.1 0.9 2.7
2018.0959 -213.826 -251.684 -0.4 1.1 0.8 2.6
2018.0986 -214.678 -247.909 0.5 1.3 0.9 2.8
2018.1014 -214.327 -247.465 9 1.2 0.9 2.7
2018.1041 -209.868 -249.352 0.9 1.2 0.8 2.7
2018.1068 -213.074 -248.686 4.5 1.1 0.9 2.7
2018.1096 -213.074 -249.907 8.4 1.1 0.8 2.7
2018.1123 -212.824 -247.354 5 1.3 0.9 2.8
2018.1151 -212.173 -249.463 5.3 1.1 0.8 2.7
2018.1178 -215.279 -248.242 5.7 1.1 0.8 2.7
2018.1205 -214.878 -248.353 1.8 1.1 0.8 2.7
2018.1233 -215.68 -247.798 2.9 1.1 0.8 2.7
2018.1260 -214.728 -249.463 2.4 1.3 0.9 2.8
2018.1288 -214.577 -248.686 -5.3 1.2 0.9 2.7
2018.1315 -219.187 -247.132 8.1 1.4 1.0 3.0
2018.1342 -216.281 -248.797 -0.1 1.3 0.9 2.8
2018.1370 -215.179 -249.352 5 1.2 0.9 2.8
2018.1397 -214.477 -250.795 2.6 1.1 0.8 2.7
2018.1425 -212.774 -248.02 0.6 1.2 0.9 2.7
2018.1452 -212.173 -249.907 2 1.2 0.9 2.7
2018.1479 -211.622 -249.463 8.9 1.4 1.0 3.2
2018.1507 -211.07 -249.13 6.2 1.2 0.9 2.9
2018.1534 -212.423 -247.243 7.8 1.1 0.8 2.7
2018.1562 -212.123 -249.796 4.6 1.2 0.9 2.7
2018.1589 -212.273 -248.797 4.4 1.4 1.1 3.0
2018.1616 -212.573 -247.687 4.1 1.2 0.9 2.7
2018.1644 -210.169 -249.907 -4.5 1.1 0.9 2.7
2018.1671 -211.07 -248.464 -0.4 1.1 0.9 2.7
2018.1699 -209.467 -250.573 -2.4 1.1 0.9 2.7
2018.1726 -210.67 -249.352 5 1.1 0.9 2.7
2018.1753 -210.119 -249.241 -0.8 1.1 0.9 2.7
2018.1781 -210.87 -248.797 5.9 1.2 0.9 2.7
2018.1808 -210.419 -249.685 4.9 1.1 0.8 2.7
2018.1836 -211.02 -247.354 8 1.1 0.9 2.7
2018.1863 -207.714 -248.575 8.1 1.1 0.9 2.7
2018.1890 -210.469 -249.907 8.7 1.4 1.1 3.2
2018.1918 -208.916 -248.908 1.3 1.1 0.9 2.7
2018.1945 -207.563 -249.352 2.2 1.1 0.8 2.7
2018.1973 -211.121 -248.908 11 1.2 0.9 2.7
2018.2000 -212.323 -249.019 0.1 1.2 0.9 2.8
2018.2027 -211.822 -249.352 2.8 1.3 0.9 2.9
2018.2055 -211.622 -246.355 3.7 1.5 1.2 3.4
2018.2082 -210.269 -249.796 6.2 1.3 0.9 2.8
2018.2110 -210.419 -248.131 0.7 1.3 1.0 3.0
2018.2137 -211.672 -249.463 -3.3 1.3 0.9 2.9
2018.2164 -211.371 -251.462 0.2 1.1 0.8 2.7
2018.2192 -209.818 -249.13 -5.4 1.1 0.8 2.6
2018.2219 -210.369 -249.13 1.4 1.1 0.8 2.6
2018.2247 -213.125 -248.908 1.3 1.2 0.9 2.7
2018.2274 -212.774 -249.796 1.2 1.3 0.9 2.8
2018.2301 -215.129 -250.573 1.3 1.3 0.9 2.8
2018.2329 -213.876 -252.794 -2.7 1.2 0.9 2.8
2018.2356 -218.686 -250.24 8 1.3 1.0 2.9
2018.2384 -213.676 -250.351 0.7 1.2 0.8 2.6
2018.2411 -213.626 -250.018 2.6 1.1 0.8 2.6
2018.2438 -213.225 -251.795 -2.7 1.1 0.8 2.6
2018.2466 -213.976 -251.24 -1.9 1.1 0.8 2.6
2018.2493 -213.475 -249.019 -1.1 1.2 0.9 2.6
2018.2521 -214.978 -249.907 -2.6 1.1 0.8 2.6
2018.2548 -212.523 -252.017 -4.3 1.1 0.9 2.6
2018.2575 -214.828 -252.128 -2.8 1.1 0.9 2.7
2018.2603 -214.527 -253.349 -4.2 1.1 0.9 2.7
2018.2630 -212.774 -252.35 -1.5 1.1 0.9 2.7
2018.2658 -216.832 -251.128 3.6 1.1 0.8 2.6
2018.2685 -214.327 -251.128 1.9 1.1 0.8 2.6
2018.2712 -214.828 -250.018 3.3 1.2 0.9 2.7
2018.2740 -212.724 -252.683 5.8 1.5 1.2 3.1
2018.2767 -215.229 -251.573 9 1.2 0.9 2.8
2018.2795 -215.73 -251.684 6.8 1.2 0.9 2.8
2018.2822 -213.575 -254.015 1 1.3 1.0 2.7
2018.2849 -216.08 -250.351 9.2 1.1 0.8 2.6
2018.2877 -215.98 -250.129 7.1 1.2 1.0 2.9
2018.2904 -215.68 -251.795 3.9 1.1 0.9 2.7
2018.2932 -217.784 -251.906 -2 1.1 0.9 2.8
2018.2959 -214.427 -253.016 6.6 1.2 1.0 2.9
2018.2986 -212.974 -252.461 6.5 1.1 0.8 2.7
2018.3014 -216.131 -251.017 7 1.8 1.2 3.4
2018.3041 -214.577 -251.795 3.4 1.3 1.0 2.9
2018.3068 -214.928 -252.905 -1.3 1.1 0.8 2.6
2018.3096 -212.624 -252.905 1.2 1.1 0.8 2.6
2018.3123 -214.577 -252.905 7.4 1.1 0.8 2.6
2018.3151 -215.028 -253.793 7.4 1.1 0.9 2.7
2018.3178 -216.682 -251.684 8.1 1.2 0.9 2.7
2018.3205 -215.179 -251.684 -3.2 1.1 0.9 2.7
2018.3233 -214.527 -252.572 3.7 1.1 0.8 2.6
2018.3260 -212.473 -252.461 2.2 1.1 0.8 2.6
2018.3288 -216.531 -251.462 1.9 1.1 0.9 2.7
2018.3315 -214.978 -252.461 4 1.1 0.9 2.7
2018.3342 -216.431 -251.573 7.3 1.2 0.9 2.7
2018.3370 -216.331 -251.128 4.4 1.1 0.9 2.8
2018.3397 -213.225 -250.906 6.9 1.1 0.9 2.7
2018.3425 -210.569 -251.24 11.4 1.5 0.9 2.9
2018.3452 -220.138 -256.568 6.1 1.4 1.1 3.1
2018.3479 -216.732 -253.127 3.7 1.5 1.1 3.0
2018.3507 -218.435 -251.351 3.6 1.3 1.0 2.8
2018.3534 -215.88 -252.461 3.3 1.3 1.0 3.0
2018.3562 -214.978 -253.127 10.4 1.3 1.1 3.0
2018.3589 -207.513 -250.795 10.9 1.4 1.1 3.1
2018.3616 -214.277 -254.015 -4.5 1.2 1.0 2.8
2018.3644 -217.333 -253.904 11.5 1.3 1.0 3.0
2018.3671 -209.868 -254.459 0.3 1.1 0.8 2.7
2018.3699 -211.271 -249.796 6.1 1.1 0.9 2.6
2018.3726 -215.98 -252.461 2.4 1.1 0.8 2.6
2018.3753 -214.277 -252.239 4.7 1.3 1.0 2.8
2018.3781 -214.828 -253.682 8.7 1.1 0.9 2.7
2018.3808 -213.726 -253.571 6.7 1.1 0.8 2.6
2018.3836 -211.02 -252.683 11 1.1 0.8 2.6
2018.3863 -213.726 -252.572 10.8 1.1 0.8 2.6
2018.3890 -216.581 -254.237 12.3 1.1 0.9 2.6
2018.3918 -213.175 -253.46 7.6 1.3 1.0 2.9
2018.3945 -216.732 -255.569 1.5 1.1 0.9 2.7
2018.3973 -215.229 -252.572 13.6 1.1 0.8 2.6
2018.4000 -214.628 -246.466 1.3 1.1 0.9 2.7
2018.4027 -215.078 -251.462 12.5 1.1 0.9 2.7
2018.4055 -218.185 -254.237 4.2 1.2 0.9 2.7
2018.4082 -210.569 -250.906 3 1.1 0.8 2.7
2018.4110 -215.279 -254.348 7.2 1.1 0.9 2.7
2018.4137 -213.074 -253.46 8.6 1.1 0.9 2.6
2018.4164 -214.327 -252.794 13.5 1.8 1.2 3.3
2018.4192 -212.223 -255.014 13.9 1.3 1.0 3.0
2018.4219 -213.024 -253.349 3.8 1.2 0.9 2.8
2018.4247 -213.726 -252.905 5.8 1.1 0.8 2.6
2018.4274 -217.583 -253.571 10 1.2 0.9 2.8
2018.4301 -212.724 -253.46 19.5 1.1 0.8 2.6
2018.4329 -212.423 -253.349 5.9 1.1 0.9 2.7
2018.4356 -214.127 -253.793 8.8 1.2 0.9 2.7
2018.4384 -211.672 -253.016 -0.9 1.1 0.8 2.6
2018.4411 -215.68 -251.684 15 1.1 0.8 2.6
2018.4438 -211.02 -252.572 10.2 1.1 0.8 2.6
2018.4466 -217.533 -251.573 7 1.1 0.8 2.6
2018.4493 -215.579 -254.237 5.1 1.1 0.8 2.6
2018.4521 -214.828 -253.46 8.4 1.1 0.9 2.7
2018.4548 -214.778 -253.46 3.4 1.1 0.8 2.6
2018.4575 -223.044 -253.904 10.9 1.1 0.8 2.6
2018.4603 -215.68 -252.35 16.1 1.1 0.8 2.6
2018.4630 -212.523 -252.128 8.5 1.4 1.0 3.0
2018.4658 -222.593 -254.459 1.9 1.2 1.0 2.8
2018.4685 -213.325 -252.461 8.9 1.1 0.9 2.8
2018.4712 -210.82 -257.457 -5.7 1.1 0.8 2.6
2018.4740 -206.111 -261.12 19.7 1.1 0.8 2.6
2018.4767 -217.283 -261.453 12.6 1.8 1.1 3.2
2018.4795 -218.285 -252.794 13.1 1.3 1.0 2.8
2018.4822 -210.219 -256.68 17.2 1.3 0.9 2.7
2018.4849 -219.086 -253.904 -1.7 1.7 1.1 3.4
2018.4877 -211.872 -253.571 6.9 1.2 0.9 2.8
2018.4904 -217.934 -251.906 2.8 1.1 0.8 2.6
2018.4932 -215.329 -253.238 2.3 1.1 0.9 2.6
2018.4959 -216.782 -254.459 8.1 1.1 0.8 2.7
2018.4986 -215.078 -254.126 7.9 1.1 0.8 2.6
2018.5014 -214.227 -253.682 5.6 1.1 0.8 2.6
2018.5041 -219.036 -250.129 5.4 1.1 0.8 2.6
2018.5068 -215.479 -254.459 -8.4 1.2 0.8 2.7
2018.5096 -217.132 -253.016 6.7 1.4 0.9 2.8
2018.5123 -219.487 -254.237 15.8 1.2 0.9 2.7
2018.5151 -224.848 -254.57 5.3 1.1 0.8 2.7
2018.5178 -218.335 -251.128 15.1 1.1 0.8 2.6
2018.5205 -216.782 -250.018 18.7 1.1 0.8 2.6
2018.5233 -213.776 -254.237 5 1.2 0.8 2.7
2018.5260 -215.028 -254.237 3.4 1.2 0.9 2.8
2018.5288 -217.884 -255.458 20.9 1.2 0.9 2.7
2018.5315 -204.257 -247.243 -13.5 1.3 0.9 2.7
2018.5342 -221.491 -260.454 -0.7 1.2 0.8 2.6
2018.5370 -216.131 -254.348 27.8 1.1 0.9 2.7
2018.5370 -213.074 -250.795 2.6 1.1 0.8 2.6
2018.5397 -215.88 -254.903 9.1 1.3 0.9 2.8
2018.5425 -217.984 -257.457 8.2 1.2 0.9 2.9
2018.5452 -214.127 -253.127 3.2 1.1 0.8 2.6
2018.5479 -217.082 -255.347 8.9 1.1 0.8 2.6
2018.5507 -222.343 -253.904 -1 1.3 0.9 2.8
2018.5534 -218.185 -256.568 4.5 1.5 1.0 3.1
2018.5562 -217.283 -256.013 -0.4 1.2 0.9 2.7
2018.5589 -215.98 -256.791 8.6 1.1 0.8 2.6
2018.5616 -212.423 -254.681 14.8 1.3 0.9 3.1
2018.5644 -206.612 -253.904 13.2 1.3 0.9 2.8
2018.5671 -217.082 -254.459 11.2 1.1 0.8 2.6
2018.5699 -218.335 -255.347 5.7 1.1 0.8 2.6
2018.5726 -215.579 -255.569 -1 1.2 0.8 2.6
2018.5753 -224.347 -256.124 10.5 1.3 0.9 2.8
2018.5781 -212.674 -262.12 25 1.1 0.9 2.7
2018.5808 -219.988 -258.678 9.4 1.1 0.9 2.8
2018.5836 -221.291 -256.568 -10.3 1.2 0.9 2.7
2018.5863 -222.193 -256.68 9.5 1.2 0.9 2.7
2018.5890 -213.726 -257.235 9 1.2 0.9 2.7
2018.5918 -215.78 -256.346 12.5 1.1 0.8 2.6
2018.5945 -221.541 -254.015 4.9 1.2 0.8 2.7
2018.5973 -220.289 -255.125 13.5 1.1 0.8 2.6
2018.6000 -210.469 -251.017 -5.6 1.3 0.9 2.8
2018.6027 -217.032 -254.681 1.3 1.3 0.9 2.7
2018.6055 -216.732 -256.124 5.6 1.2 0.9 2.6
2018.6082 -219.237 -256.346 7 1.1 0.8 2.6
2018.6110 -217.784 -255.236 8.2 1.4 0.9 2.9
2018.6137 -218.535 -257.235 10.8 1.3 0.9 2.8
2018.6164 -216.331 -258.345 9.9 1.2 0.9 2.7
2018.6192 -216.581 -255.347 8.1 1.1 0.8 2.6
2018.6219 -214.227 -255.569 7.9 1.5 1.0 3.0
2018.6247 -218.235 -253.904 16.1 1.7 1.1 3.1
2018.6274 -222.543 -251.906 12.5 1.6 1.1 3.4
2018.6301 -225.148 -259.788 17.5 1.5 0.9 3.0
2018.6329 -219.036 -254.015 -7.9 1.2 0.9 2.7
2018.6356 -219.888 -256.791 4.2 1.4 0.9 3.0
2018.6384 -215.78 -254.126 12.1 1.1 0.8 2.6
2018.6411 -217.383 -256.568 18.5 1.3 0.9 2.8
2018.6438 -218.886 -256.902 9.6 1.2 0.9 2.8
2018.6466 -215.73 -256.346 9 1.2 0.9 2.7
2018.6493 -218.034 -257.013 7.3 1.1 0.8 2.6
2018.6521 -215.93 -257.235 -0.7 2.2 1.6 4.6
2018.6548 -215.83 -255.68 10 1.7 1.1 3.1
2018.6575 -229.858 -246.022 15.1 1.3 0.9 2.8
2018.6603 -217.684 -256.568 16.5 1.2 0.9 2.7
2018.6630 -217.934 -257.346 6.2 1.1 0.8 2.6
2018.6658 -218.585 -254.792 6.7 1.1 0.9 2.7
2018.6685 -218.936 -257.568 4.2 1.1 0.8 2.6
2018.6712 -217.533 -256.68 10.7 1.1 0.8 2.6
2018.6740 -218.034 -258.345 9.7 1.1 0.8 2.6
2018.6767 -221.692 -259.455 9.8 1.2 0.9 2.7
2018.6795 -219.136 -258.567 5 1.4 1.0 3.0
2018.6822 -216.682 -258.234 6.2 1.2 0.9 2.7
2018.6849 -215.529 -259.011 5.3 1.1 0.9 2.7
2018.6877 -218.686 -257.013 10.5 1.1 0.8 2.6
2018.6904 -217.383 -258.345 10.1 1.1 0.8 2.6
2018.6932 -214.177 -258.345 7.7 1.3 1.0 2.9
2018.6959 -219.237 -257.901 10.6 1.6 1.1 3.2
2018.6986 -222.694 -259.788 9.1 1.2 0.9 2.7
2018.7014 -217.433 -254.459 10.5 1.7 1.1 3.1
2018.7041 -217.032 -258.789 3.7 1.4 1.0 2.9
2018.7068 -219.437 -259.899 14.3 1.3 0.9 2.8
2018.7096 -215.63 -258.012 4.4 1.1 0.9 2.7
2018.7123 -219.086 -256.902 11 1.3 0.9 2.7
2018.7151 -220.94 -258.456 2.5 1.3 0.9 2.7
2018.7178 -217.082 -257.679 16.3 1.1 0.9 2.6
2018.7205 -231.361 -263.452 17.6 1.1 0.9 2.6
2018.7233 -215.379 -258.123 7.6 1.1 0.9 2.6
2018.7260 -214.527 -258.345 9.5 1.8 1.2 3.6
2018.7288 -220.088 -257.679 3.3 1.6 1.1 2.9
2018.7315 -222.694 -256.568 11.7 1.3 0.9 2.8
2018.7342 -220.038 -257.013 11.4 1.3 1.0 2.8
2018.7370 -224.397 -257.79 7.3 1.3 1.0 2.8
2018.7397 -219.888 -258.789 4.8 1.2 0.9 2.7
2018.7425 -218.134 -257.679 3.1 1.2 0.9 2.7
2018.7452 -220.94 -257.013 1.2 1.2 0.9 2.7
2018.7479 -218.034 -258.345 11.7 1.1 0.9 2.6
2018.7507 -220.289 -257.346 8.9 1.2 1.0 2.8
2018.7534 -217.984 -257.235 11.2 1.2 0.9 2.7
2018.7562 -219.187 -257.346 13.4 1.1 0.9 2.6
2018.7589 -217.734 -258.234 5.8 1.1 0.9 2.7
2018.7616 -219.637 -258.123 11.2 1.2 0.9 2.7
2018.7644 -218.936 -256.568 13.6 1.1 0.9 2.7
2018.7671 -221.541 -257.568 10.1 1.4 1.1 3.0
2018.7699 -217.483 -259.677 5.5 1.6 1.1 3.1
2018.7726 -217.684 -258.678 5.4 1.3 1.0 2.9
2018.7753 -220.589 -259.122 5.6 1.3 1.0 2.9
2018.7781 -220.088 -259.344 8.8 1.2 0.9 2.7
2018.7808 -217.884 -258.234 12.4 1.2 0.9 2.8
2018.7836 -219.788 -256.568 11.4 1.2 0.9 2.8
2018.7863 -219.437 -259.344 15.5 1.2 0.9 2.7
2018.7890 -218.235 -257.124 8.2 1.1 0.9 2.7
2018.7918 -215.73 -253.904 15.8 1.2 0.9 2.8
2018.7945 -217.032 -258.123 13.4 1.1 0.9 2.7
2018.7973 -221.291 -257.013 7.6 1.1 0.9 2.7
2018.8000 -217.333 -259.566 10 1.1 0.8 2.6
2018.8027 -216.682 -261.342 7 1.1 0.8 2.6
2018.8055 -216.932 -257.457 10.7 1.1 0.9 2.7
2018.8082 -216.782 -257.79 13.6 1.2 0.9 2.8
2018.8110 -217.734 -261.009 15.1 1.1 0.9 2.7
2018.8137 -217.483 -262.008 13.7 1.2 0.9 2.7
2018.8164 -217.483 -258.789 18.9 1.1 0.9 2.7
2018.8192 -217.784 -258.123 13.2 1.1 0.9 2.6
2018.8219 -221.04 -259.122 10.1 1.2 0.9 2.7
2018.8247 -216.431 -259.233 16.4 1.1 0.9 2.6
2018.8274 -219.187 -261.453 16.7 1.1 0.9 2.7
2018.8301 -219.136 -258.9 18.6 1.1 0.8 2.6
2018.8329 -219.237 -259.566 13.6 1.1 0.9 2.6
2018.8356 -220.79 -258.789 9 1.2 0.9 2.7
2018.8384 -219.086 -259.899 9.5 1.1 0.9 2.6
2018.8411 -220.89 -258.9 10.7 1.1 0.8 2.6
2018.8438 -219.838 -260.565 12.2 1.2 0.9 2.6
2018.8466 -221.291 -258.234 10.1 1.6 1.1 3.3
2018.8493 -219.688 -259.122 4.2 1.1 0.9 2.7
2018.8521 -221.942 -260.676 8.8 1.2 0.9 2.7
2018.8548 -219.938 -258.567 12.8 1.2 0.9 2.7
2018.8575 -219.487 -259.677 10.5 1.1 0.9 2.7
2018.8603 -219.086 -258.678 5 1.2 0.9 2.8
2018.8630 -220.289 -260.787 2.4 1.1 0.8 2.6
2018.8658 -218.836 -258.789 5.7 1.3 1.0 2.9
2018.8685 -216.581 -260.121 8.2 1.1 0.8 2.6
2018.8712 -218.435 -259.899 10.9 1.1 0.8 2.6
2018.8740 -220.589 -260.232 9.2 1.1 0.8 2.6
2018.8767 -217.984 -260.787 11.4 1.1 0.8 2.6
2018.8795 -220.74 -260.898 12.3 1.1 0.8 2.7
2018.8822 -219.838 -260.01 15 1.1 0.9 2.7
2018.8849 -219.988 -259.011 19.1 1.1 0.9 2.7
2018.8877 -220.389 -259.899 15.2 1.2 0.9 2.7
2018.8904 -218.585 -259.011 12.6 1.2 0.9 2.7
2018.8932 -219.437 -258.456 17.1 1.1 0.8 2.7
2018.8959 -220.94 -259.011 9.4 1.1 0.8 2.7
2018.8986 -218.235 -260.343 17.1 1.2 0.9 2.7
2018.9014 -216.481 -257.79 12.3 1.1 0.9 2.7
2018.9041 -219.287 -261.564 9.2 1.1 0.8 2.6
2018.9068 -219.437 -260.01 19.4 1.1 0.8 2.6
2018.9096 -219.337 -262.786 13.9 1.1 0.8 2.6
2018.9123 -219.237 -262.12 10 1.1 0.8 2.7
2018.9151 -218.686 -260.898 14.4 1.1 0.8 2.8
2018.9178 -218.485 -262.564 -5.9 1.2 0.8 2.7
2018.9205 -217.132 -261.12 6.1 1.2 0.9 2.7
2018.9233 -218.786 -261.12 9.9 1.2 0.9 2.8
2018.9260 -220.339 -262.12 7.4 1.1 0.9 2.7
2018.9288 -219.036 -261.675 8.5 1.1 0.8 2.7
2018.9315 -220.339 -260.787 9.4 1.1 0.8 2.7
2018.9342 -219.237 -260.565 14.1 1.2 1.0 2.8
2018.9370 -220.79 -264.007 12.5 1.2 0.9 2.7
2018.9397 -219.688 -263.008 16.7 1.1 0.8 2.7
2018.9425 -219.387 -261.009 11 1.2 0.9 2.7
2018.9452 -220.088 -259.566 18.7 1.2 0.9 2.7
2018.9479 -223.696 -258.345 14.3 1.1 0.8 2.6
2018.9507 -222.493 -260.343 10.4 1.1 0.8 2.6
2018.9534 -221.341 -260.676 10.4 1.1 0.8 2.7
2018.9562 -220.89 -260.232 8 1.1 0.8 2.6
2018.9589 -219.537 -265.672 -0.9 1.1 0.8 2.6
2018.9616 -219.337 -260.565 -0.4 1.1 0.8 2.6
2018.9644 -217.533 -261.009 9.8 1.1 0.8 2.6
2018.9671 -219.387 -261.675 12.7 1.1 0.9 2.7
2018.9699 -217.784 -261.786 18.2 1.1 0.9 2.7
2018.9726 -222.643 -262.008 8.6 1.1 0.8 2.6
2018.9753 -223.345 -263.674 3.6 1.1 0.8 2.6
2018.9781 -222.293 -263.008 10.7 1.1 0.8 2.6
2018.9808 -222.643 -262.12 9.5 1.1 0.8 2.6
2018.9836 -221.591 -262.564 10.1 1.1 0.8 2.6
2018.9863 -222.543 -262.231 17.2 1.2 0.9 2.7
2018.9890 -221.441 -263.119 13.6 1.1 0.8 2.6
2018.9918 -221.341 -262.786 17.6 1.4 1.0 2.9
2018.9945 -224.046 -263.008 17.4 1.2 0.9 2.7
2018.9973 -222.543 -262.342 10.7 1.2 0.9 2.7
2019.0000 -221.441 -263.785 14.2 1.2 0.9 2.7
2019.0027 -222.694 -263.008 12.9 1.2 0.9 2.8
2019.0055 -224.948 -260.01 16.1 1.1 0.8 2.7
2019.0082 -224.197 -261.786 10 1.1 0.8 2.6
2019.0110 -225.549 -262.675 1.8 1.2 0.9 2.8
2019.0137 -224.647 -261.897 10.2 1.3 0.9 2.8
2019.0164 -222.593 -261.564 5.9 1.2 0.9 2.7
2019.0192 -225.249 -260.676 11.1 1.2 0.9 2.7
2019.0219 -223.896 -261.675 5.8 1.1 0.8 2.6
2019.0247 -222.944 -262.231 2 1.2 0.9 2.7
2019.0274 -225.449 -262.564 2.8 1.1 0.8 2.7
2019.0301 -222.443 -261.897 15.7 1.2 0.9 2.7
2019.0329 -223.295 -260.787 16.1 1.1 0.8 2.7
2019.0356 -222.493 -262.231 11.6 1.1 0.8 2.6
2019.0384 -223.345 -263.896 7.2 1.2 0.8 2.7
2019.0411 -221.591 -263.452 8 1.1 0.8 2.6
2019.0438 -225.75 -264.34 10.3 1.2 0.9 2.7
2019.0466 -223.195 -262.453 12.2 1.1 0.8 2.6
2019.0493 -224.848 -262.786 17.4 1.2 0.8 2.7
2019.0521 -224.948 -263.119 8.1 1.2 0.9 2.7
2019.0548 -225.199 -264.229 13 1.2 0.9 2.7
2019.0575 -225.199 -264.673 11.9 1.1 0.8 2.6
2019.0603 -224.247 -264.007 12.4 1.1 0.9 2.7
2019.0630 -224.096 -264.229 11.6 1.3 0.9 2.8
2019.0658 -224.146 -264.895 11.3 1.2 0.9 2.8
2019.0685 -225.549 -264.007 17.5 1.3 1.0 2.9
2019.0712 -225.499 -264.34 11.1 1.2 0.9 2.8
2019.0740 -226.251 -261.897 2.1 1.2 0.8 2.7
2019.0767 -226.15 -262.12 7.8 1.1 0.8 2.6
2019.0795 -227.203 -262.897 5.7 1.1 0.8 2.7
2019.0822 -226.401 -261.897 11 1.1 0.8 2.6
2019.0849 -223.696 -263.785 -1.8 1.4 0.9 3.0
2019.0877 -224.146 -262.786 0.1 1.5 1.0 3.0
2019.0904 -223.545 -261.786 9 1.3 0.9 2.8
2019.0932 -223.696 -265.006 3.7 1.2 0.9 2.8
2019.0959 -224.347 -263.563 10.9 1.1 0.8 2.7
2019.0986 -222.994 -262.342 8.2 1.1 0.8 2.6
2019.1014 -225.8 -265.894 7.2 1.2 0.9 2.7
2019.1041 -223.345 -264.229 4.9 1.1 0.8 2.6
2019.1068 -222.694 -264.451 6.6 1.1 0.8 2.6
2019.1096 -225.649 -264.895 3.9 1.2 0.9 2.7
2019.1123 -231.511 -261.786 18.2 1.1 0.8 2.6
2019.1151 -226.201 -265.228 8.5 1.1 0.9 2.7
2019.1178 -226.201 -263.341 8.6 1.2 0.9 2.9
2019.1205 -225.148 -264.562 10 1.3 0.9 2.9
2019.1233 -225.9 -263.674 7.9 1.2 0.9 2.7
2019.1260 -222.142 -263.674 4.7 1.1 0.9 2.7
2019.1288 -220.038 -264.007 9.4 1.1 0.8 2.6
2019.1315 -225.299 -264.118 9.6 1.1 0.8 2.6
2019.1342 -227.603 -264.118 11.2 1.2 0.9 2.8
2019.1370 -223.144 -265.783 6.9 1.1 0.8 2.6
2019.1397 -225.098 -263.008 3.2 1.1 0.8 2.6
2019.1425 -222.744 -264.229 8.3 1.2 0.9 2.7
2019.1452 -224.146 -263.563 1 1.1 0.8 2.6
2019.1479 -224.347 -265.339 -1.3 1.1 0.8 2.6
2019.1507 -226.351 -267.337 -1.7 1.1 0.8 2.6
2019.1534 -225.048 -264.118 3.2 1.1 0.8 2.6
2019.1562 -226.05 -263.341 11 1.1 0.8 2.7
2019.1589 -224.597 -262.231 3.8 1.2 0.9 2.7
2019.1616 -221.341 -263.119 2.4 1.5 1.1 3.0
2019.1644 -223.645 -264.895 4.9 1.5 1.0 3.0
2019.1671 -223.595 -265.561 2.2 1.3 1.0 2.8
2019.1699 -225.9 -266.227 3.7 1.1 0.8 2.7
2019.1726 -224.096 -263.341 4.5 1.3 0.9 2.8
2019.1753 -223.495 -265.117 -4.1 1.1 0.8 2.6
2019.1781 -221.942 -264.562 1.8 1.2 0.9 2.7
2019.1808 -225.499 -265.228 8.5 1.2 0.9 2.7
2019.1836 -228.104 -265.228 6.8 1.2 0.9 2.7
2019.1863 -225.399 -264.562 11.3 1.2 0.9 2.7
2019.1890 -222.744 -264.34 11.9 1.1 0.9 2.7
2019.1918 -226.15 -264.784 12.9 1.1 0.9 2.7
2019.1945 -228.605 -263.341 5.8 1.2 0.9 2.8
2019.1973 -226.15 -265.45 5.8 1.1 0.9 2.7
2019.2000 -224.046 -264.895 11.1 1.2 0.9 2.7
2019.2027 -226.802 -265.894 13.1 1.2 0.9 2.8
2019.2055 -224.848 -265.561 10.7 1.2 0.9 2.7
2019.2082 -224.698 -264.895 14 1.5 1.2 3.3
2019.2110 -228.104 -271.556 5.8 1.1 0.8 2.6
2019.2137 -234.317 -269.225 -2.7 1.1 0.9 2.6
2019.2164 -224.848 -264.895 8.5 1.1 0.9 2.7
2019.2192 -224.096 -268.004 6.2 1.1 0.8 2.6
2019.2219 -223.144 -265.117 13.8 1.1 0.9 2.7
2019.2247 -225.75 -264.229 2.9 1.1 0.8 2.6
2019.2274 -227.553 -266.56 2.4 1.1 0.8 2.6
2019.2301 -228.706 -266.56 5.1 1.1 0.8 2.6
2019.2329 -226.451 -264.673 10.4 1.1 0.9 2.6
2019.2356 -229.257 -265.006 6.9 1.2 1.0 2.9
2019.2384 -226.752 -266.671 6.9 1.3 1.0 2.8
2019.2411 -229.106 -266.116 0.7 1.2 0.9 2.8
2019.2438 -228.706 -266.56 4 1.1 0.9 2.7
2019.2466 -227.854 -267.226 3.8 1.3 1.0 2.9
2019.2493 -229.708 -263.563 5.2 1.3 1.0 3.0
2019.2521 -228.405 -267.337 6.4 1.1 0.8 2.6
2019.2548 -228.906 -265.672 5.6 1.4 1.1 3.0
2019.2575 -227.854 -268.115 -0.5 1.3 1.1 3.1
2019.2603 -226.201 -266.449 13.1 1.2 1.0 2.8
2019.2630 -224.146 -266.56 19.7 1.1 0.9 2.7
2019.2658 -225.098 -266.338 16.2 1.1 0.9 2.7
2019.2685 -224.798 -266.782 11.3 1.3 1.0 2.9
2019.2712 -225.399 -270.002 3.9 1.3 1.0 2.9
2019.2740 -228.104 -269.003 10.7 1.5 1.2 3.1
2019.2767 -227.253 -266.449 8.8 1.1 0.9 2.7
2019.2795 -224.497 -269.003 20.1 1.3 1.0 3.0
2019.2822 -226.201 -265.783 11.5 1.1 0.9 2.6
2019.2849 -224.647 -268.337 7.2 1.1 0.9 2.6
2019.2877 -227.102 -267.115 11.5 1.3 1.0 2.9
2019.2904 -225.75 -267.226 14.1 1.2 0.9 2.7
2019.2932 -225.85 -266.338 14.1 1.1 0.8 2.6
2019.2959 -223.545 -267.449 14.1 1.0 0.8 2.6
2019.2986 -222.694 -265.006 13.7 1.1 0.9 2.7
2019.3014 -226.702 -266.893 8 1.1 0.9 2.7
2019.3041 -223.044 -267.782 6.8 1.1 0.9 2.7
2019.3068 -222.794 -269.003 11.1 1.1 0.9 2.6
2019.3096 -223.796 -265.228 9.1 1.1 0.8 2.6
2019.3123 -226 -264.895 11.6 1.2 1.0 2.8
2019.3151 -227.653 -266.116 5.8 1.2 1.0 2.8
2019.3178 -226.601 -266.782 0 1.1 0.9 2.7
2019.3205 -227.904 -267.56 8 1.2 1.0 2.9
2019.3233 -226 -266.671 5.4 1.2 0.9 2.8
2019.3260 -227.102 -265.672 2.8 1.1 0.8 2.6
2019.3288 -225.599 -266.338 8.3 1.1 0.9 2.6
2019.3315 -229.357 -267.115 3.3 1.2 0.9 2.7
2019.3342 -227.954 -266.116 12.5 1.3 1.0 3.0
2019.3370 -225.098 -271.001 3.6 1.3 1.0 2.9
2019.3397 -226.351 -267.337 12.9 1.4 1.1 3.0
2019.3425 -225.449 -267.782 10.3 1.1 0.9 2.6
2019.3452 -225.299 -270.446 16.8 1.1 0.9 2.7
2019.3479 -225.8 -270.113 12.2 1.1 0.9 2.7
2019.3507 -225.8 -267.671 14.7 1.1 0.9 2.7
2019.3534 -232.112 -269.003 20.1 1.2 0.9 2.7
2019.3562 -225.449 -268.892 8.9 1.2 0.9 2.7
2019.3589 -228.605 -268.67 16.6 1.8 1.2 3.3
2019.3616 -228.756 -267.449 13.2 1.1 0.9 2.7
2019.3644 -226.301 -267.893 13 1.3 1.0 2.8
2019.3671 -225.95 -269.003 12.1 1.7 1.2 3.3
2019.3699 -225.649 -269.447 8.3 1.1 0.8 2.6
2019.3726 -226.201 -268.337 12.2 1.1 0.8 2.7
2019.3753 -223.996 -271.112 15.2 1.1 0.9 2.7
2019.3781 -225.148 -269.336 9.5 1.2 1.0 2.8
2019.3808 -226.15 -268.559 13.1 1.1 0.8 2.6
2019.3836 -226.251 -268.004 12.1 1.1 0.9 2.7
2019.3863 -225.75 -269.336 9.3 1.1 0.8 2.6
2019.3890 -226.401 -270.335 5.1 1.1 0.8 2.7
2019.3918 -224.547 -268.67 11.4 1.2 0.9 2.7
2019.3945 -226.752 -270.446 9.9 1.1 0.8 2.6
2019.3973 -225.85 -269.891 12.3 1.1 0.8 2.6
2019.4000 -225.95 -267.671 13.9 1.1 0.8 2.6
2019.4027 -226.952 -267.226 21.6 1.2 1.0 2.8
2019.4055 -223.796 -265.561 17 1.2 0.9 2.7
2019.4082 -225.649 -270.224 8 1.4 1.1 3.1
2019.4110 -226.301 -267.226 13.8 1.2 0.9 2.7
2019.4137 -225.549 -266.671 12 1.2 0.9 2.7
2019.4164 -226.902 -268.226 20.8 1.1 0.8 2.6
2019.4192 -225.249 -268.226 10.1 1.1 0.8 2.6
2019.4219 -228.555 -268.337 4.1 1.2 0.8 2.7
2019.4247 -226.601 -269.447 10 1.2 1.0 2.9
2019.4274 -228.806 -269.003 10.7 1.2 0.9 2.7
2019.4301 -226.251 -266.56 10.2 1.1 0.8 2.7
2019.4329 -228.555 -267.782 11.2 1.1 0.9 2.6
2019.4356 -226.551 -270.557 2.9 1.1 0.9 2.7
2019.4384 -226.05 -267.893 7.8 1.3 0.9 2.7
2019.4411 -227.052 -269.891 13.8 1.1 0.8 2.7
2019.4438 -229.257 -267.226 15.9 1.1 0.8 2.6
2019.4466 -228.305 -269.336 13 1.1 0.9 2.7
2019.4493 -232.563 -268.781 7.1 1.4 0.9 2.8
2019.4521 -226.201 -266.338 7 1.5 1.0 3.0
2019.4548 -229.056 -268.892 20.4 1.3 0.9 2.8
2019.4575 -228.154 -269.78 13.8 1.1 0.8 2.6
2019.4603 -228.655 -269.336 14.5 1.1 0.9 2.7
2019.4630 -230.108 -270.002 5.6 1.1 0.8 2.7
2019.4658 -229.958 -270.335 2.1 1.2 0.9 2.8
2019.4685 -235.569 -271.445 8.9 1.3 1.0 3.0
2019.4712 -226.501 -282.214 19.1 1.2 0.9 2.7
2019.4740 -229.457 -268.892 13.4 1.1 0.9 2.7
2019.4767 -231.311 -270.002 9.2 1.1 0.9 2.7
2019.4795 -228.605 -269.003 10.3 1.1 0.9 2.7
2019.4822 -230.058 -268.115 14.6 1.1 0.8 2.7
2019.4849 -223.796 -269.225 14.6 1.2 0.9 2.8
2019.4877 -228.906 -269.78 8.8 1.1 0.8 2.7
2019.4904 -226.551 -270.668 8.4 1.1 0.8 2.7
2019.4932 -232.463 -265.783 44.2 1.3 1.0 3.2
2019.4932 -230.559 -269.891 7.4 1.1 0.8 2.7
2019.4959 -241.731 -263.785 49.7 1.9 1.3 4.1
2019.4959 -238.826 -266.782 10.5 1.2 0.9 2.7
2019.4986 -234.066 -268.115 6.3 1.5 1.0 2.9
2019.5014 -235.92 -269.891 9.9 1.4 0.9 2.9
2019.5041 -225.95 -271.334 4.6 1.3 0.9 2.7
2019.5068 -227.002 -272.444 6.3 1.1 0.8 2.7
2019.5096 -229.357 -269.78 16 1.1 0.9 2.7
2019.5123 -227.503 -268.559 1.8 1.1 0.9 2.6
2019.5151 -233.916 -273.777 9.9 1.3 0.9 2.8
2019.5178 -228.505 -270.335 12 1.2 0.9 2.7
2019.5205 -228.706 -270.557 7.7 1.5 1.0 3.0
2019.5233 -227.653 -270.446 0.8 1.5 1.0 3.2
2019.5260 -229.808 -271.667 9.5 1.4 0.9 2.8
2019.5288 -228.455 -269.114 13.5 1.4 0.9 2.8
2019.5315 -232.714 -271.112 5.9 1.3 0.9 2.8
2019.5342 -230.81 -270.557 13 1.1 0.9 2.7
2019.5370 -231.11 -270.668 4.9 1.3 0.9 2.8
2019.5397 -231.561 -271.334 13.5 1.2 0.9 2.8
2019.5425 -224.798 -267.004 17.8 1.3 0.9 2.8
2019.5452 -233.315 -270.779 17.8 1.2 0.9 2.8
2019.5479 -229.006 -271.445 13.8 1.2 0.9 2.8
2019.5507 -238.675 -274.554 3.7 1.1 0.9 2.7
2019.5534 -232.162 -271.223 6.8 1.2 0.9 2.7
2019.5562 -235.82 -270.224 5.7 1.4 1.0 2.9
2019.5589 -228.756 -273 6.3 1.2 0.9 2.7
2019.5616 -230.81 -267.893 7.1 1.2 0.9 2.8
2019.5644 -228.004 -270.779 4.7 1.1 0.9 2.7
2019.5671 -232.062 -270.002 9.5 1.1 0.9 2.7
2019.5699 -232.864 -268.781 14 1.1 0.9 2.7
2019.5726 -230.158 -271.223 6.1 1.3 0.9 2.8
2019.5753 -230.008 -270.113 7.6 1.2 0.9 2.7
2019.5781 -231.812 -269.558 8.2 1.1 0.9 2.7
2019.5808 -230.96 -270.779 7.5 1.3 1.0 2.8
2019.5836 -231.762 -272.889 12.3 1.1 0.9 2.7
2019.5863 -231.06 -270.89 9.4 1.1 0.9 2.8
2019.5890 -234.417 -271.556 6.3 1.1 0.9 2.7
2019.5918 -232.112 -273.888 22.1 1.1 0.9 2.7
2019.5945 -239.126 -271.223 11.6 1.8 1.2 3.4
2019.5973 -229.708 -269.003 15.1 1.3 0.9 2.8
2019.6000 -234.116 -271.556 5.4 1.2 0.9 2.8
2019.6027 -233.265 -271.778 11.7 1.4 1.0 2.8
2019.6055 -232.964 -272.666 6.7 1.2 0.9 2.7
2019.6082 -229.557 -271.556 6.1 1.4 1.0 3.0
2019.6110 -235.018 -270.002 -0.7 1.4 1.0 3.0
2019.6137 -232.263 -270.335 10.8 1.2 0.9 2.7
2019.6164 -232.112 -274.11 10.6 1.2 0.9 2.8
2019.6192 -234.818 -269.891 6.8 1.2 0.9 2.7
2019.6219 -238.976 -271.667 10.8 1.2 0.9 2.8
2019.6247 -231.261 -269.78 0 1.3 0.9 2.8
2019.6274 -229.457 -272.333 9.9 1.2 0.9 2.7
2019.6301 -229.858 -272.444 10.6 1.2 0.9 2.7
2019.6329 -231.912 -273.555 9.5 1.1 0.9 2.7
2019.6356 -229.207 -273.333 10.9 1.1 0.9 2.7
2019.6384 -233.766 -276.885 -0.6 1.1 0.9 2.7
2019.6411 -231.862 -273 12.6 1.2 0.9 2.7
2019.6438 -226.251 -273.888 17.7 1.1 0.9 2.7
2019.6466 -229.307 -273.777 18.1 1.1 0.9 2.7
2019.6493 -228.756 -272.555 12.5 1.1 0.9 2.6
2019.6521 -233.064 -275.331 11.4 1.3 0.9 2.8
2019.6548 -230.058 -272.333 16 1.4 0.9 2.8
2019.6575 -230.509 -272.444 12.9 1.2 0.9 2.8
2019.6603 -231.261 -273.111 5 1.1 0.9 2.7
2019.6630 -233.265 -273.777 2.6 1.2 1.0 2.8
2019.6658 -229.607 -275.997 7.5 1.9 1.2 3.5
2019.6685 -233.164 -275.553 10.9 2.0 1.3 4.0
2019.6712 -228.756 -271.889 17.2 1.5 1.0 3.1
2019.6740 -230.409 -273.666 9.1 1.3 0.9 2.8
2019.6767 -232.914 -273.444 7.1 1.3 0.9 2.8
2019.6795 -232.012 -271.778 -4.2 1.4 1.0 3.0
2019.6822 -230.459 -273.222 8.2 1.3 1.0 2.8
2019.6849 -230.81 -273.333 10 1.2 0.9 2.7
2019.6877 -231.01 -272.333 11.9 1.3 1.0 2.9
2019.6904 -228.806 -272.889 11.4 1.5 1.1 3.1
2019.6932 -228.906 -273.999 14.5 1.2 1.0 2.8
2019.6959 -230.158 -274.665 11.9 1.2 0.9 2.7
2019.6986 -230.509 -274.443 12.3 1.2 0.9 2.8
2019.7014 -231.611 -273 11.3 1.2 1.0 2.8
2019.7041 -231.01 -273.888 10.3 1.2 0.9 2.7
2019.7068 -229.858 -273.888 9.9 1.2 0.9 2.8
2019.7096 -231.511 -272 16 1.1 0.9 2.6
2019.7123 -232.413 -271.667 3.4 1.1 0.9 2.7
2019.7151 -231.912 -274.221 16.9 1.3 1.0 2.9
2019.7178 -233.064 -271.778 17.6 1.1 0.9 2.7
2019.7205 -229.758 -272.666 14.5 1.1 0.9 2.8
2019.7233 -230.008 -273.666 9.6 1.3 1.1 3.1
2019.7260 -228.605 -270.779 9.7 1.1 0.9 2.7
2019.7288 -232.613 -271.334 11.1 1.1 0.9 2.7
2019.7315 -232.413 -271.889 11.6 1.3 1.0 2.9
2019.7342 -230.91 -273.999 13.1 1.2 0.9 2.8
2019.7370 -231.06 -271.445 8.1 1.1 0.9 2.7
2019.7397 -231.962 -271.223 11.1 1.3 1.0 3.0
2019.7425 -229.557 -272.666 7.4 1.5 1.1 3.2
2019.7452 -231.411 -274.221 12.5 1.3 0.9 2.9
2019.7479 -232.413 -271.223 13.2 1.6 1.2 3.2
2019.7507 -232.213 -273.888 13.8 1.4 1.0 3.0
2019.7534 -232.263 -274.554 12 1.1 0.9 2.8
2019.7562 -234.166 -275.22 17.7 1.2 0.9 2.8
2019.7589 -235.77 -273 12.8 1.2 0.9 2.9
2019.7616 -232.663 -274.554 14 1.2 0.9 2.8
2019.7644 -228.756 -273.999 12 1.2 0.9 2.8
2019.7671 -231.01 -274.998 12.7 1.2 0.9 2.9
2019.7699 -231.01 -274.887 12.7 1.2 0.9 2.8
2019.7726 -233.665 -276.33 9.2 1.3 1.1 3.1
2019.7753 -230.609 -276.441 12.4 1.3 1.0 3.0
2019.7781 -230.91 -276.996 14.9 1.3 1.0 2.9
2019.7808 -230.108 -274.443 10.4 1.1 0.9 2.8
2019.7836 -232.162 -276.108 10.4 1.1 0.9 2.7
2019.7863 -231.311 -275.553 11 1.1 0.9 2.7
2019.7890 -232.513 -275.331 17.3 1.1 0.9 2.8
2019.7918 -232.413 -273.888 22 1.2 0.9 2.8
2019.7945 -231.361 -273.999 23.6 1.2 0.9 2.8
2019.7973 -229.257 -274.887 24.8 1.2 1.0 2.8
2019.8000 -231.611 -274.11 16.9 1.1 0.9 2.8
2019.8027 -232.363 -275.997 11.2 1.2 0.9 2.8
2019.8055 -234.367 -275.886 14.2 1.1 0.9 2.7
2019.8082 -233.966 -275.22 19.1 1.1 0.9 2.8
2019.8110 -232.213 -274.554 17 1.1 0.9 2.7
2019.8137 -229.657 -274.998 14.1 1.2 1.0 3.0
2019.8164 -236.421 -273.444 10.4 1.6 1.2 3.3
2019.8192 -236.321 -273.444 10.5 1.6 1.2 3.5
2019.8219 -235.118 -274.443 7.1 1.3 1.0 2.9
2019.8247 -233.215 -277.662 9.3 1.3 1.0 3.0
2019.8274 -229.808 -275.997 5.4 1.2 0.9 2.7
2019.8301 -233.665 -275.664 6.8 1.2 0.9 2.7
2019.8329 -235.669 -277.773 9.1 1.2 1.0 2.9
2019.8356 -233.465 -275.664 11.4 1.1 0.9 2.7
2019.8384 -236.521 -275.442 4.4 1.1 0.9 2.7
2019.8411 -235.72 -275.553 6.1 1.1 0.9 2.8
2019.8438 -237.673 -274.887 3.8 1.1 0.9 2.7
2019.8466 -232.513 -277.218 2.3 1.2 0.9 2.8
2019.8493 -233.615 -276.996 6.1 1.1 0.9 2.7
2019.8521 -233.565 -276.885 13.7 1.1 0.9 2.7
2019.8548 -233.315 -277.329 18.7 1.1 0.9 2.7
2019.8575 -234.467 -277.44 7.2 1.1 0.9 2.7
2019.8603 -233.565 -277.662 12.2 1.1 0.9 2.7
2019.8630 -234.217 -276.774 12.4 1.3 1.0 2.9
2019.8658 -234.667 -276.108 13.1 1.1 0.9 2.7
2019.8685 -233.615 -276.441 15.3 1.1 0.9 2.8
2019.8712 -231.611 -276.774 19.7 1.1 0.9 2.7
2019.8740 -234.818 -274.776 20.5 1.1 0.9 2.8
2019.8767 -234.317 -275.22 13.1 1.1 0.9 2.7
2019.8795 -231.762 -274.887 24 1.2 0.9 2.8
2019.8822 -237.924 -274.554 12.1 1.1 0.9 2.8
2019.8849 -235.319 -275.775 20.2 1.1 0.9 2.7
2019.8877 -229.507 -276.441 10.6 1.1 0.9 2.7
2019.8904 -233.415 -278.995 5.5 1.2 1.0 2.9
2019.8932 -231.06 -277.773 19.2 1.3 0.9 2.8
2019.8959 -236.621 -274.998 19.9 1.3 0.9 2.9
2019.8986 -236.12 -275.442 14.2 1.3 1.0 2.9
2019.9014 -232.764 -275.442 10.3 1.2 0.9 2.8
2019.9041 -234.818 -276.885 2 1.1 0.9 2.7
2019.9068 -239.728 -277.773 4.6 1.1 0.9 2.7
2019.9096 -233.615 -277.218 2.8 1.1 0.9 2.7
2019.9123 -237.423 -276.663 8.3 1.1 0.9 2.8
2019.9151 -237.022 -277.44 7.8 1.1 0.9 2.7
2019.9178 -242.383 -277.551 3.5 1.1 0.9 2.7
2019.9205 -234.517 -274.443 6.2 1.1 0.9 2.7
2019.9233 -234.918 -276.441 11.5 1.1 0.9 2.7
2019.9260 -235.619 -276.885 9.8 1.1 0.9 2.7
2019.9288 -234.918 -276.774 14.5 1.1 0.9 2.7
2019.9315 -235.269 -276.885 9.1 1.1 0.9 2.7
2019.9342 -235.619 -275.442 7.3 1.1 0.9 2.8
2019.9370 -233.215 -275.553 11 1.1 0.9 2.7
2019.9397 -234.567 -275.22 10.4 1.1 0.9 2.7
2019.9425 -234.517 -275.553 10.9 1.2 0.9 2.7
2019.9452 -235.419 -277.329 13 1.1 0.9 2.7
2019.9479 -234.116 -276.441 14.6 1.1 0.9 2.7
2019.9507 -235.87 -278.662 8.2 1.1 0.9 2.7
2019.9534 -236.471 -276.996 7.7 1.2 0.9 2.8
2019.9562 -235.369 -277.551 11.2 1.1 0.9 2.7
2019.9589 -235.219 -277.44 12.6 1.1 0.9 2.7
2019.9616 -233.766 -277.662 12.8 1.1 0.9 2.7
2019.9644 -231.561 -277.218 9.9 1.3 0.9 2.9
2019.9671 -236.371 -275.109 17.3 1.3 1.0 2.9
2019.9699 -235.018 -276.996 17.9 1.2 0.9 2.8
2019.9726 -235.569 -276.885 19.8 1.2 0.9 2.7
2019.9753 -235.569 -277.662 10.5 1.1 0.9 2.7
2019.9781 -233.114 -275.997 18.1 1.1 0.9 2.7
2019.9808 -233.816 -276.996 16.9 1.1 0.9 2.7
2019.9836 -236.772 -277.44 7.6 1.1 0.9 2.7
2019.9863 -224.848 -277.662 2.7 1.2 0.9 2.7
2019.9890 -234.918 -275.775 9.2 1.1 0.9 2.7
2019.9918 -238.776 -278.995 17.5 1.1 0.9 2.7
2019.9945 -237.623 -279.994 9.2 1.1 0.9 2.7
2019.9973 -234.217 -278.995 12.1 1.1 0.9 2.8
2020.0000 -235.118 -278.106 15.9 1.1 0.9 2.7
2020.0027 -236.621 -276.108 17.2 1.1 0.9 2.7
2020.0055 -239.427 -274.554 17.4 1.1 0.9 2.7
2020.0082 -237.373 -274.998 15.9 1.3 1.0 3.0
2020.0110 -237.774 -277.773 8.7 1.2 0.9 2.8
2020.0137 -238.225 -279.439 8 1.2 0.9 2.8
2020.0164 -239.227 -278.217 6.3 1.2 0.9 2.8
2020.0192 -237.774 -278.44 3.9 1.2 0.9 2.8
2020.0219 -242.984 -278.773 18 1.2 0.9 2.8
2020.0247 -238.525 -277.995 9.7 1.4 1.0 3.2
2020.0274 -240.329 -278.773 6 1.2 0.9 2.9
2020.0301 -238.876 -279.994 6.4 1.2 0.9 2.8
2020.0329 -238.525 -278.44 6.5 1.1 0.9 2.8
2020.0356 -237.122 -279.55 9.2 1.1 0.9 2.8
2020.0384 -239.277 -280.549 11.9 1.2 0.9 2.8
2020.0411 -240.83 -280.105 5.8 1.2 0.9 2.8
2020.0438 -237.824 -280.66 8 1.2 0.9 2.8
2020.0466 -237.022 -279.883 10.1 1.2 0.9 2.9
2020.0493 -237.573 -278.329 13.2 1.2 0.9 2.8
2020.0521 -236.772 -279.217 13.2 1.1 0.9 2.8
2020.0548 -238.575 -277.662 16.2 1.1 0.9 2.8
2020.0575 -240.379 -277.773 23.1 1.1 0.9 2.8
2020.0603 -238.375 -278.551 23.9 1.2 0.9 2.7
2020.0630 -239.527 -278.329 17.5 1.1 0.9 2.7
2020.0658 -235.369 -279.883 13.1 1.1 0.9 2.8
2020.0685 -236.471 -278.884 14.3 1.1 0.9 2.7
2020.0712 -239.327 -280.882 14.8 1.1 0.9 2.7
2020.0740 -240.178 -280.771 15.1 1.1 0.9 2.7
2020.0767 -237.323 -280.438 10.6 1.2 0.9 2.8
2020.0795 -236.772 -280.438 17.7 1.3 0.9 2.8
2020.0822 -237.974 -280.771 21.6 1.3 1.0 2.9
2020.0849 -239.477 -276.219 19.6 1.3 1.0 2.9
2020.0877 -235.87 -279.106 10.7 1.1 0.9 2.7
2020.0904 -239.126 -280.327 12.4 1.1 0.9 2.7
2020.0932 -239.176 -279.217 9.3 1.2 0.9 2.8
2020.0959 -240.028 -278.44 10.5 1.2 0.9 2.8
2020.0986 -239.577 -278.773 11.3 1.2 0.9 2.8
2020.1014 -239.227 -277.884 16.7 1.2 1.0 3.0
2020.1041 -238.525 -278.662 9.6 1.3 1.0 2.8
2020.1068 -237.974 -278.662 12.4 1.1 0.9 2.7
2020.1096 -239.627 -279.883 16.7 1.2 1.0 2.8
2020.1123 -240.279 -279.883 9.3 1.2 1.0 2.8
2020.1151 -238.776 -279.106 0.9 1.1 0.9 2.8
2020.1178 -236.571 -279.772 9.1 1.1 0.9 2.7
2020.1205 -237.924 -280.549 12.9 1.1 0.9 2.8
2020.1233 -238.124 -279.994 10.7 1.1 0.9 2.8
2020.1260 -236.321 -279.55 8.8 1.1 0.9 2.8
2020.1288 -236.922 -281.104 10.3 1.1 0.9 2.8
2020.1315 -239.778 -281.548 7 1.1 0.9 2.8
2020.1342 -238.325 -280.105 9 1.5 1.2 3.4
2020.1370 -234.617 -282.547 15.3 1.3 1.1 3.1
2020.1397 -235.92 -280.438 16.9 1.2 0.9 2.8
2020.1425 -237.924 -277.329 19.9 1.2 1.0 3.0
2020.1452 -238.275 -278.106 16.3 1.1 0.9 2.8
2020.1479 -239.126 -280.216 12.7 1.1 0.9 2.7
2020.1507 -240.379 -280.105 4 1.1 0.9 2.7
2020.1534 -238.876 -281.104 6.7 1.1 0.9 2.7
2020.1562 -240.128 -279.55 11.2 1.1 0.9 2.8
2020.1589 -236.772 -278.773 8.8 1.2 0.9 2.8
2020.1616 -242.784 -281.326 13.8 1.1 0.9 2.8
2020.1644 -242.032 -280.993 9.3 1.3 1.0 2.9
2020.1671 -241.431 -280.105 13.5 1.1 0.9 2.7
2020.1699 -242.934 -278.662 10.9 1.1 0.9 2.7
2020.1726 -239.227 -277.995 11 1.1 0.9 2.8
2020.1753 -240.78 -280.993 10.6 1.2 0.9 2.8
2020.1781 -239.227 -281.659 5.4 1.1 0.9 2.7
2020.1808 -240.479 -280.993 9.3 1.1 0.9 2.8
2020.1836 -241.681 -281.548 4 1.2 1.0 2.9
2020.1863 -242.032 -282.214 6.3 1.1 0.9 2.8
2020.1890 -240.178 -279.106 15.6 1.2 0.9 2.8
2020.1918 -240.429 -279.439 18.3 1.1 0.9 2.9
2020.1945 -243.936 -280.549 11 1.1 0.9 2.8
2020.1973 -240.78 -280.438 6.4 1.2 1.0 2.9
2020.2000 -243.134 -283.658 -0.2 1.2 1.0 3.1
2020.2027 -243.735 -280.549 6.2 1.1 0.9 2.8
2020.2055 -243.986 -280.216 1.8 1.1 0.9 2.9
2020.2082 -245.038 -280.438 1.3 1.2 1.0 3.0
2020.2110 -242.633 -281.992 8.7 1.2 1.0 2.9
2020.2137 -241.882 -281.215 8 1.1 0.9 2.9
2020.2164 -240.379 -281.326 0.5 1.5 1.1 3.4
2020.2192 -244.186 -281.77 8.1 1.2 1.0 3.0
2020.2219 -245.84 -281.215 7.8 1.3 1.0 3.1
2020.2247 -245.038 -282.325 7.1 1.2 1.0 2.9
2020.2274 -241.08 -279.661 8 1.2 1.0 3.1
2020.2301 -242.683 -280.438 1.5 1.1 0.9 2.9
2020.2329 -243.034 -278.662 9 1.2 0.9 2.9
2020.2356 -243.335 -279.883 8.8 1.1 0.9 2.8
2020.2384 -241.681 -280.327 13.7 1.2 0.9 2.9
2020.2411 -242.082 -281.437 1.2 1.2 1.0 2.9
2020.2438 -240.329 -283.213 6.3 1.3 1.0 3.1
2020.2466 -242.834 -284.102 0.5 1.3 1.0 3.1
2020.2493 -239.176 -282.88 0.3 1.4 1.1 3.3
2020.2521 -241.08 -282.103 6.4 1.2 0.9 2.9
2020.2548 -242.232 -282.88 3.3 1.2 1.0 3.0
2020.2575 -242.633 -282.436 7.1 1.1 0.9 2.8
2020.2603 -242.132 -283.213 8.6 1.2 1.0 3.0
2020.2630 -242.633 -281.326 4.1 1.2 0.9 2.9
2020.2658 -241.281 -282.658 14.4 1.1 0.9 2.9
2020.2685 -245.589 -280.882 15.2 1.1 0.9 2.8
2020.2712 -241.731 -284.546 4.6 1.4 1.1 3.2
2020.2740 -243.435 -283.213 8.9 1.1 0.9 2.8
2020.2767 -242.834 -282.547 6.1 1.2 0.9 2.9
2020.2795 -244.637 -281.548 7.1 1.3 1.0 3.0
2020.2822 -243.285 -283.769 9 1.2 1.0 3.0
2020.2849 -243.234 -283.102 11 1.2 1.0 3.0
2020.2877 -245.088 -282.103 -0.2 1.2 1.0 2.9
2020.2904 -240.479 -283.769 5.2 1.3 1.0 3.0
2020.2932 -244.888 -284.102 10 1.2 0.9 2.8
2020.2959 -242.333 -279.994 3.9 1.2 1.0 3.0
2020.2986 -247.142 -284.768 9.6 1.2 1.0 2.9
2020.3014 -248.545 -282.88 2.1 1.1 0.9 2.9
2020.3041 -246.992 -280.549 16.6 1.5 1.1 3.3
2020.3068 -243.685 -280.993 10 1.3 1.0 3.0
2020.3096 -247.042 -282.214 10 1.2 0.9 2.9
2020.3123 -244.838 -281.77 13.5 1.2 0.9 2.9
2020.3151 -241.431 -282.214 10.2 1.2 1.0 3.0
2020.3178 -240.98 -283.769 8.2 1.2 0.9 3.0
2020.3205 -240.429 -282.658 15.2 1.2 1.0 3.0
2020.3233 -240.329 -282.436 16.9 1.2 1.0 2.9
2020.3260 -239.527 -283.213 22.7 1.3 1.0 3.1
2020.3288 -241.631 -283.213 12.4 1.1 0.9 2.9
2020.3315 -238.625 -283.102 4.2 1.1 0.9 2.9
2020.3342 -243.585 -285.101 9.6 1.3 1.0 3.0
2020.3370 -240.429 -283.435 12.8 1.2 1.0 2.9
2020.3397 -240.679 -284.546 15.3 1.2 0.9 2.9
2020.3425 -241.381 -282.88 8.1 1.2 0.9 3.0
2020.3452 -240.88 -283.769 6.8 1.2 1.0 3.1
2020.3479 -242.032 -284.102 2.6 1.1 0.9 2.9
2020.3507 -241.431 -282.547 4.4 1.3 1.0 3.0
2020.3534 -239.677 -283.324 2.9 1.3 0.9 3.1
2020.3562 -239.627 -284.546 4.3 1.2 0.9 3.0
2020.3589 -240.579 -284.324 6 1.2 0.9 3.1
2020.3616 -241.481 -283.769 2.8 1.2 0.9 3.0
2020.3644 -237.924 -284.99 9.4 1.1 0.9 3.0
2020.3671 -240.78 -283.991 9.4 1.2 0.9 2.9
2020.3699 -241.281 -283.991 1.5 1.2 0.9 2.9
2020.3726 -241.431 -283.102 3 1.2 0.9 2.9
2020.3753 -242.784 -283.102 8.3 1.2 0.9 2.9
2020.3781 -238.225 -284.546 8.6 1.2 0.9 2.9
2020.3808 -238.325 -282.991 13.4 1.1 0.9 2.9
2020.3836 -241.631 -282.103 8.4 1.2 0.9 2.9
2020.3863 -240.329 -284.435 1.7 1.1 0.9 2.8
2020.3890 -239.928 -283.435 2.6 1.3 1.0 2.9
2020.3918 -240.229 -284.99 8.7 1.2 0.9 3.0
2020.3945 -241.782 -284.324 3.4 1.2 0.9 2.8
2020.3973 -240.679 -285.101 12.8 1.1 0.9 2.8
2020.4000 -242.533 -284.99 4.4 1.3 0.9 3.0
2020.4027 -240.629 -285.323 9.6 1.2 0.9 2.9
2020.4055 -244.387 -283.435 5.8 1.2 0.9 2.8
2020.4082 -241.431 -282.325 6.1 1.2 0.9 2.9
2020.4110 -239.277 -285.434 7.9 1.2 0.9 2.8
2020.4137 -239.026 -284.324 5 1.5 1.0 3.1
2020.4164 -238.826 -285.545 8.8 1.2 0.9 2.8
2020.4192 -241.18 -285.101 4.5 1.2 0.9 2.8
2020.4219 -243.585 -281.659 4.2 1.7 1.1 3.3
2020.4247 -240.83 -283.658 11.2 1.2 0.9 2.8
2020.4274 -242.232 -284.99 9.4 1.2 0.9 2.9
2020.4301 -244.888 -286.211 4.3 1.3 0.9 3.0
2020.4329 -242.483 -283.546 2.6 1.2 1.0 3.0
2020.4356 -241.23 -285.656 5.5 1.2 0.9 3.0
2020.4384 -240.83 -282.436 12.6 1.2 0.9 2.9
2020.4411 -243.385 -285.101 11 1.2 0.9 2.9
2020.4438 -241.481 -284.768 7.3 1.3 1.0 3.1
2020.4466 -245.188 -285.656 7.6 1.2 0.9 3.0
2020.4493 -241.381 -284.879 11.3 1.2 0.9 2.9
2020.4521 -240.83 -284.213 7.2 1.1 0.9 2.9
2020.4548 -240.529 -284.324 13.7 1.1 0.9 2.8
2020.4575 -242.884 -284.213 9 1.3 0.9 2.9
2020.4603 -244.337 -284.546 13.5 1.2 0.9 2.9
2020.4630 -241.782 -286.1 10.6 1.3 0.9 2.9
2020.4658 -243.535 -284.546 7.4 1.3 0.9 3.0
2020.4685 -243.986 -285.545 8.2 1.1 0.9 2.9
2020.4712 -242.834 -285.767 10.5 1.3 1.0 3.0
2020.4740 -243.786 -287.321 5 1.2 0.9 2.9
2020.4767 -244.287 -285.434 4.2 1.2 0.9 2.9
2020.4795 -242.834 -284.102 20.9 1.1 0.9 2.9
2020.4822 -243.886 -284.102 8.4 1.3 0.9 2.9
2020.4849 -245.589 -284.435 5.2 1.2 0.9 2.8
2020.4877 -245.84 -287.21 7.7 1.3 0.9 3.0
2020.4904 -248.545 -285.434 9.2 1.3 0.9 3.0
2020.4932 -244.487 -286.1 10.3 1.2 0.9 3.0
2020.4959 -245.539 -285.767 10.7 1.2 0.9 3.0
2020.4986 -245.689 -283.324 14.5 1.2 0.9 2.9
2020.5014 -245.94 -286.877 6.7 1.2 0.9 2.9
2020.5041 -243.986 -287.654 -0.3 1.2 0.9 2.9
2020.5068 -246.591 -286.322 11.3 1.2 0.9 2.9
2020.5096 -245.99 -288.32 8.2 1.2 0.9 2.9
2020.5123 -248.595 -285.878 11.1 1.7 1.0 3.2
2020.5151 -249.096 -285.323 1.6 1.2 0.9 2.9
2020.5178 -247.794 -286.988 5.7 1.2 0.9 2.9
2020.5205 -244.387 -287.987 4 1.2 0.9 2.9
2020.5233 -245.689 -286.766 12.5 1.3 1.0 3.1
2020.5260 -245.689 -284.324 11.3 1.2 0.9 3.0
2020.5288 -246.04 -288.431 14.6 1.2 0.9 3.0
2020.5315 -245.539 -284.435 9 1.2 0.9 2.9
2020.5342 -252.854 -285.323 10.9 1.4 1.0 3.1
2020.5370 -253.455 -286.322 0 1.8 1.1 3.5
2020.5397 -241.18 -287.654 13.5 1.6 1.0 3.1
2020.5425 -247.844 -286.433 8.3 1.4 1.0 3.1
2020.5452 -249.096 -288.32 19.4 1.2 0.9 3.0
2020.5479 -249.647 -287.543 10.1 1.2 0.9 3.0
2020.5507 -248.695 -283.88 12.6 1.4 1.0 3.0
2020.5534 -246.04 -285.101 13.3 1.3 1.0 3.0
2020.5562 -248.796 -289.764 1.3 1.2 1.0 3.0
2020.5589 -247.443 -286.211 17.2 1.2 0.9 3.0
2020.5616 -246.491 -288.098 16 1.2 0.9 3.0
2020.5644 -246.24 -285.878 7 1.8 1.3 3.7
2020.5671 -246.842 -286.322 16 1.5 1.1 3.4
2020.5699 -245.89 -289.098 14 1.2 0.9 3.1
2020.5726 -244.737 -286.655 15.7 1.2 0.9 3.0
2020.5753 -246.09 -288.32 16.7 1.3 1.0 3.2
2020.5781 -243.786 -287.432 8.6 1.2 0.9 3.0
2020.5808 -249.246 -287.765 4.4 1.4 1.0 3.2
2020.5836 -245.84 -287.21 10.1 1.3 1.0 3.1
2020.5863 -240.78 -287.321 12.5 1.2 0.9 3.0
2020.5890 -243.385 -286.766 11.7 1.4 1.1 3.3
2020.5918 -248.896 -285.212 17 1.8 1.1 3.4
2020.5945 -246.24 -287.987 11.4 1.4 1.0 3.1
2020.5973 -247.693 -286.1 15.9 1.2 0.9 3.0
2020.6000 -246.942 -286.988 10.6 1.3 1.0 3.1
2020.6027 -242.032 -286.655 22.3 1.2 1.0 3.1
2020.6055 -244.587 -286.655 17.3 1.3 0.9 3.0
2020.6082 -244.236 -287.321 21.7 1.2 0.9 3.0
2020.6110 -245.489 -288.542 12.8 1.2 0.9 3.0
2020.6137 -245.689 -287.543 4.9 1.2 0.9 3.0
2020.6164 -246.641 -288.542 8.7 1.2 0.9 3.0
2020.6192 -246.341 -288.32 6.6 1.2 0.9 3.0
2020.6219 -244.537 -286.766 11.3 1.2 0.9 3.0
2020.6247 -246.09 -288.875 4.2 1.2 0.9 3.0
2020.6274 -243.335 -287.765 9.7 1.2 0.9 3.0
2020.6301 -244.186 -288.32 10.6 1.2 0.9 3.1
2020.6329 -244.988 -287.099 1.2 1.3 1.0 3.1
2020.6356 -245.99 -288.542 17.7 1.3 1.0 3.0
2020.6384 -244.737 -288.653 13.2 1.2 0.9 3.0
2020.6411 -242.483 -289.209 18.9 1.2 0.9 3.0
2020.6438 -245.389 -287.876 18 1.4 1.0 3.2
2020.6466 -247.393 -286.1 25.8 1.4 1.0 3.1
2020.6493 -246.14 -285.878 15.8 1.2 0.9 3.0
2020.6521 -242.884 -286.655 -11.3 1.3 1.0 3.1
2020.6548 -244.487 -287.099 8.9 1.3 1.0 3.1
2020.6575 -241.03 -290.763 2.7 1.4 1.1 3.2
2020.6603 -245.539 -285.545 10.2 1.3 1.0 3.1
2020.6630 -255.609 -282.547 2.2 1.6 1.1 3.4
2020.6658 -241.782 -285.878 6.9 1.3 1.0 3.1
2020.6685 -246.892 -285.434 17.5 1.7 1.1 3.5
2020.6712 -245.038 -284.435 10.3 1.7 1.2 3.5
2020.6740 -245.489 -288.542 -0.2 1.6 1.1 3.3
2020.6767 -247.042 -288.431 9.9 1.2 0.9 3.0
2020.6795 -247.844 -284.435 9.1 1.4 1.1 3.1
2020.6822 -246.09 -289.098 10.1 1.3 1.0 3.1
2020.6849 -248.044 -287.321 0.8 1.2 0.9 3.0
2020.6877 -244.387 -290.097 11.8 1.4 1.0 3.1
2020.6904 -247.593 -289.32 17.4 1.2 0.9 3.0
2020.6932 -255.409 -283.88 15.2 1.2 0.9 3.0
2020.6959 -248.094 -288.653 3.9 1.2 1.0 3.1
2020.6986 -246.441 -288.542 3.7 1.4 1.0 3.1
2020.7014 -243.535 -288.209 9.6 1.4 1.0 3.2
2020.7041 -247.994 -288.209 8.5 1.3 0.9 3.1
2020.7068 -249.497 -287.432 9.6 1.6 1.1 3.5
2020.7096 -244.437 -289.542 11 1.4 1.0 3.2
2020.7123 -246.591 -286.988 11.5 1.3 0.9 3.2
2020.7151 -251.701 -293.427 10.3 1.5 1.0 3.3
2020.7178 -246.792 -287.432 17 1.3 1.0 3.1
2020.7205 -248.395 -288.653 12 1.3 0.9 3.1
2020.7233 -248.244 -288.653 6 1.2 0.9 3.0
2020.7260 -248.094 -288.653 10.9 1.2 0.9 3.0
2020.7288 -247.042 -289.764 17.7 1.4 1.0 3.1
2020.7315 -247.643 -291.318 19.8 1.5 1.1 3.3
2020.7342 -247.794 -288.542 15.7 1.5 1.0 3.2
2020.7370 -245.088 -288.098 14.1 1.3 1.0 3.1
2020.7397 -243.685 -286.544 15.6 1.9 1.3 3.6
2020.7425 -239.427 -290.541 14.6 1.6 1.0 3.2
2020.7452 -244.938 -289.653 13.3 2.0 1.3 3.8
2020.7479 -248.144 -291.873 11.6 1.6 1.1 3.3
2020.7507 -244.737 -279.55 14.6 1.6 1.1 3.5
2020.7534 -249.397 -289.764 16.5 1.3 1.0 3.1
2020.7562 -246.842 -288.764 15.5 1.3 1.1 3.1
2020.7589 -247.142 -289.653 12 1.3 1.0 3.0
2020.7616 -249.246 -290.874 11.5 1.2 0.9 3.0
2020.7644 -247.693 -289.986 15.3 1.2 1.0 3.0
2020.7671 -245.89 -291.651 9.2 1.4 1.0 3.1
2020.7699 -247.693 -288.542 17.4 1.2 0.9 3.0
2020.7726 -247.493 -288.098 11.6 1.2 1.0 3.0
2020.7753 -243.485 -290.985 19.3 1.2 0.9 2.9
2020.7781 -251.902 -291.096 21.5 1.2 0.9 3.0
2020.7808 -243.034 -293.205 19 1.2 0.9 3.0
2020.7836 -268.485 -296.647 22 1.2 0.9 2.9
2020.7863 -246.341 -285.101 14.2 1.2 0.9 3.0
2020.7890 -250.048 -289.431 11.8 1.2 0.9 3.0
2020.7918 -250.248 -289.32 17.1 1.2 0.9 3.0
2020.7945 -248.495 -289.764 16.3 1.2 0.9 2.9
2020.7973 -246.892 -289.875 12.1 1.4 1.1 3.3
2020.8000 -250.098 -288.653 15.8 1.2 0.9 2.9
2020.8027 -249.096 -289.875 17.8 1.3 1.0 3.2
2020.8055 -249.747 -290.763 17.7 1.3 0.9 3.1
2020.8082 -252.653 -289.764 11.7 1.4 1.1 3.3
2020.8110 -247.393 -291.429 13.5 1.2 1.0 3.0
2020.8137 -240.379 -295.981 6.6 1.2 1.0 3.1
2020.8164 -250.699 -290.43 15.9 1.6 1.1 3.5
2020.8192 -250.299 -289.431 13.6 1.3 1.1 3.3
2020.8219 -250.749 -293.76 16.3 1.6 1.1 3.5
2020.8247 -249.747 -288.653 20.3 1.3 1.0 3.0
2020.8274 -251.501 -289.986 13 1.4 1.1 3.2
2020.8301 -249.697 -290.541 16.2 1.4 1.1 3.2
2020.8329 -249.497 -288.098 19.7 1.2 0.9 3.1
2020.8356 -246.14 -288.653 21 1.5 1.2 3.4
2020.8384 -248.545 -288.875 19.4 1.4 1.1 3.3
2020.8411 -248.595 -291.207 22.8 1.2 0.9 2.9
2020.8438 -248.796 -290.541 23.3 1.2 0.9 3.0
2020.8466 -250.399 -290.208 19 1.2 0.9 3.1
2020.8493 -254.006 -284.99 -17.8 1.3 0.9 3.1
2020.8521 -251.1 -289.653 19.2 1.4 1.0 3.1
2020.8548 -250.499 -288.431 11.6 1.2 0.9 3.0
2020.8575 -247.443 -291.873 15.8 1.2 0.9 3.0
2020.8603 -249.848 -291.096 21.6 1.2 0.9 3.0
2020.8630 -250.349 -291.096 18.6 1.2 0.9 3.0
2020.8658 -248.796 -290.208 20.9 1.2 0.9 3.0
2020.8685 -250.299 -288.764 24.5 1.4 1.0 3.3
2020.8712 -248.445 -288.653 17.7 1.3 0.9 3.1
2020.8740 -248.545 -290.208 14.8 1.2 0.9 3.0
2020.8767 -248.144 -290.319 12 1.2 0.9 2.9
2020.8795 -248.846 -288.098 12.2 1.2 0.9 3.0
2020.8822 -247.794 -288.764 10 1.2 1.0 3.0
2020.8849 -246.541 -284.324 18.5 1.3 1.0 3.1
2020.8877 -248.094 -286.877 9.7 1.3 1.0 3.1
2020.8904 -248.645 -287.987 8.5 1.6 1.2 3.5
2020.8932 -245.238 -288.209 8.1 1.4 1.0 3.2
2020.8959 -244.737 -286.988 17.8 1.7 1.3 3.5
2020.8986 -242.984 -288.764 21.2 1.4 1.1 3.3
2020.9014 -246.892 -290.652 18.1 1.3 1.0 3.2
2020.9041 -246.792 -286.877 21.3 1.4 1.0 3.2
2020.9068 -246.591 -290.208 19.7 1.3 1.0 3.1
2020.9096 -254.457 -291.429 14.4 1.4 1.0 3.1
2020.9123 -246.591 -291.873 21.7 1.4 1.0 3.2
2020.9151 -246.441 -291.429 22.9 1.4 1.0 3.3
2020.9178 -249.246 -287.987 18.4 1.4 1.0 3.3
2020.9205 -250.549 -293.76 12.9 1.2 0.9 3.0
2020.9233 -249.146 -297.424 17.3 1.3 0.9 3.0
2020.9260 -250.699 -296.869 10.4 1.3 0.9 3.0
2020.9288 -246.19 -291.54 9.8 1.3 0.9 3.1
2020.9315 -252.202 -296.092 6.1 1.3 0.9 3.1
2020.9342 -245.84 -290.43 6.5 1.3 1.0 3.1
2020.9370 -243.034 -293.76 9.5 1.3 0.9 3.0
2020.9397 -250.8 -289.764 11.1 1.3 0.9 3.1
2020.9425 -249.747 -290.874 2.4 1.3 1.0 3.1
2020.9452 -251.301 -291.429 1.7 1.3 0.9 3.0
2020.9479 -250.85 -292.761 6.4 1.3 1.0 3.1
2020.9507 -249.196 -291.984 1 1.3 0.9 3.1
2020.9534 -251.351 -291.207 6.8 1.3 0.9 3.1
2020.9562 -250.649 -291.318 9.3 1.3 0.9 3.0
2020.9589 -248.695 -292.539 12.8 1.3 0.9 3.1
2020.9616 -249.647 -292.428 18.5 1.3 0.9 3.0
2020.9644 -251.05 -292.872 9.5 1.2 0.9 3.0
2020.9671 -249.447 -290.985 17.5 1.2 0.9 3.0
2020.9699 -250.399 -291.651 17.7 1.3 1.0 3.1
2020.9726 -250.048 -289.986 21.3 1.4 1.0 3.2
2020.9753 -251.651 -291.096 21.9 1.5 1.0 3.3
2020.9781 -240.329 -290.985 17.1 1.5 1.0 3.3
2020.9808 -248.946 -292.428 13.8 1.3 1.0 3.2
2020.9836 -256.21 -291.429 16.9 1.5 1.1 3.4
2020.9863 -252.904 -293.316 24 1.3 1.0 3.2
2020.9890 -251.05 -294.538 9.7 1.3 0.9 3.1
2020.9918 -253.806 -292.761 21.4 1.3 0.9 3.1
2020.9945 -254.307 -294.093 12 1.3 1.0 3.1
2020.9973 -255.359 -294.315 14.5 1.3 0.9 3.0
2021.0000 -255.208 -291.762 19.8 1.3 1.0 3.2
2021.0027 -251.902 -292.095 16.4 1.3 0.9 3.1
2021.0027 -251.751 -295.426 14.8 1.3 0.9 3.1
2021.0055 -253.154 -295.537 23.6 1.2 0.9 3.1
2021.0082 -254.106 -292.983 17.9 1.2 0.9 3.0
2021.0110 -255.409 -294.093 15.9 1.3 1.0 3.1
2021.0137 -248.796 -296.203 21.9 1.4 1.0 3.2
2021.0164 -252.804 -289.986 19.2 1.4 1.0 3.2
2021.0192 -252.753 -295.093 21.5 1.2 0.9 3.0
2021.0219 -253.054 -294.315 19.8 1.2 0.9 3.0
2021.0247 -253.755 -293.982 23.3 1.2 0.9 3.0
2021.0274 -252.002 -295.426 15.3 1.2 1.0 3.1
2021.0301 -249.196 -294.093 21.9 1.4 1.0 3.3
2021.0329 -252.703 -294.204 20 1.3 1.0 3.1
2021.0356 -254.757 -294.315 19.5 1.3 1.0 3.0
2021.0384 -251.751 -294.093 16.1 1.2 0.9 3.0
2021.0411 -253.054 -293.538 13.5 1.2 1.0 3.0
2021.0438 -253.806 -293.649 12.5 1.2 0.9 3.0
2021.0466 -254.507 -293.982 10.5 1.2 1.0 3.0
2021.0493 -252.753 -293.76 11.4 1.2 0.9 3.0
2021.0521 -255.309 -297.535 15.4 1.3 1.0 3.0
2021.0548 -256.661 -293.205 10.1 1.4 1.1 3.3
2021.0575 -252.202 -296.425 4.4 1.3 1.0 3.1
2021.0603 -252.453 -295.315 7.9 1.2 1.0 3.0
2021.0630 -251.351 -294.204 17.4 1.2 1.0 3.1
2021.0658 -251.401 -295.759 14.1 1.2 0.9 3.0
2021.0685 -254.156 -293.76 14.6 1.4 1.1 3.2
2021.0712 -250.9 -293.316 8 1.3 1.1 3.2
2021.0740 -251.952 -293.76 9.9 1.3 1.1 3.1
2021.0767 -252.152 -294.093 13 1.2 1.0 3.1
2021.0795 -252.904 -294.76 22.3 1.2 1.0 3.0
2021.0822 -251.05 -293.094 12.5 1.2 1.0 3.0
2021.0849 -253.305 -295.426 11.3 1.2 1.0 3.0
2021.0877 -251.2 -293.316 8 1.2 1.0 3.1
2021.0904 -254.206 -292.206 12.6 1.6 1.2 3.7
2021.0932 -251.651 -293.427 10.4 1.3 1.0 3.2
2021.0959 -255.609 -293.538 14.1 1.4 1.1 3.3
2021.0986 -253.856 -293.205 2.2 1.2 1.0 3.1
2021.1014 -253.104 -294.426 0.6 1.2 1.0 3.1
2021.1041 -253.755 -293.982 4.9 1.5 1.2 3.6
2021.1068 -253.705 -292.65 10.2 1.2 1.0 3.1
2021.1096 -254.256 -293.76 9.6 1.3 1.0 3.2
2021.1123 -255.559 -294.315 7.5 1.2 1.0 3.1
2021.1151 -256.16 -293.205 8.3 1.3 1.0 3.2
2021.1178 -255.459 -294.871 11.4 1.2 1.0 3.2
2021.1205 -256.21 -295.093 10 1.4 1.1 3.4
2021.1233 -254.307 -295.093 18.7 1.2 1.0 3.1
2021.1260 -257.112 -297.424 21.3 1.2 1.0 3.1
2021.1288 -259.266 -292.761 9.7 1.5 1.1 3.3
2021.1315 -256.361 -293.538 13.5 1.3 1.1 3.2
2021.1342 -255.709 -295.537 17.7 1.3 1.1 3.3
2021.1370 -254.056 -290.985 20.9 1.5 1.2 3.7
2021.1397 -253.154 -295.315 12.6 1.5 1.1 3.3
2021.1425 -256.661 -291.096 15.3 1.5 1.2 3.3
2021.1452 -254.707 -293.427 18.1 1.4 1.2 3.4
2021.1479 -257.663 -296.092 3.4 1.4 1.1 3.3
2021.1507 -257.162 -295.204 10.8 1.6 1.1 3.2
2021.1534 -254.858 -295.981 13.8 1.4 1.1 3.3
2021.1562 -254.757 -295.204 12.1 1.3 1.1 3.2
2021.1589 -253.505 -293.316 10.7 1.3 1.1 3.2
2021.1616 -252.703 -294.982 16.3 1.2 1.0 3.1
2021.1644 -255.359 -290.652 15.4 1.5 1.3 3.6
2021.1671 -253.605 -295.426 19.3 1.5 1.2 3.4
2021.1699 -253.254 -292.872 16.1 1.4 1.2 3.5
2021.1726 -256.06 -295.315 9.9 1.3 1.0 3.1
2021.1753 -254.056 -293.871 14.7 1.3 1.0 3.2
2021.1781 -256.611 -293.538 13.8 1.4 1.1 3.3
2021.1808 -255.359 -292.317 6.5 1.3 1.0 3.2
2021.1836 -253.605 -294.426 8.4 1.2 1.0 3.2
2021.1863 -255.709 -296.647 3 1.2 0.9 3.0
2021.1890 -254.457 -296.869 8.6 1.2 0.9 3.1
2021.1918 -253.355 -293.76 15.2 1.2 1.0 3.1
2021.1945 -253.104 -295.315 12.1 1.4 1.1 3.3
2021.1973 -256.311 -295.759 16.4 1.3 1.1 3.3
2021.2000 -255.409 -294.093 10.6 1.6 1.2 3.5
2021.2027 -257.062 -295.648 14.9 1.3 1.0 3.2
2021.2055 -255.409 -296.092 14.2 1.2 1.0 3.1
2021.2082 -254.757 -296.536 8.8 1.2 1.0 3.1
2021.2110 -252.152 -297.091 16.7 1.3 1.1 3.1
2021.2137 -252.904 -292.983 5.2 1.3 1.1 3.2
2021.2164 -252.753 -297.091 1.9 1.5 1.2 3.5
2021.2192 -251.852 -296.203 7.6 1.8 1.2 3.5
2021.2219 -254.256 -298.756 8.7 1.3 1.1 3.2
2021.2247 -252.453 -297.202 6.1 1.3 1.0 3.1
2021.2274 -255.158 -296.758 4.6 1.3 1.0 3.1
2021.2301 -256.11 -299.2 2.6 1.5 1.1 3.3
2021.2329 -255.509 -298.312 3.7 1.4 1.1 3.5
2021.2356 -253.154 -298.534 7.8 1.3 1.0 3.1
2021.2384 -254.206 -298.756 9.8 1.2 1.0 3.0
2021.2411 -253.906 -299.867 1.1 1.2 1.0 3.0
2021.2438 -257.313 -300.089 1.9 1.2 1.0 3.1
2021.2466 -256.862 -296.314 6.3 1.5 1.2 3.3
2021.2493 -255.559 -297.535 14 1.5 1.1 3.4
2021.2521 -254.707 -296.647 10.5 1.3 1.0 3.0
2021.2548 -254.307 -298.645 10.6 1.3 1.0 3.1
2021.2575 -254.256 -297.424 5 1.2 1.0 3.0
2021.2603 -257.012 -296.758 5.7 1.2 1.0 3.0
2021.2630 -255.709 -297.202 9.3 1.2 1.0 3.0
2021.2658 -254.056 -298.867 9.6 1.7 1.1 3.5
2021.2685 -254.808 -300.422 10.7 1.3 1.0 3.2
2021.2712 -255.309 -298.312 8.2 1.3 1.0 3.2
2021.2740 -254.858 -301.421 5.4 1.3 1.0 3.1
2021.2767 -254.106 -298.423 4.8 1.3 1.0 3.1
2021.2795 -252.603 -300.644 7.9 1.4 1.1 3.4
2021.2822 -257.914 -299.867 6.5 1.4 1.1 3.2
2021.2849 -254.357 -300.866 12.1 1.3 1.0 3.1
2021.2877 -252.904 -298.978 2.2 1.3 1.1 3.1
2021.2904 -256.01 -302.087 7.4 1.6 1.2 3.4
2021.2932 -255.96 -297.646 3.2 1.8 1.4 3.7
2021.2959 -254.757 -301.088 -0.2 1.6 1.2 3.6
2021.2986 -255.659 -302.642 7.7 1.8 1.3 3.8
2021.3014 -252.503 -299.311 20.9 1.4 1.1 3.4
2021.3041 -257.262 -298.867 3.9 1.4 1.1 3.4
2021.3068 -255.91 -298.978 5.2 1.5 1.2 3.7
2021.3096 -258.214 -299.422 7.6 1.6 1.2 3.7
2021.3123 -257.212 -301.754 4.2 1.6 1.1 3.6
2021.3151 -259.367 -299.2 6.7 1.9 1.2 3.9
2021.3178 -251.15 -288.875 1.2 1.5 1.1 3.5
2021.3205 -251.501 -301.421 4.2 1.5 1.1 3.5
2021.3233 -259.317 -300.644 17.9 1.3 1.0 3.2
2021.3260 -260.218 -300.533 7.8 1.4 1.0 3.2
2021.3288 -254.206 -298.423 10.5 1.2 0.9 3.1
2021.3315 -254.808 -298.978 11 1.3 1.0 3.1
2021.3342 -254.808 -302.198 4 1.4 1.0 3.3
2021.3370 -252.854 -301.199 0.2 1.3 0.9 3.2
2021.3397 -253.204 -301.088 11.2 1.3 1.0 3.1
2021.3425 -255.559 -299.644 -1.5 1.2 0.9 3.1
2021.3452 -252.653 -300.866 -0.6 1.4 1.0 3.2
2021.3479 -253.405 -299.644 8.4 1.2 0.9 3.1
2021.3507 -254.808 -299.311 7.1 1.3 0.9 3.1
2021.3534 -254.757 -300.311 0.7 1.2 0.9 3.1
2021.3562 -255.459 -299.978 -0.4 1.3 1.0 3.2
2021.3589 -252.703 -300.866 8.2 1.3 0.9 3.2
2021.3616 -256.361 -300.089 9.4 1.8 1.1 3.6
2021.3644 -255.759 -301.532 -2.9 1.3 1.0 3.1
2021.3671 -255.86 -300.755 3.9 1.3 1.0 3.1
2021.3699 -252.753 -300.2 6.8 1.3 1.0 3.2
2021.3726 -257.513 -300.977 4.1 1.3 1.0 3.2
2021.3753 -254.808 -300.977 3.8 1.3 1.0 3.1
2021.3781 -252.252 -299.755 0.7 1.5 1.1 3.4
2021.3808 -250.248 -298.312 8 1.3 1.0 3.1
2021.3836 -262.573 -301.421 -4.7 2.4 1.3 4.3
2021.3863 -254.707 -301.532 4.7 1.5 1.1 3.6
2021.3890 -256.01 -298.423 8.6 1.3 1.0 3.3
2021.3918 -257.463 -299.2 11.2 1.3 1.0 3.2
2021.3945 -256.06 -296.869 1.1 1.2 0.9 3.1
2021.3973 -255.108 -299.422 -1.1 1.2 1.0 3.1
2021.4000 -255.91 -299.2 -0.5 1.2 1.0 3.1
2021.4027 -258.916 -299.533 15.6 1.6 1.1 3.5
2021.4055 -253.054 -299.755 9 1.2 1.0 3.2
2021.4082 -254.707 -298.534 -0.8 1.5 1.0 3.3
2021.4110 -256.06 -297.313 4.9 1.2 0.9 3.1
2021.4137 -251.852 -300.422 10.8 1.2 1.0 3.1
2021.4164 -256.461 -300.311 3.6 1.2 0.9 3.1
2021.4192 -254.307 -301.31 11.6 1.2 0.9 3.1
2021.4219 -251.651 -296.869 12.4 1.6 1.1 3.5
2021.4247 -254.206 -297.757 8.8 1.3 0.9 3.1
2021.4274 -255.759 -298.867 7.9 1.2 0.9 3.1
2021.4301 -257.613 -299.089 7.4 1.2 0.9 3.1
2021.4329 -259.216 -299.311 6.8 1.4 1.0 3.2
2021.4356 -254.908 -299.533 7.1 1.2 0.9 3.1
2021.4384 -257.914 -299.089 9.5 1.2 0.9 3.1
2021.4411 -254.757 -296.758 10.8 1.2 1.0 3.1
2021.4438 -261.972 -300.089 0 2.1 1.2 3.9
2021.4466 -256.962 -299.644 7.9 1.5 1.1 3.6
2021.4493 -256.862 -300.977 12.5 1.3 1.0 3.1
2021.4521 -258.365 -297.535 3.1 1.2 1.0 3.2
2021.4548 -255.81 -302.753 14.7 1.6 1.0 3.4
2021.4575 -254.557 -301.088 4.6 1.5 1.1 3.5
2021.4603 -254.156 -302.42 7.7 1.4 1.0 3.2
2021.4630 -258.164 -300.644 5.5 1.6 1.0 3.4
2021.4658 -263.675 -297.757 10.9 1.2 0.9 3.1
2021.4685 -260.87 -301.754 11.7 1.2 0.9 3.0
2021.4712 -256.511 -302.531 17.4 1.3 1.0 3.1
2021.4740 -258.615 -300.977 0.8 1.4 1.0 3.5
2021.4767 -258.264 -301.865 10.8 1.2 1.0 3.2
2021.4795 -252.904 -300.422 15.5 1.2 1.0 3.2
2021.4822 -255.91 -299.644 14.4 1.6 1.0 3.4
2021.4849 -260.569 -300.866 9.2 1.5 1.0 3.3
2021.4877 -251.15 -301.754 12.6 1.3 1.0 3.2
2021.4904 -261.12 -301.31 10.5 1.3 1.0 3.2
2021.4932 -255.86 -299.978 0.4 1.2 1.0 3.2
2021.4959 -264.327 -302.864 16.9 1.7 1.1 3.5
2021.4986 -264.176 -300.311 7.3 1.3 1.0 3.2
2021.5014 -256.01 -299.978 11.3 1.3 1.0 3.3
2021.5041 -257.012 -303.863 13.3 1.3 1.0 3.2
2021.5068 -255.96 -301.754 5.9 1.3 1.0 3.2
2021.5096 -256.461 -300.089 17.8 1.3 1.0 3.2
2021.5123 -259.567 -299.867 16.1 1.5 1.0 3.3
2021.5151 -258.565 -300.977 16.4 1.4 1.0 3.2
2021.5178 -259.968 -302.753 14.4 1.3 1.0 3.2
2021.5205 -265.228 -305.418 13.8 1.5 1.0 3.3
2021.5233 -255.359 -300.644 14.1 1.3 1.0 3.2
2021.5260 -258.164 -301.088 13.1 1.3 1.0 3.2
2021.5288 -259.617 -304.529 14.9 1.4 1.0 3.2
2021.5315 -253.956 -301.865 8.4 1.3 1.0 3.2
2021.5342 -258.515 -302.753 27 1.5 1.2 3.4
2021.5370 -257.413 -298.645 10.5 1.7 1.1 3.6
2021.5397 -260.369 -301.643 13.3 1.4 1.1 3.4
2021.5425 -257.212 -302.087 20.8 1.4 1.0 3.3
2021.5452 -262.874 -302.864 14.3 1.4 1.0 3.3
2021.5479 -262.974 -300.2 20.4 1.4 1.0 3.3
2021.5507 -258.014 -303.752 17.6 1.4 1.0 3.3
2021.5534 -263.124 -302.753 28.8 1.4 1.0 3.4
2021.5562 -260.82 -304.307 14.1 1.8 1.2 3.6
2021.5589 -257.864 -302.864 15.7 1.4 1.0 3.3
2021.5616 -257.463 -303.419 19.8 1.5 1.0 3.3
2021.5644 -261.02 -302.087 15.9 1.3 1.0 3.3
2021.5671 -253.455 -304.307 19.6 1.3 1.0 3.3
2021.5699 -255.359 -302.975 23.4 1.3 1.0 3.3
2021.5726 -261.12 -302.975 11.1 1.5 1.0 3.4
2021.5753 -263.725 -300.866 11 1.5 1.0 3.4
2021.5781 -259.617 -302.531 18.4 1.5 1.0 3.4
2021.5808 -262.373 -301.865 13.3 1.5 1.0 3.5
2021.5836 -255.409 -303.197 6.6 1.3 0.9 3.2
2021.5863 -258.816 -299.644 12.8 1.4 1.0 3.3
2021.5890 -261.421 -306.084 22.6 1.6 1.0 3.5
2021.5918 -255.359 -304.307 -5.2 1.4 1.0 3.4
2021.5945 -255.609 -301.199 18.5 1.2 1.0 3.2
2021.5973 -265.128 -302.753 6.4 1.5 1.0 3.6
2021.6000 -256.16 -300.977 27.9 2.1 1.4 4.0
2021.6027 -261.571 -300.533 14.4 1.3 1.0 3.3
2021.6055 -254.507 -300.089 14.5 1.5 1.0 3.4
2021.6082 -258.715 -302.087 16.7 1.5 1.0 3.4
2021.6110 -263.174 -301.421 12.3 1.3 1.0 3.3
2021.6137 -256.01 -303.419 17.8 1.3 1.0 3.2
2021.6164 -257.413 -302.198 13.6 1.4 1.0 3.3
2021.6192 -259.868 -302.42 8.9 1.3 0.9 3.3
2021.6219 -260.669 -302.309 6 1.5 1.0 3.5
2021.6247 -257.112 -304.085 13.7 1.4 1.0 3.4
2021.6274 -254.106 -300.533 18 1.3 1.0 3.2
