2002.5836 0 0 0 2.3 1.4 4.2
2002.5863 -5.06008 1.66531 3.9 2.5 1.7 4.2
2002.5890 -3.50698 3.55266 7.1 1.6 1.2 3.4
2004.6822 -37.8253 -35.0825 21.5 1.5 1.1 3.1
2004.6849 -34.2181 -33.7502 15.3 1.7 1.3 3.7
2005.5014 -49.2982 -40.4115 22.1 1.4 1.1 3.1
2005.5041 -53.0557 -44.1862 14.5 1.3 1.0 3.0
2006.6795 -69.5886 -62.2825 21.9 1.5 1.2 3.4
2006.6822 -70.1397 -60.9503 24.4 1.5 1.1 3.5
2012.5973 -130.159 -154.208 31.2 1.1 0.9 2.7
2012.6000 -134.518 -154.874 32.1 1.4 1.0 2.8
2012.6027 -127.504 -156.539 40.9 1.1 0.9 2.7
2012.6055 -130.56 -154.097 24.5 1.2 0.9 2.9
2012.6082 -128.656 -154.319 25.9 1.2 0.9 2.9
2013.4685 -150.149 -165.643 20.8 1.9 2.0 4.9
2013.4712 -142.083 -172.637 28.5 1.3 1.1 3.1
2013.4740 -143.836 -173.636 12.9 1.2 1.0 3.0
2015.6192 -172.043 -204.278 24.6 1.1 0.9 2.8
2015.6219 -176.001 -204.389 25.8 3.5 2.3 6.9
2018.5370 -216.08 -254.348 27.8 1.1 0.9 2.7
2019.4932 -232.413 -265.672 44.2 1.3 1.0 3.2
2019.4959 -241.681 -263.785 49.7 1.9 1.3 4.1
