2005.4219 0 0 0 1.8 1.1 3.8
2005.4247 4.90493 0.443965 -6.3 1.9 1.3 3.9
2005.4274 -1.33414 2.21983 -9 1.8 1.2 3.8
2005.4301 4.04166 -1.2209 -2.5 1.5 1.0 3.3
2005.4329 -4.31634 2.66379 -8 2.0 1.1 3.7
2005.4356 3.88471 0.776939 -7.7 1.6 1.0 3.3
2005.4384 4.94417 1.10991 -9.9 1.5 1.0 3.3
2005.4411 2.07969 1.55388 -3 1.6 1.0 3.4
2005.4438 2.786 2.88577 1.5 1.6 1.1 3.4
2005.4466 2.5898 0.88793 5.5 2.2 1.6 4.3
2005.4493 8.71116 -0.332974 -7.7 2.7 1.6 5.0
2005.4521 3.21763 1.66487 -12.7 1.7 1.1 3.4
2005.4548 7.88713 1.99784 1.1 2.0 1.2 3.8
2005.4575 2.07969 2.77478 -4.6 1.6 1.0 3.5
2005.4603 9.29975 5.21659 0 2.0 1.2 3.9
2005.4630 8.59344 0.443965 -2.8 1.7 1.1 3.3
2005.4658 7.10234 2.10883 -0.6 1.6 1.0 3.2
2005.4685 1.4911 2.99676 -3.7 1.6 1.0 3.4
2005.4712 2.786 1.10991 -0.7 1.4 0.9 3.1
2005.4740 6.08212 1.3319 5.7 1.4 0.9 3.2
2005.4767 4.74797 1.55388 -2.8 2.3 1.4 4.1
2005.4795 5.06189 2.21983 0.1 1.7 1.0 3.5
2005.4822 11.8896 3.55172 -7.5 1.7 1.1 3.5
2005.4849 4.19862 4.88362 -3.5 1.7 1.1 3.6
2005.4877 4.55178 5.66056 -5.3 1.5 1.0 3.4
2005.4904 6.51375 3.55172 4 1.5 1.0 3.2
2005.4932 7.2593 4.43965 -4.7 1.5 1.0 3.3
2005.4959 13.4199 4.66163 -5.7 1.7 1.1 3.4
2005.4986 5.49352 4.77263 5.1 1.6 1.1 3.4
2005.5014 4.63026 6.99245 4.1 1.6 1.0 3.4
2005.5041 5.45428 5.99353 -6.6 1.5 1.0 3.4
2005.5068 6.51375 4.66163 -0.5 1.4 1.0 3.2
2005.5096 6.90614 4.99461 2.1 1.5 1.0 3.2
2005.5123 4.82645 5.54956 8.8 1.5 1.0 3.3
2005.5151 4.04166 5.66056 -4.4 1.5 1.1 3.3
2005.5178 3.02144 4.43965 5.8 1.4 1.0 3.2
2005.5205 6.55299 7.88038 -2.3 1.9 1.3 4.0
2005.5233 12.0858 0.776939 -1.7 2.9 2.0 4.7
2005.5260 4.51254 3.10776 2 1.8 1.4 3.8
2005.5288 2.74676 5.32758 -4.5 2.0 1.3 4.0
2005.5315 4.98341 5.21659 -2.2 1.9 1.3 4.0
2005.5342 4.15938 3.10776 0.2 1.6 1.1 3.5
2005.5370 2.07969 4.77263 -2.7 1.4 1.0 3.2
2005.5397 3.57079 6.3265 0.4 1.6 1.1 3.5
2005.5425 2.31513 0.776939 2.5 1.5 1.1 3.3
2005.5452 2.74676 5.1056 6.2 1.8 1.3 4.0
2005.5479 4.00242 2.77478 1.4 1.7 1.1 3.5
2005.5507 2.39361 2.88577 -3.2 1.6 1.2 3.6
2005.5534 1.92273 3.99569 1.3 1.9 1.4 3.9
2005.5562 -1.02023 3.55172 -1 1.7 1.3 3.6
2005.5589 7.22006 4.77263 -3 1.4 1.0 3.2
2005.5616 4.23786 2.44181 -1.7 1.4 1.0 3.3
2005.5644 -1.45186 1.66487 0.9 1.4 1.0 3.3
2005.5671 4.43406 3.8847 -6.1 1.5 1.0 3.5
2005.5699 3.92394 4.21767 1.7 1.6 1.1 3.6
2005.5726 3.72775 5.99353 -2.5 1.8 1.4 3.8
2005.5753 -0.196197 6.3265 3.6 1.7 1.2 3.6
2005.5781 4.23786 4.10668 4.7 1.6 1.2 3.6
2005.5808 1.80501 3.10776 0.3 1.5 1.0 3.4
2005.5836 1.0987 4.88362 1.5 1.6 1.2 3.7
2005.5863 -1.02023 6.43749 -1.6 1.7 1.1 3.6
2005.5890 3.49231 6.3265 4.6 1.5 1.0 3.3
2005.5918 6.12135 4.32866 1.7 1.8 1.4 4.0
2005.5945 0.353155 5.32758 -2.8 1.6 1.0 3.5
2005.5973 -3.33535 7.10344 -11.5 2.7 1.7 4.6
2005.6000 -0.196197 3.99569 10.1 1.8 1.2 3.8
2005.6027 0.274675 6.77047 -0.2 1.6 1.1 3.4
2005.6055 8.78964 7.76939 12.3 1.7 1.1 3.5
2005.6082 6.67071 8.54633 -4 1.7 1.2 3.8
2005.6110 -1.21642 4.32866 4.3 1.5 1.0 3.4
2005.6137 1.6873 4.88362 -7.9 1.5 1.1 3.5
2005.6164 1.17718 6.21551 -4.8 1.7 1.1 3.5
2005.6192 1.72654 7.10344 -2.8 1.6 1.1 3.5
2005.6219 0.902507 6.54849 1.8 1.4 1.0 3.2
2005.6247 1.60882 8.10236 3.2 1.7 1.3 3.7
2005.6274 2.31513 5.54956 2.7 1.9 1.3 3.8
2005.6301 -3.72775 6.54849 7.4 1.7 1.2 3.6
2005.6329 2.47208 2.33082 8 2.0 1.2 4.1
