1995.4521 0 0 0 2.6 1.9 6.7
1995.4548 -1.11499 -0.666179 -25.8 2.5 1.9 6.6
1995.4575 -3.13258 -1.88751 -25.1 2.6 1.9 6.7
1995.4603 1.48665 1.33236 -17.3 2.4 1.7 6.3
1995.4630 4.19448 2.44266 -16.6 3.0 2.0 7.6
1995.4685 -5.62803 1.88751 -0.2 2.3 1.8 5.9
1995.4712 0.371663 1.99854 -11.8 2.3 1.6 5.8
1995.4740 -2.33616 2.44266 -5.1 2.5 1.8 6.0
1995.4767 -0.637135 -0.777209 -29.3 2.2 1.7 5.5
2003.5671 -140.86 49.5193 111.7 3.2 2.4 8.5
2007.6000 -226.13 61.0664 172.9 4.6 4.5 9.6
2007.6027 -217.529 64.5084 128.9 2.2 1.4 4.9
2007.6055 -237.121 51.8509 225.4 3.0 2.1 7.7
2008.5973 -241.952 66.1738 140 2.4 1.9 6.6
2008.6000 -239.298 76.4996 170.6 3.3 2.1 8.0
2009.5123 -255.757 62.0657 197.2 2.6 1.8 5.8
2009.5151 -254.27 66.0628 140.3 2.3 1.5 5.2
2009.5178 -252.253 65.2856 162.7 3.3 2.1 8.0
2010.7616 -300.728 56.9583 171.6 1.9 1.3 4.4
2012.5233 -306.091 52.073 214.5 3.2 1.8 7.4
2012.5260 -291.118 39.8597 254.2 3.6 2.4 9.7
2015.7890 -385.042 45.8553 232.2 2.0 1.3 4.4
2015.7918 -374.317 54.0715 217 2.9 1.7 6.3
2018.4027 -429.058 26.9803 317.7 2.7 1.9 7.3
2018.4055 -433.571 28.2016 300.6 2.8 1.7 6.4
