1995.4904 0 0 0 2.5 2.3 5.7
1996.3315 -16.4764 -9.21728 8 10.6 6.5 18.3
2005.9945 -172.615 -18.4346 78 1.8 1.1 4.2
2005.9973 -168.987 -21.3219 95.8 1.8 1.0 4.3
2006.0000 -172.199 -17.6572 77.2 1.8 1.1 4.2
2006.0027 -173.091 -18.1014 81 1.8 1.1 4.2
2006.0055 -175.768 -16.5467 85.4 2.2 1.1 4.5
2006.5781 -178.98 -6.77414 61.6 2.4 1.7 6.5
2007.3370 -192.542 -13.3262 114.1 1.8 1.0 3.9
2007.3397 -194.921 -18.9898 127.2 1.7 1.0 3.7
2019.4658 -475.792 33.3155 202.8 3.0 1.7 7.6
2019.4685 -471.629 28.3181 148.9 3.0 1.8 8.2
2019.4712 -437.605 29.7618 144 3.0 1.7 8.2
