1995.6658 0 0 0 7.9 5.2 17.1
1995.6685 -8.97664 11.4342 -4.8 2.6 2.1 7.1
1995.6712 -12.1255 13.7654 -11.5 2.3 1.9 6.9
1995.7233 -5.78077 32.5264 25.2 3.1 1.7 5.9
1995.7260 5.21679 24.9776 19.9 1.3 1.0 3.2
1995.7288 9.54062 20.0931 9.5 1.6 1.3 3.6
1996.4685 -3.19587 3.55237 12.4 8.6 4.1 12.0
1996.4712 -7.28471 8.10384 7.6 1.4 1.1 3.2
1996.4740 -13.3005 6.43866 15.1 1.3 1.0 3.1
1996.4767 -13.2535 8.32586 3.6 1.8 1.4 4.2
1996.7041 -8.17767 6.66069 18.2 1.3 1.0 3.3
1996.7068 -12.9715 4.44046 26.1 1.4 1.0 3.3
1996.7096 -9.77561 1.77618 25.3 1.4 1.1 3.4
1996.7123 -12.9715 3.33034 20.9 1.7 1.2 3.5
1997.3397 -16.2613 -8.54788 12 11.8 7.8 20.8
1997.3425 -16.3083 -13.2104 10.3 1.3 1.0 3.2
1997.3452 -14.2404 -13.0994 13.3 1.3 1.0 3.1
1997.3479 -16.3083 -14.2095 14.5 1.3 1.0 3.0
1997.3507 -19.3162 -14.5425 22.2 1.3 1.0 3.1
1997.3534 -19.1752 -12.8773 22.4 1.3 1.0 3.1
1997.3562 -18.8462 -12.4333 18.5 1.7 1.2 3.9
1997.7370 -20.8202 -16.4297 46.7 8.5 8.3 25.2
1998.5425 -31.7707 -34.0805 25.6 1.5 1.1 3.2
1998.5452 -15.0394 -33.3034 27.3 19.6 11.9 33.4
1998.5616 2.81989 -10.8791 85.1 58.8 43.2 79.7
1998.5644 -28.1049 -35.8567 22.8 1.5 1.1 3.2
1998.5671 -30.3138 -32.0823 28.6 1.3 1.0 2.9
1998.5699 -31.1598 -34.8576 12 1.5 1.2 3.6
1999.5233 -32.7577 -58.503 19.1 1.7 1.2 3.8
1999.5260 -33.1807 -60.3902 25 1.8 1.2 3.8
1999.5288 -35.9066 -55.8388 16 2.7 1.7 4.7
1999.5315 -33.0867 -54.8397 21.8 1.7 1.2 3.8
1999.5342 -30.7838 -53.6185 11.7 1.8 1.3 4.1
1999.6411 -74.68 -41.5183 102 22.9 18.0 35.6
1999.6438 -34.9666 -61.1673 5.3 4.3 2.5 7.4
1999.6466 -38.6325 -61.1673 23.6 2.4 1.5 4.5
1999.6493 -31.8177 -59.2801 30.4 16.2 10.4 19.9
2000.3671 -29.4678 -79.3732 31.7 4.8 2.9 10.2
2000.3699 -42.9563 -79.8172 21.6 1.5 1.2 3.8
2000.3726 -47.0451 -76.0429 16.3 1.6 1.2 3.9
2000.3753 -43.0973 -81.4824 19.8 2.1 1.6 4.4
