2002.6082 0 0 0 8.0 4.2 9.7
2002.6110 11.1042 7.43778 -7.3 1.2 0.9 2.8
2002.6137 10.916 7.88183 -5.6 1.1 0.8 2.8
2002.6164 8.51639 6.99373 -16 1.1 0.9 2.8
2002.6192 11.0101 6.77171 -9 1.1 0.9 2.8
2002.6219 10.1632 4.55148 -9.1 1.1 0.8 2.8
2002.6247 14.2097 3.77439 -9.4 1.9 1.4 4.2
2009.6082 -16.7975 -166.073 -13.3 1.1 0.8 2.6
2009.6110 -11.6218 -169.737 -11.6 1.1 0.8 2.5
2009.6137 -11.2924 -167.517 -16.7 1.1 0.8 2.5
2013.5973 -16.374 -261.987 -21 1.5 1.2 3.4
2013.6000 -18.8678 -264.208 -13.7 1.1 0.8 2.5
2013.6027 -19.6206 -263.431 -20.7 1.1 0.8 2.5
2013.6055 -18.9148 -263.098 -18.3 1.1 0.8 2.5
2013.6082 -21.5498 -265.762 -19.1 1.1 0.8 2.5
2013.6110 -17.1739 -262.542 -19.4 1.1 0.8 2.5
2013.6137 -19.1031 -262.987 -21.7 1.1 0.8 2.5
2013.6164 -16.0917 -263.653 -17.7 1.1 0.8 2.6
2013.6192 -15.8094 -263.653 -17.7 1.1 0.8 2.6
2013.6219 -14.9625 -263.431 -16.6 1.2 0.9 2.5
2013.6247 -17.5974 -265.762 -19.9 1.2 0.9 2.6
2013.6274 -16.5152 -263.542 -12.9 1.1 0.8 2.5
