1999.7096 0 0 0 2.7 1.8 4.5
1999.7123 7.1794 -1.99839 8.7 2.2 1.5 4.1
2000.5863 -20.1225 -19.3178 18.3 4.6 2.6 7.6
2000.5890 -7.98834 -19.8729 13.7 2.3 1.5 4.7
2002.8493 -2337.2 2090.32 -228 15.8 9.2 17.2
2002.8521 -2296.95 2073.56 -201 1.3 1.1 2.9
2002.8548 -2303.17 2079 -203.8 1.2 1.0 2.8
2002.8575 -2304.28 2080.33 -197.8 1.2 1.0 2.9
2002.8603 -2304.54 2082.44 -198.4 1.4 1.1 3.1
2002.8630 -2304.84 2080 -204.8 1.4 1.1 3.1
2002.8658 -2305.45 2081.22 -204.8 1.5 1.1 3.1
2002.8685 -2307.17 2083.77 -199.2 1.3 1.0 2.9
2002.8712 -2306.15 2086.21 -202.9 1.2 1.0 2.8
2002.8740 -2308.58 2084.88 -199.7 1.3 1.1 2.9
2002.8767 -2309.04 2086.99 -197 1.2 1.0 2.8
2002.8795 -2310.96 2089.43 -191.4 1.2 1.0 2.9
2002.8822 -2310.65 2087.55 -193.3 1.6 1.1 3.2
2002.8849 -2311.77 2086.88 -193.1 1.2 1.0 2.9
2002.8877 -2312.98 2087.99 -198.7 1.4 1.0 2.9
2002.8904 -2315.36 2089.54 -193.1 2.1 1.4 3.7
2002.8932 -2313.43 2086.77 -190.4 1.4 1.1 3.1
2002.8959 -2315.41 2088.88 -193.2 1.4 1.0 3.1
2002.8986 -2310.81 2089.1 -199.1 1.4 1.0 2.9
2002.9014 -2312.42 2094.98 -204.6 1.3 1.1 3.0
2002.9041 -2316.16 2091.76 -192.8 1.3 1.0 2.8
2002.9068 -2316.16 2083.66 -201.9 1.6 1.2 3.3
2002.9096 -2331.13 2087.32 -140.5 1.4 1.0 3.1
2002.9123 -2313.74 2092.43 -164.5 1.3 1.0 2.8
2002.9151 -2315.76 2096.32 -168.8 1.4 1.0 2.9
2002.9370 -2322.28 2098.43 -172 2.1 1.4 4.2
2003.4466 -2344.83 2138.62 -207 1.2 0.9 2.8
2003.4493 -2338.82 2137.06 -207.8 1.1 0.9 2.8
2003.7918 -2360.51 2149.72 -169.8 1.3 1.1 2.9
2003.7945 -2358.08 2150.16 -175.2 1.5 1.2 3.2
2003.7973 -2358.03 2149.05 -176.1 1.8 1.4 3.7
2004.3726 -2364.35 2154.38 -189 1.2 0.9 2.8
2004.3753 -2369.86 2150.72 -176 1.2 0.9 2.7
2004.7973 -2376.23 2161.49 -167.3 1.1 0.9 2.6
2004.8000 -2380.68 2159.15 -176.3 1.1 0.9 2.6
2005.8055 -2401.81 2166.7 -145.9 1.5 1.1 3.3
2005.8082 -2396.55 2167.7 -143.1 1.1 0.9 2.6
2005.8110 -2398.58 2165.71 -144.1 1.2 0.9 2.6
2006.5945 -2413.69 2168.04 -153.1 1.3 0.9 2.7
2006.5973 -2410.91 2172.37 -155.9 1.3 0.9 2.8
2007.7260 -2428.66 2171.92 -126.9 1.7 1.2 3.5
2007.7288 -2435.59 2170.92 -124.2 1.4 1.0 3.0
2007.7315 -2432.6 2171.59 -119.2 1.4 1.0 2.9
2007.7342 -2433.01 2169.7 -130.5 1.5 1.0 3.0
2007.7370 -2436.44 2172.81 -125.9 1.5 1.0 3.0
2007.7397 -2430.53 2173.48 -127.6 1.4 1.0 3.0
2007.7425 -2440.94 2168.59 -116.9 3.9 2.9 7.8
2008.5397 -2453.69 2169.81 -121.8 1.3 0.9 2.7
2008.5425 -2452.27 2170.81 -120.2 1.2 0.9 2.6
2009.5260 -2464.3 2167.59 -125.3 1.5 1.1 3.1
2009.5288 -2470.72 2164.93 -123.5 1.2 0.9 2.7
2009.5315 -2467.69 2168.7 -122.5 1.3 0.9 2.7
2009.5342 -2468.35 2167.93 -109.9 1.3 0.9 2.7
2010.7178 -2490.8 2161.71 -99.3 3.8 2.2 6.0
2010.7205 -2484.63 2161.6 -100.4 1.1 0.8 2.5
2010.7233 -2488.47 2161.93 -99.6 1.2 0.9 2.5
2010.7260 -2486.95 2162.15 -98.2 1.1 0.9 2.5
2010.7288 -2490.19 2160.71 -98.7 1.1 0.9 2.6
2010.7315 -2480.18 2162.71 -97.3 1.8 1.2 3.4
2012.6438 -2521.08 2147.61 -91 1.3 1.0 2.8
2012.6466 -2519.77 2150.38 -89.7 1.3 0.9 2.6
2012.6493 -2521.49 2150.27 -98.5 1.2 0.8 2.5
2013.7370 -2533.87 2139.17 -105.6 1.1 0.8 2.6
2013.7397 -2531.8 2140.95 -93.9 1.1 0.8 2.5
2013.7425 -2530.33 2141.95 -97.2 1.1 0.8 2.5
2013.7452 -2530.99 2142.5 -100.3 1.1 0.9 2.6
2013.7479 -2534.13 2140.06 -94.6 1.1 0.9 2.6
2014.7315 -2550.3 2132.84 -79.7 1.5 1.0 2.9
2014.7342 -2548.94 2134.62 -87.6 1.3 0.9 2.6
2014.7370 -2545.45 2133.51 -85.5 1.4 1.0 2.8
2014.7397 -2554.05 2129.84 -78.2 1.5 1.0 2.9
2015.6740 -2573.51 2124.85 -67.2 1.1 0.9 2.6
2015.6767 -2566.63 2121.85 -76.9 1.7 1.1 3.1
2015.6795 -2568.25 2125.07 -79.9 1.2 0.9 2.7
2015.6822 -2565.47 2126.07 -82.6 1.4 0.9 2.8
2015.6849 -2566.79 2126.74 -80.4 1.6 1.0 3.0
2015.6877 -2569.36 2123.63 -69.2 1.2 0.9 2.7
2015.6932 -2569.67 2122.74 -80.5 1.7 1.2 3.6
2016.5233 -2582.11 2117.19 -71.9 1.4 0.9 2.8
2016.5260 -2583.88 2119.19 -67.7 1.3 0.9 2.7
2016.5288 -2580.08 2119.96 -71.4 1.3 0.9 2.7
2016.5315 -2580.34 2115.08 -81.5 3.7 2.0 6.1
2017.6685 -2601.77 2108.2 -70.7 1.4 1.0 2.9
2017.6712 -2610.22 2094.76 -58 2.2 1.7 4.4
2018.7644 -2619.67 2092.76 -56.4 3.3 1.8 5.3
2018.7671 -2617.29 2096.32 -53 1.4 1.1 2.9
2018.7699 -2615.98 2092.87 -53.4 1.4 1.0 2.9
2018.7726 -2617.7 2092.1 -50.4 1.4 1.0 2.8
2018.7753 -2613.1 2088.32 -43.6 1.3 1.0 2.9
2018.7781 -2624.47 2089.32 -59.9 1.2 0.9 2.8
