1998.7534 0 0 0 18.3 15.8 28.7
1998.7562 10.4649 -19.5426 11.3 1.5 1.0 3.0
1998.7589 10.8524 -16.8777 26.7 1.6 1.0 3.0
1998.7616 18.0505 -20.9861 6.9 1.6 1.1 3.0
1998.7644 4.81716 -18.8763 17.4 2.5 1.4 4.1
1999.4767 -3.87587 -31.0904 -4.8 19.8 4.6 15.7
1999.4795 1.88257 -31.4236 -14.8 1.4 1.0 2.8
1999.4822 1.77183 -31.0904 -13 1.5 1.1 3.1
2000.6521 -5.03863 -42.0831 12.9 4.4 3.2 9.3
2000.6548 -8.80377 -52.1875 27.6 1.6 1.1 3.1
2000.6575 -5.37085 -51.4103 17.7 1.4 1.0 3.0
2002.6685 -24.6948 -99.9336 17.8 2.8 3.1 7.5
2002.6712 -27.2972 -89.0519 2.8 1.3 1.0 3.2
2002.6740 -24.861 -89.163 12.4 1.4 1.1 3.4
2002.6767 -28.46 -91.4947 11.1 2.5 1.5 4.4
2012.6959 -161.845 -276.372 96.8 2.8 2.3 6.0
2012.6986 -159.852 -274.262 109.6 1.2 0.8 2.4
2012.7014 -158.966 -276.816 101.7 1.2 0.8 2.4
2012.7041 -160.24 -274.595 90.6 1.4 1.0 2.8
2015.4904 -191.136 -311.015 135.8 1.2 0.8 2.5
2015.4932 -195.233 -311.46 139.4 1.2 0.8 2.5
2015.4959 -193.406 -312.126 131.1 1.2 0.8 2.6
2015.4986 -194.624 -309.572 134.5 1.2 0.8 2.5
2015.5014 -199.607 -310.127 130.5 2.3 1.3 3.9
2015.5041 -200.383 -313.014 146.1 2.5 1.5 4.7
