1995.7014 0 0 0 3.0 2.7 8.4
1995.7096 -4.24563 4.21978 9.7 1.8 1.4 4.2
1998.5534 -91.252 -24.3193 22.8 83.9 51.2 106.4
1998.5562 -35.3027 -46.5286 87.4 1.9 1.1 3.9
1998.5589 -33.3834 -38.6443 94.7 8.1 4.1 8.8
1999.4548 -52.5179 -53.9688 85.2 1.8 1.2 3.9
1999.4575 -54.4953 -52.4141 97.9 1.8 1.2 3.9
1999.4603 -50.8312 -57.4112 92.6 1.7 1.1 3.9
1999.4630 -46.353 -48.6385 93 10.4 3.9 12.5
1999.5863 -54.5534 -57.6333 95.3 1.8 1.1 3.8
1999.5890 -58.3919 -56.4118 89.9 2.0 1.3 4.3
1999.6356 -57.694 -54.6351 130 4.7 3.2 9.2
1999.6384 -50.7149 -59.188 116.8 1.7 1.1 3.7
1999.6411 -54.7279 -59.9653 120.7 1.9 1.2 4.2
2001.6521 -80.0854 -87.0607 132.4 2.0 1.2 3.8
2001.6548 -76.8866 -86.6165 133.4 1.8 1.2 3.7
2001.6575 -76.5377 -89.0596 126.9 2.0 1.2 3.9
2001.6603 -75.4326 -86.5055 131.1 1.9 1.2 3.8
2001.6630 -76.654 -88.6154 133.1 2.3 1.5 4.8
2003.4329 -107.246 -107.826 147.8 1.7 1.2 4.3
2003.4356 -99.9177 -108.049 145.1 1.8 1.3 4.3
2003.4384 -105.036 -106.272 136.1 2.5 2.5 6.6
2003.4603 -106.315 -108.382 153.3 2.6 1.8 6.2
2003.4658 -97.7076 -110.714 127.7 1.4 1.0 3.4
2003.4685 -99.4524 -109.159 115.5 1.5 1.0 3.5
2003.4712 -101.546 -109.159 134.5 1.6 1.1 3.6
2003.4740 -102.244 -109.825 140.5 1.5 1.1 3.6
2003.4767 -100.499 -107.938 147.6 1.5 1.0 3.4
2003.4795 -98.9872 -108.271 124.1 1.7 1.3 3.8
2003.4822 -97.8821 -110.714 128.6 1.5 1.1 3.6
2003.4849 -102.419 -109.048 123.7 1.5 1.1 3.6
2003.4877 -102.826 -108.271 122.3 1.7 1.2 3.8
2003.4904 -103.814 -111.158 132 1.7 1.2 3.7
2003.4932 -104.803 -110.936 137 1.6 1.1 3.6
2003.4959 -106.49 -111.047 151.3 1.6 1.1 3.7
2003.4986 -103.698 -109.603 147.2 1.5 1.1 3.6
2003.5014 -106.548 -109.714 148.8 1.5 1.1 3.6
2003.5041 -100.732 -111.602 139.9 1.6 1.1 3.8
2003.5068 -102.535 -110.825 137.6 1.6 1.1 3.8
2003.5096 -103.989 -109.381 147.4 1.5 1.1 3.7
2003.5123 -104.861 -109.27 145.8 1.5 1.1 3.6
2003.5151 -102.244 -109.048 145 1.6 1.1 3.7
2003.5178 -105.094 -109.492 140.4 1.5 1.1 3.6
2003.5205 -104.803 -107.938 145.2 1.5 1.0 3.6
2003.5233 -105.268 -108.604 143.7 1.6 1.1 3.6
2003.5260 -107.653 -107.049 159.7 2.5 1.5 4.4
2003.5288 -106.257 -106.827 146.9 1.9 1.2 3.9
2003.5315 -102.884 -100.497 145.8 2.9 2.4 7.1
2003.5425 -109.688 -108.049 168.7 4.8 2.4 7.4
2003.5452 -97.824 -107.382 149.6 1.7 1.2 4.0
2003.5479 -97.2424 -105.717 159.6 1.7 1.1 3.7
2003.5507 -94.567 -105.606 142 1.5 1.0 3.6
2003.5534 -98.1148 -109.603 131.1 1.5 1.1 3.7
2003.5589 -100.732 -105.383 167.2 1.7 1.1 4.0
2003.5616 -105.327 -104.384 167.3 1.7 1.1 4.0
2003.5644 -94.7415 -109.825 181.9 3.5 2.2 6.5
2004.0384 -102.419 -111.158 159.8 1.5 1.1 3.4
2004.0411 -101.721 -109.27 165.9 1.5 1.1 3.4
2004.0438 -100.383 -110.27 165.1 1.5 1.1 3.6
2004.0466 -96.6608 -107.826 164.9 1.4 1.0 3.3
2004.0493 -92.4151 -108.049 161 1.6 1.1 3.9
2004.0521 -102.07 -110.158 155.7 1.6 1.2 3.8
2004.0630 -93.5202 -108.715 160.5 1.9 1.2 3.6
2004.0658 -95.0323 -109.714 171.1 1.5 1.0 3.3
2004.0685 -99.5106 -104.495 174.4 1.9 1.2 3.6
2004.0712 -100.965 -107.271 178.3 1.4 1.0 3.2
2004.0740 -98.5219 -107.715 178.7 1.5 1.0 3.3
2004.0767 -103.582 -103.829 170.4 2.7 1.9 5.5
2004.0849 -107.944 -102.496 176.1 3.6 1.9 6.0
2004.3096 -101.837 -116.932 147.4 2.8 2.3 6.0
2004.3123 -95.0905 -123.262 148 1.4 1.1 3.4
2004.3151 -96.4863 -125.483 142 1.4 1.1 3.3
2004.3178 -95.8465 -126.593 143.4 1.4 1.1 3.3
2004.3205 -95.8465 -124.484 143.1 1.4 1.1 3.3
2004.3233 -98.4056 -120.042 146.9 1.4 1.1 3.3
2004.3260 -94.3926 -119.597 141 1.4 1.1 3.3
2004.3288 -99.1616 -119.375 147.6 1.4 1.1 3.3
2004.3315 -97.7076 -120.597 144.5 1.4 1.1 3.3
2004.3342 -96.9516 -118.487 154.2 1.4 1.1 3.3
2004.3370 -99.9177 -122.374 138.1 1.4 1.1 3.3
2004.3397 -96.1373 -120.153 144.5 1.5 1.1 3.4
2004.3425 -94.567 -116.488 141 1.5 1.1 3.5
2004.3452 -95.9629 -118.154 148.8 1.5 1.1 3.5
2004.3479 -98.8127 -118.043 152 1.4 1.1 3.4
2004.3507 -98.5219 -120.597 159.7 1.7 1.2 3.8
2004.3534 -98.4637 -118.487 158.6 1.5 1.1 3.5
2004.3562 -100.499 -120.375 155.5 1.5 1.1 3.4
2004.3644 -100.092 -118.709 152.9 1.5 1.1 3.4
2004.3671 -100.208 -119.042 157.3 1.5 1.1 3.4
2004.3699 -96.4863 -119.264 157.1 1.5 1.1 3.5
2004.3726 -100.906 -121.263 155 1.5 1.1 3.4
2004.3753 -100.674 -119.597 156 1.5 1.1 3.4
2004.3781 -98.5219 -120.264 152.1 1.5 1.1 3.4
2004.3808 -99.5106 -119.042 154.1 1.4 1.1 3.4
2004.3836 -99.1035 -118.709 152.2 1.5 1.1 3.5
2004.3863 -98.7545 -119.931 154.8 1.5 1.1 3.5
2004.3890 -101.953 -119.375 155.9 1.5 1.1 3.4
2004.3918 -101.43 -120.042 156 1.4 1.0 3.3
2004.3945 -102.942 -119.486 160.8 1.4 1.0 3.3
2004.3973 -98.3474 -118.82 160.2 1.4 1.1 3.3
2004.4000 -98.9872 -118.598 143.4 1.5 1.1 3.5
2004.4027 -98.4637 -121.818 140.8 1.4 1.0 3.4
2004.4055 -99.9759 -121.818 144.5 1.5 1.1 3.4
2004.4082 -102.651 -120.597 152.8 1.8 1.3 4.0
2004.4137 -99.8595 -119.709 157.1 1.8 1.1 3.9
2004.4164 -102.477 -119.931 151.2 1.5 1.0 3.4
2004.4192 -96.6608 -121.818 152.3 1.5 1.1 3.4
2004.4219 -99.1035 -120.819 142.1 1.5 1.0 3.3
2004.4247 -109.63 -119.82 151.8 1.5 1.0 3.4
2004.4274 -98.2892 -118.82 160.4 1.5 1.0 3.3
2004.4301 -102.128 -122.04 150.3 1.5 1.0 3.3
2004.4329 -102.942 -118.154 156.8 1.5 1.0 3.4
2004.4356 -103.756 -119.042 161.5 1.5 1.1 3.4
2004.4384 -104.105 -117.488 158.6 1.5 1.0 3.3
2004.4411 -102.709 -119.931 152.1 1.5 1.0 3.4
2004.4438 -103 -118.487 146.1 1.5 1.0 3.3
2006.4575 -134.697 -148.581 215.6 1.7 1.0 3.4
2007.5452 -152.261 -185.781 234.4 3.2 3.5 8.0
2007.5479 -146.445 -165.793 234.4 1.6 1.1 3.6
2007.5507 -146.387 -167.681 195.2 1.7 1.2 3.6
2007.5534 -144.584 -166.348 206.4 1.6 1.1 3.4
2007.5562 -150.109 -168.902 225.6 1.6 1.1 3.5
2007.5589 -149.353 -167.792 219.4 1.6 1.1 3.6
2007.5616 -144.817 -167.459 200.3 1.6 1.1 3.5
2007.5644 -149.237 -166.459 216.7 1.6 1.1 3.4
2007.5671 -151.447 -167.014 217.2 1.5 1.1 3.4
2007.5699 -148.713 -169.791 225 1.6 1.1 3.4
2007.5726 -150.284 -167.348 220.6 1.5 1.1 3.5
2007.5753 -146.387 -170.124 215.4 1.5 1.1 3.5
2007.5781 -148.888 -166.57 222 1.6 1.1 3.5
2007.5808 -148.655 -167.681 201.7 1.6 1.1 3.5
2007.5836 -143.13 -166.681 207.7 1.5 1.1 3.4
2007.5863 -147.783 -170.901 232.8 1.6 1.1 3.5
2007.5890 -151.679 -167.237 225.6 1.5 1.1 3.5
2007.5918 -152.203 -168.569 233.6 1.5 1.1 3.5
2007.5945 -151.156 -165.793 231.7 1.5 1.1 3.5
2007.5973 -149.12 -165.571 208.5 1.6 1.1 3.4
2007.6000 -149.702 -166.237 216.3 1.7 1.2 3.6
2007.6027 -148.132 -166.792 221.8 1.5 1.1 3.5
2007.6055 -152.436 -168.014 225.3 1.5 1.1 3.5
2007.6082 -152.145 -166.681 227.6 1.5 1.1 3.6
2007.6110 -153.599 -167.57 226.7 1.6 1.1 3.5
2007.6137 -154.995 -171.012 231.3 1.5 1.1 3.5
2007.6164 -149.586 -169.791 229.2 1.5 1.1 3.5
2007.6192 -150.458 -171.345 239.5 1.7 1.2 3.7
2007.6219 -152.61 -167.57 229.2 1.7 1.2 3.7
2007.6247 -150.051 -166.126 226.3 1.6 1.2 3.7
2007.6274 -155.576 -168.902 228.9 1.6 1.2 3.7
2007.6301 -152.261 -167.792 217.8 1.6 1.2 3.6
2007.6329 -149.353 -167.237 217.3 1.7 1.2 3.7
2007.6356 -150.167 -168.347 227.5 1.6 1.1 3.6
2007.6384 -147.899 -170.679 233.9 1.5 1.1 3.6
2007.6411 -150.574 -167.57 221.5 1.6 1.1 3.6
2007.6438 -151.912 -169.346 234.6 1.5 1.1 3.6
2007.6466 -145.34 -169.346 217.7 2.8 1.8 6.1
2007.6575 -150.691 -168.347 235.4 1.7 1.1 3.6
2007.6603 -150.284 -168.902 228.1 1.7 1.1 3.6
2007.6630 -149.062 -169.346 218.4 1.6 1.1 3.6
2007.6658 -148.364 -174.677 221.4 2.3 1.5 4.9
2007.6740 -151.738 -168.014 231.5 1.6 1.1 3.6
2007.6767 -151.156 -169.791 225.3 1.6 1.1 3.6
2008.4219 -145.166 -168.569 202.9 3.5 3.0 7.7
2008.4247 -149.411 -176.342 229.5 1.5 1.0 3.4
2008.4274 -145.922 -179.674 219.8 1.5 1.0 3.3
2008.4301 -132.08 -178.785 233.9 3.9 2.4 7.5
2019.4521 -312.781 -344.245 461.1 1.5 1.0 3.4
2019.4548 -309.524 -344.356 459.8 1.5 1.0 3.3
2019.4575 -306.965 -344.578 438.6 1.5 1.0 3.4
2019.4603 -305.453 -346.688 434.7 1.5 1.0 3.3
2019.4630 -309.931 -346.244 449 1.5 1.0 3.4
