2007.6603 0 0 0 4.4 3.9 8.8
2007.6630 -1.65305 -6.43779 -7.6 1.2 0.9 2.9
2007.6658 2.06631 -5.77181 -9.5 1.2 0.9 3.0
2007.6685 -1.40509 -5.88281 -14.5 1.4 1.0 3.2
2007.6712 -1.36377 -3.55188 -7.7 1.9 1.1 3.5
2007.6740 -0.495914 -2.55292 -5.8 1.2 0.9 2.9
2007.6767 1.36377 -3.32989 -11.5 1.1 0.9 2.9
2007.6795 -0.289285 -3.55188 -11.1 1.4 1.1 3.2
2007.6822 0.950503 -2.55292 -5.9 1.5 1.0 3.4
2007.6849 1.52907 -3.77388 -3.4 1.3 1.0 3.0
2007.6877 -0.702546 -2.55292 -9.1 1.3 0.9 3.0
2007.6904 -0.413263 -3.21889 -6.5 1.1 0.9 2.9
2007.6932 0.785197 -2.55292 -4.3 1.1 0.9 2.9
2007.6959 -1.23979 -3.32989 -7.3 1.2 0.9 3.0
2007.6986 -0.454588 -2.8859 -8.2 1.2 0.9 3.0
2007.7014 -0.537242 -3.1079 -9.5 1.1 0.9 2.8
2007.7041 -2.14896 -3.44089 -6.2 1.3 0.9 3.0
2007.7068 -0.537242 -1.33196 -5.1 1.2 0.9 3.0
2007.7096 0.206631 -2.33092 -6.3 1.2 0.9 2.9
2007.7123 0.454588 -4.43985 -3.1 1.2 0.9 2.9
2007.7151 1.52907 -7.88074 -7.6 1.1 0.9 2.9
2007.7178 -2.19029 -6.65978 -3.7 1.1 0.9 2.8
2007.7205 0.0826516 -4.88384 -5.6 1.3 0.9 3.0
2007.7233 -1.94233 -4.43985 -7.9 1.2 0.9 2.9
2007.7260 -2.02499 -5.43882 -6 1.5 1.0 3.1
2007.7288 -0.454588 -4.99484 -7.9 1.3 1.0 3.0
2007.7315 -3.4714 -1.22096 -14.3 1.3 0.9 3.0
2007.7342 -0.702546 -2.9969 -5.3 1.2 0.9 3.0
2007.7370 0.66122 -5.21683 -5.4 1.1 0.9 2.8
2007.7397 -5.53772 -4.66185 -12 1.2 1.0 3.0
2007.7425 -1.90101 -3.55188 -7.3 1.5 1.1 3.1
2007.7452 -3.01682 -1.22096 -17.2 2.0 1.3 3.7
2007.7479 -1.94233 -2.77491 -5 1.3 1.0 3.0
2007.7507 -1.03316 -4.43985 -12.3 1.2 0.9 3.0
2007.7534 1.5704 -4.55085 -12 1.1 0.9 3.0
2007.7562 -1.07448 -5.43882 -14.3 1.8 1.2 3.5
2007.7589 -1.7357 -3.88487 -11.3 1.2 0.9 3.0
2007.7616 -2.85151 -2.21993 -12.1 1.3 1.0 2.9
2007.7644 -5.08313 -4.43985 -13 1.2 0.9 3.0
2007.7671 -2.02499 -3.44089 -10.3 1.0 0.8 2.7
2007.7699 -1.90101 -3.32989 -8.1 1.1 0.9 3.1
2007.7726 -4.54589 -0.887971 -10.1 1.2 0.9 3.0
2007.7753 -4.42191 -1.44295 -11.9 1.1 0.9 3.0
2007.7781 -3.09947 -2.9969 -5.4 1.1 0.8 2.8
2007.7808 -4.50456 -2.8859 -12.5 1.1 0.9 2.8
2007.7836 0.495914 -4.10686 -15.5 1.1 0.9 2.9
2007.7863 -2.19029 -2.66391 -15.3 1.2 0.9 2.9
2007.7890 -0.826525 -3.66288 -11.3 1.1 0.9 2.8
2007.7918 -2.39692 -3.66288 -16.5 1.1 0.9 2.8
2007.7945 -0.371937 -1.99793 -14.3 1.1 0.9 2.8
2007.7973 -0.12398 -3.1079 -12 1.4 1.0 3.3
2007.8000 -0.12398 -3.66288 -17.1 1.7 1.1 3.4
2007.8027 0.909177 -4.99484 -8.1 1.6 1.1 3.2
2007.8055 0.826523 -6.99277 -9.3 1.1 0.9 2.8
2007.8082 0.206631 -5.88281 -0.8 1.2 0.9 3.0
2007.8110 2.27294 -5.9938 -11 1.2 0.9 3.0
2007.8137 1.28111 -6.54879 -13.2 1.1 0.9 2.9
2007.8164 0.619894 -6.32679 -11.5 1.4 0.9 3.1
2007.8192 -5.41374 -6.1048 -13.4 1.7 1.2 3.5
2007.8219 -1.03316 -3.32989 -11 1.5 1.0 3.1
2007.8247 0.826523 -2.8859 -9.8 1.2 0.9 2.8
2007.8274 0.0413258 -2.33092 -7.2 1.4 1.0 3.1
2007.8301 -2.19029 -2.44192 -14.2 1.2 0.9 3.0
2007.8329 -2.72753 -1.77594 -14.7 1.1 0.9 2.8
2007.8356 -2.6862 -1.66495 -15.4 1.1 0.9 2.8
2007.8384 -1.77703 -3.77388 -12.1 1.1 0.9 2.8
2007.8411 0 -1.22096 -6.4 1.1 0.9 2.8
2007.8438 -2.02499 -1.77594 -5 1.1 0.9 2.9
2007.8466 -3.09947 -1.77594 -15.6 1.1 0.9 2.7
2007.8493 -1.52907 -0.665977 -15.2 1.0 0.8 2.7
2007.8521 -3.67804 -6.32679 -11.8 1.1 0.9 2.8
2007.8548 0.413263 -3.55188 -14.8 1.1 0.9 2.9
2007.8575 0.123977 -2.21993 -15.1 1.1 0.9 2.9
2007.8603 -4.79384 -0.110997 -14.4 1.0 0.9 2.8
2007.8630 -4.21528 -0.332989 -12.6 1.1 0.9 2.8
2007.8658 -4.62854 0 -10.8 1.1 0.9 2.8
2007.8685 -2.23162 1.10996 -11.8 1.2 1.0 3.0
2007.8712 0.123977 0.443985 -9.6 1.2 0.9 2.8
2007.8740 -2.47957 0.554982 -10.1 1.2 1.0 3.1
2007.8767 -1.44642 0.110997 -11.2 1.1 0.9 2.9
2007.8795 -3.55406 0.221994 -10.8 1.1 0.9 2.8
2007.8822 -1.98366 0.665979 -7.1 1.1 0.9 2.8
2007.8849 -2.19029 1.88694 -5.9 1.1 0.9 2.8
2007.8877 3.92599 -0.776974 -4.5 1.9 1.1 3.4
2007.8904 -1.52907 5.21683 -7.2 1.4 1.0 3.1
2007.8932 5.45506 3.32989 5.2 1.4 1.0 3.3
2007.8959 5.08313 0.332989 -4.7 1.3 1.0 3.0
2007.8986 3.59538 2.10893 -5.1 1.5 1.0 3.1
2007.9014 3.76069 4.43985 -0.2 1.3 1.0 2.9
2007.9041 2.97549 3.32989 0.1 1.3 1.0 2.9
2007.9068 4.21528 1.88694 -2.1 1.2 0.9 2.9
2007.9096 4.54588 3.44089 -0.9 1.1 0.9 2.9
2007.9123 3.18212 2.66391 -1.9 1.0 0.9 2.7
2007.9151 4.50456 2.9969 2.7 1.0 0.9 2.7
2007.9178 1.48774 1.66495 4 1.0 0.9 2.8
2007.9205 -3.59538 0.665979 -5.3 1.0 0.9 2.7
2007.9233 -4.21528 -0.887971 -5.3 1.1 0.9 2.8
2007.9260 -1.32244 2.10893 5.3 1.0 0.8 2.7
2007.9288 -2.06631 0.554982 4.8 1.1 0.9 2.8
2007.9315 0.495914 0.332989 13.3 1.1 0.9 2.8
2007.9342 -0.950505 1.99794 15.3 1.1 0.9 2.8
2007.9370 -1.90101 1.22096 -1.7 1.1 0.9 2.7
2007.9397 -1.07448 0.887971 4.2 1.3 1.0 3.0
2007.9425 -2.60355 -1.22096 -2.7 1.2 0.9 2.9
2007.9452 2.97549 1.88694 -6.5 1.5 1.2 3.3
2007.9479 2.56223 3.66288 -9.3 1.3 1.0 3.2
2007.9507 -3.34742 0.887971 -12.9 1.2 0.9 2.9
2007.9534 0.289283 3.2189 -5.3 1.1 0.9 2.7
2007.9562 -0.950505 -0.665977 27.8 1.1 0.9 2.8
2007.9589 -3.59538 -1.66495 8.2 1.2 1.0 3.0
2007.9616 7.14944 3.44089 9.8 1.4 1.1 3.2
2008.5370 -12.0673 17.5374 -14.8 2.3 1.8 5.2
2008.5397 -13.0591 15.8725 -2.6 1.8 1.3 3.9
2008.5425 -13.0591 13.8745 -6.6 1.2 0.9 3.0
2008.5452 -7.81066 13.0976 10.3 1.1 0.9 2.9
2008.5479 -10.4142 15.2065 5 1.2 0.9 3.0
2008.5507 -10.0423 12.4316 5.8 1.1 0.9 2.9
2008.5534 -11.6953 11.2106 0.5 1.1 0.9 2.9
2008.5562 -11.1581 11.2106 2.6 1.2 0.9 3.0
2008.5589 -15.0014 11.9876 -0.5 1.2 0.9 3.0
2008.5616 -12.8111 10.2117 -9.6 1.6 1.1 3.3
2008.5644 -10.3316 11.9876 -9.4 1.2 1.0 3.0
2008.5671 -10.8275 12.4316 -8.4 1.0 0.8 2.8
2008.5699 -16.6958 14.9845 -12 1.1 0.9 2.9
2008.5726 -15.4147 14.3185 -6.1 1.1 0.9 2.9
2008.5753 -12.8938 14.6515 -7 1.1 0.9 2.9
2008.5781 -13.3897 14.0965 -5.5 1.1 0.9 2.9
2008.5808 -11.4887 13.4306 -8.7 1.2 0.9 3.0
2008.5836 -14.2575 12.6536 -9.6 1.1 0.9 2.9
2008.5863 -12.0673 15.2065 -5.2 1.1 0.9 2.9
2008.5890 -12.4392 14.3185 -6.6 1.1 0.8 2.8
2008.5918 -13.0178 12.6536 -3.8 1.2 0.9 3.0
2008.5945 -16.3652 13.8745 -3.4 1.0 0.8 2.8
2008.5973 -15.9106 13.7635 -5.6 1.0 0.8 2.8
2008.6000 -13.1417 16.0945 -3.2 1.1 0.9 2.9
2008.6027 -10.6208 14.7625 9.1 1.2 1.0 3.1
2008.6055 -13.4724 14.6515 -3.8 1.1 0.9 2.9
2008.6082 -15.3734 14.4295 -7.9 1.4 1.0 3.2
2008.6110 -15.58 14.3185 -2.7 1.3 1.0 3.2
2008.6137 -14.4229 13.5416 4.1 1.1 0.9 2.9
2008.6164 -16.9851 14.5405 -0.7 1.2 0.9 3.0
2008.6192 -14.7948 12.5426 -0.7 1.1 0.9 2.9
2008.6219 -13.555 11.3216 -0.2 1.1 0.9 2.9
2008.6247 -14.5882 11.6546 -2.9 1.1 0.9 2.9
2008.6274 -12.0259 14.7625 -3.9 1.1 0.9 2.8
2008.6301 -15.7453 14.7625 -7.4 1.2 1.0 3.1
2008.6329 -16.4065 13.0976 -9.4 1.4 1.0 3.2
2008.6356 -14.5468 11.5436 -3.9 1.2 1.0 3.0
2008.6384 -12.8525 12.0986 -5.9 1.1 0.9 3.0
2008.6411 -13.803 12.8756 0.5 1.0 0.9 2.9
2008.6438 -12.6458 12.6536 5.4 1.1 0.9 2.9
2008.6466 -13.3897 12.4316 -3.6 1.1 0.9 3.0
2008.6493 -14.7121 14.8735 -1.7 1.1 0.9 2.9
2008.6521 -11.3234 12.8756 2.3 1.0 0.9 2.9
2008.6548 -11.2821 9.54569 -2.2 1.1 0.9 2.9
2008.6575 -14.7121 13.7635 -2.4 1.1 0.9 2.9
2008.6603 -15.8279 13.2086 -2.4 1.1 0.9 3.0
2008.6630 -11.5713 12.3206 -2.6 1.1 0.9 2.8
2008.6658 -14.5468 12.9866 -2.3 1.1 0.9 2.8
2008.6685 -16.0759 16.4275 -9.2 1.1 0.9 2.9
2008.6712 -15.1667 11.5436 -4.6 1.1 0.9 2.9
2008.6740 -13.1831 14.8735 0.3 1.1 0.9 2.8
2008.6767 -12.8938 13.0976 1.2 1.1 0.9 2.9
2008.6795 -11.2407 15.3175 4.5 1.8 1.2 3.6
2008.6822 -15.9519 13.2086 -5 1.2 1.0 3.0
2008.6849 -15.2907 14.0965 -5.1 1.3 1.0 3.1
2008.6877 -15.58 13.9855 -2.1 1.3 1.0 3.1
2008.6904 -16.8198 15.3175 -3.2 1.5 1.1 3.2
2008.6932 -13.0178 14.8735 3.6 1.1 0.9 2.9
2008.6959 -14.7121 13.0976 -6.1 1.1 0.9 2.9
2008.6986 -14.4229 13.5416 -3.6 1.1 0.9 2.9
2008.7014 -15.0841 13.4306 -5.5 1.0 0.9 2.9
2008.7041 -16.2412 15.2065 -10 1.1 0.9 2.8
2008.7068 -11.4887 13.3196 -4.1 1.2 0.9 3.0
2008.7096 -14.9188 13.7635 0.7 1.7 1.1 3.3
2008.7123 -14.7948 15.0955 -4.5 1.2 1.0 3.1
2008.7151 -13.8856 14.5405 -3.7 1.1 0.9 3.0
2008.7178 -17.8529 14.7625 0.1 1.3 1.0 3.2
2008.7205 -15.456 12.8756 -3.2 1.1 0.9 3.0
2008.7233 -15.9106 12.0986 3 1.1 0.9 2.9
2008.7260 -15.1254 11.8766 0.8 1.1 0.9 2.9
2008.7288 -17.6876 15.3175 5.8 1.1 0.9 2.9
2008.7315 -17.1917 16.2055 -0.5 1.1 0.9 2.9
2008.7342 -13.1417 12.6536 -2.6 1.1 0.9 2.9
2008.7370 -14.1336 14.9845 1.9 1.1 0.9 3.0
2008.7397 -14.9188 15.9835 2.1 1.1 0.9 2.9
2008.7425 -14.2575 13.4306 -0.7 1.1 0.9 3.0
2008.7452 -16.2825 14.3185 -3.5 1.0 0.9 2.9
2008.7479 -16.1586 14.2075 -5.7 1.0 0.8 2.8
2008.7507 -15.3734 14.9845 -4.5 1.1 0.9 2.9
2008.7534 -16.6958 14.7625 -6.9 1.2 0.9 3.0
2008.7562 -19.5473 15.4285 -3.5 1.5 1.1 3.3
2008.7589 -16.0759 16.6495 -2.1 1.2 0.9 3.1
2008.7616 -13.8443 13.7635 -0.7 1.2 1.0 3.2
2008.7644 -15.8279 15.6505 1.3 1.1 0.9 3.0
2008.7671 -15.2081 14.9845 -2.7 1.1 0.9 2.9
2008.7699 -15.2081 15.2065 3.9 1.1 0.9 3.0
2008.7726 -15.0841 14.6515 10.4 1.1 0.9 3.0
2008.7753 -15.8693 13.4306 7 1.0 0.8 2.8
2008.7781 -16.4478 15.5395 5.7 1.0 0.9 2.8
2008.7808 -12.8938 15.5395 2.2 1.5 1.2 3.3
2008.7836 -17.1504 15.6505 3.8 1.2 1.0 3.1
2008.7863 -15.704 14.5405 4.8 1.2 1.0 3.0
2008.7890 -15.2907 13.8745 4.8 1.1 0.9 2.8
2008.7918 -15.8279 13.9855 5.4 1.3 1.1 3.3
2008.7945 -16.8611 16.0945 7.2 1.1 0.9 2.9
2008.7973 -17.0677 14.7625 5 1.0 0.8 2.8
2008.8000 -16.6545 14.6515 7.1 1.0 0.8 2.7
2008.8027 -16.6958 13.3196 6.5 1.2 1.0 3.0
2008.8055 -17.605 13.5416 4.7 1.1 0.9 2.9
2008.8082 -15.9933 15.5395 4.4 1.1 0.9 2.9
2008.8110 -16.3652 16.4275 -0.5 1.2 1.0 3.1
2008.8137 -16.4478 14.2075 3.4 1.0 0.9 2.9
2008.8164 -15.8693 13.9855 -1.3 1.1 0.9 2.8
2008.8192 -17.4397 14.7625 0.5 1.0 0.9 2.9
2008.8219 -17.357 16.8714 5.6 1.2 0.9 3.0
2008.8247 -15.8693 16.4275 2.3 1.0 0.9 2.8
2008.8274 -13.7616 16.4275 6.1 1.2 1.0 3.1
2008.8301 -15.456 19.4244 3.8 1.6 1.2 3.6
2008.8329 -15.332 19.8683 -3.5 1.6 1.3 3.5
2008.8356 -17.1091 18.2034 4.4 1.1 0.9 2.9
2008.8384 -19.5473 16.7605 -4.7 1.0 0.9 2.8
2008.8411 -14.2162 16.8714 -3.9 1.1 0.9 2.9
2008.8438 -15.8279 16.2055 1 1.0 0.9 2.8
2008.8466 -17.6463 17.2044 -2.8 1.0 0.9 2.8
2008.8493 -17.233 16.6495 3.4 1.0 0.9 2.8
2008.8521 -17.2744 16.7605 6.3 1.0 0.9 2.8
2008.8548 -17.2744 14.5405 0.3 1.2 1.0 3.0
2008.8575 -12.2739 17.5374 13.6 1.4 1.1 3.2
2008.8603 -14.4642 18.5364 17.8 1.2 1.0 3.0
2008.8630 -12.9764 19.4244 11.9 1.0 0.9 2.8
2008.8658 -13.431 18.7584 9.9 1.0 0.9 2.8
2008.8685 -15.7866 15.7615 11.2 1.1 0.9 2.9
2008.8712 -18.5555 15.9835 4.9 1.0 0.9 2.8
2008.8740 -16.5718 16.9824 6.1 1.1 0.9 2.8
2008.8767 -17.8116 16.7605 3.4 1.1 1.0 3.0
2008.8795 -19.134 16.0945 -4.3 1.2 1.0 3.2
2008.8822 -26.5314 11.9876 -10.8 1.1 0.9 2.8
2008.8849 -20.1259 16.0945 4.8 1.1 0.9 2.9
2008.8877 -20.7044 15.9835 -0.9 1.1 0.9 2.8
2008.8904 -21.0764 17.7594 -10.7 1.1 0.9 2.8
2008.8932 -22.0269 17.6484 -14.8 1.0 0.9 2.8
2008.8959 -18.7621 15.5395 -5.8 1.0 0.9 2.8
2008.8986 -22.7708 21.4223 -6.4 1.1 0.9 3.0
2008.9014 -16.4478 18.6474 4.5 1.1 0.9 2.8
2008.9041 -20.9937 15.5395 1.2 1.3 1.1 3.3
2008.9068 -17.8529 18.8694 3.1 1.3 1.1 3.1
2008.9096 -19.7539 16.0945 -2 1.1 0.9 2.8
2008.9123 -18.5555 15.8725 -1.8 1.2 1.0 3.0
2008.9151 -21.0351 15.7615 -1.3 1.1 0.9 2.8
2008.9178 -19.7126 14.6515 1.4 1.1 0.9 2.8
2008.9205 -19.3407 15.5395 5.2 1.1 0.9 2.8
2008.9233 -15.6626 16.9824 9.9 1.0 0.9 2.8
2008.9260 -22.3575 13.5416 -8.7 1.1 0.9 3.0
2008.9288 -17.8116 17.0934 4.3 1.2 1.0 3.0
2008.9315 -17.5223 14.7625 -8.1 1.4 1.1 3.2
2008.9342 -19.5886 19.5354 -2.8 1.3 1.1 3.1
2008.9370 -14.8774 19.4244 -6.3 1.2 0.9 2.9
2008.9397 -18.9274 20.4233 -4.9 1.1 0.9 2.9
2008.9425 -19.9192 18.4254 -3.9 1.0 0.9 2.8
2008.9452 -18.8861 18.8694 1.2 1.0 0.9 2.8
2008.9479 -16.1172 19.9793 12.5 1.1 0.9 2.9
2008.9507 -8.05862 17.8704 25.5 1.1 0.9 2.9
2008.9534 -15.2081 18.4254 1.7 1.1 0.9 2.9
2008.9562 -17.729 19.9793 -2.8 1.0 0.9 2.8
2008.9589 -17.233 20.7563 1.4 1.1 0.9 2.9
2008.9616 -17.6463 21.9773 -1.1 1.1 1.0 2.9
2008.9644 -16.9438 20.6453 -3.3 1.1 0.9 2.9
2008.9671 -18.1009 21.2003 -4.4 1.1 0.9 2.8
2008.9699 -18.3075 21.2003 -6.3 1.1 1.0 2.9
2008.9726 -20.2085 21.8663 -5 1.0 0.8 2.8
2008.9753 -18.0596 21.5333 -2.1 1.1 0.9 2.8
2009.5890 -25.2917 30.524 6 2.1 1.8 4.6
2009.5918 -28.5564 31.412 5.1 1.2 0.9 2.8
2009.5945 -26.4901 29.081 1.1 1.2 0.9 2.9
2009.5973 -28.3911 30.746 10.1 1.2 1.0 3.0
