1998.5342 0 0 0 12.8 4.8 13.2
1998.5370 1.64736 -6.5519 0.9 2.1 1.5 5.0
1998.5397 3.17705 -4.21987 -2.5 2.6 1.7 5.9
1998.5425 0.117667 0.11105 -21.3 2.2 1.5 4.8
1998.5452 3.47122 -3.66462 6.6 2.4 1.6 5.3
2000.3808 -22.5335 -32.6485 26.6 2.7 1.7 6.0
2000.3836 -20.5332 -28.8728 23.8 2.5 1.6 5.5
2000.3863 -11.708 -25.2082 13.9 2.9 1.8 6.7
2001.3836 -37.3598 -27.7623 -1.8 2.0 1.5 5.0
2001.3863 -35.4771 -30.8717 -2.2 1.9 1.4 5.0
2001.3890 -36.7126 -30.5385 6.5 2.2 1.5 5.1
2001.3918 -131.671 25.7634 -140.2 79.7 42.9 79.2
2002.4877 -66.7181 -25.3192 6.9 2.2 1.6 6.3
2002.4904 -66.6004 -24.764 -11 2.2 1.7 6.4
2002.4932 -66.2474 -28.6507 15.3 2.2 1.6 5.9
2002.4959 -67.2476 -22.7651 10.6 2.4 1.9 6.6
2003.3890 -78.5438 -43.7534 40.1 2.2 1.8 6.9
2007.5041 -141.379 -81.8433 116.9 3.1 2.1 8.5
2007.5068 -137.672 -94.1697 135.3 2.1 1.4 4.2
2007.5096 -129.141 -94.1697 132.2 2.1 1.3 4.4
2007.5123 -135.79 -88.7283 122.2 2.8 1.5 5.4
