1995.7534 0 0 0 2.0 1.6 4.3
1995.7562 -0.659693 3.44336 -1.5 1.4 1.0 2.8
1995.7589 6.72886 0.999684 4.2 1.8 1.3 3.4
1995.7616 -8.576 -6.66456 0.5 2.0 1.3 3.9
2002.4219 -101.791 -69.6447 15.8 2.0 1.5 4.0
2002.4247 -106.54 -66.0903 -7.7 2.0 1.3 3.7
2002.4274 -101.725 -67.9786 13.1 2.1 1.6 4.2
2002.4301 -106.145 -66.5346 1.9 1.3 0.9 2.6
2002.4329 -103.308 -70.2001 3.7 1.6 0.9 3.0
2006.4658 -166.638 -105.744 -10.1 2.2 2.0 4.5
2006.4685 -171.652 -109.077 5.4 1.4 1.0 2.9
2006.4712 -169.211 -110.41 -13.2 2.2 1.9 4.3
2006.4740 -170.399 -112.52 0.6 1.3 0.9 2.6
2006.4767 -168.222 -110.965 -5 1.7 1.1 3.3
2011.4575 -247.78 -161.171 12.2 1.6 1.2 3.5
2011.4603 -248.176 -160.727 3.2 1.6 1.2 3.5
2011.4685 -240.392 -162.504 13.8 1.6 1.2 3.5
