2006.5068 0 0 0 1.3 0.9 2.8
2006.5096 -0.654128 -0.111034 6.3 1.3 0.9 2.7
2006.5123 -2.23494 -0.222069 8.6 1.2 0.8 2.6
2006.5151 -0.163532 -0.111034 7.8 1.2 0.8 2.6
2006.5178 -2.61652 -1.33241 -2.4 1.2 0.8 2.6
2006.5205 -7.577 -2.8869 5.6 2.6 1.6 4.7
2008.5068 -42.5729 2.10966 45.3 1.2 0.8 2.4
2008.5096 -45.571 1.44345 50.4 1.2 0.9 2.5
2008.5123 -44.3173 2.77586 42.6 1.2 0.9 2.5
2008.5151 -44.5898 1.55448 29.5 1.2 0.9 2.4
2008.5178 -43.6086 0.666207 43.9 1.2 0.9 2.4
2008.5205 -45.1349 2.55379 47.7 1.2 0.9 2.4
2008.5233 -50.3679 1.55448 62.6 1.2 0.9 2.4
2008.5260 -46.4432 3.44207 46.7 1.2 0.9 2.5
2008.5288 -49.7138 3.44207 43 1.3 0.9 2.5
2008.5315 -46.4432 3.88621 43 1.3 0.9 2.5
2008.5342 -54.1292 1.88759 55.8 1.2 0.9 2.4
