1995.6192 0 0 0 4.9 2.6 9.5
1995.6219 -1.31698 -7.99405 4.2 3.8 2.5 8.7
1996.6630 -21.2296 -18.2087 28.1 3.7 1.9 6.5
1996.6658 -12.0108 -10.9918 7.9 3.9 1.9 6.4
1997.6603 -31.7654 -20.8734 30.4 4.1 2.0 7.2
1997.6630 -44.6718 -30.4218 33.6 4.1 2.1 7.4
1999.6986 -56.2085 -84.1596 60.9 3.5 2.2 6.7
1999.7452 -70.0631 -116.469 -15.1 34.1 34.6 87.1
1999.7479 -56.3665 -84.7148 35.5 2.0 1.3 3.5
1999.7507 -56.2612 -82.1611 45.7 1.8 1.2 3.8
2000.6384 -57.4201 -109.474 70.1 3.6 2.3 7.7
2001.4822 -73.5399 -127.35 78.3 1.7 1.2 3.7
2001.4849 -74.6461 -127.905 69.9 1.6 1.2 3.7
2001.4877 -81.4944 -121.576 67.5 1.9 1.6 4.1
2002.3726 -71.9595 -138.12 66.3 6.4 2.5 9.8
2002.3753 -93.0838 -137.675 82 1.4 1.1 3.3
2002.3781 -93.5579 -136.676 77.8 1.4 1.1 3.5
2002.3808 -92.4516 -132.679 81.6 2.0 1.6 4.2
2003.5096 -152.716 -168.43 73.1 1.9 1.3 4.1
2003.5123 -151.347 -169.096 81.7 1.7 1.2 3.9
2003.5151 -156.878 -166.654 79.2 1.9 1.5 4.3
2003.7836 -160.566 -171.206 67.3 1.9 1.3 4.4
2004.3863 -172.945 -178.756 77 1.4 1.1 3.1
2004.3890 -175.105 -178.867 76.2 1.4 1.2 3.3
2004.8027 -188.749 -181.532 87.4 1.3 1.0 2.9
2004.8055 -185.535 -181.088 82.2 1.3 1.0 2.8
2006.6192 -224.096 -205.181 80.7 3.0 2.8 5.8
2006.6219 -224.36 -197.853 83.5 1.4 1.0 3.1
2006.6247 -226.73 -200.184 74.5 1.3 1.0 2.9
2006.6274 -226.204 -200.629 82.8 1.5 1.1 3.2
2008.7863 -261.973 -225.055 100.3 1.7 1.1 3.1
2008.7890 -264.923 -224.944 105.8 1.7 1.0 3.0
2008.7918 -262.657 -224.278 121.7 1.7 1.1 3.1
2008.7945 -262.973 -222.057 110.4 1.6 1.1 3.1
2008.7973 -261.024 -227.053 107.2 4.0 1.9 6.7
2009.4438 -270.296 -238.045 92.3 1.9 1.3 4.0
2009.4466 -269.822 -244.152 99.8 1.6 1.1 3.4
2009.4493 -276.354 -243.486 96.3 4.1 2.2 6.7
2012.6027 -327.716 -292.116 105.5 1.6 1.1 3.2
2012.6055 -325.978 -286.343 115.7 1.5 1.0 3.2
2012.6082 -321.816 -284.455 110.4 1.4 1.0 3.2
2012.6110 -321.447 -286.454 119.4 1.5 1.0 3.3
2014.7753 -378.657 -327.09 113.4 3.4 3.1 8.4
2014.7781 -381.185 -323.204 167.8 1.5 1.1 3.7
2014.7808 -373.178 -314.655 131.9 1.5 1.1 3.6
2014.7836 -379.236 -311.879 153.9 1.5 1.1 3.6
2014.7863 -373.02 -318.319 139.8 1.4 1.1 3.4
2014.7890 -374.758 -317.764 140.3 1.5 1.1 3.5
2015.3562 -380.237 -331.309 161.4 1.7 1.4 4.2
2015.3589 -386.664 -324.536 151.8 1.5 1.1 3.8
2015.3616 -384.715 -321.761 135.2 1.8 1.4 4.2
2015.3644 -377.866 -325.203 149.9 1.8 1.4 4.1
2015.3671 -386.348 -322.538 145.1 1.4 1.1 3.6
2016.4822 -408.578 -320.428 163.7 2.0 1.4 4.8
2016.4849 -406.945 -319.54 180.1 2.1 1.4 5.0
2016.4877 -406.84 -324.647 155 2.0 1.5 5.2
2016.4904 -404.206 -315.654 181.5 2.1 1.5 5.0
2016.4932 -397.621 -318.541 161.3 2.3 1.6 5.5
2017.4000 -422.643 -326.979 108.7 2.0 1.4 5.1
2017.4027 -431.599 -336.194 157.8 2.1 1.5 5.3
2018.9397 -447.139 -350.85 143.5 1.8 1.2 4.4
2018.9425 -452.038 -344.522 163.6 1.5 1.1 3.8
2018.9452 -451.775 -353.626 145.7 1.5 1.1 3.7
2018.9479 -453.829 -350.073 133.1 1.4 1.0 3.5
2018.9507 -450.932 -353.293 125.8 1.4 1.0 3.4
2018.9534 -453.355 -353.737 138.5 2.9 1.8 6.1
2019.3041 -448.298 -352.96 158.4 2.2 1.6 5.9
2019.3068 -443.346 -367.393 117.7 1.9 1.3 5.0
2019.3096 -457.938 -362.952 142 2.1 1.3 4.5
2019.3123 -444.137 -353.071 155 1.7 1.5 4.9
2019.5370 -467.421 -340.302 156 2.9 2.2 7.0
2019.5397 -472.162 -334.085 128 3.0 2.1 7.3
2019.5425 -469.633 -334.973 163.8 2.7 2.0 7.0
2019.5452 -468.843 -339.414 150.9 2.6 1.9 6.4
2019.5479 -451.828 -340.08 144.9 2.8 2.0 6.7
2019.5507 -460.467 -340.08 124.8 3.1 2.0 7.1
2019.5534 -461.679 -331.753 130.6 2.7 2.0 6.5
2019.7068 -476.639 -340.302 214.4 2.3 1.7 5.6
2019.7096 -482.434 -346.964 175 2.3 1.6 5.8
2019.7123 -471.846 -350.628 188.3 2.1 1.6 5.3
2019.7151 -475.322 -344.633 213.7 2.5 1.9 5.9
2019.7178 -475.955 -340.747 251.2 2.9 2.1 6.9
2019.8795 -451.986 -362.397 114.2 1.8 1.3 4.7
2019.8822 -456.516 -363.507 128.1 1.7 1.2 4.3
2019.8849 -472.53 -359.732 137.9 2.1 1.4 5.1
2020.4356 -474.269 -327.312 196.6 2.7 2.2 6.7
2020.4384 -486.174 -346.742 142.3 3.2 2.3 7.4
2020.4411 -484.91 -338.082 160.9 3.1 2.4 7.9
