1995.5370 0 0 0 6.0 2.0 6.7
1995.5397 9.71313 2.7767 9.3 2.8 1.2 4.0
2016.4247 -264.619 -323.874 45.8 3.4 1.8 5.2
2016.4274 -260.465 -322.097 43.6 1.2 0.8 2.4
2016.4301 -263.341 -322.43 46.7 1.2 0.8 2.4
2016.4329 -257.781 -321.209 44 1.2 0.8 2.5
2021.5233 -236.438 -606.764 64.5 1.2 1.0 2.8
2021.5260 -234.393 -608.208 64.3 1.2 1.0 2.9
2021.6438 -228.258 -619.537 45.7 1.6 1.1 3.1
2021.6466 -223.018 -621.092 42.5 1.4 1.0 2.7
2022.4630 -229.984 -660.966 47.4 1.3 1.0 2.9
2022.4658 -230.239 -657.078 42.2 1.2 0.9 2.7
