2004.4384 0 0 0 1.5 1.1 3.8
2004.4411 -1.22688 1.55393 -2.6 1.6 1.2 3.5
2004.4438 -0.286272 2.99687 1.4 1.2 0.9 3.0
2005.2795 -6.05262 -16.7603 -7 1.9 1.3 3.8
2005.2822 -0.531649 -21.5331 -1.4 3.0 1.9 5.3
2014.6658 -76.4756 -225.875 16.2 1.5 1.2 3.3
2014.6685 -79.5019 -226.652 21.2 2.0 1.3 3.9
2016.6438 -94.3881 -270.163 -2.6 1.3 1.0 3.0
2016.6466 -89.8077 -270.94 -14.5 1.5 1.2 4.0
2017.6411 -103.508 -290.031 29.8 1.7 1.1 3.6
2017.6438 -97.2099 -290.364 25.7 2.5 1.5 4.7
2017.6466 -96.0239 -290.586 29.5 2.4 1.6 4.7
2018.6411 -106.657 -316.115 8 1.3 1.0 3.1
2020.5123 -120.766 -362.067 3.2 1.6 1.1 3.3
2020.5151 -129.763 -361.29 7.1 1.6 1.2 3.8
