1998.7562 0 0 0 1.7 1.1 3.3
1998.7589 2.65965 4.21928 6.2 2.1 1.3 3.9
1998.7616 4.83079 1.11034 -2.7 2.2 1.4 4.2
1999.4575 -15.0894 -15.8778 10.4 6.5 2.6 10.0
1999.4603 -16.6635 -19.9861 5.9 1.8 1.2 3.8
1999.4630 -18.8346 -20.4302 -3.1 1.8 1.3 3.7
2000.4548 -39.5147 -48.1886 77.4 11.3 5.6 19.7
2000.4575 -18.509 -32.4218 -0.1 2.0 1.3 3.7
2001.5068 -22.6884 -59.9582 17.2 2.0 1.3 4.2
2001.5096 -28.2248 -59.9582 11.3 1.8 1.2 3.8
2001.5123 -25.7823 -59.9582 1 1.7 1.2 3.7
2002.4932 -58.1323 -102.706 40 11.2 5.7 13.9
2002.4959 -31.0473 -75.3919 20 1.5 1.0 3.4
2002.4986 -29.5275 -77.7236 19.2 1.5 1.0 3.2
2002.5014 -27.682 -78.0567 1.6 1.5 1.0 3.1
2002.5041 -32.4043 -78.3898 23.6 1.5 1.0 3.2
2002.5068 -33.2184 -74.0595 7.9 1.6 1.0 3.5
2002.5096 -24.5339 -76.3912 15.7 1.4 1.0 3.2
2002.5123 -7.38187 -95.9331 13.4 9.5 6.3 12.1
2002.8740 -40.7089 -93.2683 17.6 1.3 1.0 3.0
2002.8767 -45.3225 -94.1566 10.1 1.6 1.2 3.6
2003.4904 -64.32 -110.145 25.6 2.2 1.3 4.2
2003.4932 -64.3743 -110.367 18.8 1.9 1.4 4.1
2006.4493 -92.7077 -166.884 25.6 1.6 1.0 3.1
2006.4521 -97.8098 -161.887 34.5 1.6 1.0 3.2
2008.3918 -116.265 -195.419 46.8 1.6 1.0 3.0
2008.3945 -114.419 -195.308 47.1 1.6 1.1 3.2
2012.7041 -170.814 -281.692 59.6 1.7 1.0 3.4
2012.7068 -169.24 -282.692 62.1 1.7 1.0 3.4
2013.7753 -186.935 -293.129 94.3 1.6 1.1 3.3
2013.7781 -181.562 -296.793 80.1 1.7 1.0 3.4
2013.7808 -186.012 -291.241 102.6 1.6 1.0 3.4
2013.7836 -181.182 -294.906 95.6 1.6 1.0 3.3
2014.3918 -192.417 -307.896 95.8 1.7 1.1 3.4
2014.3945 -193.394 -310.339 103.6 1.8 1.0 3.5
2014.3973 -192.634 -309.118 94.4 1.8 1.1 3.5
2014.4000 -188.021 -308.341 90.6 1.7 1.1 3.5
2014.4027 -197.628 -308.007 107.5 2.5 1.5 4.8
2015.4932 -211.035 -322.331 105.5 1.8 1.1 3.8
2015.4959 -201.373 -323.552 79.7 1.9 1.1 3.9
2015.4986 -209.298 -320.221 77.4 1.9 1.1 3.9
2015.5014 -205.824 -320.665 77.6 1.9 1.1 3.9
2016.7151 -214.997 -347.98 81.4 1.6 1.1 3.7
2016.7178 -212.609 -343.205 75.5 1.6 1.1 3.8
2016.7205 -216.734 -343.76 81.8 1.7 1.2 4.0
2019.3890 -254.892 -389.839 107.3 1.9 1.2 4.1
2019.3918 -259.125 -387.73 106.9 2.1 1.3 4.5
2020.5507 -260.591 -410.381 113.9 2.0 1.4 4.7
2020.5534 -264.553 -410.381 115.4 2.0 1.4 4.6
2021.4795 -278.557 -434.586 141.2 2.0 1.4 5.0
2021.4822 -287.187 -431.81 160.5 2.0 1.5 5.3
2021.4849 -282.031 -431.033 147.4 1.9 1.5 5.1
2021.4877 -278.72 -430.7 151.6 2.1 1.6 5.3
