1995.7233 0 0 0 2.0 1.5 4.6
1995.7260 -4.72664 1.99911 -8.5 1.4 1.0 2.9
1995.7288 -8.20943 0.111062 -24.5 2.1 1.5 4.0
1995.7342 -1.43043 4.77564 -9.9 2.0 1.6 4.6
1995.7370 -5.9083 7.66324 -8.6 1.9 1.3 3.7
1996.5589 -7.71189 -4.3314 -2.5 2.7 1.4 4.4
1996.5616 -12.8739 -9.66235 -7 1.5 1.0 2.9
1996.5644 -19.2797 -6.77475 -21.9 1.6 1.0 3.0
1996.5671 -22.1406 -8.6628 -20.2 1.9 1.4 3.8
2002.4219 -116.362 -70.8572 19.7 2.1 1.5 4.2
2002.4247 -106.287 -69.0802 5 2.6 1.3 3.5
2002.5041 -111.138 -70.3019 14.3 1.3 1.0 2.9
2002.5068 -109.832 -72.6342 9 1.3 1.0 2.7
2002.5096 -113.066 -72.301 9.8 1.9 1.1 3.4
2006.4658 -172.709 -108.618 -1.2 1.5 1.1 3.3
2006.4685 -178.866 -110.395 9 1.6 1.1 3.5
2006.5425 -182.1 -101.51 1.2 2.1 1.5 4.4
2006.5452 -174.202 -104.287 12.2 1.4 0.9 2.8
2006.5479 -179.986 -103.065 6 1.6 1.1 3.6
2011.5151 -254.057 -161.706 18.7 1.1 0.8 2.4
2011.5178 -255.239 -169.591 25.8 1.6 1.3 3.6
2011.5342 -242.054 -164.038 16 1.6 1.3 3.5
