2003.7699 0 0 0 2.8 2.5 7.5
2003.7726 0.523623 1.44317 5.6 2.9 2.1 6.9
2008.7836 -30.4653 -124.668 6.7 1.4 1.0 2.9
2008.7863 -32.7026 -123.78 6 1.3 0.9 2.8
2008.7890 -30.4653 -123.558 13 1.3 0.9 2.8
2008.7918 -28.7041 -120.338 16.9 1.7 1.1 3.3
2009.4027 -41.7946 -139.1 12.5 1.5 1.0 3.4
2009.4055 -35.416 -138.433 18.7 1.5 1.0 3.3
2009.4082 -37.1296 -140.765 15 1.5 1.1 3.3
2009.4110 -36.8916 -140.099 13.5 1.4 1.0 3.3
2010.4466 -43.7939 -162.079 23.7 1.9 1.5 4.2
2010.4493 -39.7953 -166.409 27.2 1.7 1.2 3.6
2010.4521 -43.1751 -168.851 12.4 1.6 1.2 3.6
2010.4548 -41.9374 -162.412 9.7 1.8 1.3 3.9
2011.5863 -58.2173 -187.39 26 1.4 1.0 3.1
2011.5890 -57.9317 -187.834 24.2 1.3 1.0 2.9
2011.5918 -55.1708 -188.833 30.3 1.3 0.9 2.9
2011.5945 -54.076 -187.057 20.8 1.7 1.2 3.7
2012.3370 -67.7378 -194.828 0.3 3.2 3.0 6.9
2012.3397 -62.6443 -206.596 9.5 1.4 1.0 2.9
2012.3425 -61.6923 -205.929 5.3 1.3 0.9 2.8
2012.3452 -59.9786 -207.151 15.6 1.3 1.0 2.9
2012.3479 -54.6948 -211.702 -3.2 3.3 2.2 6.4
2013.3644 -71.3555 -223.248 26.8 1.2 1.0 2.8
2013.3671 -69.5466 -223.914 23.7 1.4 1.1 2.9
2013.3699 -69.3086 -223.581 9.4 1.3 1.0 2.9
2014.4329 -82.1612 -252.999 20.8 1.4 1.0 3.0
2014.4356 -72.7836 -254.553 19.5 1.7 1.4 3.7
2014.4384 -79.2575 -250.224 21.2 1.7 1.3 3.3
2015.4411 -90.7772 -296.96 36.6 4.1 2.6 7.9
2015.4438 -81.3996 -282.418 24.4 1.7 1.2 3.3
2015.4466 -90.3488 -278.643 19.5 1.4 1.1 3.1
2015.4493 -91.5864 -270.65 5.9 1.9 1.6 3.7
2016.7890 -97.6795 -307.174 36.9 1.9 1.4 3.7
2016.7918 -97.6319 -302.178 38.8 1.4 1.0 3.0
2016.7945 -98.2031 -306.729 37.1 1.4 1.1 3.2
2016.7973 -99.1551 -300.513 36.4 1.5 1.1 3.1
2016.8000 -92.7289 -304.509 23.6 1.4 1.1 3.3
2017.3863 -99.6788 -327.267 35.9 1.5 1.2 3.3
2017.3890 -106.438 -320.495 34.4 1.5 1.2 3.3
2017.3918 -104.439 -327.6 40.1 1.4 1.0 3.1
2018.4356 -112.865 -344.918 47.5 1.3 1.1 2.9
2018.4384 -108.961 -351.912 37.6 1.2 1.1 2.8
2018.4411 -114.578 -350.691 41.6 1.2 1.1 2.9
2018.4438 -108.104 -349.025 27.9 1.3 1.1 2.9
2019.4329 -127.05 -368.897 18.8 1.5 1.5 3.8
2019.4356 -122.48 -371.228 34.4 1.4 1.2 3.3
2019.4384 -126.384 -369.119 37.3 1.4 1.2 3.2
2019.4411 -125.955 -367.343 36.2 1.7 1.4 4.0
2021.4521 -126.336 -403.089 17.7 4.3 3.6 7.7
2021.4548 -129.573 -407.64 28.7 1.6 1.6 3.7
2021.4575 -129.858 -410.194 25 1.8 1.5 3.5
2021.4603 -136.618 -406.752 16.4 1.5 1.4 3.4
2021.4630 -133.429 -407.529 25.2 1.5 1.5 3.5
2021.4658 -134.143 -405.975 34.1 1.6 1.5 3.9
