1998.6329 0 0 0 1.5 1.0 3.0
1998.6356 -6.25684 -3.33089 6.3 1.7 1.2 3.3
2000.7068 -16.8617 -59.1788 2.1 7.5 4.8 9.3
2000.7096 2.54515 -75.8332 1.4 1.4 1.0 2.9
2000.7123 1.21955 -76.9435 -4.4 1.6 1.0 3.1
2000.7151 3.44656 -80.0524 -2.6 1.5 1.1 3.1
2000.7178 2.81028 -78.9421 -9.2 1.6 1.1 3.1
2000.7205 5.03729 -77.8318 -1.4 1.9 1.4 3.7
2002.6630 -25.1334 -107.144 -2 4.0 3.8 8.4
2002.6658 -19.778 -102.48 -19.5 1.4 1.0 2.8
2002.6685 -22.8534 -100.149 -12.2 1.2 0.8 2.6
2002.6712 -21.4217 -100.593 -1 1.2 0.9 2.6
2002.6740 -21.8989 -101.814 -1.3 1.2 0.9 2.6
2002.6767 -25.4516 -105.811 -2.4 1.7 1.2 3.3
2002.6795 -21.7929 -106.366 -4.6 1.4 0.9 2.8
