2000.5534 0 0 0 1.6 1.2 3.3
2000.5562 3.82773 -1.44405 8.2 1.4 0.9 2.9
2000.5589 3.42481 -0.888647 11 1.4 1.0 2.9
2000.5699 2.61897 5.33188 10.7 1.4 1.1 3.2
2000.5726 2.95474 4.33215 -10 1.6 1.0 2.9
2000.5753 19.3401 6.55377 8.3 1.5 1.0 3.0
2000.5781 5.23795 6.66485 7.6 1.6 1.0 3.0
2000.5808 3.29051 2.99918 0 1.7 1.0 3.3
2000.5863 -2.48467 9.99727 -4.1 1.5 1.0 2.9
2000.5890 -5.97663 -0.111081 1.8 1.8 1.1 3.4
2000.5973 2.1489 3.55459 0.8 1.7 1.2 3.4
2000.6000 -0.805837 2.11054 0 1.5 1.0 2.9
2000.6027 2.88759 5.10972 7.2 1.4 1.0 2.9
2000.6164 3.08905 3.11026 3.6 1.5 0.9 2.9
2000.6192 -5.57371 4.66539 13 1.5 1.0 3.1
2000.6219 3.55912 7.99782 7.7 2.5 1.6 4.4
2000.6247 2.1489 5.2208 8.1 1.5 1.1 3.1
2000.6274 5.70802 7.22025 -6.4 1.6 1.0 3.2
2006.7233 -140.283 -37.101 13.2 1.5 1.0 3.1
2006.7260 -138.134 -40.2113 19.3 1.3 0.9 2.7
2006.7288 -141.962 -38.1007 6.6 1.3 0.9 2.7
2006.7315 -142.566 -38.2118 12.5 1.3 0.9 2.7
2006.7342 -145.991 -36.7678 12.7 1.3 0.8 2.6
2006.7370 -144.715 -32.5467 8 1.3 0.8 2.6
2006.7397 -141.425 -39.3226 9.5 1.3 0.8 2.6
2006.7425 -146.125 -37.5453 10.7 1.3 0.8 2.6
2006.7452 -143.238 -39.7669 12.9 1.3 0.8 2.6
2006.7479 -137.463 -37.9896 13.9 1.3 0.8 2.6
2006.7507 -143.036 -37.5453 5.9 1.3 0.8 2.6
2006.7534 -143.372 -32.6578 12.4 1.3 0.9 2.7
2006.7562 -141.962 -36.2123 24.6 1.3 0.9 2.7
2006.7589 -144.446 -52.0969 42.6 3.4 2.2 5.3
2009.6795 -220.867 -63.7604 -8 1.5 0.9 2.8
2009.6822 -217.509 -66.6485 33.4 1.7 1.0 2.9
2009.6849 -218.248 -66.2042 14.5 1.6 0.9 2.8
2009.6877 -217.711 -66.4263 17.4 1.6 0.9 2.8
2009.6904 -226.172 -67.2039 7.5 1.7 0.9 3.0
2010.3699 -237.118 -58.8728 11.9 1.3 0.9 2.6
2010.3726 -240.61 -57.2066 12.9 1.3 0.8 2.5
2010.3753 -239.2 -58.5396 19.1 1.3 0.8 2.6
2010.3781 -236.983 -57.3177 19.3 1.3 0.8 2.5
2010.3808 -238.058 -56.7623 24.2 1.3 0.9 2.7
2010.3836 -237.655 -58.2063 4.6 1.3 0.9 2.7
2010.3863 -239.535 -58.3174 10.1 1.3 0.9 2.6
2010.3890 -239.938 -57.762 22 1.3 0.9 2.6
2010.3918 -239.065 -58.2063 29.7 1.3 0.9 2.6
2010.3945 -243.632 -57.5399 25.4 1.3 0.8 2.6
