1995.7014 0 0 0 2.1 1.5 4.2
1995.7041 -5.04378 1.44406 3.3 1.5 1.0 2.9
1995.7068 -3.63152 3.22136 -4.8 1.7 1.1 3.1
1995.7096 -11.7016 4.11 6.2 2.1 1.3 3.8
1995.7890 -1.34501 -2.11054 -3.2 1.9 1.6 4.3
1995.7918 -3.63152 0.444325 4.9 2.0 1.2 3.9
2002.4027 -109.618 -53.2079 -7.4 2.2 1.4 4.1
2002.4055 -113.384 -60.4282 4.6 1.7 1.1 3.4
2002.4082 -108.744 -51.7638 0.7 2.2 1.5 4.2
2002.4110 -115.671 -56.7625 10.3 1.8 1.1 3.4
2002.4137 -115.469 -58.2066 7.5 2.3 1.4 4.3
2002.4164 -114.191 -60.206 -0.1 1.8 1.2 3.5
2006.4466 -176.398 -90.7534 -3.1 1.9 1.6 3.9
2006.4493 -174.515 -89.7536 -1.9 1.4 0.9 3.0
2006.4521 -174.851 -94.8634 -7.1 2.0 1.6 4.0
2006.4548 -175.793 -95.5298 17.7 1.3 0.9 2.9
2006.4575 -185.947 -98.3069 2.1 2.6 2.0 4.7
2006.4603 -181.912 -98.7512 4.6 1.2 0.9 2.7
2011.4438 -260.932 -138.74 6.3 1.7 1.2 3.4
2011.4685 -264.563 -145.405 11.6 1.6 1.2 3.5
2011.5397 -261.604 -135.186 12.3 1.6 1.2 3.5
