1998.6164 0 0 0 1.6 1.0 3.1
1998.6192 -4.13082 1.11079 5.3 2.4 1.3 3.8
2001.5534 -45.3058 -11.8854 -2 1.5 1.0 3.1
2001.5562 -43.7068 -10.1082 -7.6 1.5 1.0 3.3
2002.6849 -65.4935 -27.9918 14.9 1.6 1.0 3.2
2002.6877 -63.095 -25.437 14.1 1.7 1.0 3.4
2003.6219 -69.2912 -18.7723 18.1 1.5 1.0 3.2
2003.6247 -71.6231 -21.4382 12.1 1.4 1.0 3.1
2012.8740 -351.786 -356.563 -17.8 1.5 0.9 2.9
2012.8767 -350.987 -354.008 -8 1.4 0.9 2.8
2012.8795 -349.388 -358.007 -12.2 1.4 0.9 2.9
2012.8822 -348.188 -358.562 2.4 1.4 0.9 2.8
2012.8849 -344.191 -360.673 144.2 1.4 0.9 2.8
2012.8877 -362.313 -369.781 -19.8 1.4 0.9 2.9
2012.8904 -356.383 -364.338 33.7 1.4 0.9 2.9
2012.8932 -381.568 -364.782 -4.5 1.4 0.9 2.8
2012.8959 -360.114 -366.671 -19.5 1.4 0.9 2.8
2012.8986 -353.918 -365.338 -5.9 1.3 0.9 2.8
2012.9014 -359.848 -364.782 -19.3 1.4 0.9 2.9
2012.9041 -352.652 -364.449 -10.3 1.4 0.9 2.8
2012.9068 -350.92 -364.005 -13.6 1.3 0.9 2.7
2012.9096 -353.319 -363.672 -7.1 1.4 0.9 2.8
2012.9123 -353.652 -360.673 -13.8 1.4 0.9 2.8
2012.9151 -355.651 -365.56 -2.7 1.4 0.9 2.7
2012.9178 -355.451 -361.339 -16.2 1.4 0.9 2.7
2012.9205 -361.847 -363.561 -17.2 1.3 0.9 2.8
2012.9233 -355.584 -364.56 -19.2 1.3 0.9 2.8
2012.9260 -352.719 -362.672 -19.5 1.3 0.9 2.7
2012.9288 -360.581 -363.005 -9.3 1.3 0.9 2.7
2012.9315 -355.251 -362.45 -9.6 1.3 0.9 2.7
2012.9342 -360.981 -364.338 -17.2 1.4 0.9 2.8
2012.9370 -361.78 -365.338 -15.5 1.4 0.9 2.8
2012.9397 -362.047 -364.338 -9.1 1.3 0.9 2.7
2012.9425 -359.915 -370.67 2.2 1.6 1.0 3.3
2012.9562 -357.849 -370.114 -8.8 1.3 0.9 2.7
2012.9589 -355.451 -373.335 0.9 1.6 1.1 3.2
