2022.4575 0 0 0 1.3 1.0 3.0
2022.4603 6.01295 0.111065 -6.3 1.2 0.9 2.7
2022.4630 3.48118 -0.333197 1.9 1.2 0.9 2.7
2022.4658 1.26588 0.999591 -4.7 1.2 0.9 2.7
2022.4685 2.72165 0.666394 3.3 1.2 0.9 2.7
2022.4712 1.58235 1.44385 2.4 1.2 0.9 2.6
2022.4740 2.40518 0.444263 2 1.2 0.9 2.7
2022.4767 2.59506 0.888524 6.6 1.2 0.9 2.7
2022.4795 -1.51906 -0.222131 0.3 1.3 0.9 2.8
2022.4822 0.696236 0 3.6 1.2 0.9 2.7
2022.4849 3.67106 1.66598 8.7 1.2 0.9 2.7
2022.4877 3.228 -1.44385 4.3 1.2 0.9 2.7
2022.4904 2.53177 -0.222131 2.8 1.2 0.9 2.7
2022.4932 0.886118 -0.555329 -10 1.2 0.9 2.7
2022.4959 1.45577 1.66598 -3.5 1.2 0.9 2.7
2022.4986 6.01295 2.99877 -4.2 1.2 0.9 2.7
2022.5014 1.77224 -1.77705 2.6 1.2 0.9 2.7
2022.5041 0.569647 -0.111066 2 1.2 0.9 2.7
2022.5068 -0.632942 -1.55492 -0.9 1.3 0.9 2.9
2022.5096 -2.84824 -1.99918 6.4 1.3 0.9 2.9
2022.5123 -1.1393 -1.88812 -2.6 1.3 0.9 2.8
2022.5151 1.83553 -3.44304 -1.5 1.2 0.9 2.7
2022.5178 2.78494 -0.666394 1.1 1.2 0.9 2.7
2022.5205 2.34189 -1.77705 -0.2 1.2 0.9 2.7
2022.5233 2.78494 -0.111066 1.3 1.2 0.9 2.7
2022.5260 6.07624 -0.111066 1.6 1.2 0.9 2.7
2022.5288 3.10142 -1.55492 10.3 1.2 0.9 2.7
2022.5315 6.45601 -1.11066 -2.6 1.2 0.9 2.7
2022.5342 4.43059 -0.666394 -6.9 1.3 1.0 2.8
2022.5370 3.35459 -2.66558 -8.1 1.3 0.9 2.8
2022.5397 -2.84824 1.22172 -10.9 1.2 0.9 2.7
2022.5425 1.39247 0.888524 -7.4 1.2 0.9 2.7
2022.5452 1.32918 -1.11066 0.7 1.2 0.9 2.7
2022.5479 -0.316471 -2.44344 5.1 1.2 0.9 2.7
2022.5507 4.304 -4.10943 -4.6 1.2 0.9 2.7
2022.5534 2.27859 -0.555329 -0.6 1.2 0.9 2.7
2022.5562 2.02541 -3.10984 -4.3 1.2 0.9 2.7
2022.5589 5.38001 -2.44344 -1.1 1.2 0.9 2.7
2022.5616 2.91153 -2.88771 -3.6 1.2 0.9 2.7
2022.5644 -1.45577 -5.88648 -14.7 1.2 0.9 2.7
2022.5671 0.0632935 -2.33238 -3.5 1.2 0.9 2.7
2022.5699 3.03812 -3.10984 -3.7 1.2 0.9 2.7
2022.5726 3.79765 -4.55369 0.3 1.2 0.9 2.7
2022.5753 -0.253178 -0.666394 -13.5 1.2 0.9 2.7
2022.5781 0.569647 -2.66558 -4.6 1.2 0.9 2.7
2022.5808 2.2153 -4.88689 1.5 1.2 0.9 2.7
2022.5836 4.74706 -1.33279 -13 1.3 0.9 2.7
2022.5863 4.43059 -3.5541 0.8 1.3 1.0 2.8
2022.5890 7.72189 -9.32951 -2.1 1.3 1.0 2.8
2022.5918 2.84824 -2.55451 3.4 1.3 1.0 2.8
2022.5945 -4.68377 -3.2209 0.2 1.3 0.9 2.7
2022.5973 5.31671 -3.5541 -3.8 1.3 0.9 2.7
2022.6000 1.26588 -4.10943 2.7 1.3 0.9 2.7
2022.6027 -0.316471 -2.99877 -1.7 1.3 0.9 2.7
2022.6055 2.08871 -6.10861 -3.5 1.3 0.9 2.7
2022.6082 9.17766 -5.10902 0.3 1.3 0.9 2.7
2022.6110 12.2791 -7.99673 7.7 1.4 1.0 2.7
2022.6137 0.253176 -6.66394 -2.5 1.4 1.0 2.8
2022.6164 -0.506354 -4.66476 20.8 1.3 0.9 2.7
2022.6192 3.73436 -5.33115 1.7 1.3 0.9 2.7
2022.6219 5.38001 -2.55451 3.9 1.3 0.9 2.7
2022.6247 5.31671 -8.10779 0.3 1.3 0.9 2.7
2022.6274 3.35459 -6.44181 -6.2 1.3 0.9 2.7
2022.6301 8.60801 -5.88648 4.2 1.3 0.9 2.7
2022.6329 7.84848 -5.88648 0.8 1.3 0.9 2.7
2022.6356 -3.10142 -5.77541 -8.1 1.3 0.9 2.7
2022.6384 1.076 -6.10861 -7 1.3 0.9 2.7
2022.6411 1.01271 -7.7746 2.1 1.3 0.9 2.7
2022.6438 4.05083 -4.99795 -1 1.5 1.0 3.0
2022.6466 5.94965 -5.10902 -1.7 1.5 1.0 3.0
2022.6493 2.46847 -8.44099 6.3 1.3 1.0 2.8
2022.6521 3.228 -2.33238 2.4 1.3 1.0 2.7
2022.6548 1.20259 -6.55287 3.9 1.3 1.0 2.8
2022.6575 2.27859 -6.10861 2.3 1.3 1.0 2.7
2022.6603 7.6586 -7.55246 -1.8 1.3 0.9 2.7
2022.6630 5.12683 -6.99714 10 1.3 0.9 2.7
2022.6658 1.26588 -4.66476 1 1.3 0.9 2.7
2022.6685 5.75977 -6.44181 -0.9 1.3 0.9 2.6
2022.6712 -0.569647 -4.55369 1 1.3 0.9 2.7
2022.6740 5.12683 -9.77378 1.9 1.3 0.9 2.7
2022.6767 2.91153 -7.66353 1.4 1.3 0.9 2.7
2022.6795 2.59506 -6.88607 -2.1 1.3 0.9 2.7
2022.6822 1.01271 -8.10779 3.4 1.3 0.9 2.7
2022.6849 3.35459 -6.66394 -1.7 1.3 0.9 2.7
2022.6877 5.88636 -4.88689 1.2 1.3 0.9 2.7
2022.6904 0.316471 -6.10861 -2.3 1.3 0.9 2.7
2022.6932 2.02541 -7.7746 3.6 1.3 0.9 2.6
2022.6959 -2.53177 -7.99673 -3.1 1.3 0.9 2.7
2022.6986 3.03812 -4.88689 1.4 1.3 0.9 2.7
2022.7014 5.38001 -7.7746 3.2 1.3 0.9 2.6
2022.7041 2.02541 -7.33033 2.5 1.3 0.9 2.7
2022.7068 -0.44306 -6.99714 2.9 1.3 0.9 2.8
2022.7096 10.317 -6.33074 9.9 1.3 0.9 2.6
2022.7123 5.19012 -7.21927 1.1 1.3 0.9 2.7
2022.7151 3.54448 -8.21886 3.8 1.3 0.9 2.7
2022.7178 4.05083 -8.44099 -4.2 1.3 0.9 2.6
2022.7205 4.74706 -8.55206 -1.1 1.2 0.9 2.7
2022.7233 3.10142 -11.884 8.4 1.3 0.9 2.7
2022.7260 5.56989 -6.88607 -4.9 1.3 0.9 2.7
2022.7288 6.89907 -9.44058 5.3 1.3 0.9 2.7
2022.7315 4.17742 -7.33033 1.2 1.3 0.9 2.7
2022.7342 2.02541 -9.55165 0.3 1.2 0.9 2.7
2022.7370 2.2153 -10.8844 -0.9 1.2 0.9 2.6
2022.7397 0.949414 -8.99632 -3.6 1.2 0.9 2.6
2022.7425 1.77224 -10.107 -6.9 1.3 0.9 2.7
2022.7452 -1.70894 -11.2176 3.2 1.3 1.0 2.8
2022.7479 3.16471 -10.4402 -4.2 1.3 0.9 2.7
2022.7507 2.53177 -10.218 1 1.3 0.9 2.6
2022.7534 -1.20259 -6.99714 -10 1.3 0.9 2.6
2022.7562 2.91153 -9.10738 3 1.3 0.9 2.7
2022.7589 3.41789 -6.55287 -5.1 1.3 0.9 2.7
2022.7616 0.822825 -9.88484 0.2 1.3 0.9 2.7
2022.7644 2.84824 -10.9955 1.7 1.4 0.9 2.8
2022.7671 0.379765 -11.2176 -5.8 1.4 0.9 2.8
2022.7699 -5.88636 -8.44099 -2.1 1.3 0.9 2.7
2022.7726 0.696236 -12.3283 -0.8 1.3 0.9 2.6
2022.7753 -1.51906 -11.6619 3.2 1.3 0.9 2.7
2022.7781 0.696236 -9.10738 2.3 1.3 0.9 2.7
2022.7808 1.64565 -10.218 6.9 1.4 0.9 2.9
2022.7836 1.20259 -10.3291 2.4 1.4 1.0 2.8
2022.7863 -1.58235 -12.3283 5.2 1.3 0.9 2.8
2022.7890 -1.20259 -12.2172 -0.5 1.3 0.9 2.7
2022.7918 -2.59506 -11.4398 -1.3 1.3 0.9 2.7
2022.7945 0.886118 -10.6623 -2.8 1.3 0.9 2.6
2022.7973 -1.26588 -12.2172 -1.6 1.4 1.0 2.9
2022.8000 3.86095 -12.4394 7.2 1.5 1.0 3.0
2022.8027 -2.65836 -9.66271 1.1 1.3 0.9 2.8
2022.8055 -3.86095 -13.2168 -1.9 1.3 1.0 2.8
2022.8082 -2.59506 -11.3287 -1.4 1.3 0.9 2.7
2022.8110 -3.41789 -12.3283 9.9 1.3 0.9 2.7
2022.8137 0.253176 -12.8836 6.7 1.3 0.9 2.7
2022.8164 2.78494 -14.1053 8.1 1.3 0.9 2.7
2022.8192 -1.89883 -12.7726 13.5 1.4 1.0 2.8
2022.8219 -9.8106 -13.2168 11.6 1.4 1.0 2.8
2022.8247 0.632942 -10.9955 1.2 1.3 0.9 2.7
2022.8274 -1.77224 -14.5496 0.1 1.3 0.9 2.7
2022.8301 -1.51906 -11.2176 4.6 1.3 0.9 2.7
2022.8329 1.45577 -12.5504 13.8 1.3 0.9 2.7
2022.8356 3.228 -13.6611 3.7 1.3 0.9 2.7
2022.8384 4.87365 -11.3287 6.3 1.3 1.0 2.8
2022.8411 3.60777 -13.6611 4.7 1.4 1.0 2.8
2022.8438 2.59506 -12.5504 0.3 1.4 1.0 2.7
2022.8466 -4.11412 -14.8828 8.5 1.3 0.9 2.7
2022.8493 -1.77224 -11.884 4.8 1.3 0.9 2.7
2022.8521 1.77224 -17.4373 -3.3 1.3 0.9 2.7
2022.8548 -1.51906 -16.1045 4.1 1.3 0.9 2.7
2022.8575 2.78494 -12.9947 3.5 1.3 0.9 2.7
2022.8603 1.01271 -12.3283 4.1 1.3 1.0 2.8
2022.8630 -2.08871 -8.99632 3.6 1.3 0.9 2.7
2022.8658 6.20283 -12.5504 -2.1 1.3 0.9 2.7
2022.8685 1.1393 -10.4402 3.3 1.3 0.9 2.7
2022.8712 -2.34189 -10.8844 5.1 1.3 0.9 2.7
2022.8740 -2.27859 -11.3287 5.7 1.3 0.9 2.7
2022.8767 -6.39271 -12.1062 9.6 1.3 0.9 2.7
2022.8795 1.64565 -12.3283 -2.2 1.3 0.9 2.7
2022.8822 -1.076 -14.4385 2.5 1.3 0.9 2.7
2022.8849 -3.35459 -13.3279 3.2 1.3 0.9 2.7
2022.8877 -0.126589 -13.3279 -1 1.3 0.9 2.7
2022.8904 -1.77224 -11.773 3.9 1.3 0.9 2.7
2022.8932 -0.316471 -13.6611 3.6 1.3 0.9 2.7
2022.8959 3.03812 -12.5504 6.4 1.3 0.9 2.7
2022.8986 1.45577 -13.6611 8.7 1.3 0.9 2.7
2022.9014 0.75953 -12.3283 -2.7 1.3 1.0 2.8
2022.9041 0.253176 -9.55165 5.8 1.3 1.0 2.8
2022.9068 -0.126589 -13.4389 4.2 1.3 0.9 2.7
2022.9096 -2.27859 -11.2176 1.6 1.3 0.9 2.8
2022.9123 -1.1393 -14.6607 6.5 1.3 0.9 2.7
2022.9151 3.35459 -9.88484 4.1 1.3 0.9 2.7
2022.9178 3.98753 -14.3275 7.7 1.3 0.9 2.7
2022.9205 2.78494 -16.2156 11.5 1.3 0.9 2.7
2022.9233 -1.1393 -14.3275 8.3 1.3 0.9 2.7
2022.9260 0.822825 -17.1041 5.3 1.3 0.9 2.7
2022.9288 2.72165 -14.6607 11.9 1.3 0.9 2.7
2022.9315 0.632942 -13.6611 7.6 1.3 0.9 2.6
2022.9342 4.49389 -16.6598 14.6 1.2 0.9 2.7
2022.9370 2.08871 -15.5492 10.7 1.3 0.9 2.7
2022.9397 -0.253178 -16.1045 6.5 1.2 0.9 2.7
2022.9425 -5.25342 -11.2176 15.1 1.2 0.9 2.7
2022.9452 0.506354 -18.2148 2.8 1.3 0.9 2.6
2022.9479 1.51906 -15.4381 1.4 1.2 0.9 2.6
2022.9507 0.253176 -15.4381 3.7 1.2 0.9 2.7
2022.9534 0 -16.7709 -3.9 1.3 0.9 2.7
2022.9562 1.01271 -14.5496 2.3 1.3 0.9 2.7
2022.9589 -0.379765 -14.6607 9.6 1.2 0.9 2.6
2022.9616 0.316471 -15.216 8.4 1.2 0.9 2.6
2022.9644 0.189882 -18.3258 6.2 1.2 0.9 2.7
2022.9671 2.59506 -16.4377 4.6 1.2 0.9 2.7
2022.9699 0.886118 -15.3271 4.2 1.3 0.9 2.7
2022.9726 0.189882 -15.1049 7.2 1.3 0.9 2.7
2022.9753 -7.27883 -15.7713 9.7 1.2 0.9 2.6
2022.9781 0.949414 -17.1041 4.2 1.2 0.9 2.6
2022.9808 -1.58235 -16.3267 0.3 1.2 0.9 2.7
2022.9836 2.53177 -16.5488 0.8 1.2 0.9 2.6
2022.9863 -4.81036 -14.5496 18.2 1.2 0.9 2.6
2022.9890 -3.60777 -15.9935 -0.1 1.3 0.9 2.7
2022.9918 -3.54448 -20.7693 1.5 1.3 1.0 2.8
2022.9945 -5.88636 -18.1037 -0.9 1.2 0.9 2.6
2022.9973 -2.65836 -17.5484 1.4 1.3 0.9 2.7
2023.0000 -3.03812 -17.1041 -2.8 1.2 0.9 2.6
2023.0027 -1.01271 -16.1045 2.3 1.2 0.9 2.6
2023.0055 -1.45577 -15.7713 1.9 1.2 0.9 2.6
2023.0082 0.0632935 -14.9939 3.2 1.2 0.9 2.6
2023.0110 -1.89883 -15.6603 6.6 1.3 0.9 2.7
2023.0137 -0.822825 -15.3271 3.8 1.3 0.9 2.7
2023.0164 -1.39247 -17.5484 3.2 1.3 0.9 2.6
2023.0192 -0.949414 -14.5496 5.2 1.3 0.9 2.6
2023.0411 -3.60777 -17.6594 -1.3 1.3 0.9 2.7
2023.0438 -2.46847 -16.5488 1.3 1.3 0.9 2.6
2023.0466 -2.2153 -16.882 -1.8 1.3 0.9 2.6
2023.0493 -5.25342 -18.548 5.6 1.3 0.9 2.6
2023.0521 -4.24071 -18.548 -5.3 1.3 0.9 2.6
2023.0548 -2.40518 -15.8824 -0.9 1.3 0.9 2.7
2023.0575 -3.228 -16.882 7.7 1.3 0.9 2.7
2023.0603 -0.822825 -17.6594 2.3 1.3 1.0 2.8
2023.0630 -3.73436 -15.6603 0.7 1.3 1.0 2.7
2023.0658 -7.46872 -18.4369 0.9 1.3 1.0 2.7
2023.0685 -4.68377 -15.4381 6.4 1.4 1.0 2.7
2023.0712 -5.31671 -16.7709 12.7 1.4 1.0 2.9
2023.0740 -1.51906 -14.6607 -3.6 1.4 1.0 2.8
2023.0767 -4.62048 -19.7697 5.1 1.3 0.9 2.7
2023.0795 -0.696236 -18.548 -1.1 1.4 1.0 2.7
2023.0822 -1.58235 -18.8812 7.7 1.4 1.0 2.7
2023.0849 -3.54448 -17.7705 3.9 1.4 1.0 2.8
2023.0877 -3.41789 -18.1037 12.6 1.4 1.0 2.8
2023.0904 -5.56989 -19.3254 2.7 1.4 1.0 2.8
2023.0932 -4.24071 -20.1029 5.4 1.4 0.9 2.7
2023.0959 -6.20283 -19.2144 -4.3 1.4 0.9 2.7
2023.0986 -4.68377 -21.991 4.8 1.4 0.9 2.7
2023.1014 -1.51906 -17.6594 1.6 1.4 0.9 2.7
2023.1041 -5.56989 -19.1033 9.3 1.4 0.9 2.7
2023.1068 -4.3673 -19.3254 10 1.4 0.9 2.7
2023.1096 -7.34213 -19.4365 9.6 1.4 0.9 2.7
2023.1123 -8.16495 -20.9914 1.4 1.4 0.9 2.7
2023.1151 -4.3673 -18.9922 13.2 1.4 0.9 2.7
2023.1178 -6.5826 -16.882 9.4 1.4 0.9 2.7
2023.1205 -6.13954 -18.8812 11.9 1.5 1.0 2.8
2023.1233 -4.93695 -18.7701 8.4 1.5 1.0 2.8
2023.1260 1.1393 -20.4361 12.7 1.5 1.0 2.7
2023.1288 -2.46847 -18.4369 9.8 1.5 1.0 2.9
2023.1315 -7.27883 -19.4365 9.8 1.4 1.0 2.9
2023.1342 -4.55718 -22.4353 0.2 1.4 0.9 2.7
2023.1370 -7.5953 -18.9922 6.3 1.4 0.9 2.7
2023.1397 -2.27859 -18.1037 4.9 1.4 0.9 2.7
2023.1425 -4.304 -18.8812 7.6 1.4 0.9 2.7
2023.1452 -6.26613 -18.3258 9.6 1.4 0.9 2.7
2023.1479 -6.20283 -21.1025 22.6 1.4 0.9 2.7
2023.1507 -3.98753 -20.1029 6.8 1.4 0.9 2.7
2023.1534 -5.69648 -19.6586 10.3 1.4 0.9 2.7
2023.1562 -1.51906 -21.2135 16.5 1.4 0.9 2.7
2023.1589 -4.24071 -21.8799 11.8 1.5 1.0 2.8
2023.1616 -3.228 -22.4353 9.9 1.4 1.0 2.8
2023.1644 2.27859 -22.1021 13.4 1.4 0.9 2.7
2023.1671 -2.53177 -21.7689 7.3 1.4 0.9 2.7
2023.1699 -2.97483 -24.5455 17.7 1.4 0.9 2.7
2023.1726 -3.10142 -21.7689 13.2 1.4 0.9 2.7
2023.1753 -5.56989 -18.3258 14.5 1.4 0.9 2.7
2023.1781 -14.4944 -13.4389 19.9 1.4 0.9 2.7
2023.1808 3.92424 -20.8803 2.9 1.4 0.9 2.7
2023.1836 -2.59506 -20.4361 12.4 1.4 0.9 2.7
2023.1863 -2.02541 -19.7697 6.9 1.4 1.0 2.8
2023.1890 -1.77224 -20.6582 11.6 1.4 0.9 2.8
2023.1918 -2.59506 -20.6582 11.9 1.3 0.9 2.7
2023.1945 -2.59506 -18.2148 8.5 1.4 0.9 2.7
2023.1973 -3.67106 -20.2139 13 1.4 0.9 2.7
2023.2000 0.379765 -18.1037 9.1 1.4 0.9 2.8
2023.2027 -1.26588 -19.8808 7.5 1.4 0.9 2.7
2023.2055 -3.16471 -19.9918 6.2 1.4 0.9 2.7
2023.2082 2.40518 -18.548 3.7 1.4 0.9 2.7
2023.2110 -0.379765 -18.7701 6.3 1.4 0.9 2.7
2023.2137 2.27859 -20.7693 11.9 1.4 0.9 2.7
2023.2164 -0.379765 -17.2152 8.7 1.3 0.9 2.7
2023.2192 -2.59506 -18.3258 9.4 1.3 0.9 2.7
2023.2219 0.379765 -20.6582 3.5 1.3 0.9 2.7
2023.2247 -3.03812 -20.6582 -2.2 1.4 1.0 2.8
2023.2274 -2.34189 -20.2139 5.7 1.4 1.0 2.8
2023.2301 0.569647 -20.6582 7.9 1.4 0.9 2.7
2023.2329 -3.16471 -20.9914 8.5 1.3 0.9 2.7
2023.2356 -1.01271 -20.9914 9.3 1.3 0.9 2.7
2023.2384 -1.1393 -21.1025 8.2 1.3 0.9 2.7
2023.2411 -3.228 -19.6586 7.8 1.4 1.0 2.8
2023.2438 -3.60777 -21.3246 14 1.4 1.0 2.9
2023.2466 3.10142 -22.4353 12.7 1.3 0.9 2.7
2023.2493 -2.27859 -23.9902 17.7 1.3 0.9 2.7
2023.2521 -4.24071 -20.9914 7.1 1.3 0.9 2.7
2023.2548 -4.17742 -21.7689 1.7 1.4 1.0 2.9
2023.2575 -2.78494 -20.7693 6 1.3 1.0 2.9
2023.2603 -1.39247 -21.991 11.4 1.3 0.9 2.7
2023.2630 -3.60777 -22.2131 11.5 1.4 1.0 2.8
2023.2658 -3.67106 -21.7689 5.2 1.3 1.0 2.8
2023.2685 -0.696236 -23.657 6.4 1.3 1.0 2.7
2023.2712 -6.13954 -19.1033 7.5 1.3 1.0 2.7
2023.2740 -4.74706 -22.7685 4.7 1.3 0.9 2.7
2023.2767 -0.506354 -21.6578 4.7 1.3 1.0 2.8
2023.2795 -5.82307 -21.3246 4.5 1.3 0.9 2.8
2023.2822 -3.10142 -23.5459 0.4 1.3 1.0 2.8
2023.2849 -7.84848 -25.1008 7.5 1.5 1.0 2.9
2023.2877 -3.98753 -20.9914 4 1.5 1.0 2.9
2023.2904 -0.44306 -21.991 12.7 1.3 1.0 2.8
2023.2932 -2.46847 -21.4357 7 1.3 0.9 2.7
2023.2959 -1.58235 -22.7685 7.2 1.3 0.9 2.7
2023.2986 -5.4433 -25.8783 5.7 1.3 0.9 2.7
2023.3014 -2.84824 -24.1012 7.5 1.3 0.9 2.7
2023.3041 -5.75977 -25.1008 8.2 1.3 0.9 2.7
2023.3068 -1.77224 -25.9894 7.5 1.3 0.9 2.7
2023.3096 -4.74706 -26.4336 11.4 1.4 1.0 2.7
2023.3123 -3.41789 -27.4332 8.7 1.4 1.0 2.8
2023.3151 -4.3673 -23.4349 2 1.3 0.9 2.7
2023.3178 -6.89907 -24.5455 9.4 1.3 0.9 2.7
2023.3205 -3.92424 -25.5451 10.1 1.3 1.0 2.7
2023.3233 -4.87365 -23.3238 10.2 1.3 0.9 2.7
2023.3260 -6.13954 -25.1008 10.4 1.3 0.9 2.7
2023.3288 -2.152 -24.5455 5.2 1.3 0.9 2.7
2023.3315 -9.62072 -27.3222 1.2 1.3 0.9 2.7
2023.3342 -3.03812 -25.434 4 1.3 0.9 2.7
2023.3370 -6.45601 -25.2119 7.3 1.3 1.0 2.7
2023.3397 -2.97483 -26.6558 6 1.3 1.0 2.7
2023.3425 -4.62048 -25.8783 6.9 1.3 1.0 2.8
2023.3452 -1.70894 -24.3234 11 1.3 1.0 2.7
2023.3479 -4.304 -24.4344 9.2 1.3 0.9 2.7
2023.3507 -5.82307 -24.3234 8.5 1.3 1.0 2.8
2023.3534 -6.26613 -26.5447 6.9 1.3 1.0 2.7
2023.3562 -5.69648 -25.8783 3.6 1.3 1.0 2.7
2023.3589 -6.70918 -27.3222 3.5 1.3 0.9 2.7
2023.3616 -2.46847 -26.5447 4.5 1.3 0.9 2.7
2023.3644 -1.70894 -25.2119 6.5 1.3 0.9 2.7
2023.3671 -6.77248 -26.2115 6.5 1.3 1.0 2.8
2023.3699 2.34189 -26.5447 6.9 1.3 1.0 2.8
2023.3726 -5.19013 -24.9898 2 1.3 1.0 2.7
2023.3753 -5.38001 -27.2111 11.6 1.3 1.0 2.7
2023.3781 -3.67106 -22.4353 7.5 1.3 1.0 2.8
2023.3808 -0.379765 -25.434 9.1 1.3 1.0 2.9
2023.3836 -4.49389 -26.6558 6.7 1.3 1.0 2.9
2023.3863 -4.55718 -29.3213 5.3 1.3 1.0 2.9
2023.3890 -3.03812 -27.4332 2.5 1.3 1.0 2.8
2023.3918 -0.379765 -24.1012 8.2 1.2 1.0 2.7
2023.3945 -2.65836 -25.6562 10.6 1.3 1.0 2.7
2023.3973 -4.24071 -23.768 3.4 1.3 1.0 2.8
2023.4000 -1.83553 -24.1012 -1.8 1.3 1.0 2.8
2023.4027 -2.65836 -26.7668 1.6 1.3 1.0 2.8
