2022.4630 0 0 0 1.3 1.1 3.0
2022.4658 -0.38341 3.88738 -3.5 1.2 0.9 2.7
2022.4685 1.59754 1.99922 2.8 1.2 0.9 2.7
2022.4712 -0.255606 1.22175 7.1 1.2 0.9 2.6
2022.4740 -0.958525 2.88777 5.4 1.2 0.9 2.6
2022.4767 -0.639018 1.11068 11.1 1.2 0.9 2.6
2022.4795 -3.13119 1.55495 -0.6 1.3 0.9 2.8
2022.4822 -2.04486 2.4435 10.1 1.2 0.9 2.7
2022.4849 -3.13119 0.111068 8.6 1.2 0.9 2.7
2022.4877 -1.72535 0.888544 1.6 1.2 0.9 2.6
2022.4904 -0.830723 0.666408 5.2 1.2 0.9 2.7
2022.4932 -1.91705 0.999612 -1.6 1.2 0.9 2.7
2022.4959 -0.38341 2.33243 9.5 1.2 0.9 2.8
2022.4986 -0.702919 -0.111068 -0.8 1.2 0.9 2.7
2022.5014 -0.958525 -2.66563 6 1.2 0.9 2.7
2022.5041 -1.72535 1.66602 -3.6 1.2 0.9 2.7
2022.5068 -2.81168 0.444272 4.8 1.3 1.0 2.9
2022.5096 -3.96191 -0.666408 7.8 1.3 0.9 2.9
2022.5123 -3.6424 0.777476 4.4 1.3 0.9 2.8
2022.5151 -3.4507 -3.33204 2.3 1.2 0.9 2.7
2022.5178 -3.5785 -1.66602 6 1.2 0.9 2.7
2022.5205 0.702919 0.222136 0 1.2 0.9 2.7
2022.5233 -0.575115 1.88816 3.8 1.2 0.9 2.7
2022.5260 -2.81168 1.11068 0.8 1.2 0.9 2.7
2022.5288 -1.15023 0.999612 7.1 1.2 0.9 2.7
2022.5315 -0.76682 -0.111068 -5.8 1.2 0.9 2.7
2022.5342 3.19509 1.66602 -8.9 1.3 1.0 2.8
2022.5370 -2.81168 -0.888544 -1.9 1.3 0.9 2.8
2022.5397 -4.02581 3.22097 -7.1 1.2 0.9 2.7
2022.5425 -3.06728 1.11068 -8.1 1.2 0.9 2.7
2022.5452 -2.42827 0.888544 6.3 1.2 0.9 2.7
2022.5479 -3.19509 -0.111068 -6.8 1.2 0.9 2.7
2022.5507 1.59754 -3.66524 -2.9 1.2 0.9 2.7
2022.5534 -5.68726 0.222136 4.9 1.2 0.9 2.7
2022.5562 0 -1.66602 1.8 1.2 0.9 2.7
2022.5589 5.23995 -2.55456 0.2 1.2 0.9 2.7
2022.5616 -1.21413 -2.55456 2.5 1.2 0.9 2.7
2022.5644 -2.30046 -3.33204 -6.3 1.2 0.9 2.7
2022.5671 1.21413 -1.99922 0.4 1.2 0.9 2.7
2022.5699 -2.61997 -2.55456 -6.8 1.2 0.9 2.7
2022.5726 -1.02243 -0.111068 -3.8 1.2 0.9 2.6
2022.5753 -2.17266 -0.55534 -2.4 1.2 0.9 2.7
2022.5781 -1.66145 0.444272 -5.7 1.2 0.9 2.7
2022.5808 0.958527 -4.33165 -1.9 1.2 0.9 2.7
2022.5836 -3.83411 -0.888544 -0.5 1.3 0.9 2.7
2022.5863 2.81168 -2.4435 -1.2 1.3 1.0 2.8
2022.5890 4.02581 -3.77631 -5.1 1.3 0.9 2.7
2022.5918 -1.15023 -3.1099 1.2 1.3 1.0 2.7
2022.5945 -4.79263 -3.33204 3 1.3 0.9 2.7
2022.5973 -0.76682 -6.66408 0.6 1.3 0.9 2.7
2022.6000 -3.5785 -1.88816 0.3 1.3 0.9 2.7
2022.6027 -0.38341 0.55534 6.5 1.3 0.9 2.7
2022.6055 -1.02243 -5.8866 -3 1.3 0.9 2.7
2022.6082 3.7063 -3.1099 2.9 1.3 0.9 2.7
2022.6110 6.39018 -0.333204 1.6 1.4 1.0 2.7
2022.6137 -6.58188 -1.44388 3.9 1.4 1.0 2.7
2022.6164 -1.91705 -2.33243 9 1.3 0.9 2.7
2022.6192 -1.85315 -3.22097 0.9 1.3 0.9 2.7
2022.6219 -3.6424 -0.888544 -0.4 1.3 0.9 2.6
2022.6247 -2.42827 -5.77553 -2 1.3 0.9 2.7
2022.6274 -1.53364 -4.33165 3 1.3 0.9 2.7
2022.6301 0.447313 -1.99922 2.8 1.3 0.9 2.7
2022.6329 0.191705 -5.5534 -3.4 1.3 0.9 2.7
2022.6356 -4.53702 -7.44155 -4.7 1.3 0.9 2.7
2022.6384 -3.5146 -5.66447 -8 1.3 0.9 2.7
2022.6411 0.0639011 -7.33049 -1.8 1.3 0.9 2.7
2022.6438 0.255608 -4.88699 -1.4 1.5 1.0 3.0
2022.6466 -1.85315 -2.22136 5 1.5 1.0 3.0
2022.6493 -5.23994 -4.77592 0.6 1.3 1.0 2.8
2022.6521 -4.40922 -2.22136 -4 1.3 1.0 2.7
2022.6548 -4.85653 -6.10874 5 1.3 1.0 2.7
2022.6575 -3.32289 -6.44194 4.1 1.3 1.0 2.7
2022.6603 -7.85992 -3.88738 3.6 1.3 0.9 2.7
2022.6630 1.40584 -2.7767 6.8 1.3 0.9 2.7
2022.6658 -2.49217 -5.33126 4.8 1.3 0.9 2.7
2022.6685 -3.00338 -6.66408 1.3 1.3 0.9 2.6
2022.6712 -5.36775 -6.77515 1.8 1.3 0.9 2.6
2022.6740 -6.58188 -7.66369 8.4 1.3 0.9 2.6
2022.6767 -3.83411 -6.44194 2.2 1.3 0.9 2.7
2022.6795 -1.40584 -5.8866 0.2 1.3 0.9 2.7
2022.6822 -3.38679 -6.66408 6 1.3 0.9 2.6
2022.6849 -2.30046 -7.21942 -7.6 1.3 0.9 2.6
2022.6877 1.34194 -4.77592 -0.1 1.3 0.9 2.7
2022.6904 -4.34532 -6.55301 -1.5 1.3 0.9 2.6
2022.6932 -3.32289 -6.88621 0.9 1.3 0.9 2.6
2022.6959 -4.66483 -10.9957 -1.2 1.3 0.9 2.6
2022.6986 -4.85653 -6.44194 -6.8 1.3 0.9 2.6
2022.7014 -2.93948 -6.66408 2.7 1.3 0.9 2.6
2022.7041 -9.39356 -6.77515 7.1 1.3 0.9 2.7
2022.7068 -2.36437 -6.88621 6.5 1.3 0.9 2.7
2022.7096 -4.47312 -5.33126 3.2 1.3 0.9 2.6
2022.7123 -5.23994 -7.10835 2.2 1.3 0.9 2.6
2022.7151 -2.93948 -8.3301 0.6 1.3 0.9 2.6
2022.7178 -2.36437 -8.88544 2.4 1.3 0.9 2.7
2022.7205 -1.59754 -6.88621 1.9 1.2 0.9 2.6
2022.7233 -3.7702 -9.66291 5.7 1.2 0.9 2.7
2022.7260 -7.92382 -5.77553 -4.1 1.3 0.9 2.7
2022.7288 0.766822 -7.66369 -1 1.3 0.9 2.7
2022.7315 -4.08971 -7.66369 -5 1.3 0.9 2.6
2022.7342 -0.319509 -7.99689 -0.2 1.3 0.9 2.6
2022.7370 -0.127804 -8.44117 0.2 1.3 0.9 2.7
2022.7397 -0.575115 -10.3293 -0.7 1.2 0.9 2.6
2022.7425 -2.55607 -10.6625 -7.5 1.3 0.9 2.7
2022.7452 -6.64578 -10.1072 -2.3 1.3 1.0 2.8
2022.7479 -0.575115 -10.2183 0.7 1.3 0.9 2.7
2022.7507 -2.17266 -9.32971 -0.9 1.3 0.9 2.6
2022.7534 -3.38679 -9.99612 -2.9 1.3 0.9 2.6
2022.7562 -3.00338 -8.77437 -3.5 1.3 0.9 2.6
2022.7589 -3.4507 -5.66447 -5.9 1.3 0.9 2.6
2022.7616 -4.72873 -7.33049 -1.5 1.3 0.9 2.6
2022.7644 6.32628 -8.44117 4.3 1.4 0.9 2.8
2022.7671 -3.6424 -9.10757 3.1 1.4 0.9 2.8
2022.7699 -9.01015 -8.10796 -4.6 1.3 0.9 2.7
2022.7726 -3.6424 -10.1072 -0.6 1.3 0.9 2.6
2022.7753 -1.98095 -10.6625 7.8 1.3 0.9 2.6
2022.7781 -3.7702 -8.55223 1.4 1.3 0.9 2.7
2022.7808 -2.10876 -8.6633 1.9 1.4 0.9 2.9
2022.7836 -0.447311 -11.7732 -2.2 1.4 1.0 2.8
2022.7863 -4.85653 -12.1064 -0.9 1.3 0.9 2.8
2022.7890 -2.04486 -10.8847 -6.6 1.3 0.9 2.6
2022.7918 -4.40922 -10.8847 -7.2 1.3 0.9 2.7
2022.7945 -4.47312 -10.5515 -2.5 1.3 0.9 2.7
2022.7973 -7.47651 -10.6625 -5.1 1.4 1.0 2.9
2022.8000 -2.04486 -10.6625 10.9 1.5 1.0 3.0
2022.8027 -3.32289 -11.1068 3.3 1.3 0.9 2.8
2022.8055 -7.54041 -10.8847 -1.1 1.3 1.0 2.7
2022.8082 -6.70969 -11.8843 -4.7 1.3 0.9 2.7
2022.8110 -7.92382 -12.6617 1.1 1.3 0.9 2.7
2022.8137 -4.85653 -11.9953 2.4 1.3 0.9 2.7
2022.8164 -1.02243 -14.2167 4 1.3 0.9 2.7
2022.8192 -2.17266 -13.7724 4.9 1.4 1.0 2.8
2022.8219 -9.84087 -14.772 8.7 1.4 1.0 2.8
2022.8247 -1.59754 -12.2175 -1.5 1.3 0.9 2.7
2022.8274 -8.17943 -14.772 -7.7 1.3 0.9 2.7
2022.8301 -5.11214 -10.2183 3.6 1.3 0.9 2.7
2022.8329 -1.85315 -12.4396 6.2 1.3 0.9 2.7
2022.8356 -1.66145 -12.7728 1.8 1.3 0.9 2.7
2022.8384 -6.96529 -12.8839 6.4 1.3 0.9 2.7
2022.8411 -3.96191 -13.5503 -7.4 1.4 1.0 2.8
2022.8438 -7.79601 -12.5507 -1.7 1.4 1.0 2.7
2022.8466 -5.11214 -10.2183 -2.2 1.3 0.9 2.7
2022.8493 -4.08971 -10.3293 8.1 1.3 0.9 2.7
2022.8521 -5.94286 -13.6614 1.1 1.3 0.9 2.7
2022.8548 -6.83749 -15.2163 0 1.3 0.9 2.7
2022.8575 -4.60093 -12.995 -1.1 1.3 0.9 2.7
2022.8603 -1.53364 -13.5503 4.3 1.3 1.0 2.7
2022.8630 -2.61997 -11.1068 1.7 1.3 0.9 2.6
2022.8658 -0.38341 -13.6614 -3.8 1.3 0.9 2.6
2022.8685 -6.19847 -13.6614 3.7 1.3 0.9 2.6
2022.8712 -7.54041 -12.5507 -1.7 1.3 0.9 2.7
2022.8740 -5.49555 -11.5511 3 1.3 0.9 2.7
2022.8767 -7.4126 -12.6617 -0.4 1.3 0.9 2.7
2022.8795 -1.02243 -12.5507 -5.2 1.3 0.9 2.7
2022.8822 -8.43503 -13.2171 -0.3 1.3 0.9 2.7
2022.8849 -5.17604 -12.2175 -3.3 1.3 0.9 2.7
2022.8877 -7.54041 -13.8835 1.1 1.3 0.9 2.7
2022.8904 -4.40922 -12.1064 -0.4 1.3 0.9 2.6
2022.8932 -5.62336 -13.2171 3.8 1.3 0.9 2.7
2022.8959 -3.06728 -14.9942 4.5 1.3 0.9 2.7
2022.8986 -4.53702 -17.1045 1.4 1.3 0.9 2.7
2022.9014 -5.30385 -11.44 -3.5 1.3 1.0 2.8
2022.9041 -3.7063 -12.1064 3 1.3 1.0 2.8
2022.9068 -1.53364 -13.2171 0.3 1.3 0.9 2.7
2022.9096 -3.7702 -8.21903 -2 1.3 0.9 2.8
2022.9123 -6.70969 -12.8839 2 1.3 0.9 2.7
2022.9151 -1.27803 -10.5515 -3.5 1.3 0.9 2.7
2022.9178 -9.52136 -14.5499 6.1 1.3 0.9 2.6
2022.9205 -2.04486 -16.2159 7.2 1.3 0.9 2.6
2022.9233 -4.66483 -13.2171 2.5 1.2 0.9 2.6
2022.9260 -1.15023 -16.1049 7.9 1.2 0.9 2.7
2022.9288 -1.46974 -14.2167 4.8 1.3 0.9 2.6
2022.9315 -3.19509 -14.2167 2.5 1.3 0.9 2.7
2022.9342 -0.575115 -16.6602 11.1 1.3 0.9 2.6
2022.9370 -3.89801 -17.1045 9.1 1.3 0.9 2.7
2022.9397 -4.92044 -17.8819 1.6 1.2 0.9 2.7
2022.9425 -5.68726 -16.2159 5.1 1.2 0.9 2.6
2022.9452 -1.72535 -17.1045 -4.4 1.3 0.9 2.6
2022.9479 -2.68387 -16.7713 5.2 1.2 0.9 2.6
2022.9507 -3.5785 -16.6602 0.2 1.3 0.9 2.6
2022.9534 -4.15361 -17.4377 -5 1.3 0.9 2.7
2022.9562 -3.96191 -16.4381 -0.6 1.2 0.9 2.6
2022.9589 -3.00338 -15.2163 6.4 1.2 0.9 2.6
2022.9616 -1.53364 -14.1056 7.7 1.2 0.9 2.6
2022.9644 -4.60093 -16.1049 6.1 1.2 0.9 2.6
2022.9671 -4.98434 -15.5495 1.9 1.2 0.9 2.6
2022.9699 -5.11214 -14.5499 2.7 1.3 0.9 2.7
2022.9726 -3.6424 -15.3274 5.8 1.3 0.9 2.7
2022.9753 -9.96868 -13.8835 -4.5 1.2 0.9 2.6
2022.9781 -6.45408 -15.6606 -0.2 1.2 0.9 2.6
2022.9808 -6.26237 -17.6598 -1.6 1.2 0.9 2.6
2022.9836 4.02581 -22.4357 -0.5 1.2 0.9 2.6
2022.9863 3.06728 -26.9895 5.6 1.2 0.9 2.6
2022.9890 3.5785 -30.3216 -0.7 1.3 0.9 2.7
2022.9918 1.46974 -35.986 -2.9 1.3 1.0 2.8
2022.9945 -5.30385 -17.993 -7.7 1.2 0.9 2.6
2022.9973 -4.92044 -20.1033 -2.2 1.2 0.9 2.6
2023.0000 -4.28142 -19.548 -4.6 1.2 0.9 2.6
2023.0027 -5.04824 -17.7709 -1.9 1.2 0.9 2.6
2023.0055 -5.17604 -17.993 -2.5 1.2 0.9 2.6
2023.0082 -4.47312 -17.5487 1.8 1.3 0.9 2.6
2023.0110 -1.34194 -23.9907 2.8 1.3 0.9 2.6
2023.0137 2.10876 -30.3216 1.6 1.3 0.9 2.6
2023.0164 3.32289 -33.8757 4.4 1.2 0.9 2.6
2023.0192 6.45408 -32.9872 8.7 1.3 0.9 2.6
2023.0411 0.766822 -48.5367 1.1 1.3 0.9 2.6
2023.0438 -0.255606 -46.5375 3.3 1.3 0.9 2.6
2023.0466 -2.42827 -46.2043 0.9 1.3 0.9 2.6
2023.0493 -1.02243 -47.0928 4.6 1.3 0.9 2.6
2023.0521 -0.127804 -47.0928 -7.3 1.3 0.9 2.6
2023.0548 0.319509 -47.7592 -5.8 1.3 1.0 2.7
2023.0575 2.04486 -48.8699 3.8 1.3 1.0 2.7
2023.0603 8.05162 -47.426 10.7 1.3 1.0 2.7
2023.0630 5.68726 -48.6478 6.7 1.3 0.9 2.7
2023.0658 -2.87558 -51.2023 3.3 1.3 0.9 2.6
2023.0685 -4.28142 -38.8738 -0.2 1.4 1.0 2.7
2023.0712 -6.83749 -31.2101 8.8 1.4 1.0 2.9
2023.0740 -6.45408 -27.9891 2.6 1.4 1.0 2.8
2023.0767 -7.73211 -21.6583 9.9 1.3 0.9 2.7
2023.0795 -5.68726 -22.9911 3.9 1.4 1.0 2.7
2023.0822 -9.96868 -20.2144 3.5 1.4 1.0 2.7
2023.0849 -10.2882 -23.1021 5.6 1.4 1.0 2.7
2023.0877 -8.05162 -20.9918 8.4 1.4 1.0 2.8
2023.0904 -8.11552 -20.8808 4.1 1.4 1.0 2.7
2023.0932 -9.39356 -23.5464 10.7 1.4 0.9 2.7
2023.0959 -7.79601 -22.3247 -1 1.4 0.9 2.6
2023.0986 -9.71307 -25.5456 2.6 1.4 0.9 2.7
2023.1014 -6.90139 -22.7689 1.9 1.4 0.9 2.7
2023.1041 -9.84087 -23.3243 3.5 1.4 0.9 2.7
2023.1068 -7.85992 -29.6551 9.5 1.4 0.9 2.7
2023.1096 -7.02919 -32.3208 9.3 1.4 0.9 2.7
2023.1123 -10.9911 -32.8761 -4.6 1.4 0.9 2.7
2023.1151 -9.58527 -24.7682 6 1.4 0.9 2.7
2023.1178 -5.87896 -28.8777 6.6 1.4 0.9 2.7
2023.1205 1.46974 -36.7635 12.3 1.5 1.0 2.8
2023.1233 6.77359 -40.2066 9.3 1.5 1.0 2.7
2023.1260 5.36775 -42.2058 20.7 1.5 0.9 2.7
2023.1288 8.88235 -42.539 10.3 1.5 0.9 2.8
2023.1315 7.54041 -45.5379 9.1 1.5 0.9 2.9
2023.1342 7.3487 -50.9802 7.7 1.4 0.9 2.7
2023.1370 -0.127804 -53.2016 10.5 1.4 0.9 2.7
2023.1397 -1.91705 -54.4233 10.8 1.4 0.9 2.7
2023.1425 1.34194 -56.3115 9.7 1.4 0.9 2.6
2023.1452 -5.49555 -46.8707 7.2 1.4 0.9 2.7
2023.1479 -6.19847 -38.6517 9.5 1.4 0.9 2.7
2023.1507 -5.94286 -25.4346 8 1.4 0.9 2.7
2023.1534 -7.60431 -26.3231 9.7 1.4 0.9 2.7
2023.1562 -4.21752 -25.9899 8.8 1.4 0.9 2.7
2023.1589 -9.20185 -27.6559 9.8 1.5 1.0 2.8
2023.1616 -2.93948 -27.3227 2.2 1.4 1.0 2.7
2023.1644 -4.15361 -26.7674 2.7 1.4 0.9 2.7
2023.1671 -4.15361 -27.2117 4.8 1.4 0.9 2.7
2023.1699 -3.6424 -29.5441 6.3 1.4 0.9 2.7
2023.1726 -1.91705 -30.988 10.8 1.4 0.9 2.7
2023.1753 -0.639018 -36.8746 9.9 1.4 0.9 2.7
2023.1781 -4.60093 -26.4342 4.3 1.4 0.9 2.7
2023.1808 -3.19509 -23.8796 3.5 1.4 0.9 2.7
2023.1836 -5.94286 -23.3243 6.9 1.4 0.9 2.7
2023.1863 -2.10876 -23.3243 2.4 1.4 0.9 2.8
2023.1890 -3.19509 -24.546 9 1.4 0.9 2.8
2023.1918 -3.7063 -25.1014 8.7 1.4 0.9 2.7
2023.1945 -6.00677 -23.1021 3 1.4 0.9 2.7
2023.1973 -13.036 -21.7693 12.6 1.4 0.9 2.7
2023.2000 -2.68387 -26.9895 6.5 1.4 0.9 2.7
2023.2027 1.66145 -35.0975 1.3 1.3 0.9 2.7
2023.2055 2.42827 -38.5406 1.3 1.4 0.9 2.7
2023.2082 8.56284 -40.4287 3.5 1.4 0.9 2.7
2023.2110 8.49894 -41.4284 7.7 1.4 0.9 2.7
2023.2137 8.05162 -41.5394 12.3 1.3 0.9 2.7
2023.2164 10.6077 -42.6501 10.9 1.3 0.9 2.7
2023.2192 3.00338 -46.2043 15.2 1.3 0.9 2.7
2023.2219 0.511214 -49.9806 7.4 1.3 0.9 2.7
2023.2247 -0.639018 -49.8695 3.9 1.4 1.0 2.8
2023.2274 -3.13119 -52.4241 7.4 1.4 1.0 2.7
2023.2301 -1.72535 -49.6474 10.7 1.3 0.9 2.7
2023.2329 -5.23994 -39.207 6.9 1.3 0.9 2.7
2023.2356 -3.6424 -28.2113 3.4 1.3 0.9 2.7
2023.2384 -2.74778 -26.4342 3.1 1.3 0.9 2.7
2023.2411 -6.00677 -25.5456 0.1 1.4 1.0 2.8
2023.2438 -8.37113 -24.3239 -0.2 1.4 1.0 2.8
2023.2466 0.575115 -25.7678 6.4 1.3 0.9 2.7
2023.2493 -8.49893 -27.9891 10.5 1.3 0.9 2.7
2023.2521 -4.15361 -25.9899 4 1.3 1.0 2.7
2023.2548 -4.47312 -27.8781 -4 1.4 1.0 2.9
2023.2575 -4.98434 -24.8792 -4 1.4 1.0 2.8
2023.2603 -7.157 -28.3223 6.9 1.3 0.9 2.7
2023.2630 -5.68726 -27.9891 11.9 1.3 1.0 2.8
2023.2658 -6.07067 -27.2117 3.1 1.3 0.9 2.7
2023.2685 -6.45408 -30.3216 3.4 1.3 1.0 2.7
2023.2712 -5.94286 -35.875 6.7 1.3 0.9 2.7
2023.2740 -9.45746 -40.9841 -0.9 1.3 1.0 2.8
2023.2767 -4.21752 -31.3212 1.6 1.3 0.9 2.8
2023.2795 -5.75116 -28.4334 -1.6 1.3 0.9 2.7
2023.2822 -4.72873 -27.8781 3.4 1.4 1.0 2.8
2023.2849 -7.0931 -29.2109 1.6 1.5 1.0 2.9
2023.2877 -1.78925 -36.9856 4 1.5 1.0 2.9
2023.2904 0.191705 -39.4291 -0.5 1.3 1.0 2.8
2023.2932 -2.93948 -40.4287 4.1 1.3 0.9 2.7
2023.2959 -12.5247 -46.4264 13.4 1.3 0.9 2.7
2023.2986 -1.21413 -52.4241 3.8 1.3 1.0 2.8
2023.3014 -5.30385 -53.6458 6.5 1.3 0.9 2.7
2023.3041 -7.02919 -45.2047 5.4 1.3 0.9 2.7
2023.3068 -5.30385 -32.2097 0.9 1.3 0.9 2.7
2023.3096 -12.9721 -32.0986 -4 1.3 1.0 2.7
2023.3123 -7.02919 -32.8761 7 1.4 1.0 2.8
2023.3151 -6.77359 -27.4338 -4.4 1.3 0.9 2.7
2023.3178 -9.32966 -29.433 4 1.3 0.9 2.7
2023.3205 -7.0931 -31.6544 4.7 1.3 0.9 2.7
2023.3233 -4.02581 -31.2101 2.8 1.3 0.9 2.7
2023.3260 -6.45408 -32.0986 3.1 1.3 0.9 2.7
2023.3288 -5.17604 -32.2097 0.7 1.3 0.9 2.7
2023.3315 -9.20185 -29.9884 0.6 1.3 0.9 2.7
2023.3342 -9.58527 -32.4318 1.8 1.3 0.9 2.7
2023.3370 -6.58188 -31.5433 2.4 1.3 0.9 2.7
2023.3397 -5.87896 -31.3212 -0.5 1.3 0.9 2.7
2023.3425 -6.83749 -31.099 3.5 1.3 0.9 2.7
2023.3452 -3.7702 -28.3223 -0.5 1.3 1.0 2.7
2023.3479 -5.81506 -31.2101 0.1 1.3 0.9 2.7
2023.3507 -6.26237 -30.5437 4.7 1.3 1.0 2.7
2023.3534 -5.94286 -31.8765 -0.9 1.3 1.0 2.7
2023.3562 -5.30385 -30.7658 -0.1 1.3 0.9 2.7
2023.3589 -8.17943 -30.4326 -5.4 1.3 0.9 2.7
2023.3616 -6.45408 -29.3219 -4.4 1.3 0.9 2.7
2023.3644 -3.38679 -27.9891 1.4 1.3 0.9 2.8
2023.3671 -8.24333 -31.099 5.5 1.3 1.0 2.8
2023.3699 -2.36437 -30.2105 -5 1.3 1.0 2.8
2023.3726 -6.58188 -31.2101 -4.5 1.3 1.0 2.7
2023.3753 -7.66821 -30.6548 2.6 1.3 0.9 2.7
2023.3781 -5.49555 -27.9891 -0.3 1.3 1.0 2.8
2023.3808 -3.25899 -30.3216 4.5 1.3 1.0 2.9
2023.3836 -3.4507 -30.2105 -1.3 1.3 1.0 2.9
2023.3863 -5.49555 -32.7651 0.7 1.3 1.0 2.8
2023.3890 -3.96191 -30.2105 -1.9 1.3 1.0 2.8
2023.3918 -2.36437 -29.2109 3.1 1.3 1.0 2.7
2023.3945 -6.45408 -29.5441 8.3 1.3 1.0 2.7
2023.3973 -1.98095 -31.5433 1.4 1.3 1.0 2.8
2023.4000 -1.34194 -29.9884 -6.6 1.3 1.0 2.7
2023.4027 -4.47312 -30.5437 3.3 1.3 1.0 2.7
