1996.4329 0 0 0 1.6 1.4 3.8
1996.4356 4.72957 -1.33241 16.4 1.6 1.2 3.4
1996.4384 0.652356 2.44275 8.6 1.5 1.2 3.4
1996.4411 2.17452 3.88619 8.5 1.8 1.4 3.8
1996.4438 2.33761 1.22137 5 2.7 1.6 5.2
1997.3699 3.15305 -29.0909 22.5 2.6 1.8 5.0
1997.3726 1.52216 -30.8674 13.9 1.8 1.2 3.6
1997.3753 2.55506 -31.5336 22.1 1.9 1.2 3.7
1997.3781 2.88123 -28.2026 11.7 1.6 1.1 3.2
1997.3808 4.51212 -33.9764 16.3 2.0 1.3 4.0
1997.3836 -21.3103 -40.5274 29 5.6 3.2 9.2
1998.4274 7.93699 -69.1742 20 1.8 1.4 3.8
1998.4301 7.50208 -66.0652 24.1 1.5 1.1 3.1
1998.4329 5.70811 -69.0631 27.4 1.5 1.1 3.1
1998.4356 9.29606 -68.508 27.5 1.5 1.1 3.1
1999.4630 2.71815 -103.817 35.4 1.5 1.1 3.0
1999.4658 4.8383 -100.93 39.5 1.5 1.1 3.0
1999.4685 3.20741 -105.149 37.7 1.5 1.0 3.1
1999.4712 -1.35907 -103.928 28.4 1.5 1.0 3.1
1999.4740 3.09869 -104.372 31.4 1.6 1.0 3.2
1999.4767 2.28324 -102.595 27 1.5 1.0 3.0
1999.4795 4.51212 -103.262 28.2 1.5 1.1 3.0
1999.4822 1.14162 -106.037 25.8 1.7 1.3 3.5
2002.6164 -34.3574 -178.098 39 8.9 5.7 13.7
2002.6192 -11.6337 -195.642 63 1.3 0.9 2.8
2002.6219 -6.52355 -195.198 63.1 1.3 0.9 2.8
2002.6247 -6.03428 -195.975 74.4 1.6 1.0 3.2
2002.8767 -14.7323 -210.742 49.7 1.3 1.0 2.9
2002.8795 -16.6351 -212.075 70.4 1.3 1.1 3.1
2003.6521 -22.2344 -242.276 70.4 1.6 1.1 3.4
2003.6548 -18.6465 -239.167 63.2 1.6 1.1 3.4
2003.6575 -21.0928 -238.39 69.5 1.6 1.1 3.4
2003.6603 -24.7351 -238.279 68.9 1.6 1.1 3.5
2003.6630 -17.2874 -242.276 69 1.6 1.1 3.5
2006.4301 -47.3501 -319.667 95.4 1.4 0.9 2.8
2006.4329 -46.4803 -322.665 99.6 1.4 0.9 2.7
2006.4356 -49.4702 -323.442 87.9 1.3 0.9 2.6
2006.4384 -45.5018 -322.443 101.4 1.4 0.9 2.7
2016.7178 -124.437 -594.698 194.4 1.2 0.9 2.6
2016.7205 -123.947 -592.921 188.2 1.4 1.0 3.0
