1996.4329 0 0 0 1.6 1.4 3.8
1996.4356 4.62119 -1.22137 16.4 1.6 1.2 3.4
1996.4384 0.598036 2.44275 8.5 1.5 1.2 3.4
1996.4384 0 0.999306 7.1 2.1 1.7 4.3
1996.4411 2.06594 3.88619 8.5 1.8 1.4 3.8
1996.4438 2.28341 1.22137 5 2.7 1.6 5.2
1997.3699 3.09891 -29.0909 22.4 2.6 1.8 5.0
1997.3699 5.32795 -29.7571 23.6 2.4 1.8 5.5
1997.3726 1.46791 -30.8674 13.9 1.8 1.2 3.6
1997.3726 3.09891 -31.2006 16.6 1.6 1.2 4.1
1997.3753 2.50088 -31.5337 22.1 1.9 1.2 3.7
1997.3753 -6.25219 -33.9764 17.5 5.6 2.2 8.3
1997.3781 2.88145 -28.2026 11.7 1.6 1.1 3.2
1997.3808 4.45808 -33.9764 16.3 2.0 1.3 4.0
1997.3836 -21.4206 -40.5274 29 5.6 3.2 9.2
1998.4274 7.8832 -69.0631 20 1.8 1.4 3.8
1998.4301 7.44826 -66.0652 24.1 1.5 1.1 3.1
1998.4329 5.70852 -69.0631 27.4 1.5 1.1 3.1
1998.4356 9.24237 -68.508 27.4 1.5 1.1 3.1
1999.4630 2.71834 -103.817 35.4 1.5 1.1 3.0
1999.4658 4.83865 -100.93 39.5 1.5 1.1 3.0
1999.4685 3.15328 -105.149 37.7 1.5 1.0 3.1
1999.4712 -1.35917 -103.928 28.4 1.5 1.0 3.1
1999.4740 3.04455 -104.372 31.4 1.6 1.0 3.2
1999.4767 2.28341 -102.484 27 1.5 1.0 3.0
1999.4795 4.45808 -103.262 28.2 1.5 1.1 3.0
1999.4822 1.08734 -106.037 25.7 1.7 1.3 3.5
2002.6164 -34.3599 -178.099 39 8.9 5.7 13.7
2002.6192 -11.6889 -195.642 63 1.3 0.9 2.8
2002.6219 -6.52403 -195.198 63 1.3 0.9 2.8
2002.6219 -5.21922 -193.754 58.4 1.4 1.0 3.2
2002.6247 -6.08909 -195.975 74.4 1.6 1.0 3.2
2002.6247 -7.33953 -195.753 71.6 1.7 1.0 3.5
2002.8767 -14.7878 -210.743 49.7 1.3 1.0 2.9
2002.8795 -16.6906 -212.075 70.4 1.3 1.1 3.1
2003.6521 -22.2361 -242.276 70.4 1.6 1.1 3.4
2003.6548 -18.7022 -239.167 63.2 1.6 1.1 3.4
2003.6575 -21.1487 -238.39 69.5 1.6 1.1 3.4
2003.6603 -24.7913 -238.279 68.9 1.6 1.1 3.5
2003.6630 -17.2887 -242.276 68.9 1.6 1.1 3.5
2006.4301 -47.3536 -319.667 95.4 1.4 0.9 2.8
2006.4329 -46.4837 -322.665 99.6 1.4 0.9 2.7
2006.4356 -49.5282 -323.442 87.9 1.3 0.9 2.6
2006.4384 -45.5051 -322.443 101.4 1.4 0.9 2.7
2016.7178 -124.391 -594.698 194.4 1.2 0.9 2.6
2016.7205 -123.902 -592.921 188.2 1.4 1.0 3.0
