2009.6027 0 0 0 1.1 0.8 2.5
2009.6055 -1.57353 1.11014 5.2 1.1 0.9 2.5
2009.6082 -1.85963 -0.66608 -0.9 1.1 0.8 2.5
2013.6027 -5.57889 -101.688 -2.9 1.1 0.8 2.5
2013.6055 -5.29279 -101.355 -6.8 1.1 0.8 2.5
2013.6082 -11.3485 -101.799 -6.1 1.1 0.8 2.5
2013.6110 -7.58157 -104.353 -9 1.1 0.8 2.5
2013.6137 -3.52853 -101.688 -10 1.1 0.8 2.5
2013.6164 -4.86365 -101.577 -9.3 1.1 0.8 2.5
2013.6192 -5.38816 -102.021 -10 1.1 0.8 2.6
2013.6219 -5.76962 -102.132 -4.5 1.2 0.9 2.5
2013.6247 -11.0147 -104.242 -8 1.2 0.9 2.6
2013.6274 -7.15242 -101.244 -2.5 1.1 0.8 2.5
2013.6301 -6.19877 -102.909 -2 1.3 0.9 2.7
