2000.4027 0 0 0 1.9 1.5 4.5
2000.4055 -3.3382 -0.444129 -5.4 2.2 1.5 5.0
2002.3397 -22.8828 -22.4285 6.8 1.6 1.4 4.5
2002.3425 -16.6372 -18.6534 10.1 1.4 1.2 4.1
2002.3452 -18.5755 -19.8748 12.5 1.5 1.2 4.1
2002.3479 -21.7521 -24.4271 15.7 1.5 1.2 4.2
2002.3507 -15.9372 -22.3175 19.1 1.5 1.2 4.0
2002.3534 -22.129 -21.6513 10.9 1.4 1.2 3.9
2002.3562 -20.783 -22.5396 14.7 1.7 1.4 4.6
2002.6219 -23.4751 -17.6541 39.4 1.5 1.1 3.6
2002.6247 -18.0909 -20.0968 40.3 1.6 1.2 3.7
2004.4795 -36.8279 -32.8656 39.9 1.2 1.0 3.2
2004.4822 -37.1509 -36.0855 39.5 1.2 1.0 3.2
2004.4849 -33.5435 -33.7538 42.4 1.3 1.1 3.4
2004.7315 -35.9126 -37.5289 81 1.2 1.0 3.2
2004.7342 -36.9894 -35.6414 88.7 1.2 1.0 3.2
2005.4630 -47.5424 -39.5275 75.5 1.2 1.0 3.2
2005.4658 -46.8963 -44.0798 72.7 1.3 1.0 3.2
2005.4685 -45.5503 -49.9645 67.2 1.4 1.2 3.8
2006.7123 -57.4493 -52.7403 88.9 1.3 1.1 3.3
2006.7151 -62.9412 -52.9624 93.9 1.4 1.1 3.4
2006.7178 -67.9485 -61.1788 104.4 1.8 1.2 4.3
2007.7014 -64.0719 -67.1745 82.7 1.6 1.1 3.5
2007.7041 -69.2946 -67.7297 88.4 1.6 1.1 3.5
2007.7068 -62.4566 -69.7283 95.5 1.6 1.1 3.6
2007.7096 -65.0411 -70.6165 86.1 1.6 1.1 3.5
2008.6219 -73.6019 -69.6172 107.4 1.3 1.0 3.2
2008.6247 -74.7326 -75.0578 110.5 1.2 1.0 3.1
2010.6164 -91.2621 -96.0429 134.5 2.7 1.9 5.7
2010.6192 -95.9463 -96.154 127.8 1.1 0.9 3.0
2010.6219 -96.1079 -97.8194 118.1 1.2 1.0 3.2
2010.6575 -95.5694 -103.704 99.3 1.2 0.9 2.9
2010.6603 -93.7927 -102.927 100.1 1.1 0.9 2.9
2010.6630 -91.1006 -101.595 103.8 1.2 1.0 3.0
2010.6658 -94.8157 -100.262 112.3 1.2 1.1 3.2
2011.5644 -107.899 -106.702 132.1 1.2 0.9 2.9
2011.5671 -106.499 -106.036 126.9 1.2 0.9 2.9
2011.5699 -105.099 -105.148 125 1.1 0.9 2.9
2011.5726 -104.669 -107.701 129.4 1.2 0.9 2.9
2011.7233 -105.476 -107.368 122.3 1.2 0.9 2.9
2011.7260 -97.5078 -105.481 125.8 1.1 0.9 2.9
2011.7288 -113.122 -105.148 122.8 1.2 0.9 2.9
2011.7315 -108.222 -107.59 122.2 1.2 0.9 2.9
2011.7342 -108.707 -104.814 124.7 1.2 0.9 2.9
2011.7370 -105.638 -107.812 123.9 1.5 1.2 3.5
2012.5096 -112.045 -119.915 131 1.1 0.9 2.8
2012.5123 -114.306 -117.583 124.5 1.1 0.9 2.9
2012.5151 -113.768 -117.361 128.8 1.2 1.0 3.1
2013.6411 -126.421 -124.023 129.1 1.3 1.0 3.1
2013.6438 -121.091 -125.8 122.8 1.2 0.9 3.0
2013.6466 -126.152 -124.911 112.9 1.2 0.9 3.0
2013.6493 -123.783 -126.91 108.5 1.3 0.9 3.0
2013.6521 -122.813 -125.8 119.8 1.2 0.9 2.9
2015.6137 -147.688 -145.119 166.3 1.2 1.0 3.1
2015.6164 -142.735 -143.01 157.4 1.3 1.0 3.2
2015.6192 -146.127 -144.342 163.8 1.2 0.9 3.1
2015.6219 -142.358 -144.342 165.7 1.6 1.1 3.6
2015.6247 -145.696 -145.341 150.2 8.3 3.7 9.8
2016.5342 -148.065 -154.002 135.3 1.2 1.0 3.0
2016.5370 -142.412 -158.554 134.1 1.3 1.0 3.1
2017.3425 -160.772 -167.215 181.6 2.8 2.0 6.0
2017.3452 -159.803 -168.88 173.8 1.3 1.0 3.3
2021.5205 -216.768 -203.078 226.1 4.1 2.6 8.9
2021.5233 -215.045 -204.188 214.9 1.3 1.1 3.4
2021.5260 -212.406 -205.41 221.4 1.5 1.3 3.8
