1997.5534 0 0 0 16.7 3.4 13.7
1997.5562 -34.3209 -2.44305 1.3 1.5 1.1 3.1
1997.5589 -33.0931 1.88782 -1.1 1.5 1.0 3.2
1997.5616 -32.1576 0.55524 2.6 1.6 1.1 3.1
1997.5644 -18.5929 -14.1031 -0.5 2.8 2.1 5.6
1997.5671 -63.7889 22.7648 167.3 88.2 58.8 86.4
1998.5479 -20.5224 -43.0866 -31.1 11.4 4.3 11.5
2000.6685 -64.4321 -148.249 -84.5 1.6 1.1 3.3
2000.6712 -68.1741 -152.58 -109.5 1.5 1.0 3.1
2000.6740 532.237 -730.584 -423.2 5.6 3.5 7.8
2000.6767 568.487 -730.584 -377.3 5.3 3.1 7.5
2000.6795 544.691 -766.009 -382.6 8.1 6.5 12.1
2000.6822 623.506 -770.228 -427 19.3 9.9 15.8
2000.6904 450.44 -731.695 -450.4 14.1 13.3 27.2
2000.6932 649.466 -765.009 -253.6 30.7 16.0 28.5
2000.6986 466.986 -749.463 -418.5 12.2 13.5 27.0
