1997.5671 0 0 0 125.6 70.2 93.9
1997.5699 -112.914 9.32803 -32.8 2.8 1.7 6.9
1997.5726 -116.832 2.99829 -20.8 2.5 1.7 6.7
1997.5753 -124.492 0.888383 -10.5 2.6 1.6 6.5
1997.5781 -130.924 6.77392 -22 2.6 1.8 6.6
1997.5808 -118.411 3.22039 -11 4.0 2.5 9.2
1997.5836 -64.4972 0.999431 38.6 75.6 15.4 81.0
1997.5863 -435.576 56.4124 -97.6 197.9 39.8 72.2
1997.5890 -91.8048 14.9915 -188.9 165.2 51.6 116.3
1997.5945 -123.966 -2.22096 -11.6 15.9 7.7 16.5
1997.6055 -176.3 87.1726 228.7 237.0 19.0 268.3
2000.6685 -106.54 -84.1744 -32.7 3.1 1.7 7.2
2000.6712 -117.241 -81.8423 -54.1 2.9 1.6 6.7
2000.6740 -115.779 -80.8429 -43.6 3.8 2.5 10.2
