2017.7014 0 0 0 1.5 1.1 3.4
2017.7041 3.01567 1.22111 -9.4 1.8 1.2 3.5
2017.7068 0.510344 0.555049 6.2 2.1 1.4 4.1
2017.7096 0.927898 -0.666058 6.9 2.2 1.4 4.0
2017.7123 4.26834 2.55322 0.3 1.9 1.2 3.4
2017.7151 1.71661 -0.222019 -2.8 1.7 1.1 3.4
2017.7178 -3.61881 0.666059 3.4 1.4 0.9 2.7
2017.7205 2.13417 0 -3.9 1.6 1.1 3.3
2017.7233 -2.18056 0 -1 1.4 0.9 2.9
2017.7260 0.324764 0.666059 3.1 1.3 0.9 2.8
2017.7288 -1.15987 3.4413 -4.9 1.4 0.9 3.0
2017.7315 -3.38683 1.22111 -0.3 1.3 0.9 2.8
2017.7342 -1.11348 0.666059 2.7 1.3 0.9 2.7
2017.7370 -2.7837 2.10919 -1.8 1.3 0.9 2.8
2017.7397 0.46395 2.88626 4.6 1.7 1.2 3.4
2017.7425 -3.24765 -0.777068 2 2.0 1.4 3.9
2017.7452 -4.12915 0.999088 -4.4 1.6 1.1 3.1
2017.7479 -3.57241 2.44222 -8.7 1.5 1.0 3.0
2017.7507 -1.8558 0.77707 -3.2 1.4 1.0 3.1
2017.7534 -2.41254 0.333031 3.5 1.4 1.0 2.9
2017.7562 -4.03636 1.44313 -0.3 1.5 1.0 3.0
2017.7589 -1.62382 1.99818 -8.9 1.2 0.9 2.7
2017.7616 -2.27335 1.22111 5.2 1.1 0.9 2.7
2017.7644 -1.90219 0.999088 3.8 1.3 0.9 2.9
2017.7671 -4.54671 2.33121 3.3 1.3 0.9 2.9
2017.7699 -0.788714 0.888078 -1.4 1.3 0.9 2.7
2017.7726 -2.04138 0.333031 -1 1.2 0.9 2.6
2017.7753 -7.23761 2.2202 -2.2 1.3 0.9 2.8
2017.7781 -7.23761 1.55414 -3.3 1.8 1.2 3.3
2017.7808 -2.59812 0.999088 -4.5 1.9 1.3 3.8
2017.7836 -1.67022 0.22202 -0.8 2.2 1.4 3.8
2017.7863 -1.02069 2.66423 5.4 2.0 1.3 3.8
2017.7890 -1.48464 3.10827 3.1 1.9 1.3 3.8
2017.7918 -3.85078 1.1101 4 1.4 1.0 2.9
2017.7945 -3.61881 0.77707 7.3 1.3 0.9 2.8
2017.7973 -3.20125 0.666059 6.5 1.3 1.0 2.9
2017.8000 -1.8558 1.66515 4.6 1.5 1.1 3.2
2017.8027 -2.7373 -0.222019 4 1.5 1.0 3.1
2017.8055 -4.50031 2.10919 4.9 1.3 0.9 2.8
2017.8082 -1.71661 -0.444039 0.2 1.2 0.9 2.8
2017.8110 -2.69091 0.77707 -3.3 1.2 0.9 2.8
2017.8137 -6.54169 1.1101 0.6 1.4 1.1 3.2
2017.8164 -5.4746 -0.666058 1.9 1.5 1.1 3.2
2017.8192 -4.68589 1.55414 4.4 1.6 1.1 3.3
2017.8219 -3.61881 0.888078 1.8 1.3 1.0 2.8
2017.8247 -5.521 -1.99818 6.9 1.3 0.9 2.9
2017.8274 -1.90219 -0.333029 -1.7 1.2 0.9 2.8
2017.8301 -3.98997 0.444039 -2.4 1.2 0.9 2.8
2017.8329 -4.68589 0.888078 1.1 1.3 0.9 2.9
2017.8356 -5.19624 0.666059 -5.5 1.1 0.9 2.7
2017.8384 -3.34044 -1.1101 -1.2 1.5 1.0 3.1
2017.8411 -4.73229 -1.1101 -4.2 1.4 1.0 3.1
2017.8438 -4.12915 -1.22111 -4.4 1.2 0.9 2.8
2017.8466 -7.3768 -0.999087 2.2 1.2 0.9 2.7
2017.8493 -6.68087 0.888078 -4.6 1.2 0.9 2.7
2017.8521 -2.41254 1.22111 -2.6 1.8 1.5 3.6
2017.8548 -0.55674 -0.888078 8.7 2.4 1.5 4.2
2017.8575 -3.52602 -0.333029 8.8 1.6 1.1 3.3
2017.8603 -4.22194 -0.222019 5.1 1.6 1.2 3.3
2017.8630 -4.82508 -0.111009 -1.9 1.4 1.0 2.9
2017.8658 -4.54671 0.77707 -2.8 1.2 0.9 2.7
2017.8685 -3.6652 1.33212 3.6 1.2 1.0 2.8
2017.8712 -6.30971 0.666059 2 1.7 1.2 3.1
2017.8740 -3.7116 0.333031 -3.1 1.4 1.0 3.0
2017.8767 -7.28401 0.11101 0.5 1.5 1.1 3.0
2017.8795 -2.18056 0.333031 2.9 1.3 1.0 2.8
2017.8822 -1.71661 -0.444039 -1.1 1.4 1.0 2.9
2017.8849 -2.22696 0.999088 -2.4 1.2 0.9 2.8
2017.8877 -3.43323 0.333031 1.7 1.1 0.9 2.7
2017.8904 -2.27335 0.333031 1 1.7 1.1 3.2
2017.8932 -5.84576 -0.222019 3.3 1.5 1.0 2.8
2017.8959 -1.34545 -1.1101 7.7 1.3 0.9 2.8
2017.8986 -1.43824 0.77707 2.8 1.4 0.9 2.9
2017.9014 -6.58808 -0.888078 6.5 1.3 0.9 2.8
2017.9041 -4.31473 0.888078 6.2 1.1 0.9 2.6
2017.9068 -5.42821 0.22202 6.1 1.2 0.9 2.7
2017.9096 -2.96928 0.555049 7.6 1.4 1.0 3.1
2017.9123 -3.6652 -1.1101 6.9 1.2 0.9 2.8
2017.9151 -6.12413 -0.666058 8.1 1.5 1.0 3.0
2017.9178 -4.77868 -2.3312 12.2 1.3 0.9 2.7
2017.9205 -5.89216 -1.22111 4.8 1.1 0.8 2.7
2017.9233 -6.54169 -1.1101 2.9 1.2 0.9 2.7
2017.9260 -3.94357 -3.77433 4.6 1.4 1.0 2.9
2017.9288 -1.8094 -1.77616 11 2.2 1.3 3.7
2017.9315 -6.68087 -3.4413 3.8 1.4 1.0 2.9
2017.9342 -1.67022 -3.33029 5.7 1.3 0.9 2.7
2017.9370 -7.3768 -2.10919 9.4 1.2 0.9 2.7
2017.9452 -4.87147 -4.32938 11.2 1.4 1.0 3.1
2017.9479 -6.26332 -2.3312 8.7 1.4 1.0 3.0
2017.9507 -6.82006 -2.10919 5.7 1.2 0.9 2.8
2017.9534 -5.70658 -1.66515 5.6 1.2 0.9 2.7
2017.9562 -6.77366 -2.3312 9 1.2 0.9 2.7
2017.9589 -5.28903 -3.33029 10.3 1.2 0.9 2.7
2017.9616 -6.86645 -2.3312 11.4 1.7 1.2 3.4
2017.9644 -14.1505 -3.4413 5.6 1.4 1.0 2.9
2017.9671 -6.17053 -3.77433 4.2 1.2 0.9 2.7
2017.9699 -9.1862 -4.5514 9.8 1.4 1.0 2.9
2017.9726 -7.46959 -1.22111 3.7 1.2 0.9 2.8
2017.9753 -6.54169 -4.66241 4.1 1.2 0.8 2.7
2017.9781 -8.95423 -2.3312 2.3 1.3 1.0 2.9
2017.9808 -4.91787 -2.55322 0 1.4 1.0 3.0
2017.9836 -4.54671 -2.55322 3 1.2 0.9 2.7
2017.9863 -6.82006 -2.3312 -2.5 1.3 0.9 2.8
2017.9890 -10.7172 -1.88717 -0.7 1.2 0.9 2.7
2017.9918 -4.82508 -2.88625 -0.2 1.2 0.9 2.8
2017.9945 -7.74796 -3.33029 0.2 1.2 0.9 2.7
2017.9973 -6.12413 -2.88625 0.8 1.2 0.8 2.7
2018.0000 -6.4489 -2.55322 1.7 1.1 0.9 2.7
2018.0027 -7.28401 -2.88625 -3.9 1.4 1.0 3.0
2018.0055 -7.65517 -1.88717 3.3 1.2 0.9 2.7
2018.0082 -7.09843 -3.55231 7.6 1.2 0.9 2.8
2018.0110 -7.79435 -2.99726 3.3 1.2 0.9 2.8
2018.0137 -6.95924 -3.55231 5.2 1.2 0.9 2.7
2018.0164 -6.72727 -1.55414 -0.9 1.2 0.9 2.7
2018.0192 -7.3768 -1.1101 3.1 1.1 0.8 2.6
2018.0219 -7.93354 -0.777068 4.6 1.4 1.0 3.0
2018.0247 -7.79435 0.22202 -2.3 1.3 1.0 2.9
2018.0274 -7.46959 -2.44221 -0.6 1.2 0.9 2.7
2018.0301 -7.60877 -3.33029 2.2 1.2 0.9 2.7
2018.0329 -7.46959 -3.10827 7.1 1.2 1.0 2.9
2018.0356 -4.91787 -3.10827 5.8 1.3 1.0 3.0
2018.0384 -10.6244 -3.66332 11.4 1.3 1.0 2.8
2018.0411 -10.0677 -1.99818 7.2 1.2 1.0 2.8
2018.0438 -6.17053 -3.4413 9.6 1.2 0.9 2.8
2018.0466 -5.79937 -1.77616 7.6 1.2 0.8 2.7
2018.0493 -2.50533 -4.10736 -2.8 1.1 0.8 2.7
2018.0521 -4.08276 -2.44221 -6.1 1.3 1.0 2.9
2018.0548 -8.39749 -2.77524 -6.2 1.2 0.9 2.9
2018.0575 -9.92852 -3.10827 -7.5 1.4 1.0 2.9
2018.0603 -4.91787 -2.99726 -1.5 1.3 0.9 2.9
2018.0630 -6.21692 -2.99726 -2.1 1.2 0.9 2.7
2018.0658 -7.97993 -3.66332 -5.7 1.3 0.9 2.7
2018.0685 -5.66019 -3.77433 -4.2 1.5 1.1 3.0
2018.0712 -8.49028 -2.99726 -8.5 1.3 0.9 2.8
2018.0740 -8.35109 -3.77433 -2.2 1.2 0.9 2.8
2018.0767 -7.70156 -3.99635 -8.6 1.3 0.9 2.8
2018.0795 -8.44388 -3.21928 -2.3 1.3 0.9 2.8
2018.0822 -6.54169 -4.32938 -2.9 1.3 0.9 2.8
2018.0849 -6.30971 -4.44039 -6.2 1.3 0.9 2.9
2018.0877 -10.578 -4.99544 -5.9 1.3 0.9 2.8
2018.0904 -11.042 -5.32847 4.7 1.3 0.9 2.7
2018.0932 -10.7172 -4.32938 1.8 1.2 0.9 2.8
2018.0959 -14.0577 -7.43765 16.4 1.2 0.9 2.7
2018.0986 -11.6451 -2.77524 6.1 1.4 1.0 2.9
2018.1014 -13.3617 -4.10736 3.9 1.3 0.9 2.8
2018.1041 -12.573 -2.99726 7.4 1.2 0.9 2.7
2018.1068 -11.5523 -4.21837 8.2 1.2 0.9 2.8
2018.1096 -12.805 -4.44039 14.7 1.2 0.9 2.8
2018.1123 -10.7172 -4.88443 13.8 1.3 0.9 2.9
2018.1151 -12.7586 -3.66332 4 1.2 0.9 2.7
2018.1178 -12.573 -4.66241 12.2 1.2 0.9 2.8
2018.1205 -12.7122 -3.4413 11.1 1.2 0.9 2.7
2018.1233 -12.7586 -4.66241 4.8 1.2 0.9 2.8
2018.1260 -14.336 -5.21746 10.9 1.5 1.1 3.1
2018.1288 -16.795 -3.77433 -1.5 1.3 0.9 2.8
2018.1315 -12.9442 -2.55322 -1.4 1.5 1.1 3.3
2018.1342 -12.7586 -3.99635 8.1 1.4 1.1 3.1
2018.1370 -14.6144 -4.44039 10.6 1.5 1.0 3.1
2018.1397 -14.4288 -4.5514 12.1 1.2 0.9 2.8
2018.1425 -11.6915 -3.21928 6.8 1.2 0.9 2.8
2018.1452 -9.2326 -4.10736 12.6 1.3 1.0 2.9
2018.1479 -10.2533 -5.43948 9.9 1.5 1.1 3.3
2018.1507 -9.32539 -5.10645 10.7 1.4 1.0 3.0
2018.1534 -11.6451 -2.2202 9.3 1.2 0.9 2.7
2018.1562 -9.92852 -3.21928 6.4 1.3 1.0 2.8
2018.1589 -12.9906 -5.77251 14.4 1.6 1.3 3.4
2018.1616 -9.65015 -2.10919 9 1.3 0.9 2.8
2018.1644 -10.3461 -3.88534 -2.1 1.4 1.0 2.9
2018.1671 -11.3204 -5.55049 -2.3 1.2 0.9 2.8
2018.1699 -10.6244 -4.21837 0.9 1.3 1.0 2.8
2018.1726 -8.39749 -4.44039 12.1 1.3 1.0 2.8
2018.1753 -10.4853 -5.32847 6.3 1.2 0.9 2.7
2018.1781 -10.2997 -3.33029 7.2 1.2 0.9 2.8
2018.1808 -8.72225 -5.32847 9.8 1.2 0.9 2.7
2018.1836 -10.2997 -3.4413 8.3 1.2 0.9 2.8
2018.1863 -10.9028 -2.44221 14.6 1.2 0.9 2.8
2018.1890 -10.3925 -4.88443 11.5 1.5 1.2 3.4
2018.1918 -10.2997 -3.55231 2.6 1.2 0.9 2.8
2018.1945 -7.56238 -4.5514 5 1.2 0.9 2.7
2018.1973 -11.4596 -4.44039 5.7 1.3 0.9 2.8
2018.2000 -10.0213 -2.88625 7.2 1.5 1.0 3.0
2018.2027 -8.11912 -4.32938 7.5 1.7 1.3 3.3
2018.2055 -10.5317 -2.88625 -1.1 1.7 1.3 3.3
2018.2082 -11.6915 -4.88443 3.4 1.4 1.0 3.0
2018.2110 -10.5317 -4.66241 1.3 1.6 1.1 3.1
2018.2137 -13.6401 -6.43857 9.3 1.4 1.1 3.1
2018.2164 -11.1812 -4.10736 6.4 1.2 0.9 2.8
2018.2192 -9.1862 -3.99635 -6 1.2 0.9 2.7
2018.2219 -9.92852 -4.10736 -4.6 1.2 0.8 2.7
2018.2247 -11.5987 -4.88443 1.9 1.3 1.0 2.8
2018.2274 -12.573 -5.43948 6.6 1.5 1.0 3.0
2018.2301 -12.573 -6.32756 1.3 1.5 1.1 3.1
2018.2329 -13.6401 -6.7716 5.7 1.4 1.1 3.1
2018.2356 -15.4495 -5.77251 8.5 1.4 1.1 3.1
2018.2384 -9.74294 -5.6615 -3.3 1.2 0.9 2.6
2018.2411 -12.7122 -6.7716 2.6 1.2 0.9 2.7
2018.2438 -13.9649 -6.32756 -1 1.2 0.9 2.8
2018.2466 -14.1969 -6.43857 3.7 1.2 0.9 2.7
2018.2493 -13.9185 -6.21655 0.5 1.2 0.9 2.8
2018.2521 -15.3103 -6.88261 1.9 1.2 0.9 2.7
2018.2548 -13.3617 -7.21563 -2.6 1.2 0.9 2.7
2018.2575 -16.3774 -7.65967 0.9 1.3 1.0 2.9
2018.2603 -16.3774 -5.43948 0.3 1.3 1.0 2.9
2018.2630 -12.6194 -7.10462 7.5 1.2 0.9 2.7
2018.2658 -15.5423 -6.10554 6.1 1.2 0.9 2.7
2018.2685 -16.0063 -6.32756 7.5 1.1 0.9 2.6
2018.2712 -14.6608 -5.99453 7.9 1.4 1.1 3.0
2018.2740 -14.4752 -9.21381 13.7 1.7 1.3 3.4
2018.2767 -17.2125 -6.54958 6.4 1.3 1.1 3.1
2018.2795 -15.9599 -6.7716 12.8 1.3 0.9 2.9
2018.2822 -13.037 -7.88169 7.7 1.5 1.2 3.3
2018.2849 -13.8257 -7.21563 12.3 1.2 0.9 2.7
2018.2877 -14.5216 -7.43765 6.9 1.3 1.1 2.9
2018.2904 -15.7279 -6.66059 3.8 1.3 1.0 3.0
2018.2932 -20.6921 -6.32756 13.1 1.2 0.9 2.9
2018.2959 -15.2639 -7.21563 8.2 1.3 1.1 3.2
2018.2986 -15.3103 -6.88261 11.5 1.2 0.9 2.7
2018.3014 -12.1555 -8.32573 17.2 2.0 1.3 3.8
2018.3041 -14.6144 -8.10371 5.8 1.4 1.0 3.0
2018.3068 -14.7072 -8.21472 4.5 1.2 0.9 2.9
2018.3096 -14.568 -8.65876 8.5 1.2 0.9 2.7
2018.3123 -15.9135 -8.43674 12.4 1.2 0.9 2.9
2018.3151 -11.7843 -9.87987 9 1.3 1.1 3.0
2018.3178 -14.0577 -8.65876 14.8 1.2 0.9 2.8
2018.3205 -10.9492 -8.76977 11.1 1.2 0.9 2.8
2018.3233 -15.3103 -6.88261 17.2 1.2 0.9 2.8
2018.3260 -14.6144 -7.43765 6.8 1.2 0.9 2.8
2018.3288 -13.5937 -6.54958 6.6 1.1 0.9 2.7
2018.3315 -16.8414 -6.32756 4.2 1.2 0.9 2.8
2018.3342 -11.9699 -9.87987 16 1.3 1.0 3.0
2018.3370 -12.4802 -8.10371 9.4 1.2 0.9 2.9
2018.3397 -13.0834 -6.66059 9.7 1.2 0.9 2.9
2018.3425 -13.9649 -7.54866 6.3 1.6 1.1 3.1
2018.3452 -12.5266 -6.99362 11 1.6 1.3 3.5
2018.3479 -9.92852 -10.99 10.6 1.6 1.2 3.3
2018.3507 -12.0627 -9.1028 4.3 1.4 1.1 3.0
2018.3534 -14.0113 -8.76977 12.1 1.5 1.2 3.3
2018.3562 -13.5473 -9.65785 8.6 1.7 1.2 3.3
2018.3589 -14.1969 -8.32573 -0.4 1.5 1.1 3.2
2018.3616 -13.7329 -10.5459 6.2 1.4 1.1 3.1
2018.3644 -14.9856 -10.5459 6.9 1.4 1.1 3.1
2018.3671 -13.269 -7.32664 8.8 1.2 0.9 2.8
2018.3699 -11.2276 -7.9927 3.8 1.2 0.9 2.7
2018.3726 -13.9649 -8.54775 -0.6 1.1 0.9 2.6
2018.3753 -16.7022 -7.43765 -2.1 1.6 1.0 3.0
2018.3781 -13.5473 -8.21472 8.6 1.3 1.0 2.9
2018.3808 -12.805 -6.88261 4 1.1 0.9 2.7
2018.3836 -12.0627 -7.65967 7 1.2 1.0 2.8
2018.3863 -13.6865 -8.88078 8.4 1.2 0.9 2.8
2018.3890 -10.3925 -9.43583 3.1 1.2 1.0 2.9
2018.3918 -13.3617 -10.5459 12.8 1.2 1.0 2.9
2018.3945 -13.5937 -8.21472 7.9 1.2 0.9 2.8
2018.3973 -12.2019 -8.21472 -0.1 1.2 1.0 2.9
2018.4000 -12.8978 -5.6615 3.4 1.1 0.9 2.7
2018.4027 -11.3668 -9.21381 2.1 1.2 0.9 2.8
2018.4055 -9.88212 -8.99179 11.8 1.3 1.0 2.9
2018.4082 -13.7793 -9.54684 0.2 1.1 0.9 2.7
2018.4110 -11.4132 -7.43765 5.9 1.2 0.9 2.7
2018.4137 -13.6401 -8.21472 7.2 1.2 0.9 2.8
2018.4164 -10.4389 -11.656 13.7 1.8 1.2 3.5
2018.4192 -14.1041 -9.99088 3.1 1.5 1.1 3.2
2018.4247 -15.1248 -8.43674 3.2 1.2 0.9 2.8
2018.4274 -12.4338 -8.88078 10.8 1.3 1.0 2.9
2018.4301 -9.74294 -6.99362 4.8 1.1 0.8 2.7
2018.4329 -12.8978 -7.43765 2.6 1.3 1.0 3.0
2018.4356 -10.3925 -8.43674 9.5 1.3 0.9 2.8
2018.4384 -11.6915 -10.5459 14.1 1.2 0.9 2.8
2018.4411 -13.5473 -9.21381 11.8 1.1 0.9 2.7
2018.4438 -9.32539 -7.21563 6 1.2 0.9 2.8
2018.4466 -15.4031 -8.76977 5 1.1 0.9 2.7
2018.4493 -14.1505 -7.43765 7 1.2 0.9 2.7
2018.4521 -11.7843 -8.32573 3.2 1.3 0.9 2.8
2018.4548 -11.6451 -9.21381 6.9 1.2 0.9 2.7
2018.4575 -14.1969 -8.65876 8.5 1.1 0.9 2.7
2018.4603 -13.5473 -9.87987 7.6 1.3 1.0 2.9
2018.4630 -12.0163 -8.32573 3.3 1.4 1.1 3.1
2018.4658 -10.9956 -9.54684 7 1.3 1.0 3.0
2018.4712 -8.76865 -10.4349 0.7 1.2 0.9 2.8
2018.4740 -13.1762 -8.10371 5.6 1.2 0.9 2.8
2018.4767 -10.81 -5.55049 -7.9 1.8 1.2 3.4
2018.4795 -12.3875 -9.76886 6.1 1.2 1.0 2.9
2018.4822 -11.5059 -8.65876 6.8 1.5 1.0 2.9
2018.4849 -17.1661 -10.6569 2.1 2.0 1.1 3.4
2018.4877 -18.1404 -10.99 -4.1 1.4 1.0 2.9
2018.4904 -15.2639 -9.76886 -1 1.2 0.9 2.7
2018.4932 -13.7329 -8.99179 -2.8 1.2 0.9 2.7
2018.4959 -13.1298 -10.1019 6 1.2 0.9 2.8
2018.4986 -14.4752 -8.43674 9.5 1.2 0.9 2.7
2018.5014 -14.9392 -9.54684 0 1.1 0.9 2.7
2018.5041 -17.5373 -8.54775 -5.5 1.1 0.8 2.7
2018.5068 -13.7793 -10.3239 -1 1.2 1.0 2.9
2018.5096 -16.7486 -7.88169 4.6 1.6 1.0 3.0
2018.5123 -11.4596 -9.32482 1.5 1.3 0.9 2.8
2018.5151 -14.1505 -9.21381 5.4 1.2 1.0 2.9
2018.5178 -15.1248 -10.6569 5.2 1.3 1.0 2.8
2018.5205 -14.8 -9.54684 -2 1.2 0.9 2.7
2018.5233 -12.5266 -12.6551 2.2 1.4 1.0 2.9
2018.5260 -13.8721 -9.1028 3.2 1.3 0.9 2.9
2018.5288 -17.6301 -8.76977 3.9 1.2 0.9 2.8
2018.5315 -19.2075 -10.879 0.9 1.3 1.0 2.9
2018.5342 -12.9442 -12.4331 1.6 1.5 1.0 2.9
2018.5370 -15.0784 -9.87987 4.5 1.4 1.0 2.9
2018.5397 -11.1812 -9.87987 4.7 1.5 1.0 3.0
2018.5425 -15.8207 -10.7679 7 1.3 0.9 2.9
2018.5452 -13.1762 -10.879 4.1 1.2 0.9 2.7
2018.5479 -14.1969 -10.4349 3.5 1.3 0.9 2.7
2018.5507 -15.5887 -10.4349 -2.9 1.4 0.9 2.8
2018.5534 -13.6401 -9.76886 -1.4 1.6 1.1 3.3
2018.5562 -14.336 -10.99 0.8 1.3 1.0 2.9
2018.5589 -13.0834 -10.4349 5.3 1.3 0.9 2.8
2018.5616 -12.8514 -13.3212 4.7 1.4 1.0 2.9
2018.5644 -11.9699 -12.2111 -2.7 1.5 1.1 3.2
2018.5671 -13.3154 -10.2129 -1.6 1.2 0.9 2.8
2018.5699 -16.9342 -8.10371 4.4 1.1 0.8 2.6
2018.5726 -17.4909 -11.656 -1.5 1.3 0.9 2.8
2018.5753 -15.9599 -12.2111 -1.2 1.5 1.0 3.0
2018.5781 -13.9649 -10.4349 -0.1 1.2 0.9 2.7
2018.5808 -15.5423 -11.9891 2.2 1.2 0.9 2.8
2018.5836 -15.5887 -9.87987 -1 1.3 0.9 2.8
2018.5863 -20.2282 -11.878 -5.1 1.4 1.0 3.0
2018.5890 -14.1969 -10.879 3.8 1.4 0.9 2.9
2018.5918 -13.8257 -11.212 6.2 1.4 0.9 2.9
2018.5945 -16.3774 -11.878 8.9 1.4 0.9 2.9
2018.5973 -17.1197 -13.5432 7.2 1.3 0.9 2.8
2018.6000 -12.1091 -7.88169 9.5 1.3 1.0 2.9
2018.6027 -18.5116 -11.545 0.7 1.3 0.9 2.8
2018.6055 -18.2332 -15.3193 -1.3 1.3 0.9 2.8
2018.6082 -17.4909 -12.1001 2.3 1.2 0.9 2.7
2018.6110 -16.2846 -13.6542 0 1.4 1.0 2.9
2018.6137 -14.3824 -11.101 1.1 1.2 0.9 2.7
2018.6164 -16.3774 -12.6551 2.3 1.5 0.9 2.9
2018.6192 -13.4545 -10.99 4.1 1.3 0.9 2.7
2018.6219 -12.9906 -12.9881 2.8 1.7 1.1 3.3
2018.6247 -10.1141 -14.6533 5.8 1.7 1.2 3.5
2018.6274 -14.7072 -11.101 0.5 1.6 1.1 3.4
2018.6301 -18.2796 -11.656 2 1.6 1.1 3.1
2018.6329 -17.6765 -13.4322 3.7 1.3 1.0 2.8
2018.6356 -19.7643 -15.2083 -0.5 1.4 1.0 3.1
2018.6384 -17.3053 -10.6569 -0.4 1.3 0.9 2.8
2018.6411 -16.099 -15.2083 9.9 1.4 1.0 3.0
2018.6438 -15.032 -12.5441 -1.8 1.3 1.0 3.0
2018.6466 -14.9856 -12.2111 6.2 1.4 0.9 2.8
2018.6493 -16.4238 -13.3212 6.9 1.2 0.9 2.7
2018.6521 -14.4288 -15.0973 -3.7 2.2 1.5 4.2
2018.6548 -16.1454 -14.2093 4.3 1.7 1.2 3.3
2018.6575 -18.9291 -14.0982 2.2 1.6 1.1 3.0
2018.6603 -17.1197 -14.4313 1.1 1.3 0.9 2.9
2018.6630 -17.0733 -13.5432 4.6 1.3 0.9 2.8
2018.6658 -16.7486 -15.5414 9.7 1.2 0.9 2.7
2018.6685 -18.2332 -13.2102 3.8 1.1 0.9 2.6
2018.6712 -16.795 -13.6542 4.1 1.2 0.9 2.7
2018.6740 -18.326 -12.5441 -1 1.3 0.9 2.7
2018.6767 -16.6094 -12.7661 4 1.4 1.0 2.9
2018.6795 -18.7436 -13.7652 -3.6 1.6 1.2 3.3
2018.6822 -15.9599 -14.8753 3.8 1.4 0.9 2.9
2018.6849 -14.1969 -15.5414 2.7 1.3 0.9 2.8
2018.6877 -20.2282 -12.5441 2.7 1.2 0.9 2.7
2018.6904 -19.1147 -15.7634 3.1 1.3 0.9 2.7
2018.6932 -15.3103 -13.0992 0.8 1.6 1.2 3.4
2018.6959 -15.9599 -11.9891 -4.8 1.7 1.2 3.3
2018.6986 -18.558 -14.4313 -3.9 1.4 0.9 2.9
2018.7014 -17.9085 -12.8771 6.3 1.8 1.2 3.4
2018.7041 -16.8878 -14.9863 -3.5 1.6 1.1 3.2
2018.7068 -15.2175 -14.4313 -7.5 1.4 1.0 2.9
2018.7096 -16.3774 -14.2093 -4.4 1.3 0.9 2.8
2018.7123 -19.3003 -14.3203 -2.9 1.4 1.0 2.9
2018.7151 -18.7436 -15.0973 -4 1.3 1.0 2.9
2018.7178 -19.3467 -13.6542 -1.7 1.3 0.9 2.8
2018.7205 -20.0426 -14.8753 2.4 1.2 0.9 2.8
2018.7233 -18.7436 -13.2102 3.5 1.2 0.9 2.8
2018.7260 -18.6044 -13.7652 3.9 1.8 1.3 3.9
2018.7288 -15.4495 -15.3193 3 1.8 1.2 3.6
2018.7315 -15.7279 -12.4331 5.1 1.3 1.0 2.8
2018.7342 -17.0733 -15.6524 5 1.3 1.0 2.9
2018.7370 -20.8313 -12.6551 -0.5 1.5 1.0 3.0
2018.7397 -21.7128 -14.5423 0.1 1.3 0.9 2.8
2018.7425 -19.4859 -15.8744 -0.6 1.4 1.0 2.8
2018.7452 -19.6251 -14.0982 -1.3 1.4 1.1 3.0
2018.7479 -17.5373 -13.5432 -2.3 1.3 0.9 2.8
2018.7507 -16.0527 -16.8735 0 1.4 1.0 2.9
2018.7534 -20.6458 -13.8762 4.8 1.2 0.9 2.8
2018.7562 -20.7385 -13.8762 5.4 1.2 0.9 2.7
2018.7589 -18.1868 -13.7652 2.6 1.2 0.9 2.8
2018.7616 -19.2539 -14.5423 2.5 1.5 1.0 2.9
2018.7644 -19.3467 -13.7652 -1.2 1.3 0.9 2.8
2018.7671 -20.321 -12.3221 -1.1 1.6 1.2 3.3
2018.7699 -19.4395 -14.5423 -4.8 1.8 1.2 3.6
2018.7726 -23.1975 -14.6533 -6.1 1.6 1.1 3.2
2018.7753 -22.8727 -15.5414 -4.4 1.5 1.2 3.3
2018.7781 -17.3053 -13.8762 2.7 1.4 1.0 3.1
2018.7808 -19.5323 -13.0992 5.6 1.3 1.0 2.9
2018.7836 -20.2746 -11.878 1.2 1.4 1.0 3.0
2018.7863 -19.6251 -14.4313 3.7 1.3 0.9 2.8
2018.7890 -19.8106 -13.9872 4.1 1.3 1.0 2.8
2018.7918 -20.089 -13.9872 3.3 1.3 1.0 2.9
2018.7945 -19.9034 -15.7634 4.3 1.2 0.9 2.8
2018.7973 -19.7643 -11.767 2.4 1.2 0.9 2.8
2018.8000 -18.4188 -13.6542 1.3 1.1 0.9 2.7
2018.8027 -17.3517 -14.7643 1.3 1.2 0.9 2.7
2018.8055 -19.6251 -15.5414 6 1.2 1.0 2.9
2018.8082 -18.2796 -13.0992 1.4 1.3 1.0 2.9
2018.8110 -19.5787 -14.4313 2.2 1.2 0.9 2.8
2018.8137 -21.2489 -13.4322 4.2 1.4 1.1 3.0
2018.8164 -20.0426 -15.7634 5.3 1.2 0.9 2.8
2018.8192 -19.1611 -15.7634 6.4 1.2 0.9 2.8
2018.8219 -20.1818 -16.2074 2.5 1.3 1.0 2.9
2018.8247 -18.6508 -14.6533 2.2 1.2 0.9 2.7
2018.8274 -21.0169 -15.2083 7.5 1.2 0.9 2.8
2018.8301 -21.62 -13.9872 0.9 1.1 0.9 2.7
2018.8329 -22.316 -15.4304 0.9 1.2 0.9 2.7
2018.8356 -20.5994 -14.7643 -0.7 1.3 1.0 2.9
2018.8384 -19.4859 -16.5405 5.4 1.2 0.9 2.7
2018.8411 -20.2282 -13.6542 -0.2 1.1 0.8 2.7
2018.8438 -21.7592 -14.3203 2.2 1.3 1.0 2.9
2018.8466 -22.7799 -12.4331 -3.5 1.8 1.2 3.5
2018.8493 -23.9862 -15.6524 -0.6 1.3 1.0 2.8
2018.8521 -20.7849 -16.4294 -0.4 1.3 1.0 2.9
2018.8548 -20.321 -14.5423 -1.9 1.2 0.9 2.8
2018.8575 -21.4345 -12.3221 -1.4 1.2 0.9 2.8
2018.8603 -22.8263 -13.2102 -0.7 1.3 1.0 3.0
2018.8630 -23.1047 -15.8744 -2.6 1.2 0.9 2.7
2018.8658 -21.6664 -14.0982 2.7 1.4 1.0 3.0
2018.8685 -17.3981 -14.9863 4.1 1.1 0.9 2.7
2018.8712 -19.5787 -15.7634 2.9 1.2 0.8 2.7
2018.8740 -23.4295 -16.4294 -7.8 1.1 0.8 2.7
2018.8767 -22.6407 -15.6524 -3.1 1.1 0.8 2.6
2018.8795 -22.8263 -16.2074 1.3 1.2 0.9 2.8
2018.8822 -21.4809 -15.5414 7.8 1.2 1.0 2.9
2018.8849 -22.2232 -16.0964 5.8 1.4 1.0 3.0
2018.8877 -21.8056 -13.9872 3.1 1.4 1.0 2.9
2018.8904 -18.7436 -14.7643 4 1.3 0.9 2.9
2018.8932 -18.4188 -14.5423 11.1 1.2 0.9 2.8
2018.8959 -21.2025 -16.7625 6.3 1.2 0.9 2.8
2018.8986 -19.2539 -17.4285 5.3 1.3 0.9 2.8
2018.9014 -19.2539 -15.8744 2.5 1.2 1.0 2.9
2018.9041 -19.9962 -14.3203 4.9 1.1 0.9 2.7
2018.9068 -19.1147 -14.9863 9 1.2 0.9 2.7
2018.9096 -20.9705 -17.8726 9.2 1.2 0.9 2.7
2018.9123 -21.7592 -16.6515 11.5 1.2 0.9 2.7
2018.9151 -21.6664 -15.5414 5.1 1.2 0.9 2.7
2018.9178 -18.1868 -14.8753 1.8 1.2 0.9 2.7
2018.9205 -21.2953 -15.5414 6.9 1.4 1.0 2.9
2018.9233 -22.316 -18.2056 5.6 1.4 1.0 2.9
2018.9260 -21.7128 -18.0946 7.2 1.3 0.9 2.9
2018.9288 -22.1304 -18.2056 10 1.1 0.8 2.6
2018.9315 -23.1975 -16.5405 8.9 1.2 0.9 2.8
2018.9342 -20.7385 -15.6524 12.9 1.3 1.0 2.9
2018.9370 -22.6407 -16.6515 15.2 1.3 0.9 2.8
2018.9397 -23.8934 -17.6506 17.7 1.2 0.9 2.7
2018.9425 -19.857 -18.5386 15.6 1.2 0.9 2.7
2018.9452 -19.7179 -16.0964 15.2 1.2 0.9 2.8
2018.9479 -22.6871 -15.8744 11.4 1.2 0.9 2.7
2018.9507 -21.4809 -15.0973 3.1 1.2 0.9 2.6
2018.9534 -21.1097 -15.5414 11.4 1.2 0.9 2.8
2018.9562 -22.084 -15.6524 8.5 1.2 0.9 2.7
2018.9589 -20.4138 -13.9872 9.4 1.2 0.9 2.7
2018.9616 -19.2539 -16.2074 12.1 1.2 0.9 2.7
2018.9644 -21.6664 -14.4313 5.9 1.3 0.9 2.8
2018.9671 -20.5994 -15.0973 7.4 1.3 1.0 2.9
2018.9699 -19.857 -16.3184 14.9 1.2 0.9 2.8
2018.9726 -19.3467 -15.2083 3.8 1.2 0.9 2.8
2018.9753 -22.4552 -16.4294 6.2 1.1 0.8 2.7
2018.9781 -23.9398 -16.2074 1.3 1.2 0.9 2.7
2018.9808 -23.1975 -15.0973 -0.6 1.1 0.8 2.7
2018.9836 -20.4602 -15.4304 7.5 1.2 0.9 2.8
2018.9863 -19.2539 -15.6524 3.7 1.3 1.0 2.9
2018.9890 -20.3674 -16.0964 4.2 1.2 0.9 2.7
2018.9918 -22.9191 -17.2065 8.1 1.6 1.0 3.1
2018.9945 -23.3367 -16.9845 10.1 1.4 1.0 2.9
2018.9973 -22.084 -18.4276 9.9 1.4 1.0 3.0
2019.0000 -21.9448 -16.0964 15.4 1.4 1.0 3.0
2019.0027 -24.9141 -17.5395 13 1.3 1.0 3.0
2019.0055 -22.2696 -14.9863 11.1 1.2 0.9 2.7
2019.0082 -24.7749 -14.8753 13.3 1.2 0.9 2.8
2019.0110 -20.7385 -15.8744 6.6 1.4 1.0 2.9
2019.0137 -24.0326 -14.9863 7.1 1.4 1.0 2.9
2019.0164 -22.2232 -15.9854 5.7 1.3 0.9 2.8
2019.0192 -23.9398 -16.0964 0.8 1.2 0.9 2.8
2019.0219 -22.7799 -15.5414 1.3 1.2 0.9 2.8
2019.0247 -22.2696 -14.0982 3.4 1.2 0.9 2.7
2019.0274 -24.0326 -15.3193 5 1.2 0.9 2.7
2019.0301 -21.4809 -16.6515 6.4 1.2 0.9 2.8
2019.0329 -23.615 -15.5414 0.5 1.2 0.9 2.7
2019.0356 -28.1617 -18.3166 1.2 1.2 0.9 2.7
2019.0384 -22.7335 -15.6524 5.9 1.2 0.9 2.8
2019.0411 -24.7285 -16.5405 -0.5 1.3 0.9 2.8
2019.0438 -26.8627 -17.7616 6.1 1.3 0.9 2.8
2019.0466 -24.6821 -17.7616 8.3 1.1 0.8 2.6
2019.0493 -27.0019 -16.6515 5 1.2 0.9 2.7
2019.0521 -25.5172 -15.2083 11.7 1.2 0.9 2.7
2019.0548 -26.7699 -15.2083 11.9 1.3 0.9 2.8
2019.0575 -24.6821 -18.0946 9.5 1.2 0.9 2.7
2019.0603 -25.61 -17.7616 13.5 1.2 0.9 2.7
2019.0630 -25.842 -19.3157 9.6 1.4 1.0 3.0
2019.0658 -27.0019 -19.0937 10.5 1.4 1.0 2.9
2019.0685 -25.5172 -16.4294 10.8 1.4 1.0 3.0
2019.0712 -24.7749 -17.3175 16.9 1.3 0.9 2.9
2019.0740 -25.61 -18.4276 8.9 1.3 0.9 2.8
2019.0767 -25.4708 -16.8735 8.8 1.2 0.9 2.7
2019.0795 -25.5172 -18.3166 12.2 1.2 0.9 2.7
2019.0822 -27.5586 -15.2083 9.4 1.2 0.8 2.6
2019.0849 -25.0997 -17.2065 14.8 1.5 1.1 3.2
2019.0904 -24.4965 -18.7607 6.2 1.5 1.1 3.1
2019.0932 -26.5843 -19.3157 6.2 1.5 1.1 3.2
2019.0959 -26.6771 -18.5386 12.4 1.3 0.9 2.8
2019.0986 -24.2646 -16.4294 9.5 1.2 0.9 2.7
2019.1014 -25.7956 -18.7607 13.2 1.3 0.9 2.8
2019.1041 -23.8934 -17.4285 8.6 1.2 0.9 2.7
2019.1068 -27.373 -17.5395 9.6 1.2 0.9 2.8
2019.1096 -26.2131 -17.4285 6.4 1.3 0.9 2.8
2019.1123 -28.4865 -14.6533 17.9 1.2 0.9 2.7
2019.1151 -26.2595 -16.7625 15.7 1.4 1.1 2.9
2019.1178 -27.1874 -18.6496 12.9 1.3 0.9 2.9
2019.1205 -26.074 -16.8735 9.7 1.4 1.1 3.0
2019.1233 -25.378 -16.5405 9.3 1.3 0.9 2.8
2019.1260 -23.6614 -18.4276 9.5 1.2 0.9 2.7
2019.1288 -23.5222 -18.3166 10.9 1.2 0.9 2.7
2019.1315 -26.5379 -19.2047 13.4 1.2 0.9 2.7
2019.1342 -26.6307 -20.5368 15.9 1.3 1.0 2.9
2019.1370 -26.1204 -18.9827 9.8 1.2 0.9 2.7
2019.1397 -23.9398 -17.0955 -2.6 1.2 0.9 2.7
2019.1425 -24.4037 -17.7616 10.6 1.3 1.0 2.8
2019.1452 -27.141 -16.9845 11.1 1.2 0.9 2.7
2019.1479 -26.7699 -18.9827 4.6 1.1 0.9 2.6
2019.1507 -26.2595 -18.6496 5.2 1.2 0.9 2.6
2019.1534 -27.4658 -17.6506 -0.6 1.2 0.9 2.7
2019.1562 -27.2338 -16.2074 6.8 1.2 0.9 2.7
2019.1589 -25.3316 -16.8735 6.1 1.3 1.0 2.8
2019.1616 -24.4501 -15.3193 8.9 1.7 1.2 3.3
2019.1644 -23.5686 -18.3166 4 1.5 1.2 3.2
2019.1671 -23.3367 -19.0937 0.1 1.4 1.1 3.1
2019.1699 -26.8163 -19.5377 -1.9 1.3 1.0 2.8
2019.1726 -26.3987 -18.7607 -0.6 1.5 1.2 3.3
2019.1753 -24.8213 -19.4267 6.4 1.2 0.9 2.7
2019.1781 -22.1304 -18.5386 9.9 1.3 1.0 2.8
2019.1808 -23.5686 -18.7607 5.6 1.2 0.9 2.8
2019.1836 -23.7542 -17.9836 7.5 1.2 0.9 2.8
2019.1863 -26.2595 -19.0937 9 1.2 0.9 2.8
2019.1890 -26.2131 -17.8726 14.9 1.3 1.0 2.9
2019.1918 -24.3574 -18.6496 18.5 1.3 0.9 2.8
2019.1945 -24.8677 -16.7625 8.1 1.4 1.0 3.0
2019.1973 -24.1718 -18.8717 9.8 1.3 1.0 2.8
2019.2000 -25.7028 -17.7616 6.7 1.4 1.0 3.0
2019.2027 -29.0896 -21.9799 11.7 1.3 1.1 3.0
2019.2055 -31.2238 -19.0937 11.2 1.4 1.0 3.0
2019.2082 -26.3523 -20.7588 9.2 1.7 1.5 3.9
2019.2110 -25.1461 -17.9836 13.1 1.1 0.9 2.7
2019.2137 -26.9555 -19.3157 18.3 1.2 1.0 2.7
2019.2164 -29.8784 -19.8707 14.6 1.3 1.0 2.8
2019.2192 -25.7492 -19.2047 7.7 1.2 0.9 2.7
2019.2219 -26.5843 -18.8717 8.9 1.3 0.9 2.9
2019.2247 -27.6514 -17.8726 9 1.2 0.9 2.7
2019.2274 -27.5122 -20.6478 13 1.1 0.9 2.7
2019.2301 -32.7084 -22.0909 15.2 1.2 0.9 2.7
2019.2329 -25.5636 -19.5377 10.5 1.1 0.9 2.7
2019.2356 -28.4865 -19.4267 6.6 1.3 1.0 2.8
2019.2384 -25.9812 -19.4267 11.7 1.3 1.0 2.9
2019.2411 -28.6257 -19.9818 13.7 1.2 0.9 2.8
2019.2438 -27.0019 -21.6469 16.2 1.2 0.9 2.8
2019.2466 -29.2752 -23.201 13.3 1.5 1.2 3.2
2019.2493 -28.3473 -22.757 11 1.4 1.1 3.1
2019.2521 -23.8006 -23.09 8.4 1.2 0.9 2.7
2019.2548 -28.5329 -19.8707 6.5 1.5 1.2 3.3
2019.2575 -30.1567 -20.3148 11.8 1.7 1.2 3.3
2019.2603 -28.9041 -21.0919 15.6 1.4 1.1 3.1
2019.2630 -26.2131 -20.9808 16.3 1.2 1.0 2.8
2019.2658 -26.9555 -19.2047 12.9 1.3 1.0 3.0
2019.2685 -29.0432 -20.2038 11.8 1.4 1.1 3.1
2019.2712 -28.6257 -23.5341 14 1.4 1.1 3.1
2019.2740 -29.2288 -22.646 18.8 2.0 1.5 3.8
2019.2767 -29.5536 -20.9808 12.3 1.3 1.0 2.9
2019.2795 -25.0069 -21.8689 17.5 1.4 1.0 3.1
2019.2822 -28.9505 -19.5377 14.3 1.2 0.9 2.8
2019.2849 -28.6721 -22.313 11.6 1.2 0.9 2.8
2019.2877 -29.5072 -22.757 15.9 1.3 1.0 3.0
2019.2904 -29.0896 -20.8698 16.1 1.3 0.9 2.8
2019.2932 -27.373 -20.3148 10.9 1.2 0.9 2.7
2019.2959 -27.5586 -20.2038 13.9 1.1 0.9 2.6
2019.2986 -28.3473 -20.6478 12.4 1.3 0.9 2.9
2019.3014 -29.1824 -22.535 11.2 1.2 1.0 2.9
2019.3041 -29.0896 -21.0919 14.6 1.3 1.0 2.9
2019.3068 -28.1153 -20.9808 16.6 1.2 0.9 2.8
2019.3096 -25.0069 -20.5368 11.5 1.2 1.0 2.8
2019.3123 -26.074 -21.3139 8 1.3 1.0 3.1
2019.3151 -30.7135 -22.979 7.6 1.3 1.0 3.0
2019.3178 -28.4401 -24.4221 10.6 1.3 1.0 2.9
2019.3205 -29.0896 -21.6469 7.3 1.3 1.1 3.0
2019.3233 -26.9091 -21.8689 4.7 1.2 1.0 2.9
2019.3260 -27.2338 -21.4249 13.6 1.2 1.0 2.8
2019.3288 -30.6207 -22.868 9.8 1.2 0.9 2.8
2019.3315 -28.1617 -22.646 9.6 1.5 1.1 3.0
2019.3342 -25.7956 -22.757 9.5 1.5 1.1 3.3
2019.3370 -26.9091 -21.9799 4.8 1.5 1.0 3.1
2019.3397 -29.1824 -24.6442 9.1 1.4 1.1 3.1
2019.3425 -28.8113 -22.868 11.9 1.2 0.9 2.7
2019.3452 -26.2131 -23.4231 11.3 1.2 1.0 2.8
2019.3479 -28.2545 -23.4231 11.2 1.2 1.0 2.8
2019.3507 -27.0483 -21.4249 5.8 1.1 0.9 2.7
2019.3534 -28.3009 -26.8644 17.4 1.3 1.0 2.9
2019.3562 -28.9505 -22.868 9.9 1.3 1.0 3.0
2019.3589 -24.5429 -22.0909 14.6 2.4 1.5 4.2
2019.3616 -29.0896 -22.202 12.7 1.2 1.0 2.8
2019.3644 -28.4865 -22.868 9.6 1.5 1.1 3.0
2019.3671 -28.9968 -20.8698 1.5 1.9 1.2 3.7
2019.3699 -26.4915 -22.313 6.8 1.1 0.9 2.7
2019.3726 -30.6671 -22.535 4.8 1.3 0.9 2.8
2019.3753 -26.2595 -25.0882 13.9 1.2 1.0 2.8
2019.3781 -28.5793 -22.313 11.1 1.3 1.0 3.0
2019.3808 -29.3216 -20.5368 9.5 1.2 0.9 2.7
2019.3836 -29.8784 -21.3139 9.4 1.2 1.0 2.8
2019.3863 -27.605 -21.4249 14.1 1.2 0.9 2.8
2019.3890 -28.3009 -22.535 6.3 1.3 1.0 2.9
2019.3918 -27.6978 -23.5341 6.3 1.3 1.0 2.9
2019.3945 -27.3266 -21.9799 7.7 1.2 0.9 2.8
2019.3973 -24.5893 -23.3121 10.5 1.2 0.9 2.8
2019.4000 -27.1874 -23.3121 7 1.2 0.9 2.8
2019.4027 -26.3987 -21.6469 8 1.3 1.0 3.1
2019.4055 -29.6928 -20.8698 14.7 1.3 1.0 3.0
2019.4082 -28.1617 -21.0919 5.2 1.5 1.1 3.2
2019.4110 -25.7956 -22.202 10.8 1.4 1.0 3.1
2019.4137 -28.8577 -19.9818 8.9 1.2 1.0 2.8
2019.4164 -25.6564 -22.979 10.4 1.2 0.9 2.8
2019.4192 -26.5379 -22.868 2.4 1.2 0.9 2.8
2019.4219 -31.363 -21.9799 9.7 1.3 0.9 2.7
2019.4247 -28.4401 -24.7552 8.1 1.3 1.0 3.0
2019.4274 -28.9968 -24.3111 8.7 1.2 0.9 2.8
2019.4301 -29.2752 -22.979 3.2 1.3 0.9 2.8
2019.4329 -28.0689 -23.3121 0.5 1.2 1.0 2.9
2019.4356 -29.5072 -24.6442 3.8 1.2 0.9 2.8
2019.4384 -28.6257 -22.868 1.6 1.4 1.0 3.0
2019.4411 -30.3887 -22.202 7 1.1 0.9 2.7
2019.4438 -29.4608 -23.09 6.1 1.2 0.9 2.8
2019.4466 -27.7442 -22.646 10.4 1.2 0.9 2.8
2019.4493 -28.1153 -21.9799 4.8 1.3 1.0 3.0
2019.4521 -26.2595 -21.6469 7.2 1.5 1.0 3.1
2019.4548 -26.7235 -21.7579 8.2 1.4 1.0 3.1
2019.4575 -30.8526 -21.9799 6.3 1.2 0.9 2.8
2019.4603 -28.7185 -22.757 3.3 1.2 0.9 2.9
2019.4630 -29.4608 -22.535 -1.8 1.2 0.9 2.7
2019.4658 -30.1103 -21.8689 -1.8 1.4 1.0 2.9
2019.4685 -33.4972 -25.8653 -0.4 1.4 1.0 3.0
2019.4712 -30.4815 -33.0809 1.2 1.3 0.9 2.8
2019.4740 -31.0382 -21.5359 3.1 1.2 1.0 2.9
2019.4767 -33.5436 -21.6469 1.3 1.3 0.9 2.8
2019.4795 -31.0382 -28.7515 -2 1.3 0.9 2.9
2019.4822 -32.662 -23.09 3.8 1.3 0.9 2.8
2019.4849 -28.7185 -24.3111 1.4 1.3 1.0 3.0
2019.4877 -33.7755 -22.535 -6.5 1.2 0.9 2.7
2019.4904 -28.6721 -25.3102 0.1 1.2 0.9 2.8
2019.4932 -30.9454 -22.979 1.8 1.2 0.9 2.7
2019.4959 -33.0796 -23.5341 10.7 1.2 0.9 2.7
2019.4986 -32.2909 -25.9763 -1.4 1.8 1.1 3.2
2019.5014 -32.8476 -23.9781 2.9 1.5 1.0 3.1
2019.5041 -29.9247 -24.3111 -3.5 1.4 0.9 3.0
2019.5068 -32.7548 -26.5313 1.7 1.2 0.8 2.6
2019.5096 -29.5536 -25.0882 1.2 1.2 0.9 2.7
2019.5123 -27.7442 -22.979 -0.5 1.2 0.9 2.7
2019.5151 -30.4351 -21.9799 0 1.4 1.0 2.8
2019.5178 -31.6414 -19.0937 10.6 1.4 1.0 3.0
2019.5205 -34.7962 -24.7552 -3.9 1.6 1.1 3.1
2019.5233 -28.7649 -29.1956 5.1 1.6 1.1 3.2
2019.5260 -31.6878 -27.5304 4.6 1.6 1.0 3.1
2019.5288 -28.3009 -23.4231 0.4 1.4 1.0 3.0
2019.5315 -28.1153 -24.6442 3.2 1.3 1.0 2.9
2019.5342 -30.7599 -22.646 4.1 1.3 0.9 2.9
2019.5370 -30.0639 -24.6442 0.9 1.3 0.9 2.8
2019.5397 -33.8683 -24.3111 -1.9 1.3 0.9 2.8
2019.5425 -28.5329 -25.9763 4.8 1.5 1.0 3.0
2019.5452 -27.0947 -21.7579 6.6 1.3 0.9 2.8
2019.5479 -29.7856 -26.1983 0.1 1.3 0.9 2.9
2019.5507 -31.5022 -25.8653 10.1 1.2 0.9 2.7
2019.5534 -25.0069 -24.6442 0.3 1.4 0.9 2.8
2019.5562 -29.0432 -23.6451 -0.8 1.5 1.0 3.0
2019.5589 -28.5793 -23.6451 3.9 1.4 1.0 3.0
2019.5616 -30.2959 -22.0909 3.7 1.4 0.9 2.9
2019.5644 -29.5536 -19.6487 1.3 1.3 0.9 2.8
2019.5671 -34.3787 -24.5332 0.3 1.2 0.9 2.7
2019.5699 -33.2188 -23.5341 -1.1 1.2 0.9 2.7
2019.5726 -32.6157 -24.7552 4.5 1.3 1.0 2.9
2019.5753 -30.6207 -21.4249 6.3 1.4 1.0 3.0
2019.5781 -32.0589 -23.5341 -8.7 1.2 0.9 2.7
2019.5808 -31.8269 -27.5304 -1 1.4 1.0 2.9
2019.5836 -32.5229 -27.1974 6 1.3 0.9 2.7
2019.5863 -26.9091 -24.6442 5.4 1.3 0.9 2.8
2019.5890 -30.5279 -24.6442 1.8 1.2 0.9 2.7
2019.5918 -31.5022 -21.9799 -1.6 1.3 0.9 2.8
2019.5945 -35.8633 -22.757 0.5 1.9 1.3 3.7
2019.5973 -32.7548 -23.5341 3.6 1.7 1.1 3.1
2019.6000 -28.2545 -26.1983 -0.8 1.4 0.9 2.9
2019.6027 -31.131 -25.0882 -2.1 1.5 1.0 3.0
2019.6055 -35.6777 -24.9772 -5 1.5 1.0 3.0
2019.6082 -30.7135 -26.6423 -5.1 1.5 0.9 3.0
2019.6110 -30.0639 -24.4221 1.5 1.6 1.0 3.1
2019.6137 -30.5743 -25.3102 0.2 1.3 0.9 2.8
2019.6164 -31.4094 -27.3084 5.6 1.4 1.0 3.0
2019.6192 -32.0589 -27.4194 8.3 1.4 0.9 2.9
2019.6219 -30.7599 -26.4203 3 1.3 0.9 2.8
2019.6247 -30.2031 -27.0864 3.1 1.4 0.9 2.9
2019.6274 -31.6414 -26.1983 -6.2 1.4 0.9 2.9
2019.6301 -31.0846 -26.7534 -7.7 1.4 0.9 2.9
2019.6329 -30.8062 -27.5304 -9.7 1.1 0.9 2.7
2019.6356 -30.4815 -26.4203 -2.3 1.3 0.9 2.7
2019.6384 -29.5536 -26.8644 5.6 1.2 0.9 2.7
2019.6411 -33.0332 -29.1956 2.9 1.2 0.9 2.8
2019.6438 -29.136 -25.3102 4.4 1.3 0.9 2.8
2019.6466 -33.126 -26.9754 -3.6 1.2 0.9 2.7
2019.6493 -33.4508 -27.7524 1.2 1.3 0.9 2.8
2019.6521 -31.4558 -29.1956 4.6 1.3 0.9 2.9
2019.6548 -29.4608 -26.5313 2.6 1.3 0.9 2.9
2019.6575 -30.8526 -26.0873 -2.2 1.3 0.9 2.9
2019.6603 -33.4972 -28.0855 -1.7 1.3 0.9 2.8
2019.6630 -34.2859 -26.0873 -2.5 1.5 1.1 3.1
2019.6658 -32.9868 -26.8644 -7.6 2.1 1.6 4.0
2019.6685 -27.4658 -25.7543 1.4 2.5 1.8 4.5
2019.6712 -30.9918 -25.7543 -3 1.7 1.3 3.5
2019.6740 -34.2859 -28.4185 -0.4 1.5 1.0 3.1
2019.6767 -31.8269 -28.1965 -8.3 1.4 1.0 3.0
2019.6795 -33.8219 -26.8644 -13.5 1.5 1.1 3.2
2019.6822 -34.2395 -27.4194 1.5 1.5 1.0 3.0
2019.6849 -32.8476 -26.9754 -11 1.3 0.9 2.8
2019.6877 -33.4972 -28.8625 2.5 1.4 1.0 3.0
2019.6904 -31.4558 -26.0873 -3.4 1.6 1.2 3.4
2019.6932 -32.3837 -26.9754 -2.3 1.3 1.0 2.8
2019.6959 -29.4144 -27.4194 3.3 1.4 1.0 2.9
2019.6986 -29.6928 -25.7543 6.6 1.3 1.0 2.9
2019.7014 -32.0589 -27.3084 2.7 1.2 0.9 2.8
2019.7041 -36.2809 -25.6433 5.7 1.3 1.0 2.8
2019.7068 -34.2395 -26.8644 2.7 1.3 0.9 2.7
2019.7096 -33.4044 -24.4221 0.9 1.2 0.9 2.8
2019.7123 -31.8733 -23.9781 1.7 1.2 0.9 2.7
2019.7151 -32.8476 -26.5313 4.6 1.3 1.0 2.9
2019.7178 -33.3116 -26.3093 7.7 1.2 0.9 2.8
2019.7205 -35.5385 -27.3084 5.3 1.3 1.0 3.0
2019.7233 -34.6106 -26.5313 10 1.5 1.1 3.3
2019.7260 -31.5022 -25.1992 5.2 1.1 0.9 2.6
2019.7288 -34.3787 -25.3102 7.3 1.2 0.9 2.8
2019.7315 -34.6106 -27.4194 2.5 1.5 1.0 3.2
2019.7342 -31.4558 -28.4185 2.1 1.2 0.9 2.8
2019.7370 -35.353 -28.6405 2.8 1.2 0.9 2.7
2019.7397 -35.2138 -26.5313 0 1.5 1.2 3.1
2019.7425 -32.5693 -23.3121 -9.2 1.6 1.1 3.3
2019.7452 -32.1981 -26.5313 -3.9 1.4 1.0 3.1
2019.7479 -35.2602 -24.9772 5.7 1.9 1.3 3.8
2019.7507 -33.7291 -27.9745 7.7 1.6 1.1 3.3
2019.7534 -33.5899 -28.0855 4.9 1.2 1.0 2.9
2019.7562 -35.9561 -27.1974 5.1 1.3 1.0 2.9
2019.7589 -35.7705 -28.3075 4 1.4 1.0 2.9
2019.7616 -34.657 -29.0846 4.6 1.5 1.0 3.1
2019.7644 -33.9147 -28.9735 4.2 1.3 1.0 3.0
2019.7671 -31.8733 -29.6396 10.4 1.4 1.1 3.1
2019.7699 -34.8426 -27.3084 4.2 1.3 0.9 2.9
2019.7726 -35.5385 -28.0855 1.4 1.4 1.1 3.1
2019.7753 -33.358 -31.0827 3.5 1.5 1.1 3.2
2019.7781 -33.1724 -30.7497 9.1 1.3 1.0 3.0
2019.7808 -35.5385 -28.9735 7.1 1.2 0.9 2.7
2019.7836 -34.4251 -29.9726 4.5 1.2 0.9 2.7
2019.7863 -35.6777 -29.1956 0.1 1.2 0.9 2.8
2019.7890 -35.6777 -29.0846 4.6 1.1 0.9 2.6
2019.7918 -34.1467 -28.3075 10.3 1.3 0.9 2.9
2019.7945 -32.4301 -27.1974 7.3 1.2 0.9 2.8
2019.7973 -33.8683 -27.0864 10.1 1.3 1.0 2.9
2019.8000 -34.657 -28.1965 7.3 1.3 1.0 2.9
2019.8027 -34.0539 -29.1956 6.7 1.2 1.0 2.8
2019.8055 -34.7498 -30.7497 6.1 1.1 0.9 2.7
2019.8082 -33.8219 -28.6405 1.4 1.2 1.0 2.8
2019.8110 -34.7962 -29.6396 5 1.1 0.9 2.6
2019.8137 -35.4921 -28.4185 4.7 1.3 1.0 2.9
2019.8164 -38.8326 -28.0855 1.3 1.9 1.3 3.5
2019.8192 -36.5128 -28.8625 -1.2 1.7 1.2 3.4
2019.8219 -35.6777 -28.8625 -7.4 1.5 1.0 3.0
2019.8247 -35.121 -29.8616 0.9 1.4 1.0 3.0
2019.8274 -35.6777 -32.3038 4.4 1.3 1.0 2.9
2019.8301 -35.2138 -29.6396 3.9 1.4 1.0 3.0
2019.8329 -35.9097 -29.9726 4 1.3 0.9 2.8
2019.8356 -37.4407 -29.9726 2.6 1.2 0.9 2.7
2019.8384 -35.3993 -30.7497 -1.8 1.1 0.9 2.7
2019.8411 -36.8376 -29.8616 -0.8 1.1 0.9 2.7
2019.8438 -36.8376 -28.8625 -3.8 1.2 0.9 2.8
2019.8466 -34.9818 -29.7506 0.5 1.2 0.9 2.8
2019.8493 -37.8119 -30.5277 0.2 1.2 0.9 2.8
2019.8521 -34.5178 -28.7515 4.9 1.2 0.9 2.8
2019.8548 -36.4664 -30.0836 2.4 1.1 0.9 2.7
2019.8575 -35.9097 -30.5277 -2.9 1.1 0.9 2.7
2019.8603 -36.1881 -29.9726 2.3 1.2 0.9 2.8
2019.8630 -37.9975 -31.4158 6.7 1.4 1.1 3.1
2019.8658 -36.9768 -31.4158 8.9 1.2 0.9 2.7
2019.8685 -36.9768 -30.1947 3.2 1.1 0.9 2.7
2019.8712 -33.1724 -31.1937 4.2 1.1 0.9 2.7
2019.8740 -32.9404 -30.9717 2.4 1.2 0.9 2.8
2019.8767 -35.5385 -30.3057 7.4 1.2 0.9 2.8
2019.8795 -36.5592 -30.8607 6.7 1.2 0.9 2.9
2019.8822 -35.7241 -32.3038 -2.1 1.2 0.9 2.7
2019.8849 -34.4715 -30.5277 1.7 1.1 0.9 2.7
2019.8877 -34.9818 -32.8589 0.7 1.2 0.9 2.7
2019.8904 -34.2859 -33.969 5.2 1.4 1.1 3.0
2019.8932 -37.5335 -31.0827 6.1 1.5 1.1 3.0
2019.8959 -39.5749 -31.5268 2 1.4 1.0 2.9
2019.8986 -31.3166 -30.9717 3 1.4 1.1 3.0
2019.9014 -39.7605 -32.1928 -5.9 1.2 1.0 2.9
2019.9041 -37.5799 -33.969 -11.8 1.2 0.9 2.7
2019.9068 -42.5906 -35.5231 -6.8 1.2 0.9 2.8
2019.9096 -39.4821 -33.969 -2 1.1 0.9 2.7
2019.9123 -38.0439 -34.8571 -4.4 1.2 1.0 2.8
2019.9151 -40.178 -33.5249 2.1 1.2 0.9 2.7
2019.9178 -36.884 -34.08 -5.9 1.2 0.9 2.7
2019.9205 -41.8482 -31.8598 4.2 1.2 0.9 2.8
2019.9233 -38.647 -32.8589 -7.8 1.2 0.9 2.7
2019.9260 -40.0852 -33.5249 -4.5 1.3 1.0 2.9
2019.9288 -40.3172 -32.3038 -4.6 1.2 0.9 2.7
2019.9918 -36.652 -34.302 -0.2 1.2 0.9 2.7
2019.9945 -37.6263 -32.5259 -4.1 1.2 0.9 2.7
2019.9973 -39.8997 -33.1919 4.6 1.2 0.9 2.7
2020.0000 -39.8069 -34.524 8.3 1.3 1.0 2.8
2020.0027 -41.1987 -33.0809 4.2 1.2 0.9 2.7
2020.0055 -40.9667 -32.8589 0.5 1.2 0.9 2.8
2020.0082 -37.2551 -34.08 1.8 1.3 1.0 3.0
2020.0110 -38.9254 -33.0809 -5.5 1.2 0.9 2.7
2020.0137 -37.2551 -32.8589 -0.1 1.2 0.9 2.8
2020.0164 -35.0282 -33.636 -6.1 1.2 0.9 2.8
2020.0192 -36.3736 -34.191 -12.4 1.2 0.9 2.8
2020.0219 -35.6313 -33.747 -7.9 1.2 0.9 2.7
2020.0247 -34.1003 -34.302 -5.5 1.7 1.2 3.2
2020.0274 -38.3686 -34.413 -7.2 1.3 1.0 2.9
2020.0301 -42.0338 -38.1874 0.6 1.3 0.9 2.8
2020.0329 -37.5335 -36.0782 -6 1.2 0.9 2.8
2020.0356 -34.889 -35.4121 -7.6 1.2 0.9 2.7
2020.0384 -37.0232 -34.635 -7.2 1.2 0.9 2.7
2020.0411 -37.3943 -34.524 -7.7 1.2 0.9 2.7
2020.0438 -37.7655 -32.5259 5 1.3 1.0 2.9
2020.0466 -32.1517 -34.8571 -7.1 1.2 0.9 2.8
2020.0493 -35.7705 -34.524 -6.3 1.2 0.9 2.8
2020.0521 -36.2809 -34.191 0 1.2 0.9 2.8
2020.0548 -37.3479 -34.08 -1.6 1.2 0.9 2.7
2020.0603 -35.4921 -33.636 -5 1.3 1.0 2.8
2020.0630 -40.7348 -33.858 1.7 1.2 0.9 2.7
2020.0658 -36.2809 -33.3029 -1.4 1.2 0.9 2.7
2020.0685 -40.178 -34.9681 -1.9 1.3 0.9 2.8
2020.0712 -37.8119 -34.8571 -10.3 1.1 0.9 2.7
2020.0740 -34.9354 -34.191 3 1.2 0.9 2.7
2020.0767 -35.0282 -32.5259 -2.5 1.2 0.9 2.7
2020.0795 -37.3015 -32.8589 0.1 1.3 1.0 2.9
2020.0822 -36.1417 -31.0827 3.5 1.9 1.2 3.5
2020.1096 -35.7241 -32.7479 1.2 1.3 1.0 2.8
2020.1123 -38.879 -32.9699 -4.4 1.3 1.0 2.9
2020.1151 -35.9561 -35.8562 -3.6 1.2 1.0 2.8
2020.1178 -39.2965 -34.7461 -6.4 1.7 1.1 3.4
2020.1288 -38.3686 -33.4139 -6.1 1.9 1.3 3.8
2020.1315 -37.8119 -36.4112 -10.6 1.5 1.0 2.9
2020.1342 -34.889 -38.8534 1.1 1.9 1.3 3.5
2020.1370 -35.8633 -37.5213 5.7 1.5 1.1 3.2
2020.1397 -38.0903 -33.0809 6.9 1.3 1.0 2.9
2020.1425 -40.7812 -30.8607 16.6 1.4 1.1 3.2
2020.1452 -41.0131 -32.3038 12 1.3 1.0 2.9
2020.1479 -39.4357 -32.6369 6.6 1.2 0.9 2.8
2020.1507 -39.9925 -33.1919 3.6 1.1 0.9 2.6
2020.1534 -40.7812 -34.635 2.7 1.1 0.9 2.7
2020.1562 -43.1473 -31.8598 6.2 1.2 0.9 2.8
2020.1589 -43.4257 -34.302 8.2 1.2 1.0 2.8
2020.1616 -45.1887 -32.9699 3.7 1.2 0.9 2.8
2020.1644 -43.5649 -33.3029 2.6 1.4 1.0 2.9
2020.1671 -41.3379 -32.3038 9.8 1.2 0.9 2.8
2020.1699 -45.0031 -31.9708 8.7 1.3 1.0 2.8
2020.1726 -44.3536 -32.7479 9.3 1.3 1.0 2.8
2020.1753 -43.5649 -31.9708 5.2 1.3 1.0 2.8
2020.1781 -44.9567 -33.969 4.9 1.2 1.0 2.8
2020.1808 -44.9103 -33.5249 8.2 1.2 1.0 2.8
2020.1836 -43.1009 -32.8589 1.9 1.3 1.0 2.9
2020.1863 -46.0702 -34.635 12.3 1.3 1.0 2.9
2020.1890 -45.0495 -34.9681 16.5 1.3 1.0 3.0
2020.1918 -42.3122 -33.969 12.4 1.3 1.0 2.9
2020.1945 -44.7711 -34.524 5.7 1.2 1.0 2.8
2020.1973 -42.5906 -32.8589 -1.9 1.3 1.0 2.9
2020.2000 -45.0959 -33.636 2.3 1.3 1.0 2.9
2020.2027 -44.3072 -35.9672 3.8 1.2 0.9 2.7
2020.2055 -45.8846 -34.7461 4.2 1.2 0.9 2.8
2020.2082 -40.8276 -34.413 -1.1 1.3 1.0 2.9
2020.2110 -43.4257 -34.7461 1.8 1.2 1.0 2.8
2020.2137 -42.7298 -32.5259 7.2 1.2 1.0 2.8
2020.2164 -39.2501 -34.635 0.9 1.5 1.3 3.5
2020.2192 -44.7247 -35.1901 7.2 1.4 1.0 2.9
2020.2219 -44.168 -38.1874 11.3 1.3 1.0 2.9
2020.2247 -44.2144 -35.9672 10.4 1.3 1.1 3.0
2020.2274 -41.9874 -34.8571 -0.3 1.2 1.0 3.0
2020.2301 -43.9824 -34.191 10 1.3 1.0 2.8
2020.2329 -44.0752 -33.969 10 1.2 1.0 2.9
2020.2356 -46.7661 -33.858 11.2 1.3 1.0 2.9
2020.2384 -43.8432 -34.191 2.8 1.2 0.9 2.9
2020.2411 -42.8225 -35.0791 3.5 1.3 1.0 3.0
2020.2438 -39.1573 -35.8562 6.6 1.3 1.0 3.1
2020.2466 -45.0495 -35.3011 7.2 1.5 1.1 3.2
2020.2493 -42.2658 -36.1892 -2.3 1.6 1.2 3.4
2020.2521 -40.5028 -35.7451 -2.5 1.3 1.0 3.0
2020.2548 -43.5649 -35.1901 4 1.4 1.0 3.0
2020.2575 -41.941 -35.7451 5.8 1.2 0.9 2.8
2020.2603 -41.5235 -36.9663 6.5 1.2 1.0 2.9
2020.2630 -42.8689 -35.0791 8.4 1.3 1.0 3.0
2020.2658 -41.1523 -36.0782 10.9 1.2 1.0 2.9
2020.2685 -44.5392 -35.1901 9.9 1.2 0.9 2.9
2020.2712 -41.8019 -37.1883 9.3 1.8 1.2 3.4
2020.2740 -40.5956 -35.6341 4.7 1.3 1.0 3.0
2020.2767 -42.5442 -36.9663 5.4 1.3 1.0 2.9
2020.2795 -44.3072 -37.4103 8 1.5 1.1 3.1
2020.2822 -43.5649 -36.6332 5.2 1.4 1.1 3.1
2020.2849 -43.7968 -37.1883 5 1.3 1.1 3.0
2020.2877 -45.5598 -36.1892 2.2 1.3 1.0 3.0
2020.2904 -45.2351 -36.1892 2.3 1.4 1.1 3.1
2020.2932 -43.6577 -36.7442 6.3 1.3 1.0 3.0
2020.2959 -43.6113 -36.9663 6.7 1.2 1.0 2.9
2020.2986 -41.5699 -34.7461 7.6 1.4 1.1 3.0
2020.3014 -42.8225 -35.6341 10.6 1.2 0.9 2.8
2020.3041 -41.4771 -36.5222 7.3 1.5 1.2 3.3
2020.3068 -42.2194 -34.9681 2.5 1.4 1.0 3.0
2020.3096 -41.8482 -36.3002 9.1 1.4 1.1 3.2
2020.3123 -42.3586 -36.0782 6.3 1.2 0.9 2.8
2020.3151 -41.6163 -36.0782 7.5 1.3 1.0 2.9
2020.3178 -42.5442 -35.1901 3.4 1.3 1.0 3.1
2020.3205 -44.4928 -35.9672 10.6 1.4 1.1 3.1
2020.3233 -45.1423 -35.3011 13.5 1.3 1.0 3.0
2020.3260 -44.1216 -36.8552 16.5 1.3 1.0 3.0
2020.3288 -40.8276 -37.1883 11 1.3 1.0 2.9
2020.3315 -43.1473 -35.4121 7.4 1.2 1.0 2.9
2020.3342 -44.168 -35.8562 4.2 1.4 1.1 3.2
2020.3370 -42.8689 -36.1892 6.7 1.4 1.0 3.0
2020.3397 -44.3072 -35.7451 4.3 1.3 1.0 2.9
2020.3425 -40.7812 -37.0773 5.7 1.3 1.0 3.0
2020.3452 -42.4978 -38.4094 5 1.3 1.1 3.1
2020.3479 -45.0031 -35.7451 0.8 1.3 0.9 3.0
2020.3507 -44.0288 -39.9635 2.7 1.3 1.0 3.2
2020.3534 -42.7761 -38.6314 -0.2 1.3 0.9 3.1
2020.3562 -39.0182 -37.7433 4.2 1.2 0.9 2.9
2020.3589 -41.3379 -35.3011 1 1.2 0.9 3.0
2020.3616 -40.4564 -36.6332 1 1.4 1.0 3.1
2020.3644 -43.4257 -37.6323 2.3 1.2 0.9 2.8
2020.3671 -42.637 -35.8562 1.2 1.2 0.9 2.8
2020.3699 -41.3379 -37.0773 1.5 1.2 0.9 2.8
2020.3726 -43.1009 -37.4103 4.9 1.2 1.0 3.0
2020.3753 -41.8482 -34.8571 2.7 1.3 1.0 2.9
2020.3781 -43.3329 -37.4103 1.6 1.2 0.9 2.8
2020.3808 -41.3379 -36.9663 -0.4 1.1 0.9 2.7
2020.3836 -41.1059 -37.0773 -1.5 1.4 1.0 3.1
2020.3863 -40.874 -35.5231 -2 1.1 0.9 2.8
2020.3890 -41.8482 -37.8543 2.3 1.4 1.0 3.1
2020.3918 -42.1266 -36.6332 1.9 1.3 1.0 3.0
2020.3945 -41.7091 -35.9672 5.1 1.3 1.0 3.0
2020.3973 -40.5956 -36.7442 1.1 1.2 0.9 2.8
2020.4000 -41.8482 -34.191 7.5 1.5 1.0 3.1
2020.4027 -40.6884 -35.8562 12.7 1.2 0.9 2.8
2020.4055 -41.6163 -34.191 1.8 1.2 0.9 2.8
2020.4082 -40.3636 -37.4103 2.2 1.2 1.0 2.8
2020.4110 -39.3429 -35.7451 2.6 1.2 0.9 2.8
2020.4137 -42.173 -34.8571 -0.1 1.4 1.0 3.0
2020.4164 -44.3072 -35.0791 9.2 1.3 0.9 2.9
2020.4192 -45.0031 -34.635 6.9 1.2 0.9 2.8
2020.4219 -45.5134 -34.9681 6 1.8 1.2 3.6
2020.4247 -38.9718 -37.6323 -3.2 1.3 1.0 3.0
2020.4274 -41.8482 -38.4094 -1.7 1.3 1.0 3.0
2020.4301 -43.8432 -37.2993 -4.6 1.3 1.0 2.9
2020.4329 -44.8175 -39.6305 12.1 1.3 0.9 2.9
2020.4356 -44.7711 -37.7433 9.6 1.3 0.9 2.8
2020.4384 -42.2658 -38.1874 -3.3 1.3 1.0 3.0
2020.4411 -44.6783 -36.8552 1.1 1.2 0.9 2.8
2020.4438 -42.5442 -37.1883 -2.2 1.3 1.0 3.1
2020.4493 -44.8639 -40.1855 -0.6 1.3 0.9 2.9
2020.4521 -42.8689 -36.6332 3.6 1.2 0.9 2.8
2020.4548 -43.1009 -35.9672 0.8 1.2 0.9 2.8
2020.4575 -46.395 -34.413 1.3 1.4 1.0 3.1
2020.4603 -40.5492 -36.0782 -1.7 1.3 0.9 2.9
2020.4630 -43.0081 -36.7442 8.7 1.4 1.0 3.0
2020.4658 -45.5134 -40.6296 0.3 1.3 1.0 3.0
2020.4685 -45.7454 -38.2984 8.4 1.2 0.9 2.8
2020.4712 -45.2351 -38.2984 0.8 1.3 1.0 3.1
2020.4740 -47.8796 -37.0773 1.2 1.3 0.9 2.9
2020.4767 -44.6319 -38.8534 1.1 1.2 0.9 2.8
2020.4795 -45.3279 -40.1855 2 1.3 0.9 2.9
2020.4822 -46.4413 -40.8516 -1.9 1.4 0.9 3.0
2020.4849 -47.7868 -39.8525 -5.2 1.3 0.9 2.9
2020.4877 -44.6319 -38.8534 -7 1.5 1.0 3.1
2020.4904 -44.5392 -36.6332 5.1 1.5 1.0 3.2
2020.4932 -44.9567 -40.2965 2.5 1.3 0.9 2.9
2020.4959 -45.5134 -39.6305 6.5 1.2 0.9 2.9
2020.4986 -42.405 -39.7415 -2.2 1.4 1.0 3.1
2020.5014 -47.7868 -39.4085 -5.8 1.4 0.9 3.0
2020.5041 -46.2094 -40.9626 -3.7 1.3 0.9 2.9
2020.5068 -49.1787 -38.1874 2.3 1.4 1.0 3.0
2020.5096 -47.0445 -40.8516 -1.2 1.3 0.9 2.9
2020.5123 -45.4671 -38.7424 -7 1.6 1.0 3.2
2020.5151 -49.7354 -37.7433 -5.5 1.5 0.9 3.0
2020.5178 -45.7454 -39.4085 -4 1.4 1.0 3.0
2020.5205 -49.5962 -41.4066 2.6 1.3 0.9 2.9
2020.5233 -50.9417 -42.7388 -3.8 1.4 0.9 3.0
2020.5260 -46.9517 -41.1846 -4.1 1.3 0.9 2.9
2020.5288 -46.2094 -41.4066 2.4 1.3 0.9 2.9
2020.5315 -44.6783 -39.4085 0.2 1.3 0.9 2.9
2020.5342 -45.8846 -41.9617 -0.9 1.5 1.0 3.1
2020.5370 -50.0602 -43.6268 -3.1 1.9 1.2 4.0
2020.5397 -48.2508 -43.0718 -8.3 1.5 1.0 3.1
2020.5425 -43.936 -39.4085 -1.4 1.4 1.0 3.0
2020.5452 -43.9824 -41.4066 -2.7 1.3 0.9 2.9
2020.5479 -49.1323 -40.0745 -2.8 1.4 0.9 2.9
2020.5507 -48.6219 -38.6314 8.3 1.4 0.9 3.0
2020.5534 -45.3743 -39.9635 1.7 1.3 0.9 2.9
2020.5562 -47.462 -42.8498 2.5 1.3 0.9 2.9
2020.5589 -46.1166 -39.4085 -2.7 1.4 0.9 2.9
2020.5616 -45.699 -37.9653 1.7 1.5 1.0 3.0
2020.5644 -49.3642 -39.2975 -0.1 1.8 1.2 3.6
2020.5671 -47.1837 -42.0727 7.3 1.7 1.1 3.5
2020.5699 -47.3229 -41.4066 1 1.2 0.9 2.9
2020.5726 -45.7918 -41.8507 1.4 1.3 0.9 3.0
2020.5753 -47.6012 -39.5195 2.4 1.7 1.0 3.4
2020.5781 -47.462 -41.1846 3 1.5 1.0 3.2
2020.5808 -48.7147 -40.8516 -4.5 1.5 1.0 3.3
2020.5836 -43.936 -41.4066 2.6 1.4 1.0 3.1
2020.5863 -46.3022 -40.9626 5.1 1.4 0.9 3.0
2020.5890 -45.9774 -39.9635 2.1 1.5 1.1 3.3
2020.5918 -46.163 -41.2956 3 1.9 1.3 3.8
2020.5945 -46.7661 -41.5177 14.5 1.6 1.0 3.3
2020.5973 -46.9517 -41.4066 14.5 1.4 0.9 3.0
2020.6000 -46.6733 -42.6278 3.2 1.4 1.0 3.2
2020.6027 -45.1423 -40.8516 5.7 1.3 0.9 3.0
2020.6055 -49.1787 -43.0718 12.7 1.6 1.0 3.2
2020.6082 -45.7454 -40.6296 5.9 1.4 0.9 3.1
2020.6110 -44.2144 -40.1855 5.9 1.3 0.9 3.1
2020.6137 -46.5341 -41.5177 -0.4 1.4 1.0 3.1
2020.6164 -47.4156 -40.8516 -0.2 1.3 0.9 3.0
2020.6192 -45.9774 -41.1846 15.1 1.4 0.9 3.0
2020.6219 -43.7968 -38.8534 -3.8 1.3 0.9 3.0
2020.6247 -45.0031 -41.4066 0.2 1.4 0.9 3.1
2020.6274 -45.931 -39.1864 -1.1 1.4 1.0 3.2
2020.6301 -44.2144 -42.4057 8.5 1.4 0.9 3.1
2020.6329 -49.921 -44.1819 4.5 1.5 1.0 3.3
2020.6356 -45.0495 -40.0745 -4.8 1.4 1.0 3.1
2020.6384 -45.6062 -40.7406 3.5 1.2 0.9 2.9
2020.6411 -47.0445 -40.2965 -7 1.3 1.0 3.0
2020.6438 -42.0338 -41.0736 3.1 1.6 1.1 3.4
2020.6466 -45.0031 -41.1846 7.3 1.5 1.0 3.2
2020.6493 -45.1887 -39.5195 0.2 1.2 0.9 2.9
2020.6521 -42.3122 -39.4085 -2.1 1.4 1.0 3.2
2020.6548 -46.5341 -41.5177 1.9 1.5 1.0 3.1
2020.6575 -50.3385 -43.0718 4 1.5 1.1 3.3
2020.6603 -46.5805 -40.6296 8.5 1.6 1.1 3.3
2020.6630 -47.8796 -40.7406 4.4 1.7 1.1 3.5
2020.6658 -43.3329 -41.6287 -2.1 1.4 1.0 3.2
2020.6685 -49.0859 -39.1864 11.2 2.1 1.4 4.0
2020.6712 -49.1787 -43.0718 13.6 1.8 1.3 3.7
2020.6740 -51.916 -44.1819 3.8 1.9 1.3 3.9
2020.6767 -47.7868 -41.0736 -1.8 1.4 1.0 3.1
2020.6795 -47.6476 -37.0773 3.1 1.5 1.1 3.3
2020.6822 -49.4106 -41.8507 7.4 1.5 1.0 3.2
2020.6849 -45.8382 -42.2947 -2.8 1.2 0.9 3.0
2020.6877 -51.4056 -43.7378 -8.6 1.6 1.1 3.4
2020.6904 -46.7661 -39.9635 -0.1 1.4 0.9 3.1
2020.6932 -47.5084 -41.2956 1.3 1.2 0.9 2.9
2020.6959 -48.6219 -42.5167 4.4 1.3 0.9 3.0
2020.6986 -48.5291 -44.5149 6.3 1.6 1.1 3.4
2020.7014 -50.8025 -42.7388 -3 1.6 1.1 3.4
2020.7041 -50.2457 -42.4057 -5.3 1.5 1.0 3.2
2020.7068 -50.9417 -42.0727 4.8 1.8 1.2 3.8
2020.7096 -49.225 -44.4039 1.8 1.7 1.1 3.6
2020.7123 -48.5291 -42.6278 2.9 1.5 1.0 3.3
2020.7151 -49.921 -42.0727 0.9 1.6 1.0 3.3
2020.7178 -47.6012 -43.9599 1.1 1.4 1.0 3.1
2020.7205 -49.0859 -43.5158 0.8 1.6 1.0 3.3
2020.7233 -48.5755 -44.5149 9.2 1.4 1.0 3.2
2020.7260 -48.7611 -44.2929 3.4 1.3 0.9 3.0
2020.7288 -50.4777 -46.1801 8.6 1.5 1.1 3.4
2020.7315 -46.9053 -43.5158 3.5 1.6 1.2 3.6
2020.7342 -47.5548 -43.4048 9.5 1.8 1.1 3.5
2020.7370 -46.9981 -42.4057 6.8 1.7 1.1 3.4
2020.7397 -45.0495 -46.2911 8 2.1 1.3 4.0
2020.7425 -49.0395 -43.6268 6.4 2.3 1.4 3.6
2020.7452 -50.3385 -38.8534 7.9 2.7 1.6 4.1
2020.7479 -50.1065 -43.6268 5 1.7 1.2 3.4
2020.7507 -48.2508 -45.292 -0.9 1.8 1.2 3.7
2020.7534 -47.462 -46.0691 9.7 1.5 1.1 3.2
2020.7562 -45.3743 -43.5158 2.8 1.8 1.3 3.9
2020.7589 -49.8282 -46.1801 18.3 1.5 1.0 3.1
2020.7616 -48.9467 -44.0709 11.4 1.3 0.9 2.9
2020.7644 -51.9623 -43.0718 5 1.6 1.0 3.1
2020.7671 -48.4363 -43.9599 6.4 1.7 1.1 3.4
2020.7699 -47.6012 -43.2938 6.5 1.3 0.9 2.9
2020.7726 -49.1787 -43.2938 4.1 1.4 0.9 3.1
2020.7753 -46.8125 -42.2947 7 1.3 0.9 2.9
2020.7781 -51.1272 -44.8479 9.8 1.3 0.9 3.0
2020.7808 -48.5755 -43.4048 9.2 1.2 0.9 2.9
2020.7836 -48.4827 -42.1837 9.3 1.2 0.9 2.9
2020.7863 -46.6269 -41.5177 2.7 1.2 0.9 2.9
2020.7890 -50.5241 -43.2938 2 1.2 0.9 2.9
2020.7918 -52.0087 -44.7369 3.1 1.3 0.9 2.9
2020.7945 -50.2457 -44.7369 3.6 1.2 0.9 2.9
2020.7973 -48.9467 -42.7388 8.5 1.6 1.0 3.4
2020.8000 -48.6219 -43.0718 4.3 1.2 0.9 2.9
2020.8027 -51.3592 -43.9599 5.2 1.4 1.0 3.2
2020.8055 -50.7561 -44.8479 9.1 1.4 1.0 3.2
2020.8082 -50.7097 -42.1837 6.4 1.5 1.0 3.3
2020.8110 -50.5241 -45.736 3.4 1.2 0.9 2.9
2020.8137 -51.3592 -43.0718 -1.7 1.3 1.0 3.1
2020.8164 -49.6426 -46.4021 11.5 1.9 1.1 3.6
2020.8192 -51.916 -44.6259 6.5 1.5 1.0 3.2
2020.8219 -51.6376 -43.9599 6 1.7 1.0 3.4
2020.8247 -50.1993 -44.1819 7.5 1.3 1.0 3.0
2020.8274 -51.4056 -42.8498 5 1.8 1.2 3.3
2020.8301 -52.0551 -44.5149 -0.7 1.6 1.1 3.3
2020.8329 -51.22 -42.4057 5.6 1.3 1.0 3.1
2020.8356 -48.9467 -43.7378 6.6 1.6 1.2 3.5
2020.8384 -51.9623 -42.4057 9.1 1.5 1.0 3.2
2020.8411 -51.2664 -44.5149 10.6 1.2 0.9 2.8
2020.8438 -51.2664 -43.6268 3 1.3 0.9 3.0
2020.8466 -51.22 -44.4039 4.8 1.3 0.9 3.0
2020.8493 -50.1993 -42.7388 -0.8 1.3 1.0 3.2
2020.8521 -50.5705 -44.6259 5.1 1.5 1.1 3.3
2020.8548 -50.7097 -45.181 7.9 1.3 1.0 3.1
2020.8575 -48.9003 -45.514 -1.2 1.3 0.9 2.9
2020.8603 -49.5034 -43.6268 5.7 1.2 0.9 2.9
2020.8630 -49.1323 -41.8507 -2.3 1.2 0.9 2.9
2020.8658 -51.4056 -43.5158 6.9 1.3 0.9 3.0
2020.8685 -50.2457 -45.181 17.2 1.3 1.0 3.2
2020.8712 -49.457 -43.6268 7.2 1.4 1.0 3.2
2020.8740 -51.1272 -44.2929 3.3 1.2 0.9 2.9
2020.8767 -52.3799 -42.6278 -0.3 1.2 0.9 2.9
2020.8795 -51.6376 -43.9599 -0.1 1.3 1.0 3.0
2020.8822 -51.8696 -43.0718 2.1 1.3 0.9 3.0
2020.8849 -49.4106 -43.7378 4.6 1.4 1.0 3.2
2020.8877 -48.0652 -45.07 6.1 1.3 1.0 3.2
2020.8904 -51.1736 -43.5158 1.3 1.8 1.2 3.7
2020.8932 -51.0808 -44.1819 -1.1 1.5 1.1 3.2
2020.8959 -47.3692 -44.6259 8.8 1.9 1.3 3.6
2020.8986 -47.2301 -43.1828 6.6 1.4 1.0 3.3
2020.9014 -51.4056 -44.0709 9.2 1.4 1.0 3.2
2020.9041 -51.916 -43.1828 6 1.5 1.0 3.3
2020.9068 -45.1423 -45.292 10.5 1.3 1.0 3.1
2020.9096 -50.4777 -41.4066 10.1 1.5 1.1 3.2
2020.9123 -47.926 -43.9599 2 1.5 1.0 3.3
2020.9151 -50.9881 -43.9599 14.6 1.5 1.1 3.3
2020.9178 -50.8489 -43.8489 9.3 1.5 1.0 3.3
2020.9205 -53.0294 -45.181 13 1.2 0.9 3.0
2020.9233 -50.5241 -43.9599 10.5 1.3 0.9 3.0
2020.9260 -52.8439 -44.2929 5.7 1.3 0.9 2.9
2020.9288 -51.4984 -45.292 11.1 1.3 0.9 2.9
2020.9315 -51.7768 -44.7369 10.8 1.3 0.9 3.0
2020.9342 -50.8025 -43.1828 4.1 1.3 0.9 3.1
2020.9370 -52.2871 -45.514 9.2 1.4 1.0 3.1
2020.9397 -50.2921 -43.9599 6.2 1.4 1.0 3.1
2020.9425 -51.9623 -44.959 5.1 1.5 1.0 3.2
2020.9452 -53.0294 -46.4021 0.1 1.4 1.0 3.1
2020.9479 -55.8595 -47.6232 3 1.4 1.0 3.2
2020.9507 -54.4213 -46.9571 -1.1 1.3 0.9 3.0
2020.9534 -56.1843 -47.0681 -0.2 1.3 0.9 3.0
2020.9562 -53.3078 -46.7351 3.1 1.3 0.9 3.0
2020.9589 -51.452 -46.0691 2.6 1.3 0.9 3.0
2020.9616 -53.1222 -46.5131 6.3 1.4 1.0 3.1
2020.9644 -54.5141 -46.9571 2 1.3 0.9 2.9
2020.9671 -51.7304 -45.736 6.9 1.3 0.9 3.0
2020.9699 -53.215 -46.0691 6.4 1.4 1.0 3.1
2020.9726 -55.0244 -45.958 9.2 1.4 1.0 3.1
2020.9753 -53.0294 -46.1801 12 1.4 1.0 3.2
2020.9781 -56.5091 -47.7342 8.7 1.6 1.1 3.3
2020.9808 -57.1122 -47.4012 14.1 1.5 1.0 3.2
2020.9836 -58.6896 -46.7351 10.6 1.6 1.1 3.4
2020.9863 -59.6175 -47.2902 6.4 1.4 1.0 3.1
2020.9890 -57.6225 -47.1792 9 1.3 0.9 3.0
2020.9918 -56.5091 -48.4003 5.3 1.4 1.0 3.1
2020.9945 -58.2721 -47.0681 10.2 1.4 1.0 3.2
2020.9973 -57.9009 -48.6223 6.9 1.3 0.9 3.0
2021.0000 -56.7874 -39.9635 1.2 1.4 1.0 3.1
2021.0027 -57.4833 -46.4021 8.5 1.3 0.9 3.0
2021.0027 -57.5297 -48.5113 9.5 1.3 0.9 3.0
2021.0055 -54.7924 -46.0691 13.2 1.3 0.9 3.0
2021.0082 -55.9987 -46.4021 11.9 1.3 0.9 3.0
2021.0110 -55.21 -48.5113 14 1.4 1.0 3.1
2021.0137 -54.746 -48.6223 16.4 1.5 1.0 3.1
2021.0164 -57.8081 -48.4003 27 1.6 1.2 3.4
2021.0192 -56.6482 -49.8434 16.1 1.2 0.9 3.0
2021.0219 -56.2307 -47.5122 15.7 1.2 0.9 2.9
2021.0247 -55.8595 -48.5113 15.7 1.3 0.9 3.0
2021.0274 -57.2514 -51.6195 17.6 1.3 1.0 3.0
2021.0301 -52.3335 -46.7351 16.9 1.6 1.1 3.3
2021.0329 -54.8852 -48.0672 14.7 1.4 1.1 3.2
2021.0356 -56.2771 -47.4012 10.6 1.3 0.9 3.0
2021.0384 -57.0194 -47.0681 9.7 1.3 0.9 3.0
2021.0411 -53.9109 -45.625 5 1.2 0.9 3.0
2021.0438 -54.978 -47.0681 5.4 1.2 0.9 3.0
2021.0466 -53.7718 -47.2902 4.4 1.3 0.9 3.0
2021.0822 -55.6275 -45.847 -2.3 2.0 1.4 4.0
2021.0849 -50.6169 -43.2938 5.9 3.2 1.9 6.4
2021.0959 -57.6689 -47.4012 3.6 2.7 2.6 6.0
2021.1014 -60.5454 -53.0627 7.5 2.8 2.4 6.0
2021.1068 -61.1485 -51.5085 -2.4 2.3 1.9 5.0
2021.1096 -54.3749 -45.736 -11.2 2.8 2.1 5.4
2021.1123 -55.5812 -55.7269 1.1 2.4 2.1 5.2
2021.1151 -56.5091 -52.5076 3.6 2.3 2.1 5.6
2021.1178 -58.9216 -45.847 1.5 1.4 1.0 3.1
2021.1205 -60.731 -45.625 10.1 1.5 1.1 3.3
2021.1233 -55.8131 -47.9562 8.4 1.3 1.0 3.1
2021.1260 -58.0865 -47.1792 8.5 1.3 0.9 3.0
2021.1288 -55.0708 -46.7351 4.3 2.5 1.6 4.5
2021.1315 -59.3855 -48.1782 8.3 1.4 1.1 3.3
2021.1342 -59.1536 -47.8452 7.8 1.7 1.2 3.5
2021.1370 -56.2771 -47.1792 10.4 2.4 1.5 4.4
2021.1397 -51.4056 -43.9599 8.8 3.2 2.1 5.1
2021.1425 -55.1172 -42.1837 16.7 2.0 1.5 4.1
2021.1452 -58.7824 -46.6241 15.3 1.4 1.2 3.4
2021.1479 -57.3442 -46.7351 6.5 1.5 1.2 3.3
2021.1507 -57.5761 -46.8461 6.5 1.8 1.2 3.5
2021.1534 -58.7824 -49.2883 11.1 1.6 1.2 3.5
2021.1562 -58.1793 -46.5131 6.4 1.4 1.1 3.2
2021.1589 -60.7774 -45.514 9.8 1.3 1.0 3.0
2021.1616 -57.205 -46.9571 10.4 1.3 1.0 3.0
2021.1644 -57.5761 -46.8461 10.7 1.6 1.2 3.6
2021.1671 -57.7153 -45.514 15.4 1.8 1.3 3.7
2021.1699 -58.5968 -46.0691 8 1.5 1.2 3.5
2021.1726 -61.4733 -47.6232 4.6 1.4 1.1 3.2
2021.1753 -57.2514 -46.0691 11.7 1.4 1.0 3.2
2021.1781 -56.0451 -46.9571 14.6 1.5 1.2 3.4
2021.1808 -57.3906 -47.2902 11.8 1.4 1.0 3.2
2021.1836 -58.6896 -48.0672 3.1 1.3 1.0 3.3
2021.1863 -55.6739 -48.9553 -0.3 1.2 0.9 3.0
2021.1890 -58.0401 -49.2883 5.7 1.2 0.9 3.0
2021.1918 -58.968 -49.2883 14.6 1.3 1.0 3.1
2021.1945 -54.4213 -49.9544 13 1.6 1.1 3.5
2021.1973 -56.2771 -50.5094 3.2 1.5 1.1 3.3
2021.2000 -50.9881 -46.5131 5.4 1.9 1.4 4.0
2021.2027 -57.6225 -48.4003 4 1.4 1.0 3.1
2021.2055 -59.2 -47.8452 9.8 1.2 0.9 3.0
2021.2082 -58.1793 -48.0672 12.6 1.4 1.0 3.1
2021.2110 -57.0194 -47.2902 9.6 1.3 1.0 3.1
2021.2137 -55.5348 -49.5104 13.5 1.5 1.3 3.4
2021.2164 -55.7203 -51.1755 10.6 1.8 1.2 3.5
2021.2192 -57.2978 -51.3975 8.1 1.7 1.2 3.5
2021.2219 -59.6639 -51.3975 11.8 1.5 1.1 3.2
2021.2247 -57.8545 -49.9544 5.3 1.4 1.1 3.2
2021.2274 -55.0708 -52.3966 5.3 1.5 1.1 3.3
2021.2301 -55.3492 -50.9535 7.3 1.7 1.2 3.8
2021.2329 -61.1949 -52.7296 11.9 1.7 1.3 3.6
2021.2356 -57.2514 -51.5085 10.1 1.3 1.0 3.1
2021.2384 -58.1329 -51.7306 8.6 1.3 1.0 3.1
2021.2411 -56.7874 -53.1737 -1.7 1.4 1.0 3.1
2021.2438 -56.2307 -52.3966 5 1.3 1.0 3.2
2021.2466 -60.0351 -51.0645 11 1.7 1.3 3.7
2021.2493 -56.5554 -48.5113 4.6 1.4 1.1 3.3
2021.2521 -60.963 -51.6195 12.8 1.5 1.1 3.3
2021.2548 -57.9009 -51.2865 6.8 1.4 1.1 3.2
2021.2575 -59.0144 -51.2865 12.1 1.3 1.0 3.0
2021.2603 -55.5348 -51.7306 12 1.3 1.0 3.0
2021.2630 -56.4163 -50.7315 10.2 1.2 0.9 2.9
2021.2658 -56.0451 -52.6186 4.6 1.6 1.2 3.6
2021.2685 -56.6018 -51.5085 5.9 1.3 1.0 3.2
2021.2712 -55.1172 -51.7306 7.6 1.4 1.0 3.3
2021.2740 -59.7567 -53.3957 4 1.4 1.0 3.2
2021.2767 -58.504 -54.7278 4.7 1.4 1.0 3.2
2021.2795 -56.3699 -53.5067 4.7 1.4 1.1 3.3
2021.2822 -57.8081 -52.6186 7.4 1.5 1.1 3.3
2021.2849 -58.4112 -52.8407 4.5 1.3 1.0 3.1
2021.2877 -57.437 -52.6186 7.7 1.3 1.0 3.1
2021.2904 -52.4727 -53.3957 16.5 1.8 1.3 3.6
2021.2932 -57.8545 -50.5094 1.2 2.0 1.4 4.0
2021.2959 -56.0915 -51.2865 -0.1 1.8 1.2 3.6
2021.2986 -55.4884 -53.3957 10.7 1.9 1.3 4.1
2021.3014 -55.1636 -52.5076 18.9 1.6 1.2 3.5
2021.3041 -56.2307 -51.7306 7.8 1.5 1.1 3.5
2021.3068 -60.4526 -51.1755 12.6 1.5 1.1 3.5
2021.3096 -62.262 -49.9544 -5.9 1.7 1.2 3.6
2021.3123 -57.9937 -50.6205 3.9 1.6 1.1 3.5
2021.3151 -62.1228 -57.6141 13 1.9 1.3 3.9
2021.3178 -58.9216 -50.6205 15.3 1.5 1.1 3.4
2021.3205 -58.0401 -51.2865 12 1.7 1.2 3.9
2021.3233 -59.3391 -51.9526 5.7 1.3 1.0 3.2
2021.3260 -59.8031 -51.8416 10.2 1.5 1.0 3.4
2021.3288 -56.6018 -52.0636 12.6 1.3 0.9 3.1
2021.3315 -55.8131 -51.5085 9.9 1.3 0.9 3.1
2021.3342 -55.0708 -49.6214 3.9 1.5 1.1 3.3
2021.3370 -56.2771 -48.9553 3.3 1.4 1.0 3.2
2021.3397 -56.8802 -50.8425 4.2 1.3 0.9 3.0
2021.3425 -59.2 -52.3966 2.1 1.3 0.9 3.0
2021.3452 -62.1692 -51.9526 6.1 1.6 1.1 3.3
2021.3479 -54.3749 -50.2874 7.9 1.2 0.9 2.9
2021.3507 -56.973 -49.3993 6 1.4 1.0 3.2
2021.3534 -54.978 -51.8416 2.9 1.3 0.9 3.0
2021.3562 -59.7103 -53.1737 0.9 1.5 1.0 3.1
2021.3589 -65.0457 -50.9535 8.8 1.3 0.9 3.1
2021.3616 -61.2413 -50.6205 -7.9 1.8 1.1 3.6
2021.3644 -59.8495 -51.0645 -3.8 1.4 1.0 3.1
2021.3671 -56.8338 -52.2856 -0.9 1.3 0.9 3.0
2021.3699 -57.7153 -51.3975 1.6 1.3 0.9 3.1
2021.3726 -58.2257 -50.5094 1.3 1.4 1.0 3.2
2021.3753 -60.267 -53.0627 0.7 1.4 1.0 3.2
2021.3781 -56.0915 -50.5094 0.6 1.6 1.1 3.5
2021.3808 -55.8131 -51.6195 -1.7 1.3 0.9 3.1
2021.3836 -57.3906 -48.7333 -6.5 2.5 1.4 4.3
2021.3863 -57.6225 -52.9517 7.9 1.7 1.2 3.8
2021.3890 -59.2464 -53.7287 -4.8 1.6 1.1 3.3
2021.3918 -59.6639 -53.7287 4.2 1.4 1.0 3.2
2021.3945 -59.7567 -52.0636 0.1 1.3 0.9 3.0
2021.3973 -56.9266 -52.2856 -4.8 1.3 0.9 3.1
2021.4000 -57.8081 -51.2865 4.8 1.4 1.0 3.2
2021.4027 -58.0865 -54.5058 0.7 1.6 1.1 3.3
2021.4055 -61.7053 -52.1746 6.3 1.4 0.9 3.2
2021.4082 -58.2257 -50.8425 1.4 1.6 1.0 3.4
2021.4110 -57.2514 -51.3975 0.5 1.3 0.9 3.1
2021.4137 -56.4627 -50.6205 5.1 1.4 1.0 3.1
2021.4164 -55.21 -51.2865 4 1.3 0.9 3.1
2021.4192 -54.6533 -51.2865 -1.3 1.4 1.0 3.1
2021.4219 -59.2928 -50.0654 7.8 1.5 1.0 3.4
2021.4247 -63.6075 -51.6195 8.9 1.3 0.9 3.1
2021.4274 -62.494 -50.7315 5.8 1.3 0.9 3.1
2021.4301 -58.0865 -51.0645 3.9 1.4 1.0 3.2
2021.4329 -59.8031 -50.2874 -6.6 1.5 1.0 3.3
2021.4356 -60.0815 -50.9535 2 1.4 1.0 3.2
2021.4384 -59.1072 -49.7324 0.8 1.3 0.9 3.1
2021.4411 -61.2413 -55.2829 3.6 1.4 1.0 3.1
2021.4438 -61.2413 -52.8407 2.7 2.5 1.2 4.2
2021.4466 -58.5504 -52.7296 -5.8 1.7 1.1 3.9
2021.4493 -65.4169 -52.5076 9.3 1.5 1.1 3.3
2021.4521 -58.5504 -50.1764 -11.8 1.3 1.0 3.2
2021.4548 -61.9837 -52.6186 2 1.7 1.1 3.5
2021.4575 -60.731 -54.3948 6.1 1.8 1.2 3.9
2021.4603 -63.7003 -57.059 3.6 1.5 1.0 3.4
2021.4630 -57.5761 -47.9562 -0.3 1.8 1.1 3.7
2021.4658 -60.963 -51.7306 2.5 1.3 0.9 3.1
2021.4685 -61.7981 -51.9526 2.4 1.3 1.0 3.1
2021.4712 -63.4683 -53.3957 0.5 1.6 1.0 3.3
2021.4740 -61.8445 -50.5094 7.2 1.5 1.0 3.3
2021.4767 -60.8238 -54.6168 5.7 1.3 0.9 3.1
2021.4795 -63.6539 -58.0581 7.3 1.5 1.0 3.1
2021.4822 -62.9116 -54.8388 9.2 1.6 1.0 3.3
2021.4849 -57.2978 -53.7287 -0.3 1.5 1.0 3.2
2021.4877 -60.1279 -54.2838 0.9 1.4 0.9 3.1
2021.4904 -64.5354 -51.0645 -1.8 1.5 1.0 3.2
2021.4932 -64.7674 -54.7278 -3 1.4 0.9 3.2
2021.4959 -59.6175 -53.5067 9.4 1.8 1.1 3.6
2021.4986 -56.1379 -55.9489 -1.5 1.3 0.9 3.2
2021.5014 -66.1128 -52.5076 -3.2 1.5 1.0 3.2
2021.5041 -60.5918 -54.8388 1.1 1.5 1.0 3.2
2021.5068 -57.3442 -51.5085 -0.9 1.4 0.9 3.1
2021.5096 -61.0094 -52.8407 1.4 1.4 0.9 3.1
2021.5123 -65.6953 -53.9507 5.8 1.8 1.1 3.6
2021.5151 -62.5868 -55.7269 10.9 1.5 1.0 3.2
2021.5178 -57.1586 -54.0618 1.7 1.6 1.0 3.3
2021.5205 -61.0094 -53.0627 1.8 1.7 1.0 3.4
2021.5233 -60.1743 -52.6186 -3.3 1.4 1.0 3.2
2021.5260 -62.958 -55.0608 7.1 1.4 0.9 3.2
2021.5288 -63.6539 -55.6159 3.5 1.6 1.0 3.3
2021.5315 -56.5554 -51.1755 -0.9 1.5 1.0 3.4
2021.5342 -66.484 -56.948 8.5 1.8 1.1 3.6
2021.5370 -63.1899 -51.2865 -1.6 2.1 1.2 4.0
2021.5397 -63.7003 -53.0627 4.6 1.4 1.0 3.3
2021.5425 -61.8445 -53.3957 1.2 1.6 1.0 3.3
2021.5452 -61.8909 -56.393 5.6 1.4 0.9 3.2
2021.5479 -62.958 -53.6177 5.3 1.6 1.0 3.3
2021.5507 -67.0871 -56.948 15.9 1.5 1.0 3.3
2021.5534 -61.6589 -53.8397 11.1 1.6 1.0 3.3
2021.5562 -56.0915 -52.7296 3.6 1.9 1.1 3.7
2021.5589 -51.4984 -46.8461 -1.8 1.5 1.0 3.3
2021.5616 -61.9837 -56.1709 -1.8 1.6 1.0 3.4
2021.5644 -61.9837 -54.9498 10.1 1.5 1.0 3.3
2021.5671 -63.8859 -56.837 -4.2 1.4 1.0 3.3
2021.5699 -56.6946 -54.6168 6.2 1.5 1.0 3.4
2021.5726 -64.2106 -54.7278 2.5 1.8 1.2 3.7
2021.5753 -61.2877 -53.6177 -2.7 1.9 1.1 3.6
2021.5781 -60.7774 -56.1709 6 1.6 1.0 3.6
2021.5808 -60.499 -52.8407 -1.9 1.6 1.0 3.4
2021.5836 -58.8752 -53.2847 10.8 1.3 0.9 3.3
2021.5863 -62.0301 -54.8388 7.5 1.7 1.2 3.8
2021.5890 -60.3598 -50.9535 1.1 2.2 1.2 4.2
2021.5918 -51.916 -53.0627 -0.9 1.7 1.0 3.6
2021.5945 -57.8545 -56.0599 4.3 1.3 0.9 3.3
2021.5973 -64.257 -54.8388 2.6 1.8 1.1 3.7
2021.6000 -61.0558 -50.6205 6.8 2.2 1.4 4.4
2021.6027 -59.2464 -53.0627 6.7 1.6 1.0 3.5
2021.6055 -58.1793 -53.5067 3.5 1.6 1.0 3.6
2021.6082 -64.9065 -54.9498 3.4 1.6 1.0 3.6
2021.6110 -59.8959 -54.3948 5.8 1.6 1.0 3.5
2021.6137 -61.4269 -53.9507 4.7 1.5 1.0 3.3
2021.6164 -56.3699 -52.8407 -3.1 1.4 1.0 3.3
2021.6192 -62.4012 -52.7296 8.1 1.5 1.0 3.4
2021.6219 -62.6796 -54.3948 1.6 1.9 1.2 3.7
2021.6247 -62.6796 -54.2838 4.2 1.6 1.0 3.4
2021.6274 -61.0558 -55.6159 9.7 1.4 1.0 3.3
2021.6301 -60.0351 -51.3975 4.2 1.7 1.1 3.5
2021.6329 -59.3855 -50.3984 0.2 1.7 1.2 3.8
2021.6356 -64.5818 -55.8379 2 1.9 1.3 4.1
2021.6384 -62.494 -55.3939 -2 1.4 1.0 3.4
2021.6411 -59.2464 -56.837 6.1 1.4 1.0 3.4
2021.6438 -61.1949 -55.8379 -4.5 1.5 1.0 3.5
2021.6466 -63.9322 -56.282 -2.9 1.6 1.0 3.5
2021.6493 -59.8031 -54.7278 -4.1 1.8 1.2 3.9
2021.6521 -58.968 -54.7278 2.9 1.7 1.1 3.5
2021.6548 -60.2206 -55.3939 7.1 2.6 1.6 4.8
2021.6575 -56.7874 -55.9489 14.9 2.4 1.4 4.5
2021.6603 -59.0144 -54.0618 2.7 1.5 1.0 3.4
2021.6630 -65.0921 -54.2838 -8.4 1.7 1.1 3.5
2021.6658 -60.7774 -54.7278 1 2.0 1.3 4.1
2021.6685 -61.9373 -55.5049 -2.2 1.7 1.0 3.7
2021.6712 -61.2413 -54.9498 9.2 1.4 1.0 3.5
2021.6740 -61.2413 -55.2829 7.8 1.9 1.2 4.0
2021.6767 -60.2206 -55.6159 10.5 1.7 1.1 3.8
2021.6795 -62.7724 -57.8361 0.8 1.8 1.2 3.8
2021.6822 -62.494 -54.9498 12.6 1.5 1.0 3.4
2021.6849 -61.2877 -53.6177 -0.9 1.5 1.0 3.5
2021.6877 -62.6332 -57.8361 1.6 1.6 1.1 3.5
2021.6904 -65.6025 -56.393 3.7 1.6 1.0 3.6
2021.6932 -65.5097 -59.3902 8.5 1.7 1.0 3.7
2021.6959 -62.3548 -57.5031 4.9 1.5 1.0 3.4
2021.6986 -58.6432 -56.282 15.6 1.6 1.1 3.6
2021.7014 -61.8445 -56.504 4.3 1.7 1.1 3.7
2021.7041 -63.6539 -56.948 5.2 1.5 1.0 3.4
2021.7068 -64.025 -58.1691 12.1 1.6 1.0 3.5
2021.7096 -59.7567 -56.948 6.6 1.3 0.9 3.2
2021.7123 -63.3291 -56.948 11.9 1.8 1.2 3.8
2021.7151 -60.9166 -55.0608 11.8 1.8 1.1 3.8
2021.7178 -61.4733 -55.8379 7.1 1.3 0.9 3.2
2021.7205 -63.8395 -58.6132 9.6 1.3 1.0 3.2
2021.7233 -63.1899 -57.9471 11.6 1.4 1.0 3.3
2021.7260 -62.494 -61.3884 3.6 2.0 1.3 3.8
2021.7288 -61.0558 -57.5031 4.2 1.6 1.1 3.5
2021.7315 -63.3755 -54.6168 6.6 1.6 1.1 3.6
2021.7342 -61.0094 -57.281 10.9 1.5 1.0 3.3
2021.7370 -60.7774 -56.1709 10.1 1.3 0.9 3.2
2021.7397 -61.5197 -58.6132 1.7 1.4 1.0 3.3
2021.7425 -58.9216 -56.726 5.6 1.6 1.1 3.5
2021.7452 -64.257 -56.0599 7.2 1.4 1.0 3.3
2021.7479 -64.3034 -55.9489 6.3 1.4 1.0 3.3
2021.7507 -64.8601 -57.17 8.9 1.7 1.2 3.8
2021.7534 -63.7931 -56.393 13.7 1.5 1.1 3.6
2021.7562 -58.504 -61.0554 5.7 1.6 1.1 3.5
2021.7589 -62.3084 -56.282 11.6 1.6 1.0 3.5
2021.7616 -64.1178 -58.1691 7.1 1.4 1.0 3.4
2021.7644 -65.9272 -57.059 6 1.7 1.3 3.9
2021.7671 -61.8445 -56.393 9.6 1.4 1.0 3.3
2021.7699 -62.8188 -58.0581 11.9 1.5 1.0 3.5
2021.7726 -63.8395 -59.0572 5.1 1.6 1.1 3.6
2021.7753 -64.7674 -56.504 7.9 1.5 1.1 3.5
2021.7781 -71.1235 -57.17 7.7 1.9 1.2 4.0
2021.7808 -63.5147 -54.7278 10.2 2.5 1.5 4.9
2021.7836 -62.8188 -59.2792 9 1.5 1.0 3.3
2021.7863 -60.5918 -57.3921 11.7 1.6 1.1 3.6
2021.7890 -63.1435 -56.948 5.3 1.4 1.0 3.3
2021.7918 -65.6489 -56.615 6.3 1.4 1.0 3.3
2021.7945 -66.7623 -57.3921 14.7 1.8 1.3 4.0
2021.7973 -63.7467 -55.5049 3.5 1.8 1.2 3.9
2021.8000 -60.731 -57.059 8 1.8 1.1 3.6
2021.8027 -64.0714 -61.7214 4.3 1.6 1.0 3.3
2021.8055 -60.9166 -58.8352 12.5 1.4 1.0 3.3
2021.8082 -65.788 -57.5031 15.4 1.4 1.0 3.3
2021.8110 -66.0664 -56.393 16.6 1.4 1.0 3.2
2021.8137 -62.0764 -56.948 6.4 1.4 1.0 3.3
2021.8164 -61.7053 -58.2801 8.9 1.4 1.0 3.2
2021.8192 -60.963 -56.726 12.2 1.3 0.9 3.2
2021.8219 -62.3548 -57.281 14.2 1.3 0.9 3.3
2021.8247 -63.4683 -58.8352 10.7 1.3 0.9 3.2
2021.8274 -62.5868 -59.0572 12.6 1.4 1.0 3.3
2021.8301 -63.4219 -58.6132 11.2 1.6 1.0 3.5
2021.8329 -61.3805 -58.1691 7 1.8 1.1 3.7
2021.8356 -66.2984 -59.9453 13 1.5 1.0 3.4
2021.8384 -62.8652 -58.9462 12.8 1.8 1.1 3.6
2021.8411 -63.7931 -59.8343 6.8 1.5 1.0 3.3
2021.8438 -72.0514 -59.6122 6.4 2.3 1.5 4.6
2021.8466 -62.726 -58.2801 3.2 1.5 1.0 3.3
2021.8493 -64.8138 -60.0563 11.1 1.8 1.1 3.5
2021.8521 -63.6539 -58.8352 6 1.5 1.0 3.4
2021.8548 -62.0764 -58.2801 0.1 1.3 0.9 3.2
2021.8575 -62.726 -57.5031 1 1.5 1.0 3.3
2021.8603 -60.8702 -59.3902 5.4 1.6 1.1 3.5
2021.8630 -60.8702 -59.3902 5.1 1.5 1.0 3.5
2021.8658 -63.3755 -58.7242 6.8 1.5 1.0 3.4
2021.8685 -64.257 -59.3902 4.3 1.6 1.0 3.6
2021.8712 -64.0714 -58.1691 2.9 1.6 1.1 3.6
2021.8740 -65.1385 -58.8352 -2.2 1.6 1.0 3.4
2021.8767 -62.8188 -59.3902 1.2 1.7 1.2 3.6
2021.8795 -63.5611 -61.4994 4.4 1.7 1.2 3.6
2021.8822 -65.0457 -59.3902 5.8 1.6 1.0 3.4
2021.8849 -62.5404 -57.5031 -1 1.4 0.9 3.2
2021.8877 -62.6796 -57.5031 -4 1.6 1.0 3.5
2021.8904 -63.1435 -59.5012 -3 1.7 1.1 3.5
2021.8932 -63.5611 -58.8352 -2.9 1.4 0.9 3.2
2021.8959 -60.963 -59.0572 -1.6 1.5 1.0 3.5
2021.8986 -64.8138 -60.6113 -3 1.5 1.0 3.3
2021.9014 -62.6796 -59.1682 2.7 1.6 1.1 3.5
2021.9041 -64.489 -58.2801 -0.5 1.4 0.9 3.2
2021.9068 -65.6025 -57.9471 -0.6 1.4 1.0 3.2
2021.9096 -64.257 -57.5031 -0.2 1.5 1.0 3.3
2021.9123 -67.0407 -57.5031 7.3 1.5 1.0 3.4
2021.9151 -64.0714 -57.9471 0.2 1.5 1.0 3.3
2021.9178 -62.7724 -57.5031 -7.2 2.2 1.3 3.9
2021.9205 -70.3811 -57.9471 -6.3 1.7 1.0 3.5
2021.9233 -64.257 -57.059 -4 1.8 1.2 3.8
2021.9260 -63.8395 -58.6132 -2.3 1.5 1.0 3.3
2021.9288 -68.3398 -61.4994 5 1.5 1.0 3.2
2021.9315 -64.9993 -61.7214 7.2 1.6 1.1 3.4
2021.9342 -67.6902 -58.6132 4.2 1.4 1.0 3.2
2021.9370 -69.7316 -57.6141 6.6 1.5 1.0 3.3
2021.9397 -62.6332 -57.9471 2.3 1.4 1.0 3.3
2021.9425 -67.3191 -58.1691 15.3 1.5 1.0 3.5
2021.9452 -68.247 -61.6104 14.8 1.5 1.0 3.4
2021.9479 -67.3655 -58.1691 -0.7 1.3 0.9 3.2
2021.9507 -65.7416 -57.5031 -6.2 1.5 1.0 3.2
2021.9534 -66.3448 -57.8361 -0.5 1.5 1.0 3.4
2021.9562 -63.0043 -56.0599 -6.4 2.8 1.6 5.5
2022.0164 -70.8451 -59.2792 9.5 6.7 3.7 11.6
2022.0192 -68.9893 -58.6132 11.4 1.3 0.9 3.2
2022.0219 -85.0883 -52.3966 10 7.3 6.0 12.2
2022.0247 -67.8294 -59.8343 2.3 5.8 2.4 7.8
2022.0356 -68.9893 -59.5012 -1.2 2.3 1.9 5.3
2022.0630 -69.8244 -61.4994 11.2 1.6 1.1 3.6
2022.0658 -70.8915 -62.3875 18.3 1.4 1.0 3.2
2022.0685 -67.5047 -62.7205 19.3 2.0 1.4 3.8
2022.0712 -74.3711 -59.2792 10.7 1.4 1.0 3.3
2022.0740 -71.541 -60.5003 5.9 1.5 1.1 3.5
2022.0795 -71.9586 -66.0508 11.4 3.0 2.5 7.8
2022.0822 -63.1435 -60.5003 8.4 3.8 2.4 6.5
2022.0877 -70.3811 -62.3875 -3.1 4.0 2.8 8.9
2022.0904 -58.3649 -59.6122 -12.8 2.4 1.4 4.8
2022.0932 -70.1028 -59.7233 5.3 2.5 2.1 5.8
2022.0959 -63.8859 -64.7187 14.2 5.1 2.9 6.8
2022.0986 -70.7987 -61.4994 10.9 2.1 1.4 4.4
2022.1014 -70.3811 -64.9407 5.7 2.8 1.8 5.1
2022.1041 -58.8288 -63.9416 6 6.8 3.5 8.7
2022.1068 -69.9172 -67.4939 -2.6 5.1 3.1 9.2
2022.1096 -74.9278 -62.9425 5.9 3.0 1.9 5.9
2022.1151 -67.3191 -63.7196 18.6 3.5 2.9 6.3
2022.1178 -68.8965 -60.7223 7.2 1.6 1.0 3.3
2022.1205 -73.5824 -61.7214 15.5 1.7 1.2 3.6
2022.1233 -72.8865 -60.3893 8.1 1.5 1.1 3.4
2022.1260 -70.3347 -64.1636 11.3 2.3 1.4 4.6
2022.1288 -70.1956 -62.0545 10.9 1.8 1.3 3.8
2022.1315 -71.1235 -61.0554 6.9 1.3 0.9 3.2
2022.1342 -72.2369 -61.9435 8.5 1.5 1.1 3.5
2022.1370 -73.536 -64.8297 13 1.9 1.5 4.2
2022.1397 -72.7009 -63.4976 10.6 1.5 1.2 3.6
2022.1425 -71.6802 -64.8297 8.8 1.6 1.1 3.6
2022.1452 -70.4275 -64.8297 14.5 1.6 1.2 4.0
2022.1479 -73.4896 -63.4976 11.6 1.5 1.1 3.4
2022.1507 -67.8758 -63.8306 5.9 1.6 1.2 4.0
2022.1534 -72.2369 -65.2737 8.4 1.6 1.1 3.8
2022.1562 -69.546 -64.0526 11.8 1.4 1.0 3.3
2022.1589 -70.9843 -63.6086 11.2 1.5 1.1 3.5
2022.1616 -69.1285 -61.3884 7.8 1.5 1.0 3.5
2022.1644 -73.3504 -63.0535 9.3 1.5 1.0 3.4
2022.1671 -69.9172 -63.0535 5.8 1.4 1.0 3.3
2022.1699 -68.2934 -64.7187 9.3 1.4 0.9 3.2
2022.1726 -71.5874 -65.6068 16.6 1.7 1.2 3.6
2022.1753 -71.0307 -64.6077 12.3 2.6 1.4 4.7
2022.1781 -70.9379 -61.8324 0.5 1.6 1.1 3.8
2022.1808 -68.015 -64.7187 3.5 2.1 1.2 3.7
2022.1836 -69.5924 -63.0535 5.1 1.4 1.0 3.3
2022.1863 -72.6081 -65.7178 10.9 1.4 1.0 3.3
2022.1890 -68.4326 -62.9425 3.6 2.1 1.3 4.1
2022.1918 -73.9072 -62.0545 8.6 1.9 1.3 4.0
2022.1945 -67.3655 -62.2765 5.1 1.5 1.1 3.6
2022.1973 -67.2263 -63.2756 15.7 2.0 1.2 4.1
2022.2000 -71.2163 -66.2728 6 1.4 1.0 3.2
2022.2027 -70.8915 -65.4958 12.3 1.3 0.9 3.2
2022.2055 -72.7937 -64.2747 11.6 1.5 1.0 3.4
2022.2082 -67.6438 -64.7187 3 1.5 1.1 3.5
2022.2110 -68.2006 -65.7178 8.9 1.4 1.0 3.4
2022.2137 -70.8451 -64.9407 7.2 1.4 1.0 3.3
2022.2164 -71.1235 -63.4976 5.3 1.6 1.2 3.7
2022.2192 -68.2934 -61.8324 4.9 1.3 1.0 3.2
2022.2219 -69.7316 -65.4958 3.2 1.6 1.1 3.5
2022.2247 -68.3862 -66.0508 7.9 1.5 1.0 3.3
2022.2274 -69.0357 -63.4976 7.3 1.5 1.1 3.4
2022.2301 -74.1391 -65.8288 4.1 1.8 1.2 3.9
2022.2329 -70.8915 -62.7205 2.7 1.6 1.1 3.4
2022.2356 -72.4689 -62.0545 5 2.0 1.2 3.8
2022.2384 -71.8658 -64.6077 5.6 1.6 1.1 3.6
2022.2411 -67.3191 -65.0517 6.6 1.4 1.0 3.3
2022.2438 -68.479 -64.7187 3.3 1.4 1.0 3.4
2022.2466 -72.7473 -63.9416 6.7 1.6 1.2 3.7
2022.2493 -70.6131 -64.6077 -0.9 1.8 1.2 4.0
2022.2521 -71.9122 -61.6104 7.6 1.9 1.3 4.1
2022.2548 -70.242 -64.1636 8 1.6 1.1 3.5
2022.2575 -75.2062 -65.7178 16.7 1.8 1.3 4.1
2022.2603 -73.304 -62.8315 11.2 1.5 1.1 3.6
2022.2630 -71.5874 -65.6068 3.4 1.6 1.1 3.7
2022.2658 -70.1492 -63.0535 -0.2 2.8 1.5 4.9
2022.2685 -70.8915 -63.2756 12.1 1.5 1.2 3.7
2022.2712 -72.9793 -65.9398 8.3 2.0 1.3 4.2
2022.2740 -76.8764 -64.8297 10.2 1.8 1.2 4.1
2022.2767 -73.7216 -65.9398 0.5 1.7 1.3 3.9
2022.2795 -68.5253 -64.9407 -0.4 1.9 1.1 3.6
2022.2822 -71.5874 -65.7178 5.4 1.8 1.2 4.1
2022.2849 -69.4996 -65.8288 4.1 3.9 1.9 6.0
2022.2877 -70.9379 -64.0526 5 1.9 1.1 3.8
2022.2904 -74.0463 -64.3857 5.1 1.7 1.0 3.5
2022.2932 -72.1905 -63.7196 6.9 1.6 1.0 3.4
2022.2959 -68.9893 -66.0508 8.1 1.6 1.1 3.7
2022.2986 -68.8037 -63.6086 7.1 1.6 1.1 3.5
2022.3014 -71.0771 -66.6059 8.7 1.4 1.0 3.4
2022.3041 -72.4689 -65.1627 9.8 2.1 1.2 4.1
2022.3068 -72.9329 -62.6095 2.7 1.7 1.1 3.5
2022.3096 -73.7216 -63.4976 8 2.1 1.1 3.9
2022.3123 -70.7059 -66.8279 4.2 1.6 1.0 3.4
2022.3151 -69.2677 -65.6068 13.8 1.5 1.0 3.4
2022.3178 -69.5924 -65.7178 4.3 1.4 1.0 3.3
2022.3205 -68.479 -63.1646 5.3 2.2 1.3 3.9
2022.3233 -70.8451 -65.0517 6 2.3 1.4 4.5
2022.3260 -71.8658 -63.1646 3.6 2.2 1.2 4.0
2022.3288 -67.4583 -63.7196 5.4 1.8 1.3 4.1
2022.3315 -72.7009 -64.9407 10.9 1.7 1.1 3.6
2022.3342 -70.1956 -63.1646 9.9 1.4 1.0 3.3
2022.3370 -71.8658 -66.4949 11.1 1.8 1.1 3.7
2022.3397 -74.6495 -67.3829 9.9 2.2 1.3 4.0
2022.3425 -73.768 -66.2728 16 1.5 1.1 3.5
2022.3452 -72.9329 -65.9398 14.8 1.5 1.0 3.4
2022.3479 -72.7009 -64.3857 0.8 1.6 1.0 3.3
2022.3507 -71.4482 -64.9407 11.2 1.6 1.0 3.4
2022.3534 -69.6852 -64.7187 -0.4 1.6 1.1 3.6
2022.3562 -73.536 -64.1636 12.1 1.3 0.9 3.1
2022.3589 -71.5874 -64.6077 13.2 1.6 1.0 3.4
2022.3616 -75.531 -64.4967 6.6 1.6 1.1 3.7
2022.3644 -68.6645 -64.8297 1.5 2.2 1.2 3.9
2022.3671 -73.0721 -64.7187 7.3 1.4 1.1 3.5
2022.3699 -75.763 -63.2756 3.1 1.7 1.1 3.7
2022.3726 -76.6909 -65.7178 9.9 1.8 1.1 3.7
2022.3753 -71.4482 -66.6059 -2.8 1.8 1.1 3.9
2022.3781 -72.1442 -68.271 7.9 1.5 1.0 3.3
2022.3808 -77.5724 -68.604 6.5 1.5 1.0 3.4
2022.3836 -76.9692 -66.4949 0.8 1.7 1.0 3.5
2022.3863 -71.7266 -64.1636 8.5 1.7 1.2 3.6
2022.3890 -75.8094 -66.7169 -0.4 1.8 1.2 3.8
2022.3918 -77.9899 -68.715 3.2 1.4 1.0 3.4
2022.3945 -76.5981 -68.16 4.8 1.6 0.9 3.4
2022.3973 -72.1905 -68.382 4.9 1.5 1.0 3.4
2022.4000 -72.6545 -66.9389 7.7 1.5 1.0 3.6
2022.4027 -73.1648 -66.3838 0.5 1.8 1.2 3.7
2022.4055 -76.3197 -68.493 3.4 1.7 1.2 3.9
2022.4082 -74.9742 -67.827 2.1 2.1 1.3 4.3
2022.4110 -70.7987 -68.9371 0.3 1.7 1.1 3.6
2022.4137 -79.289 -66.9389 -3.6 2.3 1.3 4.0
2022.4164 -72.6081 -66.9389 -1.6 1.5 1.0 3.5
2022.4219 -73.7216 -64.8297 2.5 1.6 1.0 3.5
2022.4247 -74.9742 -67.4939 0.7 1.4 1.0 3.2
2022.4274 -70.8915 -64.7187 3.9 1.5 1.0 3.4
2022.4301 -75.763 -65.4958 0.6 1.8 1.1 3.7
2022.4329 -79.521 -67.6049 6.1 2.1 1.3 3.9
2022.4356 -74.0927 -68.715 8 1.5 0.9 3.4
2022.4384 -74.6031 -65.4958 -5.4 1.7 1.1 3.6
2022.4411 -72.6081 -67.827 3.4 1.5 1.0 3.3
2022.4438 -71.309 -64.1636 -2.9 1.4 1.0 3.3
2022.4466 -74.8815 -67.6049 16.6 2.0 1.1 3.9
2022.4493 -71.4482 -67.4939 7.7 1.8 1.1 3.5
2022.4521 -77.3404 -66.4949 -9.8 1.6 1.0 3.4
2022.4548 -75.7166 -67.2719 6.7 2.0 1.2 3.8
2022.4575 -75.3454 -65.0517 1.8 1.6 1.0 3.5
2022.4603 -76.0413 -67.1609 5.3 1.6 1.1 3.4
2022.4630 -72.4689 -67.3829 9.1 1.6 1.0 3.4
2022.4658 -71.7266 -69.4921 9.1 1.8 1.2 3.9
2022.4685 -73.0257 -69.3811 3.3 1.8 1.1 3.6
2022.4712 -76.2269 -64.8297 -6.4 1.5 1.0 3.3
2022.4740 -79.2426 -61.1664 9.9 1.9 1.1 3.8
2022.4767 -70.5667 -67.4939 4.5 1.8 1.1 3.6
2022.4795 -77.7115 -66.1618 -9 1.4 0.9 3.3
2022.4822 -70.3811 -75.0426 12.5 3.2 2.2 5.0
2022.4849 -75.763 -66.3838 3.4 1.7 1.1 3.6
2022.4877 -73.6288 -69.0481 6.9 1.8 1.1 3.9
2022.4904 -69.8244 -67.1609 3.1 1.6 1.0 3.4
2022.4932 -72.9793 -66.6059 11.8 1.6 1.0 3.3
2022.4959 -79.9849 -70.0472 13.8 1.6 1.0 3.5
2022.4986 -70.1956 -68.16 2.5 1.3 0.9 3.2
2022.5014 -62.6332 -63.2756 2.6 2.4 1.3 4.4
2022.5041 -75.763 -67.6049 15.1 1.3 0.9 3.1
2022.5068 -70.242 -66.9389 3.7 2.0 1.2 4.1
2022.5096 -72.7937 -69.1591 8.8 1.7 1.0 3.7
2022.5123 -72.2369 -70.1582 -1 1.7 1.0 3.6
2022.5151 -79.4746 -68.16 -6.9 2.2 1.4 4.3
2022.5178 -70.5203 -70.7132 17.7 1.9 1.2 3.7
2022.5205 -79.7065 -67.827 11.4 1.4 0.9 3.2
2022.5233 -80.6344 -68.715 21.8 1.6 1.0 3.4
2022.5260 -71.4018 -70.2692 3.3 1.6 1.1 3.4
2022.5288 -73.6752 -71.7123 14.2 2.2 1.2 3.7
2022.5315 -75.6238 -71.8233 15.9 1.8 1.1 3.5
2022.5342 -75.067 -68.049 15.4 1.6 1.0 3.4
2022.5370 -77.1548 -70.7132 11.7 1.7 1.1 3.6
2022.5397 -78.3147 -69.7141 -1.6 1.8 1.0 3.6
2022.5425 -72.1442 -70.7132 1.5 1.6 1.0 3.5
2022.5452 -74.2783 -71.0463 12.6 1.7 1.1 3.6
2022.5479 -92.6043 -68.049 18.4 2.3 1.4 4.3
2022.5507 -71.5874 -69.9362 4.4 1.5 1.1 3.5
2022.5534 -75.0206 -68.493 4.7 1.6 1.0 3.5
2022.5562 -74.4639 -68.16 2.6 1.7 1.0 3.5
2022.5589 -78.6394 -70.2692 9.6 1.9 1.1 3.8
2022.5616 -72.1442 -69.6031 6.4 1.9 1.2 3.6
2022.5644 -76.5517 -68.604 8.8 1.4 1.0 3.2
2022.5671 -75.4382 -70.1582 13.6 1.7 1.1 3.4
2022.5699 -75.4846 -70.8242 6.3 1.8 1.1 3.5
2022.5726 -74.6959 -73.4885 2.3 1.6 1.0 3.5
2022.5753 -73.1184 -70.4912 7.8 1.5 1.0 3.2
2022.5781 -78.0827 -70.6022 3.4 1.6 1.0 3.3
2022.5808 -79.5673 -69.2701 12.9 1.7 1.1 3.5
2022.5836 -73.2576 -70.8242 10.1 1.6 1.0 3.5
2022.5863 -80.3561 -72.4894 17.5 1.8 1.2 3.6
2022.5890 -78.5931 -70.3802 15.6 1.6 1.1 3.5
2022.5918 -76.83 -73.3775 10.3 1.6 1.1 3.3
2022.5945 -77.7579 -70.4912 12.5 1.5 1.0 3.3
