2001.5808 0 0 0 1.4 1.1 3.1
2001.5836 4.10254 9.1083 8.1 1.2 0.9 2.6
2001.5863 -30.2397 13.4403 -23.7 7.1 3.7 9.0
2002.5041 -32.3571 -23.5483 42.3 10.2 5.4 17.3
2002.5205 -11.1166 -11.6631 -1.2 1.5 1.1 3.6
2002.5233 -3.37467 -12.3295 -1.4 1.6 1.1 3.6
2004.6466 -1.05872 -53.428 -1.4 1.2 0.8 2.6
2004.6493 0.794041 -55.2052 29.6 1.2 0.8 2.6
2004.6521 -0.33085 -54.0944 14.3 1.2 0.8 2.6
2004.6548 -3.90403 -54.3166 13.2 1.2 0.8 2.6
2008.6932 -204.465 -156.952 -30.1 1.4 0.8 2.6
2008.6959 -201.223 -158.285 -23.7 1.3 0.8 2.5
2008.6986 -203.671 -162.839 -15.6 1.3 0.8 2.5
2008.7014 -201.091 -162.172 -20.5 1.3 0.8 2.5
2008.7041 -206.715 -158.951 -18.1 1.3 0.8 2.5
2010.5041 -223.522 -200.716 -19.2 1.3 0.8 2.5
2010.5068 -223.39 -204.048 -34.9 1.3 0.9 2.7
