2001.5973 0 0 0 5.2 3.2 10.4
2001.6000 -5.56384 4.44308 -14.8 1.5 1.2 3.6
2001.6027 -3.57676 -1.22185 -24.9 1.5 1.2 3.7
2001.6055 -6.29244 3.8877 -55 1.5 1.2 3.6
2001.6082 0.861072 0 -43.4 1.6 1.2 3.8
2002.5123 -22.7853 -44.8752 -40.4 1.7 1.1 3.7
2002.5151 -25.6997 -41.4318 -29.6 1.5 1.0 3.4
2002.5178 -31.0648 -41.765 -47.9 6.1 3.4 8.9
2003.6055 -85.4448 -138.513 14 1.3 0.9 2.7
2003.6082 -83.1927 -139.18 18 1.3 0.9 2.7
2003.6110 -97.1023 -139.18 14.2 1.4 0.9 2.7
2003.6137 -99.0894 -145.178 18.5 3.0 1.8 4.9
2005.5260 -115.317 -225.82 34.5 1.4 1.0 3.2
2005.5288 -118.232 -225.709 31.2 1.3 0.9 2.8
2010.5151 304.819 277.36 -726.4 1.3 0.9 2.8
2010.5178 304.819 275.138 -739.3 1.3 0.9 2.7
2010.5205 287.929 275.138 -747.8 1.4 1.0 3.0
