2001.6082 0 0 0 1.7 1.1 3.4
2002.5178 -26.3924 12.5517 22.3 1.6 1.2 3.8
2002.5205 -26.0617 10.2191 27.3 1.7 1.3 4.0
2003.5973 -83.0799 63.7581 96.4 1.4 0.9 2.8
2003.6000 -78.6481 48.4295 79.4 1.4 0.9 2.7
2003.6027 -93.2003 66.9793 104.7 1.6 1.0 3.1
2004.6575 -143.604 86.0845 159 1.6 1.0 3.3
2004.6603 -145.191 85.307 155.7 1.3 0.9 2.9
2004.6630 -142.876 84.4183 163 1.3 0.9 2.9
2004.6658 -145.721 82.7522 157.6 1.3 0.9 2.9
2004.6685 -151.608 81.9747 142.2 1.3 0.9 2.8
2004.6712 -145.985 88.306 159.7 1.3 0.9 2.8
2004.6740 -146.647 88.306 143 1.3 0.9 2.9
2004.6767 -145.654 88.6393 157.5 1.3 0.9 2.8
2004.6795 -142.347 86.751 164.6 1.3 0.9 2.8
2004.6822 -144.265 84.6405 175.4 1.3 0.9 2.8
2004.6849 -141.752 90.4165 159 1.3 0.9 2.8
2004.6877 -146.25 85.1959 149.9 1.3 0.9 2.9
2005.5342 -146.911 58.6485 158.1 1.4 0.9 2.9
2005.5370 -148.3 60.3147 156.6 1.4 0.9 2.8
2005.5397 -154.518 56.0938 151.7 1.4 0.9 2.8
2005.5425 -143.405 58.8707 150.2 1.5 1.0 3.0
2008.7014 658.951 -940.709 -987.4 1.6 0.9 2.8
2008.7041 652.138 -946.263 -968.8 1.5 0.9 2.7
2008.7068 644.862 -942.82 -969.2 1.5 0.9 2.7
2008.7096 646.581 -943.708 -975 1.5 0.9 2.7
2008.7123 653.593 -945.374 -968.4 1.5 0.9 2.7
2008.7151 645.523 -946.374 -973.8 1.5 0.9 2.8
2008.7178 653.395 -950.262 -974.7 1.5 0.9 2.6
2008.7205 650.087 -946.818 -963.7 1.5 0.9 2.6
2008.7233 643.34 -947.374 -972.5 1.5 0.8 2.6
2008.7260 646.185 -945.93 -966.7 1.5 0.8 2.6
2008.7288 647.904 -947.818 -966.4 1.5 0.9 2.6
2008.7315 659.546 -944.375 -953.3 1.5 0.9 2.6
2008.7342 643.142 -941.265 -969.9 1.5 0.8 2.6
2008.7370 655.71 -939.821 -960.2 1.5 0.8 2.6
2008.7397 648.103 -945.819 -965.4 1.5 0.8 2.6
2008.7425 658.488 -943.264 -970.9 1.5 0.8 2.6
2008.7452 645.126 -947.929 -965 1.5 0.8 2.6
2008.7479 649.558 -947.041 -974 1.5 0.8 2.6
2008.7507 635.866 -950.928 -952.6 1.5 0.8 2.6
2008.7534 643.34 -944.486 -965.3 1.5 0.8 2.6
2008.7562 645.457 -944.375 -970.3 1.5 0.8 2.6
2008.7589 641.422 -945.597 -966.6 1.5 0.8 2.6
2008.7616 645.854 -946.93 -966.2 1.5 0.9 2.6
2008.7644 645.391 -951.039 -961.5 1.5 0.8 2.6
2008.7671 647.971 -946.374 -966.7 1.5 0.8 2.6
2008.7699 644.994 -943.819 -966.4 1.5 0.9 2.7
2008.7726 651.609 -941.82 -959.2 1.5 0.9 2.7
2008.7753 652.733 -947.485 -980.8 1.4 0.8 2.5
2008.7781 644.531 -945.263 -967.9 1.4 0.8 2.6
2008.7808 646.581 -943.93 -969.7 1.4 0.8 2.5
2008.7836 644.531 -943.153 -952.3 1.4 0.9 2.6
2008.7863 654.651 -949.373 -970.6 1.5 0.9 2.6
2008.7890 647.904 -944.375 -969.7 1.4 0.9 2.5
2008.7918 641.422 -945.486 -965.6 1.5 0.8 2.6
2008.7945 636.13 -940.82 -957.7 1.5 0.9 2.6
2008.7973 637.056 -942.486 -964.8 1.4 0.8 2.5
2008.8000 648.037 -944.93 -966.1 1.4 0.9 2.6
2008.8027 640.827 -947.152 -963 1.4 0.9 2.6
2008.8055 632.162 -941.042 -964.5 1.4 0.9 2.5
2008.8082 641.157 -941.376 -966 1.4 0.8 2.5
2008.8110 637.718 -938.932 -967.4 1.4 0.9 2.5
2008.8137 641.356 -939.154 -963.2 1.4 0.9 2.6
2008.8164 638.975 -943.375 -957.1 1.4 0.9 2.6
2008.8192 639.901 -939.154 -949.9 1.4 0.9 2.5
2008.8219 636.726 -938.599 -953.8 1.4 0.9 2.5
2008.8247 633.286 -937.932 -956.9 1.4 0.9 2.5
2008.8274 639.041 -942.486 -965.9 1.5 0.9 2.6
2008.8301 652.998 -937.377 -974.8 1.5 0.9 2.6
2008.8329 638.776 -942.375 -966.9 1.4 0.9 2.5
2008.8356 641.554 -941.154 -950.4 1.4 0.9 2.6
2008.8384 635.27 -938.932 -959.8 1.4 0.8 2.5
2008.8411 633.352 -938.154 -968.1 1.4 0.9 2.5
2008.8438 632.889 -940.598 -949.2 1.4 0.9 2.6
2008.8466 632.029 -936.822 -951.1 1.4 0.9 2.6
2008.8493 633.286 -936.377 -949.9 1.4 0.9 2.5
2008.8521 629.185 -935.822 -952.5 1.4 0.9 2.5
2008.8548 630.971 -934.6 -950.2 1.4 0.9 2.5
2008.8575 628.523 -933.489 -951.4 1.4 0.9 2.5
2008.8603 630.442 -936.377 -954.1 1.4 0.9 2.6
2008.8630 630.442 -939.154 -954.9 1.4 0.9 2.6
2008.8658 624.687 -936.266 -948.8 1.4 0.9 2.6
2008.8685 627.267 -937.71 -957.6 1.4 0.9 2.6
2008.8712 622.901 -934.156 -952.3 1.4 0.9 2.6
2008.8740 623.893 -938.043 -947.9 1.4 0.9 2.6
2008.8767 634.08 -934.267 -950.3 1.4 0.9 2.6
2008.8795 633.551 -940.043 -953.9 1.4 0.9 2.6
2008.8822 624.687 -929.268 -945 1.4 0.9 2.6
2008.8849 621.578 -925.825 -955.5 1.4 0.9 2.6
2008.8877 621.446 -932.49 -939.7 1.4 0.9 2.6
2008.8904 622.57 -932.156 -941 1.4 0.9 2.6
2008.8932 626.473 -940.043 -952.8 1.4 0.9 2.6
2008.8959 629.913 -936.266 -948.4 1.4 0.9 2.6
2008.8986 629.383 -934.045 -966.2 1.4 0.9 2.7
2008.9014 629.78 -939.932 -946.6 1.4 0.9 2.7
2008.9041 618.998 -936.599 -945.5 1.4 0.9 2.6
2008.9068 626.473 -933.711 -947.7 1.4 0.9 2.6
2008.9096 627.531 -927.269 -946.6 1.4 0.9 2.6
2008.9123 627.002 -932.712 -944.6 1.4 0.9 2.5
2008.9151 622.57 -930.046 -944.1 1.4 0.9 2.6
2008.9178 630.508 -930.046 -940 1.4 0.9 2.6
2008.9205 635.535 -941.265 -989.3 1.5 0.9 2.8
2008.9233 633.683 -927.047 -976 1.4 0.9 2.6
2008.9260 625.018 -930.934 -964.9 1.4 0.9 2.6
2008.9288 619.263 -925.158 -944.1 1.4 0.9 2.6
2008.9315 612.516 -929.379 -947.4 1.4 0.9 2.6
2008.9342 618.337 -927.047 -945.4 1.4 0.9 2.6
2008.9370 613.641 -926.491 -951.9 1.4 0.9 2.5
2008.9397 611.193 -925.714 -946.6 1.4 0.9 2.6
2008.9425 618.403 -934.489 -937.7 1.4 0.9 2.6
2008.9452 619.395 -932.823 -940.9 1.4 0.9 2.6
2008.9479 612.847 -931.046 -937.4 1.4 0.9 2.6
2008.9507 618.138 -938.043 -942.6 1.4 0.9 2.6
2008.9534 618.535 -932.045 -940.5 1.4 0.9 2.6
2008.9562 610.399 -933.267 -959.9 1.4 0.9 2.6
2008.9589 606.431 -920.16 -946.2 1.4 0.9 2.6
2008.9616 617.08 -929.157 -940.9 1.4 0.9 2.6
2008.9644 618.469 -929.49 -949.8 1.4 0.9 2.6
2008.9671 618.006 -933.934 -936.9 1.4 0.9 2.6
2008.9699 612.119 -923.714 -937.9 1.5 0.9 2.7
2008.9726 612.847 -923.937 -934.4 1.4 0.9 2.6
2008.9753 612.714 -927.602 -945.8 1.4 0.9 2.6
2008.9781 615.426 -929.046 -940.5 1.4 0.9 2.6
2008.9808 617.477 -925.047 -943.1 1.4 0.9 2.6
2008.9836 616.551 -926.491 -942.8 1.4 0.9 2.6
2008.9863 606.034 -927.38 -949.7 1.4 0.9 2.6
2008.9890 611.392 -924.048 -938.5 1.4 0.9 2.6
2008.9918 614.567 -925.603 -930.1 1.4 0.9 2.6
2008.9945 601.007 -923.048 -940.5 1.4 0.9 2.6
2008.9973 610.399 -920.604 -936.7 1.4 0.9 2.6
2009.0000 610.399 -917.161 -937.9 1.4 0.9 2.6
2009.0027 612.185 -922.27 -931.5 1.4 0.9 2.6
2009.0027 609.341 -921.049 -928.1 1.4 0.9 2.6
2009.0055 609.143 -922.382 -923.7 1.4 0.9 2.6
2009.0082 611.59 -919.605 -936.7 1.4 0.9 2.6
2009.0110 610.73 -921.271 -930.5 1.4 0.9 2.6
2009.0137 612.648 -919.16 -929.9 1.4 0.9 2.5
2009.0164 606.629 -918.827 -928.8 1.5 0.9 2.6
2009.0192 606.96 -918.161 -937.4 1.4 0.9 2.6
2009.0219 605.438 -918.716 -931.4 1.4 0.9 2.6
2009.0247 605.769 -918.05 -939.7 1.4 0.9 2.6
2009.0274 601.536 -916.494 -940.7 1.3 0.9 2.5
2009.0301 600.279 -917.827 -937.2 1.3 0.9 2.5
2009.0329 602.131 -918.272 -932.8 1.4 0.9 2.6
2009.0356 598.427 -914.717 -934.1 1.4 0.9 2.6
2009.0384 599.816 -917.383 -933 1.4 0.9 2.5
2009.0411 603.851 -916.272 -939.6 1.4 0.9 2.5
2009.0438 603.057 -914.273 -931.7 1.3 0.9 2.5
2009.0466 600.213 -919.494 -933.2 1.4 0.9 2.6
2009.0493 611.193 -920.938 -925.6 1.4 0.9 2.6
2009.0521 608.944 -923.603 -943.6 1.4 0.9 2.6
2009.0548 610.929 -920.938 -907 1.7 1.0 3.3
2009.0575 601.139 -916.383 -935.7 1.4 0.9 2.5
2009.0603 599.617 -916.383 -918.8 1.4 0.9 2.5
2009.0630 592.606 -915.495 -943.4 1.4 0.9 2.6
2009.0658 589.894 -913.384 -931.9 1.4 0.9 2.6
2009.0685 591.283 -912.607 -924.7 1.4 0.9 2.5
2009.0712 590.092 -911.607 -928.7 1.3 0.9 2.5
2009.0740 597.369 -910.83 -928.3 1.4 0.9 2.5
2009.0767 595.252 -907.608 -928.6 1.4 0.9 2.5
2009.0795 595.384 -912.162 -928.9 1.4 0.9 2.6
2009.0822 594.193 -912.94 -925.8 1.4 0.9 2.5
2009.0849 596.112 -906.275 -925 1.3 0.9 2.5
2009.0877 597.369 -913.495 -934.4 1.3 0.9 2.5
2009.0904 597.633 -915.717 -921.5 1.3 0.9 2.5
2009.0932 597.964 -918.161 -928.2 1.5 0.9 2.7
2009.0959 603.322 -915.939 -930.4 1.4 0.9 2.5
2009.0986 603.123 -915.939 -926.1 1.4 0.9 2.5
2009.1014 601.403 -914.606 -928.4 1.4 0.9 2.5
2009.1041 603.719 -914.828 -930.4 1.4 0.9 2.5
2009.1068 602.925 -913.273 -923.4 1.9 1.2 3.2
2009.1096 601.602 -915.717 -929.6 1.8 1.1 3.1
2009.1123 596.905 -914.828 -929.6 1.4 0.9 2.6
2009.1151 602.925 -916.717 -926.5 1.6 1.1 3.0
2009.1178 609.473 -918.827 -941.1 1.8 1.2 3.1
2009.1205 600.94 -909.163 -926.2 1.4 0.9 2.6
2009.1233 604.115 -915.495 -928.6 1.8 1.3 3.5
2009.1260 591.812 -911.274 -928.6 1.9 1.3 3.3
2009.1288 587.248 -909.052 -922.4 1.9 1.2 3.3
2009.1315 586.256 -907.83 -922.8 2.5 1.5 4.1
2009.1342 596.046 -923.159 -905 2.4 1.4 3.8
2009.1370 595.649 -912.162 -932.7 2.0 1.2 3.2
2009.1397 608.746 -919.16 -904.6 3.3 2.0 5.5
2009.1452 590.622 -909.163 -915.3 3.4 2.1 5.4
2009.1479 574.813 -908.164 -932.3 3.2 2.8 6.4
2009.1534 598.03 -916.161 -920.7 2.8 2.6 5.8
2009.1726 587.976 -905.276 -914 2.3 1.3 3.6
2009.1753 598.493 -906.164 -938.3 3.8 2.6 6.2
2010.5123 523.483 -883.949 -845.9 1.4 0.9 2.8
2010.5151 524.607 -884.949 -836.6 1.4 0.9 2.8
