2000.5671 0 0 0 15.7 10.4 19.8
2000.5699 17.99 -27.436 31.1 1.6 0.9 3.0
2000.5726 19.1144 -26.7695 35.8 1.6 0.9 2.9
2000.5753 8.39974 -28.2135 27.6 1.9 1.1 3.2
2001.5863 21.8261 -21.66 39.4 4.4 3.4 7.9
2001.5890 6.34941 -37.4329 54.7 1.4 1.0 2.9
2001.5918 18.1884 -28.991 42.6 1.4 1.0 3.0
2002.5151 5.42345 -22.1043 87.3 2.1 1.2 3.6
2002.5178 1.45507 -23.8815 87.1 1.6 0.9 2.9
2002.5205 2.57945 -26.3252 92.5 1.5 1.0 3.1
2002.5233 -12.5004 -14.7732 87.4 22.2 8.6 17.9
2003.5945 1.71963 55.9827 171.6 1.2 0.8 2.5
2003.5973 15.2121 48.8738 174.3 1.2 0.8 2.5
2003.6000 21.0324 40.543 163 1.2 0.8 2.5
2003.6027 7.01081 56.9824 181.9 1.2 0.8 2.5
2004.6493 5.35731 91.6383 221.4 1.2 0.9 2.7
2004.6521 4.23294 93.1934 233.3 1.2 0.8 2.6
2004.6548 3.10857 93.3045 231.5 1.2 0.8 2.6
2004.6575 6.61397 92.4159 227.3 1.2 0.8 2.6
2004.6603 7.27536 92.7491 243.6 1.2 0.9 2.6
2004.6630 4.56364 91.0829 241.1 1.2 0.9 2.7
2004.6658 5.48959 90.4165 249.3 1.3 0.9 2.8
2005.5233 3.8361 54.8719 251.7 1.3 0.9 2.8
2005.5260 3.37312 54.7608 233.7 1.2 0.8 2.6
2005.5288 2.44717 57.7599 217.4 1.2 0.8 2.6
2010.5068 -151.658 -967.812 -877 1.3 0.8 2.5
2010.5096 -149.806 -968.7 -886.3 1.3 0.8 2.5
2010.5123 -148.682 -969.7 -865.8 1.3 0.9 2.8
2010.5644 -141.473 -966.479 -879.1 1.3 0.8 2.5
