2000.5699 0 0 0 1.5 1.0 3.1
2000.5726 0.0661753 1.22185 5.9 1.6 1.0 3.2
2000.5753 -1.45587 -1.88831 -10.7 1.7 1.1 3.3
2000.5781 -5.09555 0.444308 11.6 1.8 1.0 3.1
2000.5808 -8.5367 1.22185 -21.9 1.5 1.0 3.1
2000.5836 -3.44115 4.88738 -7.4 1.5 1.0 3.0
2000.5863 -5.02937 1.99938 -3.1 2.2 1.4 4.1
2001.5890 5.16173 -13.2182 14.8 1.3 1.0 2.8
2001.5918 6.48524 -9.21938 33 1.2 0.9 2.7
2001.5945 3.63968 -13.5514 24.1 1.2 0.9 2.7
2002.5151 -12.044 -11.9963 119.1 1.3 0.8 2.6
2002.5178 -20.3822 -14.1068 107.8 1.3 0.8 2.5
2002.5205 -16.941 -16.1061 108.4 1.5 1.0 3.0
2003.5890 -21.7057 18.2166 341.2 1.3 0.8 2.6
2003.5918 -16.6763 15.884 343.8 1.3 0.8 2.6
2004.6575 -22.9631 27.1028 491.8 1.4 0.9 2.9
2004.6603 -21.1763 25.992 485.2 1.2 0.9 2.6
2004.6630 -23.2278 27.1028 487.8 1.2 0.9 2.7
2004.6658 -25.8086 28.3246 493.4 1.2 0.9 2.6
2004.6685 -36.9262 33.4341 444.6 1.2 0.8 2.5
2004.6712 -27.8601 27.5471 478.4 1.2 0.8 2.5
2004.6740 -27.6616 29.7686 457.2 1.2 0.8 2.6
2004.6767 -24.4189 27.436 457.2 1.2 0.8 2.5
2004.6795 -22.4337 26.7695 488 1.2 0.8 2.5
2004.6822 -26.9336 26.2141 488.9 1.2 0.8 2.5
2004.6849 -26.4042 22.1043 468.1 1.2 0.8 2.5
2004.6877 -26.4042 28.88 466.6 1.2 0.8 2.5
2004.6904 -26.9998 27.3249 488.2 1.2 0.8 2.5
2004.6932 -28.9851 29.4354 460 1.2 0.8 2.5
2004.6959 -26.4042 22.1043 462.6 1.2 0.8 2.5
2004.6986 -28.0586 28.3246 455.1 1.2 0.8 2.5
2004.7014 -28.2571 27.1028 478 1.2 0.8 2.5
2004.7041 -24.9483 25.8809 479.8 1.2 0.9 2.6
2004.7068 -28.191 24.9923 466.9 1.2 0.8 2.5
2005.5151 -29.6468 3.55446 462.7 1.3 0.8 2.6
2005.5178 -25.7425 -0.777539 464.7 1.2 0.8 2.6
2005.5205 -28.1248 1.88831 459.8 1.2 0.8 2.5
