2000.5726 0 0 0 14.4 10.5 22.3
2000.5753 -14.5817 5.99818 -6.3 1.9 1.1 3.4
2000.5781 -12.7921 4.55417 3.3 3.4 1.5 5.1
2001.5945 -18.3597 -12.7739 2.8 1.5 1.0 3.1
2001.5973 -25.054 -15.4397 10 1.6 1.1 3.4
2002.5123 -35.6589 -33.5453 1.2 1.8 0.9 3.0
2002.5151 -35.0624 -43.6534 25.5 6.0 2.7 7.6
2010.5315 1.52445 43.098 -148.7 1.3 0.8 2.5
2010.5342 2.98262 40.3211 -134.8 1.3 0.8 2.5
2010.5370 -0.530244 38.5438 -125 1.3 0.8 2.5
2010.5397 -1.06049 38.4327 -121.9 1.3 0.8 2.5
2010.5425 -2.91634 36.5444 -125.9 1.3 0.8 2.5
