2000.5671 0 0 0 14.7 9.8 22.2
2000.5699 32.2003 1.8883 -16.5 2.0 1.2 3.9
2000.5726 32.2003 3.99876 -9.5 2.1 1.2 4.0
2000.5753 31.7374 -1.99938 -16.2 2.3 1.4 4.4
2001.5863 24.4643 -1.66615 -28.6 1.9 1.3 3.7
2001.5890 23.0758 -9.66367 -9.9 1.7 1.2 3.5
2001.5918 32.3986 -4.10984 -23.4 1.7 1.2 3.5
2002.5151 31.9358 -12.7738 3.5 1.6 1.0 3.0
2002.5178 25.2577 -15.884 1.9 1.6 1.0 3.0
2002.5205 26.3156 -18.3277 2.2 1.7 1.1 3.2
2002.5233 24.9932 -13.4403 -3 22.8 9.1 18.1
2003.5890 60.6318 5.10953 47.4 1.7 1.1 3.2
2003.5918 51.1105 6.77568 42.2 1.7 1.1 3.2
2005.5233 53.028 -18.6609 64.5 1.7 1.1 3.5
2005.5260 52.4329 -21.771 60.7 1.6 1.0 3.1
2005.5288 50.7138 -21.5489 44 1.6 1.0 3.1
2005.5315 50.7799 -20.327 48.1 1.7 1.1 3.3
2008.7096 -299.456 -505.177 -365.3 1.8 1.0 3.2
2008.7123 -299.522 -507.62 -356.1 1.7 1.0 3.0
2008.7151 -309.638 -503.844 -364.6 1.8 1.0 3.1
2008.7178 -314.267 -505.288 -358.8 1.7 1.0 3.0
2008.7205 -307.523 -500.956 -355.3 1.7 1.0 2.9
2008.7233 -307.787 -496.624 -367.2 1.7 1.0 2.9
2008.7260 -305.341 -499.845 -368.7 1.7 0.9 2.9
2008.7288 -304.415 -505.288 -356.2 1.7 0.9 2.9
2008.7315 -296.679 -501.067 -354 1.7 1.0 2.9
2008.7342 -300.051 -505.066 -365 1.7 1.0 2.9
2008.7370 -300.58 -501.622 -365.5 1.7 1.0 2.9
2008.7397 -304.481 -503.066 -364.4 1.7 0.9 2.9
2008.7425 -300.778 -504.955 -360.9 1.7 0.9 3.0
2008.7452 -294.431 -506.51 -357 1.7 0.9 3.0
2008.7479 -309.043 -497.068 -347.8 1.7 0.9 2.9
2008.7507 -301.572 -503.399 -353.7 1.8 0.9 2.9
2008.7534 -298.068 -500.956 -365.1 1.7 0.9 3.0
2008.7562 -303.886 -502.955 -358.9 1.7 1.0 3.0
2008.7589 -306.729 -500.4 -360.5 1.7 0.9 2.9
2008.7616 -305.407 -502.067 -366 1.7 0.9 2.9
2008.7644 -305.804 -508.731 -372.3 1.7 1.0 2.9
2008.7671 -306.134 -501.622 -362.2 1.7 0.9 2.9
2008.7699 -303.159 -500.178 -366.4 1.8 1.0 3.0
2008.7726 -295.158 -502.067 -361.6 1.8 1.0 3.0
2008.7753 -298.068 -501.844 -391.7 1.7 0.9 2.9
2008.7781 -300.712 -504.288 -361.8 1.7 0.9 2.9
2008.7808 -308.316 -502.511 -348.4 1.7 0.9 2.8
2008.7836 -299.125 -498.956 -357.9 1.7 0.9 2.8
2008.7863 -301.902 -505.399 -369.7 1.7 1.0 2.9
2008.7890 -312.878 -498.845 -364.2 1.7 1.0 2.9
2008.7918 -305.87 -500.289 -360.7 1.7 1.0 2.9
2008.7945 -300.712 -498.623 -356.5 1.8 1.0 2.9
2008.7973 -299.324 -495.513 -365.3 1.7 0.9 2.9
2008.8000 -305.671 -500.178 -363.9 1.7 1.0 2.8
2008.8027 -310.498 -500.511 -353.9 1.7 1.0 2.8
2008.8055 -301.241 -498.845 -370.5 1.7 1.0 2.8
2008.8082 -307.919 -497.512 -361.5 1.7 0.9 2.8
2008.8110 -296.018 -499.401 -358.3 1.7 0.9 2.8
2008.8137 -300.646 -501.178 -356.5 1.7 1.0 2.8
2008.8164 -294.96 -498.512 -354.2 1.7 1.0 2.8
2008.8192 -303.952 -498.845 -355.5 1.7 1.0 2.8
2008.8219 -303.423 -501.511 -347.6 1.7 1.0 2.9
2008.8247 -298.596 -497.623 -349.1 1.7 0.9 2.8
2008.8274 -311.82 -489.515 -360.8 1.8 1.0 2.9
2008.8301 -314.069 -499.845 -359.4 1.8 1.0 2.9
2008.8329 -302.96 -492.736 -363.2 1.7 1.0 2.9
2008.8356 -301.572 -496.735 -343 1.7 0.9 2.8
2008.8384 -302.564 -498.29 -349.1 1.7 0.9 2.8
2008.8411 -300.977 -492.625 -366.1 1.7 0.9 2.8
2008.8438 -306.663 -495.291 -353.6 1.7 1.0 3.0
2008.8466 -300.448 -500.4 -356.2 1.7 1.0 2.8
2008.8493 -300.845 -499.734 -352.9 1.7 0.9 2.8
2008.8521 -301.44 -498.956 -347 1.7 1.0 2.9
2008.8548 -292.58 -488.959 -363.2 1.6 0.9 2.8
2008.8575 -300.051 -497.401 -351.4 1.7 1.0 2.8
2008.8603 -303.159 -499.956 -352.3 1.7 1.0 2.9
2008.8630 -306.729 -500.4 -348.6 1.7 1.0 2.9
2008.8658 -303.159 -494.069 -349.3 1.6 1.0 2.9
2008.8685 -304.349 -495.957 -355.2 1.7 1.0 2.9
2008.8712 -303.82 -495.624 -350.1 1.6 1.0 2.9
2008.8740 -287.422 -495.402 -349.6 1.6 1.0 2.9
2008.8767 -296.679 -492.403 -351.3 1.6 1.0 2.9
2008.8795 -292.447 -498.179 -355.7 1.6 1.0 2.9
2008.8822 -301.109 -495.069 -342.8 1.6 1.0 2.9
2008.8849 -297.869 -500.511 -355.5 1.6 1.0 2.9
2008.8877 -301.043 -497.623 -346.6 1.6 1.0 2.9
2008.8904 -297.274 -496.624 -336.9 1.7 1.0 3.0
2008.8932 -311.358 -493.736 -347.5 1.6 1.0 2.9
2008.8959 -305.142 -496.624 -348.7 1.6 1.0 2.9
2008.8986 -300.316 -497.512 -368.8 1.8 1.1 3.2
2008.9014 -298.861 -495.291 -350.3 1.7 1.0 3.0
2008.9041 -299.059 -498.401 -349.3 1.6 1.0 2.8
2008.9068 -296.282 -493.847 -349.9 1.6 1.0 2.9
2008.9096 -291.522 -495.069 -348.6 1.6 1.0 2.9
2008.9123 -299.059 -496.846 -348.7 1.6 1.0 2.8
2008.9151 -298.332 -490.181 -344.9 1.6 1.0 2.8
2008.9178 -295.357 -493.069 -344.2 1.6 1.0 2.8
2008.9205 -300.051 -501.4 -367.5 1.6 1.0 2.8
2008.9233 -294.299 -496.735 -361.8 1.6 1.0 2.9
2008.9260 -305.01 -492.625 -351.2 1.6 1.0 2.9
2008.9288 -295.357 -487.071 -351.4 1.6 1.0 2.8
2008.9315 -295.952 -491.292 -356.5 1.6 1.0 2.8
2008.9342 -294.563 -490.07 -353.4 1.6 1.0 2.8
2008.9370 -292.646 -491.07 -353.8 1.6 1.0 2.8
2008.9397 -304.613 -493.736 -350.9 1.6 1.0 2.8
2008.9425 -303.093 -492.514 -342.8 1.7 1.0 2.9
2008.9452 -297.539 -493.958 -343.7 1.6 1.0 2.8
2008.9479 -290.332 -490.07 -340.5 1.7 1.0 2.9
2008.9507 -297.142 -496.402 -347 1.7 1.0 2.9
2008.9534 -290.993 -500.623 -353.2 1.6 1.0 2.8
2008.9562 -286.43 -499.067 -364.7 1.6 1.0 2.9
2008.9589 -297.142 -494.291 -349 1.7 1.0 2.8
2008.9616 -290.662 -492.181 -356.3 1.8 1.0 2.9
2008.9644 -295.621 -487.293 -354.9 1.6 1.0 2.9
2008.9671 -292.712 -494.624 -347.6 1.6 1.0 2.8
2008.9699 -295.621 -492.625 -339.4 1.8 1.0 2.9
2008.9726 -292.447 -491.959 -345 1.7 1.0 2.9
2008.9753 -287.951 -490.848 -343.1 1.6 1.0 2.8
2008.9781 -297.142 -488.737 -348.7 1.6 1.0 2.9
2008.9808 -294.629 -491.403 -353.2 1.6 1.0 2.9
2008.9836 -301.374 -489.404 -339 1.6 1.0 2.8
2008.9863 -301.836 -485.072 -352.8 1.6 1.0 2.8
2008.9890 -299.522 -489.626 -342.7 1.6 1.0 2.9
2008.9918 -299.258 -491.403 -336.8 1.6 1.0 2.8
2008.9945 -299.324 -489.293 -344 1.6 1.0 2.8
2008.9973 -297.472 -489.293 -339.7 1.7 1.0 2.8
2009.0000 -297.671 -492.292 -346 1.6 1.0 2.8
2009.0027 -288.612 -491.625 -347.1 1.6 1.0 2.8
2009.0027 -289.604 -488.515 -341 1.6 1.0 2.8
2009.0055 -287.687 -489.071 -342.1 1.6 1.0 2.8
2009.0082 -287.224 -489.959 -347 1.6 1.0 2.8
2009.0110 -286.629 -491.514 -345.9 1.6 1.0 2.8
2009.0137 -293.241 -491.959 -346.3 1.6 1.0 2.8
2009.0164 -290.662 -489.293 -337.9 1.6 1.0 2.9
2009.0192 -293.175 -489.293 -347.9 1.6 1.0 2.8
2009.0219 -293.704 -491.625 -351.1 1.6 1.0 2.9
2009.0247 -295.026 -489.404 -346.9 1.6 1.0 2.9
2009.0274 -295.886 -490.403 -348.7 1.6 1.0 2.8
2009.0301 -296.018 -487.627 -348.4 1.6 1.0 2.8
2009.0329 -293.902 -489.071 -345.1 1.6 1.0 2.8
2009.0356 -296.282 -487.071 -349.7 1.6 1.0 2.8
2009.0384 -291.985 -488.071 -353.6 1.6 1.0 2.8
2009.0411 -295.819 -487.849 -354.6 1.6 1.0 2.8
2009.0438 -295.489 -484.85 -344 1.6 1.0 2.8
2009.0466 -299.125 -483.295 -342.8 1.6 1.0 2.8
2009.0493 -288.414 -486.516 -353.3 1.6 1.0 2.9
2009.0521 -282.662 -490.292 -347.3 1.6 1.0 2.8
2009.0548 -296.745 -490.626 -358.5 1.7 1.0 2.9
2009.0575 -283.521 -487.404 -393.2 1.7 1.0 3.0
2009.0603 -287.224 -487.96 -366.8 1.7 1.1 2.9
2009.0630 -291.191 -485.849 -359.8 1.6 1.0 2.8
2009.0658 -291.125 -486.96 -342.9 1.6 1.0 2.8
2009.0685 -291.72 -485.516 -339.2 1.6 1.0 2.8
2009.0712 -291.654 -483.295 -343.5 1.6 1.0 2.8
2009.0740 -290.398 -484.516 -354.1 1.6 1.0 2.8
2009.0767 -290.596 -484.294 -351 1.7 1.0 2.9
2009.0795 -292.051 -486.516 -336.8 1.6 1.0 2.9
2009.0822 -293.836 -485.627 -342.2 1.6 1.0 2.8
2009.0849 -294.299 -486.738 -348.3 1.6 1.0 2.8
2009.0877 -298.596 -487.182 -343 1.6 1.0 2.8
2010.5068 -272.942 -474.408 -312.9 1.6 1.0 2.9
2010.5096 -271.421 -474.964 -320.4 1.6 1.0 2.9
2010.5123 -270.363 -474.186 -309.9 1.6 1.0 3.0
