2000.5726 0 0 0 1.7 1.1 3.2
2000.5753 2.11103 -1.77722 1.7 2.0 1.1 3.5
2001.5890 -14.0516 -3.77659 0.8 4.8 3.6 8.8
2001.5918 -12.6662 -10.5522 -8.4 1.4 1.0 3.0
2001.5945 -17.7459 -14.8842 -11.2 1.4 0.9 2.9
2001.5973 -38.7903 -0.55538 -15.6 17.9 9.3 17.4
2002.5178 -22.9575 -30.7681 -7.1 1.5 1.0 3.4
2002.5205 -25.0685 -31.8788 -5.8 1.5 1.1 3.5
2002.5233 -7.25668 -36.2108 -5.4 28.7 11.4 18.2
2010.5041 -104.76 -275.691 -21.5 1.3 0.8 2.5
2010.5068 -99.6144 -277.468 -15.2 1.3 0.8 2.5
2010.5096 -100.076 -277.579 -14.9 1.3 0.8 2.5
