2000.5753 0 0 0 12.9 9.5 21.4
2000.5781 16.3886 -14.3289 2.7 2.4 1.5 4.7
2001.5863 17.8425 -15.3286 -4 13.7 6.0 17.0
2001.5890 21.8075 -28.6577 17.7 1.3 1.0 2.9
2001.5918 22.9309 -29.3242 16.1 1.3 1.0 3.1
2002.5068 -40.3768 -48.5404 85.4 33.8 22.3 64.7
2002.5096 10.7055 -31.3236 9.4 1.3 0.9 3.0
2002.5123 11.1681 -31.879 8.8 1.3 0.9 2.9
2008.6986 -113.795 -503.843 -181.8 1.5 0.9 2.9
2008.7014 -117.496 -505.62 -207.5 1.4 0.9 2.7
2008.7041 -110.227 -510.952 -189 1.3 0.9 2.8
2008.7068 -113.002 -506.287 -200.9 1.3 0.9 2.8
2008.7096 -119.346 -502.399 -198.2 1.5 1.0 3.0
2008.7123 -111.482 -508.619 -177.9 1.3 0.9 2.8
2008.7151 -117.166 -508.842 -200.2 1.4 0.9 2.8
2008.7178 -112.804 -507.398 -190.3 1.3 0.9 2.7
2008.7205 -112.804 -505.62 -186.6 1.3 0.9 2.7
2008.7233 -116.373 -503.843 -194.3 1.3 0.9 2.7
2008.7260 -117.166 -504.621 -197.7 1.3 0.9 2.7
2008.7288 -111.615 -510.286 -181.9 1.3 0.9 2.7
2008.7315 -113.201 -500.4 -187.1 1.3 0.9 2.7
2008.7342 -114.126 -505.065 -189.4 1.3 0.9 2.7
2008.7370 -106.989 -503.288 -200.4 1.3 0.9 2.7
2008.7397 -117.298 -505.398 -195.2 1.3 0.9 2.7
2008.7425 -107.65 -506.065 -187.6 1.3 0.9 2.7
2008.7452 -102.759 -509.841 -178.5 1.3 0.9 2.7
2008.7479 -116.769 -507.175 -198.7 1.3 0.9 2.7
2008.7507 -120.536 -512.507 -186.2 1.3 0.9 2.7
2008.7534 -114.126 -504.398 -188.8 1.3 0.9 2.7
2008.7562 -114.456 -505.731 -195.3 1.3 0.9 2.7
2008.7589 -108.707 -507.62 -191.2 1.3 0.9 2.7
2008.7616 -113.531 -508.842 -182.8 1.3 0.9 2.7
2008.7644 -108.905 -510.619 -188.7 1.3 0.9 2.7
2008.7671 -107.716 -508.175 -192.3 1.3 0.9 2.7
2008.7699 -111.747 -506.398 -196.4 1.3 0.9 2.7
2008.7726 -105.072 -499.955 -180.9 1.3 0.9 2.8
2008.7753 -109.368 -498.623 -204.9 1.3 0.9 2.6
2008.7781 -117.298 -505.287 -190.1 1.3 0.9 2.6
2008.7808 -109.962 -507.731 -184.4 1.3 0.9 2.6
2008.7836 -119.875 -506.287 -185.4 1.3 0.9 2.6
2008.7863 -109.368 -507.064 -188.1 1.3 0.9 2.6
2008.7890 -106.857 -505.731 -194.3 1.3 0.9 2.6
2008.7918 -115.58 -508.619 -189.7 1.3 0.9 2.7
2008.7945 -114.456 -508.286 -188.4 1.3 0.9 2.7
2008.7973 -114.72 -505.398 -185.5 1.3 0.9 2.6
2008.8000 -107.451 -510.619 -189.1 1.3 0.9 2.6
2008.8027 -113.729 -509.508 -179.2 1.3 0.9 2.7
2008.8055 -111.945 -507.509 -189.1 1.3 0.9 2.6
2008.8082 -112.54 -512.84 -180.5 1.3 0.9 2.6
2008.8110 -114.787 -507.286 -189.2 1.3 0.9 2.6
2008.8137 -114.324 -506.176 -184.6 1.3 0.9 2.7
2008.8164 -112.606 -501.733 -174.6 1.3 0.9 2.6
2008.8192 -112.936 -507.064 -184.9 1.3 0.9 2.6
2008.8219 -113.729 -507.842 -182.4 1.3 0.9 2.6
2008.8247 -112.606 -507.62 -188.6 1.3 0.9 2.6
2008.8274 -111.086 -506.509 -187.9 1.4 0.9 2.7
2008.8301 -103.685 -508.175 -197.5 1.4 0.9 2.7
2008.8329 -112.077 -505.287 -186.2 1.3 0.9 2.6
2008.8356 -112.738 -502.843 -174.5 1.3 0.9 2.6
2008.8384 -112.011 -510.952 -184.1 1.3 0.9 2.7
2008.8411 -113.531 -506.731 -195.2 1.3 0.9 2.7
2008.8438 -110.161 -508.064 -185.6 1.3 0.9 2.7
2008.8466 -117.43 -508.286 -178.3 1.3 0.9 2.7
2008.8493 -115.976 -509.175 -177.9 1.3 0.9 2.6
2008.8521 -115.513 -507.509 -187.2 1.3 0.9 2.6
2008.8548 -114.192 -503.399 -185.4 1.3 0.9 2.6
2008.8575 -114.456 -506.731 -180 1.3 0.9 2.7
2008.8603 -113.068 -508.508 -187.4 1.3 0.9 2.7
2008.8630 -114.787 -508.286 -176.8 1.3 0.9 2.7
2008.8658 -118.553 -505.398 -179 1.3 0.9 2.7
2008.8685 -113.861 -508.842 -190.1 1.3 0.9 2.7
2008.8712 -120.602 -509.064 -180.2 1.3 0.9 2.7
2008.8740 -116.571 -510.286 -185 1.3 0.9 2.7
2008.8767 -112.209 -502.954 -189.3 1.3 0.9 2.7
2008.8795 -109.566 -504.398 -179.1 1.3 0.9 2.7
2008.8822 -117.099 -507.286 -173.4 1.3 0.9 2.7
2008.8849 -111.879 -507.398 -182.9 1.3 0.9 2.7
2008.8877 -117.496 -504.954 -173.4 1.3 0.9 2.8
2008.8904 -117.033 -507.398 -174.6 1.3 0.9 2.7
2008.8932 -113.597 -499.733 -166.7 1.3 0.9 2.9
2008.8959 -110.689 -504.065 -171 1.3 1.0 3.0
2008.8986 -109.434 -503.732 -198.6 1.3 0.9 2.9
2008.9014 -107.319 -506.509 -169.5 1.3 0.9 2.9
2008.9041 -119.016 -508.175 -175.7 1.3 0.9 2.8
2008.9068 -111.747 -507.731 -181.4 1.3 0.9 2.8
2008.9096 -111.681 -506.842 -180.5 1.3 0.9 2.7
2008.9123 -113.465 -508.73 -177.4 1.3 0.9 2.8
2008.9151 -113.927 -503.621 -183.3 1.3 0.9 2.8
2008.9178 -114.06 -503.066 -182 1.3 0.9 2.8
2008.9205 -108.178 -510.174 -208.2 1.3 0.9 2.7
2008.9233 -108.971 -506.398 -201.7 1.3 0.9 2.8
2008.9260 -115.117 -501.177 -194.1 1.3 0.9 2.9
2008.9288 -116.042 -502.066 -193.5 1.3 0.9 2.8
2008.9315 -120.536 -506.62 -189 1.2 0.9 2.7
2008.9342 -119.743 -503.954 -191.1 1.3 0.9 2.8
2008.9370 -119.478 -508.064 -183.1 1.3 0.9 2.7
2008.9397 -116.703 -505.509 -184.1 1.3 0.9 2.9
2008.9425 -118.818 -511.507 -187.6 1.3 0.9 2.9
2008.9452 -113.002 -510.397 -181.4 1.3 0.9 2.8
2008.9479 -117.694 -505.509 -182.7 1.3 0.9 2.9
2008.9507 -120.734 -504.621 -172.8 1.3 1.0 2.9
2008.9534 -112.408 -501.733 -172.8 1.3 0.9 2.8
2008.9562 -128.069 -499.289 -181.5 1.3 0.9 2.9
2008.9589 -120.932 -506.953 -186.1 1.3 0.9 2.9
2008.9616 -120.139 -501.288 -172.1 1.3 0.9 2.9
2008.9644 -107.782 -505.842 -188.4 1.3 0.9 3.0
2008.9671 -117.694 -499.844 -175.3 1.3 0.9 2.9
2008.9699 -114.919 -502.732 -177.2 1.4 0.9 2.8
2008.9726 -113.994 -503.732 -175.1 1.3 0.9 2.8
2008.9753 -109.83 -504.843 -180.9 1.3 0.9 2.8
2008.9781 -114.126 -505.954 -189.2 1.3 0.9 2.9
2008.9808 -113.729 -509.286 -182.5 1.3 0.9 2.9
2008.9836 -119.28 -503.954 -180.8 1.3 0.9 2.9
2008.9863 -118.553 -508.73 -190.6 1.3 0.9 2.8
2008.9890 -116.108 -505.62 -179.3 1.3 0.9 2.8
2008.9918 -114.853 -507.064 -177.6 1.3 0.9 2.8
2008.9945 -119.743 -506.62 -181.2 1.3 0.9 2.8
2008.9973 -115.051 -504.51 -181.7 1.3 0.9 2.8
2009.0000 -113.663 -503.843 -177 1.3 0.9 2.8
2009.0027 -112.077 -507.398 -184.4 1.3 0.9 2.8
2009.0027 -116.505 -504.065 -184.8 1.3 0.9 2.8
2009.0055 -118.421 -504.176 -181.4 1.3 0.9 2.8
2009.0082 -118.487 -501.733 -174.1 1.2 0.9 2.8
2009.0110 -113.267 -503.621 -174.6 1.3 1.0 2.8
2009.0137 -115.051 -504.51 -182.4 1.3 0.9 2.8
2009.0164 -114.06 -503.288 -173 1.3 0.9 2.8
2009.0192 -116.835 -504.732 -191.2 1.3 0.9 2.8
2009.0219 -119.743 -504.065 -169.7 1.3 1.0 2.8
2009.0247 -121.725 -502.399 -188.5 1.2 1.0 2.8
2009.0274 -115.183 -504.621 -195.1 1.2 0.9 2.7
2009.0301 -115.58 -504.51 -191.7 1.3 0.9 2.8
2009.0329 -123.576 -502.954 -194.8 1.3 0.9 2.7
2009.0356 -121.99 -500.4 -184.5 1.3 0.9 2.8
2009.0384 -123.509 -497.623 -188.5 1.3 0.9 2.7
2009.0411 -121.725 -499.289 -192.9 1.3 0.9 2.7
2009.0438 -114.192 -505.62 -187.2 1.3 0.9 2.7
2009.0466 -117.496 -506.842 -200.6 1.3 0.9 2.7
2009.0493 -109.698 -504.287 -199.4 1.3 0.9 2.7
2009.0521 -106.262 -499.067 -184.9 1.3 0.9 2.7
2009.0548 -112.408 -503.621 -206.2 1.2 0.9 2.6
2009.0575 -112.341 -499.844 -195.2 1.3 0.9 2.7
2009.0603 -111.35 -506.398 -193.8 1.2 0.9 2.6
2009.0630 -113.927 -509.952 -196.8 1.3 0.9 2.6
2009.0658 -112.275 -510.508 -185.8 1.3 0.9 2.6
2010.5205 -140.295 -501.955 -159.3 4.7 1.9 5.9
2010.5233 -130.184 -501.066 -179 1.3 0.9 2.8
2010.5260 -124.963 -502.621 -167.3 1.3 0.9 2.8
2010.5288 -130.118 -503.621 -177.1 1.3 0.9 2.8
2010.5315 -131.836 -506.731 -177.3 1.3 0.9 2.7
2010.5342 -132.695 -501.622 -179 1.9 1.3 4.0
