2002.5753 0 0 0 1.3 0.9 2.8
2002.5781 5.29448 3.11015 -1.7 1.3 0.9 2.7
2002.5808 4.89739 0.222154 1.9 1.3 0.8 2.7
2002.5836 1.52216 0.444308 0.1 1.3 0.9 2.7
2002.5863 0 -2.44369 9.9 1.3 0.9 2.7
2002.5890 7.54463 -3.66554 -3.1 1.4 0.9 2.7
2002.5945 1.65453 2.44369 -7.5 1.3 0.8 2.7
2002.5973 0.66181 0.888615 -11.4 1.3 0.8 2.7
2002.6000 2.11779 -0.444308 3.8 1.4 0.9 2.8
2002.6027 -2.7796 -1.77723 -3.6 1.3 0.8 2.7
2002.6055 7.80936 -1.444 -13.4 1.3 0.8 2.7
2002.6082 8.53735 -5.776 -39.6 1.3 0.8 2.7
2002.6110 -1.78689 1.33292 -1 1.3 0.8 2.7
2002.6137 1.58834 2.77692 -11.6 1.3 0.9 2.7
2002.6164 -2.25015 1.88831 4.4 1.6 1.0 3.1
2003.5945 98.742 -16.2172 182.2 1.3 0.8 2.6
2003.5973 101.125 -8.33077 187.5 1.3 0.8 2.6
2003.6000 91.396 -17.7723 204.6 1.3 0.8 2.5
2003.6027 98.4111 -18.2166 179.6 1.2 0.8 2.5
2003.6055 99.9333 -21.5489 165.4 1.2 0.8 2.6
2003.6082 100.132 -18.3277 163.3 1.3 0.8 2.6
2003.6110 95.6977 -21.3268 161.1 1.3 0.8 2.6
2003.6137 93.977 -13.9957 189 1.2 0.8 2.6
2003.6164 94.0432 -15.3286 192.9 1.2 0.8 2.5
2003.6192 100.529 -9.21938 176 1.2 0.8 2.6
2003.6219 99.5362 -10.9966 179 1.2 0.8 2.6
2003.6247 93.1167 -9.44154 176.3 1.2 0.8 2.6
2003.6274 92.5872 -9.33046 177.1 1.2 0.8 2.6
2003.6959 97.3522 -12.3295 191.6 1.4 1.1 3.2
2003.6986 95.3668 -11.7742 193.6 1.4 1.1 3.3
2003.7014 96.4919 -14.2178 199.2 1.3 1.0 2.9
2003.7041 95.3006 -14.9954 200.1 1.3 0.9 2.8
2003.7068 97.4846 -2.22154 155.2 2.1 1.8 4.7
2003.7096 105.029 -15.3286 180.9 1.3 0.9 2.8
2003.7123 93.6461 -12.5517 198.3 1.3 1.0 2.9
2003.7151 95.1683 -11.9963 183.2 1.3 1.0 2.9
2003.7178 98.6759 -13.9957 206.3 1.3 0.9 2.8
2003.7205 97.5508 -14.2178 206.5 1.3 0.9 2.8
2003.7288 95.6315 -13.2182 194.1 1.3 1.0 2.9
2003.7315 91.4621 -13.1071 206.8 4.9 2.3 5.7
2003.7342 96.5581 -14.9954 197.1 1.4 1.0 2.9
2003.7370 94.0432 -11.9963 197.4 1.4 1.0 3.0
2003.7397 97.4846 -15.2175 194.5 1.3 0.9 2.8
2003.7452 100.529 -13.1071 199.2 1.4 1.0 3.0
2003.7479 100.595 -8.99723 184.9 1.3 0.9 2.9
2003.7507 94.3741 -13.1071 187.7 1.3 0.9 2.9
2003.7534 100.661 -14.1068 197.5 1.5 1.1 3.3
2003.7562 98.6097 -16.4394 190.5 1.5 1.0 2.9
2003.7589 101.125 -15.6618 194.3 1.4 1.0 2.9
2003.7616 97.617 -13.7735 186.6 1.3 0.9 2.9
2003.7644 88.2854 -12.5517 193.2 1.3 0.9 2.9
2003.7671 81.1379 -14.6622 199.5 1.3 0.9 2.9
2003.7699 87.4913 -15.6618 195.9 1.3 0.9 2.8
2003.7726 83.5204 -13.2182 198.4 1.3 0.9 2.8
2003.7753 97.2199 -15.1065 199.3 1.3 0.9 2.9
2003.7781 101.72 -11.8852 187.5 2.0 1.2 3.5
2003.7808 97.6831 -14.5511 192.4 1.4 0.9 2.9
2003.7836 103.772 -13.9957 189.2 1.3 0.9 2.9
2003.7863 106.485 -14.5511 205 1.4 0.9 2.9
2003.7890 104.566 -16.6615 209.9 1.3 0.9 2.7
2003.7945 98.9406 -10.8855 199.9 1.4 0.9 2.8
2003.7973 101.853 -14.1068 207.6 1.4 1.0 3.0
2003.8000 95.6977 -14.6622 202.6 1.4 1.0 2.9
2003.8027 96.9552 -13.6625 202.2 1.3 0.9 2.7
2003.8055 97.1537 -8.88615 203.3 1.3 0.9 2.7
2003.8082 104.434 -11.2188 203.5 1.6 1.0 3.0
2003.8110 104.235 -9.21938 205.4 1.4 1.0 2.9
2003.8137 107.544 -14.6622 203.6 1.4 1.0 2.8
2003.8164 109.86 -10.4412 203.3 1.4 1.0 3.1
2003.8247 102.845 -12.7738 219 1.3 0.9 2.8
2003.8274 109.199 -14.9954 205.2 1.4 1.0 3.0
2003.8301 99.8009 -25.2145 200.3 1.4 0.9 2.9
2003.8329 109.265 -19.3274 203.7 1.3 0.9 2.7
2003.8356 86.8956 -23.3262 176.4 1.3 0.9 2.8
2003.8384 108.074 -23.104 219.3 1.4 1.0 2.9
2003.8411 104.566 -18.6609 221.1 1.3 0.9 2.7
2003.8438 102.647 -17.2169 215 1.4 0.9 2.8
2003.8466 100.132 -16.4394 208.8 1.3 0.9 2.8
2003.8493 105.162 -21.1046 196.3 1.3 0.9 2.7
2003.8521 111.118 -11.552 211 1.8 1.2 3.4
2003.8548 106.088 -11.8852 226.8 1.3 0.9 2.8
2003.8575 104.235 -16.8837 212.2 1.5 1.0 3.0
2003.8603 100.595 -14.44 222 1.3 0.9 2.8
2003.8630 105.029 -19.7717 205 1.4 0.9 2.9
2003.8658 94.5065 -18.9942 220.1 1.3 0.9 2.7
2003.8685 106.287 -21.3268 203.1 1.5 1.0 3.0
2003.8712 108.338 -19.1052 217.1 1.4 0.9 2.9
2003.8767 107.015 -16.3283 228.6 1.8 1.2 3.4
2003.8795 101.389 -17.7723 220 1.4 0.9 2.9
2003.8822 97.7493 -17.9945 193.2 1.4 0.9 2.8
2003.8849 106.684 -21.7711 218.8 1.3 0.9 2.7
2003.8877 109.927 -16.1062 214 1.5 0.9 2.9
2003.8904 106.485 -14.44 221.5 1.3 0.8 2.7
2003.8932 98.742 -19.3274 210.9 1.3 0.9 2.7
2003.8959 108.338 -17.9945 216.7 1.4 0.9 2.9
2003.8986 98.4773 -16.5505 225.6 1.4 0.9 2.9
2003.9014 97.8155 -15.6618 223.4 1.4 0.9 2.9
2003.9041 102.448 -19.5495 222 1.3 0.9 2.7
2003.9068 106.882 -21.66 201.6 1.4 0.9 2.8
2003.9096 102.117 -23.5483 212.8 1.5 0.9 2.9
2003.9123 104.632 -19.1052 218.6 1.4 0.9 2.8
2003.9151 103.838 -18.5498 220.2 1.4 0.9 2.8
2003.9178 101.588 -19.4385 220.8 1.4 0.9 2.8
2003.9205 110.655 -19.8828 215.8 1.4 0.9 2.8
2003.9233 101.125 -20.216 220.4 1.8 1.0 3.2
2003.9288 107.346 -17.7723 233.4 1.6 1.1 3.5
2003.9397 110.853 -20.8825 212 1.5 0.9 3.0
2003.9425 110.125 -18.4388 225.8 1.4 0.9 2.9
2003.9452 106.353 -20.5492 209.7 1.4 0.9 2.9
2003.9479 98.345 -17.8834 214.4 1.4 0.9 2.9
2003.9507 104.301 -21.8822 206.1 1.4 0.9 2.9
2003.9534 103.97 -16.9948 214.4 3.1 1.7 4.8
2003.9562 103.97 -16.6615 224.8 1.5 1.0 3.0
2003.9589 102.713 -20.8825 236.4 1.5 1.0 3.0
2003.9616 101.058 -18.9942 214.9 1.4 0.9 3.0
2003.9644 108.603 -17.9945 204.6 1.4 0.9 2.9
2003.9671 104.632 -18.5498 209.4 1.5 0.9 2.9
2004.0027 111.184 -23.5483 207.5 1.5 0.9 2.8
2004.0055 107.346 -19.5495 214.9 1.4 0.9 2.7
2004.0082 100.198 -21.4378 209.1 1.6 0.9 2.9
2004.0110 109.927 -23.3262 192.1 1.3 0.9 2.7
2004.0137 108.802 -26.3252 225.4 1.4 0.9 2.8
2004.0164 111.714 -21.8822 217.2 1.3 0.9 2.7
2004.0192 117.736 -17.8834 222.9 1.4 0.9 2.7
2004.0219 105.095 -15.2175 227.2 1.3 0.9 2.7
2004.0247 103.904 -21.1046 211.8 1.3 0.9 2.7
2004.0274 101.654 -23.2151 218.7 1.4 0.9 2.8
2004.0301 108.868 -24.4369 218.3 1.3 0.9 2.8
2004.0329 109.596 -23.9926 195.6 1.3 0.9 2.7
2004.0356 110.787 -22.7708 227.1 1.6 1.0 3.1
2004.0384 106.551 -22.7708 237.1 1.4 1.0 2.9
2004.0411 106.948 -22.6597 221.3 1.3 0.9 2.7
2004.0438 108.802 -20.8825 223.2 1.5 0.9 2.8
2004.0466 103.97 -25.7698 224.2 1.3 0.9 2.7
2004.0493 116.412 -20.3271 212 1.3 0.8 2.6
2004.0521 112.309 -23.8815 218.1 1.3 0.9 2.8
2004.0548 105.294 -22.6597 228.9 1.4 0.9 2.8
2004.0575 103.507 -23.104 214.1 1.3 0.9 2.6
2004.0603 97.4846 -32.2123 207.7 1.3 0.9 2.7
2004.0630 97.1537 -22.5486 202.8 1.3 0.8 2.6
2004.0658 113.103 -29.9908 194.9 1.3 0.8 2.6
2004.0685 108.206 -25.5477 221.2 1.3 0.8 2.6
2004.0712 110.324 -27.436 199.1 1.3 0.8 2.6
2004.0740 110.191 -25.5477 219.9 1.3 0.8 2.7
2004.0767 107.412 -26.1031 234.2 1.3 0.9 2.7
2004.0795 106.287 -26.8806 220.9 1.4 0.9 2.7
2004.0822 103.309 -23.3262 203.3 1.3 0.8 2.6
2004.0849 97.4846 -31.5458 205.9 1.3 0.8 2.7
2004.0877 101.72 -25.7698 219.4 1.3 0.9 2.7
2004.0904 108.007 -25.5477 229.3 1.3 0.8 2.7
2004.0932 105.162 -21.3268 219.6 1.3 0.9 2.8
2004.0959 110.258 -22.6597 211.9 1.6 1.1 3.4
2004.0986 107.809 -26.8806 219.7 1.3 0.8 2.7
2004.1014 94.8374 -25.992 207.5 1.3 0.8 2.7
2004.1041 102.713 -27.8803 216 2.1 1.3 4.0
2004.1068 102.514 -23.2151 203.4 1.5 1.0 2.9
2004.1096 103.904 -27.436 217.6 1.3 0.9 2.7
2004.1123 100.727 -30.4351 214.8 1.2 0.9 2.6
2004.1151 98.2126 -27.1028 201.8 1.3 0.9 2.7
2004.1178 112.64 -22.6597 214.5 1.4 1.0 2.9
2004.1205 108.14 -24.2148 213 1.5 1.1 3.1
2004.1233 105.823 -28.5468 215.5 1.6 1.0 3.0
2004.1260 108.272 -22.9929 218.9 1.3 0.9 2.8
2004.1288 108.537 -21.3268 223.8 1.3 0.9 2.8
2004.1315 115.618 -14.1068 204.4 6.2 3.7 8.5
2004.1342 112.177 -27.1028 228.5 1.4 1.0 3.0
2004.1370 101.853 -29.1022 211.1 1.4 0.9 2.9
2004.1397 107.279 -35.4335 210.9 1.6 1.1 3.2
2004.1425 110.919 -23.5483 221.5 1.3 0.9 2.7
2004.1452 110.655 -22.4375 228.6 1.2 0.9 2.7
2004.1479 108.14 -22.2154 222.7 1.2 0.9 2.7
2004.1507 102.25 -23.4372 211.5 1.5 1.0 2.9
2004.1534 97.8155 -23.5483 210.6 1.3 0.9 2.7
2004.1562 110.588 -27.6582 207.7 1.2 0.9 2.7
2004.1589 112.243 -25.2145 221.1 1.3 0.9 2.7
2004.1616 111.647 -36.3222 211.1 1.3 0.9 2.7
2004.1644 99.7348 -22.8818 223.7 1.4 0.9 2.8
2004.1671 107.544 -21.7711 204 1.4 0.9 2.8
2004.1699 107.544 -26.5474 216.9 1.3 0.9 2.7
2004.1726 112.442 -24.3258 228.6 1.3 0.9 2.8
2004.1753 109.927 -23.6594 230.2 1.3 0.9 2.8
2004.1781 112.574 -22.7708 225 1.3 0.9 2.8
2004.1808 112.111 -22.3265 226.9 1.3 0.9 2.8
2004.1836 110.456 -21.66 224.7 1.3 0.9 2.7
2004.1863 113.633 -26.2142 231.5 1.3 0.9 2.7
2004.1890 115.023 -27.6582 228.8 1.3 0.9 2.8
2004.1918 115.089 -24.548 214.6 1.3 0.9 2.7
2004.1945 112.64 -26.8806 218.3 1.3 0.9 2.7
2004.1973 110.919 -22.4375 225.1 1.3 0.9 2.7
2004.2000 117.471 -26.4363 230.6 1.3 0.9 2.7
2004.2027 111.052 -25.992 222.6 1.3 0.9 2.7
2004.2055 106.088 -27.3249 224.5 1.3 0.9 2.7
2004.2082 119.854 -25.1034 235.1 1.3 0.9 2.7
2004.2110 97.8155 -18.1055 237.8 1.5 1.0 3.2
2004.2137 101.389 -18.3277 236.9 1.5 1.0 3.3
2004.2164 115.486 -20.3271 242.8 1.5 1.0 3.0
2004.2192 115.883 -29.7686 246.9 1.5 1.0 2.9
2004.2219 115.42 -24.7702 240.8 1.5 0.9 3.0
2004.2247 117.802 -24.9923 252.6 1.5 1.0 3.0
2004.2274 119.92 -25.1034 249.6 1.5 1.0 3.0
2004.2301 121.045 -30.324 233 1.5 1.0 3.0
2004.2329 117.67 -29.1022 247.8 1.5 0.9 3.0
2004.2356 118.133 -26.4363 247.5 1.5 0.9 3.0
2004.2384 121.972 -27.3249 253.4 1.5 1.0 3.0
2004.2411 126.009 -27.1028 251.9 1.5 1.0 3.0
2004.2438 117.935 -28.1025 256.2 1.5 1.0 3.1
2004.2466 120.383 -26.9917 251.8 1.5 1.0 3.0
2004.2493 121.442 -30.4351 250.3 1.4 1.0 3.0
2004.2521 119.721 -28.2135 256.6 1.4 1.0 3.0
2004.2548 122.832 -28.3246 264.4 1.4 1.0 2.9
2004.2575 125.214 -29.3243 267.6 1.4 0.9 2.9
2004.2603 121.972 -28.9911 256.7 1.4 1.0 3.0
2004.2630 122.898 -26.6585 262.7 1.4 1.0 2.9
2004.2658 122.501 -26.6585 261.3 1.4 0.9 2.9
2004.2685 127.729 -26.8806 266.9 1.4 1.0 2.9
2004.2712 127.332 -27.9914 268.3 1.4 0.9 2.9
2004.2740 132.296 -33.212 268.1 1.4 0.9 2.9
2004.2767 117.935 -29.9908 252.7 1.4 0.9 2.9
2004.2795 123.229 -29.9908 246.9 1.4 0.9 2.9
2004.2822 125.942 -27.5471 268.3 1.4 0.9 2.9
2004.2849 124.354 -31.768 253.9 1.4 0.9 3.0
2004.2877 136.2 -17.4391 250.2 1.4 1.0 3.0
2004.2904 135.539 -23.6594 268.9 1.3 0.9 2.9
2004.2932 125.082 -32.8788 258.2 1.4 0.9 2.9
2004.2959 128.06 -29.5465 257.5 1.3 0.9 2.9
2004.2986 129.251 -27.3249 278.2 1.3 0.9 2.9
2004.3014 123.891 -26.7695 261.1 1.3 0.9 2.9
2004.3041 123.03 -27.5471 265.3 1.3 0.9 2.9
2004.3068 129.318 -26.2142 269.8 1.4 0.9 2.9
2004.3096 130.046 -26.7695 281.1 1.3 0.9 2.9
2004.3123 133.421 -25.5477 270.2 1.3 0.9 2.9
2004.3151 128.921 -21.3268 265.6 1.3 0.9 2.9
2004.3178 133.024 -24.9923 276.8 1.4 0.9 2.9
2004.3205 124.95 -28.7689 276.2 1.4 1.0 3.1
2004.3233 126.935 -26.5474 275.1 1.4 0.9 2.9
2004.3260 130.112 -27.3249 276.8 1.4 0.9 2.9
2004.3288 135.075 -26.2142 283.5 1.4 0.9 2.9
2004.3315 134.215 -21.8822 280.7 1.4 0.9 2.9
2004.3342 148.841 -20.3271 282.4 1.4 0.9 2.9
2004.3370 130.575 -24.548 278.4 1.6 0.9 3.1
2004.3397 132.693 -21.1046 282.8 1.5 1.0 3.0
2004.3425 139.377 -30.8794 268.8 1.5 0.9 3.0
2004.3452 138.318 -25.8809 266.7 1.3 0.9 2.8
2004.3479 145.4 -34.8782 261.7 1.3 0.9 2.8
2004.3507 138.848 -29.6575 277.6 1.3 0.9 2.7
2004.3534 132.296 -26.8806 281.6 1.3 0.9 2.7
2004.3562 137.193 -32.6566 280.5 1.3 0.9 2.8
2004.3589 137.656 -26.1031 291.7 1.6 1.0 2.9
2004.3616 137.789 -26.7695 288.1 1.4 0.9 2.8
2004.3644 135.605 -26.3252 294.5 1.3 0.9 2.7
2004.3671 138.186 -28.2135 287.6 1.3 0.9 2.7
2004.3699 141.826 -27.2138 287.5 1.3 0.8 2.7
2004.3726 137.061 -27.436 287.5 1.4 0.9 2.8
2004.3753 132.825 -30.6572 265.6 1.3 0.9 2.7
2004.3781 136.2 -30.5462 283.1 1.3 0.9 2.7
2004.3808 139.708 -22.9929 293.1 1.4 0.9 2.7
2004.3836 138.848 -24.9923 303.3 1.5 0.9 2.7
2004.3863 148.444 -30.2129 276.9 1.4 0.9 2.7
2004.3890 150.231 -42.8757 274.9 1.3 0.9 2.7
2004.3918 146.591 -31.768 275.3 1.3 0.9 2.7
2004.3945 129.847 -34.3228 281.9 1.3 0.8 2.6
2004.3973 144.473 -29.7686 289.7 1.3 0.8 2.6
2004.4000 130.31 -26.6585 280.1 1.6 1.0 3.1
2004.4027 139.311 -26.1031 298.4 1.3 0.8 2.6
2004.4055 141.76 -40.0988 279.9 1.3 0.9 2.7
2004.4082 141.561 -31.1015 308.5 1.3 0.9 2.7
2004.4110 155.989 -25.1034 303.3 1.3 0.8 2.6
2004.4137 143.877 -22.8818 311.5 1.3 0.8 2.7
2004.4164 135.605 -26.7695 285.2 1.3 0.8 2.6
2004.4192 145.333 -28.7689 296.8 1.3 0.8 2.7
2004.4219 142.62 -28.5468 306.2 1.3 0.9 2.7
2004.4247 148.113 -28.6578 308.4 1.3 0.8 2.6
2004.4274 148.907 -24.4369 303.9 1.3 0.8 2.6
2004.4301 148.378 -28.3246 299.9 1.3 0.8 2.6
2004.4329 149.371 -27.1028 296.7 1.3 0.9 2.7
2004.4356 142.422 -26.5474 290.4 1.3 0.8 2.6
2004.4384 143.877 -28.6578 287.7 1.3 0.8 2.6
2004.4411 142.554 -26.9917 292.5 1.3 0.8 2.6
2004.4438 147.253 -26.4363 308.6 1.3 0.8 2.6
2004.4466 129.913 -19.3274 289.6 1.3 0.8 2.6
2004.4493 151.224 -25.7698 301.5 1.3 0.9 2.7
2004.4521 147.517 -28.3246 319.4 1.3 0.8 2.6
2004.4548 151.687 -28.2135 311.1 1.3 0.9 2.7
2004.4575 157.445 -25.5477 304.9 1.4 0.9 2.8
2004.4603 150.098 -31.3237 308.3 1.4 0.9 2.8
2004.4630 151.753 -27.6582 316.8 1.3 0.9 2.7
2004.4658 154.864 -26.6585 319.7 1.5 1.0 3.0
2004.4685 152.944 -31.4348 305.6 1.3 0.9 2.7
2004.4712 151.488 -45.9858 279.6 1.5 1.0 2.8
2004.4740 150.429 -50.0957 304.4 1.3 0.9 2.6
2004.4767 161.68 -39.9877 304.7 1.3 0.9 2.6
2004.4795 147.716 -30.9905 323.9 1.3 0.9 2.7
2004.4822 152.415 -29.1022 323 1.3 0.9 2.7
2004.4849 152.084 -29.1022 324.3 1.4 0.9 2.8
2004.4877 153.672 -28.5468 318.4 1.3 0.9 2.6
2004.4904 148.841 -25.992 319.7 1.3 0.8 2.6
2004.4932 157.842 -26.8806 321.2 1.3 0.9 2.6
2004.4959 153.606 -26.3252 312.4 1.3 0.9 2.7
2004.4986 153.606 -30.2129 321.5 1.3 0.9 2.7
2004.5014 150.76 -28.6578 322.7 1.3 0.8 2.6
2004.5041 153.805 -27.9914 316.3 1.3 0.9 2.6
2004.5068 151.753 -28.6578 329.7 1.3 0.9 2.7
2004.5096 152.746 -31.3237 314.7 1.3 0.9 2.8
2004.5123 153.077 -27.8803 317.5 1.3 0.9 2.6
2004.5151 151.157 -30.1018 316.9 1.3 0.8 2.6
2004.5178 153.209 -27.2138 323.5 1.4 0.9 2.9
2004.5205 145.003 -30.1018 332.1 1.3 0.8 2.6
2004.5233 153.606 -28.3246 307.7 1.5 0.9 2.7
2004.5260 154.93 -29.7686 323 1.3 0.8 2.6
2004.5288 166.776 -26.7695 316.3 1.3 0.8 2.6
2004.5315 150.165 -28.2135 318 1.3 0.8 2.6
2004.5342 151.422 -28.2135 316.8 1.3 0.8 2.6
2004.5370 153.275 -28.1025 319.1 1.5 0.9 2.9
2004.5397 152.68 -32.6566 310.1 1.3 0.8 2.6
2004.5425 152.944 -55.3163 278.1 1.6 1.0 3.1
2004.5452 136.068 -26.8806 299.7 1.2 0.8 2.6
2004.5479 154.797 -25.992 281.4 1.2 0.8 2.6
2004.5507 153.672 -29.3243 319.9 1.3 0.8 2.6
2004.5534 149.635 -25.7698 328.1 1.3 0.9 2.7
2004.5562 157.445 -28.2135 315.9 1.2 0.8 2.6
2004.5589 155.989 -26.2142 320.4 1.2 0.8 2.6
2004.5616 151.819 -29.6575 322.5 1.2 0.8 2.6
2004.5644 154.731 -27.8803 318.3 1.2 0.8 2.6
2004.5671 155.261 -27.9914 315.4 1.2 0.8 2.6
2004.5699 157.18 -30.9905 325.4 1.2 0.8 2.6
2004.5726 150.165 -22.4375 283.9 1.2 0.8 2.6
2004.5753 156.187 -24.1037 305.1 1.2 0.8 2.6
2004.5781 155.393 -24.4369 322.2 1.2 0.8 2.6
2004.5808 150.496 -27.1028 317.9 1.3 0.9 2.6
2004.5836 156.518 -29.1022 314 1.2 0.8 2.6
2004.5863 155.922 -25.7698 322 1.2 0.8 2.6
2004.5890 157.511 -49.4292 283.5 1.2 0.8 2.6
2004.5918 156.783 -28.1025 320.6 1.2 0.9 2.7
2004.5945 156.452 -26.5474 319.9 1.2 0.9 2.6
2004.5973 157.048 -22.5486 300.9 1.2 0.9 2.6
2004.6000 160.555 -34.9892 320.8 1.2 0.9 2.6
2004.6027 164.129 -28.88 319.8 1.2 0.8 2.6
2004.6055 156.187 -28.4357 326.7 1.2 0.8 2.6
2004.6082 154.665 -28.7689 319.9 1.2 0.8 2.6
2004.6110 156.187 -28.9911 324.9 1.2 0.8 2.6
2004.6137 155.128 -28.88 315.5 1.2 0.8 2.6
2004.6164 149.371 -40.8763 290.8 1.2 0.8 2.6
2004.6192 146.591 -44.764 302.3 1.2 0.9 2.6
2004.6219 157.643 -32.9898 336.1 1.2 0.8 2.6
2004.6247 153.143 -24.9923 302.5 1.2 0.8 2.6
2004.6274 151.224 -27.1028 319.5 1.3 0.9 2.8
2004.6301 157.246 -28.1025 326.5 1.2 0.8 2.6
2004.6329 166.048 -32.3234 295.5 1.3 0.9 2.7
2004.6356 163.269 -29.8797 316.9 1.2 0.8 2.6
2004.6384 161.085 -33.3231 302.5 1.2 0.8 2.6
2004.6411 154.797 -24.2148 308.3 1.2 0.8 2.6
2004.6438 168.762 -30.4351 291.9 1.2 0.8 2.6
2004.6466 155.79 -27.2138 312.1 1.2 0.8 2.6
2004.6493 165.122 -19.4385 304.4 1.0 0.6 2.1
2004.6521 154.93 -29.3243 326.1 1.3 0.9 2.8
2004.6548 153.54 -25.5477 312.4 1.2 0.9 2.7
2004.6575 156.518 -28.7689 317 1.2 0.8 2.6
2004.6603 155.393 -28.4357 310.9 1.3 0.9 2.9
2004.6630 154.069 -27.6582 318.5 1.2 0.9 2.7
2004.6658 152.084 -25.4366 318.2 1.2 0.9 2.7
2004.6685 148.973 -22.8818 287.3 1.2 0.8 2.6
2004.6712 152.878 -26.7695 303.6 1.2 0.8 2.6
2004.6740 156.915 -27.3249 313.9 1.2 0.8 2.6
2004.6767 161.018 -28.4357 317.6 1.2 0.8 2.6
2004.6795 156.32 -28.5468 326.1 1.2 0.8 2.6
2004.6822 151.356 -29.5465 323.7 1.2 0.8 2.6
2004.6849 154.202 -33.3231 304.3 1.2 0.8 2.6
2004.6877 155.922 -29.3243 309.6 1.2 0.9 2.6
2004.6904 154.069 -27.6582 326.7 1.2 0.9 2.6
2004.6932 153.474 -23.7705 311.2 1.2 0.8 2.6
2004.6959 151.753 -32.5455 313.3 1.2 0.8 2.6
2004.6986 157.048 -27.3249 306.9 1.2 0.8 2.6
2004.7014 154.996 -28.7689 307.2 1.2 0.8 2.6
2004.7041 156.32 -29.8797 311.9 1.2 0.9 2.6
2004.7068 150.363 -30.324 308.5 1.2 0.8 2.6
2004.7096 145.4 -23.5483 300 1.2 0.8 2.5
2004.7123 154.665 -29.6575 324.7 1.2 0.8 2.6
2004.7151 158.901 -36.1 307.7 1.2 0.8 2.6
2004.7178 155.459 -28.88 315.3 1.2 0.9 2.6
2004.7205 154.93 -31.2126 320.4 1.2 0.8 2.6
2004.7233 159.033 -27.2138 312.8 1.2 0.8 2.6
2004.7260 139.642 -34.5449 312.7 1.2 0.8 2.6
2004.7288 146.326 -27.6582 304.7 1.2 0.8 2.5
2004.7315 152.613 -27.8803 317.6 1.2 0.8 2.6
2004.7342 152.415 -29.5465 316.2 1.2 0.8 2.6
2004.7370 159.099 -25.1034 317.2 1.2 0.8 2.6
2004.7397 142.422 -22.3265 316.1 1.2 0.8 2.5
2004.7425 137.855 -30.2129 308.2 1.2 0.8 2.5
2004.7452 161.945 -33.7674 311.7 1.2 0.8 2.6
2004.7479 162.143 -36.2111 326 1.2 0.8 2.6
2004.7507 157.312 -20.4382 318.3 1.2 0.8 2.6
2004.7534 162.871 -27.6582 323.6 1.2 0.8 2.6
2004.7562 157.577 -31.2126 321.4 1.2 0.8 2.6
2004.7589 146.591 -34.5449 308.9 1.2 0.8 2.6
2004.7616 152.613 -34.656 339.9 1.2 0.8 2.6
2004.7644 132.627 -27.436 314.3 1.2 0.8 2.6
2004.7671 137.458 -25.2145 314 1.2 0.8 2.6
2004.7699 147.517 -31.5458 335.2 1.2 0.8 2.6
2004.7726 152.746 -31.9902 307.6 1.3 0.9 2.7
2004.7753 150.826 -36.9886 312.1 1.3 0.9 2.7
2004.7781 145.267 -40.3209 310.2 1.2 0.9 2.6
2004.7808 151.157 -31.1015 310.2 1.2 0.8 2.6
2004.7836 153.01 -27.8803 312.6 1.2 0.8 2.6
2004.7863 151.29 -24.9923 297.6 1.2 0.8 2.7
2004.7890 154.003 -30.2129 315.2 1.2 0.8 2.6
2004.7918 147.187 -35.7668 307.6 1.3 0.9 2.6
2004.7945 150.297 -34.4338 323.5 1.2 0.8 2.6
2004.7973 156.253 -29.5465 307.5 1.2 0.8 2.6
2004.8000 169.092 -23.9926 299.7 1.2 0.8 2.6
2004.8027 155.327 -33.7674 315.8 1.3 0.8 2.6
2004.8055 150.429 -31.1015 310 1.3 0.8 2.6
2004.8082 153.606 -28.1025 311 1.3 0.8 2.6
2004.8110 151.422 -30.324 333.2 1.3 0.8 2.6
2004.8137 136.995 -34.3228 304.7 1.2 0.8 2.6
2004.8164 140.767 -28.1025 325 1.2 0.8 2.6
2004.8192 156.518 -29.1022 326.6 1.2 0.8 2.6
2004.8219 154.466 -27.1028 318.5 1.3 0.8 2.7
2004.8247 155.79 -32.5455 305 1.2 0.8 2.6
2004.8274 147.782 -29.5465 311 1.2 0.8 2.6
2004.8301 140.899 -33.6563 312.7 1.2 0.8 2.6
2004.8329 155.261 -32.5455 314 1.3 0.8 2.6
2004.8356 146.392 -29.7686 309.2 1.2 0.8 2.6
2004.8384 153.805 -34.8782 316.1 1.3 0.8 2.7
2004.8411 153.606 -32.8788 318.6 1.3 0.8 2.6
2004.8438 143.613 -33.4342 319.6 1.3 0.8 2.7
2004.8466 140.833 -31.2126 313.1 1.3 0.8 2.6
2004.8493 144.473 -30.324 311.1 1.3 0.8 2.6
2004.8521 150.363 -30.2129 308.5 1.3 0.8 2.6
2004.8548 147.253 -31.8791 317.8 1.3 0.8 2.6
2004.8575 152.216 -34.2117 309.5 1.5 0.9 2.9
2004.8603 159.033 -25.6588 313.9 1.3 0.8 2.7
2004.8630 146.789 -28.88 300 1.3 0.8 2.7
2004.8658 150.165 -31.1015 315 1.3 0.8 2.6
2004.8685 154.731 -30.7683 313.5 1.3 0.8 2.6
2004.8712 154.731 -32.9898 319.7 1.3 0.8 2.6
2004.8740 150.826 -33.4342 308.1 1.3 0.8 2.6
2004.8767 139.973 -34.656 305.2 1.3 0.8 2.6
2004.8795 150.032 -33.5452 316.6 1.3 0.8 2.6
2004.8822 147.716 -37.6551 290.3 1.3 0.8 2.6
2004.8849 151.157 -37.2108 305.7 1.3 0.8 2.7
2004.8877 153.341 -29.4354 311.5 1.3 0.9 2.8
2004.8904 146.459 -36.6554 307 1.3 0.8 2.7
2004.8932 166.313 -33.6563 304.2 1.3 0.8 2.7
2004.8959 139.443 -35.6557 303.2 1.3 0.8 2.7
2004.8986 145.797 -32.3234 298.3 1.4 0.8 2.8
2004.9014 148.709 -34.4338 294.9 1.3 0.8 2.7
2004.9041 139.973 -36.7665 297.1 1.3 0.8 2.8
2004.9068 147.517 -31.1015 307.1 1.3 0.8 2.7
2004.9096 140.767 -31.8791 295.1 1.3 0.8 2.7
2004.9123 156.253 -37.3218 294.1 1.3 0.8 2.7
2004.9151 145.135 -35.5446 301.1 1.3 0.8 2.7
2004.9178 146.392 -32.5455 300.1 1.3 0.8 2.7
2004.9205 145.267 -31.8791 308.9 1.3 0.8 2.7
2004.9233 144.275 -32.9898 298.8 1.3 0.8 2.7
2004.9260 148.841 -32.9898 302.7 1.3 0.8 2.7
2004.9288 142.289 -29.8797 301 1.2 0.8 2.7
2004.9315 143.48 -34.3228 309.3 1.3 0.8 2.7
2004.9342 150.098 -33.7674 300.2 1.3 0.8 2.7
2004.9370 132.759 -31.3237 308.6 1.3 0.8 2.7
2004.9397 131.965 -33.1009 317.1 1.3 0.8 2.7
2004.9425 138.782 -33.3231 319.5 1.3 0.8 2.7
2004.9452 146.26 -36.9886 303 1.3 0.8 2.7
2004.9479 148.643 -37.0997 315 1.3 0.8 2.7
2004.9507 142.422 -36.8775 323.2 1.3 0.8 2.6
2004.9534 144.275 -37.2108 320.6 1.3 0.8 2.6
2004.9562 150.032 -36.3222 315.8 1.3 0.8 2.7
2004.9589 150.231 -36.9886 310.4 1.3 0.8 2.7
2004.9616 148.245 -34.656 312.9 1.3 0.8 2.6
2004.9644 150.959 -34.4338 317.1 1.2 0.8 2.6
2004.9671 149.437 -34.9892 302.3 1.2 0.8 2.6
2004.9699 149.701 -34.2117 314.1 1.2 0.8 2.6
2004.9726 150.363 -36.4332 313.2 1.3 0.8 2.6
2004.9753 152.018 -39.4323 294.2 1.3 0.8 2.7
2004.9781 155.525 -32.6566 309.8 1.3 0.8 2.7
2004.9808 147.981 -37.3218 305.4 1.3 0.8 2.7
2004.9836 142.885 -45.5415 312 1.2 0.8 2.6
2004.9863 143.877 -43.7643 269.1 1.3 0.8 2.6
2004.9890 147.054 -40.7652 297.4 1.3 0.8 2.7
2004.9918 137.326 -33.3231 301.4 1.3 0.8 2.7
2004.9945 147.319 -35.8778 307.3 1.4 0.9 2.7
2004.9973 138.848 -40.5431 287.3 1.3 0.9 2.7
2005.0000 142.951 -35.4335 294.6 1.4 0.9 2.8
2005.0027 140.37 -43.0978 272.7 1.4 0.9 2.8
2005.0027 142.024 -37.0997 297 1.3 0.8 2.7
2005.0055 155.658 -38.988 299.4 1.3 0.8 2.7
2005.0082 146.26 -38.8769 305.5 1.3 0.8 2.8
2005.0110 148.775 -37.3218 302.1 1.3 0.9 2.7
2005.0137 149.106 -36.1 310.3 1.3 0.9 2.8
2005.0164 159.959 -41.3206 299.9 1.4 0.9 2.9
2005.0192 150.231 -45.4305 303.1 1.3 0.8 2.7
2005.0219 156.253 -42.5425 312.5 1.3 0.8 2.8
2005.0247 155.525 -37.4329 308.5 1.3 0.8 2.8
2005.0274 153.143 -30.8794 314.6 1.3 0.8 2.7
2005.0301 146.194 -47.3188 303.7 1.3 0.8 2.8
2005.0329 136.73 -47.7631 290.4 1.2 0.8 2.7
2005.0356 138.782 -38.2105 292.4 1.3 0.8 2.7
2005.0384 143.811 -44.9861 302.3 1.3 0.8 2.7
2005.0411 146.326 -44.5418 304.6 1.3 0.8 2.7
2005.0438 143.679 -37.7662 293.3 1.2 0.8 2.7
2005.0466 142.62 -38.3215 307.6 1.3 0.8 2.7
2005.0493 144.01 -38.2105 302 1.3 0.8 2.7
2005.0521 145.598 -37.0997 307.9 1.2 0.8 2.7
2005.0548 144.87 -37.544 303.2 1.3 0.9 2.8
2005.0575 146.26 -39.0991 299.4 1.3 0.8 2.7
2005.0603 147.187 -38.7658 307 1.2 0.8 2.7
2005.0630 150.363 -38.988 295.7 1.2 0.8 2.7
2005.0658 151.621 -43.5421 294 1.2 0.8 2.7
2005.0685 147.187 -39.5434 299.3 1.2 0.8 2.7
2005.0712 137.59 -43.2089 294.6 1.2 0.8 2.7
2005.0740 149.238 -39.0991 290.1 1.3 0.8 2.8
2005.0767 149.569 -39.8766 296.6 1.2 0.9 2.8
2005.0795 155.592 -34.9892 300.6 1.2 0.8 2.6
2005.0822 154.599 -32.8788 300.3 1.2 0.8 2.7
2005.0849 153.738 -33.6563 311.5 1.2 0.8 2.6
2005.0877 145.267 -34.8782 305.4 1.2 0.8 2.7
2005.0904 147.253 -36.7665 311.1 1.2 0.8 2.7
2005.0932 149.437 -37.6551 304.3 1.3 0.8 2.7
2005.0959 146.922 -44.3197 302.5 1.2 0.8 2.7
2005.0986 146.988 -41.9871 295.6 1.2 0.8 2.6
2005.1014 148.841 -34.8782 292.8 1.2 0.8 2.7
2005.1041 148.179 -39.2101 279.1 1.2 0.8 2.7
2005.1068 147.584 -35.8778 295.7 1.2 0.9 2.8
2005.1096 145.069 -31.4348 299.7 1.3 0.9 2.8
2005.1123 140.105 -37.544 302 1.2 0.8 2.6
2005.1151 145.135 -37.2108 292.6 1.2 0.8 2.7
2005.1178 148.841 -38.6548 289.5 1.2 0.8 2.7
2005.1205 143.944 -37.7662 306.6 1.2 0.8 2.7
2005.1233 145.135 -41.0985 298.4 1.2 0.8 2.6
2005.1260 146.459 -42.3203 305.3 1.2 0.8 2.6
2005.1288 147.12 -38.988 302.4 1.2 0.8 2.7
2005.1315 144.936 -40.8763 303.5 1.3 0.8 2.7
2005.1342 145.4 -40.9874 306.4 1.2 0.8 2.7
2005.1370 138.715 -46.5412 300.8 1.2 0.8 2.7
2005.1397 146.128 -44.9861 292.6 1.2 0.8 2.7
2005.1425 143.547 -47.5409 306.8 1.2 0.8 2.7
2005.1452 144.936 -41.9871 313.8 1.2 0.8 2.6
2005.1479 144.341 -39.3212 309.9 1.3 0.9 2.7
2005.1507 143.282 -40.432 310.2 1.3 0.9 2.7
2005.1534 144.341 -40.432 304.4 1.3 0.9 2.7
2005.1562 145.797 -42.2092 307.9 1.3 0.9 2.7
2005.1589 149.966 -39.4323 300.5 1.3 0.9 2.7
2005.1616 145.135 -40.3209 303.9 1.3 0.9 2.7
2005.1644 150.032 -43.7643 301.5 1.3 0.9 2.7
2005.1671 144.076 -38.8769 296.9 1.3 0.9 2.7
2005.1699 143.414 -38.3215 292.1 1.3 0.9 2.7
2005.1726 148.907 -40.3209 299.6 1.3 0.9 2.7
2005.1753 144.738 -41.876 304.5 1.3 0.9 2.7
2005.1781 139.179 -41.5428 290 1.3 0.8 2.7
2005.1808 142.488 -39.3212 295.7 1.3 0.9 2.7
2005.1836 144.804 -37.9883 290.1 1.3 0.9 2.7
2005.1863 142.091 -38.6548 285.8 1.3 0.9 2.8
2005.1890 139.642 -39.6545 280 1.3 0.9 2.7
2005.1918 139.377 -39.6545 284.1 1.3 0.8 2.7
2005.1945 140.833 -42.6535 285.8 1.3 0.9 2.7
2005.1973 141.164 -44.2086 287.1 1.3 0.9 2.7
2005.2000 142.157 -55.0941 282.7 1.3 0.9 2.7
2005.2027 139.708 -39.0991 287.4 1.3 0.9 2.8
2005.2055 142.554 -39.7655 292.2 1.3 0.9 2.7
2005.2082 146.856 -40.7652 292.6 1.3 0.8 2.7
2005.2110 139.046 -46.5412 285 1.3 0.9 2.8
2005.2137 147.187 -42.2092 284.5 1.3 0.9 2.8
2005.2164 135.936 -38.7658 302.1 1.3 0.9 2.7
2005.2192 141.826 -39.2101 308 1.3 0.8 2.7
2005.2219 139.973 -39.5434 303.2 1.3 0.8 2.7
2005.2247 140.039 -39.5434 291.6 1.3 0.9 2.7
2005.2274 140.635 -40.0988 289.5 1.3 0.8 2.7
2005.2301 143.547 -38.2105 292.6 1.3 0.8 2.7
2005.2329 145.069 -43.9865 289.6 1.3 0.8 2.7
2005.2356 136.862 -41.6538 294.2 1.3 0.9 2.7
2005.2384 135.009 -41.7649 288 1.3 0.9 2.8
2005.2411 138.583 -40.5431 293.4 1.3 0.9 2.8
2005.2438 133.686 -35.7668 289.2 1.3 0.9 2.8
2005.2466 136.598 -38.6548 301.8 1.4 0.9 2.9
2005.2493 126.869 -43.0978 269.5 1.3 0.9 2.8
2005.2521 136.002 -40.3209 280.9 1.3 0.9 2.8
2005.2548 137.524 -41.9871 283.7 1.4 0.9 2.8
2005.2575 135.274 -34.656 276.2 1.4 0.9 2.8
2005.2603 145.4 -36.3222 295 1.4 0.9 2.8
2005.2630 137.326 -40.2098 288.4 1.4 0.9 2.8
2005.2658 137.59 -34.5449 295.5 1.4 0.9 2.8
2005.2685 140.304 -38.6548 294.8 1.3 0.9 2.8
2005.2712 132.296 -34.1006 276.1 1.4 0.9 2.8
2005.2740 130.443 -35.8778 284.9 1.4 0.9 2.8
2005.2767 143.944 -38.4326 293.4 1.4 0.9 2.8
2005.2795 143.877 -44.764 287.2 1.4 0.9 2.8
2005.2822 144.208 -42.9868 283.6 1.4 1.0 2.8
2005.2849 142.951 -41.0985 289.5 1.5 0.9 2.9
2005.2877 142.024 -38.3215 285.5 1.4 0.9 2.8
2005.2904 154.268 -41.2095 277.6 1.3 0.8 2.7
2005.2932 140.238 -40.7652 266 1.3 0.8 2.7
2005.2959 142.885 -41.0985 288.7 1.3 0.8 2.7
2005.2986 141.23 -40.9874 287.4 1.3 0.8 2.7
2005.3014 145.069 -37.9883 282.4 1.3 0.8 2.7
2005.3041 146.459 -39.3212 280.8 1.3 0.8 2.7
2005.3068 133.289 -39.2101 284.4 1.3 0.8 2.7
2005.3096 141.495 -41.6538 288.9 1.3 0.8 2.7
2005.3123 119.589 -35.7668 279.7 1.3 0.8 2.7
2005.3151 138.186 -41.6538 283.6 1.3 0.8 2.7
2005.3178 133.421 -38.0994 273.2 1.3 0.8 2.7
2005.3205 134.149 -41.9871 290.6 1.4 0.8 2.7
2005.3233 139.576 -47.0966 282.6 1.4 0.9 2.8
2005.3260 141.098 -41.9871 293.5 1.4 0.8 2.7
2005.3288 134.281 -40.3209 311.6 1.4 0.8 2.8
2005.3315 137.59 -40.5431 296.9 1.4 0.8 2.8
2005.3342 137.392 -41.3206 289.6 1.3 0.8 2.7
2005.3370 136.2 -39.5434 285.7 1.4 0.9 2.7
2005.3397 133.884 -38.4326 282.3 1.3 0.9 2.8
2005.3425 138.451 -42.2092 295.3 1.4 0.8 2.7
2005.3452 134.083 -41.4317 307.6 1.3 0.8 2.7
2005.3479 134.281 -41.9871 293.4 1.3 0.8 2.7
2005.3507 144.407 -42.7646 282.2 1.3 0.8 2.7
2005.3534 139.179 -49.3181 280.9 1.4 0.8 2.8
2005.3562 138.98 -49.8735 290.8 1.4 0.9 2.8
2005.3589 135.142 -43.7643 294.5 1.4 0.9 2.8
2005.3616 134.149 -42.7646 287.7 1.4 0.9 2.8
2005.3644 135.87 -42.2092 291.5 1.4 0.9 2.8
2005.3671 131.038 -44.8751 292.9 1.3 0.9 2.7
2005.3699 129.119 -44.3197 288.9 1.4 0.9 3.0
2005.3726 137.392 -43.4311 295.1 1.4 0.9 2.8
2005.3753 137.061 -41.7649 290.6 1.4 0.9 2.9
2005.3781 137.524 -40.432 290.2 1.4 0.9 3.0
2005.3808 137.193 -43.2089 284.9 1.4 0.9 2.8
2005.3836 136.664 -40.432 296.8 1.3 0.9 2.7
2005.3863 134.48 -42.0981 297.8 1.3 0.9 2.7
2005.3890 134.48 -42.2092 298.2 1.3 0.9 2.8
2005.3918 133.818 -42.3203 296.8 1.3 0.9 2.8
2005.3945 132.759 -54.872 276.4 1.3 0.9 2.8
2005.3973 117.604 -39.2101 270.4 1.3 0.9 2.8
2005.4000 139.51 -50.2068 279.2 1.4 0.9 2.8
2005.4027 137.59 -44.764 290.2 1.3 0.9 2.7
2005.4055 138.186 -43.6532 284 1.4 0.9 2.8
2005.4082 140.502 -40.7652 274.8 1.3 0.9 2.8
2005.4110 134.943 -44.4308 287.1 1.3 0.9 2.8
2005.4137 136.399 -45.9858 282.6 1.4 0.9 2.7
2005.4164 139.112 -46.7634 284 1.3 0.9 2.7
2005.4192 135.208 -42.2092 290.1 1.3 0.9 2.7
2005.4219 132.759 -43.32 294 1.3 0.9 2.7
2005.4247 144.738 -52.7615 270.6 1.3 0.9 2.7
2005.4274 122.567 -48.7628 290.5 1.3 0.9 2.7
2005.4301 134.215 -42.6535 288.1 1.3 0.9 2.7
2005.4329 135.605 -44.9861 285.3 1.3 0.9 2.7
2005.4356 135.34 -43.4311 281.4 1.3 0.9 2.7
2005.4384 137.855 -44.8751 289.3 1.3 0.9 2.7
2005.4411 134.612 -46.6523 289.4 1.3 0.9 2.8
2005.4438 138.318 -44.8751 301.1 1.3 0.9 2.8
2005.4466 134.943 -45.5415 299.1 1.3 0.9 2.7
2005.4493 135.539 -46.5412 299 1.3 0.9 2.8
2005.4521 140.039 -52.8726 286.6 1.3 0.9 2.6
2005.4548 141.627 -51.6508 264.2 1.3 0.8 2.7
2005.4575 143.216 -60.8701 286 1.4 0.9 2.7
2005.4603 131.237 -47.2077 297.8 1.4 0.9 2.7
2005.4630 131.171 -49.096 275.9 1.3 0.8 2.7
2005.4658 129.384 -45.9858 279.4 1.3 0.9 2.7
2005.4685 136.399 -45.5415 290.7 1.3 0.8 2.7
2005.4712 133.421 -49.7625 297.6 1.3 0.8 2.7
2005.4740 134.48 -46.6523 295.6 1.3 0.8 2.7
2005.4767 136.531 -44.3197 293.5 1.3 0.8 2.6
2005.4795 133.553 -42.0981 277.3 1.3 0.8 2.7
2005.4822 135.87 -46.9855 283.7 1.3 0.8 2.7
2005.4849 138.848 -47.7631 291.8 1.3 0.8 2.7
2005.4877 127.465 -45.9858 294.3 1.3 0.8 2.7
2005.4904 133.619 -40.7652 292.7 1.3 0.8 2.7
2005.4932 136.73 -44.5418 291.4 1.3 0.8 2.7
2005.4959 135.208 -46.5412 283.3 1.3 0.8 2.7
2005.4986 136.068 -46.4301 295.2 1.3 0.8 2.7
2005.5014 138.318 -47.7631 293.4 1.3 0.8 2.7
2005.5041 138.451 -45.5415 293.1 1.3 0.8 2.6
2005.5068 139.907 -46.208 291.7 1.3 0.8 2.6
2005.5096 135.406 -44.8751 294.9 1.3 0.8 2.7
2005.5123 135.605 -44.8751 285.6 1.3 0.8 2.7
2005.5151 129.979 -43.4311 294.1 1.3 0.8 2.7
2005.5178 137.127 -50.9843 289.9 1.3 0.8 2.6
2005.5205 135.009 -46.3191 298.2 1.3 0.8 2.6
2005.5233 132.362 -43.2089 304.5 1.5 1.0 2.9
2005.5315 134.281 -46.7634 292.2 1.3 0.9 2.8
2005.5342 130.178 -46.0969 308.1 1.2 0.8 2.6
2005.5370 129.582 -44.0975 297 1.5 1.0 2.9
2005.5397 106.088 -49.4292 278.6 1.7 1.3 3.6
2005.5425 139.576 -49.2071 283.3 1.7 1.3 3.7
2005.5452 138.98 -45.3194 271.2 1.8 1.4 3.9
2005.5479 130.443 -46.208 290.6 1.8 1.4 3.9
2005.5507 136.002 -45.2083 302.8 1.3 0.9 2.7
2005.5534 132.958 -44.5418 269.3 1.3 0.9 2.7
2005.5562 135.936 -47.9852 286.6 2.5 1.6 4.2
2005.5589 132.494 -44.8751 286.1 1.2 0.8 2.6
2005.5616 134.811 -45.2083 280.6 1.3 0.9 2.7
2005.5644 136.333 -45.9858 288.5 1.3 1.0 2.8
2005.5671 138.054 -48.6517 288.2 1.3 0.9 2.7
2005.5699 133.156 -49.2071 296.4 1.3 0.9 2.8
2005.5726 136.598 -44.8751 280.4 1.3 0.9 2.8
2005.5753 134.745 -45.9858 289.9 1.3 0.9 2.7
2005.5781 130.641 -48.4295 288.9 1.3 0.9 2.6
2005.5808 141.694 -52.8726 258 1.3 0.9 2.6
2005.5836 144.936 -44.3197 277.5 1.3 0.9 2.7
2005.5863 138.451 -45.6526 287.9 1.3 0.9 2.7
2005.5890 137.987 -47.7631 291.6 1.2 0.8 2.6
2005.5918 130.244 -47.2077 292.7 1.2 0.8 2.6
2005.5945 129.979 -44.6529 295.8 1.2 0.8 2.6
2005.5973 129.119 -39.8766 294.8 1.2 0.8 2.6
2005.6000 149.371 -89.0837 259.7 1.2 0.8 2.7
2005.6027 126.472 -47.0966 265.9 1.2 0.8 2.6
2005.6055 132.428 -61.0923 282.3 1.5 1.0 3.1
2005.6137 137.127 -49.9846 282.9 1.3 0.9 2.7
2005.6164 138.054 -50.2068 280.6 1.3 0.8 2.7
2005.6192 139.179 -45.0972 277.9 1.2 0.8 2.7
2005.6219 134.612 -48.9849 279.3 1.3 0.9 2.7
2005.6247 133.95 -47.2077 284.5 1.3 0.9 2.7
2005.6274 134.083 -48.7628 288.8 1.3 0.8 2.7
2005.6301 136.862 -47.3188 278.1 1.3 0.9 2.7
2005.6329 135.87 -48.5406 288.2 1.2 0.8 2.7
2005.6356 136.531 -46.0969 282.8 1.3 0.8 2.7
2005.6384 130.377 -48.3185 274.3 1.3 0.9 2.7
2005.6411 143.811 -49.096 276 1.3 0.8 2.6
2005.6438 109.463 -46.0969 265.3 1.3 0.8 2.6
2005.6466 134.546 -46.3191 288.6 1.2 0.8 2.6
2005.6493 120.052 -50.0957 266.7 1.3 0.9 2.7
2005.6521 118.199 -40.8763 276.9 1.3 0.8 2.6
2005.6548 124.751 -47.9852 277.7 1.4 0.9 2.7
2005.6575 140.833 -52.7615 272.3 1.3 0.9 2.7
2005.6603 115.155 -42.2092 265.3 1.3 0.9 2.7
2005.6630 135.737 -47.8741 277.7 1.3 0.9 2.6
2005.6658 133.752 -47.4298 286.5 1.3 0.9 2.7
2005.6685 128.921 -48.0963 291.4 1.3 0.9 2.6
2005.6712 117.405 -48.0963 271.7 1.2 0.8 2.6
2005.6740 98.2788 -47.5409 277.5 1.2 0.8 2.6
2005.6767 114.228 -47.5409 278.1 1.3 0.9 2.6
2005.6795 131.369 -45.8748 274.3 1.2 0.8 2.6
2005.6822 129.384 -51.2065 261.3 1.2 0.8 2.6
2005.6849 131.171 -47.2077 278.6 1.3 0.8 2.7
2005.6877 133.024 -48.6517 278 1.3 0.8 2.7
2005.6904 136.399 -53.6501 266.1 1.3 0.8 2.7
2005.6932 132.428 -60.7591 280.2 1.3 0.8 2.7
2005.6959 133.95 -43.2089 281.7 1.3 0.9 2.8
2005.6986 120.119 -50.0957 286 1.3 0.8 2.7
2005.7014 130.575 -58.6486 269.5 1.3 0.9 2.8
2005.7041 137.656 -45.0972 281 1.3 0.8 2.8
2005.7068 127.266 -55.5385 267.4 1.9 1.2 3.7
2005.7096 117.339 -45.9858 263.3 1.3 0.9 2.8
2005.7123 118.861 -52.5394 274.7 1.3 0.8 2.6
2005.7151 110.258 -48.3185 270.8 1.3 0.8 2.6
2005.7178 112.177 -45.2083 282.8 1.3 0.9 2.7
2005.7205 131.171 -53.428 286.5 1.3 0.8 2.6
2005.7233 130.046 -55.4274 275.2 1.3 0.9 2.7
2005.7260 137.127 -45.0972 266.4 1.3 0.8 2.6
2005.7288 135.142 -53.428 262.8 1.3 0.8 2.6
2005.7315 122.038 -53.5391 275.2 1.3 0.8 2.7
2005.7342 126.075 -44.764 252.9 2.1 2.1 5.1
2005.7726 147.451 -46.5412 250.7 5.0 2.4 6.3
2005.7753 132.23 -54.872 284.5 1.3 0.9 2.6
2005.7781 126.472 -47.5409 283.2 1.3 0.8 2.6
2005.7808 121.045 -46.8745 270.8 1.3 0.8 2.6
2005.7836 118.596 -47.0966 282.1 1.3 0.9 2.7
2005.7863 133.024 -50.7621 282.7 1.3 0.8 2.6
2005.7890 127.597 -44.3197 269.5 1.3 0.8 2.6
2005.7918 126.604 -48.0963 286.3 1.4 0.9 2.7
2005.7945 127.597 -48.8738 269.2 1.5 0.9 2.7
2005.7973 109.132 -51.5397 281.6 1.3 0.8 2.6
2005.8000 114.692 -49.3181 265.2 1.4 0.8 2.8
2005.8027 128.126 -54.9831 283.4 1.6 1.0 3.2
2005.8055 110.655 -49.9846 274 1.4 0.8 2.6
2005.8082 125.942 -49.9846 300.7 1.3 0.8 2.6
2005.8110 119.854 -49.7625 290.1 1.3 0.8 2.6
2005.8137 124.95 -47.5409 286.4 1.3 0.8 2.6
2005.8164 126.406 -48.0963 272.9 1.4 0.8 2.6
2005.8192 127.465 -51.5397 286.1 1.4 0.8 2.7
2005.8219 126.273 -57.0935 269.6 1.4 0.8 2.6
2005.8247 128.325 -52.4283 261.5 1.4 0.8 2.6
2005.8274 120.052 -45.8748 264.1 1.4 0.8 2.6
2005.8329 127.266 -50.8732 283.4 1.4 0.9 2.8
2005.8356 125.148 -52.0951 276.9 1.4 0.8 2.7
2005.8384 117.074 -49.3181 271 1.4 0.8 2.7
2005.8411 105.823 -46.8745 276.8 1.5 0.9 2.8
2005.8438 121.972 -51.4286 278.7 1.4 0.9 2.8
2005.8466 131.634 -47.3188 276.1 1.4 0.9 2.8
2005.8493 127.928 -52.5394 293 1.9 1.1 3.3
2005.8521 124.486 -62.092 263.6 1.4 0.8 2.7
2005.8548 123.825 -50.54 277.3 1.5 0.8 2.8
2005.8575 118.265 -56.5381 286.9 1.5 0.8 2.8
2005.8603 115.751 -54.0945 292.9 1.5 0.9 2.8
2005.8630 104.301 -44.5418 276.3 1.5 0.8 2.8
2005.8658 129.119 -47.652 272.6 1.4 0.8 2.8
2005.8685 118.53 -48.5406 287.8 1.4 0.8 2.7
2005.8712 129.185 -52.4283 279 1.5 0.9 2.8
2005.8740 124.288 -51.984 279.1 1.6 1.0 2.9
2005.8767 125.81 -48.8738 271.7 1.5 0.8 2.7
2005.8795 127.597 -52.0951 284.2 1.5 0.9 2.8
2005.8822 123.03 -52.8726 287.6 1.3 0.8 2.6
2005.8849 120.119 -52.7615 282.7 1.4 0.8 2.7
2005.8877 128.523 -54.872 287.4 1.4 0.8 2.7
2005.8904 129.913 -53.5391 282.9 1.4 0.8 2.7
2005.8932 125.347 -49.3181 273.6 1.3 0.8 2.6
2005.8959 118.729 -49.9846 282 1.3 0.8 2.7
2005.8986 124.95 -47.8741 284.1 1.3 0.8 2.6
2005.9014 117.339 -51.2065 284.3 1.3 0.8 2.6
2005.9041 129.781 -55.8717 286.8 1.3 0.8 2.6
2005.9068 136.531 -57.3157 283.4 1.4 0.8 2.7
2005.9096 126.737 -55.6495 291 1.3 0.8 2.6
2005.9123 130.906 -53.428 292.5 1.3 0.8 2.6
2005.9151 128.987 -51.3175 290.1 1.3 0.8 2.6
2005.9178 129.185 -50.4289 296.7 1.3 0.8 2.6
2005.9205 126.075 -52.2061 283.4 1.3 0.9 2.6
2005.9233 124.553 -54.2055 283 1.5 0.9 2.7
2005.9260 128.06 -55.7606 277.3 1.4 0.9 2.8
2005.9288 120.979 -53.2058 296.5 1.3 0.8 2.6
2005.9315 126.141 -58.8708 277.9 1.3 0.8 2.6
2005.9342 125.744 -65.4243 269.6 1.3 0.8 2.5
2005.9370 120.582 -54.872 266.7 1.3 0.8 2.6
2005.9397 124.95 -51.984 279.9 1.3 0.8 2.6
2005.9425 125.281 -50.2068 275.2 1.3 0.8 2.6
2005.9452 127.994 -48.4295 279.8 1.3 0.8 2.6
2005.9479 126.34 -52.3172 284.6 1.3 0.8 2.5
2005.9507 123.891 -56.316 276.2 1.6 0.9 2.9
2005.9534 126.604 -56.8714 283.4 1.4 0.9 2.8
2005.9562 125.347 -54.9831 282.4 1.3 0.8 2.7
2005.9589 125.942 -53.2058 286.4 1.6 0.9 2.8
2005.9616 124.288 -52.0951 275.3 1.7 1.2 3.2
2005.9644 115.949 -51.6508 296.5 4.1 1.7 4.8
2005.9781 122.302 -56.5381 271.5 1.4 0.9 2.8
2005.9808 126.075 -59.0929 280.5 1.3 0.9 2.7
2005.9836 125.744 -57.3157 285.1 1.3 0.8 2.7
2005.9863 127.862 -57.4268 298.2 1.3 0.8 2.7
2005.9890 126.406 -61.0923 287.3 1.3 0.8 2.6
2005.9918 130.575 -54.3166 288.3 1.3 0.8 2.6
2005.9945 130.443 -55.4274 290.4 1.3 0.8 2.6
2005.9973 133.884 -55.6495 299.1 1.3 0.8 2.6
2006.0000 131.105 -55.7606 280.4 1.3 0.9 2.6
2006.0027 121.111 -57.5378 284.1 1.3 0.8 2.7
2006.0055 118.398 -53.5391 277.4 1.3 0.9 2.7
2006.0082 123.361 -51.2065 280.8 1.3 0.9 2.7
2006.0110 130.641 -48.9849 284.1 1.3 0.9 2.7
2006.0137 127.994 -55.3163 275.6 1.3 0.9 2.7
2006.0164 126.207 -59.8705 295.5 1.3 0.8 2.6
2006.0192 130.377 -56.8714 291.8 1.4 0.9 2.8
2006.0219 128.722 -57.76 306.8 1.3 0.9 2.8
2006.0247 124.023 -62.4252 302.2 1.3 0.9 2.7
2006.0274 120.913 -62.7585 297.1 1.4 0.9 2.8
2006.0301 118.464 -57.3157 292.4 1.4 0.9 2.7
2006.0329 128.06 -51.5397 284.8 1.3 0.9 2.7
2006.0356 125.479 -62.5363 284.3 1.3 0.9 2.6
2006.0384 129.45 -56.8714 289.8 1.3 0.9 2.6
2006.0411 136.267 -56.7603 287.4 1.3 0.9 2.7
2006.0438 136.134 -53.8723 290.9 1.3 0.9 2.6
2006.0466 128.325 -57.0935 302.2 1.3 0.9 2.7
2006.0493 130.31 -57.4268 294.5 1.4 0.9 2.8
2006.0521 138.186 -64.5357 304.3 3.4 2.3 5.1
2006.0548 129.582 -57.8711 293.1 1.4 0.9 2.9
2006.0685 130.377 -58.0932 295.7 1.9 1.1 3.4
2006.0712 129.913 -56.5381 310.9 1.8 1.2 3.5
2006.0740 129.45 -56.5381 292.6 1.2 0.8 2.5
2006.0767 132.031 -57.9821 287.1 1.3 0.9 2.7
2006.0959 138.12 -60.0926 298.5 1.8 1.3 3.7
2006.0986 133.156 -56.2049 296.4 1.4 0.9 2.8
2006.1014 131.105 -55.7606 300.5 1.4 0.9 2.8
2006.1041 131.7 -56.5381 286.6 1.2 0.8 2.5
2006.1068 132.958 -58.4265 288.8 1.3 0.9 2.6
2006.1096 126.604 -59.204 290.7 1.3 0.8 2.6
2006.1123 129.582 -57.5378 312.4 1.4 0.8 2.6
2006.1151 125.678 -56.9825 297.5 1.3 0.8 2.5
2006.1178 129.913 -58.2043 296.8 1.2 0.8 2.5
2006.1205 139.112 -64.0914 291.8 2.1 1.3 4.2
2006.1342 141.296 -60.9812 288.6 1.3 0.8 2.6
2006.1370 133.619 -60.0926 294.2 1.2 0.8 2.5
2006.1397 134.347 -57.6489 301.8 1.3 0.8 2.5
2006.1425 131.634 -60.7591 302.3 1.6 1.0 2.9
2006.1452 139.973 -57.8711 315.4 1.3 0.9 2.6
2006.1479 117.736 -53.428 298.7 1.3 0.9 2.7
2006.1507 138.12 -60.8701 327.4 1.3 0.8 2.6
2006.1534 146.856 -54.3166 325.7 1.2 0.8 2.5
2006.1562 131.303 -59.3151 313.6 1.2 0.8 2.5
2006.1589 135.009 -63.8692 322.2 1.2 0.8 2.6
2006.1616 130.641 -58.8708 303 1.4 0.9 2.7
2006.1644 138.848 -65.4243 290.9 1.3 0.8 2.7
2006.1671 131.766 -60.648 304.7 1.3 0.8 2.6
2006.1699 137.59 -59.9815 304.9 1.3 0.8 2.6
2006.1726 126.207 -60.9812 310.6 3.5 2.2 5.2
2006.1753 132.825 -60.0926 303.9 1.2 0.8 2.5
2006.1781 137.855 -60.2037 307.3 1.3 0.8 2.6
2006.1808 131.105 -58.0932 303.5 1.3 0.9 2.6
2006.1836 130.972 -61.2034 303.6 1.3 0.8 2.5
2006.1863 133.884 -62.7585 299.6 1.2 0.8 2.5
2006.1890 96.2933 -61.8698 300.1 1.3 0.8 2.6
2006.1918 130.046 -70.5338 308.6 1.3 0.8 2.6
2006.1945 134.811 -62.7585 308 1.3 0.8 2.6
2006.1973 136.068 -62.7585 305 1.3 0.8 2.7
2006.2000 140.304 -60.3148 317.1 1.3 0.8 2.6
2006.2027 131.105 -65.8686 313.5 1.3 0.9 2.8
2006.2055 141.627 -64.6468 293.1 1.3 0.8 2.7
2006.2082 143.613 -66.7572 309.5 1.3 0.9 2.6
2006.2110 128.193 -62.7585 305.2 1.3 0.8 2.6
2006.2137 134.281 -63.9803 316.5 1.4 0.9 2.8
2006.2164 134.48 -63.536 322.9 1.3 0.8 2.6
2006.2192 133.355 -58.3154 316.7 1.3 0.8 2.6
2006.2219 139.907 -60.4258 321.7 1.4 0.9 2.7
2006.2247 141.826 -61.3145 317.9 1.4 0.9 2.7
2006.2274 138.649 -63.9803 310.4 1.4 0.9 2.6
2006.2301 133.884 -62.092 323.6 1.4 0.9 2.7
2006.2329 141.429 -60.648 323.5 1.4 0.9 2.6
2006.2356 145.731 -75.5323 305.5 1.6 1.0 3.2
2006.2603 145.466 -60.4258 305.2 1.3 0.8 2.6
2006.2630 131.833 -69.7563 310.6 1.3 0.8 2.6
2006.2658 142.223 -63.3138 312.4 1.3 0.9 2.6
2006.2685 135.208 -64.8689 301.2 1.3 0.8 2.6
2006.2712 131.038 -59.6483 303.2 1.3 0.8 2.6
2006.2740 138.186 -58.8708 308.1 1.3 0.8 2.6
2006.2767 134.414 -68.2012 314.9 1.3 0.9 2.7
2006.2795 132.097 -60.7591 301.9 1.3 0.9 2.7
2006.2822 131.502 -61.9809 307.6 1.3 0.8 2.6
2006.2849 135.737 -59.9815 308.2 1.3 0.8 2.6
2006.2877 145.003 -62.092 316.8 1.3 0.8 2.5
2006.2904 140.304 -63.6471 313.1 1.3 0.8 2.6
2006.2932 138.186 -62.4252 319.4 1.3 0.8 2.6
2006.2959 123.361 -55.0941 299.5 1.3 0.8 2.6
2006.2986 143.083 -65.9797 303.1 1.3 0.8 2.6
2006.3014 137.061 -63.7581 298.8 1.3 0.9 2.6
2006.3041 139.84 -62.2031 302.3 1.3 0.8 2.6
2006.3068 137.855 -60.2037 315.7 1.3 0.8 2.6
2006.3096 135.737 -59.204 320.7 1.3 0.8 2.6
2006.3123 135.737 -61.0923 325 1.3 0.8 2.5
2006.3151 135.87 -61.2034 312.9 1.3 0.8 2.6
2006.3178 141.296 -63.2028 311.4 1.3 0.8 2.6
2006.3205 130.84 -52.6505 302.1 1.3 0.8 2.6
2006.3233 125.281 -53.2058 306.8 1.3 0.8 2.6
2006.3260 139.443 -62.2031 307.5 1.3 0.8 2.6
2006.3288 137.789 -60.648 319.1 1.3 0.8 2.6
2006.3315 138.649 -60.9812 313.6 1.3 0.8 2.6
2006.3342 143.48 -60.8701 312.4 1.3 0.8 2.6
2006.3370 140.238 -61.6477 312.7 1.3 0.8 2.6
2006.3397 142.289 -62.8695 309.6 1.3 0.8 2.6
2006.3425 138.318 -62.3141 311 1.3 0.8 2.6
2006.3452 133.09 -58.8708 298.2 1.3 0.8 2.6
2006.3479 135.274 -62.3141 305.9 1.3 0.8 2.6
2006.3507 137.723 -61.0923 317.2 1.3 0.9 2.7
2006.3534 137.855 -62.8695 309.7 1.4 0.9 2.7
2006.3562 140.039 -63.3138 315.7 1.3 0.8 2.6
2006.3589 136.862 -66.3129 309.9 1.3 0.8 2.6
2006.3616 139.179 -66.424 327.7 1.3 0.8 2.6
2006.3644 138.384 -63.2028 326.5 1.3 0.8 2.6
2006.3671 133.884 -64.5357 302.2 1.3 0.8 2.6
2006.3699 128.06 -73.9772 317.9 2.2 1.2 3.9
2006.3726 140.304 -68.3123 312.9 1.5 1.0 2.9
2006.3753 133.884 -62.5363 303.8 1.4 0.9 2.8
2006.3781 139.774 -63.3138 322.2 1.8 1.0 3.1
2006.3808 142.686 -68.6455 297.2 1.4 0.9 2.7
2006.3836 128.656 -56.4271 299.5 1.3 0.9 2.6
2006.3863 122.501 -49.6514 310.4 5.3 2.2 6.0
2006.3945 136.333 -62.8695 326.6 1.4 0.9 2.8
2006.3973 139.179 -64.6468 317.8 1.4 0.9 2.7
2006.4000 137.193 -65.8686 329.4 1.4 1.0 2.9
2006.4027 140.238 -65.3132 325.9 1.3 0.9 2.7
2006.4055 142.223 -64.0914 325.1 1.4 0.9 2.7
2006.4082 141.429 -62.2031 325.2 1.4 0.9 2.7
2006.4110 136.333 -64.7578 332.5 1.3 0.9 2.7
2006.4137 138.252 -65.8686 325.2 1.3 0.9 2.7
2006.4164 137.458 -65.5354 322.4 1.3 0.9 2.6
2006.4192 138.715 -63.4249 322.3 1.4 0.9 2.7
2006.4219 139.84 -63.536 318.2 1.4 0.9 2.7
2006.4247 136.995 -62.6474 327.3 1.4 0.9 2.7
2006.4274 136.068 -63.7581 324.5 1.4 0.9 2.7
2006.4301 137.789 -64.7578 324.6 1.4 0.9 2.7
2006.4329 140.105 -64.6468 321.3 1.4 0.9 2.7
2006.4356 139.51 -62.4252 321.4 1.3 0.9 2.6
2006.4384 134.678 -58.3154 310.6 1.3 0.8 2.6
2006.4411 136.465 -64.5357 308.6 1.3 0.9 2.7
2006.4438 139.311 -65.0911 318.9 1.3 0.8 2.6
2006.4466 137.987 -64.8689 321.8 1.3 0.8 2.6
2006.4493 136.598 -64.98 322 1.3 0.8 2.6
2006.4521 136.862 -63.4249 322 1.3 0.8 2.6
2006.4548 139.179 -63.8692 323.7 1.3 0.8 2.6
2006.4575 137.656 -65.7575 327 1.3 0.8 2.7
2006.4603 142.686 -63.7581 325.5 1.3 0.8 2.7
2006.4630 140.767 -64.0914 315.6 1.3 0.9 2.7
2006.4658 142.885 -67.2015 320.9 1.3 0.9 2.8
2006.4685 139.51 -62.092 326 1.3 0.9 2.7
2006.4712 138.848 -65.6465 315.6 1.3 0.9 2.7
2006.4740 136.995 -64.4246 321.5 1.3 0.9 2.7
2006.4767 141.958 -65.5354 325.1 1.5 0.9 2.8
2006.4795 142.091 -64.5357 330.7 1.3 0.9 2.7
2006.4822 138.186 -73.5329 324.4 1.3 0.9 2.7
2006.4849 136.664 -70.9781 309 1.3 0.9 2.7
2006.4877 131.899 -64.98 313.6 1.3 0.9 2.7
2006.4904 139.112 -65.4243 325.7 1.3 0.9 2.7
2006.4932 136.134 -67.4237 304.6 1.2 0.9 2.7
2006.4959 139.443 -64.0914 318.6 1.4 0.9 2.7
2006.4986 139.642 -62.6474 335.7 1.2 0.8 2.7
2006.5014 153.54 -75.7545 300.3 1.3 0.9 2.7
2006.5041 142.355 -74.4215 288.7 1.2 0.8 2.7
2006.5068 147.054 -73.7551 290.7 1.2 0.8 2.7
2006.5096 142.951 -75.4212 295 1.2 0.8 2.7
2006.5123 129.582 -71.7557 279.3 1.2 0.8 2.7
2006.5151 146.326 -71.5335 316.4 1.2 0.8 2.7
2006.5178 140.966 -63.536 326.8 1.2 0.9 2.7
2006.5205 146.26 -64.3135 280.8 1.2 0.8 2.7
2006.5233 139.774 -67.0905 309.5 1.2 0.9 2.7
2006.5260 127.928 -65.7575 299.4 1.2 0.8 2.7
2006.5288 142.951 -64.2025 317.2 1.2 0.8 2.7
2006.5315 140.966 -61.7588 317.5 1.2 0.9 2.7
2006.5342 141.627 -63.3138 317.6 1.2 0.9 2.7
2006.5370 139.51 -65.8686 318.4 1.2 0.9 2.7
2006.5397 139.973 -64.2025 318.4 1.2 0.8 2.7
2006.5425 138.054 -65.8686 321.5 1.2 0.9 2.8
2006.5452 140.502 -63.2028 314.7 1.2 0.8 2.6
2006.5479 141.627 -67.5348 327.8 1.2 0.8 2.6
2006.5507 140.171 -66.9794 324.7 1.2 0.8 2.6
2006.5534 142.752 -64.8689 325.4 1.2 0.8 2.6
2006.5562 145.466 -67.3126 323 1.2 0.8 2.6
2006.5589 138.782 -61.2034 325.2 1.2 0.8 2.6
2006.5616 137.458 -64.2025 324.4 1.2 0.8 2.6
2006.5644 143.547 -58.5375 299.8 1.2 0.8 2.6
2006.5671 143.944 -62.9806 312.5 1.2 0.8 2.6
2006.5699 146.723 -88.3061 293.4 1.2 0.8 2.6
2006.5726 132.428 -70.5338 320.6 1.2 0.8 2.6
2006.5753 126.604 -69.0898 320.3 1.2 0.8 2.6
2006.5781 127.068 -62.2031 303.8 1.2 0.8 2.6
2006.5808 141.164 -67.3126 324.3 1.2 0.8 2.7
2006.5836 135.803 -58.9818 303.2 1.2 0.8 2.6
2006.5863 139.84 -64.0914 326.5 1.2 0.8 2.7
2006.5890 140.171 -61.7588 331.2 1.2 0.9 2.7
2006.5918 144.076 -64.98 321.7 1.3 0.9 2.7
2006.5945 144.407 -68.7566 327.1 1.2 0.9 2.7
2006.5973 142.157 -67.868 322.4 1.2 0.9 2.7
2006.6000 137.656 -65.2021 321.6 1.2 0.9 2.7
2006.6027 133.686 -77.3095 306.4 1.2 0.8 2.6
2006.6055 134.678 -64.2025 294 1.2 0.8 2.6
2006.6082 146.061 -70.8671 314.4 1.2 0.8 2.6
2006.6110 133.487 -59.204 306.9 1.2 0.8 2.6
2006.6137 146.657 -66.9794 317.8 1.2 0.8 2.6
2006.6164 133.024 -67.0905 332.4 1.2 0.8 2.6
2006.6192 124.222 -74.8658 294.3 1.2 0.8 2.6
2006.6219 142.686 -64.0914 300.1 1.3 0.8 2.7
2006.6247 145.003 -69.7563 326.6 1.2 0.8 2.6
2006.6274 147.915 -69.7563 330.2 1.2 0.8 2.6
2006.6301 137.987 -70.5338 331.8 1.2 0.8 2.6
2006.6329 136.002 -66.8683 298.1 1.2 0.8 2.6
2006.6356 127.729 -62.092 315.4 1.2 0.8 2.6
2006.6384 130.31 -68.6455 296.6 1.2 0.9 2.7
2006.6411 137.061 -68.7566 320.8 1.2 0.8 2.6
2006.6438 137.524 -68.6455 329 1.2 0.8 2.6
2006.6466 146.061 -66.5351 309.8 1.2 0.8 2.6
2006.6493 122.369 -68.3123 313.1 1.2 0.9 2.7
2006.6521 127.928 -68.3123 317.4 1.3 0.9 2.8
2006.6548 140.304 -68.3123 323.8 1.2 0.9 2.8
2006.6575 140.304 -67.868 311.3 1.2 0.9 2.7
2006.6603 138.914 -67.9791 310.7 1.2 0.9 2.8
2006.6630 129.847 -65.4243 306.5 1.4 1.0 3.2
2006.6658 121.376 -51.3175 292.3 1.4 0.9 2.9
2006.6685 133.686 -57.3157 316 1.4 1.1 3.3
2006.6849 147.981 -63.4249 316.1 1.3 0.9 2.8
2006.6877 132.494 -72.5332 325.1 1.3 0.9 2.8
2006.6904 134.017 -72.7554 331.1 1.2 0.8 2.7
2006.6932 133.686 -67.7569 319 1.3 0.8 2.7
2006.6959 140.833 -69.6452 327.2 1.3 0.8 2.7
2006.6986 144.407 -68.7566 324.1 1.3 0.8 2.7
2006.7014 139.973 -66.0908 306.2 1.3 0.8 2.7
2006.7041 136.267 -71.9778 323.5 1.4 0.9 2.7
2006.7068 136.928 -65.6465 306.3 1.4 0.9 2.7
2006.7096 122.633 -61.3145 301.1 1.3 0.8 2.6
2006.7123 146.061 -68.9788 321.6 1.3 0.8 2.6
2006.7151 140.635 -64.2025 307.7 1.3 0.8 2.6
2006.7178 114.096 -61.8698 298 1.3 0.8 2.6
2006.7205 133.619 -67.3126 316.8 1.3 0.8 2.6
2006.7233 140.171 -75.3101 335.3 1.3 0.8 2.7
2006.7260 137.656 -71.7557 323.4 1.3 0.9 2.8
2006.7288 142.289 -65.4243 315.6 1.3 0.9 2.7
2006.7342 136.399 -66.2018 319.1 1.3 0.8 2.6
2006.7370 136.2 -68.0901 333 1.3 0.8 2.6
2006.7397 140.899 -69.2009 319.3 1.3 0.8 2.6
2006.7425 141.561 -65.2021 309.9 1.3 0.8 2.6
2006.7452 134.017 -66.6461 297.2 1.3 0.8 2.6
2006.7479 137.656 -73.1997 293.2 1.3 0.8 2.6
2006.7507 127.597 -71.0892 307.7 1.3 0.8 2.6
2006.7534 136.73 -68.9788 319.9 1.3 0.8 2.7
2006.7562 134.546 -68.8677 305.8 1.5 0.9 2.8
2006.7589 123.229 -73.3108 313.5 1.3 0.8 2.6
2006.7616 132.825 -69.0898 306.7 1.3 0.8 2.7
2006.7644 138.517 -67.5348 323.2 1.3 0.8 2.6
2006.7671 138.054 -69.0898 327.9 1.3 0.9 2.8
2006.7726 135.142 -62.7585 313.2 1.3 0.8 2.7
2006.7753 119.92 -74.4215 304 1.3 0.8 2.7
2006.7781 131.105 -68.9788 303.5 1.3 0.8 2.7
2006.7808 136.928 -67.9791 322.1 1.3 0.8 2.7
2006.7836 138.715 -70.3117 328.4 1.3 0.8 2.6
2006.7863 137.987 -76.7541 303.9 1.3 0.8 2.6
2006.7890 141.296 -63.2028 316.3 1.3 0.8 2.7
2006.7918 140.171 -67.4237 311.8 1.7 1.1 3.4
2006.7945 135.075 -72.6443 301.8 1.4 0.9 2.8
2006.7973 125.281 -68.2012 319.1 1.4 0.8 2.7
2006.8000 141.958 -71.9778 318.4 1.3 0.8 2.6
2006.8027 139.311 -70.756 304.6 1.3 0.8 2.7
2006.8055 137.392 -76.4209 308.4 1.3 0.8 2.7
2006.8110 140.568 -71.2003 319.4 1.3 0.8 2.6
2006.8137 137.524 -75.3101 319.9 1.3 0.8 2.7
2006.8192 127.001 -66.7572 308.4 1.3 0.8 2.7
2006.8219 139.179 -70.756 329.5 1.3 0.8 2.6
2006.8247 141.296 -73.4218 309 1.3 0.8 2.6
2006.8274 138.054 -72.3111 323.5 1.3 0.8 2.6
2006.8301 134.215 -70.6449 317.9 1.6 0.9 2.9
2006.8329 135.936 -74.3105 319.6 1.3 0.8 2.6
2006.8356 129.119 -65.3132 322.8 1.3 0.8 2.7
2006.8384 134.48 -64.0914 330.7 1.3 0.8 2.6
2006.8411 150.496 -66.0908 321.2 1.3 0.8 2.6
2006.8438 145.731 -67.7569 330.1 1.7 0.9 3.1
2006.8575 118.927 -56.7603 301.1 2.2 1.2 3.8
2006.8603 133.686 -70.5338 329.4 2.1 1.2 3.6
2006.8630 130.575 -71.3114 319.7 1.4 0.9 2.8
2006.8658 148.841 -65.6465 314.6 1.4 0.9 2.8
2006.8685 139.245 -70.6449 324.1 1.4 0.9 2.7
2006.8712 140.37 -65.7575 320.3 1.3 0.8 2.6
2006.8740 109.132 -58.6486 313.7 1.3 0.8 2.6
2006.8767 126.538 -65.4243 312.8 1.2 0.8 2.6
2006.8795 128.457 -71.8668 320.2 1.2 0.8 2.6
2006.8822 120.979 -70.2006 310.6 1.3 0.8 2.6
2006.8849 126.075 -52.6505 313.7 1.2 0.8 2.6
2006.8877 132.296 -76.9763 327.6 1.3 0.8 2.6
2006.8904 134.017 -73.5329 327.1 1.2 0.8 2.6
2006.8932 141.429 -83.752 320.4 1.2 0.8 2.6
2006.8959 136.995 -82.6412 316.7 1.3 0.9 2.7
2006.8986 141.23 -79.0868 309.7 1.2 0.9 2.6
2006.9014 134.414 -76.4209 326 1.2 0.8 2.6
2006.9041 134.546 -81.7526 313.7 1.5 1.0 3.0
2006.9068 135.671 -81.6415 314.6 1.3 0.9 2.8
2006.9096 131.105 -76.0877 328.6 1.5 0.9 2.9
2006.9151 122.633 -71.7557 324.5 1.3 0.9 2.7
2006.9178 132.163 -84.5295 320.7 1.2 0.8 2.6
2006.9205 129.053 -73.8661 316.5 1.2 0.8 2.6
2006.9233 133.024 -73.644 329.6 1.2 0.8 2.6
2006.9260 133.686 -79.7532 324.7 1.2 0.8 2.6
2006.9288 136.995 -70.8671 318.8 1.3 0.8 2.7
2006.9315 143.083 -70.5338 316.7 3.7 2.0 5.0
2006.9342 139.907 -76.3098 327.5 3.1 3.0 6.4
2006.9370 129.119 -73.1997 315.7 2.2 1.2 3.7
2006.9479 141.694 -75.7545 319 3.1 2.0 5.1
2006.9507 136.598 -74.6437 320.9 1.3 0.9 2.7
2006.9534 130.443 -76.9763 318.5 1.4 0.9 2.8
2006.9562 135.737 -79.3089 314.1 3.5 1.7 5.0
2006.9753 138.649 -82.0858 319.1 1.9 1.2 3.6
2006.9781 135.274 -74.5326 319.4 1.3 0.9 2.6
2006.9808 139.179 -75.8655 323.9 1.2 0.8 2.6
2006.9836 134.612 -75.7545 325.7 1.2 0.8 2.6
2006.9863 140.171 -78.4203 324.2 1.3 0.9 2.7
2006.9890 124.486 -73.8661 316.3 1.4 0.9 2.8
2006.9918 137.326 -71.0892 321.8 1.2 0.9 2.6
2006.9945 138.318 -75.1991 312 1.2 0.9 2.6
2006.9973 140.171 -77.976 328.4 1.2 0.8 2.6
2007.0000 137.259 -77.5317 320.2 1.2 0.9 2.6
2007.0027 141.826 -78.9757 324.8 1.2 0.8 2.6
2007.0055 133.156 -72.7554 321.2 1.2 0.9 2.6
2007.0082 137.193 -76.532 308.3 1.2 0.9 2.6
2007.0110 135.34 -80.1975 312.4 1.2 0.9 2.6
2007.0137 130.707 -75.3101 322.4 1.2 0.9 2.7
2007.0164 136.134 -74.0883 323.3 1.2 0.9 2.8
2007.0219 134.678 -79.42 309.3 1.2 0.9 2.6
2007.0247 141.363 -75.8655 302 1.6 1.2 3.5
2007.0274 135.009 -71.2003 322.2 1.2 0.9 2.6
2007.0301 136.002 -73.7551 322.4 1.2 0.9 2.7
2007.0329 131.766 -81.0861 318.6 1.2 0.9 2.7
2007.0356 137.458 -75.7545 316.3 1.2 0.8 2.6
2007.0384 144.341 -77.0874 333.2 1.2 0.8 2.6
2007.0411 138.318 -81.4194 326.2 1.2 0.8 2.6
2007.0438 127.994 -77.4206 314.9 1.2 0.9 2.6
2007.0466 131.038 -81.6415 323.6 1.4 0.9 2.8
2007.0959 128.457 -72.6443 325.7 1.2 0.9 2.6
2007.0986 136.068 -75.088 342.8 3.1 2.0 4.9
2007.1123 130.31 -76.532 330.1 1.2 0.8 2.5
2007.1397 131.634 -75.088 318.6 1.4 0.9 2.7
2007.1425 135.936 -76.8652 339.1 1.8 1.2 3.7
2007.1452 132.958 -73.0886 312.5 2.8 2.0 6.1
2007.1534 137.987 -79.1978 333.8 1.2 0.9 2.6
2007.1562 131.237 -78.8646 328.8 1.2 0.8 2.6
2007.1589 133.686 -93.6378 316.2 1.2 0.9 2.7
2007.2000 135.87 -75.7545 323.2 1.2 0.8 2.6
2007.2027 131.7 -76.6431 332.4 1.3 0.8 2.6
2007.2055 135.075 -78.7535 324.7 1.3 0.9 2.7
2007.2082 137.458 -78.1981 320.8 1.2 0.8 2.6
2007.2137 131.634 -80.4197 308.6 1.2 0.8 2.6
2007.2164 135.142 -77.6428 322.7 1.4 0.9 2.7
2007.2274 136.399 -80.3086 323.8 2.9 1.6 4.0
2007.2301 127.928 -78.8646 317.2 1.3 0.8 2.6
2007.2329 133.686 -79.1978 328.8 1.4 1.0 2.8
2007.2356 131.502 -77.976 318.3 1.3 0.9 2.6
2007.2384 130.046 -77.1985 315 1.3 0.9 2.6
2007.2411 128.193 -85.8625 313.7 1.3 0.8 2.6
2007.2438 133.686 -75.6434 320.2 1.4 1.0 3.0
2007.2466 145.863 -73.644 329.2 8.4 4.9 10.2
2007.2493 145.797 -87.5286 304.4 1.3 0.8 2.6
2007.2521 128.722 -92.416 309.7 1.3 0.8 2.6
2007.2548 125.347 -86.64 328.6 2.3 1.3 4.2
2007.2658 132.296 -80.3086 324 1.3 0.9 2.7
2007.2685 132.23 -78.3092 300.6 1.7 1.1 3.0
2007.2767 136.002 -81.4194 322 2.1 1.5 3.5
2007.2795 133.024 -80.3086 334.8 1.5 1.0 2.9
2007.2822 132.825 -79.0868 331.3 1.4 0.9 2.7
2007.2849 147.584 -82.1969 316.3 1.3 0.8 2.5
2007.2877 140.37 -79.0868 321.8 1.3 0.8 2.6
2007.2904 141.363 -84.1963 321.4 1.3 0.8 2.6
