2001.7890 0 0 0 3.2 2.5 8.0
2009.6027 -3.77427 -204.265 -13.2 1.2 0.9 2.9
2009.6055 -0.764409 -200.935 -6 1.3 0.9 2.8
2009.6082 -3.48761 -199.825 -7.6 1.1 0.8 2.5
2009.6110 -4.1087 -202.378 -12.5 1.1 0.8 2.5
2009.6137 -3.05763 -204.154 -13.1 1.1 0.8 2.5
2009.6164 -2.48433 -202.267 -12.5 1.1 0.8 2.5
2009.6192 -1.57659 -214.034 -8.8 2.5 2.3 5.6
2012.5096 -0.0955514 -273.649 20.9 1.6 1.1 3.5
2013.5479 -1.28994 -293.853 11.5 1.1 0.8 2.5
2013.5507 0.907735 -290.412 7.2 1.1 0.8 2.5
2013.5534 -2.1499 -293.409 5 1.1 0.8 2.5
2013.5562 -6.11527 -292.299 12.6 1.1 0.8 2.5
2013.5973 -8.5996 -297.85 0.2 1.1 0.8 2.5
2013.6000 -5.87639 -297.739 1.9 1.1 0.8 2.5
2013.6027 -5.78084 -299.626 2.7 1.1 0.8 2.4
2013.6055 -9.50733 -298.738 -4.2 1.1 0.8 2.5
2013.6082 -7.2141 -298.405 -6.1 1.5 1.1 3.4
