2000.4740 0 0 0 1.4 1.0 3.0
2000.4767 -0.100939 -1.88737 1.2 1.5 1.2 3.4
2002.8438 95.4896 185.184 -84.6 23.0 14.1 33.0
2002.8466 162.564 148.214 -47.4 2.2 1.7 5.3
2002.8493 159.183 146.438 -54.3 2.2 1.7 5.4
2002.8521 169.782 144.883 -42.9 1.8 1.6 4.8
2002.8548 166.047 145.105 -54.2 1.6 1.4 4.4
2002.8575 169.479 146.105 -38.4 1.7 1.4 4.5
2002.8603 170.438 144.661 -36.3 3.4 2.3 7.4
2004.3726 203.243 113.908 -79.6 1.5 1.1 3.3
2004.3753 202.385 113.242 -81.7 1.3 1.0 2.9
2004.7890 205.515 116.684 -82.7 1.3 1.1 2.9
2004.7918 205.969 114.13 -85.7 1.2 0.9 2.6
2006.5945 206.978 76.3829 -87.5 1.2 0.9 2.6
2006.5973 205.918 78.6033 -101.7 1.2 0.9 2.6
2006.6000 206.019 78.9364 -94.4 2.4 1.4 4.0
2007.7260 200.669 57.9533 -97.9 1.2 0.9 2.6
2007.7288 194.31 61.617 -97.1 1.2 0.9 2.6
2007.7315 197.742 61.0619 -85.8 1.1 0.9 2.5
2007.7342 197.237 59.6186 -99.8 1.1 0.8 2.5
2007.7370 196.581 59.8407 -115.8 1.1 0.8 2.5
2007.7397 198.853 59.0635 -110.3 1.1 0.8 2.5
2007.7425 196.228 59.2856 -93.5 1.2 0.9 2.6
2007.7452 198.146 60.9509 -87.2 1.2 1.0 2.7
2007.7479 199.004 59.7297 -86.8 1.2 0.9 2.6
2007.7507 198.701 59.2856 -87.6 1.1 0.9 2.5
2007.7534 195.471 58.8415 -94.3 1.1 0.9 2.6
2009.5288 189.263 27.3113 -103.7 1.2 0.9 2.6
2009.5315 184.115 23.0925 -101.6 1.2 0.9 2.7
2009.5342 181.238 20.317 -106 1.2 0.9 2.6
2009.5370 173.062 19.9839 -100.9 1.2 0.9 2.6
2009.5397 182.803 20.65 -107.5 1.2 0.9 2.6
2009.5425 176.343 20.0949 -110.3 1.2 0.9 2.7
2009.5452 180.532 17.2084 -98.9 1.2 0.9 2.6
2009.5479 169.832 13.7667 -95.9 3.2 2.4 6.1
2010.6493 184.014 12.9895 -106.5 1.3 1.0 2.8
2010.6521 178.664 12.4344 -108.5 1.1 0.8 2.5
2010.6548 181.137 9.99195 -100.1 1.1 0.9 2.6
2010.6575 181.289 12.4344 -105.8 1.1 0.8 2.4
2010.6603 181.592 12.2124 -99.5 1.1 0.8 2.4
2010.6630 186.841 15.432 -96.9 2.2 1.6 4.5
2011.7205 180.734 -5.66211 -92.5 2.6 1.7 4.8
2011.7233 177.706 -7.66049 -95.2 1.2 0.8 2.5
2011.7260 181.895 -4.55189 -110 1.1 0.8 2.4
2011.7288 176.999 -5.44006 -100.3 1.1 0.8 2.4
2011.7315 175.434 -7.32743 -108.2 1.1 0.8 2.4
2011.7342 177.049 -6.77232 -97.5 1.1 0.8 2.4
2011.7370 175.636 -5.55108 -96.5 1.7 1.1 3.3
2011.7397 174.728 -9.32582 -103.3 1.6 1.1 3.1
2012.6493 167.208 -22.8705 -100.4 1.2 0.8 2.5
2012.6521 172.002 -22.6484 -105.8 1.1 0.8 2.5
2013.4575 165.492 -35.749 -113.9 1.4 1.2 3.2
2013.4603 164.634 -34.8608 -107.3 1.1 0.8 2.5
2013.4630 170.842 -33.3065 -102.6 1.1 0.9 2.6
2013.4658 168.621 -31.1971 -106.1 1.2 0.9 2.6
2013.4685 163.221 -34.1947 -107 1.2 0.9 2.6
2013.4712 160.243 -31.8632 -115.3 1.2 1.0 2.7
2014.7315 154.59 -63.0603 -111 2.6 2.0 5.6
2014.7342 159.082 -57.9533 -118.2 1.2 0.9 2.6
2014.7370 162.615 -57.7313 -119.2 1.3 1.0 2.8
2015.6247 149.594 -69.7216 -91.9 1.4 1.0 3.0
2015.6274 147.979 -70.0547 -94.9 2.5 1.5 4.1
2016.5945 136.572 -83.7103 -93 1.5 1.0 2.8
2016.5973 136.471 -86.1528 -90.4 1.4 0.9 2.6
2017.5699 139.096 -105.915 -133.9 1.1 0.8 2.5
2017.5726 137.43 -106.137 -131.5 1.2 0.8 2.5
2017.5753 139.449 -105.582 -133.9 1.1 0.8 2.5
2017.5781 136.926 -107.58 -137.6 1.1 0.8 2.5
2017.5808 136.068 -107.58 -132 1.1 0.8 2.5
2017.5836 137.582 -106.359 -131.6 1.2 0.8 2.5
2017.5863 139.802 -106.137 -134 1.2 0.9 2.7
2018.5178 120.371 -126.121 -105.2 1.2 0.9 2.6
2018.5205 119.917 -128.119 -102 1.1 0.8 2.5
2018.5233 119.968 -126.787 -105.7 1.1 0.8 2.5
2018.5260 118.403 -126.676 -101.3 1.2 0.9 2.5
2019.5123 116.485 -138.777 -103 1.1 0.8 2.6
2019.5151 113.659 -140.22 -96.4 1.2 0.9 2.6
2019.5178 112.952 -140.22 -97.7 1.1 0.8 2.6
2019.5205 112.952 -138.111 -100.7 1.5 0.9 2.8
2020.5260 103.312 -155.541 -105.9 1.2 1.0 2.8
2020.5288 103.615 -154.098 -102.6 1.4 1.1 3.2
2021.4630 100.991 -173.749 -109.1 2.9 2.1 5.9
