2017.6685 0 0 0 1.2 0.9 2.6
2017.6712 -6.66933 -1.22129 -4.1 1.2 0.9 2.7
2017.6740 0.573145 -1.22129 0 1.1 0.8 2.4
2017.6767 -2.70941 -1.44335 -2.8 1.1 0.9 2.5
2017.6795 -0.312624 -3.66388 -5 1.8 1.4 4.0
2017.6822 -1.3026 -0.222053 -5.2 1.0 0.8 2.4
2017.6849 -1.45891 0.888214 -7.1 1.3 1.0 2.8
2017.6877 -1.3026 0.66616 -5.5 2.2 1.6 3.6
2017.6904 -1.71943 -2.22053 -2.3 1.0 0.8 2.4
2017.6932 -0.885769 -0.111027 0.6 1.0 0.8 2.4
2017.6959 -0.781562 -2.10951 -1.1 1.1 0.9 2.5
2017.6986 -1.35471 0.66616 -2.8 1.1 0.9 2.5
2017.7014 -0.521041 -0.222053 -1.8 1.2 1.0 2.6
2017.7041 3.23045 -2.44259 -2.6 1.2 0.9 2.5
2017.7068 -3.02204 2.10951 -0.3 1.2 1.0 2.8
2017.7096 -2.18837 0 -4.3 1.2 1.0 2.6
2017.7123 -3.54308 1.55437 -6.3 1.0 0.9 2.4
2017.7151 3.49097 0.66616 -4.2 3.7 2.2 5.8
2017.7178 4.79358 1.99848 -15 2.5 1.6 4.8
2017.7205 -2.96993 1.22129 -12.4 1.0 0.8 2.4
2017.7233 0.312624 0.66616 -3.3 1.1 0.9 2.5
2017.7260 -1.40681 0.555133 -13.8 1.1 0.9 2.4
2017.7288 0.312624 -0.444107 -9 1.0 0.8 2.4
2017.7315 0.625249 0.222053 0.1 1.0 0.8 2.4
2017.7342 -2.18837 0.33308 -1.4 1.1 0.9 2.5
2017.7370 -2.18837 -0.222053 -4.1 1.0 0.8 2.4
2017.7397 -1.45891 0.99924 -1.9 1.4 1.0 2.8
2017.7425 -2.65731 3.77491 -3 1.5 1.1 3.2
2017.7452 -3.33466 0.33308 -5.8 1.1 0.9 2.5
2017.7479 -1.19839 0.777187 -2.9 1.2 0.9 2.5
2017.7507 -1.92785 0.888214 -2.6 1.1 0.9 2.5
2017.7534 -2.96993 0.444107 -7.7 1.1 0.9 2.4
2017.7562 0.521041 -0.888214 1.7 1.1 0.9 2.5
2017.7589 -3.8557 3.10875 -6.5 1.2 0.9 2.7
2017.7616 2.18837 2.22053 -4.9 1.1 0.9 2.4
2017.7644 -0.677352 1.22129 -10.9 1.1 0.9 2.5
2017.7671 -1.35471 1.77643 -2.9 1.0 0.9 2.4
2017.7699 -2.03206 -0.222053 -6.3 1.1 0.9 2.4
2017.7726 -1.61523 0.33308 -3.5 1.0 0.9 2.4
2017.7753 -2.24048 1.33232 -2.9 1.0 0.8 2.4
2017.7781 -3.17835 1.55437 -5.3 1.3 1.0 2.8
2017.7808 -4.74147 -0.444107 -3.1 1.3 1.0 2.8
2017.7836 -5.73145 2.33156 -0.6 1.3 1.0 2.7
2017.7863 -2.91783 1.33232 -2.7 1.3 0.9 2.6
2017.7890 -5.36672 2.10951 -5.4 1.2 0.9 2.6
2017.7918 -4.32464 1.99848 -9.5 1.1 0.9 2.4
2017.7945 -2.44889 2.99772 -12.3 1.0 0.8 2.4
2017.7973 -0.729459 1.11027 -9.3 1.0 0.8 2.4
2017.8000 -1.87575 3.44183 -6.6 1.2 0.9 2.5
2017.8027 -2.76152 2.88669 -4.6 1.2 0.9 2.5
2017.8055 -3.12625 -0.444107 -3.6 1.1 0.9 2.4
2017.8082 -3.07414 -0.66616 0.3 1.1 0.9 2.5
2017.8110 -1.40681 1.99848 -3.9 1.0 0.8 2.4
2017.8137 -5.21041 0 -3.1 1.0 0.9 2.5
2017.8164 -3.43887 1.88745 -0.4 1.2 0.9 2.6
2017.8192 -4.16833 0.222053 -4.5 1.1 0.9 2.4
2017.8219 -1.66733 1.44335 -10.5 1.1 0.8 2.5
2017.8247 -3.43887 3.55285 -4.3 1.0 0.8 2.4
2017.8274 -4.58516 1.33232 -6.4 1.1 0.8 2.4
2017.8329 -2.81362 0.555133 -4 1.0 0.8 2.4
2017.8384 -4.37675 2.33156 -3.4 1.2 0.9 2.5
2017.8411 -6.09618 1.6654 -1.9 1.1 0.8 2.4
2017.8438 -5.93987 1.44335 -6.8 1.0 0.8 2.4
2017.8466 -4.42885 0.33308 0 1.0 0.8 2.4
2017.8493 -5.00199 0.66616 -0.2 1.0 0.8 2.4
2017.8521 -6.04408 2.88669 -0.4 1.3 1.1 2.8
2017.8548 -5.26251 0.66616 0.7 1.5 1.0 2.8
2017.8575 -3.90781 1.6654 -0.2 1.3 0.9 2.7
2017.8603 -4.58516 1.77643 -4.9 1.3 1.0 2.7
2017.8630 -6.61722 1.88745 -0.9 1.1 0.9 2.5
2017.8658 -7.91982 1.33232 0.8 1.0 0.8 2.4
2017.8685 -5.62724 2.88669 -0.7 1.1 0.8 2.4
2017.8712 -5.93987 3.88594 1.9 1.1 0.9 2.4
2017.8740 -5.93987 2.10951 -2.6 1.1 0.8 2.4
2017.8767 -5.78356 3.77491 -0.1 1.2 0.9 2.5
2017.8795 -4.37675 1.44335 -3.8 1.0 0.8 2.4
2017.8822 -4.74147 2.55361 -4.5 1.1 0.8 2.4
2017.8849 -4.89779 3.3308 -1.4 1.1 0.8 2.4
2017.8877 -4.84568 5.32928 -5.6 1.1 0.8 2.4
2017.8904 -4.68937 2.88669 -8.5 1.4 1.0 2.8
2017.8932 -2.08416 2.10951 -5.9 1.1 0.8 2.4
2017.8959 -2.86572 3.77491 -6.5 1.1 0.8 2.4
2017.8986 -2.65731 4.10799 -10.1 1.2 0.9 2.5
2017.9014 -3.54308 2.66464 -10.4 1.0 0.8 2.4
2017.9041 -5.47093 2.33156 -0.1 1.2 0.9 2.7
2017.9068 -4.68937 0.99924 -1.6 1.0 0.8 2.4
2017.9096 -9.11822 1.44335 1.1 1.2 0.9 2.5
2017.9123 -9.06611 4.5521 1.4 1.2 0.8 2.5
2017.9151 -2.6052 2.55361 -2.1 1.2 0.9 2.5
2017.9178 -5.57514 5.10723 12.3 1.1 0.8 2.4
2017.9205 -6.25249 7.10571 7.4 1.0 0.8 2.4
2017.9233 -5.88776 7.10571 10.5 1.0 0.8 2.4
2017.9260 -8.28455 7.99392 9.8 1.1 0.9 2.6
2017.9288 -7.97193 7.43879 9.8 1.3 0.9 2.7
2017.9315 -6.04408 4.5521 5.7 1.1 0.8 2.4
2017.9342 -6.51301 3.88594 -1.9 1.1 0.8 2.4
2017.9370 -9.84767 2.33156 -3.5 1.1 0.8 2.4
2017.9397 -6.3046 2.44259 -12.8 1.1 0.8 2.4
2017.9425 -5.73145 1.99848 -9.9 1.0 0.8 2.4
2017.9452 -3.23046 2.55361 -12 1.1 0.8 2.4
2017.9479 -5.00199 0.444107 -2.9 1.3 0.9 2.5
2017.9507 -2.96993 2.77567 -3.9 1.1 0.8 2.4
2017.9534 -4.74147 3.10875 -4.2 1.1 0.8 2.4
2017.9562 -6.98195 3.44183 -6.6 1.1 0.8 2.3
2017.9589 -10.1603 6.2175 9.3 1.0 0.8 2.4
2017.9616 -8.59718 2.10951 1.7 1.3 0.9 2.6
2017.9644 -5.21041 3.10875 0.8 1.2 0.8 2.5
2017.9671 -6.92985 2.99772 0.4 1.2 0.9 2.5
2017.9699 -6.09618 4.44107 1.3 1.1 0.8 2.4
2017.9726 -6.61722 3.55285 -1.1 1.1 0.8 2.4
2017.9753 -6.56512 2.55361 -4.1 1.1 0.8 2.4
2017.9781 -5.67935 1.77643 -2.3 1.1 0.8 2.4
2017.9808 -8.44086 3.55285 -4.1 1.1 0.8 2.5
2017.9836 -8.9098 2.55361 -0.2 1.1 0.8 2.4
2017.9863 -7.71141 4.21902 -0.9 1.2 0.9 2.5
2017.9890 -6.14828 2.77567 -1.7 1.1 0.8 2.5
2017.9918 -10.004 1.6654 -2.7 1.1 0.8 2.4
2017.9945 -8.12824 1.99848 -1.3 1.1 0.8 2.4
2017.9973 -10.1603 3.44183 -2.8 1.1 0.8 2.4
2018.0000 -9.58715 3.66388 -1.6 1.1 0.8 2.4
2018.0027 -10.2124 3.99696 -2.4 1.1 0.9 2.5
2018.0055 -6.72143 3.44183 -2.9 1.1 0.8 2.4
2018.0082 -7.55509 3.88594 -1.6 1.1 0.8 2.4
2018.0110 -7.86772 1.99848 -4 1.1 0.8 2.4
2018.0137 -10.525 3.55285 -4 1.1 0.8 2.4
2018.0164 -1.92785 2.99772 -4.8 1.1 0.8 2.4
2018.0192 -10.4208 3.66388 -6.8 1.1 0.8 2.4
2018.0219 -9.22243 1.33232 -5.9 1.1 0.8 2.4
2018.0247 -9.43084 2.77567 -3.4 1.1 0.8 2.4
2018.0274 -8.59718 1.99848 -4.6 1.1 0.8 2.4
2018.0301 -8.96191 3.55285 -3.3 1.1 0.8 2.4
2018.0329 -9.48295 3.55285 2.7 1.1 0.8 2.4
2018.0356 -6.72143 4.21902 5.1 1.1 0.8 2.4
2018.0384 -7.76351 2.88669 0 1.2 0.9 2.5
2018.0411 -10.3687 3.3308 -1 1.1 0.8 2.4
2018.0438 -8.23245 2.88669 0.4 1.1 0.8 2.4
2018.0466 -7.81562 2.77567 -1.8 1.1 0.8 2.4
2018.0493 -5.78356 2.22053 -7.2 1.1 0.8 2.4
2018.0521 -6.77353 2.22053 -4.2 1.2 0.9 2.5
2018.0548 -7.55509 3.21977 -5 1.1 0.9 2.5
2018.0575 -6.72143 3.21977 -0.2 1.1 0.8 2.4
2018.0603 -7.19037 2.55361 -2.1 1.1 0.8 2.4
2018.0630 -6.72143 2.55361 -0.1 1.1 0.8 2.5
2018.0658 -8.02403 2.66464 -3 1.1 0.8 2.5
2018.0685 -6.87774 2.55361 -2.6 1.1 0.9 2.5
2018.0712 -7.50299 1.22129 -2.4 1.1 0.9 2.5
2018.0740 -8.80559 2.66464 2.9 1.1 0.8 2.4
2018.0767 -8.44086 3.44183 4.5 1.1 0.8 2.4
2018.0795 -7.86772 2.77567 0.1 1.1 0.8 2.5
2018.0822 -6.46091 3.99696 -1.6 1.1 0.9 2.5
2018.0849 -8.59718 2.88669 -0.5 1.1 0.8 2.4
2018.0877 -8.75349 2.22053 0.4 1.1 0.9 2.5
2018.0904 -8.59718 1.22129 8.9 1.1 0.9 2.5
2018.0932 -10.7334 2.44259 4.1 1.0 0.8 2.4
2018.0959 -6.14828 2.44259 4.8 1.0 0.8 2.4
2018.0986 -7.19037 3.99696 6.5 1.1 0.9 2.5
2018.1014 -15.1623 2.33156 17.1 1.1 0.9 2.5
2018.1041 -15.3707 5.77339 24.4 1.0 0.8 2.4
2018.1068 -14.7455 4.9962 19.9 1.0 0.9 2.4
2018.1096 -14.0681 3.77491 15.8 1.1 0.9 2.5
2018.1123 -13.3387 3.44183 12.9 1.0 0.8 2.4
2018.1151 -11.8797 4.33004 10 1.1 0.8 2.4
2018.1178 -10.525 5.32928 13.2 1.0 0.8 2.4
2018.1205 -10.4208 3.3308 8.7 1.1 0.8 2.5
2018.1233 -7.55509 3.55285 5.6 1.1 0.8 2.4
2018.1260 -9.11822 3.66388 6.6 1.0 0.8 2.4
2018.1288 -7.76351 4.5521 7.9 1.1 0.9 2.5
2018.1315 -6.09618 4.44107 9.8 1.2 0.9 2.6
2018.1342 -7.91982 2.77567 6.8 1.1 0.9 2.5
2018.1370 -9.43084 4.66312 6.9 1.2 0.9 2.6
2018.1397 -9.58715 4.9962 2 1.1 0.9 2.5
2018.1425 -7.39878 5.10723 0.7 1.1 0.9 2.5
2018.1452 -8.8577 3.10875 3.7 1.1 0.8 2.4
2018.1479 -6.72143 3.10875 4.4 1.2 1.0 2.6
2018.1507 -6.51301 1.99848 3.1 1.1 0.9 2.6
2018.1534 -7.71141 3.66388 -3.5 1.0 0.8 2.4
2018.1562 -6.82564 4.77415 -0.6 1.1 0.9 2.5
2018.1589 -8.9098 5.32928 -4.3 1.2 0.9 2.6
2018.1616 -7.03405 5.99544 0.1 1.1 0.8 2.4
2018.1644 -8.28455 6.10647 0.4 1.1 0.8 2.5
2018.1671 -7.55509 6.43955 -1.3 1.1 0.8 2.5
2018.1699 -9.32663 6.55058 -1.8 1.1 0.9 2.5
2018.1726 -7.19037 6.55058 -4.4 1.1 0.9 2.5
2018.1753 -9.32663 6.32852 -4.9 1.1 0.9 2.4
2018.1781 -9.69136 5.66236 -2.1 1.1 0.9 2.4
2018.1808 -8.75349 5.88442 -4.1 1.0 0.8 2.4
2018.1836 -9.53505 7.21674 -6.3 1.0 0.9 2.4
2018.1863 -7.97193 6.77263 -7.4 1.1 0.9 2.5
2018.1890 -7.6072 6.43955 -6.3 1.2 0.9 2.7
2018.1918 -9.22243 6.99468 -2.3 1.1 0.8 2.4
2018.1945 -9.48295 7.10571 -5.2 1.0 0.8 2.4
2018.1973 -7.03405 7.10571 -3.9 1.0 0.8 2.4
2018.2000 -6.77353 6.88366 -2.4 1.2 0.9 2.5
2018.2027 -8.54507 5.77339 -2.5 1.2 0.9 2.7
2018.2055 -9.11822 6.55058 -0.8 1.2 0.9 2.6
2018.2082 -8.54507 7.10571 -7.5 1.1 0.9 2.6
2018.2110 -9.84767 6.2175 -5 1.3 1.0 2.7
2018.2137 -7.76351 5.88442 -2.7 1.1 0.9 2.6
2018.2164 -10.525 5.77339 -5.9 1.1 0.9 2.5
2018.2192 -12.0882 6.43955 -7 1.1 0.9 2.5
2018.2219 -11.1503 5.44031 -3.1 1.1 0.9 2.5
2018.2247 -10.1082 5.66236 -2.1 1.2 1.0 2.7
2018.2274 -9.84767 7.10571 -6.2 1.1 0.9 2.5
2018.2301 -9.53505 6.77263 -6.7 1.2 1.0 2.5
2018.2329 -9.58715 7.10571 -5.4 1.1 0.9 2.5
2018.2356 -9.27453 4.44107 -2.5 1.1 0.9 2.5
2018.2384 -10.2645 7.21674 -5.2 1.0 0.8 2.4
2018.2411 -10.6813 7.66084 -2.7 1.0 0.8 2.4
2018.2438 -11.4629 7.54982 -2.4 1.1 0.9 2.4
2018.2466 -10.6292 7.21674 -2.4 1.1 0.9 2.5
2018.2493 -11.515 6.32852 -1.5 1.1 0.8 2.4
2018.2521 -10.994 6.55058 -2.9 1.0 0.8 2.4
2018.2548 -11.8797 5.99544 -5.3 1.1 0.9 2.5
2018.2575 -12.1403 7.21674 -1.6 1.0 0.8 2.4
2018.2603 -13.3387 7.77187 -0.3 1.1 0.9 2.5
2018.2630 -11.6713 7.54982 -3.7 1.0 0.8 2.5
2018.2658 -12.505 9.32624 -5.4 1.0 0.8 2.4
2018.2685 -12.8697 6.43955 -1.5 1.0 0.8 2.4
2018.2712 -12.8176 7.10571 0.9 1.1 0.9 2.5
2018.2740 -13.3387 5.44031 -1.7 1.3 1.0 2.8
2018.2767 -11.6713 8.54906 -0.6 1.2 0.9 2.7
2018.2795 -10.3166 7.21674 -2 1.2 0.9 2.6
2018.2822 -8.02403 5.99544 -3.1 1.2 1.0 2.6
2018.2849 -10.8898 7.99392 -2.2 1.0 0.9 2.5
2018.2877 -11.5671 6.43955 -3.2 1.1 0.8 2.4
2018.2904 -10.1082 7.8829 -0.5 1.1 0.8 2.4
2018.2932 -7.45089 10.9916 7 1.0 0.8 2.5
2018.2959 -12.7134 8.10495 -2.7 1.1 0.9 2.5
2018.2986 -12.3487 8.77111 0.4 1.0 0.8 2.4
2018.3014 -10.2645 9.5483 -3.1 1.7 1.2 3.3
2018.3041 -9.95188 8.327 -0.8 1.1 0.9 2.4
2018.3068 -11.7755 8.10495 -3.2 1.1 0.8 2.4
2018.3096 -9.95188 7.66084 -2.4 1.1 0.9 2.5
2018.3123 -10.9419 6.6616 -1 1.0 0.8 2.4
2018.3151 -11.6192 7.54982 -0.2 1.1 0.8 2.4
2018.3178 -10.4208 7.54982 1.3 1.1 0.9 2.4
2018.3205 -10.4729 7.99392 2.4 1.1 0.8 2.4
2018.3233 -12.3487 8.21598 -2.1 1.1 0.8 2.4
2018.3260 -11.3066 8.43803 2.2 1.0 0.8 2.3
2018.3288 -12.6092 7.32776 2.7 1.1 0.8 2.4
2018.3315 -8.96191 6.88366 3.7 1.1 0.8 2.4
2018.3342 -9.95188 5.99544 -1.4 1.1 0.8 2.4
2018.3370 -12.2966 6.6616 -1.6 1.1 0.9 2.4
2018.3397 -11.0461 7.8829 -0.1 1.1 0.8 2.4
2018.3425 -13.4429 7.10571 1.1 1.1 0.9 2.5
2018.3452 -12.7655 6.43955 0.6 1.3 1.0 2.6
2018.3479 -9.53505 5.99544 1.4 1.2 0.9 2.5
2018.3507 -12.505 6.10647 3 1.2 0.9 2.5
2018.3534 -13.8597 5.77339 0.5 1.2 1.0 2.6
2018.3562 -11.0982 7.99392 1.6 1.2 0.9 2.5
2018.3589 -9.89978 7.99392 -2.1 1.3 1.0 2.7
2018.3616 -12.7655 10.1034 2.1 1.2 0.9 2.5
2018.3644 -10.9419 10.8806 6.1 1.1 0.8 2.4
2018.3671 -12.2445 7.54982 -1.4 1.1 0.8 2.4
2018.3699 -14.1202 8.10495 -4.6 1.1 0.8 2.4
2018.3726 -13.4429 7.66084 -3 1.1 0.8 2.3
2018.3753 -11.1503 10.2145 13.4 1.3 1.0 2.6
2018.3781 -10.1603 9.43727 9.3 1.1 0.8 2.5
2018.3808 -13.7034 7.10571 -2.7 1.1 0.8 2.4
2018.3836 -13.5471 7.43879 -1.9 1.1 0.8 2.4
2018.3863 -12.9739 6.99468 -7.4 1.1 0.8 2.3
2018.3890 -13.495 6.88366 -4.1 1.1 0.8 2.4
2018.3918 -13.026 7.10571 -0.8 1.2 0.8 2.4
2018.3945 -12.505 8.10495 -4.8 1.1 0.8 2.4
2018.3973 -13.9118 6.2175 -4.7 1.1 0.8 2.4
2018.4000 -13.7034 7.66084 -4.9 1.1 0.8 2.3
2018.4027 -14.3807 8.327 -5.9 1.0 0.8 2.4
2018.4055 -13.4429 8.66008 -6.2 1.1 0.8 2.4
2018.4082 -14.3286 8.43803 -8.9 1.1 0.8 2.4
2018.4110 -11.9318 10.3255 -0.3 1.1 0.8 2.4
2018.4137 -14.1723 11.1027 -6 1.1 0.8 2.4
2018.4164 -14.7455 10.7696 -4.9 1.3 0.9 2.6
2018.4192 -14.2765 9.65932 -5.8 1.3 0.9 2.6
2018.4219 -17.7154 10.6586 -12.9 1.1 0.8 2.5
2018.4247 -14.016 9.10419 -14 1.1 0.8 2.4
2018.4274 -10.6292 7.8829 -4.5 1.0 0.8 2.4
2018.4301 -15.996 9.5483 -8.4 1.1 0.8 2.4
2018.4329 -14.6934 9.5483 -5.6 1.2 0.9 2.5
2018.4356 -15.4749 10.9916 -5.7 1.1 0.8 2.4
2018.4384 -14.5891 9.99241 -6.2 1.1 0.8 2.4
2018.4411 -15.6312 9.88138 -3 1.0 0.8 2.4
2018.4438 -15.0581 10.3255 -11.3 1.1 0.8 2.4
2018.4466 -13.1823 9.88138 -7.8 1.1 0.8 2.4
2018.4493 -17.1944 11.2137 -5.3 1.1 0.8 2.4
2018.4521 -16.2565 9.88138 -4.8 1.1 0.8 2.4
2018.4548 -14.9018 10.7696 -5.6 1.0 0.8 2.4
2018.4575 -14.3807 10.5475 -5.9 1.0 0.8 2.4
2018.4603 -14.1723 10.7696 -2.4 1.0 0.8 2.4
2018.4630 -16.4128 10.1034 -3.2 1.2 0.9 2.5
2018.4658 -16.5691 10.8806 -3 1.1 0.8 2.4
2018.4685 -15.7875 8.99316 -4.1 1.1 0.8 2.4
2018.4712 -16.2044 11.2137 -10.2 1.0 0.8 2.4
2018.4740 -14.9018 9.99241 -9.4 1.1 0.8 2.4
2018.4767 -15.4749 10.3255 -2.7 1.2 0.9 2.6
2018.4795 -15.7354 11.2137 -1.1 1.1 0.8 2.4
2018.4822 -17.8717 9.65932 -1.4 1.2 0.9 2.6
2018.4849 -14.9539 9.65932 -5.1 1.4 1.1 2.7
2018.4877 -15.0581 11.7688 -7.8 1.1 0.9 2.4
2018.4904 -18.6533 10.7696 -6.9 1.0 0.8 2.4
2018.4932 -18.2364 11.6578 -6.8 1.0 0.8 2.4
2018.4959 -14.7455 11.4358 -5 1.1 0.8 2.4
2018.4986 -17.4028 12.1019 -2.8 1.1 0.8 2.4
2018.5014 -15.7875 11.5468 -6.2 1.0 0.8 2.4
2018.5041 -16.3086 12.657 1 1.0 0.8 2.4
2018.5068 -16.7254 10.5475 -8.3 1.0 0.8 2.4
2018.5096 -17.6112 10.6586 -6.2 1.2 0.9 2.4
2018.5123 -17.9759 10.3255 -2.3 1.1 0.8 2.5
2018.5151 -15.5791 10.2145 -11.8 1.1 0.8 2.4
2018.5178 -14.8497 10.2145 -8.7 1.1 0.8 2.4
2018.5205 -16.3607 10.2145 -7.2 1.1 0.8 2.4
2018.5233 -11.6713 10.3255 -6 1.1 0.8 2.4
2018.5260 -15.1623 11.1027 -7.3 1.0 0.8 2.4
2018.5288 -15.6833 12.657 -3.9 1.1 0.8 2.4
2018.5315 -14.5891 13.6563 -1.2 1.1 0.8 2.4
2018.5342 -15.7875 10.9916 -3.3 1.0 0.8 2.4
2018.5370 -15.527 10.1034 -7.9 1.1 0.8 2.4
2018.5397 -15.3707 12.657 -2.1 1.2 0.9 2.4
2018.5425 -17.8717 13.1012 -8.7 1.1 0.9 2.5
2018.5452 -17.2465 10.8806 -3.5 1.0 0.8 2.4
2018.5479 -17.4549 13.7673 -9.2 1.0 0.8 2.4
2018.5507 -17.038 9.32624 -9.3 1.1 0.8 2.4
2018.5534 -16.9859 10.6586 -8 1.1 0.9 2.5
2018.5562 -18.1843 11.5468 -4.4 1.1 0.8 2.4
2018.5589 -15.2144 9.5483 -8.5 1.0 0.8 2.4
2018.5616 -17.3507 8.10495 0.7 1.2 0.9 2.5
2018.5644 -16.2044 11.7688 -3 1.1 0.8 2.5
2018.5671 -16.1523 9.5483 -1.4 1.1 0.8 2.4
2018.5699 -16.7254 10.6586 -2 1.0 0.8 2.4
2018.5726 -16.7775 10.3255 -7.9 1.1 0.8 2.4
2018.5753 -16.9859 9.99241 -5.5 1.1 0.8 2.5
2018.5781 -15.3707 10.8806 -8.5 1.2 0.9 2.6
2018.5808 -17.5591 12.324 -4.7 1.1 0.9 2.5
2018.5836 -16.3086 11.1027 -11 1.1 0.8 2.4
2018.5863 -17.5591 9.21522 -4.7 1.1 0.9 2.4
2018.5890 -16.7254 10.3255 -8.4 1.0 0.8 2.4
2018.5918 -14.1723 10.5475 -8.7 1.1 0.8 2.5
2018.5945 -16.4128 10.3255 -7 1.1 0.8 2.4
2018.5973 -17.4028 12.324 -13 1.0 0.8 2.4
2018.6000 -13.1302 13.3232 -4.7 1.1 0.8 2.4
2018.6027 -16.9338 11.4358 -15.7 1.0 0.8 2.4
2018.6055 -17.3507 9.32624 -2.9 1.1 0.8 2.4
2018.6082 -17.7675 10.9916 -10.1 1.0 0.8 2.4
2018.6110 -16.9338 10.1034 -12.2 1.1 0.8 2.4
2018.6137 -16.7775 9.77035 -2.4 1.1 0.8 2.4
2018.6164 -18.9659 10.6586 -4.4 1.0 0.8 2.4
2018.6192 -18.7054 10.9916 -9 1.0 0.8 2.4
2018.6219 -19.018 11.5468 -9.3 1.1 0.9 2.5
2018.6247 -20.1122 10.3255 -9.9 1.3 0.9 2.6
2018.6274 -17.2986 11.5468 -3.1 1.3 0.9 2.6
2018.6301 -17.9759 8.99316 -7.8 1.1 0.9 2.5
2018.6329 -15.7875 12.2129 -5.2 1.1 0.9 2.5
2018.6356 -18.6533 10.7696 -1.5 1.2 0.9 2.6
2018.6384 -19.7996 10.9916 -3.7 1.0 0.8 2.4
2018.6411 -17.9759 10.7696 -5.5 1.1 0.9 2.6
2018.6438 -16.3086 13.4342 -2.8 1.1 0.9 2.5
2018.6466 -14.1202 11.4358 -1 1.0 0.8 2.4
2018.6493 -18.028 14.4335 -2.1 1.1 0.9 2.5
2018.6521 -14.3286 11.7688 -7.9 1.7 1.2 3.1
2018.6548 -17.2986 12.657 -2.6 1.3 0.9 2.6
2018.6575 -18.0801 13.2122 -3.1 1.1 0.8 2.5
2018.6603 -19.1222 10.9916 -13.9 1.0 0.8 2.4
2018.6630 -17.8717 11.4358 -5.1 1.0 0.8 2.4
2018.6658 -16.2565 11.7688 -8.1 1.1 0.8 2.4
2018.6685 -19.0701 13.4342 -3.6 1.0 0.8 2.4
2018.6712 -18.6533 11.7688 -6.3 1.0 0.8 2.4
2018.6740 -18.2885 13.1012 -12.4 1.0 0.8 2.4
2018.6767 -20.1643 12.7681 -11.2 1.1 0.9 2.5
2018.6795 -19.4348 14.6555 -3.8 1.1 0.9 2.5
2018.6822 -17.9238 12.546 -4.9 1.1 0.9 2.5
2018.6849 -18.6533 10.3255 -0.9 1.1 0.9 2.5
2018.6877 -17.038 12.324 -13.6 1.0 0.8 2.4
2018.6904 -17.8196 11.2137 -8.7 1.1 0.8 2.4
2018.6932 -18.3406 12.9901 -7.4 1.1 0.9 2.5
2018.6959 -16.2565 13.7673 -8.9 1.3 1.0 2.8
2018.6986 -16.7775 12.435 -9.8 1.1 0.8 2.4
2018.7014 -17.8717 12.324 -10.1 1.1 0.9 2.5
2018.7041 -20.008 12.7681 -10.1 1.2 1.0 2.6
2018.7068 -19.2785 11.7688 -10.2 1.1 0.9 2.4
2018.7096 -20.4248 10.9916 -6.4 1.0 0.8 2.4
2018.7123 -17.5591 12.657 -12.6 1.1 0.9 2.5
2018.7151 -22.3527 11.5468 -6.4 1.0 0.8 2.4
2018.7178 -18.6533 14.6555 -16.9 1.1 0.8 2.4
2018.7205 -22.0921 14.1004 -10 1.0 0.8 2.4
2018.7233 -20.2685 12.435 -6.5 1.0 0.8 2.5
2018.7260 -20.2685 14.6555 -10.8 1.4 1.0 2.8
2018.7288 -16.2044 10.8806 5.8 1.1 0.9 2.5
2018.7315 -19.0701 13.4342 -4.9 1.0 0.8 2.4
2018.7342 -20.008 14.6555 -8.6 1.0 0.8 2.4
2018.7370 -19.2785 14.1004 -9.2 1.0 0.8 2.4
2018.7397 -21.7795 13.3232 -5.8 1.0 0.8 2.4
2018.7425 -18.5491 12.8791 -2.4 1.1 0.9 2.5
2018.7452 -19.7475 13.2122 -9.3 1.1 0.8 2.5
2018.7479 -20.6332 12.9901 -3.1 1.0 0.8 2.4
2018.7507 -18.4449 12.2129 -0.2 1.0 0.8 2.4
2018.7534 -20.9458 14.3224 -12.4 1.1 0.9 2.4
2018.7562 -20.8937 14.3224 -9.1 1.0 0.8 2.4
2018.7589 -20.3206 14.6555 -5 1.1 0.8 2.4
2018.7616 -20.2164 15.3217 -8.2 1.1 0.9 2.5
2018.7644 -21.6753 12.657 -4.5 1.1 0.9 2.5
2018.7671 -20.7374 13.5453 -7.6 1.3 0.9 2.7
2018.7699 -22.8737 13.2122 -3.9 1.2 0.9 2.5
2018.7726 -21.1543 12.657 -5.5 1.2 1.0 2.6
2018.7753 -18.497 12.7681 -5.9 1.2 0.9 2.5
2018.7781 -20.4248 15.3217 -9.2 1.1 0.9 2.4
2018.7808 -18.7575 12.9901 -7.8 1.1 0.8 2.4
2018.7836 -22.3527 15.6548 -8.5 1.1 0.9 2.5
2018.7863 -18.2364 14.6555 -2.9 1.0 0.8 2.4
2018.7890 -21.9358 12.9901 -1.5 1.0 0.9 2.4
2018.7918 -22.4569 13.4342 -0.9 1.1 0.9 2.5
2018.7945 -21.9879 13.5453 -6 1.0 0.8 2.4
2018.7973 -20.529 11.9909 -5.5 1.0 0.8 2.4
2018.8000 -22.04 13.2122 -4.1 1.0 0.8 2.4
2018.8027 -20.998 12.435 -1.3 1.0 0.8 2.4
2018.8055 -21.6232 12.9901 -2.4 1.0 0.8 2.4
2018.8082 -22.3527 13.6563 -6.2 1.1 0.9 2.5
2018.8110 -21.1022 13.3232 -5 1.1 0.8 2.4
2018.8137 -20.2164 15.0996 -5.8 1.1 0.9 2.6
2018.8164 -21.4669 15.3217 -2.4 1.1 0.8 2.4
2018.8192 -21.0501 17.0981 -7.7 1.1 0.9 2.5
2018.8219 -22.7174 14.1004 0.1 1.1 0.8 2.4
2018.8247 -19.9559 17.7643 1.1 1.1 0.8 2.4
2018.8274 -17.8717 15.3217 -3.5 1.0 0.8 2.4
2018.8301 -21.8837 13.4342 0.1 1.1 0.8 2.4
2018.8329 -22.6132 14.4335 -0.4 1.0 0.8 2.4
2018.8356 -23.8637 14.3224 -3.1 1.1 0.8 2.4
2018.8384 -20.4248 13.8783 -2.3 1.1 0.8 2.4
2018.8411 -22.04 14.3224 -2.5 1.1 0.8 2.4
2018.8438 -20.1643 14.7666 -1 1.1 0.9 2.6
2018.8466 -17.8717 13.6563 -2.9 1.3 0.9 2.6
2018.8493 -20.0601 13.5453 -1.3 1.1 0.8 2.4
2018.8521 -20.529 13.9894 -1.5 1.1 0.8 2.5
2018.8548 -21.9358 13.5453 1.2 1.1 0.8 2.4
2018.8575 -23.2905 14.5445 -1.5 1.1 0.9 2.6
2018.8603 -23.03 13.1012 -0.2 1.1 0.8 2.4
2018.8630 -20.9458 13.5453 2.1 1.1 0.8 2.4
2018.8658 -21.519 13.3232 1.9 1.2 0.9 2.5
2018.8685 -23.8637 14.2114 -1.7 1.1 0.8 2.4
2018.8712 -20.8416 14.1004 -6.2 1.0 0.8 2.4
2018.8740 -22.04 14.5445 -1.7 1.0 0.8 2.4
2018.8767 -22.509 14.4335 -2.3 1.0 0.8 2.4
2018.8795 -22.2484 11.7688 -0.5 1.1 0.8 2.4
2018.8822 -21.7274 12.8791 -4.4 1.1 0.8 2.4
2018.8849 -22.3527 12.324 -4.3 1.1 0.9 2.4
2018.8877 -21.5711 14.4335 -5.2 1.2 0.9 2.5
2018.8904 -24.2284 15.0996 -3.6 1.2 0.9 2.5
2018.8932 -26.521 14.5445 -3.6 1.1 0.8 2.4
2018.8959 -19.4869 15.0996 -8.6 1.1 0.8 2.4
2018.8986 -19.7475 12.2129 -4.4 1.1 0.9 2.5
2018.9014 -23.1863 15.6548 -8 1.1 0.8 2.4
2018.9041 -22.1442 15.7658 -7.5 1.1 0.8 2.4
2018.9068 -21.2064 15.7658 -8.2 1.1 0.8 2.4
2018.9096 -23.0821 14.7666 -6.9 1.1 0.8 2.4
2018.9123 -19.0701 15.0996 -9.7 1.1 0.8 2.4
2018.9151 -21.6232 14.9886 -6.8 1.1 0.8 2.4
2018.9178 -21.8837 15.3217 -6.6 1.1 0.8 2.4
2018.9205 -23.3426 13.2122 -5.5 1.1 0.9 2.5
2018.9233 -24.4368 13.7673 0.2 1.1 0.8 2.4
2018.9260 -22.9258 13.5453 -4.2 1.1 0.8 2.5
2018.9288 -23.4989 13.9894 -2.2 1.1 0.8 2.4
2018.9315 -24.0721 13.8783 -3.6 1.1 0.8 2.4
2018.9342 -27.9799 17.2091 4.4 1.1 0.9 2.5
2018.9370 -25.7394 15.8768 0.2 1.1 0.8 2.4
2018.9397 -26.4168 15.0996 -7 1.1 0.9 2.5
2018.9425 -25.5831 15.2107 -4 1.1 0.9 2.5
2018.9452 -23.6553 16.3209 -3.4 1.1 0.8 2.4
2018.9479 -21.3627 16.2099 -10.3 1.1 0.8 2.4
2018.9507 -21.5711 15.0996 -6.9 1.1 0.8 2.4
2018.9534 -23.2384 15.0996 -6 1.1 0.8 2.4
2018.9562 -24.9058 16.543 -6.4 1.0 0.8 2.4
2018.9589 -24.1763 17.2091 -2.2 1.1 0.8 2.4
2018.9616 -24.2284 17.6532 -4.4 1.1 0.8 2.4
2018.9644 -23.9679 16.543 -5.3 1.1 0.8 2.4
2018.9671 -24.6973 15.0996 -6.1 1.1 0.8 2.4
2018.9699 -25.1663 14.8776 -7.4 1.1 0.8 2.4
2018.9726 -23.8116 16.654 -0.7 1.1 0.8 2.4
2018.9753 -23.8116 14.5445 5.5 1.1 0.8 2.4
2018.9781 -24.3326 18.8745 -0.1 1.1 0.8 2.4
2018.9808 -25.01 17.0981 -1.7 1.0 0.8 2.4
2018.9836 -24.6973 13.5453 -7.5 1.1 0.9 2.5
2018.9863 -23.9679 15.7658 2.3 1.1 0.8 2.4
2018.9890 -25.6352 16.3209 -3 1.1 0.8 2.4
2018.9918 -24.9579 15.4327 -2.8 1.4 0.9 2.6
2018.9945 -22.5611 15.5437 -0.7 1.1 0.8 2.4
2018.9973 -23.4468 15.7658 -3.2 1.1 0.8 2.5
2019.0000 -24.3326 15.8768 -4.2 1.1 0.8 2.4
2019.0027 -23.9679 15.2107 -5 1.1 0.8 2.4
2019.0055 -23.2384 15.7658 -4.6 1.1 0.8 2.4
2019.0082 -22.5611 15.3217 -9 1.0 0.8 2.4
2019.0110 -21.8837 15.5437 -5.5 1.1 0.8 2.4
2019.0137 -23.7074 15.0996 -3.2 1.1 0.9 2.5
2019.0164 -25.531 15.0996 -6 1.1 0.9 2.5
2019.0192 -23.03 15.6548 -4.3 1.1 0.8 2.4
2019.0219 -24.3847 17.2091 2.8 1.0 0.8 2.4
2019.0247 -26.4689 20.651 13.9 1.0 0.8 2.4
2019.0274 -27.2504 19.9848 10.5 1.0 0.8 2.4
2019.0301 -26.5731 18.9856 5.8 1.1 0.9 2.6
2019.0329 -26.9899 18.2084 14.2 1.1 0.8 2.5
2019.0356 -25.4268 18.6525 18.7 1.0 0.8 2.4
2019.0384 -28.8136 17.3202 22.7 1.1 0.8 2.4
2019.0411 -28.3446 18.4304 21 1.0 0.8 2.3
2019.0438 -25.1142 21.2061 21.2 1.1 0.8 2.5
2019.0466 -28.8657 20.3179 19.2 1.1 0.8 2.5
2019.0493 -29.9599 20.0958 16.8 1.1 0.8 2.5
2019.0521 -28.9178 20.762 20.1 1.1 0.8 2.4
2019.0548 -28.0841 21.8723 11.4 1.1 0.9 2.4
2019.0575 -25.6352 20.9841 9.4 1.0 0.8 2.4
2019.0603 -25.3747 20.873 6.3 1.1 0.9 2.4
2019.0630 -25.01 17.4312 3.4 1.1 0.8 2.5
2019.0658 -24.541 18.0974 1.8 1.2 0.9 2.6
2019.0685 -23.5511 17.6532 -3.5 1.1 0.8 2.5
2019.0712 -26.3647 16.3209 -2.3 1.1 0.9 2.4
2019.0740 -24.2284 16.0989 -6.7 1.1 0.9 2.4
2019.0767 -24.1763 16.2099 -4.1 1.1 0.8 2.4
2019.0795 -24.541 16.432 -4.3 1.0 0.8 2.4
2019.0822 -23.2905 18.0974 -3 1.0 0.8 2.4
2019.0849 -22.0921 18.0974 -3.7 1.1 0.9 2.4
2019.0877 -24.3326 14.8776 -8.7 1.2 0.9 2.5
2019.0904 -27.4589 15.6548 -3.9 1.1 0.9 2.5
2019.0932 -26.1563 16.765 0 1.1 0.9 2.5
2019.0959 -24.8537 18.3194 -3.1 1.1 0.8 2.4
2019.0986 -25.01 17.7643 0.1 1.0 0.8 2.4
2019.1014 -24.0721 17.7643 -3 1.0 0.8 2.4
2019.1041 -24.6452 18.4304 -4 1.1 0.9 2.4
2019.1068 -22.4048 18.6525 -3.9 1.1 0.9 2.5
2019.1096 -23.3426 19.2076 -3.6 1.1 0.8 2.4
2019.1123 -25.1142 18.3194 -2.8 1.0 0.8 2.4
2019.1151 -26.9899 14.7666 0.3 1.1 0.8 2.4
2019.1178 -24.3326 18.5415 -2.1 1.2 0.9 2.6
2019.1205 -26.2084 18.2084 -3.9 1.0 0.8 2.4
2019.1233 -23.7595 18.0974 -5.3 1.1 0.9 2.5
2019.1260 -24.7494 18.9856 -5.2 1.1 0.8 2.5
2019.1288 -26.0521 18.5415 -4.5 1.0 0.8 2.4
2019.1315 -26.0521 18.2084 -4.1 1.0 0.8 2.4
2019.1342 -27.511 17.6532 -3.9 1.1 0.9 2.6
2019.1370 -24.9579 20.2069 0.6 1.1 0.8 2.4
2019.1397 -23.9158 18.4304 -2.1 1.1 0.8 2.4
2019.1425 -24.7494 17.7643 1.1 1.1 0.8 2.5
2019.1452 -25.4268 18.9856 -4.2 1.0 0.8 2.4
2019.1479 -24.7494 18.7635 0.1 1.0 0.8 2.3
2019.1507 -24.8016 18.9856 -1.3 1.0 0.8 2.4
2019.1534 -25.531 19.4297 -2.1 1.0 0.8 2.4
2019.1562 -25.8436 20.2069 -5 1.0 0.8 2.4
2019.1589 -29.3867 18.5415 -5.3 1.1 0.9 2.5
2019.1616 -27.4068 17.7643 -8.6 1.3 1.0 2.7
2019.1644 -25.7394 18.2084 -6.2 1.2 0.9 2.7
2019.1671 -29.022 19.7628 -5.1 1.1 0.9 2.4
2019.1699 -27.1983 19.3187 -3.3 1.1 0.9 2.4
2019.1726 -28.7094 19.2076 -5.9 1.1 0.8 2.4
2019.1753 -26.0521 20.3179 -3 1.0 0.8 2.4
2019.1781 -30.533 20.762 -4.4 1.1 0.9 2.4
2019.1808 -28.553 20.873 -6 1.0 0.8 2.4
2019.1836 -26.9899 19.3187 -7.6 1.0 0.8 2.4
2019.1863 -28.6052 19.2076 -8.9 1.0 0.8 2.4
2019.1890 -25.5831 20.0958 -11 1.0 0.8 2.4
2019.1918 -25.3226 19.6517 -7.8 1.0 0.8 2.4
2019.1945 -27.4589 18.9856 -8.8 1.0 0.8 2.4
2019.1973 -24.7494 18.9856 -9 1.0 0.8 2.4
2019.2000 -27.0941 20.651 -5.1 1.0 0.8 2.4
2019.2027 -24.5931 20.3179 -3.9 1.2 0.9 2.7
2019.2082 -28.1362 17.9863 -6.3 1.2 0.9 2.6
2019.2110 -28.9699 19.3187 -1.5 1.1 0.9 2.5
2019.2137 -28.6573 19.5407 1.2 1.1 0.8 2.4
2019.2164 -27.6152 19.0966 -2.4 1.1 0.8 2.4
2019.2192 -26.1042 20.2069 -9.8 1.0 0.8 2.4
2019.2219 -25.8957 18.5415 -6.6 1.1 0.8 2.4
2019.2247 -25.4268 20.0958 -6.1 1.0 0.8 2.4
2019.2274 -25.9999 19.5407 -7.9 1.0 0.8 2.4
2019.2301 -29.0741 22.0943 -3.3 1.0 0.8 2.4
2019.2329 -26.6773 20.5399 -4 1.1 0.8 2.5
2019.2356 -24.7494 18.9856 -3.1 1.1 0.9 2.5
2019.2384 -26.2605 20.4289 -4.3 1.1 0.9 2.5
2019.2411 -25.8957 18.6525 -3.3 1.0 0.8 2.4
2019.2438 -26.6773 19.7628 -4.3 1.1 0.9 2.5
2019.2466 -25.3747 19.8738 -4.8 1.2 0.9 2.5
2019.2493 -25.6352 18.9856 -4.7 1.2 0.9 2.6
2019.2521 -31.1583 20.4289 -1.8 1.1 0.9 2.5
2019.2548 -26.3647 22.3164 -8.2 1.2 1.0 2.6
2019.2575 -25.8957 19.8738 -4.3 1.1 0.9 2.5
2019.2603 -31.3667 22.6495 -7.9 1.1 0.9 2.5
2019.2630 -26.4168 21.5392 -12.2 1.1 0.9 2.5
2019.2658 -26.7294 20.762 -10.8 1.1 0.9 2.4
2019.2685 -25.1142 22.9825 -9.4 1.2 0.9 2.6
2019.2712 -26.4689 22.9825 -2 1.2 0.9 2.6
2019.2740 -29.1783 23.0936 -3.1 1.3 1.0 2.8
2019.2767 -26.6252 19.5407 -1.7 1.1 0.8 2.4
2019.2795 -25.01 18.9856 -1.7 1.1 0.9 2.5
2019.2822 -24.7494 19.7628 -3.2 1.1 0.8 2.4
2019.2849 -24.1242 22.3164 -10 1.0 0.8 2.3
2019.2877 -26.521 20.762 -7.3 1.1 0.9 2.5
2019.2904 -25.2184 20.5399 -2.1 1.1 0.9 2.5
2019.2932 -26.1563 19.9848 -9 1.0 0.8 2.3
2019.2959 -26.4168 23.5377 -4.4 1.0 0.8 2.3
2019.2986 -26.6773 20.873 -7.5 1.1 0.8 2.4
2019.3014 -27.511 20.762 -6.6 1.1 0.8 2.4
2019.3041 -28.1362 21.8723 -4.3 1.1 0.8 2.4
2019.3068 -27.7194 21.7612 -6 1.0 0.8 2.3
2019.3096 -27.8757 19.7628 -4.7 1.1 0.8 2.4
2019.3123 -26.3126 20.4289 -7 1.1 0.9 2.6
2019.3151 -25.1142 22.2053 -11.5 1.1 0.8 2.5
2019.3178 -28.8136 19.3187 -11.1 1.1 0.9 2.5
2019.3205 -27.1462 22.0943 -5.3 1.1 0.8 2.4
2019.3233 -27.3026 21.5392 -8.5 1.1 0.8 2.4
2019.3260 -32.513 22.5384 -7.7 1.1 0.8 2.4
2019.3288 -28.1362 21.2061 -6.4 1.1 0.8 2.4
2019.3315 -28.9178 21.6502 -7.8 1.2 0.9 2.5
2019.3342 -32.513 21.6502 -11.8 1.1 0.9 2.5
2019.3370 -28.0841 21.6502 -10.5 1.2 0.9 2.5
2019.3397 -28.2925 22.6495 -10.5 1.2 0.8 2.4
2019.3425 -28.4488 21.9833 -9.5 1.0 0.8 2.4
2019.3452 -27.2504 22.9825 -10.7 1.1 0.8 2.4
2019.3479 -29.1262 22.6495 -8.6 1.2 0.9 2.5
2019.3507 -29.6993 21.8723 -9.9 1.1 0.8 2.4
2019.3534 -29.5951 20.651 -11 1.1 0.8 2.4
2019.3562 -25.0621 21.9833 -9.8 1.2 0.9 2.4
2019.3589 -26.6773 19.4297 -11 1.5 1.1 2.9
2019.3616 -27.7715 21.4282 -14.7 1.1 0.8 2.4
2019.3644 -29.8557 22.8715 -15.9 1.1 0.8 2.4
2019.3671 -29.4388 21.9833 -9 1.3 1.0 2.7
2019.3699 -29.1262 21.7612 -10.3 1.1 0.8 2.4
2019.3726 -29.9078 21.5392 -12.5 1.1 0.8 2.4
2019.3753 -31.5751 24.3149 -9.9 1.0 0.8 2.4
2019.3781 -31.1061 23.5377 -7.4 1.1 0.8 2.4
2019.3808 -30.8456 22.8715 -10.5 1.0 0.8 2.4
2019.3836 -28.9178 23.3156 -10.2 1.1 0.8 2.4
2019.3863 -30.2725 22.0943 -11.3 1.0 0.8 2.4
2019.3890 -29.9599 23.2046 -10.4 1.0 0.8 2.4
2019.3918 -28.7615 23.7597 -10.2 1.1 0.8 2.4
2019.3945 -29.6472 23.3156 -11.4 1.1 0.8 2.4
2019.3973 -29.3867 23.2046 -10.7 1.0 0.8 2.4
2019.4000 -31.054 23.5377 -9.7 1.1 0.8 2.4
2019.4027 -28.2404 22.7605 -12.3 1.1 0.8 2.4
2019.4055 -27.8236 22.9825 -10.9 1.1 0.8 2.4
2019.4082 -28.2404 23.5377 -12.8 1.2 0.9 2.5
2019.4110 -27.8757 23.4266 -11.2 1.1 0.8 2.4
2019.4137 -29.4909 23.5377 -10.5 1.1 0.8 2.4
2019.4164 -30.6893 24.981 -10.9 1.0 0.8 2.4
2019.4192 -31.7314 23.5377 -8.3 1.0 0.8 2.4
2019.4219 -29.8035 24.0928 -6.4 1.0 0.8 2.4
2019.4247 -30.8456 23.4266 -11.2 1.1 0.8 2.4
2019.4274 -29.543 23.4266 -12.3 1.1 0.8 2.4
2019.4301 -30.2204 22.0943 -16.3 1.1 0.8 2.4
2019.4329 -30.4809 24.87 -11 1.1 0.8 2.4
2019.4356 -31.3667 25.092 -9.7 1.1 0.8 2.4
2019.4384 -27.7194 24.2038 -8.1 1.1 0.8 2.4
2019.4411 -30.533 23.8707 -11.5 1.1 0.8 2.4
2019.4438 -31.523 25.092 -10 1.1 0.8 2.4
2019.4466 -31.7314 24.87 -9.2 1.1 0.8 2.4
2019.4493 -29.7514 27.4236 -12.7 1.1 0.8 2.4
2019.4521 -29.4388 24.4259 -12.2 1.1 0.8 2.4
2019.4548 -35.535 24.759 -17.7 1.1 0.8 2.4
2019.4575 -29.1262 23.2046 -17.1 1.1 0.8 2.4
2019.4603 -31.1583 23.4266 -9.9 1.1 0.8 2.4
2019.4630 -33.1903 25.5361 -9.5 1.1 0.8 2.4
2019.4658 -31.054 24.3149 -10 1.1 0.8 2.5
2019.4685 -39.9638 32.1977 -9.4 1.2 0.9 2.6
2019.4712 -42.8817 24.981 -7.9 1.1 0.9 2.5
2019.4740 -30.7935 22.9825 -9.1 1.1 0.8 2.5
2019.4767 -31.2625 24.2038 -7.2 1.1 0.8 2.4
2019.4795 -31.3667 23.4266 -6.8 1.1 0.8 2.4
2019.4822 -31.5751 25.8692 -6.4 1.1 0.8 2.4
2019.4849 -30.2725 23.8707 -8 1.1 0.8 2.4
2019.4877 -31.9919 25.092 -5.1 1.1 0.8 2.4
2019.4904 -32.7735 25.2031 -5 1.1 0.8 2.5
2019.4932 -30.3246 24.87 -4.8 1.0 0.8 2.4
2019.4959 -30.8977 23.9818 -4.9 1.1 0.8 2.4
2019.4986 -28.2404 23.8707 -9 1.2 0.9 2.6
2019.5014 -32.9819 25.3141 -7.5 1.1 0.8 2.4
2019.5041 -31.3146 24.759 -3.7 1.0 0.8 2.4
2019.5068 -29.9599 24.5369 -5.1 1.0 0.8 2.4
2019.5096 -32.044 24.981 -6.7 1.1 0.8 2.4
2019.5123 -31.9398 24.6479 -7.4 1.0 0.8 2.4
2019.5151 -30.0641 23.4266 -2 1.0 0.8 2.4
2019.5178 -30.9498 23.2046 -4 1.1 0.8 2.5
2019.5205 -30.1683 21.9833 -6.6 1.2 0.9 2.5
2019.5233 -31.5751 22.5384 -2 1.3 0.9 2.6
2019.5260 -31.2625 23.7597 -3.8 1.1 0.8 2.4
2019.5288 -29.022 22.8715 -7.7 1.1 0.8 2.4
2019.5315 -31.6272 24.0928 -7.3 1.1 0.8 2.4
2019.5342 -31.054 23.4266 -5 1.1 0.8 2.4
2019.5370 -32.9819 23.0936 -5 1.1 0.9 2.5
2019.5397 -32.7735 24.2038 -10.1 1.1 0.8 2.4
2019.5425 -31.3667 25.5361 1.3 1.1 0.9 2.5
2019.5452 -30.4288 25.092 -5.9 1.1 0.8 2.4
2019.5479 -31.5751 22.0943 0.3 1.1 0.8 2.5
2019.5507 -33.1903 24.5369 -2.3 1.0 0.8 2.4
2019.5534 -34.2845 25.6472 2.3 1.1 0.8 2.4
2019.5562 -35.6913 24.87 -1.4 1.1 0.8 2.4
2019.5589 -34.1282 24.981 -7.1 1.1 0.8 2.4
2019.5616 -31.6272 24.6479 -2.1 1.1 0.8 2.5
2019.5644 -33.4508 25.9803 -6.9 1.0 0.8 2.4
2019.5671 -33.4508 23.5377 -2.4 1.1 0.8 2.5
2019.5699 -33.034 26.4244 -2.6 1.0 0.8 2.4
2019.5726 -35.1182 25.092 -6.1 1.0 0.8 2.4
2019.5753 -35.535 22.7605 -9.1 1.1 0.8 2.5
2019.5781 -35.6913 25.092 -3.6 1.0 0.8 2.4
2019.5808 -35.4308 23.4266 -13.4 1.1 0.9 2.5
2019.5836 -40.4849 23.7597 -9.3 1.1 0.8 2.5
2019.5863 -33.3466 25.092 -4 1.1 0.8 2.4
2019.5890 -33.3987 26.0913 -5.4 1.0 0.8 2.4
2019.5918 -33.7114 24.981 -4.1 1.0 0.8 2.4
2019.5945 -35.7955 26.3133 -8.6 1.4 1.0 2.8
2019.5973 -32.513 22.2053 -6.9 1.1 0.9 2.5
2019.6000 -30.8456 25.2031 -3.7 1.1 0.9 2.6
2019.6027 -32.7735 23.5377 -5.8 1.1 0.9 2.6
2019.6055 -34.1282 25.092 -5.9 1.0 0.8 2.4
2019.6082 -34.4408 24.759 -4.5 1.1 0.9 2.5
2019.6110 -34.4408 23.8707 -5.8 1.1 0.9 2.5
2019.6137 -34.3887 24.87 -4.8 1.0 0.8 2.4
2019.6164 -34.8055 25.8692 0.8 1.0 0.8 2.4
2019.6192 -33.8156 24.6479 -4.2 1.0 0.8 2.4
2019.6219 -35.2745 24.87 -6.5 1.0 0.8 2.4
2019.6247 -34.1803 24.6479 -6.8 1.1 0.8 2.5
2019.6274 -35.7955 23.2046 -3.8 1.1 0.9 2.4
2019.6301 -37.9318 24.6479 -8.4 1.1 0.8 2.4
2019.6329 -32.3566 23.7597 -11.4 1.0 0.8 2.4
2019.6356 -35.1182 24.4259 -8.7 1.0 0.8 2.4
2019.6384 -35.7955 24.759 -5.3 1.0 0.8 2.4
2019.6411 -34.3366 22.2053 -2.5 1.0 0.8 2.4
2019.6438 -36.4208 24.759 -4.4 1.1 0.8 2.4
2019.6466 -34.8055 24.759 -10.8 1.0 0.8 2.4
2019.6493 -34.1282 24.759 -4.9 1.0 0.8 2.4
2019.6521 -33.6071 23.7597 -7.2 1.0 0.8 2.4
2019.6548 -36.4729 23.2046 -4.6 1.1 0.8 2.4
2019.6575 -36.0039 25.5361 1.3 1.1 0.9 2.4
2019.6603 -32.4609 25.7582 -1.9 1.1 0.8 2.5
2019.6630 -32.1482 24.981 -9.7 1.1 0.9 2.5
2019.6658 -36.2123 26.2023 -5.3 1.3 0.9 2.7
2019.6685 -33.2945 26.8685 -6.4 1.6 1.1 3.0
2019.6712 -35.3787 22.3164 -2 1.2 0.9 2.5
2019.6740 -36.056 25.4251 -5.4 1.1 0.9 2.4
2019.6767 -34.2845 24.759 -4.4 1.1 0.9 2.4
2019.6795 -35.014 25.6472 -1 1.2 0.9 2.6
2019.6822 -35.1182 23.6487 -4.2 1.1 0.9 2.5
2019.6849 -37.6192 25.7582 -6.2 1.0 0.8 2.4
2019.6877 -34.8576 25.4251 -2.9 1.2 0.9 2.5
2019.6904 -36.056 25.6472 -12.8 1.1 0.9 2.6
2019.6932 -35.1703 24.5369 -6.6 1.0 0.8 2.4
2019.6959 -36.3687 24.6479 -3.3 1.0 0.8 2.4
2019.6986 -35.2745 25.4251 -2.8 1.0 0.8 2.4
2019.7014 -36.4729 24.6479 -9 1.1 0.9 2.5
2019.7041 -37.3586 25.4251 -2 1.0 0.8 2.4
2019.7068 -36.4208 25.2031 -6 1.1 0.8 2.5
2019.7096 -35.9518 25.5361 -2.8 1.1 0.9 2.5
2019.7123 -34.2324 26.3133 -4.6 1.1 0.9 2.5
2019.7151 -35.7955 24.981 -7.7 1.1 0.9 2.5
2019.7178 -34.2845 25.3141 -12.5 1.0 0.8 2.4
2019.7205 -35.2224 24.5369 -8.1 1.1 0.9 2.5
2019.7233 -35.535 25.7582 -5.8 1.1 0.9 2.5
2019.7397 -39.5991 26.3133 -3.6 1.1 0.9 2.6
2019.7425 -37.9839 24.87 -10.3 1.3 1.0 2.8
2019.7452 -36.4729 24.6479 -3.7 1.1 0.9 2.5
2019.7479 -39.6512 24.0928 1.4 1.1 0.9 2.5
2019.7507 -38.7655 25.3141 -0.8 1.2 0.9 2.6
2019.7534 -37.5671 25.6472 0.4 1.1 0.9 2.5
2019.7562 -39.2865 27.2015 -3.7 1.1 0.9 2.6
2019.7589 -37.4107 25.7582 -2.6 1.1 0.9 2.5
2019.7616 -38.8697 24.5369 0.3 1.1 0.8 2.4
2019.7644 -40.7454 27.3126 -7.1 1.1 0.8 2.4
2019.7671 -40.8496 26.2023 -1 1.1 0.9 2.4
2019.7699 -41.0059 26.0913 -3.1 1.1 0.8 2.4
2019.7726 -38.9218 25.3141 -2.9 1.1 0.9 2.4
2019.7753 -39.3386 26.2023 -6.5 1.1 0.9 2.5
2019.7781 -42.1522 26.7574 -2.5 1.1 0.9 2.4
2019.7808 -38.2444 24.0928 -1.7 1.1 0.9 2.4
2019.7836 -38.5049 24.981 5.4 1.1 0.8 2.4
2019.7863 -38.036 25.7582 -0.4 1.1 0.8 2.4
2019.7890 -36.4729 25.092 1.5 1.1 0.8 2.4
2019.7918 -37.7755 24.5369 0.5 1.1 0.9 2.4
2019.7945 -37.2023 24.0928 1.5 1.1 0.9 2.4
2019.7973 -36.1081 26.3133 -2.4 1.1 0.8 2.4
2019.8000 -36.2123 26.7574 -4.6 1.1 0.8 2.4
2019.8027 -35.9518 26.5354 -13.4 1.1 0.8 2.4
2019.8055 -38.2444 25.4251 -11.4 1.1 0.9 2.4
2019.8082 -36.8376 26.2023 -6.1 1.1 0.8 2.4
2019.8110 -36.9939 25.8692 -1.5 1.1 0.8 2.4
2019.8137 -34.6492 26.2023 -2.5 1.1 0.9 2.5
2019.8164 -33.3987 27.9787 -2.2 1.4 1.0 2.7
2019.8192 -39.4949 25.6472 -1.2 1.3 1.0 2.7
2019.8219 -35.5871 23.7597 2.7 1.2 0.9 2.6
2019.8247 -38.036 25.6472 -0.8 1.1 0.9 2.5
2019.8274 -38.7655 26.3133 -5.4 1.2 0.9 2.5
2019.8301 -40.6412 25.8692 -2 1.1 0.9 2.5
2019.8329 -37.3586 25.8692 -1.4 1.2 0.9 2.6
2019.8356 -37.6713 24.0928 -1.1 1.2 0.9 2.5
2019.8384 -40.4849 24.981 1.1 1.1 0.8 2.4
2019.8411 -38.8176 25.3141 2.2 1.1 0.9 2.4
2019.8438 -39.8075 25.092 -1.4 1.1 0.8 2.4
2019.8466 -40.9538 25.092 -1.9 1.1 0.9 2.5
2019.8493 -39.0781 26.0913 4.3 1.1 0.8 2.5
2019.8521 -38.8176 26.5354 -0.1 1.1 0.8 2.4
2019.8548 -39.1823 26.6464 -1.2 1.1 0.8 2.4
2019.8575 -40.2244 25.6472 -1.6 1.1 0.8 2.4
2019.8603 -38.7655 24.6479 2.8 1.1 0.8 2.4
2019.8630 -40.2244 26.3133 -0.2 1.1 0.8 2.4
2019.8658 -39.2865 25.4251 3.5 1.1 0.8 2.4
2019.8685 -37.515 27.5346 1.2 1.1 0.9 2.5
2019.8712 -38.4528 24.759 -2.9 1.1 0.8 2.4
2019.8740 -40.3807 25.3141 4.4 1.1 0.8 2.5
2019.8767 -38.4528 26.4244 2 1.1 0.8 2.4
2019.8795 -40.1723 24.3149 -6.3 1.1 0.9 2.4
2019.8822 -39.7554 26.0913 4.7 1.1 0.8 2.4
2019.8849 -37.5671 27.6457 -0.2 1.1 0.8 2.4
2019.8877 -37.9318 28.6449 -4.4 1.1 0.8 2.4
2019.8904 -39.8075 27.3126 -1.3 1.1 0.9 2.6
2019.8932 -38.6091 25.8692 -4.8 1.1 0.9 2.5
2019.8959 -38.1923 26.0913 -3.6 1.1 0.8 2.5
2019.8986 -37.515 27.9787 -6.4 1.2 0.9 2.5
2019.9014 -37.4628 26.6464 -2.3 1.1 0.8 2.4
2019.9041 -37.0981 27.7567 -4.4 1.1 0.8 2.4
2019.9068 -41.058 23.5377 3 1.1 0.8 2.4
2019.9096 -40.0681 26.9795 -0.6 1.1 0.8 2.4
2019.9123 -39.3907 26.6464 -1.8 1.1 0.8 2.4
2019.9151 -38.9739 27.9787 -3.4 1.1 0.8 2.4
2019.9178 -38.1923 26.5354 -3.5 1.1 0.8 2.4
2019.9205 -39.4428 25.9803 -3 1.1 0.9 2.4
2019.9233 -39.547 24.6479 -0.3 1.1 0.8 2.4
2019.9260 -39.5991 26.3133 -2.3 1.1 0.8 2.4
2019.9288 -41.1622 27.3126 -1.4 1.1 0.8 2.4
2019.9315 -39.3386 26.6464 -1.3 1.1 0.8 2.4
2019.9342 -41.4749 25.7582 0.5 1.1 0.8 2.4
2019.9370 -41.7354 28.4228 -2.1 1.1 0.8 2.4
2019.9397 -40.4328 26.9795 4.3 1.1 0.8 2.4
2019.9425 -40.3807 27.4236 0 1.1 0.8 2.4
2019.9452 -40.537 26.4244 -0.5 1.1 0.8 2.4
2019.9479 -41.3707 25.4251 -0.7 1.1 0.8 2.4
2019.9507 -40.7975 28.8669 0.5 1.1 0.8 2.4
2019.9534 -40.5891 26.0913 2.8 1.1 0.9 2.5
2019.9562 -38.9739 27.8677 1.7 1.1 0.8 2.4
2019.9589 -41.4228 27.7567 0.2 1.1 0.8 2.4
2019.9616 -40.3807 28.7559 -1.6 1.1 0.8 2.4
2019.9644 -40.5891 27.5346 -4.1 1.1 0.8 2.4
2019.9671 -42.7254 27.5346 -4 1.1 0.9 2.5
2019.9699 -40.3807 29.089 -6.3 1.1 0.8 2.5
2019.9726 -40.7975 26.9795 -4 1.1 0.8 2.4
2019.9753 -42.048 26.3133 -1.7 1.1 0.8 2.5
2019.9781 -41.1101 26.7574 -4.9 1.1 0.8 2.5
2019.9808 -39.8596 28.3118 -4.3 1.1 0.8 2.4
2019.9836 -41.3707 29.3111 0.1 1.0 0.8 2.4
2019.9863 -41.8396 29.2 -0.8 1.1 0.8 2.4
2019.9890 -40.7975 28.6449 0.8 1.1 0.8 2.4
2019.9918 -41.0059 28.6449 -2.2 1.1 0.8 2.4
2019.9945 -40.9538 28.5339 -3.5 1.0 0.8 2.4
2019.9973 -40.4849 28.2008 -3.6 1.0 0.8 2.4
2020.0000 -39.8075 27.4236 -2.6 1.0 0.8 2.4
2020.0027 -38.3486 27.5346 3.4 1.0 0.8 2.4
2020.0055 -40.1723 28.4228 -1.5 1.0 0.8 2.4
2020.0082 -40.1202 26.6464 -2.9 1.1 0.8 2.5
2020.0110 -40.8496 28.4228 -1.6 1.1 0.9 2.5
2020.0137 -43.6632 27.0905 1.6 1.1 0.9 2.5
2020.0164 -42.9338 27.2015 3.6 1.1 0.9 2.5
2020.0192 -44.1322 27.4236 6.7 1.1 0.9 2.4
2020.0219 -41.3186 26.2023 3.8 1.1 0.9 2.5
2020.0247 -39.7554 26.7574 2.4 1.2 1.0 2.5
2020.0274 -41.4749 28.3118 4.2 1.1 0.9 2.4
2020.0301 -42.2043 28.2008 5.6 1.1 0.8 2.4
2020.0329 -40.9538 28.2008 0 1.0 0.8 2.4
2020.0356 -41.3707 29.4221 3.6 1.1 0.8 2.4
2020.0384 -38.557 29.4221 1.7 1.0 0.8 2.4
2020.0411 -38.9218 28.5339 5.2 1.1 0.8 2.4
2020.0438 -40.1202 29.4221 2.6 1.1 0.9 2.5
2020.0466 -40.9538 29.4221 -1.1 1.1 0.9 2.5
2020.0493 -41.5791 29.6441 1 1.0 0.8 2.4
2020.0521 -39.7554 29.089 2.4 1.0 0.8 2.4
2020.0548 -42.6212 29.6441 0.1 1.1 0.8 2.4
2020.0575 -40.6933 31.1985 -0.5 1.0 0.8 2.4
2020.0603 -40.3286 28.7559 -2.5 1.1 0.9 2.6
2020.0630 -42.3085 28.6449 2.7 1.1 0.9 2.6
2020.0658 -42.1001 29.089 0.8 1.0 0.8 2.4
2020.0685 -41.8396 28.6449 -0.1 1.1 0.8 2.5
2020.0712 -40.2765 29.4221 1.2 1.1 0.8 2.4
2020.0740 -39.3907 29.5331 -0.1 1.0 0.8 2.4
2020.0767 -40.2244 29.5331 -0.3 1.1 0.8 2.4
2020.0795 -41.7354 30.3103 2.3 1.1 0.9 2.5
2020.0822 -40.2244 30.9765 2.7 1.1 0.9 2.5
2020.0849 -44.7053 29.8662 0.1 1.1 0.9 2.6
2020.0877 -41.3707 30.1993 0 1.1 0.8 2.4
2020.0904 -39.9638 29.9772 3.5 1.0 0.8 2.4
2020.0932 -41.527 30.1993 5.6 1.1 0.8 2.4
2020.0959 -41.2143 28.978 2.9 1.1 0.8 2.5
2020.0986 -40.3286 30.6434 0.8 1.1 0.9 2.5
2020.1014 -42.6212 30.0882 3.9 1.2 0.9 2.5
2020.1041 -41.0059 29.3111 -1.4 1.2 0.9 2.6
2020.1068 -40.1202 28.0898 7.6 1.1 0.9 2.5
2020.1096 -43.8717 27.5346 3.6 1.1 0.9 2.5
2020.1123 -42.2043 30.4213 3.9 1.0 0.8 2.4
2020.1151 -42.4127 31.3095 1.1 1.1 0.8 2.4
2020.1178 -42.6733 30.7544 6.7 1.1 0.9 2.4
2020.1205 -42.4648 31.0875 7.9 1.1 0.8 2.5
2020.1233 -45.07 30.1993 5.5 1.1 0.9 2.5
2020.1260 -44.6011 32.0867 4.6 1.0 0.8 2.4
2020.1288 -43.8196 34.1962 4.6 1.0 0.8 2.5
2020.1315 -45.2785 31.8647 4.4 1.1 0.8 2.5
2020.1342 -44.028 33.7521 3.8 1.3 0.9 2.5
2020.1370 -42.7775 32.9749 4.7 1.2 0.9 2.6
2020.1397 -43.8717 30.6434 4.8 1.1 0.9 2.5
2020.1425 -41.4228 32.0867 2.7 1.1 0.9 2.5
2020.1452 -41.1622 30.7544 0.6 1.1 0.9 2.5
2020.1479 -42.3606 31.9757 -1.5 1.0 0.9 2.4
2020.1507 -41.8396 30.4213 -0.4 1.1 0.9 2.5
2020.1534 -43.8196 30.6434 4.9 1.0 0.8 2.4
2020.1562 -44.6532 30.6434 0.9 1.0 0.8 2.4
2020.1589 -43.3506 30.8654 -0.7 1.0 0.8 2.4
2020.1616 -42.4127 31.6426 4 1.1 0.9 2.5
2020.1644 -42.6733 32.3088 -1.8 1.1 0.9 2.5
2020.1671 -41.9438 30.5323 2.7 1.1 0.9 2.5
2020.1699 -44.4969 30.5323 2.2 1.0 0.8 2.4
2020.1726 -42.8817 31.0875 -2.5 1.1 0.9 2.4
2020.1753 -42.1001 31.6426 -1.1 1.1 0.8 2.4
2020.1781 -42.9338 31.7536 1.1 1.1 0.9 2.5
2020.1808 -41.9959 31.0875 1.6 1.0 0.8 2.4
2020.1836 -43.3506 32.1977 -0.2 1.1 0.8 2.5
2020.1863 -43.1943 32.0867 3.9 1.0 0.8 2.4
2020.1890 -45.3827 31.3095 -0.4 1.1 0.9 2.4
2020.1918 -42.5169 31.9757 -0.7 1.1 0.9 2.5
2020.1945 -42.8296 31.6426 0.3 1.1 0.9 2.5
2020.1973 -44.028 33.5301 -1.6 1.2 0.9 2.6
2020.2000 -44.549 31.8647 1.4 1.2 0.9 2.6
2020.2027 -44.0801 31.9757 3.7 1.1 0.9 2.5
2020.2055 -44.9137 32.3088 -0.8 1.1 0.9 2.5
2020.2082 -42.6212 32.3088 1.5 1.1 0.9 2.5
2020.2110 -42.3085 31.8647 0.3 1.2 0.9 2.6
2020.2137 -45.9037 33.308 0.3 1.1 0.9 2.5
2020.2164 -45.7995 33.6411 4.9 1.3 1.0 2.9
2020.2192 -45.1743 32.6419 1.4 1.2 1.0 2.8
2020.2219 -44.0801 32.5308 4.3 1.1 0.9 2.5
2020.2247 -44.8095 32.7529 2.3 1.2 0.9 2.5
2020.2274 -41.2143 32.6419 5.8 1.2 0.9 2.6
2020.2301 -44.4448 32.1977 1.9 1.1 0.9 2.5
2020.2329 -43.559 30.8654 3 1.1 0.9 2.5
2020.2356 -40.4328 31.8647 1.8 1.1 0.9 2.5
2020.2384 -43.8196 34.6403 0.9 1.1 0.9 2.5
2020.2411 -46.06 31.3095 5.2 1.1 0.9 2.5
2020.2438 -44.3927 32.7529 1 1.1 0.9 2.5
2020.2466 -45.1743 37.305 12.8 1.2 0.9 2.7
2020.2493 -42.5169 34.7514 12.6 1.3 0.9 2.6
2020.2521 -43.9759 34.4183 10.8 1.2 0.9 2.6
2020.2548 -44.9658 33.9742 2.4 1.1 0.9 2.6
2020.2575 -45.7474 33.197 2.6 1.1 0.9 2.5
2020.2603 -43.9238 33.6411 0.3 1.1 0.9 2.5
2020.2630 -43.7674 33.7521 1 1.1 0.9 2.4
2020.2658 -42.9859 31.5316 -0.5 1.1 0.9 2.4
2020.2685 -43.1422 33.6411 -0.9 1.1 0.9 2.5
2020.2712 -44.4448 32.0867 0 1.1 0.9 2.5
2020.2740 -44.3406 32.5308 1.6 1.1 0.9 2.5
2020.2767 -44.3927 32.8639 2.6 1.1 0.8 2.4
2020.2795 -43.9759 32.3088 2.1 1.1 0.8 2.5
2020.2822 -43.1422 28.3118 2.4 1.2 0.9 2.6
2020.2849 -41.6833 34.1962 9.2 1.2 0.9 2.6
2020.2877 -45.1222 33.197 1.6 1.2 0.9 2.6
2020.2904 -46.06 31.7536 4 1.2 0.9 2.6
2020.2932 -46.529 32.5308 -0.5 1.1 0.8 2.5
2020.2959 -44.9658 30.8654 3.2 1.1 0.8 2.4
2020.2986 -45.7474 31.1985 0.6 1.2 0.9 2.6
2020.3014 -43.9759 32.4198 -0.2 1.1 0.8 2.5
2020.3041 -45.07 32.1977 0 1.3 0.9 2.6
2020.3068 -45.07 32.5308 -1 1.1 0.9 2.5
2020.3096 -45.2785 31.9757 -3.5 1.2 0.9 2.5
2020.3123 -46.1642 31.6426 -9.3 1.1 0.9 2.5
2020.3151 -47.8316 30.5323 0 1.1 0.9 2.5
2020.3178 -46.0079 32.3088 -4.2 1.2 0.9 2.5
2020.3205 -46.2684 31.3095 -1.8 1.2 0.9 2.6
2020.3233 -46.6332 32.4198 -13.1 1.2 0.9 2.5
2020.3260 -44.7053 32.7529 -3.1 1.1 0.8 2.4
2020.3288 -43.559 33.086 1.2 1.1 0.8 2.4
2020.3315 -45.8516 32.1977 -5.1 1.1 0.8 2.4
2020.3342 -45.9558 32.1977 -2.3 1.1 0.8 2.5
2020.3370 -46.8416 32.9749 -2.8 1.1 0.9 2.5
2020.3397 -45.7474 34.4183 3.3 1.1 0.9 2.4
2020.3425 -46.0079 34.6403 7.4 1.1 0.9 2.5
2020.3452 -46.06 32.9749 -3.8 1.2 0.9 2.6
2020.3479 -48.4047 34.8624 -6 1.2 0.9 2.6
2020.3507 -48.1963 34.9734 -0.7 1.1 0.9 2.5
2020.3534 -46.529 33.308 0.3 1.1 0.9 2.5
2020.3562 -47.7795 34.1962 -2.8 1.1 0.9 2.5
2020.3589 -46.4248 34.3073 0.8 1.1 0.9 2.5
2020.3616 -46.1642 38.0822 -2.9 1.1 0.9 2.5
2020.3644 -46.7895 33.8632 -6.9 1.1 0.8 2.5
2020.3671 -48.6131 35.1955 -5.3 1.1 0.9 2.5
2020.3699 -49.3947 34.6403 -6.3 1.1 0.8 2.4
2020.3726 -46.2163 34.4183 -5.9 1.1 0.9 2.5
2020.3753 -47.2063 33.6411 -3.5 1.1 0.9 2.5
2020.3781 -49.0821 34.3073 -2.9 1.1 0.9 2.5
2020.3808 -49.8115 35.3065 -6.5 1.1 0.8 2.4
2020.3836 -50.6452 35.0844 -4.4 1.1 0.9 2.5
2020.3863 -51.3225 35.1955 -1.7 1.1 0.9 2.5
2020.3890 -46.9979 34.9734 -3.1 1.1 0.8 2.4
2020.3918 -48.3526 35.5286 -6.6 1.1 0.9 2.5
2020.3945 -48.9258 34.9734 -3.3 1.1 0.9 2.5
2020.3973 -49.0821 35.4175 -3.4 1.1 0.8 2.4
2020.4000 -50.7494 34.9734 -0.2 1.1 0.9 2.5
2020.4027 -48.1442 34.8624 -3.5 1.1 0.9 2.5
2020.4055 -48.3526 34.7514 2.1 1.1 0.8 2.4
2020.4082 -49.3426 35.1955 -0.4 1.1 0.9 2.5
2020.4110 -49.3426 35.4175 -1.4 1.1 0.8 2.4
2020.4137 -50.8015 35.6396 0.2 1.4 1.0 2.6
2020.4164 -49.9157 35.7506 -2.3 1.2 0.9 2.5
2020.4192 -50.6452 36.8609 -2.3 1.1 0.8 2.4
2020.4219 -46.9979 36.3057 -5.5 1.3 1.0 2.6
2020.4247 -47.5189 35.6396 2.7 1.1 0.9 2.4
2020.4274 -49.6552 36.7498 -1.5 1.1 0.9 2.6
2020.4301 -50.1241 36.6388 -2.3 1.1 0.9 2.6
2020.4329 -51.1141 36.5278 -2 1.1 0.9 2.5
2020.4356 -49.7073 35.8616 -6.3 1.2 0.9 2.5
2020.4384 -49.1863 35.9727 -2.2 1.2 0.9 2.6
2020.4411 -48.2484 36.6388 -4.2 1.1 0.9 2.5
2020.4438 -50.8536 37.194 -7 1.2 1.0 2.6
2020.4466 -45.1743 35.4175 7 1.1 0.9 2.5
2020.4493 -49.6031 37.305 -2.2 1.1 0.8 2.4
2020.4521 -49.4468 36.7498 0.5 1.1 0.8 2.4
2020.4548 -49.2905 34.0852 -3.6 1.1 0.8 2.4
2020.4575 -47.2063 35.6396 -5.6 1.1 0.9 2.4
2020.4603 -49.4989 35.0844 -2.3 1.1 0.9 2.4
2020.4630 -50.8536 35.6396 -3.1 1.1 0.8 2.4
2020.4658 -47.9358 35.5286 0.3 1.1 0.8 2.4
2020.4685 -47.6753 35.8616 -1.5 1.2 0.9 2.5
2020.4712 -47.3105 35.0844 -3.2 1.1 0.9 2.5
2020.4740 -47.2584 35.9727 -1.2 1.1 0.9 2.5
2020.4767 -51.0099 35.8616 0.5 1.1 0.9 2.4
2020.4795 -48.4568 36.1947 -0.7 1.1 0.8 2.4
2020.4822 -45.2785 35.5286 -8 1.1 0.9 2.4
2020.4849 -48.1442 35.5286 -3.7 1.1 0.8 2.4
2020.4877 -47.6753 36.8609 -3.2 1.2 0.9 2.5
2020.4904 -48.8215 35.9727 -2.7 1.2 0.9 2.7
2020.4932 -50.3326 37.194 -4.9 1.1 0.9 2.5
2020.4959 -48.561 36.9719 -2.5 1.1 0.9 2.4
2020.4986 -48.3005 36.8609 -3.6 1.2 0.9 2.5
2020.5014 -49.7073 35.8616 -4.6 1.2 0.9 2.4
2020.5041 -51.8957 35.1955 -3.8 1.1 0.9 2.5
2020.5068 -50.2284 35.6396 -3.9 1.1 0.9 2.5
2020.5096 -50.4889 35.4175 -2.4 1.1 0.9 2.4
2020.5123 -47.9879 34.8624 -2.9 1.2 0.9 2.5
2020.5151 -49.0821 38.0822 -2.6 1.1 0.9 2.4
2020.5178 -48.561 35.0844 -4.5 1.1 0.9 2.4
2020.5205 -48.0921 37.416 -5.6 1.1 0.9 2.4
2020.5233 -49.4468 39.5255 -8.1 1.2 0.9 2.5
2020.5260 -45.9037 33.197 3 1.1 0.9 2.5
2020.5288 -49.7594 37.8601 -1.8 1.1 0.9 2.5
2020.5315 -50.8015 35.4175 -10.8 1.1 0.9 2.5
2020.5342 -51.4267 39.1924 -9.1 1.2 0.9 2.6
2020.5370 -49.6031 36.4168 -2.7 1.3 1.0 2.7
2020.5397 -50.2284 35.6396 -4.1 1.1 0.9 2.5
2020.5425 -52.5209 36.0837 -1.7 1.1 0.9 2.5
2020.5452 -54.032 38.9704 -4.4 1.2 0.9 2.5
2020.5479 -47.2584 37.9711 -6.4 1.1 0.9 2.5
2020.5507 -50.9578 35.0844 1.6 1.1 0.9 2.5
2020.5534 -50.1762 35.3065 -6.2 1.2 0.9 2.5
2020.5562 -52.573 35.4175 -5 1.1 0.9 2.5
2020.5589 -51.3225 35.9727 -7.4 1.1 0.9 2.5
2020.5616 -47.6753 36.5278 -4 1.1 0.9 2.6
2020.5644 -49.1863 38.5263 -2.7 1.6 1.1 2.9
2020.5671 -50.541 36.7498 -4.1 1.2 0.9 2.6
2020.5699 -50.541 37.527 -5.3 1.1 0.9 2.5
2020.5726 -51.5831 38.8594 -4.5 1.1 0.9 2.5
2020.5753 -53.3546 37.7491 -8.3 1.2 1.0 2.7
2020.5781 -50.2805 36.1947 -1.4 1.1 0.9 2.5
2020.5808 -50.7494 38.5263 -7.8 1.2 0.9 2.6
2020.5836 -49.1342 37.0829 -3.2 1.1 0.9 2.5
2020.5863 -50.0199 37.527 -1.7 1.1 0.9 2.5
2020.5890 -50.5931 38.4152 -9.3 1.1 0.9 2.5
2020.5918 -53.0941 37.9711 -5.2 1.3 1.0 2.7
2020.5945 -51.7394 36.9719 -4.3 1.2 0.9 2.6
2020.5973 -52.8857 36.7498 -4.2 1.1 0.9 2.5
2020.6000 -48.8215 36.8609 -10.2 1.2 0.9 2.6
2020.6027 -52.4688 37.9711 -9.5 1.1 0.9 2.6
2020.6055 -53.7714 37.0829 -10.7 1.1 0.9 2.5
2020.6082 -49.0821 37.0829 -1.7 1.1 0.9 2.5
2020.6110 -49.8636 36.9719 -8.2 1.1 0.9 2.5
2020.6137 -51.3225 38.3042 -11.6 1.1 0.9 2.5
2020.6164 -44.1843 37.416 -1.6 1.1 0.9 2.5
2020.6192 -50.9578 40.0806 -7.2 1.1 0.9 2.5
2020.6219 -54.6572 37.527 -6.3 1.1 0.9 2.5
2020.6247 -53.2504 36.8609 -9.1 1.1 0.9 2.5
2020.6274 -51.6873 35.6396 -10.3 1.2 0.9 2.5
2020.6301 -56.6893 36.7498 -7.8 1.1 0.9 2.5
2020.6329 -53.042 39.0814 -6.6 1.2 0.9 2.5
2020.6356 -49.2384 38.5263 -5.7 1.2 0.9 2.6
2020.6384 -48.7694 36.0837 -4.6 1.1 0.9 2.5
2020.6411 -50.2805 38.7483 -6.6 1.2 0.9 2.6
2020.6438 -52.9378 38.7483 -7.1 1.2 0.9 2.6
2020.6466 -47.7795 36.8609 -5.8 1.2 1.0 2.6
2020.6493 -51.9999 38.1932 -5.2 1.1 0.9 2.5
2020.6521 -51.6352 35.8616 0 1.1 0.9 2.5
2020.6548 -51.9999 37.305 -4.4 1.2 0.9 2.5
2020.6575 -55.2303 37.8601 -9.6 1.2 0.9 2.5
2020.6603 -47.7795 35.7506 -4.3 1.1 0.9 2.5
2020.6630 -56.2203 38.4152 -1.9 1.2 0.9 2.6
2020.6658 -56.3766 37.194 -7.5 1.2 1.0 2.6
2020.6685 -52.9378 37.194 2.5 1.2 1.0 2.6
2020.6712 -55.2825 36.1947 -6 1.3 1.0 2.7
2020.6740 -51.7915 37.194 -5.2 1.1 0.9 2.5
2020.6767 -52.052 38.4152 -6 1.1 0.9 2.5
2020.6795 -58.1482 40.7468 0 1.1 0.9 2.5
2020.6822 -51.8957 36.6388 5.2 1.2 0.9 2.5
2020.6849 -53.2504 37.7491 1.3 1.2 0.9 2.5
2020.6877 -54.1883 36.3057 6.4 1.2 0.9 2.5
2020.6904 -53.4588 37.305 -2 1.1 0.9 2.5
2020.6932 -53.8756 37.416 2.9 1.1 0.9 2.5
2020.6959 -54.1362 38.6373 3.1 1.1 0.9 2.5
2020.6986 -54.3446 38.4152 7.4 1.2 0.9 2.6
2020.7014 -57.0019 38.0822 2.8 1.2 1.0 2.7
2020.7041 -54.9177 38.4152 -0.9 1.2 0.9 2.5
2020.7068 -53.6672 37.305 0.7 1.3 0.9 2.6
2020.7096 -57.7834 34.6403 4.1 1.2 1.0 2.6
2020.7123 -54.0841 36.3057 -0.3 1.2 1.0 2.6
2020.7151 -59.3987 38.3042 4.8 1.2 0.9 2.6
2020.7178 -55.7514 36.8609 -4.2 1.2 0.9 2.6
2020.7205 -50.9057 35.9727 -0.3 1.2 0.9 2.6
2020.7233 -58.1482 37.0829 0.3 1.1 0.9 2.5
2020.7260 -51.4267 37.416 0.2 1.1 0.9 2.5
2020.7288 -54.5009 33.8632 -0.5 1.3 0.9 2.7
2020.7315 -58.044 36.7498 -4.7 1.2 1.0 2.6
2020.7342 -51.6873 35.0844 -2.4 1.3 1.0 2.7
2020.7370 -57.2624 36.1947 -6.7 1.2 1.0 2.7
2020.7397 -51.6873 36.8609 -4 1.4 1.0 2.7
2020.7425 -56.533 35.6396 3.8 1.4 1.0 2.8
2020.7452 -55.6993 38.4152 0.1 1.4 1.1 2.9
2020.7479 -55.0219 38.5263 2.7 1.2 0.9 2.6
2020.7507 -58.2524 37.305 4.1 1.3 0.9 2.6
2020.7534 -57.575 37.6381 -7.4 1.2 0.9 2.6
2020.7562 -51.7394 36.1947 -2.4 1.3 1.0 2.6
2020.7589 -49.6031 36.3057 1.2 1.2 0.9 2.5
2020.7616 -55.9077 37.8601 -1.7 1.2 0.9 2.5
2020.7644 -52.6251 34.8624 -4 1.3 1.1 2.6
2020.7671 -57.7313 36.9719 -0.9 1.3 0.9 2.6
2020.7699 -53.1462 38.9704 -2.2 1.1 0.9 2.5
2020.7726 -54.553 37.194 -3.1 1.2 0.9 2.5
2020.7753 -58.044 40.4137 -12.6 1.1 0.9 2.5
2020.7781 -56.2203 38.7483 -7 1.1 0.9 2.5
2020.7808 -55.074 38.3042 -2 1.2 0.9 2.5
2020.7836 -58.044 34.9734 -0.5 1.2 0.9 2.5
2020.7863 -52.9899 37.0829 -3.2 1.2 0.9 2.5
2020.7890 -54.7093 37.6381 -8.5 1.1 0.9 2.5
2020.7918 -53.1983 38.8594 -7 1.1 0.9 2.5
2020.7945 -55.6993 39.8586 -6.6 1.2 0.9 2.5
2020.7973 -57.8356 39.7476 -5.1 1.2 0.9 2.5
2020.8000 -52.5209 38.4152 -11.7 1.2 0.9 2.5
2020.8027 -54.1883 40.0806 -5.9 1.2 0.9 2.5
2020.8055 -56.4287 39.1924 -6.1 1.2 0.9 2.5
2020.8082 -51.8436 37.9711 -2.4 1.2 0.9 2.5
2020.8110 -57.6271 38.4152 5.7 1.2 0.9 2.5
2020.8137 -53.6672 37.0829 -1.5 1.3 1.0 2.7
2020.8164 -53.2504 40.3027 -1.5 1.3 0.9 2.6
2020.8192 -51.4267 38.6373 0.2 1.3 0.9 2.6
2020.8219 -58.6692 37.7491 -2.1 1.3 0.9 2.7
2020.8247 -53.9277 37.8601 -1.1 1.2 0.9 2.5
2020.8274 -50.3847 38.6373 -1.3 1.3 0.9 2.5
2020.8301 -59.7634 38.1932 -2.8 1.2 0.9 2.6
2020.8329 -56.1682 38.4152 -5 1.2 0.9 2.6
2020.8356 -58.8776 37.9711 -5.9 1.2 0.9 2.6
2020.8384 -54.8656 37.9711 -3 1.2 0.9 2.5
2020.8411 -52.9899 38.6373 -3 1.2 0.9 2.5
2020.8438 -58.6692 37.194 -2.6 1.1 0.9 2.5
2020.8466 -56.533 38.4152 2.8 1.2 0.9 2.6
2020.8493 -51.6352 38.3042 -2.1 1.2 0.9 2.5
2020.8521 -56.533 38.6373 -3.1 1.2 0.9 2.5
2020.8548 -50.6973 39.5255 -3.7 1.2 0.9 2.5
2020.8575 -53.1462 38.4152 -5.2 1.2 0.9 2.5
2020.8603 -56.0119 39.3035 -3 1.2 0.9 2.5
2020.8630 -55.6993 38.4152 -3.2 1.2 0.9 2.5
2020.8658 -54.9177 38.8594 -6.1 1.2 0.9 2.5
2020.8685 -55.4388 39.5255 2.3 1.2 0.9 2.6
2020.8712 -52.3646 38.5263 -4.2 1.2 0.9 2.6
2020.8740 -56.4808 40.5248 -3.3 1.2 0.9 2.5
2020.8767 -54.8135 40.6358 -4.7 1.2 0.9 2.5
2020.8795 -55.5951 39.0814 -1.2 1.2 0.9 2.6
2020.8822 -57.8356 42.5232 -1.7 1.2 0.9 2.6
2020.8849 -55.7514 38.1932 -3.8 1.2 0.9 2.6
2020.8877 -56.7414 39.4145 -4.9 1.2 0.9 2.5
2020.8904 -57.3145 40.6358 3.3 1.3 0.9 2.7
2020.8932 -53.9798 40.0806 0.7 1.3 1.0 2.6
2020.8959 -65.2343 39.6365 -3.3 1.6 1.0 2.7
2020.8986 -54.6572 40.5248 -2.3 1.2 0.9 2.6
2020.9014 -56.3245 41.0799 0.1 1.2 1.0 2.7
2020.9041 -57.054 40.3027 -2.1 1.2 0.9 2.6
2020.9068 -55.6993 40.8578 -0.1 1.2 0.9 2.5
2020.9096 -60.8055 40.4137 0.4 1.2 0.9 2.5
2020.9123 -56.8977 37.7491 -0.5 1.2 0.9 2.7
2020.9151 -57.1582 40.9689 -0.3 1.2 0.9 2.7
2020.9178 -54.8656 40.4137 -5.4 1.2 0.9 2.6
2020.9205 -55.6472 40.6358 0.6 1.2 0.9 2.6
2020.9233 -59.0339 41.746 -2.7 1.2 0.9 2.6
2020.9260 -58.9297 38.6373 -2.6 1.2 0.9 2.6
2020.9288 -58.7734 42.3012 -5.1 1.1 0.9 2.5
2020.9315 -55.7514 41.413 1.1 1.1 0.9 2.5
2020.9342 -58.1482 41.413 0 1.1 0.9 2.5
2020.9370 -57.4187 40.9689 -1.7 1.2 0.9 2.5
2020.9397 -57.7834 40.4137 0.2 1.2 0.9 2.5
2020.9425 -57.4708 39.5255 -0.2 1.3 0.9 2.6
2020.9452 -56.6372 38.7483 -1.7 1.2 0.9 2.5
2020.9479 -59.6071 39.8586 0.4 1.2 0.9 2.5
2020.9507 -59.2424 41.0799 3.3 1.2 0.9 2.5
2020.9534 -60.4408 42.6343 -0.5 1.2 0.9 2.6
2020.9562 -59.6592 40.6358 3.1 1.1 0.9 2.5
2020.9589 -58.8776 43.5225 -2.5 1.2 0.9 2.5
2020.9616 -59.1382 42.7453 -1.1 1.1 0.9 2.5
2020.9644 -59.2945 40.1917 0.2 1.1 0.9 2.5
2020.9671 -58.8776 41.635 2.1 1.1 0.9 2.5
2020.9699 -60.6492 44.0776 -4.1 1.2 0.9 2.6
2020.9726 -63.6712 42.7453 -3.2 1.2 0.9 2.6
2020.9753 -54.8135 41.524 -2.3 1.2 0.9 2.6
2020.9781 -57.1061 44.7438 -2 1.2 1.0 2.7
2020.9808 -60.8576 41.9681 1.8 1.3 1.0 2.7
2020.9836 -57.8356 44.7438 7.8 1.2 1.0 2.7
2020.9863 -58.1482 42.5232 2.3 1.2 0.9 2.6
2020.9890 -56.4808 42.3012 0.4 1.1 0.9 2.5
2020.9918 -54.9698 43.3004 -0.9 1.2 0.9 2.5
2020.9945 -54.1362 40.6358 4 1.2 0.9 2.5
2020.9973 -57.5229 40.9689 2.3 1.3 1.0 2.6
2021.0000 -61.0139 40.7468 -1.4 1.2 1.0 2.7
2021.0027 -49.9157 41.635 3.5 1.2 0.9 2.5
2021.0027 -58.565 48.1856 20 1.1 0.9 2.5
2021.0055 -53.9798 48.0746 12.3 1.1 0.9 2.5
2021.0082 -58.8255 46.9643 18.6 1.1 0.9 2.5
2021.0110 -60.7013 48.8518 18.9 1.1 0.9 2.5
2021.0137 -57.1582 46.7423 12.5 1.1 0.9 2.5
2021.0164 -49.8115 43.4114 5.6 1.2 1.0 2.6
2021.0192 -53.3025 42.0791 2.5 1.2 0.9 2.6
2021.0219 -55.8035 42.3012 -4.2 1.1 0.9 2.5
2021.0247 -55.5951 41.1909 -7.1 1.2 0.9 2.6
2021.0274 -62.6291 42.4122 -11.6 1.2 0.9 2.5
2021.0301 -57.6792 42.5232 -9.4 1.3 1.0 2.7
2021.0329 -54.6051 40.0806 -5 1.3 1.0 2.7
2021.0356 -61.7434 42.1902 -6.3 1.1 0.9 2.5
2021.0384 -64.9738 43.7445 -2.2 1.2 0.9 2.5
2021.0411 -64.6612 43.1894 -1.1 1.1 0.9 2.5
2021.0438 -61.5349 43.4114 6.4 1.2 0.9 2.6
2021.0466 -60.7534 45.1879 5.1 1.1 0.9 2.5
2021.0493 -62.8375 43.6335 5.6 1.2 0.9 2.5
2021.0521 -63.6191 43.4114 1.9 1.2 0.9 2.5
2021.0548 -62.7333 42.6343 -6.2 1.2 1.0 2.6
2021.0575 -59.2945 42.8563 -7.1 1.2 0.9 2.6
2021.0603 -64.6091 41.9681 -7.8 1.1 0.9 2.6
2021.0630 -56.1682 42.8563 -4.9 1.1 0.9 2.5
2021.0658 -59.7634 44.6327 -1 1.2 0.9 2.5
2021.0685 -59.3987 44.0776 -0.9 1.4 1.1 2.9
2021.0712 -55.5951 43.5225 -5.5 1.3 1.0 2.7
2021.0740 -60.3887 43.8556 -7.6 1.2 1.0 2.7
2021.0767 -59.3987 43.9666 -4.2 1.2 1.0 2.6
2021.0795 -59.0339 42.9673 -8.8 1.1 0.9 2.5
2021.0822 -59.9718 43.3004 -3.3 1.1 0.9 2.5
2021.0849 -61.587 43.7445 -6.5 1.1 0.9 2.5
2021.0877 -59.6592 43.5225 -7.4 1.2 0.9 2.6
2021.0904 -59.6592 44.4107 -6.4 1.3 1.0 2.8
2021.0932 -62.577 44.6327 -5.6 1.3 1.0 2.6
2021.0959 -61.8997 45.0769 -10.8 1.2 1.0 2.7
2021.0986 -59.9197 45.4099 -6.6 1.2 0.9 2.7
2021.1014 -58.9818 44.2997 -5.6 1.2 0.9 2.5
2021.1041 -57.5229 42.9673 -7.5 1.3 1.1 2.7
2021.1068 -61.587 44.4107 -6.2 1.1 0.9 2.5
2021.1096 -63.2023 45.0769 -10.4 1.1 0.9 2.5
2021.1123 -61.2223 45.1879 -0.8 1.1 0.9 2.5
2021.1151 -62.8375 45.0769 -0.7 1.1 0.9 2.5
2021.1178 -63.9317 45.4099 -2.6 1.1 0.9 2.6
2021.1205 -60.5971 43.7445 2.9 1.2 1.0 2.6
2021.1233 -59.8676 44.5217 -4.6 1.2 0.9 2.5
2021.1260 -62.1081 43.4114 -3.8 1.1 0.9 2.5
2021.1288 -60.9618 44.5217 -6.4 1.4 1.0 2.8
2021.1315 -59.4508 43.3004 -5.3 1.2 1.0 2.6
2021.1342 -60.4929 42.3012 -3.6 1.2 1.0 2.6
2021.1370 -61.4828 44.4107 -6.7 1.3 1.1 2.9
2021.1397 -61.8476 44.9658 -8.3 1.5 1.2 3.0
2021.1425 -61.3265 42.5232 -4.1 1.3 1.0 2.7
2021.1452 -59.6071 45.1879 -5.7 1.3 1.0 2.7
2021.1479 -59.1382 45.2989 -3.6 1.3 1.0 2.7
2021.1507 -63.046 43.6335 -6 1.6 1.1 3.0
2021.1534 -59.2424 45.2989 -4.6 1.4 1.1 2.9
2021.1562 -63.2023 45.632 -5.5 1.2 1.0 2.7
2021.1589 -56.8456 47.0753 -1.2 1.3 1.0 2.8
2021.1616 -60.545 45.854 -5.1 1.2 1.0 2.6
2021.1644 -59.6592 43.7445 -3 1.4 1.1 3.0
2021.1671 -60.6492 46.2981 -10.4 1.4 1.1 2.8
2021.1699 -60.076 45.521 -1.9 1.4 1.0 2.8
2021.1726 -62.4728 45.4099 -5.7 1.3 1.0 2.7
2021.1753 -65.2864 43.8556 -9.6 1.3 1.0 2.6
2021.1781 -57.9919 43.0784 -10.4 1.4 1.0 2.7
2021.1808 -62.577 42.3012 -7 1.3 1.0 2.6
2021.1836 -62.9418 42.3012 -4.6 1.3 1.0 2.6
2021.1863 -63.046 45.2989 -3.7 1.2 0.9 2.5
2021.1890 -61.5349 43.7445 -5 1.1 0.9 2.5
2021.1918 -61.587 42.6343 -3.7 1.2 0.9 2.5
2021.1945 -62.7854 42.9673 0.3 1.3 1.1 2.8
2021.1973 -62.6812 41.8571 -4 1.4 1.1 2.9
2021.2000 -60.4408 41.524 -0.3 1.7 1.2 3.1
2021.2027 -60.0239 44.6327 -11.4 1.3 0.9 2.6
2021.2055 -59.5029 42.6343 -5.3 1.2 0.9 2.5
2021.2082 -58.044 42.1902 1 1.2 0.9 2.5
2021.2110 -60.6492 44.6327 -0.5 1.2 1.0 2.6
2021.2137 -65.4428 42.7453 -4.8 1.2 1.0 2.6
2021.2164 -58.565 42.9673 -7.2 1.4 1.1 2.9
2021.2192 -58.8776 43.9666 -4 1.3 1.0 2.6
2021.2219 -59.1903 42.6343 0.9 1.2 0.9 2.5
2021.2247 -61.9518 43.3004 -0.3 1.3 0.9 2.6
2021.2274 -63.3586 42.6343 -2.7 1.3 1.0 2.8
2021.2301 -59.8155 45.2989 -1.9 1.3 1.0 2.7
2021.2329 -63.8796 46.2981 -6.6 1.3 1.0 2.7
2021.2356 -57.6792 43.8556 -4.6 1.2 0.9 2.6
2021.2384 -57.8877 44.7438 -4.5 1.2 0.9 2.6
2021.2411 -60.2844 42.7453 -4.7 1.2 0.9 2.5
2021.2438 -62.8897 45.1879 -0.1 1.2 0.9 2.5
2021.2466 -57.1582 45.743 0.1 1.3 1.0 2.7
2021.2493 -63.2544 45.1879 -4.4 1.4 1.0 2.6
2021.2521 -57.5229 47.4084 3.5 1.2 0.9 2.6
2021.2548 -60.0239 47.8525 2.5 1.2 0.9 2.6
2021.2575 -62.056 46.8533 -2.6 1.2 0.9 2.5
2021.2603 -59.4508 46.6312 -10.8 1.2 0.9 2.5
2021.2630 -59.2945 45.4099 -9.3 1.2 0.9 2.5
2021.2658 -62.5249 44.9658 -6.8 1.3 0.9 2.6
2021.2685 -64.7654 43.7445 -10.2 1.2 0.9 2.6
2021.2712 -63.3586 44.7438 -10.6 1.3 0.9 2.6
2021.2740 -59.9718 46.0761 -3.6 1.2 0.9 2.5
2021.2767 -63.7233 45.743 -6.9 1.2 0.9 2.6
2021.2795 -59.7113 46.7423 -1.8 1.2 0.9 2.6
2021.2822 -60.2323 45.1879 -9.3 1.2 0.9 2.6
2021.2849 -59.3987 46.7423 -6.9 1.2 0.9 2.7
2021.2877 -58.9818 45.2989 -5.7 1.2 1.0 2.7
2021.2904 -61.4828 45.0769 -3.7 1.5 1.2 3.0
2021.2932 -61.066 47.5194 -3.4 1.5 1.1 3.1
2021.2959 -61.5349 46.1871 -7.5 1.5 1.1 2.9
2021.2986 -64.1923 44.4107 -8.2 1.6 1.1 3.2
2021.3014 -65.1301 45.9651 -0.9 1.3 1.0 2.8
2021.3041 -60.545 44.9658 -3.8 1.2 0.9 2.6
2021.3068 -59.8155 47.7415 -9.8 1.2 0.9 2.7
2021.3096 -62.1602 45.4099 -8.4 1.3 1.0 2.8
2021.3123 -62.4728 47.5194 -11.9 1.2 0.9 2.6
2021.3151 -64.8175 46.6312 -10.5 1.3 0.9 2.7
2021.3178 -63.046 44.6327 -8.3 1.3 1.0 2.8
2021.3205 -62.3165 48.7407 -10.3 1.2 0.9 2.6
2021.3233 -62.8897 49.0738 -12.2 1.2 0.9 2.6
2021.3260 -65.3385 47.5194 -6 1.2 0.9 2.5
2021.3288 -62.1081 46.8533 -7.8 1.1 0.9 2.6
2021.3315 -62.3165 48.2966 -8.6 1.1 0.9 2.6
2021.3342 -61.1181 49.2959 -15.1 1.3 1.0 2.7
2021.3370 -65.9117 47.7415 -5.8 1.1 0.9 2.6
2021.3397 -64.6612 48.4077 -6.4 1.2 0.9 2.6
2021.3425 -63.2544 46.7423 -3.7 1.1 0.9 2.6
2021.3452 -64.557 49.1848 -9.2 1.2 0.9 2.6
2021.3479 -64.7654 48.0746 -8.1 1.2 0.9 2.6
2021.3507 -65.1822 47.6305 -5.8 1.2 0.9 2.5
2021.3534 -65.4428 48.7407 -5.7 1.1 0.9 2.5
2021.3562 -63.8796 48.5187 -4.1 1.1 0.9 2.6
2021.3589 -65.6512 45.854 -4.4 1.2 0.9 2.6
2021.3616 -62.6291 48.6297 -0.3 1.2 0.9 2.6
2021.3644 -63.3065 48.7407 -0.9 1.2 0.9 2.6
2021.3671 -64.3486 49.1848 -6.8 1.1 0.9 2.6
2021.3699 -66.068 48.2966 -9 1.2 0.9 2.6
2021.3726 -64.8175 49.0738 -6.2 1.1 0.9 2.6
2021.3753 -63.3065 49.0738 -5.7 1.2 0.9 2.6
2021.3781 -62.9939 49.4069 0.8 1.3 1.0 2.8
2021.3808 -63.9317 49.0738 -4.9 1.2 0.9 2.7
2021.3836 -65.2343 51.0723 -6.4 1.6 1.1 3.1
2021.3863 -65.0259 49.6289 0.5 1.2 0.9 2.7
2021.3890 -69.1421 48.1856 -2.3 1.2 0.9 2.6
2021.3918 -67.9959 48.0746 -3.7 1.2 0.9 2.6
2021.3945 -64.0359 47.1864 -5.8 1.2 0.9 2.6
2021.3973 -66.068 47.4084 -3.1 1.2 0.9 2.6
2021.4000 -65.4949 46.6312 -0.8 1.2 0.9 2.6
2021.4027 -65.6512 49.6289 -5.3 1.3 1.0 2.8
2021.4055 -64.3486 48.6297 -8.1 1.2 0.9 2.6
2021.4082 -68.5169 50.5172 -4.6 1.2 0.9 2.6
2021.4110 -64.557 48.1856 1.9 1.2 0.9 2.6
2021.4137 -67.1622 47.6305 -2.2 1.1 0.9 2.6
2021.4164 -65.547 46.7423 -4 1.2 0.9 2.6
2021.4192 -66.4848 47.5194 -10.8 1.2 0.9 2.5
2021.4219 -63.2023 46.6312 -6.3 1.3 0.9 2.6
2021.4247 -65.078 49.6289 -7.2 1.2 0.9 2.6
2021.4274 -58.8776 47.5194 -9.8 1.2 0.9 2.6
2021.4301 -64.4007 47.7415 -4.6 1.2 0.9 2.6
2021.4329 -67.8395 48.8518 -5.3 1.3 0.9 2.6
2021.4356 -63.9317 50.5172 -6.5 1.2 0.9 2.7
2021.4384 -67.6832 48.1856 -7 1.2 0.9 2.6
2021.4411 -65.5991 47.5194 -8.3 1.2 0.9 2.7
2021.4438 -69.9758 47.4084 -3.3 1.4 1.0 2.8
2021.4466 -69.7153 48.0746 -3.7 1.3 1.0 2.9
2021.4493 -68.5169 46.6312 -4.3 1.2 0.9 2.6
2021.4521 -63.9838 48.6297 -3.1 1.2 0.9 2.6
2021.4548 -64.4007 49.2959 -4.4 1.3 1.0 2.8
2021.4575 -67.9959 49.6289 -6.5 1.3 1.0 2.8
2021.4603 -68.3606 48.8518 -7 1.2 0.9 2.6
2021.4630 -66.9538 49.0738 -3.4 1.2 0.9 2.6
2021.4658 -71.2784 48.8518 -10.8 1.1 0.9 2.6
2021.4685 -66.5369 49.0738 -7.6 1.2 0.9 2.6
2021.4712 -64.4528 47.8525 -6.7 1.2 0.9 2.7
2021.4740 -67.058 49.962 -12 1.3 1.0 2.7
2021.4767 -63.3586 49.0738 -6.2 1.2 1.0 2.6
2021.4795 -65.9117 47.7415 -5.2 1.2 1.0 2.7
2021.4822 -71.591 50.6282 -13 1.2 1.0 2.6
2021.4849 -64.1401 49.5179 1.3 1.2 1.0 2.5
2021.4877 -68.9858 48.7407 -7.3 1.2 1.0 2.6
2021.4904 -68.7774 51.0723 -10.9 1.2 0.9 2.5
2021.4932 -67.1622 49.6289 -6.8 1.2 0.9 2.6
2021.4959 -64.6612 48.5187 -6.6 1.5 1.0 2.8
2021.4986 -69.4548 51.6274 -13.1 1.3 1.0 2.7
2021.5014 -66.0159 50.2951 -8 1.2 1.0 2.6
2021.5041 -66.6411 51.6274 -14.3 1.2 0.9 2.6
2021.5068 -71.4347 51.1833 -9.8 1.2 0.9 2.6
2021.5096 -69.3506 48.8518 -11 1.3 1.0 2.7
2021.5123 -67.7353 47.7415 -9.7 1.2 1.0 2.6
2021.5151 -70.1321 50.1841 -9.2 1.2 1.0 2.6
2021.5178 -68.3085 50.1841 -10.7 1.2 0.9 2.6
2021.5205 -72.6331 50.5172 -6.5 1.2 1.0 2.7
2021.5233 -71.7995 51.4054 -14.2 1.2 1.0 2.7
2021.5260 -67.4227 50.4061 -11.2 1.2 1.0 2.6
2021.5288 -70.549 49.4069 -10.4 1.1 0.9 2.6
2021.5315 -68.9337 50.7392 -14.1 1.2 1.0 2.6
2021.5342 -69.9237 46.8533 -3.2 1.3 1.0 2.7
2021.5370 -72.0079 47.9635 -12.2 1.4 1.1 2.9
2021.5397 -66.3806 45.854 -10.6 1.3 1.1 2.9
2021.5425 -68.4648 47.8525 -15.9 1.2 1.0 2.7
2021.5452 -63.2023 49.0738 -3.9 1.2 1.0 2.6
2021.5479 -70.2363 53.7369 -8.7 1.2 1.0 2.7
2021.5507 -68.7774 51.7385 -15.9 1.2 1.0 2.7
2021.5534 -72.2684 49.1848 -10.3 1.2 1.1 2.6
2021.5562 -69.6111 49.2959 -14.8 1.4 1.1 2.8
2021.5589 -70.2363 49.1848 -9.7 1.2 1.0 2.6
2021.5616 -72.2684 49.6289 -13.7 1.1 1.0 2.6
2021.5644 -72.1642 49.74 -13.7 1.1 1.0 2.6
2021.5671 -69.8195 45.632 -5.3 1.1 1.0 2.6
2021.5699 -72.2163 48.1856 -10.6 1.1 1.0 2.5
2021.5726 -69.559 51.0723 -11.5 1.2 1.1 2.7
2021.5753 -72.8936 49.5179 -13.9 1.2 1.0 2.6
2021.5781 -70.6011 49.0738 -16.8 1.2 1.0 2.6
2021.5808 -71.3826 50.4061 -8.6 1.2 1.0 2.6
2021.5836 -69.4027 48.8518 -12.4 1.2 1.0 2.6
2021.5863 -71.3826 51.1833 -9.5 1.3 1.0 2.7
2021.5890 -71.7473 48.9628 -7.6 1.2 1.1 2.6
2021.5918 -70.2884 49.4069 -10.1 1.2 1.0 2.6
2021.5945 -74.092 48.7407 -9 1.1 1.0 2.6
2021.5973 -72.2163 50.0731 -12.6 1.2 1.0 2.7
2021.6000 -69.4027 50.5172 -18.3 1.3 1.1 2.8
2021.6027 -68.7253 48.5187 -10 1.2 1.0 2.6
2021.6055 -69.5069 46.7423 -9.7 1.2 1.0 2.6
2021.6082 -70.2363 48.8518 -12.1 1.2 1.0 2.6
2021.6110 -69.2463 52.2936 -12.9 1.2 1.0 2.6
2021.6137 -69.8195 50.5172 -11.4 1.2 1.0 2.6
2021.6164 -69.7674 47.0753 -13.6 1.2 1.0 2.6
2021.6192 -65.2864 48.8518 -13.4 1.2 1.0 2.6
2021.6219 -71.2263 49.6289 -8.9 1.2 1.1 2.7
2021.6247 -69.1421 47.5194 -6.5 1.2 1.0 2.7
2021.6274 -72.2163 48.8518 0.9 1.2 1.0 2.6
2021.6301 -72.8415 56.0685 -9.6 1.2 1.0 2.7
2021.6329 -67.8395 49.962 -10.6 1.2 1.0 2.6
2021.6356 -76.2283 49.0738 -9.1 1.2 1.0 2.6
2021.6384 -71.07 50.5172 -5.7 1.3 1.1 2.8
2021.6411 -71.7995 51.2943 -9.2 1.2 1.0 2.7
2021.6438 -72.6331 50.7392 -6.2 1.2 1.0 2.7
2021.6466 -69.1942 51.2943 -10.4 1.2 1.0 2.6
2021.6493 -66.6411 49.74 -3.8 1.5 1.2 2.9
2021.6521 -72.5289 46.5202 -3.2 1.2 1.0 2.7
2021.6548 -68.7774 50.7392 -0.8 1.4 1.1 2.9
2021.6575 -66.4848 51.4054 -2.6 1.3 1.1 2.8
2021.6603 -73.9357 49.1848 -4.7 1.3 1.0 2.6
2021.6630 -68.5169 50.9613 -7.1 1.2 1.0 2.6
2021.6658 -71.3826 47.1864 -4.4 1.3 1.0 2.7
2021.6685 -66.2243 50.0731 0.9 1.2 1.0 2.6
2021.6712 -69.09 48.1856 -2.9 1.2 1.0 2.6
2021.6740 -69.1421 49.74 -4.4 1.4 1.1 2.7
2021.6767 -71.7995 48.0746 -1.3 1.3 1.1 2.7
2021.6795 -69.6111 47.7415 -6.1 1.2 1.0 2.6
2021.6822 -71.2784 46.8533 -2.1 1.3 1.0 2.6
2021.6849 -69.559 47.2974 -3.8 1.2 1.0 2.7
2021.6877 -70.3405 46.9643 -2 1.2 1.0 2.6
2021.6904 -69.1942 49.962 -10.6 1.2 1.0 2.6
2021.6932 -67.579 49.2959 -10.5 1.2 1.1 2.6
2021.6959 -69.4027 47.4084 -2.1 1.3 1.0 2.6
2021.6986 -75.7594 47.1864 -3.3 1.2 1.0 2.6
2021.7014 -68.1001 47.5194 -6 1.3 1.0 2.7
2021.7041 -69.1421 47.1864 -3.4 1.2 1.0 2.6
2021.7068 -69.8195 46.7423 -8.3 1.2 1.0 2.6
2021.7096 -77.4267 46.9643 -8.6 1.2 1.0 2.6
2021.7123 -68.2043 48.0746 -4.6 1.4 1.1 2.9
2021.7151 -69.2985 45.521 -11.1 1.3 1.0 2.7
2021.7178 -69.1421 49.0738 -10.8 1.2 1.0 2.6
2021.7205 -69.3506 48.7407 -2 1.2 1.0 2.6
2021.7233 -70.8616 48.4077 3.6 1.2 1.0 2.6
2021.7260 -69.0379 49.962 -5.1 1.3 1.0 2.7
2021.7288 -67.6832 47.2974 -2.7 1.3 1.0 2.7
2021.7315 -73.3626 46.8533 -4.6 1.4 1.1 2.7
2021.7342 -71.591 47.9635 -2.7 1.3 1.0 2.6
2021.7370 -66.7454 48.8518 -8.4 1.2 1.0 2.6
2021.7397 -72.5289 48.8518 -7.2 1.2 1.0 2.6
2021.7425 -68.8816 46.4092 -7 1.2 1.0 2.6
2021.7452 -69.9237 48.7407 -9.7 1.2 0.9 2.6
2021.7479 -69.7674 51.2943 -4.8 1.2 1.0 2.6
2021.7507 -73.3105 48.4077 -5.4 1.3 1.0 2.7
2021.7534 -76.9578 49.0738 -9.7 1.3 1.0 2.6
2021.7562 -75.2904 48.4077 -5.4 1.3 1.0 2.7
2021.7589 -73.3105 51.7385 -8 1.3 1.0 2.7
2021.7616 -71.591 48.5187 -15.4 1.3 1.0 2.6
2021.7644 -70.9137 49.74 -2.1 1.4 1.0 2.7
2021.7671 -70.3405 51.0723 -7 1.2 1.0 2.6
2021.7699 -72.7373 49.5179 -11.4 1.2 1.0 2.6
2021.7726 -70.1842 49.962 -8 1.3 1.0 2.6
2021.7753 -69.09 52.4046 -6.6 1.3 1.0 2.7
2021.7781 -65.7033 51.5164 -9.9 1.4 1.0 2.8
2021.7808 -65.2864 50.7392 -0.2 1.6 1.2 2.9
2021.7836 -71.1221 49.6289 -4.4 1.3 1.0 2.7
2021.7863 -70.8095 48.6297 -7.5 1.3 1.0 2.6
2021.7890 -72.6852 53.1818 -11.1 1.7 1.3 3.3
2021.7918 -73.4668 50.9613 -7 1.2 0.9 2.6
2021.7945 -72.8936 51.7385 -9 1.4 1.1 2.9
2021.7973 -72.3205 49.962 -8.5 1.5 1.2 3.0
2021.8000 -69.4027 53.1818 -5.5 1.4 1.0 2.8
2021.8027 -73.8315 51.8495 -9.6 1.3 1.0 2.7
2021.8055 -77.4788 50.6282 -9.9 1.3 1.0 2.7
2021.8082 -74.9778 52.5156 -4.9 1.2 0.9 2.6
2021.8110 -73.1021 51.2943 -7.4 1.2 0.9 2.6
2021.8137 -74.7694 49.962 -5.6 1.3 1.0 2.7
2021.8164 -73.3626 51.1833 -6.5 1.2 1.0 2.6
2021.8192 -69.9758 50.7392 -6.6 1.3 1.0 2.6
2021.8219 -69.4548 52.6267 -8.1 1.3 1.0 2.6
2021.8247 -78.3125 51.5164 -3 1.3 1.0 2.7
2021.8274 -72.6852 53.2928 -5.6 1.3 1.0 2.7
2021.8301 -74.4568 49.851 -8.6 1.4 1.1 2.8
2021.8329 -74.4047 53.4039 -3.5 1.4 1.1 2.8
2021.8356 -68.7253 53.4039 -4.8 1.3 1.0 2.7
2021.8384 -78.2604 55.0693 -3.6 1.4 1.1 2.8
2021.8411 -80.605 54.07 0.3 1.4 1.1 2.8
2021.8438 -80.084 53.959 9.3 2.1 1.4 3.6
2021.8466 -71.8516 53.6259 -6.8 1.3 1.0 2.6
2021.8493 -80.5529 51.4054 2.4 1.4 1.1 2.8
2021.8521 -71.1742 50.5172 -2.9 1.3 1.0 2.6
2021.8548 -74.9778 52.9597 -2.9 1.3 1.0 2.7
2021.8575 -72.2163 51.9605 -3.4 1.3 1.0 2.7
2021.8603 -75.9157 50.1841 -3.2 1.2 1.0 2.7
2021.8630 -72.9978 51.9605 -2.3 1.2 1.0 2.6
2021.8658 -79.4067 51.7385 -0.6 1.3 1.0 2.7
2021.8685 -74.9257 53.1818 -2.3 1.3 1.0 2.8
2021.8712 -71.4347 53.1818 -0.2 1.3 1.0 2.8
2021.8740 -71.4347 53.2928 -2.6 1.3 1.0 2.8
2021.8767 -75.082 53.6259 -6.7 1.4 1.1 2.9
2021.8795 -76.5409 51.9605 3.6 1.2 1.0 2.6
2021.8822 -69.1942 54.4031 -1.5 1.2 0.9 2.6
2021.8849 -73.6752 52.7377 -3.3 1.2 1.0 2.6
2021.8877 -78.4167 53.6259 -0.1 1.2 1.0 2.6
2021.8904 -72.2163 53.6259 -0.9 1.2 1.0 2.7
2021.8932 -73.3626 54.6251 -2.9 1.2 1.0 2.6
2021.8959 -75.1341 53.848 -1.8 1.2 1.0 2.6
2021.8986 -77.8435 53.959 3.1 1.2 1.0 2.6
2021.9014 -77.1141 52.4046 0.7 1.2 1.0 2.6
2021.9041 -76.0199 53.5149 -5 1.2 1.0 2.6
2021.9068 -74.6652 54.4031 -7.1 1.2 1.0 2.5
2021.9096 -72.8936 53.2928 0.5 1.3 1.0 2.7
2021.9123 -73.9878 54.7362 2.7 1.2 1.0 2.7
2021.9151 -77.9998 55.0693 10.4 1.3 1.0 2.7
2021.9178 -76.0199 52.0715 -2.2 1.3 1.0 2.8
2021.9205 -72.4247 52.2936 2.4 1.2 1.0 2.6
2021.9233 -69.8195 51.5164 3.1 1.3 1.0 2.7
2021.9260 -78.7814 53.0708 1.1 1.3 1.0 2.7
2021.9288 -78.1562 54.9582 9.5 1.3 1.0 2.7
2021.9315 -78.5209 52.1826 2.6 1.2 1.0 2.6
2021.9342 -73.05 53.1818 -0.2 1.3 1.0 2.7
2021.9370 -77.0099 51.4054 -1.1 1.3 1.0 2.7
2021.9397 -77.6872 50.7392 -0.1 1.3 1.0 2.7
2021.9425 -82.4808 50.4061 -2.7 1.3 1.1 2.8
2021.9452 -75.3425 50.9613 -0.3 1.3 1.1 2.7
2021.9479 -72.06 52.8487 -0.3 1.2 1.0 2.6
2021.9507 -75.6552 51.4054 -0.6 1.3 1.1 2.7
2021.9534 -75.1862 50.5172 1.2 1.2 1.0 2.7
2021.9562 -78.6772 52.5156 0 1.3 1.1 2.8
2021.9589 -74.7173 51.6274 -4.2 1.3 1.1 2.8
2021.9616 -73.4147 55.0693 -1.5 1.2 1.0 2.7
2021.9644 -70.4447 54.9582 -3.4 1.2 1.0 2.7
2021.9671 -73.9878 56.1795 -5.3 1.5 1.1 2.9
2021.9699 -75.0299 60.2875 -1.3 1.4 1.1 2.9
2021.9726 -81.4387 58.178 1.5 1.3 1.1 2.8
2021.9753 -73.4668 55.1803 -1.5 1.3 1.0 2.7
2021.9781 -75.4467 53.5149 -6.1 1.3 1.0 2.7
2021.9808 -71.3826 53.6259 -6.1 1.3 1.0 2.7
2021.9836 -70.0279 54.4031 -6.9 1.3 1.0 2.7
2021.9863 -79.8756 53.6259 -8.8 1.3 1.0 2.7
2021.9890 -72.5289 54.5141 -6.2 1.3 1.0 2.7
2021.9918 -75.6031 54.7362 -8.1 1.3 1.0 2.7
2021.9945 -74.8215 53.1818 -7.5 1.2 1.0 2.6
2021.9973 -74.4047 52.2936 -6.8 1.2 1.0 2.7
2022.0000 -74.0399 53.1818 -4.2 1.3 1.0 2.6
2022.0027 -78.5209 54.2921 -5 1.3 1.1 2.8
2022.0055 -72.1121 55.4023 -8.6 1.3 1.0 2.7
2022.0082 -85.8155 55.6244 -9.1 1.3 1.0 2.6
2022.0110 -84.6692 53.848 -3.7 1.2 1.0 2.7
2022.0137 -74.8736 54.181 -4.6 1.2 1.0 2.6
2022.0164 -75.7073 54.8472 -3.1 1.2 1.0 2.6
2022.0192 -78.6772 53.848 -6.1 1.2 1.1 2.7
2022.0219 -74.5089 55.9575 -6.9 1.3 1.1 2.7
2022.0247 -73.7273 54.5141 -4.4 1.4 1.2 2.9
2022.0274 -77.1662 53.2928 -1.8 1.2 1.0 2.7
2022.0301 -82.7413 53.2928 -4.7 1.2 1.0 2.7
2022.0329 -75.1341 55.2913 -3 1.3 1.0 2.7
2022.0356 -77.3225 55.6244 -2.9 1.2 1.0 2.6
2022.0384 -76.072 57.4008 -2.8 1.4 1.1 2.8
2022.0411 -81.2303 56.2905 -3.8 1.5 1.2 2.9
2022.0438 -79.3024 55.2913 -0.7 1.3 1.1 2.8
2022.0466 -79.1461 57.6229 4.1 1.3 1.0 2.7
2022.0493 -70.9658 54.9582 8.6 1.4 1.1 2.9
2022.0521 -82.0119 55.1803 -5.1 1.4 1.1 2.9
2022.0548 -80.3445 59.8434 11.5 1.2 1.0 2.7
2022.0575 -79.9277 57.956 6 1.2 1.0 2.6
2022.0603 -83.9397 57.7339 5.8 1.3 1.1 2.7
2022.0630 -76.6451 57.2898 1.3 1.3 1.0 2.7
2022.0658 -85.1381 56.4016 -5.8 1.2 1.0 2.6
2022.0685 -73.2063 56.9567 -2.4 1.3 1.1 2.8
2022.0712 -86.0239 54.4031 -12 1.3 1.0 2.8
2022.0740 -82.1682 54.181 -10.8 1.2 0.9 2.6
2022.0767 -75.8636 55.2913 -4.3 1.2 1.0 2.6
2022.0795 -79.094 53.7369 -4.9 1.4 1.0 2.7
2022.0822 -73.1542 55.8464 -3.6 1.2 1.0 2.7
2022.0849 -86.8575 54.4031 -5.9 1.5 1.1 2.8
2022.0877 -79.8235 54.8472 -9.6 1.2 1.0 2.6
2022.0904 -75.2383 57.5118 1.3 1.3 1.0 2.8
2022.0932 -82.3766 55.2913 -1.6 1.7 1.2 3.1
2022.0959 -84.9818 57.4008 0.8 2.7 1.4 3.8
2022.0986 -79.9798 57.0677 -6.6 1.3 1.0 2.7
2022.1014 -83.4187 56.1795 -4.5 1.3 1.0 2.8
2022.1041 -77.9477 56.7347 -2.2 1.2 1.0 2.7
2022.1068 -72.4247 54.8472 -5.9 1.2 1.0 2.7
2022.1096 -74.7173 55.0693 -5.3 1.2 1.0 2.7
2022.1123 -79.7714 56.9567 -13.5 1.6 1.2 3.2
2022.1151 -76.5409 55.1803 -2.6 1.5 1.1 3.0
2022.1178 -83.2624 57.6229 -3.5 1.5 1.1 2.9
2022.1205 -82.2203 55.4023 -3.6 1.3 1.0 2.8
2022.1233 -76.4367 55.8464 -3.5 1.3 1.0 2.7
2022.1260 -80.2924 55.6244 -2.3 1.2 1.0 2.6
2022.1288 -88.0038 54.9582 -4.1 1.3 1.0 2.7
2022.1315 -78.6251 54.7362 -4 1.3 1.1 2.7
2022.1342 -76.9057 56.2905 -9 1.3 1.0 2.7
2022.1370 -80.5008 55.7354 -5.4 1.4 1.1 2.8
2022.1397 -81.9598 56.9567 -4.2 1.3 1.0 2.7
2022.1425 -80.9698 56.7347 -1.9 1.2 1.0 2.6
2022.1452 -78.8335 56.4016 -4 1.5 1.1 3.0
2022.1479 -82.6892 54.2921 -1.4 1.3 1.0 2.7
2022.1507 -84.0439 57.4008 -3.8 1.6 1.1 2.9
2022.1534 -81.595 56.9567 -5.1 1.5 1.1 2.9
2022.1562 -79.2503 57.0677 -4.5 1.2 1.0 2.5
2022.1589 -82.5329 57.5118 -4.2 1.3 1.0 2.6
2022.1616 -71.9558 58.289 -0.9 1.2 1.0 2.6
2022.1644 -79.094 56.5126 -2.7 1.3 1.0 2.6
2022.1671 -79.1461 56.8457 1.3 1.2 1.0 2.5
2022.1699 -80.2924 58.6221 -2.3 1.2 1.0 2.5
2022.1726 -79.1461 57.956 -3 1.3 1.0 2.7
2022.1753 -76.7493 58.178 -1.5 1.5 1.1 2.9
2022.1781 -71.6952 57.956 3 1.4 1.1 2.8
2022.1808 -71.6952 57.0677 -1.6 1.3 1.0 2.7
2022.1836 -77.7914 56.6236 1.6 1.3 1.0 2.7
2022.1863 -76.0199 57.7339 -3.3 1.2 1.0 2.6
2022.1890 -76.593 56.9567 -4 1.4 1.1 2.8
2022.1918 -75.8115 56.7347 1.9 1.5 1.2 3.1
2022.1945 -75.3946 58.4001 -1.1 1.5 1.1 2.9
2022.1973 -78.2083 57.1788 -0.4 1.6 1.2 3.0
2022.2000 -81.4908 56.0685 3 1.4 1.0 2.6
2022.2027 -78.2604 56.6236 -0.4 1.2 0.9 2.5
2022.2055 -75.3946 57.0677 -1.2 1.2 1.0 2.6
2022.2082 -83.575 56.6236 -3.4 1.3 1.0 2.6
2022.2110 -71.4347 60.3985 -6.9 1.4 1.0 2.7
2022.2137 -72.581 59.7324 -4.2 1.2 1.0 2.6
2022.2164 -76.7493 59.7324 -4.3 1.4 1.1 2.8
2022.2192 -73.8315 59.5103 -3.5 1.3 1.0 2.6
2022.2219 -75.4467 58.7331 -9.5 1.3 1.0 2.8
2022.2247 -70.0279 58.5111 -9.5 1.2 0.9 2.6
2022.2274 -72.7894 56.1795 -10.6 1.3 1.0 2.7
2022.2301 -75.9157 57.1788 -10.6 1.3 1.0 2.8
2022.2329 -72.581 56.5126 -8.2 1.3 1.0 2.7
2022.2356 -80.605 56.8457 -9.3 1.4 1.0 2.8
2022.2384 -78.4167 57.4008 -11.9 1.3 1.0 2.7
2022.2411 -73.05 57.5118 -6.7 1.2 1.0 2.6
2022.2438 -74.561 58.067 -8.4 1.3 1.0 2.7
2022.2466 -75.0299 56.7347 -10.4 1.4 1.0 2.8
2022.2493 -74.6652 58.7331 -8 1.4 1.0 2.7
2022.2521 -82.4808 58.5111 -8.1 1.5 1.0 2.8
2022.2548 -73.1542 60.6206 -9.6 1.2 1.0 2.6
2022.2575 -73.9357 57.1788 -10.5 1.4 1.0 2.8
2022.2603 -78.7814 58.067 -12.6 1.3 1.0 2.6
2022.2630 -79.9277 58.289 -9 1.3 1.0 2.6
2022.2658 -84.6692 61.1757 -8.9 1.4 1.1 2.7
2022.2685 -80.2924 60.5096 -8.5 1.3 1.0 2.7
2022.2712 -77.5309 59.5103 -10.8 1.5 1.1 2.9
2022.2740 -76.8535 60.2875 -13 1.4 1.1 2.9
2022.2767 -80.1882 58.6221 -9.1 1.4 1.1 2.7
2022.2795 -77.4267 58.6221 -6.1 1.2 1.0 2.6
2022.2822 -84.565 60.9537 -7.3 1.4 1.1 2.8
2022.2849 -81.2824 63.0632 -9.7 2.0 1.6 3.5
2022.2877 -78.2604 59.0662 -6.7 1.4 1.0 2.8
2022.2904 -78.7814 59.6214 -8.4 1.3 1.0 2.6
2022.2932 -81.2824 60.3985 -7.7 1.2 1.0 2.6
2022.2959 -85.7112 62.175 -4.4 1.3 1.0 2.6
2022.2986 -79.563 61.8419 -9 1.2 1.0 2.6
2022.3014 -78.3125 60.5096 -6.6 1.3 1.0 2.7
2022.3041 -82.1161 58.9552 3.2 1.5 1.2 2.9
2022.3068 -80.8656 61.6198 -8.8 1.3 1.0 2.7
2022.3096 -81.4908 61.5088 -5.5 1.4 1.0 2.7
2022.3123 -80.3445 61.8419 -10.3 1.2 1.0 2.6
2022.3151 -80.7093 62.397 -8.3 1.3 1.0 2.6
2022.3178 -86.3886 63.5073 -2.2 1.3 1.0 2.6
2022.3205 -78.1562 64.2845 -5.7 1.3 1.0 2.9
2022.3233 -85.2944 65.1727 -10.2 1.8 1.4 3.2
2022.3260 -75.3946 65.1727 -8.7 1.5 1.1 2.9
2022.3288 -84.6692 63.1742 -6.6 1.4 1.1 2.8
2022.3315 -80.4487 61.6198 -2.8 1.3 1.0 2.7
2022.3342 -80.5529 60.6206 -2.5 1.4 1.0 2.7
2022.3370 -85.7112 59.6214 -4.1 1.3 1.0 2.9
2022.3397 -78.1562 61.7309 -2.7 1.4 1.1 2.9
2022.3425 -80.8656 60.9537 -6.5 1.2 1.0 2.6
2022.3452 -81.1261 61.0647 -10.3 1.2 0.9 2.6
2022.3479 -79.8756 61.3978 -9.8 1.3 1.0 2.6
2022.3507 -77.3746 62.9522 -9.8 1.3 1.0 2.6
2022.3534 -80.8135 61.3978 -5.1 1.4 1.1 2.8
2022.3562 -83.1581 60.5096 -6.6 1.2 1.0 2.6
2022.3589 -85.3465 59.6214 -4.6 1.3 1.0 2.6
2022.3616 -80.084 59.6214 -7.8 1.3 1.0 2.7
2022.3644 -83.575 61.6198 -8.3 1.5 1.1 2.9
2022.3671 -78.573 62.7301 -6.3 1.3 1.0 2.6
2022.3699 -82.5329 62.0639 -6.6 1.3 1.0 2.7
2022.3726 -81.8034 60.5096 -9.4 1.2 1.0 2.6
2022.3753 -80.7093 60.3985 -10.2 1.2 1.0 2.6
2022.3781 -83.9397 63.1742 -7.9 1.3 1.0 2.6
2022.3808 -83.1581 61.6198 -0.1 1.3 1.0 2.6
2022.3836 -82.8976 61.2868 -1.6 1.3 1.0 2.6
2022.3863 -81.4387 63.3963 -7 1.3 1.0 2.6
2022.3890 -81.2824 61.2868 -6.9 1.3 1.0 2.7
2022.3918 -80.5008 61.6198 -0.9 1.2 1.0 2.6
2022.3945 -82.3766 60.7316 -6.4 1.2 1.0 2.6
2022.3973 -82.0119 60.5096 0.3 1.3 1.0 2.6
2022.4000 -84.9297 61.5088 -6.1 1.3 1.0 2.6
2022.4027 -80.9698 61.8419 -2.3 1.4 1.0 2.7
2022.4055 -82.6892 60.9537 -8.3 1.5 1.2 3.0
2022.4082 -80.2924 62.7301 -10.1 1.6 1.2 3.0
2022.4110 -81.1261 61.8419 -5 1.3 1.0 2.8
2022.4137 -82.9497 63.5073 -6.3 1.3 1.1 2.7
2022.4164 -81.7513 61.8419 -4.3 1.2 1.0 2.6
2022.4192 -81.2303 61.2868 -8.5 1.2 1.0 2.6
2022.4219 -81.8555 62.6191 -4.5 1.2 1.0 2.6
2022.4247 -84.6692 60.7316 -3.5 1.2 1.0 2.6
2022.4274 -83.7313 62.175 -5.3 1.2 0.9 2.6
2022.4301 -87.066 64.5065 -6.1 1.4 1.1 2.7
2022.4329 -82.4808 62.0639 -6.7 1.6 1.1 3.0
2022.4356 -86.4928 61.2868 -8 1.3 1.0 2.7
2022.4384 -89.098 62.9522 -6.3 1.3 1.0 2.7
2022.4411 -81.4908 62.397 -9.1 1.2 1.0 2.6
2022.4438 -81.9598 62.9522 -6.7 1.2 1.0 2.6
2022.4466 -83.575 61.5088 -0.2 1.2 1.0 2.7
2022.4493 -86.5449 63.3963 -7.8 1.2 1.0 2.6
2022.4521 -76.7493 62.397 -5.8 1.2 1.0 2.6
2022.4548 -82.8976 65.0617 -15.3 1.4 1.1 2.7
2022.4575 -83.7834 62.0639 -8.6 1.2 1.0 2.6
2022.4603 -85.3465 62.0639 -5.5 1.3 1.0 2.6
2022.4630 -76.9578 63.3963 -16.3 1.3 1.0 2.7
2022.4658 -82.9497 60.8426 -9.7 1.3 1.0 2.6
2022.4685 -85.5028 63.5073 -14.6 1.2 1.0 2.6
2022.4712 -83.575 63.5073 -9.5 1.2 1.0 2.6
2022.4740 -83.4187 64.9506 -9.3 1.5 1.1 2.8
2022.4767 -86.076 65.3947 -6.9 1.3 1.0 2.8
2022.4795 -85.3465 67.1712 -10.6 1.4 1.0 2.7
2022.4822 -84.4607 67.0601 -14.9 1.7 1.2 3.1
2022.4849 -85.9197 62.9522 -9.7 1.4 1.1 2.9
2022.4877 -89.5148 60.5096 -9.6 1.3 1.1 2.7
2022.4904 -85.607 64.3955 -4.1 1.3 1.0 2.7
2022.4932 -77.4267 66.9491 -11.3 1.2 1.0 2.7
2022.4959 -83.9397 65.5058 -9.9 1.2 1.0 2.6
2022.4986 -88.0038 65.7278 -14.9 1.2 1.0 2.6
2022.5014 -84.565 63.3963 -9.8 1.5 1.3 3.1
2022.5041 -83.1581 61.1757 -8.5 1.2 1.0 2.7
2022.5068 -83.2102 62.6191 -11.8 1.9 1.5 3.4
2022.5096 -79.9798 62.397 -11.1 1.3 1.1 2.7
2022.5123 -86.0239 62.397 -14.7 1.2 1.1 2.7
2022.5151 -84.565 65.7278 -9.4 1.4 1.1 2.9
2022.5178 -86.1281 65.6168 -15 1.3 1.1 2.8
2022.5205 -88.7854 64.1734 -14.7 1.2 1.0 2.6
2022.5425 -89.7233 62.508 -10.5 1.2 1.0 2.6
2022.5452 -82.4808 63.1742 -11.4 1.2 1.0 2.5
2022.5479 -84.6692 64.0624 -14.1 1.9 1.2 3.0
2022.5507 -86.3886 65.8388 -6.1 1.3 1.1 2.8
2022.5534 -82.3245 65.6168 -10.3 1.3 1.1 2.7
2022.5562 -87.587 62.175 -13.5 1.3 1.0 2.7
2022.5589 -88.7333 62.0639 -9.7 1.4 1.2 2.8
2022.5616 -81.8034 63.0632 -17.1 1.3 1.1 2.7
2022.5644 -88.4207 65.2837 -9.3 1.2 1.0 2.7
2022.5671 -87.4828 63.3963 -7.4 1.2 1.0 2.7
2022.5699 -90.4006 64.0624 -8.6 1.3 1.0 2.7
2022.5726 -90.1401 63.0632 -9.2 1.3 1.0 2.7
2022.5753 -85.607 63.7293 -14.8 1.2 1.0 2.6
2022.5781 -87.1181 61.3978 -18.8 1.3 1.1 2.7
2022.5808 -83.6271 61.9529 -17.3 1.3 1.1 2.7
2022.5836 -86.4928 64.5065 -14 1.2 1.0 2.6
2022.5863 -85.7112 62.9522 -11.3 1.3 1.2 2.9
2022.5890 -87.066 65.1727 -0.5 1.4 1.1 2.8
2022.5918 -87.6912 67.9484 -15.9 1.2 1.0 2.7
2022.5945 -84.5129 64.9506 -7.6 1.2 1.1 2.7
2022.5973 -88.2643 64.6176 -12.5 1.2 1.0 2.6
2022.6000 -89.6191 62.397 -10.2 1.4 1.1 2.8
2022.6027 -92.7974 64.1734 -4.7 1.7 1.3 3.0
2022.6055 -94.3605 61.6198 -5.4 1.5 1.2 2.9
2022.6082 -91.7553 62.286 -10.3 1.3 1.1 2.7
2022.6110 -83.2102 63.5073 -5.8 1.4 1.1 2.9
2022.6137 -87.066 61.5088 -9.5 1.3 1.0 2.7
2022.6164 -88.108 63.2852 -8.3 1.2 1.0 2.6
2022.6192 -84.2002 65.8388 -6.7 1.4 1.1 2.7
2022.6219 -89.4627 61.6198 -5.8 1.2 1.0 2.6
2022.6247 -90.2964 62.8411 -12.1 1.2 1.0 2.6
2022.6274 -88.8896 62.286 -6.4 1.3 1.1 2.7
2022.6301 -83.2102 61.6198 -7.8 1.5 1.2 2.9
2022.6329 -88.4207 63.5073 -5.8 1.5 1.2 3.0
2022.6356 -86.3886 60.7316 -1.9 1.3 1.1 2.7
2022.6384 -87.7433 62.9522 -5.8 1.4 1.1 2.7
2022.6411 -89.0459 63.5073 -7 1.2 1.0 2.6
2022.6438 -84.6171 59.6214 4.9 1.4 1.2 2.8
2022.6466 -90.4527 63.2852 -7.3 1.4 1.2 2.8
2022.6493 -85.9197 61.7309 0.3 1.3 1.1 2.6
2022.6521 -89.9838 63.6183 -11.8 1.2 1.1 2.7
2022.6548 -87.8475 62.175 -11.8 1.4 1.1 2.8
