2002.8712 0 0 0 1.3 1.0 2.9
2002.8740 1.36231 0.333065 1.1 1.3 1.1 2.9
2002.8767 -3.68328 1.66532 -3.6 1.3 1.0 3.0
2002.8795 -5.34832 3.55269 3.5 1.3 1.0 3.1
2002.8822 -6.81155 2.5535 -0.5 1.7 1.2 3.4
2002.8849 -8.32522 2.99758 4.5 1.2 0.9 2.9
2002.8877 -7.31611 2.99758 -0.8 1.3 1.0 2.9
2002.8904 -9.18297 2.77554 -6 1.9 1.3 3.7
2002.8932 -10.0912 2.44248 -6.6 1.3 1.0 3.0
2002.8959 -13.3708 2.44248 -10.2 1.4 1.0 3.0
2002.8986 -12.1599 4.32984 -5.7 1.3 0.9 2.8
2002.9014 -11.7562 4.88495 -5.8 1.2 1.0 2.9
2002.9041 -14.834 2.77554 -10.9 1.2 0.9 2.8
2002.9068 -14.5313 4.88495 -4.6 1.5 1.2 3.2
2002.9096 -16.7009 5.55108 0.5 1.2 0.9 2.8
2002.9123 -18.0632 6.77232 -9.2 1.2 0.9 2.8
2002.9151 -14.834 5.99517 -8.4 1.3 0.9 2.8
2002.9178 -18.9714 6.21721 -9.9 1.5 1.0 3.0
2002.9205 -17.0541 7.21641 -9.1 1.3 1.0 3.0
2002.9233 -16.6 10.6581 -4.7 1.3 0.9 2.8
2002.9260 -16.6504 8.43764 -7.3 1.3 1.0 2.8
2002.9288 -20.3842 7.21641 -3.5 1.2 0.9 2.8
2002.9315 -20.7374 5.99517 -5.2 1.2 1.0 2.8
2002.9342 -24.7234 4.1078 1.6 1.4 1.1 3.0
2002.9370 -23.5629 7.99356 -1.8 1.2 1.0 2.9
2002.9397 -25.7325 7.54947 -1.2 1.2 0.9 2.7
2002.9425 -26.0352 8.10458 -3.7 1.2 0.9 2.8
2002.9452 -24.8748 9.99195 0.9 1.2 0.9 2.7
2002.9479 -26.9939 9.2148 12.5 1.2 0.9 2.7
2002.9507 -29.3653 10.6581 3.3 1.2 0.9 2.7
2002.9534 -26.6407 11.1022 -2.9 1.4 1.0 3.0
2002.9562 -23.3611 9.65888 1.3 1.2 0.9 2.8
2002.9589 -28.4571 12.6565 2 1.2 1.0 2.8
2002.9616 -28.1544 11.4352 6.1 1.2 0.9 2.7
2002.9644 -34.4109 11.9903 -0.6 1.2 0.9 2.8
2002.9671 -33.5027 8.88173 -1.5 2.2 1.4 3.9
2002.9699 -28.7599 12.3234 -5.2 1.5 1.1 3.1
2003.0329 -44.7039 10.9911 0 5.1 3.3 9.7
2003.0356 -39.1538 13.6557 -9.9 1.2 0.9 2.8
2003.0384 -40.3143 13.5446 -8.9 1.3 1.0 2.8
2003.0411 -39.9106 14.8769 -9.5 1.3 0.9 2.9
2003.0438 -39.1538 14.3218 -12.2 1.2 0.9 2.8
2003.0466 -40.4656 13.8777 -7.6 1.3 0.9 2.8
2003.0493 -43.3416 15.7651 -11.8 1.4 1.0 2.9
2003.0521 -40.4152 15.7651 -7.6 1.6 1.1 3.1
2003.0548 -39.3556 14.6549 -7.9 1.2 0.9 2.8
2003.0575 -45.5112 14.5438 -13.1 1.4 0.9 2.8
2003.0603 -41.5252 15.0989 -6.8 1.2 0.9 2.8
2003.0630 -47.0754 15.8761 -7.8 1.4 1.0 3.1
2003.0658 -43.9471 17.8745 2.3 1.4 1.0 3.0
2003.0685 -43.7453 15.0989 -3.1 1.8 1.1 3.3
2003.0712 -43.1398 17.0973 2.9 1.4 1.0 2.9
2003.0740 -44.5021 16.3202 -9.1 1.2 0.9 2.8
2003.0767 -47.1258 16.2092 -6.9 1.3 1.0 2.9
2003.0795 -49.3963 20.8721 -7.1 1.3 1.0 2.9
2003.0822 -44.9562 17.8745 -2.7 2.3 1.3 3.5
2003.0849 -46.7222 15.21 -1.1 1.5 1.0 3.0
2003.0877 -51.2127 15.543 -9.2 1.3 1.0 2.9
2003.0904 -49.5982 14.9879 -8.1 2.8 1.6 4.4
2003.0932 -46.0662 16.2092 -7.3 1.6 1.0 3.0
2003.0959 -47.4285 16.5422 -6.5 1.5 1.1 3.1
2003.0986 -49.144 13.9887 -12.1 1.3 0.9 2.8
2003.1014 -48.6395 16.7643 -9.6 1.4 1.0 3.0
2003.1041 -50.6577 16.2092 1.2 1.5 1.0 2.9
2003.1068 -52.7264 20.2059 -14.3 1.3 0.9 2.8
2003.1096 -51.3137 17.7635 2.3 1.5 1.0 3.1
2003.1123 -49.245 16.8753 -3.1 1.6 1.0 3.4
2003.1151 -45.9653 18.4296 -0.6 1.5 1.0 3.1
2003.1178 -53.0796 18.0965 -9.4 1.3 1.0 2.9
2003.1205 -49.6991 20.761 -12.4 1.3 1.0 2.8
2003.1233 -53.1805 18.7627 -5.8 1.4 1.0 2.9
2003.1260 -52.8273 21.3162 -7 1.6 1.0 3.0
2003.1288 -49.0431 21.7602 -12 1.4 1.0 2.9
2003.1315 -50.7586 17.8745 -9.1 1.3 0.9 2.9
2003.1342 -54.1392 19.4288 -2.3 1.6 1.0 3.0
2003.1370 -56.0565 21.0941 -2.9 1.3 0.9 2.9
2003.1397 -55.2492 21.3162 -6.8 1.2 0.9 2.8
2003.1425 -56.6115 19.4288 1.7 1.1 0.9 2.7
2003.1452 -56.3592 19.3178 -6.6 1.2 0.9 2.8
2003.1479 -55.1483 19.7619 -8.7 1.2 0.9 2.7
2003.1507 -58.2261 18.8737 -4.5 1.1 0.9 2.8
2003.1534 -57.6206 19.0957 -4.6 1.1 0.9 2.7
2003.1562 -55.2492 20.8721 -3.4 1.5 1.0 3.0
2003.1589 -60.2948 21.4272 4.4 2.1 1.5 3.6
2003.1616 -59.538 20.761 2.3 1.5 1.0 3.0
2003.1644 -57.4693 19.0957 -1.9 1.3 0.9 2.9
2003.1671 -62.0103 18.7627 -8.8 1.4 1.0 3.1
2003.1699 -58.7811 18.6516 -8.5 1.3 1.0 3.0
2003.1726 -60.648 22.6484 -2.8 1.7 1.1 3.4
2003.1753 -57.7216 21.7602 -1.7 1.6 1.0 3.1
2003.1781 -64.634 17.5414 -11.3 2.0 1.3 3.6
2003.1808 -58.327 18.8737 -8 1.4 1.0 3.1
2003.1836 -61.9094 18.9847 -10.8 1.4 1.0 3.2
2003.1863 -58.0747 18.9847 -11 1.3 0.9 2.8
2003.1890 -62.8176 19.7619 -13.2 1.6 1.1 3.3
2003.1918 -61.2535 21.4272 -7.4 1.3 0.9 2.9
2003.1945 -60.9003 22.3153 -7.3 1.2 1.0 2.8
2003.1973 -64.7854 20.317 -0.3 1.4 1.1 3.1
2003.2000 -60.7489 19.5398 8 1.7 1.2 3.5
2003.2027 -62.2121 20.317 1.8 1.5 1.1 3.2
2003.2055 -62.7167 18.8737 2.6 1.6 1.2 3.3
2003.2082 -62.0608 19.4288 -0.1 1.8 1.3 3.4
2003.2110 -66.0468 18.2075 0.1 1.6 1.1 3.2
2003.2137 -62.8176 18.7627 -2.7 1.3 0.9 2.8
2003.2164 -67.2577 19.8729 -9.6 1.9 1.3 3.7
2003.2192 -65.4918 20.428 -0.8 1.5 1.1 3.1
2003.2219 -66.7532 20.8721 -0.3 1.4 1.0 2.9
2003.2247 -67.0054 20.761 -2.9 1.3 1.0 2.9
2003.2274 -66.1981 19.8729 -6.3 1.3 0.9 2.8
2003.2301 -64.9367 19.4288 -4.7 1.2 0.9 2.9
2003.2329 -67.9136 20.539 -9.6 1.2 1.0 2.9
2003.2356 -67.7118 19.3178 -10 1.9 1.3 3.7
2003.2384 -66.6522 20.0949 -12.8 1.4 1.0 3.0
2003.2411 -66.6018 18.8737 -2.4 2.4 1.6 4.0
2003.2438 -68.065 17.4304 -4.9 1.9 1.3 3.5
2003.2466 -64.5836 17.8745 -14.9 1.6 1.2 3.4
2003.2493 -65.9963 20.2059 -8.2 1.3 1.0 3.0
2003.2521 -68.4687 19.6508 -5.4 1.7 1.1 3.4
2003.2548 -68.1659 18.8737 -6.1 1.2 0.9 2.9
2003.2575 -66.2486 20.0949 -12.7 1.7 1.2 3.3
2003.2603 -68.1155 19.8729 -2.5 1.4 1.0 3.0
2003.2630 -68.2164 22.5374 -4.6 1.2 0.9 2.8
2003.2658 -67.0559 21.6492 -2.3 1.2 0.9 2.8
2003.2685 -70.7896 19.4288 3.6 1.5 1.2 3.3
2003.2712 -67.4091 21.3162 5.7 1.5 1.2 3.2
2003.2740 -69.0741 20.65 0 1.6 1.1 3.3
2003.2767 -67.4595 20.428 -3.7 1.2 1.0 2.9
2003.2795 -67.9641 22.8705 -3.2 1.2 1.0 2.9
2003.2822 -67.51 22.2043 -9.4 1.2 0.9 2.9
2003.2849 -71.0924 20.65 -5 1.3 1.1 3.1
2003.2877 -70.4869 21.8713 -3.2 1.4 1.0 3.1
2003.2904 -70.3355 19.9839 -0.6 1.4 1.1 3.3
2003.2932 -74.5234 20.9831 -7.1 1.6 1.1 3.5
2003.2959 -72.051 20.761 -7.6 1.3 1.0 2.9
2003.2986 -72.3033 20.8721 -2.4 1.1 0.9 2.7
2003.3014 -70.5373 21.0941 -5.2 1.2 0.9 2.7
2003.3041 -71.5465 21.5382 -0.2 1.4 1.0 2.9
2003.3068 -71.4456 20.2059 -7.9 1.4 1.0 3.0
2003.3096 -75.6839 21.0941 -8.7 1.2 1.0 2.9
2003.3123 -73.0601 21.0941 -5.9 1.5 1.1 3.2
2003.3151 -70.3355 23.0925 -14.4 1.4 1.0 3.0
2003.3178 -73.817 21.3162 -6.8 1.2 1.0 2.9
2003.3205 -69.276 22.0933 -5.3 1.2 0.9 2.8
2003.3233 -74.6243 18.3186 -10.4 1.4 1.0 3.0
2003.3260 -74.3215 21.7602 -8.5 1.3 1.0 2.8
2003.3288 -73.7665 23.2035 -16.6 1.5 1.1 3.2
2003.3315 -76.5416 25.535 -13.8 1.5 1.1 3.3
2003.3342 -72.4042 21.3162 -7.3 1.1 0.9 2.8
2003.3370 -70.6383 20.761 -9.3 1.1 0.9 2.7
2003.3397 -75.1793 20.9831 -8.9 1.1 0.9 2.7
2003.3425 -76.3398 22.7594 -0.1 1.1 0.9 2.7
2003.3452 -77.0462 23.7586 -4.3 1.3 1.0 2.8
2003.3479 -76.8443 24.6468 -2.7 1.7 1.2 3.2
2003.3507 -74.3215 19.5398 -4.6 1.5 1.1 3.0
2003.3534 -74.927 20.539 3.5 1.3 1.0 3.0
2003.3562 -78.0048 23.0925 0 1.5 1.0 3.3
2003.3589 -74.372 24.7578 -3.7 1.3 1.1 2.9
2003.3616 -76.4911 21.4272 1.2 1.2 0.9 2.8
2003.3644 -76.5921 22.4264 -0.4 1.3 1.0 2.9
2003.3671 -74.5738 20.539 3 1.4 1.0 2.9
2003.3699 -79.1149 25.2019 -5.2 1.4 1.0 2.9
2003.3726 -77.7525 23.2035 -7.6 1.1 0.9 2.6
2003.3753 -75.482 21.2051 -3.6 1.1 0.9 2.7
2003.3781 -73.7161 20.428 -7.8 1.1 0.9 2.6
2003.3808 -76.8443 21.8713 -7.4 1.2 0.9 2.8
2003.3890 -81.0826 21.6492 -2.4 1.4 1.0 2.9
2003.3918 -80.2753 22.4264 -6.2 1.3 1.0 3.0
2003.3945 -74.7756 20.761 5.5 1.4 1.0 2.9
2003.3973 -81.8395 23.6476 1.2 1.2 0.9 2.7
2003.4000 -80.0231 24.3137 -2.9 1.2 0.9 2.7
2003.4027 -80.679 22.7594 1.3 1.2 1.0 2.9
2003.4055 -83.8073 24.7578 -5.7 1.7 1.1 3.1
2003.4082 -85.4218 19.0957 2.3 2.2 1.6 3.9
2003.4110 -80.9313 22.6484 -7.2 1.3 1.0 3.0
2003.4137 -80.5276 23.4256 -8.7 1.2 0.9 2.7
2003.4164 -75.5325 24.9799 -20.5 1.2 0.9 2.7
2003.4192 -79.4176 24.6468 -7.3 1.6 1.1 3.3
2003.4219 -82.1927 22.0933 -8.5 1.3 1.0 2.9
2003.4247 -81.234 22.9815 -11.7 1.2 1.0 2.9
2003.4274 -78.9635 20.317 -9.9 1.1 0.9 2.7
2003.4301 -79.2158 23.6476 -8.5 1.3 0.9 2.8
2003.4329 -80.1744 22.0933 -5.9 1.4 0.9 2.8
2003.4356 -79.7203 22.5374 -5.9 1.6 1.0 2.9
2003.4384 -83.8073 24.7578 -4.8 1.3 0.9 2.8
2003.4411 -82.5459 22.4264 -7.1 1.2 0.9 2.7
2003.4438 -81.2845 22.9815 -4.9 1.2 0.9 2.6
2003.4466 -81.6376 25.424 0 1.1 0.9 2.7
2003.4493 -83.7063 18.8737 2.3 1.1 0.9 2.7
2003.4521 -80.7294 18.5406 -2.1 1.4 1.0 2.9
2003.4548 -83.4541 21.6492 -5.5 1.3 0.9 2.7
2003.4575 -83.0504 25.0909 -3.9 1.6 1.2 3.3
2003.4603 -86.431 26.6452 1.9 1.8 1.2 3.4
2003.4630 -87.8437 21.5382 3.9 2.1 1.3 3.7
2003.4658 -84.3623 22.7594 -1.1 1.2 0.9 2.7
2003.4685 -82.5459 23.8697 -19.8 1.2 0.9 2.7
2003.4712 -81.789 22.6484 -11.3 1.3 1.0 2.8
2003.4740 -85.0686 24.6468 -5.2 1.2 0.9 2.7
2003.4767 -84.9677 24.4248 2.9 1.1 0.9 2.6
2003.4795 -87.1878 23.7586 -1.4 1.6 1.1 3.1
2003.4822 -85.8255 22.8705 1.3 1.2 0.9 2.7
2003.4849 -85.8759 24.4248 -5.5 1.3 1.0 2.8
2003.4877 -90.972 24.9799 -2 1.5 1.1 3.0
2003.4904 -87.9951 28.6436 0.3 1.5 1.1 3.0
2003.4932 -87.2887 26.0901 7.4 1.4 1.0 2.8
2003.4959 -82.0413 22.9815 3.9 1.3 1.0 2.8
2003.4986 -86.431 22.2043 -8.7 1.1 0.9 2.7
2003.5014 -84.9677 22.4264 2 1.2 0.9 2.7
2003.5041 -85.5732 25.757 -11 1.2 0.9 2.8
2003.5068 -86.1787 24.9799 -1.4 1.3 1.0 2.9
2003.5096 -90.2656 25.3129 5.8 1.3 0.9 2.7
2003.5123 -88.4997 22.8705 -0.7 1.2 0.9 2.7
2003.5151 -88.651 16.6532 -8.3 1.2 0.9 2.7
2003.5178 -90.1142 24.2027 6.8 1.1 0.9 2.7
2003.5205 -87.3392 25.646 2 1.1 0.9 2.7
2003.5233 -88.2978 26.5342 5.1 1.2 0.9 2.7
2003.5260 -88.0455 26.8672 6.7 2.2 1.5 3.7
2003.5288 -87.3392 21.3162 2.2 1.5 1.0 3.0
2003.5315 -89.4583 25.3129 4.3 1.2 0.9 2.7
2003.5342 -84.6145 21.4272 6.5 1.2 0.9 2.7
2003.5370 -85.9769 25.0909 3.4 1.4 1.0 2.8
2003.5397 -82.1422 26.3121 3.1 1.8 1.3 3.5
2003.5425 -87.1373 22.2043 11.6 1.3 0.9 2.8
2003.5452 -90.7702 23.6476 2.1 1.3 1.0 2.9
2003.5479 -85.4218 24.4248 6.3 1.4 0.9 2.9
2003.5507 -95.4626 24.5358 10 1.2 0.9 2.7
2003.5534 -90.6188 25.3129 13.7 1.2 0.9 2.7
2003.5562 -92.5361 26.4231 -3.3 1.2 0.9 2.6
2003.5589 -89.5592 23.7586 0.6 1.2 0.9 2.6
2003.5616 -91.2747 25.9791 2.6 1.1 0.8 2.6
2003.5644 -92.1829 25.2019 -0.4 1.3 1.0 2.8
2003.5671 -92.1829 27.2003 4.3 1.5 1.1 3.0
2003.5699 -90.3161 24.6468 2 1.6 1.1 3.0
2003.5726 -90.7197 22.7594 0.8 1.4 1.0 2.9
2003.5753 -90.972 26.9783 -5.6 1.5 1.1 3.0
2003.5781 -90.9215 26.5342 1.1 1.4 1.0 2.8
2003.5808 -93.1416 27.7554 3.9 1.5 1.2 3.2
2003.5836 -94.1003 25.757 0.6 1.6 1.0 3.0
2003.5863 -93.4443 25.868 4 1.3 1.0 2.8
2003.5890 -94.2516 27.4223 0 1.3 0.9 2.7
2003.5918 -90.972 25.757 0 1.2 0.9 2.7
2003.5945 -94.1003 29.3097 4 1.1 0.8 2.6
2003.5973 -94.6553 25.424 -4.4 1.5 1.0 3.1
2003.6000 -93.0407 25.535 4.1 1.2 0.9 2.7
2003.6027 -97.0772 27.9775 -1.4 1.4 1.0 2.8
2003.6055 -93.7471 28.3105 2 1.2 0.9 2.7
2003.6082 -91.8802 25.646 1.1 1.2 0.9 2.6
2003.6110 -91.527 24.5358 10.9 1.1 0.9 2.6
2003.6137 -88.9538 26.5342 6.8 1.3 0.9 2.8
2003.6164 -94.5544 23.0925 7.2 1.2 0.9 2.6
2003.6192 -93.3434 26.4231 8.7 1.1 0.8 2.6
2003.6219 -94.1507 27.0893 3.7 1.1 0.8 2.6
2003.6247 -90.9215 28.8656 14.5 2.2 1.5 4.5
2003.6575 -94.6048 28.4215 1.1 1.3 1.0 2.9
2003.6603 -97.6826 27.6444 10.8 1.3 0.9 2.8
2003.6630 -94.0498 27.2003 10.4 1.2 0.9 2.7
2003.6658 -95.2103 27.4223 2.7 1.1 0.8 2.6
2003.6685 -96.9762 28.1995 -0.9 1.2 0.9 2.7
2003.6712 -95.5635 28.0885 -2.4 1.2 0.9 2.7
2003.6740 -94.7562 28.3105 9.7 1.1 0.9 2.7
2003.6767 -96.9258 28.3105 2.8 1.3 0.9 2.8
