1995.5260 0 0 0 1.5 1.1 3.1
1995.5288 -6.33887 -0.999639 -13.3 1.6 1.1 3.1
1995.5315 -2.84603 1.44392 -9.1 1.5 1.0 2.9
1996.4986 -12.8071 -19.6596 0.6 1.6 1.1 3.3
1996.5014 -7.43848 -14.9946 11.3 2.0 1.2 3.7
2004.4521 -70.5685 -205.592 18.5 1.3 0.8 2.6
2004.4548 -68.1106 -204.037 16.2 1.3 0.9 2.7
2004.4575 -66.2348 -204.149 7.1 1.3 0.9 2.7
2004.4603 -67.7872 -206.37 -3.9 1.9 1.3 3.6
2014.5973 -150.516 -437.398 18.1 1.3 0.8 2.5
2014.6000 -148.705 -438.508 20.5 1.3 0.8 2.6
2014.6027 -149.675 -438.953 22.4 1.3 0.8 2.6
2014.6055 -149.028 -439.73 14.3 1.3 0.8 2.5
2014.6082 -150.257 -438.064 15.8 1.3 0.8 2.5
2014.6110 -149.804 -440.619 23.3 1.3 0.8 2.5
