1998.0027 0 0 0 1.7 1.1 3.1
1998.0055 2.20261 11.3301 -1.4 1.6 1.1 3.3
1998.0082 4.87244 4.66533 4.6 1.6 1.0 3.4
1998.0110 3.938 6.10935 7.6 1.8 1.0 3.3
1998.0137 5.00593 0.11108 -3.1 1.7 1.0 3.4
1998.0164 1.13468 0.555396 -0.9 1.7 1.0 3.2
1998.0192 -7.7425 1.99943 -6 1.6 1.0 3.4
1998.0247 1.40166 -0.777554 2.1 1.8 1.1 3.4
1998.0301 9.3444 0.222158 -0.8 1.6 1.0 3.3
1998.0329 -1.66864 3.11022 -4.8 1.8 1.1 3.6
1998.0356 0 1.99943 -13.5 1.7 1.0 3.4
1998.0384 -8.00949 1.77727 -11 1.7 1.0 3.4
1998.0411 2.73657 3.2213 0.8 1.6 1.1 3.4
1998.0438 4.33847 1.33295 -3.2 1.6 1.0 3.2
1998.0466 0.734203 1.11079 -7.9 1.7 1.1 3.3
1998.0493 4.6722 5.3318 -5.9 1.7 1.1 3.6
1998.0521 2.40285 3.77669 -16.7 1.7 1.1 3.3
1998.0548 -5.33966 11.1079 -16.2 9.2 6.9 17.4
1998.0575 -2.06912 -0.444317 11.4 6.8 4.7 16.0
1998.0603 -4.07149 -0.555396 5.4 7.1 5.8 17.6
1998.0630 7.40878 -7.77554 15.7 8.9 6.2 17.7
1998.0658 3.73776 -1.66619 -3.9 8.4 6.3 15.4
1998.0685 -4.53871 0.222158 -8.7 1.7 1.0 3.1
1998.0712 -1.46841 2.77698 -1.4 1.6 1.0 3.2
1998.0740 -1.86888 1.88835 -8.7 1.6 1.0 3.1
1998.0767 1.73539 5.44288 0.4 1.6 1.1 3.3
1998.0795 -2.06912 3.2213 -11.3 1.6 1.1 3.3
1998.0822 1.06793 6.77583 -1.7 1.5 1.0 3.0
1998.0849 0.734203 3.88777 -9.8 1.6 1.0 3.0
1998.0877 0.734203 7.66446 -1.6 1.7 1.0 3.1
1998.0904 1.46841 5.44288 -2.2 1.6 1.0 3.1
1998.0932 -3.67102 4.66533 -4.6 1.5 1.0 3.1
1998.0959 -2.60308 5.8872 -8 1.6 1.1 3.2
1998.1151 -0.600713 5.8872 4 1.8 1.2 3.4
1998.1178 -1.80213 2.77698 -14.5 1.5 1.1 3.2
1998.1205 3.60427 3.44345 -3.9 1.6 1.0 3.1
1998.1233 4.6722 0.999713 -15.1 1.6 1.0 3.1
1998.1260 -0.80095 8.66418 1.7 1.6 1.1 3.1
1998.1288 -4.53871 4.55425 -12.1 1.6 1.1 3.1
1998.1315 1.53515 3.11022 -6.2 1.6 1.1 3.2
1998.1342 -0.133492 1.88835 0.7 1.7 1.2 3.6
1998.1370 -0.266984 4.99856 2.6 1.8 1.1 3.2
1998.1397 -2.3361 3.2213 -3.8 1.5 1.1 3.2
1998.1425 2.26935 4.66533 -5.7 1.5 1.0 3.2
1998.1452 2.66983 3.11022 -0.8 1.6 1.1 3.2
1998.1479 12.4147 -0.222158 -9.9 1.7 1.1 3.1
1998.1507 2.20261 2.77698 -8.1 1.6 1.1 3.1
1998.1534 7.27528 -1.99942 -4.7 1.7 1.1 3.1
1998.1562 8.94393 3.88777 -0.5 1.7 1.1 3.1
1998.1589 2.80332 2.55482 -4.8 1.7 1.1 3.1
1998.1616 7.27528 -0.888633 3.2 1.7 1.1 3.2
1998.1644 -1.13468 5.44288 -4.1 1.6 1.1 3.2
1998.1671 -1.06793 5.10964 -5.4 1.6 1.1 3.1
1998.1699 -4.27173 4.66533 -2 1.6 1.0 3.1
1998.1726 3.00356 5.55396 -1.7 1.6 1.1 3.1
1998.1753 3.27054 4.55425 1.1 1.7 1.1 3.1
1998.1781 2.40285 5.99828 -7.6 1.6 1.0 3.1
1998.1808 2.46959 5.55396 -1.6 1.7 1.0 3.1
1998.1836 1.6019 3.99885 0.6 1.6 1.0 3.2
1998.1863 0.667458 5.3318 -2.6 1.6 1.0 3.0
1998.1890 2.60308 6.66475 -6.5 1.7 1.0 3.3
1998.1918 -3.73776 7.22015 -5.5 1.6 1.0 3.2
1998.1945 -1.33492 8.99741 -7.7 1.7 1.0 3.3
1998.1973 1.93563 6.10935 2.9 1.5 1.0 3.0
1998.2000 4.20498 5.77612 -1.3 1.7 1.1 3.1
1998.2027 2.40285 6.66475 -6.9 1.6 1.0 3.1
1998.2055 2.66983 5.77612 -1 1.6 1.0 3.0
1998.2082 0.400474 6.66475 -1.1 1.7 1.1 3.1
1998.2110 2.53634 8.66418 -6 1.6 1.0 3.0
1998.2137 5.00593 6.77583 -3.5 1.6 1.0 3.0
1998.2164 0.600711 7.22015 1.5 1.6 1.0 3.2
1998.2192 4.00474 9.77497 -1.7 1.6 1.0 3.0
1998.2219 2.46959 5.22072 5.1 1.5 1.0 3.1
1998.2247 3.0703 6.66475 -8 1.5 1.0 3.1
1998.2274 0.467219 8.10878 -9.3 1.7 1.1 3.1
1998.2301 2.3361 8.44202 -12.3 1.5 1.0 3.0
1998.2329 4.00474 9.55281 -7.3 1.5 1.0 3.0
1998.2356 4.87244 7.33123 -9.3 1.7 1.1 3.1
1998.2384 0.93444 8.88633 -8.2 1.5 1.0 3.0
1998.2411 4.73895 5.66504 -4.3 1.6 1.1 3.0
1998.2438 0.266982 6.33151 -11.6 1.5 1.1 3.0
1998.2466 3.53752 3.44345 -8.8 1.7 1.0 3.0
1998.2493 3.27054 8.21986 -3.9 1.5 1.0 3.0
1998.2521 2.93681 12.1076 -4 1.5 1.0 3.1
1998.2548 3.47078 8.77526 -2.7 1.6 1.0 2.9
1998.2575 1.13468 8.33094 -9.9 1.4 1.0 3.0
1998.2603 3.2038 6.55367 -12.8 1.6 1.0 3.1
1998.2630 4.53871 7.88662 1 1.7 1.1 3.1
1998.2658 0.066745 10.7747 -5.7 1.7 1.1 3.1
1998.2685 5.20617 7.10907 -10.1 1.5 1.0 3.0
1998.2712 -0.333729 6.66475 -7.4 1.5 1.0 3.0
1998.2740 -3.938 5.8872 -2.3 1.5 1.0 3.0
1998.2767 3.0703 9.33065 -7.1 1.7 1.1 3.1
1998.2795 1.06793 12.3298 -1.6 1.6 1.0 3.1
1998.2822 1.06793 11.6633 -11.6 1.5 1.0 3.1
1998.2849 -2.00237 9.55281 -7.4 1.5 1.0 3.0
1998.2877 -0.333729 7.88662 2.4 1.7 1.3 3.5
1998.2904 2.40285 7.4423 -10.1 1.7 1.1 3.2
1998.2932 1.20142 6.99799 -14.6 1.5 1.0 3.1
1998.2986 -3.00356 7.88662 -15.9 2.0 1.3 3.7
1998.3014 2.26935 4.55425 -9.8 1.6 1.0 3.0
1998.3041 -1.93563 10.1082 -9.5 1.6 1.0 3.0
1998.3068 -2.66983 7.55338 -6.6 1.6 1.0 2.9
1998.3096 -2.3361 13.1073 -16.2 1.6 1.0 3.0
1998.3123 1.26817 7.4423 -6 1.6 1.0 2.9
1998.3151 0.266982 8.5531 -12.5 1.6 1.0 2.9
1998.3178 -1.26817 9.55281 -9.1 1.6 1.0 3.0
1998.3205 -3.60427 10.2193 -7.6 1.6 1.0 3.1
1998.3233 -1.86888 10.3304 -13.2 1.5 1.0 2.9
1998.3260 -2.46959 7.9977 -14 1.6 1.0 3.2
1998.3288 -1.40166 9.99713 -11.1 1.6 1.0 3.0
1998.3315 -2.46959 8.5531 -10.2 1.6 1.0 3.0
1998.3342 -1.06793 10.9968 -13.4 1.6 1.0 3.1
1998.3370 1.33491 8.5531 -7.7 1.6 1.0 3.0
1998.3397 1.06793 6.22043 -7.8 1.7 1.0 3.0
1998.3425 4.00474 7.88662 -10.5 1.5 1.0 3.0
1998.3452 -0.867695 6.88691 -14.8 1.7 1.0 3.2
1998.3479 0.533966 10.6636 -13.5 1.7 1.0 3.3
1998.3507 -1.93563 8.33094 -7.3 1.7 1.0 3.3
1998.3534 -2.13586 6.55367 -5.3 1.6 1.0 3.0
1998.3562 -0.80095 8.44202 -11.3 1.6 1.0 3.0
1998.3589 3.33729 10.6636 -13.3 1.6 1.0 3.1
1998.3616 0.133492 8.44202 -9.2 1.6 1.0 3.1
1998.3644 -4.20498 10.7747 -15.4 1.6 1.0 3.1
1998.3671 -4.20498 11.1079 -9.1 1.6 1.0 3.2
1998.3699 0.266982 8.21986 -8.6 1.6 1.0 3.1
1998.3726 -0.0667469 10.8858 -11.2 1.7 1.0 3.0
1998.3753 1.13468 8.99741 -3.5 1.7 1.0 3.1
1998.3781 0.066745 11.6633 -6.8 1.7 1.0 3.2
1998.3808 -3.938 11.5522 -9.9 1.7 1.0 3.2
1998.3836 0.400474 10.6636 -6.6 1.7 1.0 3.1
1998.3863 0.533966 9.55281 -5.4 1.6 1.0 3.1
1998.3890 0.467219 12.3298 -4.8 1.7 1.0 3.1
1998.3918 0.867695 7.4423 -9.9 1.8 1.0 3.3
1998.3945 1.66864 11.7744 -2.1 1.7 1.0 3.2
1998.3973 0.93444 11.8855 -2.9 1.7 1.0 3.1
1998.4000 1.33491 12.2187 -4.7 1.7 1.0 3.1
1998.4027 1.20142 10.7747 -4.4 1.6 1.0 3.2
1998.4055 1.53515 8.10878 3.9 1.7 1.0 3.2
1998.4082 0.867695 13.8849 5.7 2.0 1.0 3.4
1998.4110 3.73776 11.8855 -7.5 1.7 1.0 3.1
1998.4137 4.40522 7.33123 -1.7 1.6 1.0 3.1
1998.4192 2.46959 12.663 2.6 1.6 1.0 3.0
1998.4219 6.60783 11.7744 8.5 1.7 1.0 3.1
1998.4247 5.13942 9.10849 -4 1.8 1.0 3.0
1998.4274 2.60308 7.10907 -7.5 1.8 1.0 3.0
1998.4301 2.53634 10.4414 -2.1 1.7 1.0 3.1
1998.4329 7.40878 9.55281 -3.4 1.6 1.0 3.1
1998.4356 -1.26817 10.7747 -1.2 1.7 1.0 3.2
1998.4384 4.33847 7.66446 -6.9 1.6 1.0 3.1
1998.4411 7.34203 8.33094 -9.9 1.7 1.0 3.2
1998.4438 1.53515 6.66475 -10.6 1.6 1.0 3.1
1998.4466 7.20854 6.77583 -8.8 1.7 1.0 3.2
1998.4493 1.00118 6.99799 -4.8 1.6 1.0 3.1
1998.4521 7.0083 7.66446 -7.3 1.8 1.0 3.2
1998.4548 5.07267 9.88605 -14.6 1.9 1.0 3.4
1998.4575 5.20617 8.88633 -14.4 2.0 1.1 3.4
1998.4603 4.20498 10.8858 -12.1 1.6 1.0 3.1
1998.4630 1.46841 7.88662 -10.7 1.7 1.0 3.1
1998.4658 -0.400474 6.99799 -9.3 1.8 1.1 3.2
1998.4685 3.27054 8.21986 -9.9 1.7 1.0 3.1
1998.4712 1.26817 10.1082 -11.1 1.7 1.0 3.2
1998.4740 1.53515 7.77554 -2.4 1.7 1.0 3.3
1998.4767 1.86888 7.10907 -9.1 1.7 1.0 3.2
1998.4795 5.27291 10.4414 -13 1.8 1.0 3.3
1998.4822 5.87362 8.99741 -9.3 1.8 1.0 3.2
1998.4849 3.67101 8.10878 -4.3 1.7 1.0 3.3
1998.4877 5.94037 8.99741 -4.7 1.9 1.1 3.4
1998.4932 6.2741 4.33209 -7.8 1.7 1.0 3.2
1998.4959 2.3361 5.8872 -1.9 1.6 1.0 3.1
1998.4986 7.0083 4.66533 1.1 1.7 1.1 3.4
1998.5014 8.87718 6.44259 2.1 1.8 1.0 3.2
1998.5041 3.80451 4.10993 2.2 1.7 1.0 3.1
1998.5068 0 2.1105 -3.4 1.7 1.0 3.0
1998.5096 6.2741 -1.44403 -1 1.8 1.0 3.1
1998.5123 5.80688 3.33238 -8.6 1.7 1.0 3.3
1998.5151 10.9463 1.44403 -1.4 1.8 1.0 3.3
1998.5178 -0.467221 7.4423 -8.2 1.9 1.1 3.5
1998.5205 -2.40285 8.21986 -7.5 2.1 1.3 4.3
1998.5288 2.80332 6.10935 3.5 2.5 1.5 4.7
1998.5315 6.34084 5.3318 -1.8 2.3 1.3 4.3
1998.5342 12.9487 4.66533 -5.1 2.3 1.2 4.1
1998.5370 -1.06793 1.88835 0.9 1.5 1.0 3.2
1998.5397 3.00356 3.66561 8.8 1.4 0.9 2.9
1998.5425 5.00593 2.22158 7.2 1.4 0.9 2.8
1998.5452 -1.20142 3.2213 -1 1.4 0.9 2.9
1998.5479 2.40285 6.99799 -6.4 1.4 0.9 2.7
1998.5534 -5.94037 6.99799 -2.4 1.4 0.9 2.9
1998.5562 -6.67457 5.77612 -3.2 1.4 1.0 2.9
1998.5589 -1.40166 3.88777 1.7 1.4 1.0 3.0
1998.5616 3.47078 5.77612 -3.6 1.4 0.9 2.9
1998.5671 -1.00119 1.99943 7.1 1.5 0.9 3.0
1998.5699 7.27528 1.22187 3.7 1.5 1.0 3.1
1998.5726 4.13823 4.22101 -0.5 1.5 1.0 3.1
1998.5753 3.60427 2.6659 2.1 1.4 1.0 3.0
1998.5781 4.00474 2.22158 -0.9 1.4 1.0 3.0
1998.5808 1.73539 1.99943 -6.4 1.4 1.0 3.1
1998.5836 2.06912 4.88748 -3.1 1.5 1.0 3.2
1998.5863 -0.867695 2.99914 -4.5 1.4 0.9 2.9
1998.5890 5.33966 5.3318 13.5 1.5 1.0 3.1
1998.5945 5.60664 2.77698 -1.8 1.4 1.0 2.9
1998.5973 11.7472 0 -11.9 3.5 1.5 5.7
1998.6000 1.53515 -0.777554 26.9 2.7 1.3 4.8
1998.6027 -3.0703 5.77612 11.3 2.8 1.4 5.1
1998.6055 -6.34085 4.88748 -2 3.1 1.5 5.9
1998.6082 -4.07149 5.99828 9 2.9 1.4 5.2
1998.6110 2.13586 6.55367 11.2 2.8 1.4 5.2
1998.6192 3.00356 2.55482 -2.4 2.5 1.3 4.2
1998.6219 1.6019 4.22101 -4.9 2.5 1.3 4.4
1998.6247 -0.333729 4.33209 1.9 1.6 1.0 3.1
1998.6274 8.74369 2.99914 2 2.7 1.4 4.5
1998.6301 3.00356 2.6659 7.4 1.5 1.0 3.0
1998.6356 -0.533966 8.21986 82.3 2.8 1.4 5.2
1998.6384 4.20498 4.7764 82.6 2.3 1.3 5.0
1998.6438 -4.07149 5.99828 73.8 2.7 1.4 5.1
1998.6466 -2.66983 7.55338 81 2.9 1.5 5.5
1998.6521 -1.80213 5.55396 73.8 3.6 1.7 6.6
1998.6548 -4.33847 8.99741 61.2 4.0 1.7 6.8
1998.6575 -6.14061 8.44202 63.1 4.0 1.7 7.1
1998.6603 -9.87837 10.1082 55.7 4.6 1.9 8.5
1998.6685 -1.26817 11.219 67.2 4.3 1.9 7.3
1998.6712 5.07267 12.8852 78.5 3.2 1.8 7.7
1998.6767 -2.93681 9.33065 62.3 4.7 2.0 8.3
1998.6795 -1.73539 10.9968 74.1 4.3 1.8 8.0
1998.6822 -8.54345 9.33065 66 4.4 1.9 8.2
1998.6904 2.26935 4.10993 -3 2.8 1.3 4.7
1998.7096 3.47078 5.8872 -1.9 1.6 1.1 3.5
1998.7123 0.066745 0.555396 -1.3 3.1 1.5 5.8
1998.7205 1.73539 1.44403 2.1 3.2 1.6 5.1
1998.7260 -1.06793 1.44403 11.5 1.7 1.3 3.8
1998.7288 8.94393 3.88777 6.1 3.3 1.5 5.0
1998.7315 -3.0703 5.44288 4.6 3.4 1.6 5.5
1998.7342 3.33729 4.10993 7.1 3.3 1.5 5.4
1998.7370 5.4064 2.88806 10.7 2.9 1.5 5.4
1998.7397 2.3361 1.99943 1.2 3.5 1.6 5.4
1998.7425 5.4064 1.44403 -4.2 3.3 1.5 5.5
1998.7562 12.6817 -2.77698 -0.4 5.0 2.4 7.4
1998.7644 -2.93681 -0.555396 -2.4 2.7 1.3 4.4
1998.7671 8035.38 -1582.54 -583.2 1.8 1.2 3.4
1998.7699 -4.40522 0.666475 10.8 1.5 1.0 3.1
1998.7726 -2.80332 -2.88806 14.2 1.5 1.0 3.1
