2005.5370 0 0 0 1.1 0.9 3.1
2005.5397 -4.11962 -1.99781 3.9 1.0 0.9 2.9
2005.5425 -0.231006 -0.887917 -3.2 1.3 1.0 3.1
2005.5452 2.46407 -2.55276 -2.4 1.4 1.1 3.2
2007.5068 14.3994 -48.8354 -17.8 1.3 1.0 3.1
2007.5096 15.1309 -42.842 -1.4 1.0 0.9 2.9
2007.5123 14.9769 -45.0618 -1.2 1.1 0.9 2.9
2007.5151 14.0529 -44.5068 -0.3 1.0 0.9 2.9
2007.5178 15.7855 -41.9541 -7.3 1.1 1.0 3.1
2009.6000 22.0996 -89.9015 -15.8 1.2 0.9 3.2
2009.6027 21.5221 -88.1257 -20.7 1.1 0.9 2.9
2009.6055 28.9528 -92.4543 -15.1 1.1 0.9 2.9
2009.6082 20.9831 -89.0136 -14.3 1.1 0.9 2.9
2009.6110 24.7562 -90.3455 -13.6 1.1 0.9 2.9
