2003.4548 0 0 0 2.0 1.5 4.2
2003.4575 8.37018 -6.21748 4.2 2.4 1.4 4.2
2003.7808 -11.2296 -5.32927 16.8 1.2 0.9 2.9
2003.7836 -9.20199 -8.99313 8.6 1.3 1.0 3.0
2004.3973 -22.6151 -12.657 1.5 1.3 1.0 3.0
2004.4000 -25.0065 -12.9901 -6.3 1.4 1.0 3.1
2004.8000 -26.9821 -19.4296 18.4 1.2 0.9 2.7
2004.8027 -21.8872 -18.7635 27.5 1.3 1.0 2.9
2006.5233 -63.6861 -53.8478 38.5 1.9 1.1 3.7
2006.5260 -61.2426 -55.2911 32 1.8 1.1 3.5
2006.5288 -62.5944 -51.5162 29.9 1.9 1.1 3.7
2006.5315 -53.1844 -49.8508 32.9 2.3 1.1 4.0
2007.4110 -75.6435 -60.0653 23.2 1.5 1.0 3.0
2007.4137 -75.6435 -60.1763 27.1 1.5 1.0 2.9
2007.4164 -70.0807 -58.3999 20.4 1.6 1.1 3.2
2012.6055 -171.355 -137.118 33.9 1.6 1.1 3.5
2012.6082 -169.067 -134.564 21.8 1.5 1.0 3.2
2012.6110 -175.774 -137.118 16.5 1.6 1.1 3.4
2014.7781 -209.15 -166.206 29.2 1.5 1.1 3.2
2014.7808 -211.802 -166.095 12.9 1.5 1.0 3.3
2014.7836 -208.734 -163.209 29.3 1.3 1.0 3.1
2014.7863 -204.471 -167.539 33.7 1.5 1.1 3.4
2014.7890 -200.988 -165.096 28.2 1.3 1.0 2.9
2015.5808 -228.75 -177.087 11.9 1.7 1.1 4.1
2015.5836 -222.252 -176.643 22.6 1.7 1.1 3.9
2015.5863 -230.518 -176.199 7.1 1.9 1.2 4.3
2016.4986 -240.604 -186.635 4.5 1.7 1.2 4.1
2016.5014 -247.102 -185.081 3.2 1.7 1.2 4.3
2016.5041 -242.891 -187.968 18.7 1.7 1.1 3.9
2016.5068 -246.426 -187.968 11.3 1.7 1.1 4.1
2016.5096 -246.53 -180.64 -0.5 3.9 2.3 8.6
2017.6685 -258.592 -200.403 38.5 2.2 1.5 4.9
2017.6712 -257.084 -203.178 34 1.7 1.1 3.7
2017.6740 -263.687 -204.844 28.8 1.6 1.1 3.5
2019.3753 -286.925 -229.158 6.5 1.6 1.1 3.6
2019.3781 -281.571 -230.047 5.3 1.7 1.2 3.8
2020.5370 -333.195 -251.253 33.5 2.0 1.3 4.4
2020.5397 -326.541 -254.806 35.7 2.2 1.5 4.9
