2019.8904 0 0 0 1.2 0.9 2.7
2019.8932 2.9341 -0.222061 10.1 1.2 0.8 2.5
2019.8959 -2.61402 -0.666183 -1.9 1.2 0.8 2.5
2019.8986 -3.46757 -0.555153 -0.7 1.2 0.8 2.5
2019.9014 -4.10774 0.555154 -10.1 1.1 0.8 2.5
2019.9041 -6.93515 0.111031 -9.4 1.1 0.8 2.5
2019.9068 -1.12029 -0.888245 -6.1 1.1 0.8 2.5
2019.9096 -4.26778 0.888245 -7.4 1.2 0.8 2.6
2019.9123 -1.44038 -0.999276 -3.9 1.1 0.8 2.5
2019.9151 -2.88075 -1.33237 -6.2 1.2 0.8 2.5
2019.9178 -0.533473 -0.11103 -8.2 1.2 0.8 2.5
2019.9205 -7.73536 0.111031 -7 1.1 0.8 2.5
2019.9233 -5.9749 -0.333092 -15.2 1.1 0.8 2.5
2019.9260 -3.78766 -0.666183 -14.6 1.1 0.8 2.5
2019.9288 -3.89435 0.888245 -14 1.1 0.8 2.5
2019.9315 -1.86716 -0.222061 -11.7 1.1 0.8 2.5
2019.9342 -2.56067 -1.22134 -14.3 1.1 0.8 2.5
2019.9370 -0.853557 0.333092 -13.4 1.1 0.8 2.6
2019.9397 -3.20084 2.8868 0 1.1 0.8 2.6
2019.9425 -7.25523 1.4434 5.1 1.1 0.8 2.6
2019.9452 -2.66737 -0.666183 -6.4 1.1 0.8 2.5
2019.9479 -2.0272 -1.11031 -4.1 1.1 0.8 2.5
2019.9507 -3.09414 -1.33237 -9.3 1.1 0.8 2.5
2019.9534 -2.77406 -1.33237 -12.7 1.2 0.8 2.6
2019.9562 -0.693515 1.4434 -12.8 1.1 0.8 2.6
2019.9589 -2.72071 -1.55443 -3.7 1.1 0.8 2.5
2019.9616 -0.693515 -0.222061 -8.8 1.1 0.8 2.5
2019.9644 -2.34728 1.4434 1 1.1 0.8 2.5
2019.9671 -6.50837 0.444123 -3 1.1 0.8 2.5
2019.9699 -3.89435 0.444123 -4.6 1.1 0.8 2.5
2019.9726 -3.68096 -2.22061 -1 1.1 0.8 2.5
2019.9753 -3.89435 0.666184 -1.6 1.1 0.8 2.5
2019.9781 -2.82741 1.33237 6.1 1.1 0.8 2.5
2019.9808 -5.65481 -0.444123 5 1.1 0.8 2.5
2019.9836 -3.9477 -0.555153 1.6 1.1 0.8 2.5
2019.9863 -8.909 -1.99855 3.3 1.1 0.8 2.5
2019.9890 -6.66841 0.555154 4.2 1.1 0.8 2.4
2019.9918 -4.32113 -1.22134 5.4 1.1 0.8 2.5
2019.9945 -7.14854 -0.666183 4.3 1.1 0.8 2.5
2019.9973 -5.17469 -0.777214 8 1.1 0.8 2.5
2020.0000 -6.08159 -1.88752 5.3 1.1 0.8 2.5
2020.0027 -6.50837 -1.77649 17.3 1.1 0.8 2.5
2020.0055 -6.72176 0.888245 13.7 1.1 0.8 2.5
2020.0082 -4.64122 1.55443 16 1.1 0.8 2.5
2020.0110 -6.66841 -0.999276 14.7 1.1 0.8 2.5
2020.0137 -4.26778 0.111031 12.6 1.1 0.8 2.5
2020.0164 -4.8546 1.55443 20.7 1.1 0.8 2.5
2020.0192 -2.82741 1.11031 16.6 1.1 0.8 2.5
2020.0219 -0.853557 0.222061 12.1 1.1 0.8 2.5
2020.0247 -3.62762 -1.11031 14.8 1.2 0.8 2.6
2020.0274 -4.58787 -0.888245 13.5 1.1 0.8 2.6
2020.0301 -4.10774 -1.33237 12.3 1.1 0.8 2.5
2020.0329 -3.36088 -1.77649 19.8 1.1 0.8 2.5
2020.0356 -3.89435 -2.10958 12.1 1.1 0.8 2.5
2020.0384 -3.52092 0.111031 11.2 1.1 0.8 2.5
2020.0411 -3.52092 -0.999276 16.6 1.1 0.8 2.5
2020.0438 -4.16109 -0.444123 15.7 1.1 0.8 2.6
2020.0466 -4.8546 0.555154 29.7 1.1 0.8 2.5
2020.0493 -3.20084 1.11031 21.6 1.1 0.8 2.5
2020.0521 -3.52092 0.999277 23.4 1.1 0.8 2.5
2020.0548 -2.77406 0 25.7 1.1 0.8 2.5
2020.0575 -3.62762 -0.444123 14.5 1.1 0.8 2.5
2020.0603 -2.9341 1.11031 16.1 1.1 0.8 2.5
2020.0630 -4.90795 1.88752 14 1.1 0.8 2.5
2020.0658 -2.40063 1.99855 13.2 1.1 0.8 2.5
2020.0685 -3.09414 1.11031 12.5 1.1 0.8 2.5
2020.0712 -2.72071 -1.55443 10.9 1.1 0.8 2.5
2020.0740 -4.74791 -0.666183 18.8 1.1 0.8 2.4
2020.0767 -6.18829 -0.11103 22.6 1.1 0.8 2.5
2020.0795 -4.64122 1.66546 28.8 1.1 0.8 2.4
2020.0822 -5.8682 -0.11103 28.4 1.1 0.8 2.5
2020.0849 -4.8546 1.33237 25.3 1.1 0.8 2.5
2020.0877 -1.0136 0.777215 21.8 1.1 0.8 2.5
2020.0904 -4.8546 1.99855 24.5 1.1 0.8 2.4
2020.0932 -4.69456 1.22134 27.3 1.1 0.8 2.4
2020.0959 -5.76151 0.333092 31.7 1.1 0.8 2.4
2020.0986 -4.05439 0.555154 30.8 1.1 0.8 2.5
2020.1014 -5.28138 2.44268 29.2 1.1 0.8 2.5
2020.1041 -4.37448 1.4434 30 1.1 0.8 2.5
2020.1068 -5.22804 4.10814 25.5 1.1 0.8 2.5
2020.1096 -5.8682 0.444123 24.3 1.1 0.8 2.5
2020.1123 -6.18829 0.555154 22.3 1.1 0.8 2.5
2020.1151 -3.62762 2.8868 26.5 1.1 0.8 2.5
2020.1178 -5.28138 1.88752 32.4 1.1 0.8 2.4
2020.1205 -5.65481 0 22.4 1.1 0.8 2.5
2020.1233 -6.66841 3.55298 25.4 1.1 0.8 2.5
2020.1260 -3.41423 1.4434 33 1.1 0.8 2.5
2020.1288 -4.42783 0.444123 28.8 1.1 0.8 2.5
2020.1315 -6.02824 0.555154 31.7 1.1 0.8 2.5
2020.1342 -2.61402 -2.10958 23.3 1.1 0.8 2.5
2020.1370 -4.80126 0.111031 17.6 1.1 0.8 2.5
2020.1397 -8.10879 1.55443 22.4 1.1 0.8 2.6
2020.1425 -5.54812 0.777215 28 1.1 0.8 2.5
2020.1452 -7.52197 3.77504 17.6 1.1 0.8 2.5
2020.1479 -6.02824 2.10958 14.5 1.1 0.8 2.4
2020.1507 -6.93515 1.33237 16.8 1.1 0.8 2.4
2020.1534 -6.72176 2.77577 16.2 1.1 0.8 2.5
2020.1562 -8.0021 1.77649 20.5 1.1 0.8 2.4
2020.1589 -6.24163 2.10958 19.9 1.1 0.8 2.4
2020.1616 -6.8818 0.444123 20.5 1.1 0.8 2.4
2020.1644 -5.44142 0.111031 16.4 1.1 0.8 2.4
2020.1671 -4.48117 0.111031 21.6 1.1 0.8 2.4
2020.1699 -5.06799 1.99855 13.2 1.1 0.8 2.5
2020.1726 -6.9885 2.8868 17.7 1.1 0.8 2.4
2020.1753 -7.78871 1.77649 21 1.1 0.8 2.4
2020.1781 -7.62866 3.10886 19.4 1.1 0.8 2.4
2020.1808 -6.40168 0.777215 15.9 1.1 0.8 2.5
2020.1836 -4.37448 0.444123 13.4 1.1 0.8 2.4
2020.1863 -5.76151 1.11031 17.6 1.1 0.8 2.4
2020.1890 -7.68201 1.4434 13.4 1.1 0.8 2.4
2020.1918 -7.41527 2.10958 18.7 1.1 0.8 2.5
2020.1945 -9.38913 3.21989 12.9 1.1 0.8 2.5
2020.1973 -7.20189 1.77649 8.2 1.1 0.8 2.5
2020.2000 -7.68201 3.10886 9.4 1.1 0.8 2.5
2020.2027 -8.909 1.66546 11.9 1.1 0.8 2.5
2020.2055 -10.296 1.88752 15.1 1.1 0.8 2.5
2020.2082 -8.26883 1.11031 11.8 1.1 0.8 2.5
2020.2110 -5.76151 -0.222061 17.3 1.1 0.8 2.6
2020.2137 -7.68201 1.11031 16.8 1.1 0.8 2.6
2020.2164 -6.29498 1.77649 17.2 1.3 0.9 2.8
2020.2192 -4.8546 1.99855 10 1.2 0.9 2.7
2020.2219 -6.40168 -1.11031 15.7 1.2 0.9 2.6
2020.2247 -7.57532 0.333092 7.9 1.1 0.8 2.6
2020.2274 -6.13494 2.10958 3.1 1.1 0.8 2.6
2020.2301 -8.05544 2.77577 9.9 1.2 0.8 2.6
2020.2329 -9.97595 2.99783 8.9 1.2 0.8 2.6
2020.2356 -11.7898 0.666184 7.7 1.1 0.8 2.6
2020.2384 -5.8682 -0.666183 14.3 1.2 0.8 2.6
2020.2411 -5.12134 0.666184 11 1.1 0.8 2.6
2020.2438 -4.16109 0.666184 22.1 1.2 0.8 2.6
2020.2466 -6.13494 -0.333092 14.2 1.1 0.8 2.6
2020.2493 -9.01569 0.777215 6.7 1.2 0.8 2.5
2020.2521 -8.74896 0.111031 14.2 1.2 0.8 2.6
2020.2548 -6.02824 0.222061 8.7 1.2 0.8 2.6
2020.2575 -7.36193 -0.11103 5.8 1.2 0.8 2.6
2020.2603 -5.17469 1.55443 15.8 1.2 0.8 2.6
2020.2630 -5.38808 0.555154 16.6 1.2 0.8 2.6
2020.2658 -7.57532 -0.222061 21.6 1.2 0.8 2.6
2020.2685 -5.54812 0.333092 20.1 1.1 0.8 2.6
2020.2712 -5.70816 1.33237 18.3 1.2 0.8 2.6
2020.2740 -6.72176 0.222061 13.3 1.2 0.8 2.6
2020.2767 -5.33473 1.22134 16 1.2 0.8 2.5
2020.2795 -6.08159 2.10958 15.8 1.2 0.8 2.6
2020.2822 -5.81486 0.444123 18.7 1.2 0.9 2.6
2020.2849 -6.34833 0.777215 20.1 1.2 0.9 2.6
2020.2877 -3.52092 0.666184 12 1.2 0.8 2.6
2020.2904 -5.8682 1.22134 15.9 1.2 0.8 2.6
2020.2932 -5.49477 0.333092 16 1.2 0.8 2.7
2020.2959 -5.28138 2.8868 11.4 1.2 0.8 2.6
2020.2986 -3.46757 0.555154 20.1 1.2 0.8 2.6
2020.3014 -5.54812 2.55371 13.3 1.2 0.8 2.6
2020.3041 -4.21444 2.99783 9.9 1.4 0.9 2.6
2020.3068 -7.20189 3.55298 13.6 1.2 0.8 2.6
2020.3096 -7.25523 1.66546 12.3 1.2 0.8 2.6
2020.3123 -5.44142 2.77577 12.4 1.2 0.9 2.6
2020.3151 -5.92155 0.666184 9.8 1.2 0.9 2.6
2020.3178 -5.38808 1.33237 10.1 1.2 0.8 2.6
2020.3205 -6.93515 3.44195 8.9 1.2 0.8 2.6
2020.3233 -4.00105 3.44195 12.3 1.2 0.8 2.6
2020.3260 -6.8818 3.21989 7 1.2 0.8 2.6
2020.3288 -5.9749 3.21989 5.1 1.2 0.8 2.6
2020.3315 -4.9613 3.66401 0.6 1.2 0.8 2.6
2020.3342 -6.02824 3.55298 -7.3 1.2 0.8 2.6
2020.3370 -4.9613 7.55009 -4.7 1.2 0.8 2.6
2020.3397 -8.80231 4.10814 -5.5 1.2 0.8 2.6
2020.3425 -11.3096 4.21917 -5.3 1.2 0.8 2.6
2020.3452 -8.53557 1.99855 -10.9 1.2 0.9 2.7
2020.3479 -9.60251 -0.555153 -15 1.2 0.8 2.6
2020.3507 -8.48222 1.55443 -15.2 1.2 0.8 2.6
2020.3534 -12.1632 -2.44267 -4.8 1.2 0.9 2.7
2020.3562 -11.4697 -0.555153 -17.4 1.2 0.8 2.7
2020.3589 -8.64226 -1.55443 -14.5 1.2 0.8 2.7
2020.3616 -10.5628 -1.33237 -10 1.1 0.8 2.6
2020.3644 -10.9895 -1.99855 -13.9 1.2 0.8 2.6
2020.3671 -8.05544 0.444123 -10.3 1.2 0.8 2.6
2020.3699 -8.42887 1.77649 -10.5 1.2 0.8 2.6
2020.3726 -10.136 1.33237 -15.7 1.2 0.8 2.6
2020.3753 -10.7762 1.55443 -11.8 1.2 0.8 2.6
2020.3781 -10.5628 1.99855 -9 1.2 0.8 2.6
2020.3808 -9.28243 1.22134 -9.8 1.2 0.8 2.6
2020.3836 -9.12239 3.55298 -14.5 1.2 0.8 2.6
2020.3863 -10.6695 0 -17.4 1.2 0.8 2.6
2020.3890 -8.85565 0.777215 -15.4 1.2 0.8 2.6
2020.3918 -12.3766 -3.55298 -18 1.2 0.8 2.7
2020.3945 -11.2029 0.777215 -9.2 1.2 0.8 2.6
2020.3973 -11.0962 -2.22061 -5.7 1.2 0.8 2.7
2020.4000 -10.1893 -0.555153 -11.4 1.2 0.8 2.7
2020.4027 -11.9498 -0.555153 -12.6 1.2 0.8 2.6
2020.4055 -10.9362 -0.444123 -12.2 1.2 0.8 2.7
2020.4082 -12.91 -0.444123 -9.3 1.2 0.9 2.7
2020.4110 -12.59 0.222061 -11.8 1.2 0.8 2.7
2020.4137 -11.4163 0.555154 -5.8 1.2 0.9 2.7
2020.4164 -10.3494 0 -8.3 1.2 0.9 2.7
2020.4192 -13.2301 -1.99855 -5.7 1.2 0.8 2.7
2020.4219 -14.6172 -0.999276 1.8 1.2 0.9 2.7
2020.4247 -11.6831 -2.22061 -6.2 1.2 0.9 2.7
2020.4274 -11.5764 -1.99855 -9.2 1.3 0.9 2.8
2020.4301 -10.6161 -1.77649 -17 1.2 0.9 2.7
2020.4329 -13.7636 -0.555153 -15.1 1.2 0.9 2.7
2020.4356 -16.1642 -1.66546 -6.2 1.2 0.9 2.7
2020.4384 -11.2029 -2.10958 -12.4 1.2 0.9 2.7
2020.4411 -13.9236 -3.77504 -8.4 1.2 0.9 2.8
2020.4438 -11.8964 -3.55298 -10.3 1.2 0.9 2.8
2020.4466 -13.1234 -1.66546 -13.4 1.2 0.9 2.7
2020.4493 -8.37553 -0.555153 -17.2 1.2 0.9 2.7
2020.4521 -14.4571 0.999277 -11.6 1.2 0.9 2.7
2020.4548 -15.5241 -3.88607 -3.2 1.2 0.9 2.7
2020.4575 -11.2563 0.222061 -6.3 1.2 0.9 2.7
2020.4603 -9.38913 0.333092 -5.4 1.2 0.9 2.7
2020.4630 -11.4697 -0.666183 -22 1.2 0.8 2.7
2020.4658 -10.296 0.222061 -20.6 1.2 0.9 2.7
2020.4685 -11.523 -2.44267 -4.3 1.2 0.9 2.7
2020.4712 -12.91 -4.21917 -8.2 1.2 0.9 2.7
2020.4740 -12.8034 -2.77577 -17.7 1.2 0.9 2.7
2020.4767 -10.6695 -2.33164 -3.9 1.2 0.9 2.7
2020.4795 -13.2835 -3.9971 -10.1 1.2 0.9 2.7
2020.4822 -12.75 -3.77504 -15.8 1.2 0.9 2.7
2020.4849 -13.7103 -3.21989 -8.8 1.2 0.9 2.7
2020.4877 -12.91 -3.55298 -7.6 1.2 0.9 2.8
2020.4904 -12.1098 -3.9971 -9 1.2 0.9 2.8
2020.4932 -9.28243 -4.55226 -9.8 1.2 0.9 2.8
2020.4959 -15.6841 -4.88535 -6.4 1.2 0.9 2.8
2020.4986 -14.0837 -1.77649 -10.8 1.2 0.9 2.8
2020.5014 -10.0826 -2.99783 -9.1 1.2 0.9 2.7
2020.5041 -8.74896 -4.55226 -7.9 1.2 0.9 2.8
2020.5068 -11.5764 -4.55226 -5.6 1.2 0.9 2.7
2020.5096 -9.97595 -4.10814 -13.3 1.2 0.9 2.7
2020.5123 -9.22908 -5.4405 -5.6 1.2 0.9 2.7
2020.5151 -14.6172 -7.32802 -5.4 1.2 0.9 2.7
2020.5178 -12.9634 -2.55371 -10.9 1.2 0.9 2.8
2020.5205 -8.74896 -7.55009 -5.9 1.2 0.9 2.7
2020.5233 -13.1768 -4.77432 3 1.2 0.9 2.8
2020.5260 -11.4163 -5.4405 -4 1.2 0.9 2.7
2020.5288 -7.36193 -8.43833 -1.2 1.2 0.9 2.8
2020.5315 -13.2835 -1.88752 -5.4 1.2 0.9 2.8
2020.5342 -13.2301 -4.66329 -3.6 1.2 0.9 2.8
2020.5370 -13.3902 -3.77504 -6.5 1.2 0.9 2.8
2020.5397 -10.2427 -3.9971 -3.2 1.2 0.9 2.8
2020.5425 -8.69561 -4.3302 -4 1.2 0.9 2.8
2020.5452 -7.41527 -3.33092 -5.7 1.2 0.9 2.8
2020.5479 -12.3766 -3.66401 -7 1.2 0.9 2.8
2020.5507 -12.9634 -5.10741 -3 1.2 0.9 2.8
2020.5534 -12.0031 -3.44195 -0.8 1.2 0.9 2.8
2020.5562 -10.7228 -4.66329 -6.6 1.2 0.9 2.8
2020.5589 -16.8577 -5.99566 -7.6 1.2 0.9 2.8
2020.5616 -13.4435 -5.99566 -6.7 1.2 0.9 2.8
2020.5644 -15.8441 -4.55226 -6 1.3 1.0 2.9
2020.5671 -13.977 -5.21844 0.5 1.2 0.9 2.8
2020.5699 -12.1098 -4.10814 -5.5 1.2 0.9 2.8
2020.5726 -12.59 -7.66112 -6.5 1.2 0.9 2.8
2020.5753 -13.6569 -6.99493 -4.6 1.3 0.9 3.0
2020.5781 -11.9498 -3.88607 -9.8 1.2 0.9 2.8
2020.5808 -15.204 -4.66329 -4.2 1.2 0.9 2.8
2020.5836 -14.7239 -2.33164 -10.3 1.2 0.9 2.8
2020.5863 -9.97595 -2.66474 1.1 1.2 0.9 2.8
2020.5890 -13.0167 -4.3302 -5 1.3 0.9 2.9
2020.5918 -14.8305 -4.3302 -7.8 1.2 0.9 2.8
2020.5945 -9.22908 -3.33092 -5.8 1.2 0.9 2.8
2020.5973 -12.4833 -3.66401 2.3 1.2 0.9 2.8
2020.6000 -16.6977 -3.44195 -1.9 1.3 0.9 2.9
2020.6027 -12.5366 -3.66401 -1.6 1.3 0.9 2.9
2020.6055 -14.5105 -3.66401 -8.9 1.2 0.9 2.8
2020.6082 -13.3368 -3.66401 -5.5 1.2 0.9 2.8
2020.6110 -14.5105 -4.55226 0 1.2 0.9 2.8
2020.6137 -14.9906 -4.99638 -3.5 1.2 0.9 2.8
2020.6164 -15.8441 -3.44195 -12.3 1.2 0.9 2.8
2020.6192 -14.6705 -4.99638 -13.6 1.2 0.9 2.8
2020.6219 -18.6182 -4.55226 -12.8 1.2 0.9 2.8
2020.6247 -15.0439 -1.66546 -15.2 1.2 0.9 2.8
2020.6274 -15.4174 -4.66329 -12.9 1.2 0.9 2.8
2020.6301 -15.1506 -4.99638 -2.1 1.2 0.9 2.8
2020.6329 -17.4446 -5.88463 -6.1 1.2 0.9 2.8
2020.6356 -13.7103 -6.32875 -3.7 1.2 0.9 2.8
2020.6384 -12.75 -4.44123 -2.3 1.2 0.9 2.8
2020.6411 -14.9372 -3.88607 -7.5 1.2 0.9 2.8
2020.6438 -17.9247 -4.99638 -3.7 1.2 0.9 2.8
2020.6466 -14.6705 -5.21844 3.1 1.2 0.9 2.7
2020.6493 -12.59 -5.4405 -3.8 1.2 0.9 2.8
2020.6521 -12.9634 -5.99566 1.8 1.2 0.9 2.8
2020.6548 -16.1109 -7.77215 -2.3 1.2 0.9 2.8
2020.6575 -12.4833 -4.44123 -5.4 1.2 0.9 2.8
2020.6603 -18.1381 -6.8839 -7.1 1.2 0.9 2.7
2020.6630 -15.8975 -4.66329 -2.9 1.2 0.9 2.7
2020.6658 -14.9906 -6.8839 -5.9 1.2 0.9 2.7
2020.6685 -12.8567 -5.10741 -0.5 1.2 0.9 2.8
2020.6712 -17.4979 -4.77432 4.5 1.2 0.9 2.8
2020.6740 -15.0973 -4.66329 -3.6 1.2 0.9 2.8
2020.6767 -16.1109 -5.88463 -6 1.2 0.9 2.7
2020.6795 -10.6161 -4.10814 -6.7 1.2 0.9 2.7
2020.6822 -18.3515 -5.32947 -12.9 1.2 0.9 2.7
2020.6849 -19.2584 -4.99638 -9.2 1.2 0.9 2.8
2020.6877 -12.8567 -4.44123 2.4 1.2 0.9 2.8
2020.6904 -16.4843 -5.10741 0.7 1.2 0.9 2.7
2020.6932 -15.3107 -7.77215 -7 1.2 0.9 2.7
2020.6959 -19.7918 -5.77359 -13.4 1.3 0.9 2.8
2020.6986 -14.7772 -5.88463 -15.2 1.3 1.0 2.9
2020.7014 -14.8839 -7.32802 -6.7 1.3 0.9 2.8
2020.7041 -18.9383 -3.33092 -7.6 1.2 0.9 2.7
2020.7068 -17.3912 -4.99638 0.9 1.2 0.9 2.7
2020.7096 -20.0586 -7.32802 -3 1.4 0.9 2.9
2020.7123 -14.2971 -3.88607 -3.7 1.4 0.9 2.9
2020.7151 -17.8713 -4.21917 -2.4 1.3 0.9 2.8
2020.7178 -19.4184 -6.21772 -3.4 1.3 0.9 2.8
2020.7205 -21.819 -4.77432 -0.5 1.3 0.9 2.7
2020.7233 -16.1642 -7.99421 -7.9 1.2 0.9 2.7
2020.7260 -20.272 -8.10524 -7.6 1.2 0.9 2.7
2020.7288 -19.9519 -5.55153 -8.1 1.3 0.9 2.8
2020.7315 -17.4979 -5.55153 -1.5 1.3 0.9 2.8
2020.7342 -18.5115 -6.66184 -1.7 1.3 0.9 2.7
2020.7370 -19.3117 -7.66112 1.5 1.3 0.9 2.7
2020.7397 -18.3515 -7.10596 4 1.3 0.9 2.8
2020.7425 -15.4707 -6.8839 0.7 1.3 0.9 2.8
2020.7452 -17.2845 -7.55009 1.2 1.3 0.9 2.7
2020.7479 -14.9372 -6.55081 3.4 1.2 0.9 2.7
2020.7507 -18.5115 -5.32947 4.3 1.2 0.9 2.7
2020.7534 -23.3661 -4.44123 1.1 1.2 0.9 2.7
2020.7562 -15.8975 -5.4405 -3.2 1.3 0.9 2.7
2020.7589 -18.2981 -7.10596 4.8 1.2 0.9 2.7
2020.7616 -15.8441 -10.3259 -4.9 1.2 0.9 2.7
2020.7644 -19.7918 -7.10596 -3.9 1.2 0.9 2.7
2020.7671 -19.9519 -8.66039 -2.8 1.2 0.9 2.7
2020.7699 -16.0575 -5.21844 -4.6 1.2 0.9 2.7
2020.7726 -15.1506 -7.43905 -8.3 1.2 0.9 2.7
2020.7753 -16.8577 -6.10669 -1.3 1.2 0.9 2.7
2020.7781 -16.1109 -7.99421 7 1.2 0.9 2.7
2020.7808 -17.3912 -6.21772 9.6 1.2 0.9 2.7
2020.7836 -20.5921 -5.21844 0.9 1.2 0.9 2.7
2020.7863 -17.0711 -5.99566 -1.5 1.2 0.9 2.7
2020.7890 -16.2709 -6.10669 -0.8 1.2 0.9 2.7
2020.7918 -16.2176 -5.77359 -1.2 1.2 0.9 2.7
2020.7945 -18.1381 -5.99566 -3.7 1.2 0.9 2.7
2020.7973 -16.0575 -5.4405 -4.1 1.2 0.9 2.7
2020.8000 -18.1914 -6.32875 3.4 1.2 0.9 2.7
2020.8027 -14.4038 -5.66256 -9.3 1.2 0.9 2.6
2020.8055 -17.4979 -8.54936 -3.4 1.2 0.9 2.7
2020.8082 -18.4048 -6.99493 -3.5 1.2 0.9 2.7
2020.8110 -15.8441 -5.99566 -2 1.2 0.9 2.7
2020.8137 -15.4707 -7.66112 -2.8 1.2 0.9 2.7
2020.8164 -18.1914 -8.43833 -8.3 1.2 0.9 2.7
2020.8192 -15.9508 -8.10524 -2.5 1.2 0.9 2.6
2020.8219 -17.818 -9.21555 4.3 1.2 0.9 2.7
2020.8247 -14.137 -7.10596 -2.8 1.2 0.9 2.7
2020.8274 -19.3651 -6.43978 -4.1 1.2 0.9 2.6
2020.8301 -19.3117 -5.77359 -1.9 1.2 0.9 2.6
2020.8329 -20.7521 -3.9971 -4.5 1.2 0.9 2.6
2020.8356 -19.3651 -5.32947 0.1 1.2 0.9 2.6
2020.8384 -18.2981 -5.66256 -4.1 1.2 0.9 2.6
2020.8411 -15.6841 -6.55081 -0.1 1.2 0.8 2.6
2020.8438 -14.6172 -6.66184 0.5 1.2 0.8 2.6
2020.8466 -18.6716 -5.55153 -4.7 1.2 0.8 2.7
2020.8493 -17.3379 -4.44123 0.2 1.2 0.8 2.7
2020.8521 -17.0178 -6.32875 -0.5 1.2 0.8 2.6
2020.8548 -17.2845 -6.10669 4.9 1.2 0.8 2.6
2020.8575 -11.8964 -8.3273 7.4 1.2 0.8 2.6
2020.8603 -11.8964 -10.4369 -12.3 1.3 0.9 2.8
2020.8630 -16.5377 -5.4405 12.1 1.2 0.9 2.7
2020.8658 -13.6569 -5.77359 11.8 1.2 0.9 2.7
2020.8685 -14.6172 -6.66184 14.9 1.3 0.9 2.8
2020.8712 -18.9383 -5.88463 14.8 1.3 0.9 2.8
2020.8740 -17.3912 -4.66329 10.3 1.2 0.9 2.6
2020.8767 -20.6454 -6.10669 1.2 1.2 0.9 2.7
2020.8795 -22.9927 -6.8839 -0.5 1.2 0.9 2.7
2020.8822 -17.2312 -8.99348 0.6 1.2 0.9 2.7
2020.8849 -20.7521 -8.99348 9.8 1.2 0.9 2.8
2020.8877 -17.2312 -7.55009 6.6 1.2 0.9 2.6
2020.8904 -19.2584 -5.66256 10.2 1.3 0.9 2.8
2020.8932 -16.2709 -6.21772 17.9 1.2 0.9 2.8
2020.8959 -16.8577 -8.10524 15.5 1.2 0.9 2.7
2020.8986 -15.5774 -6.66184 10.5 1.2 0.9 2.8
2020.9014 -16.5377 -6.21772 14 1.2 0.9 2.7
2020.9041 -16.0042 -4.88535 18.8 1.2 0.9 2.6
2020.9068 -18.0847 -2.66474 13.7 1.2 0.9 2.7
2020.9096 -17.7113 -3.44195 10.5 1.2 0.9 2.7
2020.9123 -20.7521 -5.88463 15 1.3 0.9 2.8
2020.9151 -16.431 -4.88535 18 1.3 0.9 2.8
2020.9178 -18.0314 -5.32947 12.8 1.2 0.9 2.7
2020.9205 -15.4174 -7.66112 8.7 1.2 0.9 2.7
2020.9233 -18.6182 -7.21699 6 1.2 0.9 2.7
2020.9260 -16.8044 -7.88318 6.3 1.2 0.9 2.7
2020.9288 -20.3787 -7.55009 7.3 1.2 0.9 2.7
2020.9315 -20.8588 -5.99566 10.4 1.2 0.9 2.6
2020.9342 -17.2845 -5.77359 6.5 1.2 0.9 2.6
2020.9370 -18.3515 -7.99421 7.9 1.2 0.9 2.6
2020.9397 -17.2845 -7.10596 0.4 1.2 0.9 2.7
2020.9425 -18.7782 -7.32802 12 1.2 0.9 2.7
2020.9452 -19.2584 -7.10596 9.3 1.2 0.9 2.6
2020.9479 -18.7782 -5.99566 7.5 1.2 0.9 2.6
2020.9507 -17.8713 -7.32802 3.7 1.2 0.9 2.6
2020.9534 -21.2856 -8.66039 4.3 1.2 0.9 2.6
2020.9562 -19.7918 -7.66112 6 1.2 0.9 2.7
2020.9589 -19.7385 -8.43833 11 1.2 0.9 2.6
2020.9616 -22.2458 -9.88173 8 1.2 0.9 2.6
2020.9644 -20.6454 -7.66112 7.3 1.2 0.9 2.7
2020.9671 -22.5659 -8.54936 8.7 1.2 0.9 2.7
2020.9699 -19.1517 -11.1031 3.1 1.2 0.9 2.7
2020.9726 -19.8985 -8.66039 3.7 1.2 0.9 2.7
2020.9753 -20.272 -7.99421 -0.1 1.2 0.9 2.7
2020.9781 -21.2322 -11.5472 10.6 1.2 0.9 2.8
2020.9808 -18.6182 -9.65967 16.7 1.2 0.9 2.8
2020.9836 -21.2322 -9.32658 8.9 1.3 0.9 2.8
2020.9863 -21.0722 -9.99276 11.9 1.2 0.9 2.8
2020.9890 -20.6988 -6.21772 14.5 1.2 0.9 2.7
2020.9918 -20.4854 -8.54936 10.8 1.2 0.9 2.7
2020.9945 -19.4718 -8.66039 10.9 1.2 0.9 2.7
2020.9973 -18.0314 -8.77142 10.2 1.2 0.9 2.7
2021.0000 -20.9655 -10.6589 7.1 1.2 0.9 2.7
2021.0027 -20.8588 -6.10669 11.7 1.2 0.9 2.6
2021.0027 -19.8452 -8.54936 15.7 1.2 0.9 2.7
2021.0055 -19.5785 -9.65967 17.1 1.2 0.9 2.7
2021.0082 -19.6852 -7.99421 17.4 1.2 0.9 2.7
2021.0110 -19.1517 -9.54864 13.2 1.2 0.9 2.7
2021.0137 -21.1255 -9.54864 24 1.2 0.9 2.6
2021.0164 -18.4048 -8.21627 25.2 1.2 0.9 2.6
2021.0192 -18.2448 -8.10524 18.2 1.2 0.9 2.7
2021.0219 -19.0983 -8.66039 9.8 1.2 0.9 2.7
2021.0247 -20.8588 -6.43978 13.3 1.2 0.9 2.7
2021.0274 -19.4184 -8.66039 15.2 1.2 0.9 2.8
2021.0301 -24.4864 -11.3251 19.9 1.2 0.9 2.7
2021.0329 -23.2061 -10.6589 11.8 1.2 0.9 2.6
2021.0356 -20.9655 -8.10524 5.1 1.2 0.9 2.7
2021.0384 -21.6057 -7.10596 8.5 1.2 0.9 2.7
2021.0411 -23.6862 -7.99421 10.1 1.2 0.9 2.7
2021.0438 -22.4592 -9.99276 14.1 1.2 0.9 2.7
2021.0466 -19.4184 -9.99276 7.7 1.2 0.9 2.7
2021.0493 -20.2186 -7.55009 15.7 1.2 0.9 2.8
2021.0521 -20.3787 -6.99493 19.6 1.2 0.9 2.7
2021.0548 -18.0847 -7.66112 5.6 1.2 0.9 2.9
2021.0575 -18.2448 -8.66039 9.7 1.2 0.9 2.7
2021.0603 -20.5387 -7.55009 6.7 1.2 0.9 2.7
2021.0630 -16.7511 -8.3273 12.4 1.2 0.9 2.7
2021.0658 -19.3117 -6.77287 10.8 1.2 0.9 2.7
2021.0685 -20.432 -5.88463 9 1.2 0.9 2.7
2021.0712 -22.1391 -4.44123 10.2 1.1 0.9 2.6
2021.0740 -21.1789 -5.4405 10 1.2 0.9 2.7
2021.0767 -21.1255 -6.66184 13.2 1.2 0.9 2.6
2021.0795 -20.3787 -9.21555 16.5 1.1 0.9 2.6
2021.0822 -19.8985 -7.10596 7 1.2 0.9 2.7
2021.0849 -18.6182 -6.55081 10.7 1.1 0.9 2.7
2021.0877 -22.0858 -4.10814 9.5 1.1 0.9 2.6
2021.0904 -21.5523 -5.32947 6.3 1.2 0.9 2.7
2021.0932 -21.3389 -6.99493 3 1.1 0.9 2.7
2021.0959 -21.9791 -5.32947 10.5 1.2 0.9 2.7
2021.0986 -20.1653 -6.55081 4.9 1.2 0.9 2.7
2021.1014 -21.6057 -5.99566 3.4 1.1 0.9 2.6
2021.1041 -23.6329 -6.21772 6.8 1.2 0.9 2.7
2021.1068 -22.6193 -5.66256 9.2 1.1 0.9 2.7
2021.1096 -22.9927 -7.66112 11.3 1.1 0.9 2.7
2021.1123 -24.3797 -6.10669 12.5 1.1 0.9 2.7
2021.1151 -22.3525 -6.21772 19.5 1.1 0.9 2.7
2021.1178 -23.4728 -6.55081 15 1.1 0.9 2.7
2021.1205 -22.7793 -4.77432 11 1.2 0.9 2.7
2021.1233 -21.7657 -6.55081 15.6 1.2 0.9 2.7
2021.1260 -21.9791 -8.10524 19 1.1 0.9 2.7
2021.1288 -28.2741 -6.77287 11.7 1.2 0.9 2.7
2021.1315 -22.886 -6.32875 18.7 1.1 0.9 2.7
2021.1342 -22.6726 -6.21772 14.2 1.2 0.9 2.8
2021.1370 -25.0732 -4.44123 16.4 1.2 0.9 2.8
2021.1397 -24.0596 -5.88463 15.4 1.2 0.9 2.7
2021.1425 -25.9801 -5.55153 17.3 1.2 0.9 2.7
2021.1452 -25.2333 -5.88463 10 1.1 0.9 2.7
2021.1479 -24.6465 -3.33092 6.8 1.1 0.9 2.6
2021.1507 -23.3128 -5.10741 11 1.2 0.9 2.6
2021.1534 -23.1527 -5.88463 8 1.2 0.9 2.7
2021.1562 -24.3264 -4.55226 4 1.2 0.9 2.7
2021.1589 -23.8996 -3.21989 7.7 1.2 1.0 2.8
2021.1616 -24.5931 -4.77432 12.4 1.2 0.9 2.7
2021.1644 -27.4739 -2.77577 9.3 1.2 0.9 2.7
2021.1671 -26.5136 -4.77432 2.2 1.2 0.9 2.7
2021.1699 -27.7406 -4.10814 8.9 1.2 0.9 2.7
2021.1726 -25.1799 -5.4405 5.2 1.2 0.9 2.7
2021.1753 -29.181 -4.55226 8.6 1.2 0.9 2.8
2021.1781 -29.5544 -4.99638 11.5 1.2 0.9 2.8
2021.1808 -26.887 -2.44267 0.7 1.2 0.9 2.8
2021.1836 -28.3274 -2.99783 3.2 1.3 0.9 2.9
2021.1863 -25.8201 -6.66184 2.9 1.2 0.9 2.7
2021.1890 -25.2333 -4.88535 -0.2 1.2 0.9 2.7
2021.1918 -26.0868 -3.77504 3.2 1.2 0.9 2.7
2021.1945 -24.0596 -0.999276 -1.7 1.2 0.9 2.7
2021.1973 -25.2333 -3.66401 -3.4 1.2 0.9 2.7
2021.2000 -29.7144 -3.88607 6.5 1.2 0.9 2.7
2021.2027 -26.2469 -3.88607 6 1.2 0.9 2.6
2021.2055 -28.0607 -5.55153 1.7 1.2 0.9 2.6
2021.2082 -28.0607 -4.66329 3.1 1.2 0.9 2.7
2021.2110 -24.273 -5.55153 1.3 1.2 0.9 2.7
2021.2137 -26.5136 -2.10958 5.9 1.2 0.9 2.7
2021.2164 -24.9665 -3.77504 5.9 1.3 0.9 2.7
2021.2192 -24.5398 -3.66401 0.1 1.2 0.9 2.7
2021.2219 -28.2207 -4.3302 1.7 1.2 0.9 2.6
2021.2247 -25.3933 -3.88607 -2.4 1.2 0.9 2.7
2021.2274 -24.3797 -4.55226 5.1 1.2 0.9 2.7
2021.2301 -24.4864 -4.3302 -9.9 1.2 0.9 2.7
2021.2329 -22.3525 -3.66401 -2.2 1.2 0.9 2.7
2021.2356 -28.0607 -4.44123 1.7 1.2 0.9 2.7
2021.2384 -24.1663 -5.32947 1.4 1.2 0.9 2.7
2021.2411 -23.9529 -6.8839 3.5 1.2 0.9 2.7
2021.2438 -23.4195 -3.77504 0.5 1.2 0.9 2.7
2021.2466 -30.568 -5.21844 -1.7 1.2 0.9 2.7
2021.2493 -25.9268 -3.77504 -2.6 1.3 0.9 2.8
2021.2521 -25.8201 -4.99638 -4.8 1.2 0.9 2.7
2021.2548 -25.9268 -5.66256 -5.1 1.2 0.9 2.7
2021.2575 -26.4069 -4.44123 -5.7 1.2 0.9 2.7
2021.2603 -24.6465 -6.66184 -5.4 1.2 0.9 2.7
2021.2630 -25.3933 -5.32947 1.8 1.2 0.9 2.7
2021.2658 -24.5398 -4.3302 -0.5 1.3 0.9 2.7
2021.2685 -24.8598 -4.99638 0.5 1.2 0.9 2.8
2021.2712 -25.7134 -4.88535 -7.1 1.2 0.9 2.7
2021.2740 -25.2333 -3.33092 -4.8 1.2 0.9 2.7
2021.2767 -24.4864 -3.77504 -3.4 1.2 0.9 2.7
2021.2795 -22.726 -5.32947 -0.9 1.2 0.9 2.8
2021.2822 -28.5408 -4.88535 4.8 1.2 0.9 2.8
2021.2849 -24.0596 -5.77359 -0.4 1.2 0.9 2.8
2021.2877 -21.9257 -4.77432 2 1.2 0.9 2.8
2021.2904 -26.3536 -4.77432 5.3 1.2 0.9 2.8
2021.2932 -25.7134 -5.21844 10.3 1.3 1.0 2.9
2021.2959 -23.3128 -5.32947 0.5 1.3 0.9 2.9
2021.2986 -22.4592 -3.55298 7.8 1.3 1.0 2.9
2021.3014 -25.7134 -3.77504 4.7 1.2 0.9 2.8
2021.3041 -27.4205 -3.10886 0.3 1.2 0.9 2.8
2021.3068 -27.4739 -3.33092 -2.9 1.2 0.9 3.0
2021.3096 -24.6998 -1.66546 -1.3 1.2 0.9 2.9
2021.3123 -26.0335 -1.55443 3.5 1.2 0.9 2.8
2021.3151 -26.0335 -2.55371 -4.9 1.2 0.9 2.8
2021.3178 -31.2082 -1.99855 0 1.2 0.9 2.8
2021.3205 -31.795 -3.88607 0.9 1.2 0.9 2.9
2021.3233 -29.0743 -5.66256 -2.1 1.2 0.9 2.9
2021.3260 -22.886 -6.8839 -4.6 1.2 0.9 2.8
2021.3288 -24.4331 -7.43905 2.9 1.2 0.9 2.8
2021.3315 -21.819 -8.66039 -11.1 1.2 0.9 2.7
2021.3342 -23.7929 -7.88318 -9.2 1.2 0.9 2.8
2021.3370 -23.2061 -9.10452 -12 1.2 0.9 2.8
2021.3397 -20.9121 -8.99348 -1.1 1.2 0.9 2.8
2021.3425 -20.272 -9.65967 -9 1.2 0.9 2.8
2021.3452 -21.3923 -10.992 -3.3 1.2 0.9 2.9
2021.3479 -21.819 -7.66112 -3.4 1.2 0.9 2.8
2021.3507 -26.1935 -7.99421 -9.5 1.2 0.9 2.8
2021.3534 -21.659 -8.99348 -5 1.2 0.9 2.8
2021.3562 -22.4059 -10.3259 -8.8 1.2 0.9 2.8
2021.3589 -20.1653 -8.77142 -8.2 1.2 0.9 2.8
2021.3616 -22.5659 -12.2134 -8.4 1.4 1.0 3.1
2021.3644 -23.5262 -11.4362 -11.6 1.2 0.9 2.8
2021.3671 -25.4467 -10.2148 -7.2 1.2 0.9 2.8
2021.3699 -23.5795 -9.7707 -5.1 1.2 0.9 2.9
2021.3726 -23.7395 -9.54864 -6.3 1.2 0.9 2.8
2021.3753 -23.2594 -9.54864 -9 1.2 0.9 2.8
2021.3781 -22.4059 -11.6582 -10 1.2 0.9 2.8
2021.3808 -23.3128 -8.66039 0.5 1.2 0.9 2.9
2021.3836 -22.5659 -8.88245 -4.5 1.5 1.1 3.2
2021.3863 -23.1527 -9.88173 -8.2 1.2 1.0 3.1
2021.3890 -22.3525 -9.65967 -6.1 1.2 0.9 2.9
2021.3918 -26.8337 -7.66112 -9.7 1.2 0.9 2.8
2021.3945 -23.5795 -11.1031 -10.4 1.2 0.9 2.9
2021.3973 -23.4195 -7.55009 -3.8 1.2 0.9 2.9
2021.4000 -23.4195 -9.7707 -12.5 1.2 0.9 2.9
2021.4027 -24.4864 -10.6589 -8.4 1.2 1.0 2.9
2021.4055 -23.8996 -10.77 -11.1 1.2 0.9 2.9
2021.4082 -21.499 -9.99276 -7.5 1.2 0.9 2.9
2021.4110 -23.5262 -7.66112 -4.4 1.2 0.9 2.9
2021.4137 -22.9393 -9.43761 -4.3 1.2 0.9 2.9
2021.4164 -22.6193 -10.4369 -10.6 1.2 0.9 2.9
2021.4192 -22.726 -10.3259 -7.6 1.2 0.9 2.9
2021.4219 -23.4728 -8.66039 -1.2 1.2 0.9 2.9
2021.4247 -23.9529 -8.99348 -2.6 1.1 0.9 2.9
2021.4274 -27.5806 -10.2148 -8.9 1.1 0.9 2.9
2021.4301 -27.6872 -9.21555 -12.2 1.1 0.9 2.9
2021.4329 -28.9142 -9.99276 -1.8 1.1 0.9 2.9
2021.4356 -24.6998 -9.65967 -6.3 1.2 0.9 2.9
2021.4384 -23.6329 -7.21699 -12.1 1.1 0.9 2.9
2021.4411 -26.3536 -10.2148 -5.4 1.2 0.9 3.0
2021.4438 -27.4739 -10.3259 -12.3 1.2 0.9 2.9
2021.4466 -22.8326 -11.1031 -10.4 1.2 1.0 2.9
2021.4493 -25.7134 -10.6589 -10.1 1.2 1.0 3.0
2021.4521 -22.4592 -10.6589 -5.9 1.2 0.9 3.0
2021.4548 -23.4728 -9.7707 -10.8 1.2 0.9 3.0
2021.4575 -29.3944 -9.32658 -13 1.2 0.9 3.0
2021.4603 -23.8996 -10.5479 -10.7 1.2 0.9 2.9
2021.4630 -24.8598 -10.881 -6.7 1.2 0.9 2.9
2021.4658 -25.7667 -9.88173 -3.1 1.2 0.9 2.9
2021.4685 -27.4739 -10.881 -2.3 1.2 0.9 2.9
2021.4712 -26.6203 -13.6568 -3.2 1.2 0.9 3.0
2021.4740 -22.6193 -10.6589 -1.9 1.2 1.0 3.0
2021.4767 -24.4864 -10.881 -1.4 1.2 1.0 3.0
2021.4795 -20.8588 -11.1031 3.3 1.2 1.0 3.0
2021.4822 -25.0199 -11.7693 -4.9 1.2 1.0 3.0
2021.4849 -27.6339 -11.3251 -10.2 1.2 1.0 3.0
2021.4877 -23.4728 -7.99421 -7.1 1.2 1.0 3.0
2021.4904 -25.9801 -9.32658 -3.1 1.2 1.0 3.0
2021.4932 -24.113 -11.5472 -16.8 1.2 1.0 3.0
2021.4959 -24.273 -9.10452 -18.1 1.2 1.0 3.0
2021.4986 -21.8724 -10.1038 -13.2 1.2 1.0 3.0
2021.5014 -21.0722 -6.66184 -15.1 1.2 1.0 3.1
2021.5041 -18.1381 -8.77142 -12.1 1.2 1.0 3.0
2021.5068 -19.4718 -10.5479 -9.2 1.2 1.0 3.0
2021.5096 -22.8326 -8.88245 -4.9 1.2 1.0 3.0
2021.5123 -27.0471 -7.21699 -14 1.2 1.0 3.0
2021.5151 -25.6067 -8.10524 -9.7 1.2 1.0 3.0
2021.5178 -26.887 -9.21555 -5.8 1.2 1.0 3.0
2021.5205 -25.9268 -9.21555 -7.2 1.3 1.0 3.1
2021.5233 -25.5534 -11.5472 -5.6 1.2 1.0 3.0
2021.5260 -22.5659 -11.4362 -11.7 1.2 1.0 3.0
2021.5288 -24.273 -9.10452 -14.5 1.2 1.0 3.0
2021.5315 -22.4592 -8.66039 -5.1 1.2 1.0 3.0
2021.5342 -24.2197 -11.6582 -9.4 1.2 1.0 3.0
2021.5370 -23.2061 -9.43761 -13.9 1.2 1.0 3.0
2021.5397 -29.1276 -10.6589 -9.3 1.4 1.1 3.3
2021.5425 -28.0073 -8.10524 -6.6 1.3 1.0 3.2
2021.5452 -28.114 -14.8781 -2.6 1.2 1.0 3.2
2021.5479 -24.7531 -10.77 -7.2 1.2 1.0 3.0
2021.5507 -27.2071 -11.1031 -12.1 1.2 1.0 3.0
2021.5534 -26.9937 -13.4347 -10.1 1.2 1.0 3.0
2021.5562 -26.727 -11.1031 -5.9 1.3 1.0 3.1
2021.5589 -26.9937 -11.9913 -7.2 1.3 1.0 3.0
2021.5616 -26.5136 -11.7693 -7.4 1.2 1.0 3.0
2021.5644 -26.8337 -10.5479 -10.2 1.2 1.0 3.1
2021.5671 -30.1412 -10.881 -9.3 1.2 1.0 3.0
2021.5699 -26.0868 -10.2148 -8.3 1.2 1.0 3.0
2021.5726 -28.8609 -14.656 -5.8 1.2 1.0 3.1
2021.5753 -31.4749 -10.2148 -5.9 1.2 1.0 3.0
2021.5781 -29.8211 -10.881 -3 1.2 1.0 3.0
2021.5808 -25.2866 -9.32658 -7.9 1.2 1.0 3.0
2021.5836 -20.8588 -9.10452 -13.5 1.2 1.0 3.0
2021.5863 -34.1956 -9.10452 -12.6 1.2 1.0 3.0
2021.5890 -26.3002 -13.3237 -3.5 1.2 1.0 3.0
2021.5918 -29.4477 -10.6589 -3.6 1.2 1.0 3.0
2021.5945 -25.5 -14.2119 -4.4 1.2 1.0 3.0
2021.5973 -27.2605 -12.3244 -3.9 1.3 1.0 3.1
2021.6000 -31.4216 -10.4369 0.6 1.3 1.0 3.1
2021.6027 -26.9937 -13.8788 -4.9 1.2 1.0 2.9
2021.6055 -29.2877 -12.6575 2.1 1.2 1.0 3.0
2021.6082 -27.3138 -12.9906 -4.6 1.2 1.0 3.0
2021.6110 -30.2479 -12.3244 -10.1 1.2 1.0 3.0
2021.6137 -29.341 -12.4354 -3 1.2 1.0 3.0
2021.6164 -27.6872 -12.7685 -1.7 1.2 1.0 2.9
2021.6192 -28.114 -11.2141 -2.4 1.2 1.0 2.9
2021.6219 -26.887 -14.656 -1.1 1.2 1.0 3.0
2021.6247 -30.1946 -10.1038 -1.6 1.2 1.0 3.0
2021.6274 -26.0868 -9.65967 0.8 1.2 1.0 3.0
2021.6301 -31.1548 -11.3251 -6.4 1.2 1.0 3.0
2021.6329 -29.0209 -13.1016 -4 1.3 1.0 2.9
2021.6356 -22.3525 -10.881 -10 1.3 1.0 3.0
2021.6384 -28.8075 -12.4354 -4.7 1.3 1.1 3.2
2021.6411 -26.1935 -12.4354 -4.4 1.3 1.0 3.1
2021.6438 -28.7542 -13.5457 -5.4 1.3 1.0 3.1
2021.6466 -26.1935 -14.1009 -9.3 1.3 1.0 3.0
2021.6493 -25.7667 -12.1023 1.5 1.3 1.0 3.0
2021.6521 -24.6998 -11.9913 5 1.3 1.0 3.0
2021.6548 -27.8473 -8.66039 4.1 1.3 1.0 3.1
2021.6575 -31.7416 -11.5472 -1.4 1.3 1.0 3.0
2021.6603 -26.9404 -13.8788 -3.9 1.3 1.0 3.0
2021.6630 -27.6339 -12.7685 -4.7 1.3 1.0 3.0
2021.6658 -31.2615 -10.992 -5.5 1.3 1.0 2.9
2021.6685 -29.341 -12.8796 -1.7 1.3 1.0 3.0
2021.6712 -31.6883 -14.656 1.9 1.3 1.0 3.1
2021.6740 -29.2343 -12.5465 -0.4 1.5 1.0 3.3
2021.6767 -31.5816 -12.5465 -0.3 1.5 1.0 3.2
2021.6795 -30.0879 -13.6568 0.4 1.4 1.0 3.0
2021.6822 -22.9927 -14.2119 7 1.3 1.0 3.0
2021.6849 -32.1151 -13.1016 0.5 1.3 0.9 3.0
2021.6877 -34.8891 -11.9913 -2.9 1.3 0.9 3.0
2021.6904 -30.9414 -12.4354 -0.1 1.3 0.9 2.9
2021.6932 -33.2354 -14.1009 4.9 1.3 1.0 3.0
2021.6959 -29.5544 -14.656 -4 1.3 0.9 2.9
2021.6986 -29.8211 -14.323 6 1.3 0.9 3.0
2021.7014 -29.7678 -15.1002 5.2 1.3 0.9 3.0
2021.7041 -28.4875 -14.7671 0 1.3 0.9 2.9
2021.7068 -30.7814 -14.2119 -3.1 1.3 0.9 2.9
2021.7096 -30.6747 -15.1002 8.9 1.3 0.9 3.0
2021.7123 -27.5272 -12.8796 1.9 1.3 0.9 2.9
2021.7151 -34.6757 -16.0994 6.8 1.3 0.9 2.9
2021.7178 -28.8609 -12.2134 -1 1.3 0.9 2.9
2021.7205 -30.4613 -15.5443 -1.3 1.3 0.9 2.9
2021.7233 -32.1684 -13.6568 2.9 1.3 1.0 2.9
2021.7260 -30.6747 -15.7664 -3.7 1.3 0.9 2.9
2021.7288 -34.0356 -16.2105 5 1.3 0.9 2.9
2021.7315 -30.9414 -15.1002 10.9 1.3 1.0 3.1
2021.7342 -29.8745 -15.6553 2.4 1.2 0.9 2.9
2021.7370 -29.6078 -15.6553 -2 1.2 0.9 2.9
2021.7397 -28.2741 -16.8767 -3 1.2 0.9 2.9
2021.7425 -30.9948 -16.8767 7.9 1.2 0.9 2.9
2021.7452 -29.6611 -15.2112 10.4 1.2 0.9 2.9
2021.7479 -31.5816 -17.2098 5.6 1.2 0.9 2.9
2021.7507 -29.8745 -16.4325 6.4 1.3 0.9 3.0
2021.7534 -30.1946 -15.5443 8.6 1.3 0.9 2.9
2021.7562 -27.3672 -14.323 2.7 1.2 0.9 2.9
2021.7589 -29.181 -14.656 3 1.2 0.9 2.9
2021.7616 -27.8473 -15.7664 6.8 1.3 0.9 2.9
2021.7644 -29.7678 -16.6546 7.5 1.2 0.9 2.9
2021.7671 -28.2207 -15.9884 10.9 1.2 0.9 2.9
2021.7699 -28.8075 -15.9884 2.3 1.2 0.9 2.9
2021.7726 -31.955 -17.5428 4.9 1.2 0.9 2.9
2021.7753 -29.6078 -16.6546 4.7 1.2 0.9 2.9
2021.7781 -31.3149 -16.5436 0.9 1.2 0.9 2.9
2021.7808 -30.408 -16.2105 3.7 1.6 1.1 3.2
2021.7836 -29.6611 -17.7649 5 1.2 0.9 2.9
2021.7863 -29.5011 -16.5436 -1.1 1.2 0.9 2.9
2021.7890 -33.1287 -15.4333 -0.6 1.2 0.9 2.9
2021.7918 -30.7814 -17.0987 -3.9 1.2 0.9 2.9
2021.7945 -26.2469 -15.8774 3.9 1.2 0.9 2.8
2021.7973 -33.5021 -17.987 6.4 1.2 0.9 2.9
2021.8000 -29.5544 -17.987 -3.1 1.2 0.9 2.8
2021.8027 -31.2082 -18.6532 3.6 1.3 1.0 2.9
2021.8055 -32.2218 -18.4311 1.8 1.3 1.0 3.0
2021.8082 -28.7542 -17.3208 7.8 1.3 0.9 2.9
2021.8110 -31.5283 -17.7649 8.4 1.3 0.9 2.9
2021.8137 -31.5816 -18.7642 2 1.3 0.9 3.0
2021.8164 -29.5544 -15.9884 1 1.3 0.9 2.9
2021.8192 -32.4885 -17.0987 2.4 1.2 0.9 2.9
2021.8219 -30.9414 -17.5428 2.5 1.3 0.9 3.0
2021.8247 -33.1287 -16.7656 -0.6 1.3 0.9 3.0
2021.8274 -33.6088 -17.4318 2 1.3 0.9 3.0
2021.8301 -31.5283 -14.9891 3.5 1.3 0.9 3.0
2021.8329 -35.0492 -12.3244 13.1 1.3 1.0 3.0
2021.8356 -30.4613 -17.987 6.1 1.3 0.9 3.0
2021.8384 -28.7008 -17.7649 1.7 1.3 0.9 3.0
2021.8411 -30.9414 -19.3193 -1.7 1.3 0.9 3.0
2021.8438 -31.7416 -19.5414 -5.3 1.8 1.2 3.7
2021.8466 -33.7688 -17.4318 0.1 1.3 0.9 3.0
2021.8493 -27.954 -19.0973 -0.7 1.3 0.9 3.0
2021.8521 -33.022 -18.4311 -2.5 1.3 0.9 3.0
2021.8548 -29.9278 -17.2098 -5.2 1.3 0.9 2.9
2021.8575 -29.9812 -18.4311 -5.7 1.2 0.9 2.8
2021.8603 -33.182 -16.2105 -5.5 1.2 0.9 2.8
2021.8630 -33.5555 -15.5443 -2.7 1.2 0.9 2.8
2021.8658 -32.9153 -18.8752 -4.8 1.3 0.9 2.9
2021.8685 -30.8347 -16.9877 -11.9 1.3 1.0 2.9
2021.8712 -30.5147 -16.2105 -17.5 1.3 1.0 2.9
2021.8740 -32.3285 -16.9877 -10.3 1.3 0.9 2.9
2021.8767 -29.341 -16.2105 -6.8 1.3 0.9 2.9
2021.8795 -30.8881 -16.3215 -7.2 1.3 0.9 2.8
2021.8822 -32.9686 -19.7635 -6.5 1.2 0.9 2.8
2021.8849 -32.6485 -18.7642 -10.2 1.2 0.9 2.8
2021.8877 -29.8745 -18.9862 -8.2 1.2 0.9 2.8
2021.8904 -30.8347 -17.6539 -14.8 1.2 0.9 2.8
2021.8932 -33.3954 -18.6532 -9 1.2 0.9 2.8
2021.8959 -32.1151 -17.6539 -4.7 1.2 0.9 2.8
2021.8986 -33.2887 -18.6532 -6.9 1.2 0.9 2.8
2021.9014 -31.1548 -18.4311 -4.9 1.2 0.9 2.8
2021.9041 -31.2615 -16.7656 -12.9 1.2 0.9 2.8
2021.9068 -32.3818 -16.5436 -7.8 1.3 0.9 2.8
2021.9096 -32.8086 -16.9877 -3 1.3 0.9 2.8
2021.9123 -30.1412 -16.4325 2.9 1.2 0.9 2.8
2021.9151 -29.6611 -17.6539 -1 1.2 0.9 2.8
2021.9178 -30.0345 -17.3208 -16.4 1.3 0.9 2.8
2021.9205 -32.1684 -14.9891 -13.5 1.3 0.9 2.8
2021.9233 -33.1287 -15.1002 -6.7 1.4 1.0 3.0
2021.9260 -32.1151 -15.6553 -12.4 1.3 0.9 2.9
2021.9288 -29.5011 -17.987 -8.8 1.3 0.9 2.8
2021.9315 -28.5408 -15.9884 -7.6 1.3 1.0 2.9
2021.9342 -33.6088 -19.0973 -0.7 1.3 1.0 3.0
2021.9370 -33.9822 -16.9877 -8.8 1.3 1.0 3.0
2021.9397 -31.4749 -17.2098 -9.2 1.3 1.0 3.0
2021.9425 -33.5021 -18.7642 -0.4 1.3 1.0 3.0
2021.9452 -31.6349 -17.6539 -4.2 1.3 0.9 2.9
2021.9479 -31.8483 -17.7649 -5.7 1.3 0.9 2.9
2021.9507 -30.8881 -14.7671 2.4 1.3 0.9 2.9
2021.9534 -32.9686 -16.4325 1.6 1.3 0.9 2.9
2021.9562 -30.4613 -14.545 -5.7 1.3 1.0 3.0
2021.9589 -30.4613 -15.6553 -0.9 1.3 0.9 3.0
2021.9616 -31.3682 -18.6532 1.5 1.3 1.0 3.0
2021.9644 -33.182 -16.8767 3.2 1.3 0.9 3.0
2021.9671 -34.0889 -18.098 -4 1.3 1.0 3.0
2021.9699 -28.5942 -17.0987 -7.1 1.3 0.9 3.0
2021.9726 -31.5816 -15.9884 -6.1 1.3 0.9 2.9
2021.9753 -32.9686 -16.3215 -9 1.3 0.9 2.9
2021.9781 -37.023 -16.3215 -1.8 1.2 0.9 2.9
2021.9808 -34.0889 -13.9899 -8.5 1.2 0.9 2.9
2021.9836 -33.3954 -16.3215 -9.9 1.2 0.9 3.0
2021.9863 -32.6485 -15.8774 -3.5 1.2 0.9 2.9
2021.9890 -29.0743 -17.6539 -6.4 1.3 0.9 3.0
2021.9918 -32.5419 -13.9899 -6.7 1.2 0.9 2.9
2021.9945 -32.0084 -13.8788 -10.5 1.2 0.9 3.0
2021.9973 -34.3023 -13.8788 -5.5 1.2 0.9 2.9
2022.0000 -31.8483 -13.5457 -8 1.2 0.9 2.9
2022.0027 -29.6078 -14.323 -2 1.2 0.9 2.8
2022.0055 -33.2887 -14.9891 -4.9 1.2 0.9 2.8
2022.0082 -31.955 -16.7656 -13.7 1.2 0.9 2.8
2022.0110 -32.4885 -12.1023 -20.7 1.2 0.9 2.8
2022.0137 -32.0617 -12.8796 -17.1 1.2 0.9 2.8
2022.0164 -30.0345 -13.3237 -15.4 1.2 0.9 2.8
2022.0192 -33.8755 -12.9906 -8.1 1.2 0.9 2.8
2022.0219 -33.5555 -14.545 -6.7 1.2 0.9 2.8
2022.0247 -32.1151 -11.2141 1.1 1.3 1.0 3.1
2022.0274 -32.3285 -14.7671 13.9 1.2 0.9 2.8
2022.0301 -33.022 -12.2134 10.4 1.2 0.9 2.9
2022.0329 -32.0084 -10.2148 6.7 1.2 0.9 2.8
2022.0356 -33.5555 -14.1009 8 1.2 0.9 2.9
2022.0384 -34.9958 -11.9913 5.2 1.2 0.9 3.0
2022.0411 -30.8881 -12.9906 11.9 1.2 0.9 3.0
2022.0438 -33.7688 -10.881 8.8 1.2 0.9 2.9
2022.0466 -35.9027 -11.6582 7.3 1.2 0.9 2.9
2022.0493 -38.5168 -10.77 9.4 1.2 0.9 2.9
2022.0521 -35.796 -13.2127 16 1.2 0.9 2.9
2022.0548 -37.3965 -13.8788 12.9 1.2 0.9 2.9
2022.0575 -35.636 -12.8796 12.4 1.2 0.9 2.9
2022.0603 -33.9822 -13.8788 23.7 1.2 0.9 3.0
2022.0630 -35.9561 -12.6575 15.1 1.2 0.9 2.9
2022.0658 -37.3431 -14.545 18.3 1.2 1.0 2.9
2022.0685 -36.0628 -13.1016 17.2 1.2 1.0 3.0
2022.0712 -37.6632 -13.1016 5.4 1.2 0.9 2.9
2022.0740 -38.8368 -12.9906 13.3 1.2 0.9 2.8
2022.0767 -35.476 -12.7685 10.9 1.2 0.9 2.8
2022.0795 -39.5303 -13.9899 11.7 1.2 0.9 2.9
2022.0822 -38.25 -15.1002 11.7 1.2 0.9 2.8
2022.0849 -37.7699 -11.3251 6.8 1.2 0.9 2.8
2022.0877 -35.3693 -11.7693 7.4 1.2 0.9 2.8
2022.0904 -35.5826 -13.1016 5.9 1.2 0.9 2.8
2022.0932 -38.0366 -10.6589 6.2 1.3 1.0 2.9
2022.0959 -33.9822 -14.8781 7.5 1.4 1.0 2.9
2022.0986 -35.2092 -13.3237 6 1.2 0.9 2.8
2022.1014 -34.1956 -15.1002 14.4 1.2 0.9 2.9
2022.1041 -32.4352 -13.8788 10 1.2 0.9 2.9
2022.1068 -35.2092 -13.8788 7.3 1.2 0.9 2.9
2022.1096 -35.796 -13.6568 11.2 1.2 0.9 2.9
2022.1123 -34.4624 -14.2119 0.8 1.3 0.9 2.9
2022.1151 -36.0628 -11.8803 4.7 1.2 0.9 2.8
2022.1178 -34.0889 -12.6575 2.6 1.2 0.9 2.8
2022.1205 -34.8358 -13.3237 5.2 1.2 0.9 2.9
2022.1233 -34.8891 -10.881 5.5 1.2 0.9 2.9
2022.1260 -35.1559 -11.6582 -16.1 1.2 0.9 2.9
2022.1288 -37.3431 -12.8796 -8.2 1.2 0.9 2.9
2022.1315 -35.3693 -11.2141 -1 1.3 0.9 2.9
2022.1342 -34.249 -13.8788 1.7 1.2 0.9 2.9
2022.1370 -34.1423 -11.3251 0.2 1.3 0.9 3.0
2022.1397 -35.1025 -11.5472 -3.3 1.3 0.9 2.9
2022.1425 -41.0241 -13.8788 -0.7 1.3 0.9 2.9
2022.1452 -36.7563 -10.881 3.4 1.3 0.9 3.0
2022.1479 -36.7563 -11.1031 -4.9 1.2 0.9 2.9
2022.1507 -34.7291 -13.7678 -0.2 1.4 1.0 3.2
2022.1534 -33.9289 -12.1023 1.2 1.4 1.0 3.2
2022.1562 -37.1831 -11.1031 0.2 1.3 0.9 3.0
2022.1589 -34.0356 -13.5457 -3.9 1.3 0.9 2.9
2022.1616 -36.5429 -10.77 -1.5 1.3 0.9 2.9
2022.1644 -33.5021 -11.2141 -4.8 1.3 0.9 2.9
2022.1671 -36.2762 -10.992 -3.5 1.3 0.9 2.9
2022.1699 -35.1559 -12.5465 3.6 1.3 0.9 2.9
2022.1726 -32.0617 -12.7685 1.1 1.3 0.9 2.9
2022.1753 -33.5555 -13.7678 -9.1 1.3 0.9 3.0
2022.1781 -34.3023 -11.2141 -2.4 1.3 0.9 2.9
2022.1808 -33.2887 -9.43761 -6.4 1.3 0.9 2.9
2022.1836 -31.955 -11.4362 -5.1 1.3 0.9 2.8
2022.1863 -33.2887 -12.3244 -2.7 1.3 0.9 2.9
2022.1890 -30.8347 -13.8788 -0.1 1.3 0.9 3.0
2022.1918 -31.0481 -12.2134 -2.8 1.3 0.9 3.0
2022.1945 -31.5283 -12.7685 -5.1 1.3 0.9 3.0
2022.1973 -29.6078 -11.3251 -1.9 1.5 0.9 2.9
2022.2000 -33.7155 -10.4369 -5.2 1.3 0.9 2.8
2022.2027 -33.8755 -13.4347 -3.6 1.2 0.9 2.8
2022.2055 -31.1015 -10.6589 -7.8 1.3 0.9 2.9
2022.2082 -31.2615 -11.2141 -5.1 1.3 0.9 3.0
2022.2110 -30.8347 -14.323 -6.6 1.3 0.9 2.9
2022.2137 -33.3954 -13.5457 -1.3 1.3 0.9 2.9
2022.2164 -30.6214 -14.656 -15 1.3 0.9 2.9
2022.2192 -31.6349 -13.5457 -8.3 1.3 0.9 2.9
2022.2219 -28.8609 -10.6589 -5.8 1.2 0.9 2.9
2022.2247 -29.8745 -13.6568 -10.7 1.3 0.9 2.9
2022.2274 -31.795 -14.8781 -8.2 1.3 0.9 3.0
2022.2301 -30.0879 -15.1002 -14 1.3 1.0 3.0
2022.2329 -34.3023 -14.8781 -10.8 1.2 0.9 2.9
2022.2356 -31.1548 -14.434 -9.9 1.3 0.9 2.9
2022.2384 -30.4613 -14.545 -9.8 1.3 0.9 2.9
2022.2411 -33.4488 -14.545 -8.9 1.3 0.9 2.9
2022.2438 -36.4362 -14.1009 -11.2 1.3 0.9 2.9
2022.2466 -34.3023 -16.8767 -11.5 1.3 1.0 3.0
2022.2493 -31.5816 -15.9884 -7 1.3 1.0 3.0
2022.2521 -34.9425 -14.7671 -6.7 1.3 1.0 3.0
2022.2548 -34.3557 -15.9884 -1.5 1.3 0.9 2.9
2022.2575 -33.9289 -17.6539 -8.2 1.3 1.0 2.9
2022.2603 -36.1695 -15.6553 -5.8 1.3 0.9 2.9
2022.2630 -37.5032 -17.4318 -8 1.3 0.9 2.9
2022.2658 -34.4624 -17.7649 -9 1.3 0.9 3.0
2022.2685 -32.8619 -16.5436 -15.8 1.3 1.0 3.0
2022.2712 -35.1025 -14.656 -8.2 1.3 0.9 2.9
2022.2740 -37.9299 -15.2112 -12.1 1.4 1.0 3.0
2022.2767 -34.6224 -11.6582 -9.8 1.3 1.0 3.0
2022.2795 -33.7688 -16.2105 -6.5 1.2 0.9 2.9
2022.2822 -33.5021 -14.323 -8.7 1.3 0.9 2.9
2022.2849 -31.0481 -15.2112 -3.1 1.8 1.2 3.3
2022.2877 -33.5555 -15.5443 -2.9 1.3 0.9 3.0
2022.2904 -33.0753 -15.5443 -5.6 1.3 0.9 3.0
2022.2932 -33.182 -15.7664 -2.5 1.3 0.9 2.9
2022.2959 -32.5952 -19.0973 -9.2 1.3 0.9 2.9
2022.2986 -33.2887 -16.9877 0.4 1.3 0.9 2.9
2022.3014 -30.6214 -17.5428 -7 1.2 0.9 2.9
2022.3041 -34.0356 -18.9862 1.6 1.3 0.9 2.9
2022.3068 -34.9425 -18.098 4.9 1.3 0.9 3.0
2022.3096 -35.5293 -18.098 -1.6 1.3 0.9 2.9
2022.3123 -35.5826 -19.2083 -11.7 1.3 0.9 3.0
2022.3151 -30.4613 -16.0994 -3.7 1.3 0.9 2.9
2022.3178 -32.2218 -19.5414 -10.3 1.2 0.9 2.9
2022.3205 -34.3557 -16.9877 -12.8 1.4 1.0 3.1
2022.3233 -34.3023 -17.2098 -15.5 1.3 1.0 3.1
2022.3260 -40.9174 -14.7671 -13.2 1.3 0.9 3.0
2022.3288 -39.1036 -16.2105 -3.9 1.2 0.9 3.0
2022.3315 -37.4498 -20.4296 -5.2 1.2 0.9 3.0
2022.3342 -36.5429 -18.9862 -6.1 1.3 0.9 3.0
2022.3370 -38.9969 -19.3193 -1.9 1.3 1.0 3.1
2022.3397 -39.1036 -19.3193 -9.1 1.3 1.0 3.0
2022.3425 -33.9822 -17.7649 -11.3 1.2 0.9 2.9
2022.3452 -37.3431 -19.2083 -10 1.2 0.9 2.9
2022.3479 -37.7699 -20.0966 -12.4 1.2 0.9 3.0
2022.3507 -42.091 -18.3201 -13.2 1.2 0.9 2.9
2022.3534 -39.1036 -16.9877 -5.3 1.2 0.9 3.0
2022.3562 -37.7165 -17.7649 -6 1.2 0.9 2.9
2022.3589 -38.1967 -19.0973 -6.7 1.2 0.9 2.9
2022.3616 -36.3829 -17.7649 -13 1.2 0.9 2.9
2022.3644 -36.3829 -19.2083 -7.9 1.2 0.9 2.9
2022.3671 -41.6109 -16.9877 -10.6 1.2 0.9 2.9
2022.3699 -38.9435 -19.4304 -10.1 1.2 0.9 2.9
2022.3726 -40.0105 -18.7642 -8.3 1.2 0.9 2.9
2022.3753 -37.9299 -20.6517 -9.2 1.2 0.9 2.9
2022.3781 -34.9425 -22.6503 -11.4 1.2 0.9 2.9
2022.3808 -38.5168 -20.4296 -15.9 1.2 0.9 2.9
2022.3836 -40.9707 -20.5407 -16.6 1.2 0.9 3.0
2022.3863 -40.4373 -16.8767 -10.6 1.2 0.9 2.9
2022.3890 -40.704 -17.5428 -5.3 1.2 0.9 2.9
2022.3918 -41.8776 -20.9848 -5.4 1.2 0.9 2.9
2022.3945 -40.3306 -20.6517 -2.8 1.2 0.9 3.1
2022.3973 -37.6632 -17.4318 -13.7 1.2 0.9 3.0
2022.4000 -38.8902 -17.7649 -9.8 1.2 0.9 3.1
2022.4027 -41.5042 -20.7627 -9.8 1.3 0.9 3.1
2022.4055 -38.1433 -19.3193 -10 1.3 0.9 3.0
2022.4082 -39.5837 -25.204 -7.9 1.3 0.9 3.0
2022.4110 -37.8232 -20.3186 -15.5 1.2 0.9 3.0
2022.4137 -40.9174 -18.8752 -14.1 1.2 0.9 3.0
2022.4164 -40.2772 -21.3179 -14.8 1.2 0.9 2.9
2022.4192 -38.6768 -18.3201 -7.9 1.2 0.9 3.1
2022.4219 -43.478 -21.3179 -10.2 1.2 0.9 3.1
2022.4247 -41.9843 -22.4282 -8.1 1.2 0.9 3.0
2022.4274 -38.6768 -21.873 -8.5 1.2 0.9 2.9
2022.4301 -42.6778 -22.5392 -5.3 1.2 0.9 3.0
2022.4329 -41.3975 -20.2076 -2.8 1.2 1.0 3.1
2022.4356 -40.5439 -21.54 4.2 1.2 0.9 3.1
2022.4384 -40.1172 -19.3193 8 1.2 0.9 3.0
2022.4411 -39.1569 -22.4282 -3.2 1.2 0.9 3.0
2022.4438 -41.0774 -18.8752 -2.2 1.2 0.9 2.9
2022.4466 -40.1172 -22.5392 -4.5 1.2 1.0 3.1
2022.4493 -38.5168 -20.8738 -2.4 1.2 0.9 3.0
2022.4521 -38.9435 -20.2076 -1.9 1.2 0.9 3.0
2022.4548 -39.5303 -22.4282 -6.4 1.3 1.0 3.1
2022.4575 -42.9446 -22.8723 -3.8 1.2 0.9 3.0
2022.4603 -39.8504 -20.0966 -6.4 1.2 0.9 2.9
2022.4630 -40.1172 -22.7613 -3.4 1.2 0.9 3.0
2022.4658 -42.3578 -21.0958 -1.2 1.2 0.9 3.0
2022.4685 -40.0638 -20.5407 6.9 1.2 0.9 3.0
2022.4712 -41.0774 -19.7635 -4.8 1.2 0.9 3.0
2022.4740 -41.6109 -21.3179 -4.2 1.2 0.9 3.0
2022.4767 -42.6778 -22.0951 -8.1 1.2 0.9 3.0
2022.4795 -42.0377 -21.4289 -7.9 1.3 1.0 3.2
2022.4822 -39.8504 -20.3186 -1.4 1.2 0.9 3.0
2022.4849 -47.159 -21.0958 3.4 1.2 0.9 3.0
2022.4877 -41.9843 -20.7627 0.9 1.2 0.9 3.0
2022.4904 -40.8107 -23.6495 -7 1.2 0.9 3.0
2022.4932 -40.6506 -22.2061 -12.3 1.2 0.9 3.0
2022.4959 -39.9038 -21.2069 -2 1.2 0.9 3.0
2022.4986 -37.4498 -22.4282 -7.6 1.2 0.9 2.9
2022.5014 -43.7448 -24.7598 -4.5 1.3 1.0 3.0
2022.5041 -46.8389 -21.9841 5.3 1.2 0.9 3.0
2022.5068 -45.0785 -21.3179 1.8 1.4 1.0 3.3
2022.5096 -40.2239 -22.3172 -6.1 1.3 1.0 3.3
2022.5123 -37.3431 -21.762 -2.9 1.3 0.9 3.1
2022.5151 -44.0649 -25.7591 2.5 1.4 1.0 3.1
2022.5178 -43.5314 -22.9834 3.3 1.2 1.0 3.1
2022.5205 -42.2511 -19.8745 3.3 1.2 1.0 3.0
2022.5233 -44.6517 -22.4282 4.7 1.2 1.0 3.0
2022.5260 -43.3714 -21.9841 -4 1.2 0.9 3.0
2022.5288 -41.8243 -21.9841 1 1.2 1.0 3.0
2022.5315 -42.6245 -24.8709 -0.8 1.2 0.9 3.0
2022.5342 -45.2919 -20.2076 4.6 1.2 1.0 3.1
2022.5370 -44.5983 -22.7613 -5.1 1.2 1.0 3.0
2022.5397 -45.2385 -21.4289 7.7 1.2 0.9 3.0
2022.5425 -43.3714 -22.4282 1.3 1.2 0.9 3.0
2022.5452 -42.6245 -21.873 -0.9 1.2 0.9 3.0
2022.5479 -46.0387 -19.5414 -4 1.4 1.1 3.2
2022.5507 -44.9718 -23.4275 -0.5 1.2 1.0 3.1
2022.5534 -39.1036 -23.5385 3.2 1.3 1.0 3.1
2022.5562 -42.8912 -22.5392 5.9 1.2 1.0 3.1
2022.5589 -46.8923 -23.6495 0.2 1.2 1.0 3.0
2022.5616 -42.5711 -22.8723 2.4 1.2 1.0 3.0
2022.5644 -40.704 -23.2054 -6.3 1.2 0.9 3.0
2022.5671 -42.9979 -22.0951 -1.1 1.2 1.0 3.0
2022.5699 -41.2375 -21.651 -3.3 1.2 0.9 3.0
2022.5726 -46.5722 -20.3186 2.4 1.2 0.9 3.0
2022.5753 -42.3044 -22.7613 -0.7 1.2 0.9 3.0
2022.5781 -39.0502 -21.762 2.1 1.2 1.0 3.0
2022.5808 -40.704 -22.9834 -2.3 1.2 1.0 3.0
2022.5836 -41.3975 -23.5385 6.9 1.2 0.9 3.0
2022.5863 -39.4237 -23.4275 -0.6 1.3 1.0 3.1
2022.5890 -44.4916 -23.6495 -0.9 1.3 1.0 3.1
2022.5918 -43.9582 -21.873 -8.1 1.3 1.0 3.0
2022.5945 -45.6119 -20.3186 5.8 1.2 1.0 3.0
2022.5973 -44.7584 -22.3172 -1.4 1.2 1.0 3.0
2022.6000 -45.4519 -18.8752 -1.6 1.4 1.1 3.1
2022.6027 -43.478 -23.3164 2.3 1.3 1.0 3.1
2022.6055 -44.0649 -24.6488 11.5 1.3 1.0 3.0
2022.6082 -44.4383 -21.9841 -0.4 1.3 1.0 3.0
2022.6110 -41.0774 -20.7627 -4.3 1.4 1.0 3.1
2022.6137 -43.8515 -22.6503 9.1 1.3 1.0 3.0
2022.6164 -43.6381 -19.4304 6.8 1.3 1.0 3.0
2022.6192 -42.091 -23.4275 7.1 1.3 1.0 3.0
2022.6219 -43.9048 -20.6517 3.5 1.3 1.0 3.1
2022.6247 -46.6255 -21.4289 2.6 1.3 1.0 3.0
2022.6274 -47.9059 -22.2061 3.8 1.3 1.0 3.0
2022.6301 -43.3714 -19.8745 6.7 1.4 1.0 3.1
2022.6329 -44.2249 -23.7606 0.6 1.3 1.0 3.1
2022.6356 -46.9456 -25.0929 -3.3 1.3 1.0 3.1
2022.6384 -45.0785 -21.9841 2.3 1.3 1.0 3.0
2022.6411 -42.9446 -21.651 1 1.3 0.9 3.0
2022.6438 -40.4906 -22.6503 -1.3 1.5 1.1 3.4
2022.6466 -40.704 -24.6488 5 1.5 1.0 3.3
2022.6493 -46.6255 -24.5378 1 1.3 1.0 3.1
2022.6521 -43.3714 -25.0929 12.7 1.3 1.0 3.1
2022.6548 -43.4247 -21.9841 7.9 1.4 1.0 3.1
2022.6575 -44.6517 -19.9855 4.7 1.3 1.0 3.1
2022.6603 -44.2249 -22.6503 1.3 1.3 1.0 3.0
2022.6630 -40.5973 -24.7598 7.6 1.3 0.9 3.0
2022.6658 -42.8912 -24.4267 9 1.3 0.9 3.0
2022.6685 -44.5983 -23.4275 5.5 1.3 0.9 3.0
2022.6712 -45.932 -21.2069 6.9 1.3 0.9 3.0
2022.6740 -46.0921 -25.0929 6.9 1.3 0.9 3.0
2022.6767 -40.4373 -22.3172 -6.3 2.0 1.1 3.4
2022.6795 -45.8253 -24.0937 4.9 1.4 1.0 3.0
2022.6822 -48.226 -22.7613 5.9 1.2 0.9 2.9
2022.6849 -44.8651 -23.4275 -3 1.2 0.9 3.0
2022.6877 -44.3316 -21.4289 -1.1 1.3 0.9 3.0
2022.6904 -38.8902 -24.2047 5.2 1.3 0.9 3.0
2022.6932 -41.5575 -23.4275 5.1 1.3 0.9 3.0
2022.6959 -47.2657 -26.0922 1.1 1.3 0.9 2.9
2022.6986 -45.6119 -22.6503 -0.1 1.3 0.9 3.0
2022.7014 -43.5847 -23.8716 -1.9 1.3 0.9 3.0
2022.7041 -45.932 -21.762 6.1 1.3 0.9 3.1
2022.7068 -43.4247 -23.9826 8.4 1.3 0.9 3.1
2022.7096 -40.3306 -23.9826 17.1 1.3 0.9 3.0
2022.7123 -46.1454 -21.2069 0.8 1.2 0.9 3.0
2022.7151 -45.2919 -21.651 -8.8 1.3 0.9 2.9
2022.7178 -43.2647 -23.5385 -2.8 1.3 0.9 3.0
2022.7205 -44.0115 -21.0958 0.3 1.3 0.9 3.0
2022.7233 -43.5314 -25.315 6.8 1.3 0.9 3.0
2022.7260 -46.6789 -21.2069 1.7 1.3 0.9 3.0
2022.7288 -46.0921 -23.2054 6.3 1.3 0.9 3.0
2022.7315 -46.6255 -22.0951 -1.4 1.3 0.9 2.9
2022.7342 -44.4383 -23.9826 -2 1.2 0.9 2.9
2022.7370 -44.385 -24.9819 1.7 1.3 0.9 3.0
2022.7397 -45.6653 -24.2047 -2 1.4 0.9 3.0
2022.7425 -44.1716 -23.5385 4.8 1.3 1.0 3.0
2022.7452 -46.3055 -22.6503 4.5 1.3 1.0 3.0
2022.7479 -45.3452 -21.9841 -0.3 1.4 1.0 3.0
2022.7507 -48.8661 -25.5371 3.2 1.3 0.9 2.9
2022.7534 -49.2396 -24.5378 -0.9 1.3 0.9 2.9
2022.7562 -47.9059 -21.762 6.6 1.3 0.9 2.9
2022.7589 -45.932 -22.8723 -0.3 1.4 0.9 2.9
2022.7616 -48.1193 -22.5392 -3.6 1.3 0.9 2.9
2022.7644 -44.1716 -20.7627 2.9 1.4 0.9 3.0
2022.7671 -48.4393 -20.5407 4.7 1.4 0.9 3.0
2022.7699 -54.1475 -22.9834 -2.9 1.3 0.9 2.9
2022.7726 -51.4801 -26.5363 3 1.4 0.9 3.0
2022.7753 -43.1046 -24.3157 8.3 1.3 0.9 2.8
2022.7781 -48.8661 -21.4289 3.1 1.3 0.9 3.0
2022.7808 -47.9059 -23.5385 -4 1.3 0.9 3.1
2022.7836 -46.999 -22.8723 -1 1.4 1.0 3.0
2022.7863 -49.5063 -24.5378 -3.5 1.6 1.0 3.2
2022.7890 -45.7186 -22.0951 -4.7 1.3 0.9 2.9
2022.7918 -46.4122 -23.6495 1.2 1.3 0.9 2.9
2022.7945 -50.1998 -24.4267 5.8 1.3 0.9 2.9
2022.7973 -48.5994 -24.3157 -4.1 1.4 1.0 3.2
2022.8000 -45.4519 -22.7613 3.7 1.4 1.0 3.3
2022.8027 -46.5188 -23.9826 6.7 1.3 0.9 3.0
2022.8055 -50.9467 -24.7598 -6.1 1.3 1.0 3.0
2022.8082 -50.4132 -21.54 -10.1 1.5 1.1 3.2
2022.8110 -53.3473 -25.204 5.1 1.3 0.9 2.9
2022.8137 -48.386 -22.3172 3.4 1.3 0.9 2.8
2022.8164 -46.5722 -26.2032 0.7 1.3 0.9 2.8
2022.8192 -47.1057 -26.6474 12.9 1.4 1.0 2.9
2022.8219 -53.9875 -26.0922 5.2 1.4 1.0 3.0
2022.8247 -44.9184 -23.8716 -1.4 1.3 0.9 2.9
2022.8274 -50.7866 -26.5363 10.9 1.4 0.9 2.9
2022.8301 -50.2532 -22.6503 5.7 1.3 0.9 2.8
2022.8329 -48.6527 -24.9819 7 1.3 0.9 2.8
2022.8356 -45.932 -24.4267 -3.7 1.3 0.9 2.8
2022.8384 -48.386 -24.9819 10.6 1.3 0.9 2.9
2022.8411 -48.5994 -25.8701 6.9 1.6 1.0 3.3
2022.8438 -49.3996 -24.7598 -7.2 1.3 0.9 2.8
2022.8466 -47.6391 -22.3172 1.6 1.3 0.9 2.8
2022.8493 -49.8797 -22.9834 1.6 1.3 0.9 2.8
2022.8521 -48.546 -23.9826 -0.6 1.4 1.1 3.1
2022.8548 -51.2134 -25.6481 5 1.3 0.9 2.8
2022.8575 -49.6663 -25.5371 3.2 1.3 0.9 2.9
2022.8603 -47.159 -25.0929 5.9 1.3 1.0 3.0
2022.8630 -48.2793 -24.8709 3.1 1.4 0.9 2.9
2022.8658 -44.4916 -26.0922 4.4 1.3 0.9 2.9
2022.8685 -47.8525 -24.5378 8.9 1.3 0.9 2.9
2022.8712 -47.159 -22.8723 2.9 1.3 0.9 3.0
2022.8740 -49.5596 -22.8723 6.3 1.3 0.9 2.9
2022.8767 -51.4268 -24.3157 -0.5 1.3 0.9 2.8
2022.8795 -46.6255 -23.6495 2.3 1.2 0.9 2.8
2022.8822 -52.1203 -24.2047 -0.8 1.3 0.9 2.8
2022.8849 -48.9728 -23.7606 7.1 1.2 0.9 2.8
2022.8877 -47.2124 -23.6495 12.2 1.2 0.9 2.8
2022.8904 -48.5994 -24.8709 11.9 1.2 0.9 2.8
2022.8932 -49.9864 -25.426 7.7 1.3 0.9 2.9
2022.8959 -51.3201 -24.5378 8.9 1.3 0.9 2.9
2022.8986 -49.3463 -25.204 6.6 1.2 0.9 2.8
2022.9014 -47.9059 -25.426 -2.7 1.3 1.0 2.9
2022.9041 -49.0795 -22.7613 4.8 1.3 0.9 2.8
2022.9068 -49.9864 -24.5378 -1 1.2 0.9 2.8
2022.9096 -50.7866 -21.762 3.2 1.3 0.9 2.9
2022.9123 -52.9205 -23.0944 2.3 1.3 0.9 2.8
2022.9151 -47.0523 -22.7613 4.3 1.3 0.9 2.8
2022.9178 -51.9069 -23.5385 -2.2 1.3 0.9 2.8
2022.9205 -53.6674 -26.0922 8.7 1.2 0.9 2.8
2022.9233 -53.1339 -23.4275 5.1 1.2 0.9 2.8
2022.9260 -51.1067 -26.6474 2.7 1.2 0.9 2.8
2022.9288 -51.2668 -26.0922 3.5 1.2 0.9 2.8
2022.9315 -49.8797 -22.7613 2.2 1.2 0.9 2.8
2022.9342 -47.5324 -24.3157 -19.5 1.3 1.1 3.0
2022.9370 -50.0931 -26.7584 -28.8 1.3 0.9 2.8
2022.9397 -50.4665 -27.7577 -28.9 1.2 0.9 2.8
2022.9425 -50.4132 -26.6474 -28.6 1.2 0.9 2.8
2022.9452 -47.3191 -27.5356 -23.6 1.2 0.9 2.8
2022.9479 -52.7605 -23.0944 -16.3 1.2 0.9 2.8
2022.9507 -52.6538 -22.5392 -25.3 1.2 0.9 2.8
2022.9534 -57.0283 -22.3172 -30.8 1.2 0.9 2.7
2022.9562 -53.4006 -25.315 -35.7 1.2 0.9 2.8
2022.9589 -54.3609 -27.7577 -39 1.2 0.9 2.8
2022.9616 -50.7866 -23.8716 -38.6 1.2 0.9 2.8
2022.9644 -50.2532 -24.5378 -49.7 1.2 0.9 2.7
2022.9671 -53.8808 -24.6488 -45.6 1.2 0.9 2.7
2022.9699 -52.7071 -22.9834 -50.2 1.2 0.9 2.8
2022.9726 -50.4132 -23.0944 -53.4 1.2 0.9 2.7
2022.9753 -52.1737 -23.0944 -41.3 1.2 0.9 2.7
2022.9781 -54.3609 -19.2083 -24.3 1.2 0.9 2.8
2022.9808 -51.6935 -22.0951 -23.8 1.2 0.9 2.7
2022.9836 -51.9603 -25.315 -26.3 1.2 0.9 2.7
2022.9863 -52.5471 -29.2011 -16.3 1.3 1.0 2.9
2022.9890 -52.8672 -26.9805 -15.4 1.4 1.0 3.1
2022.9918 -53.7741 -28.4239 -11.9 1.3 1.0 3.0
2022.9945 -53.8274 -27.9797 -9.7 1.2 0.9 2.8
2022.9973 -53.1873 -26.6474 0.4 1.2 1.0 2.9
2023.0000 -52.067 -27.4246 -4.1 1.2 0.9 2.8
2023.0027 -48.5994 -24.6488 1 1.2 0.9 2.8
2023.0055 -49.1329 -25.0929 4.8 1.2 0.9 2.8
2023.0082 -51.8002 -21.762 3.7 1.2 0.9 2.8
2023.0110 -54.1475 -25.0929 6.6 1.2 1.0 2.9
2023.0137 -52.8672 -25.7591 9 1.2 0.9 2.9
2023.0164 -50.1998 -24.3157 -0.2 1.2 0.9 2.7
2023.0192 -50.8933 -22.5392 -1 1.2 0.9 2.7
2023.0411 -55.1611 -24.8709 -7.3 1.3 1.0 2.9
2023.0438 -53.5073 -25.7591 4.7 1.2 0.9 2.8
2023.0466 -55.0544 -25.5371 -2.5 1.2 0.9 2.8
2023.0493 -54.841 -25.204 -7.6 1.2 0.9 2.7
2023.0521 -50.84 -25.6481 -11 1.2 0.9 2.7
2023.0548 -51.9069 -25.0929 -8.7 1.2 1.0 2.9
2023.0575 -54.681 -25.315 -9.7 1.3 1.0 2.9
2023.0603 -53.5607 -27.6466 -5.8 1.3 1.0 2.9
2023.0630 -52.227 -25.0929 -3.4 1.3 1.0 2.9
2023.0658 -58.2019 -25.315 1.6 1.2 1.0 2.8
2023.0685 -55.2678 -24.8709 -0.8 1.3 1.1 3.0
2023.0712 -48.8661 -24.5378 7.7 1.3 1.1 3.1
2023.0740 -54.6276 -22.9834 -5.5 1.3 1.0 3.0
2023.0767 -54.841 -25.7591 0.1 1.3 1.0 2.8
2023.0795 -52.227 -25.5371 0.6 1.3 1.0 2.9
2023.0822 -55.2678 -23.7606 3.5 1.3 1.0 3.0
2023.0849 -55.4278 -24.7598 -0.9 1.3 1.0 2.9
2023.0877 -53.5073 -23.5385 5 1.3 1.0 2.9
2023.0904 -54.4142 -23.4275 -3.1 1.3 1.0 2.9
2023.0932 -57.2417 -26.3143 -7.4 1.3 1.0 2.8
2023.0959 -55.8546 -25.7591 -1.8 1.2 0.9 2.8
2023.0986 -54.4142 -25.8701 2.8 1.2 1.0 2.8
2023.1014 -53.1873 -23.9826 3.3 1.3 1.0 2.9
2023.1041 -56.068 -22.2061 7.2 1.3 1.0 2.9
2023.1068 -56.1214 -25.7591 4.2 1.3 1.0 2.9
2023.1096 -58.1486 -24.4267 3.1 1.3 1.0 2.8
2023.1123 -57.6684 -23.9826 -2.4 1.3 1.0 2.8
2023.1151 -56.6015 -24.5378 6.1 1.3 1.0 2.9
2023.1178 -57.455 -21.9841 9.6 1.3 1.0 2.9
2023.1205 -55.1611 -24.0937 -3.5 1.3 1.0 2.8
2023.1233 -52.7605 -22.6503 2.3 1.3 1.0 2.9
2023.1260 -52.6004 -23.0944 5.5 1.8 1.2 3.4
2023.1288 -54.5209 -23.8716 1.6 1.6 1.1 3.2
2023.1315 -55.0011 -22.5392 -2.4 1.3 1.0 3.0
2023.1342 -55.2678 -24.8709 2.4 1.3 0.9 2.9
2023.1370 -59.8557 -23.7606 -2.5 1.3 0.9 2.8
2023.1397 -56.3881 -24.2047 1.3 1.3 0.9 2.8
2023.1425 -53.9341 -24.3157 -5 1.5 1.0 3.1
2023.1452 -53.8808 -23.0944 -2.8 1.3 0.9 2.8
2023.1479 -57.5084 -26.6474 10.6 1.3 1.0 2.9
2023.1507 -54.7343 -23.2054 1 1.3 0.9 2.9
2023.1534 -53.6674 -26.2032 3.4 1.4 1.0 2.9
2023.1562 -53.0272 -23.8716 9 1.3 1.0 2.9
2023.1589 -58.3619 -28.3128 2 2.3 1.4 3.9
2023.1616 -55.0544 -24.9819 6.1 1.4 1.0 2.9
2023.1644 -51.7469 -24.3157 7.9 1.3 0.9 2.8
2023.1671 -53.294 -23.7606 4.2 1.3 0.9 2.8
2023.1699 -59.1622 -25.7591 8.2 1.3 1.0 2.8
2023.1726 -52.0136 -23.2054 -0.8 1.3 0.9 2.8
2023.1753 -55.3745 -23.4275 4.5 1.6 1.0 3.0
2023.1781 -55.4812 -23.2054 -4.2 1.3 0.9 2.8
2023.1808 -56.6015 -22.6503 -3.3 1.3 0.9 2.9
2023.1836 -54.4142 -23.0944 -1.5 1.3 1.0 2.9
2023.1863 -53.8274 -21.0958 -6 1.5 1.1 3.1
2023.1890 -52.7605 -22.2061 -2.1 1.4 1.0 3.0
2023.1918 -53.7741 -22.8723 -2.7 1.3 1.0 2.9
2023.1945 -53.7207 -23.3164 -4.1 1.4 1.0 3.0
2023.1973 -52.9739 -20.6517 1.8 1.3 0.9 2.8
2023.2000 -55.1611 -24.3157 -3.4 1.5 1.0 2.9
2023.2027 -53.7741 -22.3172 -1.6 1.5 1.0 3.1
2023.2055 -57.8818 -22.0951 1 1.3 0.9 2.9
2023.2082 -52.4937 -21.762 -9 1.3 0.9 2.8
2023.2110 -51.1601 -22.3172 -2.9 1.3 0.9 2.9
2023.2137 -50.84 -26.2032 9 1.3 1.0 2.9
2023.2164 -49.7197 -22.8723 -12.9 1.3 1.0 2.9
2023.2192 -52.3337 -24.3157 0.5 1.3 1.0 2.9
2023.2219 -55.5345 -25.5371 -7.4 1.3 1.0 2.9
2023.2247 -52.0136 -26.2032 -3.1 1.8 1.1 3.3
2023.2274 -54.0942 -22.4282 -3.2 1.6 1.3 3.4
2023.2301 -52.8672 -22.2061 -9 1.4 1.0 2.9
2023.2329 -54.0942 -22.9834 -11.8 1.3 1.0 2.9
2023.2356 -55.7479 -21.9841 -5.3 1.3 1.0 2.9
2023.2384 -56.068 -23.2054 -4.5 1.3 1.0 2.9
2023.2411 -56.1747 -20.9848 -12.4 1.3 1.0 3.0
2023.2438 -52.8672 -20.6517 -15 1.7 1.2 3.2
2023.2466 -54.4676 -21.0958 -11.7 1.3 1.0 2.9
2023.2493 -57.7751 -24.0937 -7.9 1.3 1.0 2.9
2023.2521 -57.0283 -24.5378 -8.9 1.3 1.0 2.9
2023.2548 -56.9749 -23.5385 -7.5 1.4 1.0 3.1
2023.2575 -54.841 -21.9841 -6.8 1.3 1.0 3.0
2023.2603 -54.0408 -23.8716 -7.5 1.3 1.0 2.9
2023.2630 -55.2145 -21.762 -8.2 1.3 1.0 2.9
2023.2658 -57.8285 -21.762 -8.1 1.3 1.0 2.9
2023.2685 -57.6151 -24.9819 -8.1 1.2 1.0 2.9
2023.2712 -57.1883 -23.3164 -10.5 1.2 1.0 2.8
2023.2740 -56.1214 -25.315 -14.7 1.4 1.0 2.9
2023.2767 -57.9885 -23.7606 -8.9 1.3 1.0 2.9
2023.2795 -57.8285 -23.3164 -15.2 1.3 1.0 2.9
2023.2822 -55.1611 -23.2054 -7.9 1.3 1.0 3.0
2023.2849 -58.4686 -24.5378 -6.4 1.4 1.1 3.2
2023.2877 -55.8546 -23.6495 -1.9 1.4 1.0 3.0
2023.2904 -53.5607 -23.7606 -7 1.3 1.0 3.0
2023.2932 -53.9341 -22.5392 -11.2 1.3 1.0 2.9
2023.2959 -55.1078 -23.2054 -16.2 1.3 1.0 2.9
2023.2986 -59.3222 -27.0915 -15 1.4 1.0 3.0
2023.3014 -55.1611 -25.7591 -7.6 1.2 1.0 2.9
2023.3041 -54.0942 -25.0929 -9.1 1.3 1.0 2.9
2023.3068 -53.294 -24.2047 -3 1.2 1.0 2.9
2023.3096 -59.8557 -24.3157 -5.2 1.7 1.1 3.1
2023.3123 -59.909 -28.2018 0.9 1.6 1.2 3.6
2023.3151 -57.1883 -27.2025 3 1.2 1.0 2.9
2023.3178 -58.4686 -26.6474 10.7 1.2 1.0 2.8
2023.3205 -55.6946 -26.8694 6.5 1.3 1.0 2.9
2023.3233 -56.2281 -26.6474 7.1 1.3 1.0 2.9
2023.3260 -59.6423 -28.979 11.2 1.3 1.0 2.9
2023.3288 -58.4153 -28.979 -4.7 1.2 1.0 2.9
2023.3315 -61.0293 -29.6452 5 1.2 1.0 2.9
2023.3342 -57.7751 -26.6474 -5.3 1.2 1.0 2.9
2023.3370 -55.1078 -26.4253 5 1.2 1.0 2.9
2023.3397 -57.4017 -27.8687 -0.4 1.2 1.0 2.9
2023.3425 -56.7082 -25.426 -1.8 1.2 1.0 3.0
2023.3452 -59.749 -27.0915 5.4 1.5 1.1 3.3
2023.3479 -58.9488 -25.9812 -5.1 1.2 1.0 2.9
2023.3507 -57.3483 -26.6474 0.4 1.2 1.0 3.0
2023.3534 -59.0555 -25.315 1.4 1.2 1.0 2.9
2023.3562 -57.295 -25.7591 1.3 1.3 1.0 3.0
2023.3589 -59.5356 -27.5356 2.6 1.2 1.0 2.9
2023.3616 -56.3881 -26.6474 0.3 1.3 1.0 3.0
2023.3644 -52.8138 -25.6481 -10.3 1.2 1.0 2.9
2023.3671 -57.6684 -25.426 -4.1 1.2 1.0 2.9
2023.3699 -56.7615 -25.5371 -6 1.3 1.0 3.0
2023.3726 -57.1883 -26.9805 -4.4 1.2 1.0 3.0
2023.3753 -56.3881 -27.7577 -7.9 1.2 1.0 3.0
2023.3781 -56.3347 -24.9819 -8.7 1.3 1.0 3.0
2023.3808 -59.8023 -26.0922 -7.9 1.3 1.1 3.1
2023.3836 -52.227 -24.9819 -17.8 1.5 1.2 3.2
2023.3863 -55.8013 -27.0915 -5.7 1.3 1.0 3.0
2023.3890 -57.9885 -25.315 -7.7 1.3 1.0 3.1
2023.3918 -54.3609 -25.315 -1.5 1.3 1.0 3.0
2023.3945 -56.068 -25.426 -6.3 1.2 1.0 2.9
2023.3973 -53.5073 -25.7591 -2.8 1.2 1.0 2.9
2023.4000 -57.8285 -26.3143 -3.2 1.3 1.0 3.0
2023.4027 -60.6025 -26.6474 0.8 1.3 1.0 3.0
