2008.6575 0 0 0 1.2 0.9 3.3
2008.6603 3.99477 1.77564 0.7 1.2 1.0 3.4
2008.6630 5.90961 -0.221956 33.6 1.3 1.2 3.7
2008.6658 2.31102 -1.66467 -10.2 3.2 2.7 14.2
2008.7397 -15.781 4.55009 -17.4 2.7 2.2 7.3
2008.7425 0.264116 0.221955 11.9 1.1 1.0 3.3
2008.7452 -0.264118 0.665866 11 1.2 1.0 3.6
2008.7479 -14.6255 2.10858 -12.5 4.0 3.4 17.5
2008.8082 13.668 1.44271 -7.6 2.6 2.4 7.7
2008.8110 5.51344 -3.66227 15.1 1.2 1.1 3.5
2008.8137 6.47086 -3.44031 35.5 1.3 1.1 4.0
2008.8329 6.73498 -2.9964 -4.7 2.4 1.9 5.5
2008.8356 1.68374 0.332933 8.1 1.2 1.1 3.4
2008.8384 12.9087 -6.32573 44.9 1.9 1.4 6.1
2008.8932 -7.85748 -1.10978 -3.7 1.4 1.2 4.1
2008.8959 -1.51867 -0.443911 22.6 1.1 0.9 3.3
2008.8986 -0.792351 4.994 12.2 3.5 2.4 12.4
2008.9507 6.3388 1.55369 26.4 1.2 1.0 3.3
2008.9534 1.32058 2.9964 -6.7 1.4 1.1 4.2
2009.0027 -6.47086 -5.77084 -9.9 2.1 1.8 5.7
2009.0027 1.84882 1.9976 19.9 1.2 1.0 3.3
2009.0055 -9.47519 -2.21955 -26.2 2.2 1.7 7.1
2009.0521 -7.92351 -5.88182 28.2 2.5 2.0 6.7
2009.0548 -0.0990446 3.66226 4.4 1.1 0.9 3.3
2009.0575 -5.81057 -2.33053 -15.5 2.0 1.4 6.5
2009.1041 4.72109 -1.88662 44.6 1.4 1.2 4.1
2009.1068 -5.94263 4.66106 -4.6 1.3 1.0 3.6
2009.1534 -11.4561 2.77444 10.7 2.3 2.2 5.6
2009.1562 -2.64117 5.9928 22.8 1.3 1.0 3.4
2009.1589 -8.12159 7.32453 -42.4 3.7 2.8 13.8
2009.1973 -12.7436 9.43311 -40.2 2.9 3.0 7.3
2009.2000 -1.88183 8.76724 23.2 1.2 1.0 3.3
2009.2027 1.71676 8.76724 -5.3 2.1 1.5 7.0
2009.2466 -5.18329 6.88062 -12.1 1.6 1.4 4.6
2009.2493 2.83926 3.55129 10.2 1.3 1.0 3.6
2009.2959 -7.92351 0 -9.3 1.2 1.0 3.4
2009.2986 -1.02345 -3.44031 38.2 2.0 1.4 6.1
2009.3425 -6.20675 2.77444 -11.2 1.2 1.1 3.5
2009.3452 -8.25365 -0.776844 4.7 1.4 1.2 4.5
2009.3890 -3.36749 1.10978 24.4 1.1 1.0 3.6
2009.3918 -9.21107 1.33173 -6 1.3 1.2 4.6
2009.4356 0.132057 0.221955 9.8 1.3 1.1 3.8
2009.4384 -4.91918 3.32933 11.7 1.2 1.1 4.2
2009.4822 1.84882 3.32933 6.8 1.3 1.1 3.8
2009.4849 1.08948 1.9976 12.3 1.2 1.1 4.4
2009.5288 -6.66895 1.77564 -1.5 1.0 0.9 3.1
2009.5315 4.19285 -3.9952 41 1.5 1.3 5.8
2009.5452 -7.32924 1.22075 5 1.0 0.9 3.2
2009.5507 -8.91394 2.77444 5.5 1.1 1.0 3.3
2009.5534 -5.61248 0.110978 6.8 1.2 1.0 3.4
2009.5973 -18.158 -2.44151 10.2 1.1 1.0 3.4
2009.6000 -14.6255 4.77204 13 1.9 1.7 7.8
2009.6411 -15.9791 8.10137 17.5 1.2 1.0 3.4
2009.6438 -16.8044 7.43551 -45.6 1.5 1.4 6.0
2009.6849 -18.3561 10.3209 -7.2 1.1 1.0 3.2
2009.6877 -15.2197 8.32333 23.8 1.7 1.4 5.8
2009.7288 -23.6715 11.4307 -8.9 1.0 0.9 3.2
2009.7315 -19.0494 10.21 19.6 2.2 1.9 8.1
2009.7699 -18.3561 11.9856 22.8 2.1 1.9 5.9
2009.7726 -21.4925 9.65506 10.6 1.1 0.9 3.4
2009.8137 -16.4743 -0.443911 1.1 1.7 1.4 4.3
2009.8164 -6.43785 4.66106 33.4 1.5 1.4 4.5
2009.8575 -17.993 7.21355 7.9 1.2 1.1 3.5
2009.8986 -15.748 11.8746 17 1.3 1.2 3.6
2009.9014 -28.5576 17.2015 -48.5 1.8 1.4 5.3
2009.9397 -26.4447 8.65626 -16.1 1.3 1.2 4.0
2009.9425 -14.8896 4.32813 38.5 1.3 1.1 4.1
2009.9671 -17.9269 2.9964 11.8 1.3 1.0 3.6
2009.9699 -7.56034 3.66226 3.1 3.4 2.6 11.8
2010.0082 -20.2049 8.21235 -8.4 1.1 0.9 3.2
2010.0110 -12.1164 -6.65866 53.2 2.8 2.0 9.1
2010.0493 -22.9451 7.87942 13.5 1.1 0.9 3.3
2010.0521 -18.7853 10.5429 -11.8 3.3 2.2 11.5
2010.0877 -9.87137 13.8722 65.7 3.1 2.5 7.1
2010.0904 -28.9208 6.10378 5.9 1.3 1.0 3.6
2010.1288 -22.8791 4.21715 0.2 2.5 2.2 5.8
2010.1315 -24.1997 11.5417 9.6 1.2 1.1 3.9
2010.1699 -24.761 12.3185 2 1.6 1.5 4.6
2010.1726 -20.1389 6.21475 63.7 1.6 1.2 5.0
2010.2110 -30.2744 10.5429 4.6 1.5 1.1 3.6
2010.2137 -34.7644 10.3209 -2.5 3.3 2.0 10.3
2010.2493 -23.4404 15.5369 -26.5 2.5 1.7 6.0
2010.2521 -17.4317 3.66226 27.6 1.4 1.2 4.5
2010.2904 -21.7236 7.32453 0.6 1.2 1.0 3.5
2010.2932 -23.9686 8.87822 0.5 2.2 1.6 7.2
2010.3288 -31.8921 5.54889 -13.2 1.9 1.3 4.6
2010.3315 -23.0772 10.21 22.6 1.2 1.0 3.9
2010.3699 -26.6098 6.43671 9 1.1 0.9 3.3
2010.4082 -21.5916 11.2088 6.6 1.5 1.2 4.0
2010.4110 -32.4534 11.3197 -13.9 1.8 1.6 6.1
2010.4466 -22.648 5.65986 7.3 1.7 1.2 4.5
2010.4493 -29.6141 8.32333 13.5 1.5 1.2 4.7
2010.4849 -43.3152 9.43311 -8.3 2.6 1.9 6.5
2010.4877 -28.4586 11.8746 1.2 1.3 1.1 4.0
2010.5233 2.14595 4.43911 79.1 2.8 2.0 7.6
2010.5260 -26.2466 16.2027 15.3 1.2 0.9 3.5
2010.5644 -31.661 10.6539 4.3 1.1 1.0 3.3
2010.6027 -35.2266 13.6503 0.7 1.2 1.0 3.3
2010.6055 -31.3969 9.54408 72 3.0 2.4 12.8
2010.6411 -40.3438 16.2027 16.6 1.1 0.9 3.3
2010.6438 -44.8338 20.7528 -11.5 3.7 2.7 13.8
2010.6795 -52.1631 21.4187 -2.6 1.2 1.0 3.6
2010.6822 -33.939 17.3125 51.6 3.7 3.1 14.9
2010.7178 -41.1032 20.7528 22.4 1.3 1.0 3.6
2010.7288 -38.495 23.7492 -14.2 1.9 1.6 4.4
2010.7315 -40.707 6.76964 17.6 2.6 2.0 8.7
2010.7644 -56.6861 30.1859 -18.5 2.7 2.8 8.4
2010.7671 -38.1979 22.4175 38.9 1.2 1.0 3.5
2010.8027 -27.9634 18.6443 -1.1 2.4 2.0 6.6
2010.8055 -39.3864 20.8638 19.4 1.7 1.2 4.5
2010.8411 -39.0563 21.6407 29.5 1.2 1.1 3.5
2010.8438 -38.9572 13.8722 13.2 2.5 1.8 9.3
2010.8767 -39.6175 26.0798 47.6 3.8 3.7 7.8
2010.8795 -47.6071 22.8614 -8.6 1.6 1.2 4.3
2010.9151 -42.853 18.7552 4.8 1.3 1.0 3.5
2010.9178 -29.0529 13.4283 52.2 2.1 1.6 7.2
2010.9507 -40.674 17.3125 36.6 3.7 2.8 7.5
2010.9534 -48.0032 25.4139 -17.2 1.5 1.3 4.5
2010.9890 -45.3951 18.6443 -5.4 1.1 0.9 3.1
2010.9918 -25.8834 13.4283 55.3 3.3 2.2 11.8
2011.0247 -41.0702 19.3101 17.1 2.2 1.6 5.5
2011.0274 -40.773 23.6383 -9.9 1.6 1.1 4.7
2011.0603 -30.8687 16.2027 28.5 2.3 2.0 6.7
2011.0630 -48.6305 24.859 -7.4 1.2 0.9 3.5
2011.0986 -46.0554 24.3041 13.7 1.3 1.0 3.5
2011.1014 -40.3769 22.4175 32.3 4.0 2.6 14.3
2011.1342 -39.8486 23.5273 37.5 2.0 1.6 4.9
2011.1370 -60.7139 20.8638 -35 2.1 1.4 6.1
2011.1699 -52.9554 25.1919 -19.6 2.2 1.9 5.1
2011.1726 -47.376 18.2003 44.9 1.7 1.3 4.9
2011.2055 -51.6348 20.3089 6.5 2.4 2.4 5.8
2011.2082 -47.7391 30.7408 -16.4 2.1 1.5 5.0
2011.2411 -44.7348 12.3185 33.5 3.4 3.7 7.8
2011.2438 -46.7157 17.3125 2.8 1.7 1.3 4.4
2011.2795 -48.8616 27.0786 48.3 2.0 1.4 4.5
2011.3151 -49.1918 24.97 19.4 1.3 1.0 3.6
2011.3507 -51.0736 23.0834 2.9 1.1 0.9 3.4
2011.3863 -49.5549 21.0858 11.4 1.3 1.1 3.8
2011.3945 -51.7999 22.6395 12.9 1.3 1.2 3.7
2011.3973 -41.3673 20.087 65.9 2.8 2.4 10.2
2011.4301 -45.7252 18.9772 19.9 1.2 1.0 3.5
2011.4329 -51.7669 29.964 21.8 3.4 3.0 14.8
2011.4658 -52.1961 19.865 4 1.2 1.0 3.6
2011.4986 -39.4855 24.1931 59.4 2.5 1.7 6.2
2011.5014 -51.899 19.865 12.9 1.3 1.0 3.9
2011.5342 -46.7487 19.754 1.1 3.0 1.9 6.1
2011.5370 -46.2204 23.7492 34.2 1.4 1.2 4.5
2011.5562 -50.5784 28.0774 17.4 3.4 2.4 8.2
2011.5589 -51.4698 20.7528 50.4 1.3 1.1 3.9
2011.5918 -51.4368 19.0882 45.9 2.2 1.7 5.7
2011.5945 -54.0119 20.9748 -9.2 1.6 1.2 4.5
2011.6274 -56.7191 24.0822 -0.4 1.5 1.2 4.0
2011.6301 -59.4263 21.7516 28.2 1.8 1.4 6.2
2011.6630 -55.5306 21.0858 27.4 1.4 1.1 3.6
2011.6959 -52.3942 31.6287 44.3 5.5 2.8 9.9
2011.6986 -62.1665 26.3017 -4.2 1.6 1.4 4.5
2011.7315 -71.4106 43.0594 8.7 2.7 2.2 5.6
2011.7342 -55.2995 16.5357 42.7 1.8 1.5 5.4
2011.7671 -54.4411 24.4151 24.5 1.4 1.2 3.7
2011.7699 -60.7469 28.2993 -4.8 4.0 2.3 12.3
2011.8027 -60.8789 28.9652 -9.9 2.1 1.6 5.2
2011.8356 -73.0943 29.4091 2.6 2.8 2.2 5.9
2011.8384 -48.3334 21.0858 71 2.1 1.7 6.8
2011.8712 -59.5583 28.9652 35.7 2.2 1.8 5.6
2011.9041 -59.4593 22.8614 21.9 2.3 1.6 5.4
2011.9068 -66.2273 26.4127 -4.8 2.1 1.7 5.9
2011.9397 -63.355 18.8662 24.7 1.6 1.2 4.2
2011.9726 -61.4732 17.2015 23.3 1.9 1.5 4.7
2011.9753 -59.3933 22.8614 9.2 2.5 1.5 6.5
2012.0055 -70.3541 19.1991 -15.5 7.1 5.6 13.1
2012.0082 -60.6808 30.1859 6.4 2.5 1.7 5.2
2012.0411 -64.2794 27.3005 15.9 1.7 1.2 4.1
2012.0438 -53.3846 24.5261 55.8 3.8 2.1 12.2
2012.0740 -60.7799 19.3101 44.8 3.8 3.6 8.6
2012.0767 -59.6244 24.4151 32.9 1.9 1.3 4.7
2012.1096 -66.7225 26.7456 1.2 1.4 1.1 3.9
2012.1425 -66.6565 24.6371 37.1 1.5 1.4 4.0
2012.1452 -55.6626 19.754 55.4 3.8 1.8 8.7
2012.1753 -91.3514 26.3017 3.9 3.2 2.8 6.5
2012.1781 -61.2421 27.0786 41.5 1.5 1.2 4.7
2012.2110 -67.746 23.4163 6.4 1.5 1.2 4.4
2012.2438 -67.6469 24.97 30.2 1.4 1.0 3.7
2012.2767 -73.3254 27.1895 10.6 1.6 1.2 3.9
2012.2795 -67.878 22.1955 34.6 2.5 1.8 7.5
2012.3096 -59.0301 22.8614 23.8 1.6 1.3 4.5
2012.3123 -71.7407 26.5237 -7.7 1.6 1.4 5.2
2012.3425 -61.011 19.865 64.7 3.2 2.0 6.3
2012.3452 -72.5331 27.0786 2.3 1.4 1.2 4.4
2012.3753 -73.5895 30.2969 11.6 5.3 3.0 7.8
2012.3781 -72.6321 27.1895 21.4 1.7 1.3 4.7
2012.4110 -67.2838 24.859 46.1 1.4 1.1 4.0
2012.4438 -73.3915 26.7456 7.8 1.2 1.0 3.6
2012.4767 -75.2733 21.6407 0.5 1.3 1.1 3.6
2012.5096 -72.0048 24.748 25.8 1.2 1.0 3.5
2012.5425 -61.6383 21.9736 53.1 1.2 0.9 3.4
2012.5753 -69.1326 23.0834 24.3 1.4 1.1 3.8
2012.6082 -75.8676 27.5225 32.7 1.3 1.0 3.6
2012.6411 -76.858 23.7492 30 1.3 1.0 3.5
2012.6740 -81.8432 27.9664 19.1 1.5 1.1 3.7
2012.7068 -82.0413 27.4115 27.8 1.8 1.6 4.5
2012.7397 -82.3714 26.0798 65.3 2.3 1.8 5.4
2012.7726 -87.7528 25.8578 20.1 1.8 1.5 4.3
2012.8027 -88.8093 16.6467 71.3 4.6 4.9 10.0
2012.8055 -93.8605 29.4091 8.5 1.7 1.4 4.3
2012.8384 -77.5843 27.0786 16.2 1.9 1.3 4.6
2012.8685 -108.156 17.5345 0.5 5.7 4.8 10.7
2012.8712 -64.2464 24.97 87.4 2.6 2.1 6.5
2012.9014 -79.7963 31.2957 74.7 2.9 2.3 6.6
2012.9041 -87.3236 32.2945 7.2 2.3 1.7 5.8
2012.9342 -84.9136 30.2969 37.9 1.5 1.2 4.0
2012.9370 -85.904 28.8542 43.4 2.5 1.6 7.8
2012.9753 -85.4088 26.6347 48.6 1.3 0.9 3.6
2013.0027 -91.6816 24.748 41.1 3.3 2.5 7.3
2013.0055 -84.6494 33.9592 16.2 1.5 1.1 4.0
2013.0356 -77.5183 37.9544 66.9 4.9 4.2 8.8
2013.0384 -90.9552 33.6263 43.3 2.2 1.6 5.2
2013.0685 -89.3705 25.6359 36.8 1.8 1.7 5.0
2013.0712 -63.256 33.1823 72.2 3.1 2.1 7.8
2013.1014 -85.4748 28.4103 57.4 1.6 1.2 3.9
2013.1315 -80.2255 21.0858 72.4 3.2 2.4 7.5
2013.1342 -86.4652 28.5213 25.9 1.7 1.2 4.3
2013.1425 -83.2298 26.8566 45.2 1.6 1.2 3.9
2013.1726 -84.1872 38.7312 -2.9 3.5 2.5 7.6
2013.1753 -86.1021 28.2993 51.2 1.5 1.2 4.2
2013.2055 -93.1012 18.2003 32.2 2.8 2.0 5.6
2013.2082 -84.2863 32.5165 38.6 3.1 1.8 7.3
2013.2384 -82.3384 29.853 13 1.2 1.1 3.5
2013.2685 -88.182 33.8482 26 2.3 1.9 5.4
2013.2712 -81.6121 29.4091 48 2.4 1.9 5.5
2013.3014 -91.8136 23.1943 26.7 1.4 1.2 3.7
2013.3041 -98.0534 31.1847 41.4 3.5 2.9 12.6
2013.3315 -82.4044 28.9652 21.5 5.2 3.0 8.0
2013.3342 -87.0925 28.4103 21.1 1.4 1.1 4.0
2013.3644 -80.8858 22.8614 43.5 2.1 1.4 4.4
2013.3671 -94.2567 26.5237 28.7 1.9 1.6 6.7
2013.3973 -95.3792 27.5225 22 1.5 1.3 4.1
2013.4274 -91.5495 28.4103 26.4 2.3 1.6 4.7
2013.4301 -89.7337 27.1895 49.6 1.9 1.5 6.0
2013.4603 -86.7954 28.0774 46.1 1.2 1.0 3.5
2013.4904 -88.3471 35.069 52.4 4.0 3.4 8.2
2013.4932 -95.7423 32.1835 -5 1.7 1.4 5.3
2013.5233 -94.5208 26.9676 13.2 1.8 1.3 4.1
2013.5534 -83.593 38.7312 19.8 2.5 1.9 5.6
2013.5562 -79.9614 20.5309 65.1 1.6 1.3 4.7
2013.5863 -87.1255 24.97 51.2 1.3 1.1 3.5
2013.6164 -105.449 31.6287 37.1 2.5 2.2 6.1
2013.6192 -98.1854 32.4055 28.2 2.0 1.5 5.1
2013.6356 -94.5538 24.748 39.2 1.4 1.1 3.6
2013.6658 -107.793 33.5153 12.2 2.1 2.0 6.0
2013.6685 -94.5208 25.1919 19.1 1.8 1.4 4.9
2013.6986 -96.0065 32.4055 28.6 1.6 1.3 3.9
2013.7288 -91.4835 27.0786 36.7 2.8 2.4 6.7
2013.7315 -87.1255 26.5237 51 1.9 1.6 5.2
2013.7616 -97.8223 25.4139 40.7 1.3 1.1 3.6
2013.7918 -115.881 27.8554 29.8 4.3 4.4 7.9
2013.7945 -94.7189 22.4175 26.5 3.4 2.2 8.4
2013.8247 -100.331 34.2921 15.8 1.7 1.3 4.3
2013.8548 -99.8692 30.6299 -8.2 3.2 2.1 5.8
2013.8575 -75.4714 18.7552 62.6 6.3 3.1 9.8
2013.8877 -101.388 22.4175 41.2 2.1 1.4 4.5
2013.9178 -105.647 12.6515 70.9 2.2 1.3 4.6
2013.9479 -113.471 36.1787 39.3 2.4 1.8 5.3
2013.9507 -101.619 24.3041 -20.4 2.0 1.3 5.4
2013.9781 -90.9222 22.0846 40.3 3.6 3.0 8.5
2013.9808 -108.981 27.6335 -0.1 1.7 1.1 4.2
2014.0110 -111.953 26.5237 26.1 2.1 1.3 4.5
2014.0411 -103.831 30.5189 29.3 2.2 2.5 6.0
2014.0438 -92.2098 25.8578 69.9 2.2 1.4 5.7
2014.0712 -111.787 49.718 14.7 5.9 6.1 10.7
2014.0740 -94.3557 23.5273 85.6 1.7 1.2 4.2
2014.1041 -91.6155 29.4091 50.4 2.8 1.5 4.7
2014.1342 -105.812 39.5081 48.9 2.6 2.5 7.3
2014.1644 -112.184 34.2921 65.1 8.5 8.1 13.7
2014.1671 -120.767 46.9436 14.4 3.8 2.9 7.4
2014.1973 -95.8744 34.0702 65.1 5.0 3.9 9.5
2014.2274 -110.599 32.8494 60 2.5 2.2 5.2
2014.2575 -115.122 32.9604 30.1 2.3 2.0 5.4
2014.2603 -107 37.5105 43.8 3.3 2.8 8.5
2014.2877 -100.562 28.8542 73.8 2.2 1.9 5.6
2014.2904 -116.211 34.4031 19.1 2.0 1.6 6.1
2014.3178 -112.184 17.5345 75.1 3.9 2.3 7.4
2014.3205 -111.325 26.7456 23.4 1.4 1.2 4.5
2014.3507 -114.33 27.6335 27.2 1.6 1.3 4.3
2014.3808 -107.958 27.1895 46 1.3 1.1 3.7
2014.4110 -106.67 27.1895 41 1.4 1.3 4.0
2014.4411 -107.198 22.6395 65.5 2.1 1.3 4.3
2014.4438 -109.575 26.9676 23.1 2.1 2.0 7.9
2014.4712 -111.49 25.6359 41.2 2.0 1.3 4.6
2014.4740 -113.009 26.4127 49.8 1.6 1.4 5.6
2014.5014 -111.325 28.4103 35 2.2 1.5 5.3
2014.5041 -109.741 22.1955 49.3 1.6 1.3 4.7
2014.5315 -107.463 30.6299 29.9 9.1 5.9 13.1
2014.5342 -107 24.6371 80.8 1.7 1.2 4.6
2014.5644 -114.131 25.9688 33.2 1.3 1.0 3.8
2014.5945 -114.065 28.9652 39.4 1.5 1.2 4.1
2014.6247 -115.815 28.5213 15.3 1.2 1.0 3.4
2014.6548 -120.767 29.0762 33.7 1.7 1.4 4.0
2014.6575 -116.178 23.4163 47.1 4.5 3.8 14.3
2014.6849 -127.998 30.8518 36.7 2.2 1.8 4.7
2014.6877 -99.8362 28.4103 33 4.8 2.9 10.6
2014.7151 -121.131 21.6407 51.3 3.3 2.7 6.1
2014.7178 -107.033 29.964 23 2.8 2.1 8.5
2014.7452 -119.777 31.8506 32.7 3.7 3.1 7.6
2014.7479 -124.927 33.5153 38.1 3.5 3.4 7.8
2014.7753 -107.066 33.2933 78 2.8 2.3 6.9
2014.7781 -117.136 32.8494 9.9 2.9 1.9 7.1
2014.8055 -110.335 35.9568 107 8.5 8.3 12.9
2014.8082 -124.729 35.5129 43.3 4.5 2.9 6.8
2014.8384 -116.443 21.7516 54.1 2.3 1.7 5.3
2014.8685 -115.485 24.859 72.3 1.9 1.3 4.6
2014.8986 -108.75 28.0774 60.1 1.9 1.5 4.6
2014.9288 -117.103 30.6299 45.5 1.7 1.4 4.7
2014.9589 -119.909 26.0798 21.3 2.0 1.4 4.8
2014.9890 -116.707 24.5261 44.7 1.8 1.4 4.6
2015.0192 -113.174 31.0738 77.8 2.5 1.9 5.8
2015.0466 -110.005 31.6287 -25.2 5.3 4.1 10.0
2015.0493 -120.932 34.958 77.7 2.0 1.3 4.9
2015.0767 -132.686 34.5141 -8.6 4.6 5.7 10.3
2015.0795 -125.026 34.847 28 1.8 1.3 4.8
2015.1096 -123.805 40.2849 33.2 2.6 1.8 6.3
2015.1370 -110.17 49.1631 42.7 6.7 5.0 12.9
2015.1397 -128.658 35.8458 34.6 1.7 1.4 4.8
2015.1671 -110.269 49.607 1.3 3.5 2.9 8.0
2015.1699 -119.018 25.8578 31.2 1.9 1.4 5.6
2015.1973 -106.67 48.2753 15.3 4.6 4.0 8.7
2015.2000 -107.198 31.6287 87.7 3.0 2.2 6.7
2015.2274 -133.346 38.0654 34.9 3.2 2.5 6.9
2015.2301 -118.357 38.6202 58.6 4.1 2.6 9.4
2015.2575 -137.803 31.6287 44.2 3.2 2.6 5.8
2015.2603 -126.38 30.6299 44.5 4.6 4.0 14.3
2015.2877 -117.202 31.5177 49.6 1.6 1.3 4.2
2015.2904 -117.664 56.1547 46 8.5 6.8 27.1
2015.3178 -128.493 28.1883 39.8 1.3 1.1 3.8
2015.3479 -130.672 31.6287 27.2 1.5 1.2 4.2
2015.3753 -115.65 27.3005 63.9 3.0 2.5 6.5
2015.3781 -129.681 29.0762 67.9 2.0 1.5 4.9
2015.4027 -130.573 31.8506 35.9 1.5 1.2 4.0
2015.4055 -120.602 26.6347 44.7 3.2 2.4 11.3
2015.4438 -119.348 19.5321 81.7 2.8 2.1 6.8
2015.4466 -127.436 30.4079 42.1 1.4 1.3 4.7
2015.4575 -124.927 32.7384 52.2 1.6 1.2 4.0
2015.4603 -118.721 29.853 -2.9 3.2 2.5 8.8
2015.4822 -120.701 30.8518 64.2 1.6 1.4 4.6
2015.4849 -125.059 31.6287 39.8 1.2 1.0 3.6
2015.5151 -128.922 34.5141 36.5 1.3 1.1 4.0
2015.5205 -125.224 28.5213 58.9 1.6 1.2 4.1
2015.5233 -133.643 28.9652 27.3 1.8 1.6 6.6
2015.5507 -116.509 21.6407 80.7 2.2 2.0 6.3
2015.5534 -136.119 29.964 45.9 1.5 1.2 4.5
2015.5808 -132.091 38.7312 56.1 3.2 2.0 6.3
2015.5836 -122.055 22.4175 66 1.7 1.4 5.6
2015.6110 -131.728 29.742 53.3 1.6 1.2 4.3
2015.6137 -131.233 31.0738 33.8 2.8 2.1 9.0
2015.6411 -132.256 28.0774 55.8 1.3 1.1 3.8
2015.6685 -152.296 27.5225 42.2 4.9 2.9 9.5
2015.6712 -138.958 31.9616 24.2 1.7 1.4 4.7
2015.6986 -137.968 34.847 53.9 1.8 1.7 5.1
2015.7014 -133.874 29.6311 19 1.9 1.4 5.5
2015.7288 -133.907 38.7312 47.3 2.2 1.5 5.0
2015.7315 -133.511 24.6371 36 3.1 2.1 10.5
2015.7589 -135.261 33.2933 32.9 1.8 1.6 4.6
2015.7863 -135.063 30.7408 29.7 2.1 1.9 6.2
2015.7890 -132.752 25.3029 53.5 1.8 1.3 4.4
2015.8164 -156.852 28.2993 22.8 4.8 5.8 11.4
2015.8192 -124.399 28.7432 55.4 1.9 1.4 5.7
2015.8466 -135.789 27.1895 77.3 2.2 1.6 5.1
2015.8493 -138.76 28.8542 -8 4.3 2.6 13.6
2015.8767 -145.132 28.8542 53.9 1.6 1.2 4.1
2015.9041 -151.339 15.9808 50.5 2.6 2.3 6.6
2015.9068 -142.986 31.0738 13.4 1.6 1.2 4.4
2015.9342 -140.576 22.3065 39.8 1.9 1.8 4.8
2015.9370 -138.793 22.5285 25.1 3.0 2.0 8.7
2015.9644 -145.462 28.5213 28.4 1.4 1.2 4.0
2015.9918 -142.26 33.7372 28.2 2.7 2.5 6.3
2015.9945 -140.477 25.8578 63.5 1.4 1.2 4.3
2016.0219 -148.566 37.3995 27.6 2.1 2.0 5.7
2016.0247 -144.076 26.0798 54.7 2.2 1.6 6.9
2016.0521 -137.77 32.0726 64.7 1.5 1.3 4.2
2016.0795 -136.086 31.5177 42 3.2 2.4 7.3
2016.0822 -134.303 31.8506 42.2 1.3 1.2 4.1
2016.1096 -136.548 25.1919 64 2.5 2.3 6.1
2016.1123 -148.104 26.0798 50 2.7 2.3 7.8
2016.1397 -152.627 30.5189 36.4 1.3 1.2 3.8
2016.1671 -141.369 34.6251 74.9 3.4 3.3 7.6
2016.1699 -139.091 28.4103 41.5 1.8 1.6 4.9
2016.1973 -148.401 28.9652 36 1.8 1.6 4.2
2016.2000 -136.284 32.9604 54.5 3.5 2.7 12.4
2016.2274 -141.633 31.9616 63.5 1.6 1.3 4.1
2016.2548 -146.486 22.0846 31.2 2.5 2.2 6.1
2016.2575 -134.667 36.4007 48.2 2.0 2.0 7.0
2016.2849 -144.472 31.4067 42.8 1.2 1.1 3.8
2016.3123 -159.163 28.0774 54.6 2.8 2.0 5.7
2016.3151 -155.103 34.2921 20.8 1.4 1.5 4.7
2016.3425 -148.863 30.7408 59 1.2 1.1 3.7
2016.3452 -154.772 46.0558 14.2 4.4 5.1 18.9
2016.3699 -144.637 21.5297 109.6 2.6 1.8 6.1
2016.3726 -152.726 34.958 42 1.5 1.3 4.3
2016.4000 -158.074 30.075 39 1.4 1.3 3.9
2016.4027 -151.603 28.4103 38.8 2.4 2.4 9.6
2016.4301 -150.481 24.97 49.1 1.2 1.1 4.0
2016.4575 -157.579 23.5273 41.6 2.0 1.6 4.5
2016.4603 -147.179 28.6323 41.4 2.0 1.8 7.1
2016.4877 -147.146 33.1823 64.9 1.3 1.2 4.1
2016.5151 -153.716 32.7384 52.9 1.7 1.4 4.6
2016.5178 -149.061 29.4091 22.2 1.9 1.6 6.2
2016.5452 -151.768 36.0678 64.8 1.2 1.1 3.6
2016.5726 -155.928 28.0774 62.7 1.9 1.7 4.9
2016.5753 -158.8 31.8506 31.4 1.5 1.3 4.9
2016.6301 -154.046 37.3995 64.7 2.0 1.9 5.4
2016.6329 -157.216 32.7384 87.3 1.6 1.4 4.8
2016.6603 -169.992 32.2945 43.8 1.2 1.1 3.6
2016.6877 -172.6 38.2873 5.1 2.1 2.1 6.3
2016.6904 -152.032 35.4019 53.5 1.5 1.2 4.7
2016.7178 -165.469 33.8482 52.7 1.4 1.2 3.9
2016.7205 -171.94 48.0534 -12.9 4.7 3.7 17.1
2016.7452 -163.752 39.841 22.5 2.4 2.2 6.3
2016.7479 -169.959 34.736 36.8 1.9 1.5 4.7
2016.7753 -164.545 34.6251 50.5 1.4 1.1 3.8
2016.7781 -173.327 35.4019 17.1 4.0 3.0 14.0
2016.8027 -157.249 31.9616 75.9 3.1 2.9 7.6
2016.8055 -168.308 35.5129 19.2 1.5 1.2 4.1
2016.8329 -153.419 33.2933 54.6 1.4 1.3 3.9
2016.8356 -142.095 32.6275 13.5 4.1 3.0 14.6
2016.8603 -147.575 34.0702 66.6 2.1 2.5 6.7
2016.8630 -167.978 28.4103 43.7 1.7 1.2 4.3
2016.8904 -162.366 27.9664 49.9 1.4 1.3 3.9
2016.8932 -148.269 26.5237 86.8 5.4 3.1 18.3
2016.9151 -161.573 32.9604 35.7 1.8 1.9 5.2
2016.9178 -157.678 27.0786 62.2 1.5 1.2 4.3
2016.9452 -163.059 28.1883 57.8 1.2 1.1 3.6
2016.9726 -168.341 36.6226 26.4 1.6 1.7 4.9
2016.9753 -154.871 28.4103 71.1 1.6 1.3 5.1
2017.0027 -163.059 35.8458 55.9 1.1 1.0 3.4
2017.0274 -159.361 30.7408 52.9 1.6 1.8 4.7
2017.0301 -166.295 31.1847 24.8 2.0 1.5 5.7
2017.0575 -157.81 34.958 42.5 1.2 1.1 3.7
2017.0849 -160.649 34.1811 58.8 2.3 2.3 5.1
2017.0877 -171.478 32.4055 36.4 3.0 2.4 9.8
2017.1123 -160.22 27.4115 75.4 3.6 2.9 7.1
2017.1151 -164.248 28.8542 50.8 1.2 1.1 4.0
2017.1425 -169.233 33.5153 39.4 1.4 1.4 4.1
2017.1699 -172.138 27.8554 35.4 2.4 1.9 6.0
2017.1726 -161.144 28.6323 64.2 1.5 1.4 5.1
2017.2000 -165.502 32.4055 68.5 1.1 1.0 3.5
2017.2274 -173.756 38.7312 40.4 1.9 1.5 4.8
2017.2301 -159.527 35.069 7 2.1 1.9 7.4
2017.2548 -175.836 26.8566 40.3 2.5 1.8 6.4
2017.2575 -165.139 34.5141 34.5 1.4 1.4 4.5
2017.2849 -168.903 30.075 50 1.1 1.0 3.3
2017.3123 -166.427 29.5201 76.6 2.3 2.0 5.4
2017.3151 -173.063 34.736 0.2 1.6 1.5 5.5
2017.3425 -176.694 35.7348 9.1 1.2 1.3 3.8
2017.3699 -171.148 30.1859 36.9 1.4 1.3 3.9
2017.3726 -157.579 28.8542 67.8 4.5 3.7 16.1
2017.3973 -155.631 33.0714 69.6 1.9 1.6 5.3
2017.4000 -161.871 36.8446 66.5 1.5 1.3 5.1
2017.4274 -163.092 33.4043 63.7 1.2 1.1 3.7
2017.4548 -166.229 35.6239 47.8 1.3 1.1 3.8
2017.4575 -152.395 34.4031 89.3 3.8 3.1 14.8
2017.4822 -172.798 29.964 -0.4 1.8 1.7 5.1
2017.4849 -159.956 26.1907 53.4 1.5 1.3 5.1
2017.5123 -161.739 27.7444 59.6 1.3 1.1 3.9
2017.5397 -166.658 32.6275 76.2 2.0 1.5 4.4
2017.5425 -159.527 36.1787 9.1 4.4 3.5 15.1
2017.5671 -157.81 31.1847 59.6 1.9 1.8 5.2
2017.5699 -169.563 42.7264 27.7 1.6 1.3 5.3
2017.5973 -168.804 37.0666 39.3 1.3 1.1 4.1
2017.6247 -175.275 37.2885 51.2 1.5 1.2 4.0
2017.6521 -177.586 40.7288 61.6 2.0 1.7 4.8
2017.6548 -171.94 34.5141 68 1.9 1.5 6.0
2017.6795 -184.155 40.3959 68.2 2.5 2.5 7.6
2017.6822 -182.01 40.2849 50.7 1.3 1.1 3.9
2017.7096 -180.656 41.5057 34.2 1.6 1.7 4.6
2017.7123 -180.26 34.5141 49.9 1.5 1.4 4.1
2017.7151 -163.29 33.6263 31.7 4.0 2.7 11.7
2017.7178 -178.609 35.6239 64.7 1.6 1.3 4.1
2017.7205 -176.166 34.847 10.3 2.6 1.8 8.2
2017.7452 -175.109 35.2909 50.1 1.9 1.7 4.9
2017.7479 -173.921 43.1703 27.6 1.9 1.5 5.8
2017.7726 -175.836 37.7324 40.9 2.8 2.8 7.6
2017.7753 -176.76 36.0678 30.6 1.5 1.2 4.4
2017.8027 -173.987 35.4019 28.1 1.6 1.1 4.2
2017.8301 -179.434 36.8446 30.9 1.2 1.0 3.6
2017.8575 -178.18 33.0714 32.9 1.2 1.1 3.6
2017.8849 -177.024 32.7384 36.3 1.4 1.4 4.0
2017.8877 -172.6 33.9592 46.8 4.5 2.2 12.3
2017.9123 -173.822 41.8386 46.3 1.7 1.9 4.6
2017.9151 -168.374 29.964 114.7 2.5 1.8 7.2
2017.9397 -183.396 39.841 13.8 1.5 1.6 4.6
2017.9425 -168.242 27.6335 90.5 1.8 1.3 5.2
2017.9671 -182.967 33.0714 18.7 1.8 1.9 5.5
2017.9699 -171.379 32.4055 95.1 1.5 1.2 4.5
2017.9945 -184.75 38.5093 17.6 2.7 2.1 7.1
2017.9973 -178.312 31.0738 100.5 1.3 1.1 3.9
2018.0247 -173.459 32.6275 75.7 1.2 1.1 3.7
2018.0521 -175.043 31.0738 74.6 1.1 1.0 3.5
2018.0795 -173.657 29.0762 84.3 1.1 1.1 3.5
2018.1014 -206.341 33.1823 25.2 2.9 2.4 6.6
2018.1041 -180.326 35.4019 45.9 1.3 1.3 4.2
2018.1315 -179.996 36.2897 58.4 1.3 1.2 4.0
2018.1589 -175.935 31.0738 40.9 1.1 1.0 3.8
2018.1863 -181.547 37.6214 37.2 1.3 1.1 3.9
2018.2137 -180.491 33.4043 37.6 1.1 1.1 3.6
2018.2411 -188.48 32.5165 45.9 1.4 1.1 4.1
2018.2685 -188.381 33.7372 42.5 1.3 1.0 3.7
2018.2959 -190.527 39.73 34.5 1.3 1.0 3.6
2018.3233 -180.689 35.069 38.3 1.3 1.0 3.6
2018.3507 -178.477 36.0678 50.2 1.5 1.3 3.9
2018.3534 -178.774 34.5141 77.1 4.1 3.4 15.3
2018.3781 -177.553 30.6299 30.2 1.4 1.2 4.1
2018.3808 -177.189 30.6299 58 3.7 2.9 13.5
2018.4055 -177.288 33.4043 43.8 1.4 1.2 3.9
2018.4082 -176.76 28.2993 99.7 3.7 2.6 12.2
2018.4137 -180.029 30.4079 61.1 1.4 1.2 4.2
2018.4411 -174.383 28.1883 50.8 1.8 1.7 4.9
2018.4438 -189.009 33.6263 25.8 1.4 1.2 4.9
2018.4685 -178.345 27.6335 108 2.2 2.0 5.7
2018.4712 -186.995 35.5129 27.2 1.5 1.2 4.8
2018.4959 -176.892 30.9628 68.4 2.1 2.2 6.1
2018.4986 -185.113 30.8518 37.5 1.5 1.2 4.8
2018.5233 -177.52 19.754 102.2 2.0 2.1 5.8
2018.5260 -182.142 29.1871 41.8 1.5 1.3 4.8
2018.5507 -174.647 31.7396 107.3 2.4 2.1 6.4
2018.5534 -183.264 29.5201 64.4 1.6 1.3 4.8
2018.5781 -183.264 32.1835 69.3 2.2 2.1 6.1
2018.5808 -188.447 34.0702 67.5 1.5 1.3 4.8
2018.6055 -182.604 32.5165 61.6 1.8 1.8 5.9
2018.6082 -184.585 29.4091 78.9 1.5 1.3 4.8
2018.6329 -192.145 33.9592 49.6 2.0 2.1 6.3
2018.6356 -182.307 26.3017 105.2 1.8 1.3 5.1
2018.6603 -188.612 42.5045 31.8 2.0 1.8 6.0
2018.6630 -189.933 31.4067 89 1.5 1.1 4.6
2018.6877 -190.791 42.1715 39.2 2.0 1.8 5.7
2018.6904 -187.655 29.5201 106 1.6 1.2 4.7
2018.7151 -192.574 31.6287 42 2.3 2.0 6.3
2018.7178 -182.835 31.2957 61.8 1.5 1.1 4.6
2018.7425 -188.051 34.4031 15.1 2.0 1.8 5.9
2018.7452 -193.234 36.9556 68.6 1.8 1.3 5.1
2018.7699 -198.154 40.5069 36.4 2.6 2.1 6.6
2018.7726 -190.791 32.9604 63.9 1.7 1.2 4.7
2018.7973 -197.923 36.8446 62.4 2.2 2.5 6.7
2018.8000 -190.857 34.5141 52.2 1.6 1.2 4.7
2018.8247 -192.739 30.075 71 1.9 2.3 6.0
2018.8274 -187.919 38.5093 35.8 1.6 1.2 4.8
2018.8521 -189.999 29.5201 84.1 1.8 1.9 5.7
2018.8548 -194.258 35.069 21.8 1.8 1.3 5.0
2018.8795 -185.575 35.069 99 1.7 1.6 5.3
2018.8822 -195.711 36.2897 41.3 1.7 1.3 5.0
2018.9068 -189.24 34.4031 80.8 1.9 1.8 5.6
2018.9096 -195.413 28.5213 50.7 1.8 1.4 5.5
2018.9178 -187.853 32.6275 78.5 1.4 1.1 4.0
2018.9425 -202.776 40.5069 30.4 2.3 2.1 6.8
2018.9452 -182.901 33.1823 103.7 1.6 1.3 4.4
2018.9699 -209.742 38.3983 16.8 2.2 1.9 6.0
2018.9726 -187.523 33.5153 90.6 1.4 1.2 4.3
2018.9753 -204.36 37.2885 32.5 2.1 1.8 5.7
2018.9781 -192.013 40.6178 43.5 1.5 1.3 4.6
2019.0027 -197.13 32.6275 67.1 1.8 1.5 4.9
2019.0055 -191.386 37.8434 34.5 1.7 1.4 5.3
2019.0301 -194.72 33.4043 50.8 2.1 1.9 5.9
2019.0329 -197.625 42.2825 23 2.0 1.5 6.1
2019.0575 -190.494 44.724 93.5 5.1 4.5 8.8
2019.0603 -210.204 53.1583 49.3 7.5 5.7 13.9
2019.0849 -190.923 38.6202 62.7 5.1 4.4 8.4
2019.0877 -195.446 34.958 10.9 9.2 7.2 20.2
2019.1123 -203.106 41.6166 40.2 5.4 4.4 9.2
2019.1397 -206.176 37.0666 37.3 5.0 4.2 8.5
2019.1671 -190.725 36.6226 22.3 5.5 4.7 9.4
2019.1863 -218.16 36.1787 96.4 10.9 8.6 15.4
2019.1890 -209.478 37.6214 18 6.6 5.4 11.9
2019.2137 -169.728 46.8326 100.4 8.9 6.8 13.6
2019.2164 -211.558 49.2741 35.7 6.9 6.1 13.7
2019.2411 -209.015 38.9532 54 7.7 6.3 13.0
2019.2438 -199.21 55.5998 47.5 8.4 7.3 17.1
2019.2548 -195.017 41.7276 102.3 6.4 5.3 11.6
2019.2795 -220.405 89.2261 11.9 11.2 9.0 17.1
2019.2822 -171.643 21.5297 125.1 8.5 6.9 15.8
2019.3068 -226.876 36.6226 75.6 9.5 7.7 14.0
2019.3096 -205.813 29.5201 76.4 9.3 7.8 18.3
2019.3342 -177.982 40.9508 8.2 10.2 8.8 18.1
2019.3616 -177.718 32.7384 89.9 8.7 7.5 14.0
2019.3890 -185.113 6.32573 66.4 10.5 8.7 18.0
2019.4164 -199.21 39.952 56.8 1.2 1.0 3.9
2019.4411 -207.233 23.4163 53.1 2.6 2.5 7.1
2019.4438 -208.751 41.3947 47.3 1.4 1.1 4.3
2019.4685 -208.091 34.0702 61 2.2 2.2 6.7
2019.4712 -203.007 26.7456 83.4 3.2 2.6 7.5
2019.4740 -207.464 37.5105 33.7 1.4 1.1 4.3
2019.4986 -195.975 32.9604 135.6 2.3 2.1 6.2
2019.5014 -211.558 32.5165 49.3 1.5 1.2 5.1
2019.5260 -197.857 39.5081 69.3 2.2 1.9 5.3
2019.5288 -195.182 27.4115 50.6 1.7 1.5 6.2
2019.5534 -204.096 36.8446 64.5 1.4 1.2 3.9
2019.5562 -194.357 30.1859 76.3 2.5 2.2 9.9
2019.5808 -210.27 39.841 39.5 1.4 1.1 3.9
2019.6082 -216.18 35.1799 44.6 1.4 1.1 4.0
2019.6301 -215.816 43.7252 52.4 1.4 1.1 4.2
2019.6548 -195.579 37.8434 101.9 1.9 1.8 5.8
2019.6575 -206.671 36.9556 61.4 1.7 1.3 5.0
2019.6822 -199.837 41.6166 20.7 1.8 1.7 5.0
2019.6849 -205.912 33.7372 89.6 2.1 1.4 6.3
2019.6959 -207.86 37.7324 21.1 1.9 1.8 5.9
2019.6986 -210.039 45.2789 20 1.7 1.2 5.0
2019.7233 -205.384 36.8446 43.2 1.5 1.5 4.6
2019.7260 -213.472 44.835 16.7 2.3 1.4 6.3
2019.7507 -195.248 30.7408 69.1 1.4 1.4 4.2
2019.7534 -213.538 43.0594 21.7 4.1 2.3 12.9
2019.7781 -202.446 41.8386 38.1 1.2 1.1 3.7
2019.8055 -198.22 42.5045 34.9 1.2 1.0 3.7
2019.8301 -194.027 36.1787 92.9 2.5 2.4 6.9
2019.8329 -201.554 47.1655 18.3 1.4 1.2 4.1
2019.8575 -184.254 36.4007 75.2 1.9 1.7 5.4
2019.8603 -200.333 40.3959 35.8 1.6 1.3 5.0
2019.8849 -189.933 44.2801 57.8 1.4 1.4 4.2
2019.8877 -195.645 33.7372 70.5 2.5 1.7 7.6
2019.9123 -195.248 40.7288 34.2 1.1 1.2 3.7
2019.9397 -193.234 38.1763 48.5 1.1 1.0 3.4
2019.9425 -193.895 39.5081 54.9 1.2 1.2 3.9
2019.9671 -199.606 44.1691 27.4 2.8 2.1 7.3
2019.9699 -188.051 33.8482 87.5 1.5 1.3 4.9
2019.9945 -204.922 42.6154 39.6 1.4 1.3 4.3
2019.9973 -187.919 39.1751 96.3 1.9 1.6 6.1
2020.0219 -201.356 41.9496 24.3 1.5 1.3 4.0
2020.0247 -184.387 47.4985 82.4 4.1 3.0 15.7
2020.0493 -199.375 40.6178 68.3 1.2 1.0 3.6
2020.0767 -194.027 41.2837 74.5 1.3 1.2 4.1
2020.1014 -200.002 54.1571 16.6 2.6 1.9 6.4
2020.1041 -192.904 49.0522 67 1.6 1.5 5.6
2020.1288 -203.436 42.6154 40.7 1.5 1.2 4.1
2020.1315 -198.22 50.8278 5.7 2.5 2.4 8.8
2020.1562 -199.837 37.8434 49.8 1.3 1.1 3.8
2020.1836 -198.517 44.1691 39.4 1.3 1.1 4.2
2020.2082 -203.172 41.9496 45.4 2.0 1.5 5.5
2020.2110 -204.228 46.7216 -0.2 1.6 1.5 5.1
2020.2356 -197.064 36.5117 83.8 1.6 1.4 4.4
2020.2384 -214.232 46.1667 -9.7 2.9 2.4 9.7
2020.2630 -195.512 34.958 60.3 1.3 1.1 3.9
2020.2877 -196.008 46.0558 44.6 2.9 2.8 7.3
2020.2904 -206.44 44.5021 23.8 1.4 1.2 4.4
2020.3151 -192.244 39.2861 66.6 1.9 1.7 5.3
2020.3178 -206.011 38.9532 27 1.8 1.5 5.7
2020.3425 -197.262 33.7372 91.2 1.3 1.2 3.8
2020.3452 -188.348 26.4127 -12.4 5.5 3.7 17.9
2020.3699 -205.978 37.6214 39.1 1.3 1.0 3.8
2020.3890 -201.719 41.9496 63.5 1.4 1.2 4.4
2020.4137 -209.247 38.6202 39.9 1.7 1.7 5.1
2020.4164 -199.408 41.8386 32.5 1.8 1.5 6.1
2020.4411 -203.502 39.2861 69 1.7 1.4 4.3
2020.4685 -201.752 38.9532 54.3 1.3 1.2 4.1
2020.4932 -201.092 36.2897 72.6 1.7 2.0 5.5
2020.4959 -208.751 47.3875 35.2 1.7 1.5 5.7
2020.5205 -206.539 39.3971 55.4 1.6 1.3 4.4
2020.5233 -215.09 49.718 27.3 3.8 4.0 16.3
2020.5479 -201.158 41.1727 50.4 1.4 1.1 4.0
2020.5726 -212.581 30.4079 76.8 3.5 2.9 8.7
2020.5753 -215.288 37.7324 27.8 1.8 1.4 5.7
2020.6000 -202.974 40.8398 70.5 2.0 1.7 4.7
2020.6027 -215.915 39.952 74.7 3.2 2.4 11.0
2020.6274 -216.972 45.6118 42.4 1.4 1.1 3.9
2020.6521 -220.967 40.8398 64.2 2.5 2.3 7.0
2020.6548 -226.315 49.2741 49.2 1.9 1.3 5.2
2020.6795 -217.665 43.0594 51.5 1.5 1.5 4.6
2020.6822 -221.066 32.7384 88.8 3.2 1.9 9.8
2020.7068 -221.726 41.0618 11.3 1.6 1.2 4.1
2020.7315 -213.604 32.4055 53.5 2.7 2.4 8.2
2020.7342 -214.43 34.2921 40.6 2.1 1.5 5.3
2020.7589 -211.723 40.8398 55.5 2.0 1.9 5.1
2020.7616 -212.581 40.6178 75.3 2.8 1.7 7.7
2020.7863 -218.359 42.0606 18.9 1.4 1.2 3.9
2020.8110 -214.133 43.8362 93 4.4 3.3 10.0
2020.8137 -221.429 33.7372 69.2 1.8 1.4 4.7
2020.8384 -213.406 43.9472 47.4 2.1 2.1 6.3
2020.8411 -212.614 34.5141 78.6 2.4 1.6 7.6
2020.8658 -219.085 37.1775 33.9 1.5 1.4 4.5
2020.8904 -218.26 36.4007 57.2 3.0 2.8 8.9
2020.8932 -212.053 35.9568 86 1.6 1.3 4.4
2020.9178 -224.796 50.9388 32.8 2.4 2.3 6.1
2020.9205 -207.695 38.1763 71.2 2.5 1.8 7.6
2020.9452 -219.118 44.835 59.1 1.5 1.4 4.3
2020.9699 -225.424 46.7216 9.8 3.5 2.7 9.1
2020.9726 -211.558 38.3983 79.3 1.5 1.4 4.6
2020.9973 -233.809 44.724 11 2.9 2.3 6.0
2021.0000 -204.889 44.835 78.6 2.7 2.1 8.5
2021.0219 -220.703 40.7288 61.1 1.3 1.1 3.9
2021.0466 -228.329 43.1703 -4 2.7 1.8 6.8
2021.0493 -214.034 39.3971 77.6 1.5 1.4 4.9
2021.0575 -223.608 40.9508 16.2 1.4 1.3 4.6
2021.0630 -223.641 44.1691 31.9 1.3 1.3 4.3
2021.0877 -216.873 46.4997 57.3 2.4 2.0 5.6
2021.0904 -223.608 31.0738 51.2 2.4 2.2 7.3
2021.1151 -228.956 43.1703 45.4 1.3 1.3 3.9
2021.1397 -216.741 40.2849 86.8 3.6 2.4 7.4
2021.1425 -222.188 43.6142 49.3 1.7 1.6 5.6
2021.1671 -222.122 46.2777 66.9 1.8 1.5 4.8
2021.1699 -206.671 34.847 86.6 4.1 4.3 17.0
2021.1945 -223.608 42.1715 54.4 1.5 1.3 4.5
2021.2192 -218.689 39.841 57.8 2.3 1.8 5.4
2021.2219 -222.948 34.1811 63.4 2.0 1.9 6.7
2021.2466 -227.24 40.8398 42.8 1.3 1.2 4.0
2021.2712 -211.392 36.1787 73.7 2.7 2.6 6.6
2021.2740 -214.826 39.0642 99.4 1.8 1.4 5.5
2021.2986 -228.593 37.3995 27.8 1.5 1.5 4.7
2021.3233 -214.793 46.9436 73.7 2.6 2.6 6.9
2021.3260 -218.061 35.5129 69.3 1.4 1.3 4.6
2021.3507 -229.022 48.2753 31.6 1.7 1.4 4.5
2021.3534 -223.443 35.8458 67.5 2.9 2.6 10.3
2021.3781 -225.688 34.2921 55.2 1.4 1.3 4.4
2021.4027 -220.009 48.3863 21.1 3.7 2.9 7.4
2021.4055 -211.657 28.2993 101.4 2.2 1.9 7.5
2021.4301 -217.401 35.5129 58.1 1.3 1.2 4.1
2021.4548 -219.25 56.3767 34.3 3.2 2.6 6.8
2021.4575 -209.874 31.8506 95.8 1.9 1.7 6.9
2021.4822 -228.923 38.1763 55.7 1.6 1.2 4.5
2021.5068 -227.702 51.0498 17.7 2.1 2.3 6.0
2021.5096 -210.237 35.1799 92.2 1.7 1.4 5.7
2021.5151 -237.144 48.8302 30.3 2.9 2.7 7.5
2021.5178 -222.353 37.9544 31.7 1.6 1.4 5.4
2021.5425 -230.31 42.8374 66.5 1.8 1.4 4.6
2021.5671 -233.875 36.7336 28.1 3.6 3.7 10.1
2021.5699 -229.683 40.3959 39.7 1.7 1.3 5.0
2021.5945 -232.72 31.1847 99.1 1.4 1.5 4.5
2021.5973 -226.942 40.9508 7.7 3.1 2.2 11.5
2021.6219 -228.857 47.4985 61.4 1.5 1.2 4.7
2021.6466 -227.107 41.8386 80.8 1.7 1.7 5.2
2021.6493 -241.733 48.3863 27.7 2.5 1.8 7.9
2021.6740 -237.87 45.057 45.2 1.5 1.5 4.5
2021.6986 -236.88 36.7336 83.2 3.5 3.6 9.0
2021.7014 -241.898 42.6154 27.4 2.2 1.7 6.4
2021.7260 -230.706 46.8326 65.7 1.3 1.2 4.1
2021.7507 -250.251 29.5201 114.4 5.7 4.2 10.6
2021.7534 -240.511 37.7324 31.5 2.1 1.6 5.3
2021.7781 -231.102 52.0486 58.9 1.6 1.6 4.5
2021.8027 -227.008 39.619 74 4.6 3.9 10.5
2021.8055 -243.12 43.7252 32 1.9 1.6 5.0
2021.8301 -246.85 54.2681 51.1 2.7 2.6 5.9
2021.8329 -217.203 43.9472 51.1 5.4 3.1 14.1
2021.8575 -242.855 43.9472 13.8 1.5 1.4 4.4
2021.8822 -231.432 41.2837 77.1 2.1 1.7 5.4
2021.8849 -236.021 36.6226 73.7 2.7 2.0 8.6
2021.9096 -242.954 41.5057 30.1 1.7 1.5 4.4
2021.9342 -227.306 42.0606 84.9 2.2 2.2 6.0
2021.9370 -232.192 41.3947 73.5 2.3 2.0 7.4
2021.9616 -243.879 45.8338 45.2 1.4 1.4 4.2
2021.9863 -227.24 39.1751 91.2 2.1 2.0 5.7
2021.9890 -235.988 40.7288 33.2 1.9 1.8 6.3
2022.0137 -243.945 37.7324 26.3 1.4 1.3 4.1
2022.0384 -226.744 43.5033 91.4 4.2 3.7 10.4
2022.0411 -241.601 34.847 77.7 1.8 1.9 5.8
2022.0658 -244.44 45.057 26.7 1.5 1.4 4.4
2022.0904 -213.208 47.1655 123.5 4.2 4.4 9.2
2022.0932 -237.738 31.7396 89.3 2.7 2.3 7.6
2022.1178 -253.321 34.1811 41.2 1.7 1.7 4.7
2022.1425 -235.889 39.73 104.3 4.7 3.4 9.1
2022.1452 -236.219 44.1691 68.5 3.0 2.7 6.7
2022.1699 -240.709 35.5129 58.6 1.9 1.6 4.9
2022.1945 -226.777 45.6118 81.1 2.6 2.0 6.1
2022.1973 -244.539 36.6226 77.7 2.2 2.0 6.7
2022.2219 -244.077 42.6154 58.6 1.7 1.5 4.5
2022.2740 -247.543 41.9496 43.5 1.7 1.9 5.1
2022.2986 -248.996 43.5033 36.8 2.1 2.2 5.4
2022.3014 -237.309 42.9484 115.4 3.1 2.4 9.2
2022.3260 -248.831 38.0654 60.7 1.6 1.6 4.7
2022.3507 -239.059 43.0594 40.8 1.8 1.6 4.6
2022.3534 -230.013 43.8362 76.5 3.6 3.1 11.8
2022.3781 -246.157 35.7348 88.7 1.7 1.5 4.8
2022.4027 -241.898 35.6239 55 1.9 1.7 4.8
2022.4274 -246.058 43.9472 55.1 3.0 2.7 7.3
2022.4301 -244.176 34.847 115.5 1.6 1.5 5.1
2022.4548 -240.974 45.9448 86 2.3 1.5 6.1
2022.4795 -243.747 43.3923 -8.2 3.5 3.4 8.1
2022.4822 -242.591 33.9592 87.3 2.4 2.1 7.0
2022.5068 -242.063 37.9544 105.2 1.6 1.6 5.2
2022.5315 -250.581 52.0486 33.3 2.1 2.4 5.9
2022.5342 -226.117 30.5189 126.8 2.9 2.2 8.9
2022.5589 -241.502 31.4067 81.7 1.8 1.5 5.3
2022.5836 -258.273 48.1643 43.4 2.0 1.9 4.9
2022.5863 -240.214 28.6323 100 4.9 3.6 15.1
2022.6082 -249.425 42.9484 93.2 4.1 3.3 10.5
2022.6110 -244.935 34.5141 99.4 2.2 1.6 5.8
2022.6356 -258.702 39.3971 57.7 1.8 1.5 4.6
2022.6603 -245.464 48.6082 52.5 3.7 4.8 8.3
2022.6630 -262.235 44.0582 64.6 2.8 2.2 7.6
2022.6877 -255.896 34.6251 56 2.1 1.5 5.3
2022.7123 -257.778 52.8254 36.1 4.6 4.1 8.5
2022.7151 -244.506 50.7168 76.2 3.0 2.1 8.4
2023.0575 -243.417 45.7228 114.8 6.0 4.3 9.1
2023.0822 -251.439 42.2825 116.3 5.9 7.3 12.4
2023.0849 -264.249 53.4913 27.9 2.6 2.3 7.1
2023.1096 -255.071 47.9424 119.6 3.1 2.8 7.0
2023.1342 -276.993 46.7216 82.9 6.0 6.6 13.8
2023.1370 -283.199 65.8098 1.5 8.1 5.5 18.2
2023.1616 -267.055 53.7132 28 2.7 2.5 6.7
2023.1863 -257.646 48.1643 47.5 5.9 4.7 11.3
2023.2110 -277.323 41.3947 70.5 4.6 3.8 8.3
2023.2137 -282.341 51.7156 -4 4.7 4.0 11.7
2023.2384 -261.542 42.2825 53.7 2.5 2.4 6.5
2023.2630 -251.637 49.2741 79.9 1.9 1.7 4.8
