2005.5315 0 0 0 3.2 2.5 6.8
2005.5342 2.04181 -3.99732 -3.9 1.4 0.9 3.0
2005.5370 5.13211 -4.77458 -10.5 1.4 0.9 2.9
2005.5397 0.82776 -4.88561 -5.1 1.5 1.0 3.0
2005.5425 8.00167 -10.8816 -5.2 2.5 1.6 4.9
2008.5808 -79.0786 40.7505 12.6 1.2 0.9 2.6
2008.5836 -84.0452 38.4187 4.1 1.2 0.9 2.5
2008.5863 -82.2793 37.0863 9.9 1.2 0.9 2.5
2008.5890 -83.4381 37.7525 5 1.2 0.9 2.5
2008.5918 -79.9064 36.42 10.2 1.2 0.9 2.6
2008.5945 -82.0034 37.5304 7.5 1.2 0.9 2.5
2008.5973 -83.7141 38.0856 8.6 1.2 0.9 2.5
2008.6000 -83.3278 36.0869 15.3 1.2 0.9 2.5
2008.6027 -79.5753 35.5317 11.2 1.2 0.9 2.6
2008.6055 -83.4381 37.4194 7.1 1.2 0.9 2.6
2008.6082 -81.4515 35.8648 8.9 1.2 0.9 2.5
2008.6110 -85.5903 37.6414 4.8 1.2 0.9 2.5
2008.6137 -86.7492 38.1966 9.1 1.2 0.9 2.5
2008.6164 -83.9348 37.7525 16.4 1.2 0.9 2.5
2008.6192 -79.0786 32.4227 8.8 1.2 0.9 2.5
2008.6219 -83.9348 33.6441 7.1 1.2 0.9 2.5
2008.6247 -81.5067 37.3083 10.7 1.2 0.9 2.5
2008.6274 -81.7826 37.5304 13.8 1.2 0.9 2.5
2008.6301 -86.4181 36.198 12.7 1.2 0.9 2.5
2008.6329 -85.8662 35.4207 15.2 1.2 0.9 2.6
2008.6356 -85.2592 36.198 18.2 1.2 0.9 2.5
2008.6384 -88.5703 36.309 23.5 1.2 0.9 2.5
2008.6411 -86.2525 37.0863 13.2 1.2 0.9 2.5
2008.6438 -83.99 35.3097 18.9 1.2 0.9 2.5
2008.6466 -83.8796 35.9759 10.1 1.2 0.9 2.5
2008.6493 -87.7425 35.3097 17.6 1.2 0.9 2.6
2008.6521 -87.6321 35.4207 20.9 1.9 1.2 3.7
2008.6548 -88.6806 35.7538 15.4 1.9 1.2 3.8
2008.6575 -85.2592 37.3083 12.2 1.2 0.9 2.5
2008.6603 -86.3077 38.8628 0.7 3.4 2.3 6.2
2008.6630 -81.3963 33.311 10.3 1.8 1.3 3.5
2008.6658 -86.9147 37.0863 18 1.7 1.1 3.2
2008.6685 -86.5836 38.3077 12.7 1.2 0.9 2.5
2008.6712 -80.5686 31.4234 8.8 1.6 1.0 3.0
2008.6795 -89.0669 35.8648 4.5 3.2 2.0 5.8
2008.6822 -89.5636 31.6455 15.8 2.2 1.5 4.5
2008.6849 -84.7074 36.5311 11.9 1.9 1.3 3.6
2008.6877 -82.3897 36.42 17.6 1.2 0.9 2.6
2008.6932 -90.1154 35.8648 12.1 2.1 1.3 4.1
2008.6986 -69.8629 38.1966 8.3 4.4 2.2 6.5
2008.7014 -73.3395 43.0822 37.4 2.0 1.2 3.8
2008.7041 -92.2676 31.2013 20.9 2.7 2.0 5.4
2008.7096 -83.2726 37.6414 16.4 2.0 1.3 3.8
2008.7123 -87.6873 35.1986 18.9 2.5 1.6 5.2
2008.7178 -92.7091 33.6441 19.4 2.3 1.6 4.8
2008.7288 -67.2141 43.3043 19.3 4.3 2.1 6.2
