1996.4329 0 0 0 3.8 3.9 7.9
1996.4356 0.547015 6.77314 11.9 2.9 2.7 7.3
1997.3753 -30.4688 -19.098 26 3.2 2.7 7.6
1997.3781 -19.3644 -3.99726 33 2.4 1.9 6.0
1999.4521 -40.6433 -51.6313 71.5 2.6 2.4 7.0
1999.4548 -58.8042 -57.2941 96.7 2.8 2.5 7.4
2001.6740 -86.1003 -84.0536 73.3 3.6 2.9 8.6
2002.4274 -84.3499 -79.6122 106.8 1.7 1.7 5.5
2003.4959 -97.8612 -104.373 113.8 1.6 1.4 4.1
2003.4986 -103.933 -105.039 100.2 1.6 1.3 4.0
2004.5644 -135.441 -113.145 123.2 1.8 1.6 4.6
2004.5671 -145.014 -121.805 141.8 3.5 2.9 7.1
2004.5699 -142.552 -122.028 126.9 1.8 1.6 4.9
2004.5726 -140.2 -113.589 157.4 2.9 2.5 7.3
2020.5507 -386.904 -259.489 254.8 2.0 2.2 7.7
2020.5534 -388.655 -263.819 214.4 2.0 2.3 7.8
2021.4795 -401.947 -292.466 259.2 1.5 1.4 3.9
2021.4822 -402.932 -293.466 230.4 1.4 1.3 3.7
2021.4849 -403.807 -292.244 225.4 1.5 1.3 3.8
2021.4877 -401.182 -292.466 220.2 2.0 1.9 4.8
