1996.7068 0 0 0 3.8 2.5 6.1
1996.7123 -1.39707 -9.43771 2.2 3.9 2.5 6.7
1996.7151 27.834 -9.32668 -15.5 4.2 2.7 7.1
1996.7178 10.0482 -18.4313 33.6 3.8 2.4 6.7
1996.7233 6.93164 2.66477 -13.9 3.8 2.7 6.6
1996.7260 30.9506 -15.1003 19.2 3.7 2.3 6.6
1996.7288 19.0754 -10.326 8.2 3.7 2.5 6.5
1996.7370 16.7649 -0.777224 -63.6 5.3 3.2 7.4
1996.7397 16.0126 -10.7701 -10 4.6 3.4 8.1
1996.7425 6.93164 -28.0911 38 4.2 3.1 7.7
1996.7507 23.7503 -9.88184 -8.3 3.7 2.5 6.5
1996.7534 19.6665 -24.0939 3.3 3.9 2.4 6.1
1996.7562 32.67 -10.326 36.8 3.4 2.6 5.9
1996.7644 27.7265 -11.9914 24.8 3.6 2.4 6.2
1996.7699 10.693 7.77223 -4.6 5.3 3.3 8.4
1996.7726 19.6128 -9.99287 -8.3 4.0 2.9 6.5
1996.7753 0.644803 4.21921 -2.7 3.7 2.5 6.6
1996.7918 2.14934 -6.21779 -12.9 5.8 3.7 10.4
1996.7945 10.5855 -5.88469 42.6 4.4 3.6 8.1
1996.8000 45.5661 -7.88327 -6.2 4.9 3.3 7.3
1996.8027 29.8759 -21.9843 29.7 3.9 2.7 6.0
1996.8055 31.5416 -11.2142 -8.6 3.7 2.8 6.1
1996.8247 27.6728 -10.6591 7.8 8.3 4.7 9.4
1996.8384 21.7621 -16.8769 -2 3.4 2.4 5.7
1996.8411 23.3741 -10.9922 -2.6 3.3 2.5 5.6
1996.8438 30.252 -4.88541 -3.2 3.5 2.4 5.8
1996.8466 32.5088 -5.5516 21 4.2 2.5 6.3
1996.8493 40.3002 6.43985 -20.6 5.3 2.7 6.5
1996.8521 13.7021 -10.6591 -18.9 4.5 2.5 6.1
1996.8548 35.1418 -17.8761 11.6 4.2 2.9 6.2
1996.8575 29.5535 -17.9872 10.3 3.9 2.5 5.9
1996.8603 18.968 -7.88327 7.3 3.9 2.5 5.9
1996.8630 26.5981 -6.21779 11.7 3.9 2.6 6.0
1996.8658 -3.27775 -3.66405 30.9 3.8 2.4 5.6
1996.8685 46.7482 -20.763 20.7 3.9 2.6 5.8
1996.8712 27.834 -14.1011 -14 4.4 2.6 6.2
1996.8740 38.7957 -33.3096 28.7 4.5 2.9 6.8
1996.8767 37.6673 -12.9907 6 3.5 2.5 5.8
1996.8795 21.1173 -16.5438 -1.6 4.0 2.6 6.2
1996.8822 29.0699 -5.88469 14.1 3.7 2.5 5.8
1996.8849 35.303 -31.2 26.6 3.5 2.5 6.2
1996.8877 26.0608 -17.432 7.3 3.5 2.4 5.8
1996.8904 27.4041 -14.7672 -0.2 3.8 2.6 6.1
1996.8932 15.529 -11.4363 2.4 3.6 2.5 5.8
1996.8959 11.3378 -25.7594 29.7 3.5 2.6 5.9
1996.8986 21.2785 -16.9879 6.6 3.6 2.5 5.7
1996.9014 36.4851 -32.0882 18.5 3.7 2.7 5.9
1996.9041 22.4606 -24.0939 11.7 3.8 2.6 5.9
1996.9068 20.0426 -8.21636 1.9 4.3 2.6 5.8
1996.9151 13.4334 -11.4363 48.3 4.7 5.2 9.6
1996.9178 22.5681 -20.2078 27.5 4.3 2.5 7.1
1996.9205 23.0517 -26.0925 12.2 3.3 2.5 5.7
1996.9233 15.7439 -0.55516 3.7 4.1 2.7 6.4
1996.9260 20.58 -17.543 27.1 4.0 2.7 6.5
1996.9288 23.9115 -10.9922 -2.5 3.7 2.6 6.0
1996.9315 7.89884 -13.5459 11.8 4.2 2.8 7.0
1996.9342 22.6756 -13.6569 -2.3 3.7 2.6 6.4
1996.9370 25.416 -13.3238 -0.2 3.7 2.5 6.2
1996.9397 7.41524 -14.2121 31.2 3.6 2.5 6.1
1996.9425 20.9561 -16.2107 30.1 6.6 4.6 10.4
1996.9452 5.37336 -6.77295 -23.8 4.2 2.9 7.6
1996.9479 22.4606 -15.4334 10.8 3.9 2.7 6.7
1996.9507 15.3141 -9.21565 24.4 4.0 3.5 6.6
1996.9534 17.6784 -14.8783 17.2 4.3 2.9 7.1
1996.9562 15.9589 -19.6527 12.2 3.5 2.6 6.2
1996.9589 22.8368 -18.9865 24.2 3.5 2.7 6.1
1996.9616 28.1027 -13.5459 11.2 3.6 2.7 5.8
1996.9644 32.5626 -14.2121 1.5 4.8 2.8 7.9
1996.9671 16.8186 -7.88327 18 3.6 2.6 5.9
1996.9699 17.4634 -9.32668 30.7 3.6 2.5 6.0
1996.9726 8.32871 -4.55231 38.6 4.1 2.6 7.0
1996.9753 10.8542 -18.8754 11.6 4.2 2.9 6.6
1996.9781 33.9596 -13.99 24.7 4.1 3.3 6.3
1996.9808 31.4342 -6.77295 2.8 3.4 2.7 6.1
1996.9836 25.5772 -5.2185 12.8 3.6 3.0 6.8
1996.9863 35.6254 -11.7694 -3.4 3.9 2.8 6.1
1996.9890 20.9024 -18.3203 28.7 3.4 2.6 5.9
1996.9918 27.1355 -22.3174 29.7 3.5 2.8 6.5
1996.9945 21.0636 -28.9793 34.9 3.5 2.7 6.5
1996.9973 39.5479 -24.205 19 3.4 2.5 5.8
1997.0000 49.7573 -16.0996 13.9 3.7 2.8 6.4
1997.0027 32.4014 -21.9843 25.2 3.4 2.8 6.1
1997.0027 32.7775 -25.7594 24.8 3.2 2.7 5.7
1997.0055 35.1955 -26.3146 35.3 3.5 2.8 5.9
1997.0082 42.557 -29.7566 18.4 3.5 2.6 5.8
1997.0110 35.4104 -18.7644 12.2 3.4 2.8 5.4
1997.0137 36.6463 -26.6477 29.9 3.2 2.7 5.8
1997.0164 19.2366 -20.763 23 5.3 3.2 8.1
1997.0603 39.6554 -19.8747 -8.4 3.5 2.4 6.3
1997.0630 28.3176 -30.0897 21 3.9 2.7 6.7
1997.0658 36.7538 -38.084 22.2 3.4 2.5 5.9
1997.0685 16.8724 -28.0911 30.1 4.1 2.7 6.6
1997.0712 28.9624 -18.6534 10.7 3.7 3.1 6.3
1997.0740 17.8396 -19.8747 -8.5 3.8 3.4 7.4
1997.0767 32.9387 -41.637 28.1 3.8 3.1 6.6
1997.0795 32.1327 -15.7665 25.4 3.9 3.1 6.4
1997.0822 25.9533 -10.548 33.8 3.5 2.9 6.1
1997.0849 20.365 -33.4206 32.4 3.3 2.7 6.0
1997.0877 8.27498 -22.7615 31.8 3.3 3.1 5.9
1997.0904 26.5981 -13.3238 2.6 3.2 2.7 5.9
1997.0932 22.2457 -5.5516 29.8 3.7 3.1 6.8
1997.0959 32.2402 -21.2071 3.3 3.9 3.5 6.9
1997.0986 17.356 -21.4292 22.8 3.6 3.2 6.2
1997.1014 14.4006 -44.0797 57.6 4.8 4.6 8.4
1997.6904 6.98537 -22.0954 51.6 4.0 2.5 5.8
1997.6932 -8.70484 -19.0975 50.4 5.5 3.6 9.0
1998.1808 -2.09561 -19.4306 37.4 3.2 2.6 6.2
1998.1918 3.49268 -17.9872 33.7 3.4 2.5 6.0
1998.1945 -2.41801 -19.9857 41.5 3.4 2.6 5.8
1998.1973 6.8779 -39.6384 52 3.3 2.6 5.6
1998.2000 -19.0217 -8.32739 34.3 3.6 2.7 5.8
1998.2027 -7.79137 -7.43914 23.8 3.6 2.8 6.1
1998.2055 -2.63295 -9.43771 32.4 4.1 2.7 6.5
1998.2082 -5.96443 -22.3174 17.9 4.4 2.7 6.1
1998.2110 -12.9498 -8.99359 25.3 3.5 2.4 5.8
1998.2137 5.15843 -11.3253 22.9 3.5 2.4 5.8
1998.2164 -22.8905 3.88612 34.8 4.6 3.8 6.9
1998.2192 -34.3358 -14.6562 68.8 7.3 3.8 8.0
1998.2219 -9.13471 -21.7623 15.9 3.8 2.8 6.4
1998.2247 -3.06282 -7.88327 20.3 3.8 2.7 6.3
1998.2274 -8.65111 -18.2092 25.5 3.4 2.5 6.1
1998.2301 -26.9743 -20.6519 47.2 4.6 2.8 6.6
1998.2329 -17.8933 -20.3188 30.5 3.4 2.5 5.6
1998.2356 -20.4188 -14.5452 15.9 4.0 2.4 5.9
1998.2384 -18.2694 -9.99287 18.6 3.8 2.5 6.1
1998.2411 -16.8186 -17.321 34 3.8 2.7 6.2
1998.2438 -9.08098 -16.8769 28 3.2 2.4 5.6
1998.2466 -0.161201 -21.6512 12.2 3.4 2.6 5.7
1998.2493 -16.0663 -9.32668 39.4 3.2 2.2 5.8
1998.2521 -12.1438 -11.2142 20.8 3.1 2.3 5.5
1998.2548 -17.141 -8.99359 48.3 3.6 2.3 5.6
1998.2575 -10.2631 -22.0954 29.9 3.3 2.6 6.1
1998.2603 -0.913471 -12.7687 44.5 3.5 2.4 6.3
1998.2630 -5.96443 -16.7658 32.2 3.9 2.5 6.6
1998.2658 -3.27775 -16.9879 23.2 3.2 2.4 5.8
1998.2685 -3.27775 -20.874 48.1 3.9 2.6 6.2
1998.2712 -6.60923 -14.7672 19.7 3.5 2.3 5.8
1998.2740 -19.1292 -22.8726 44 4.0 2.4 6.0
1998.2767 -23.0517 -17.8761 33.8 4.0 2.4 5.7
1998.2795 -10.6393 -13.1018 16.5 3.1 2.2 5.4
1998.2822 -8.27498 -6.66192 26.7 3.5 2.4 5.7
1998.2849 0 2.4427 15.2 3.7 2.4 6.1
1998.2877 -27.5653 -6.21779 16.9 3.6 2.3 5.3
1998.2904 -13.0573 -17.543 32 3.5 2.4 5.6
1998.2932 -0.214935 -14.3231 17.3 3.5 2.5 5.8
1998.2959 -13.7558 -13.4349 30.6 3.2 2.4 5.4
1998.2986 -22.5144 -16.9879 26.4 3.2 2.4 5.5
1998.3014 -16.335 -18.0982 26.7 3.6 2.6 6.0
1998.3041 -18.6456 -12.3245 58.3 3.8 2.4 6.3
1998.3068 -2.47175 -30.2007 66.1 3.8 3.4 6.8
1998.3096 -5.53456 -20.763 32.9 3.8 3.2 6.2
1998.3123 -8.22124 -16.6548 9.8 5.1 2.8 7.0
1998.3178 -8.11377 -23.7608 43.1 4.5 3.4 6.6
1998.3205 -15.5827 -23.2057 49.5 3.2 2.5 5.6
1998.3233 -5.26589 -24.9822 29.6 3.7 2.7 5.7
1998.3260 -7.95257 -20.763 22.8 3.7 2.5 6.4
1998.3288 -12.8961 -13.4349 15.8 3.6 2.7 6.4
