1996.9260 0 0 0 3.0 1.9 5.8
1997.1014 6.28686 -23.9829 21.8 3.1 2.4 5.6
1997.1041 6.77046 -23.6498 19.7 2.0 1.4 3.7
1997.1068 8.97355 -20.874 8.5 2.6 1.7 4.2
1997.1096 16.2813 -20.3188 9.6 1.9 1.2 3.7
1997.1123 14.938 -13.6569 5.7 2.6 1.5 4.5
1997.1151 7.52273 -18.9865 5.7 2.2 1.5 3.9
1997.1178 10.1557 -19.7637 14.7 2.0 1.3 3.6
1997.1205 10.8005 -18.6534 18.9 2.0 1.3 3.7
1997.1233 12.8424 -20.5409 12.4 2.1 1.2 3.7
1997.1260 7.7914 -22.4284 13 2.1 1.2 3.9
1997.1288 10.8542 -19.0975 8.7 2.0 1.2 3.8
1997.1315 5.64205 -20.0968 9.5 2.1 1.3 3.8
1997.1342 10.5318 -19.3196 3.7 2.0 1.3 3.8
1997.1370 5.58832 -18.9865 3.3 2.0 1.2 3.8
1997.1397 0.483604 -17.432 1.6 2.0 1.2 3.7
1997.1425 9.13475 -16.5438 -1.3 1.8 1.2 3.9
1997.1452 7.6302 -14.6562 -18.4 2.4 1.5 4.4
1997.1479 4.67484 -19.2085 -18.8 2.0 1.3 3.8
1997.1507 7.25407 -14.4341 -0.3 2.0 1.2 3.6
1997.1534 5.15845 -14.4341 -5.1 1.9 1.3 3.7
1997.1562 -1.12841 -12.5466 -1.2 1.9 1.2 3.8
1997.1589 4.29871 -19.2085 -21 2.1 1.3 4.1
1997.1616 5.05098 -12.2135 13.6 2.0 1.3 3.9
1997.1644 6.17939 -14.8783 -10 2.0 1.3 3.9
1997.1671 -2.04188 -17.0989 -9.7 2.2 1.2 4.0
1997.1699 3.11656 -10.8811 -0.1 1.8 1.2 3.5
1997.1726 6.93166 -9.43771 1.3 1.9 1.2 3.7
1997.1753 4.35244 -12.4356 6.9 1.9 1.2 3.6
1997.1781 0.161201 -9.88184 1 1.8 1.1 3.6
1997.1808 -4.83604 -13.2128 8.4 1.9 1.2 3.8
1997.1836 -2.47176 -12.3245 2.1 2.0 1.2 3.9
1997.1863 1.88068 -10.437 -1.2 2.0 1.1 3.7
1997.1890 8.16754 -5.77366 -0.7 1.8 1.1 3.6
1997.1918 4.24497 -12.3245 7.3 2.0 1.3 3.7
1997.1945 12.3588 -8.21636 3 1.9 1.2 3.6
1997.1973 -0.752273 -9.43771 2.7 1.8 1.1 3.6
1997.2000 2.20309 -6.99501 -6.3 2.3 1.4 4.1
1997.2055 6.55553 -6.66192 2.6 1.8 1.1 3.4
1997.2082 -0.161201 -6.88398 -2.1 1.8 1.1 3.5
1997.2110 1.82695 -7.88327 9.8 1.9 1.1 3.5
1997.2137 2.47176 -6.99501 2.7 1.9 1.2 3.6
1997.2219 26.5445 -4.99644 3.9 11.8 7.4 13.6
1997.2274 15.0992 -9.54875 14.7 1.9 1.2 3.6
1997.2301 10.8005 -5.2185 1.9 1.9 1.2 3.6
1997.2329 9.99449 -6.32882 4.8 2.1 1.2 3.8
1997.2356 9.34969 -4.21921 7.8 2.0 1.2 3.6
1997.2384 0.537339 -2.99786 6.3 2.2 1.4 3.7
1997.2411 0.806006 -7.10604 9 1.9 1.1 3.5
1997.2438 5.31965 -6.55088 7.6 2.1 1.3 3.8
1997.2493 5.69578 -5.99572 7.8 2.0 1.2 3.6
1997.2521 10.5318 -4.77437 11 2.1 1.2 3.9
1997.2548 3.43896 -4.55231 2.4 1.9 1.2 3.6
1997.2575 7.57647 -5.10747 3.3 2.2 1.3 3.9
1997.2603 6.07192 -7.55017 7.5 2.0 1.2 3.7
1997.2630 9.13475 -2.7758 -3.7 1.9 1.2 3.6
1997.2658 11.9289 -6.10676 9.9 2.3 1.2 3.8
1997.2685 4.19124 -2.22064 13.8 2.0 1.2 3.7
1997.2712 2.74042 -2.99786 1.1 2.1 1.2 3.6
1997.2740 5.74952 -5.77366 -2.9 2.1 1.2 3.7
1997.2767 2.20309 -5.44056 -6.5 2.6 1.4 3.9
1997.2795 -0.644807 -5.32953 0.7 2.1 1.2 3.7
1997.2822 -1.66575 -3.33096 6.9 2.1 1.2 3.7
1997.2849 -0.913474 -4.99644 6.5 2.1 1.1 3.6
1997.2877 -4.19124 -2.88683 12.1 2.0 1.2 3.6
1997.2904 -3.54643 -3.66405 1.8 2.0 1.2 3.6
1997.2932 -1.82695 -4.99644 -1.4 2.2 1.3 3.9
1997.2959 -9.29595 -3.66405 -1.2 2.3 1.2 3.7
1997.2986 -6.34059 -3.99715 -5.9 2.2 1.2 3.8
1997.3014 -2.04188 -1.22135 -0.8 2.0 1.2 3.6
1997.3041 -4.67484 -2.66477 3.8 2.2 1.3 3.7
1997.3068 -4.35244 -7.6612 -4.7 2.1 1.1 3.6
1997.3096 -6.82419 -6.55088 -4.4 2.1 1.2 3.6
1997.3123 -3.4927 -4.33025 8.8 2.2 1.2 3.7
1997.3151 -3.06283 -1.77651 6.1 2.1 1.2 3.6
1997.3178 -3.06283 -1.88754 1.1 2.2 1.1 3.6
1997.3205 -5.58832 -3.66405 11.3 2.1 1.2 3.5
1997.3233 -3.06283 -4.44128 -0.5 2.0 1.1 3.5
1997.3260 -7.3078 -3.21993 3.7 2.1 1.1 3.5
1997.3288 -6.55553 -3.99715 6.1 2.3 1.2 3.7
1997.3315 -5.53458 -2.88683 -4.2 2.1 1.2 3.6
1997.3342 -4.24497 -2.88683 -5.5 2.1 1.3 3.5
1997.3370 -5.48085 -2.55373 -8 2.0 1.1 3.5
1997.3397 -9.13475 -3.10889 -4.7 2.1 1.2 3.6
1997.3425 -4.78231 -1.44341 -5.4 2.1 1.1 3.6
1997.3452 -6.55553 -1.66548 1.1 2.2 1.2 3.6
1997.3479 -6.12566 -2.22064 -2.8 2.0 1.1 3.5
1997.3507 -6.93166 -4.55231 -2.4 1.9 1.1 3.4
1997.3534 -10.5856 -2.99786 -0.4 2.0 1.1 3.4
1997.3562 -11.9826 -3.10889 -2.5 2.2 1.2 3.7
1997.3589 -9.24222 -1.88754 -3.2 2.2 1.2 3.6
1997.3616 -9.08102 -0.999287 -8.7 2.0 1.2 3.6
1997.3644 -8.16754 -2.66477 6.9 2.4 1.2 3.9
1997.3671 -7.6302 -5.44056 -5.9 2.1 1.2 3.6
1997.3699 -13.6484 -1.44341 -16.2 3.5 1.6 5.2
1997.3726 -6.34059 -2.7758 -3.8 2.1 1.2 3.6
1997.3753 -12.0364 -1.55445 -14.7 2.1 1.2 3.6
1997.3781 -9.61835 -2.10961 -4.9 2.0 1.1 3.5
1997.3808 -13.5947 -3.66405 -4.5 2.3 1.2 3.7
1997.3836 -13.2185 -0.777223 -3.7 2.1 1.1 3.7
1997.3863 -11.3378 -1.88754 -5 2.2 1.2 3.6
1997.3890 -12.2513 -2.4427 -6.6 2.1 1.2 3.5
1997.3945 -8.81235 -1.11032 -4.4 2.1 1.4 3.6
1997.3973 -6.12566 -3.77508 -3.5 1.9 1.2 3.5
1997.4000 -6.28686 -1.66548 -8.3 2.2 1.2 3.8
1997.4027 -14.5619 -2.66477 1.2 2.2 1.5 3.9
1997.4055 -17.6247 -3.33096 4 2.0 1.3 3.7
1997.4082 -13.6484 -1.33238 -7.6 2.0 1.2 3.5
1997.4110 -13.0036 -3.44199 1.4 2.0 1.3 3.6
1997.4137 -11.3916 0 -6.8 1.9 1.2 3.5
1997.4164 -18.9143 -2.10961 -1.3 2.1 1.2 3.6
1997.4192 -19.5054 -1.44341 3.7 2.1 1.2 3.6
1997.4219 -14.0245 -4.21921 -4 2.1 1.2 3.6
1997.4247 -16.4425 -3.10889 1.1 2.0 1.2 3.6
1997.4274 -14.938 -1.55445 1.3 2.1 1.2 3.6
1997.4301 -17.2486 -3.21993 -5.7 2.1 1.2 3.6
1997.4329 -16.8187 0.111032 2.7 2.0 1.2 3.5
1997.4356 -14.5081 -1.33238 -1.3 2.0 1.2 3.7
1997.4384 -21.1174 1.44341 -14.1 2.3 1.5 4.2
1997.4411 -8.06007 -3.10889 -6.3 2.0 1.4 3.9
1997.4438 -11.6602 0.777224 -1.4 2.1 1.3 3.8
1997.4466 -17.8396 -1.44341 1.7 2.2 1.3 3.7
1997.4493 -16.6575 -2.22064 4.8 2.2 1.3 3.7
1997.4521 -13.4872 1.22135 4.7 2.2 1.3 3.9
1997.4548 -12.0364 -3.55302 1.6 2.1 1.2 3.6
1997.4575 -9.61835 -1.11032 4.6 2.1 1.3 3.7
1997.4603 -14.7768 -4.8854 14.1 2.0 1.3 3.5
1997.4630 -14.2395 -3.77508 3 1.9 1.2 3.4
1997.4658 -15.744 -2.55373 7.7 1.9 1.2 3.4
1997.4685 -11.7677 -4.33025 5.1 2.1 1.2 3.6
1997.4712 -15.9589 -1.77651 -4.3 2.2 1.3 3.6
1997.4740 -16.55 -2.22064 -8.3 2.0 1.2 3.6
1997.4767 -12.0901 -5.88469 6.6 2.2 1.3 4.0
1997.4795 -10.3169 -5.88469 -4.8 3.4 2.0 5.7
1997.4822 -4.67484 -6.32882 -3.4 3.6 1.8 5.3
1997.4849 -2.04188 -6.88398 5.8 4.4 2.0 5.5
1997.4877 -19.1292 -5.32953 6 3.4 2.0 5.1
1997.4904 -9.45715 -4.44128 4.3 4.4 2.6 6.1
1997.4932 -9.13475 -2.88683 14.6 3.5 1.9 4.9
1997.4959 -3.38523 -7.43914 6.7 2.9 1.8 4.9
1997.4986 -4.03004 -3.33096 3.2 3.7 1.8 5.4
1997.5014 -16.9262 -4.99644 17.8 4.7 2.2 5.8
1997.5041 -16.9262 -6.43985 5.3 3.7 1.9 5.3
1997.5068 -0.806008 -4.77437 22 3.8 2.1 5.4
1997.5096 -11.4453 -4.55231 7.6 2.6 1.5 4.3
1997.5123 3.43896 -4.33025 4.1 3.3 1.8 4.7
1997.5151 -8.06007 -5.99572 5.9 2.9 1.8 5.0
1997.5178 -15.2067 0.222064 5.1 3.1 1.8 4.6
1997.5205 -18.5382 -3.10889 8.7 3.3 2.1 5.5
1997.5233 -11.2841 -1.77651 -3.5 3.1 1.9 5.3
1997.5260 0.644805 -3.88612 7.6 3.8 1.8 5.2
1997.5288 -3.38523 1.99857 -4.9 3.6 1.7 4.9
1997.5315 -6.12566 -7.10604 2 3.2 1.6 4.9
1997.5370 -7.09286 -6.77295 8.1 2.9 1.7 4.8
1997.5397 -7.89887 -7.77223 10.6 3.5 1.6 5.0
1997.5425 -8.97355 -3.88612 -6.6 2.9 1.6 4.8
1997.5452 0.859741 -4.55231 13.9 3.2 1.7 5.2
1997.5479 -14.0245 -3.77508 6.1 4.2 1.8 5.8
1997.5507 -4.94351 -7.32811 12.9 3.4 1.8 5.2
1997.5534 -10.8005 -3.88612 11.3 3.2 1.7 4.9
1997.5562 -13.8096 -9.88184 -3.1 3.0 1.6 5.0
1997.5589 -13.8096 -5.88469 -12.9 3.0 1.7 5.0
1997.5616 -8.32874 -5.77366 5.8 3.2 1.6 5.0
1997.5644 -1.98815 -3.88612 8.5 3.3 1.6 4.7
1997.5671 -17.1948 -3.99715 10.3 4.2 1.8 5.3
1997.5699 -10.693 -4.10818 1.9 3.5 1.8 5.5
1997.5726 -15.8515 -1.44341 -5.5 3.8 1.7 4.9
1997.5753 -13.8096 -3.77508 2.6 4.5 2.1 5.8
1997.5781 -12.5737 -6.88398 3.1 4.0 1.9 5.3
1997.5808 -13.2723 -2.66477 12.4 3.4 1.8 5.5
1997.5836 -14.8843 -3.77508 5.3 3.2 1.9 5.5
1997.5863 -7.1466 -0.666192 5.5 3.4 1.7 5.0
1997.5890 -17.6247 -3.10889 3.7 3.3 1.6 5.0
1997.5918 -3.1703 -1.33238 -3.9 3.6 2.0 5.6
1997.5945 0.752273 -7.9943 22.2 3.9 1.9 5.2
1997.5973 3.92257 -7.9943 18.4 3.4 1.7 4.7
1997.6000 -11.8214 -2.55373 6.6 2.5 1.5 4.4
1997.6027 -1.61201 -1.22135 9.8 5.1 2.1 5.5
1997.6055 -5.53458 -5.88469 7.8 2.7 1.8 5.0
1997.6082 -10.7468 -7.10604 -0.7 3.2 1.8 4.7
1997.6110 -8.00634 -6.43985 5.1 4.4 2.2 5.8
1997.6137 -17.356 -4.66334 -5.6 5.1 2.2 6.1
1997.6164 -5.21218 -8.77152 8.4 2.8 1.5 4.6
1997.6192 -1.12841 -10.1039 2.2 4.0 2.1 5.4
1997.6219 1.28961 -7.6612 6.4 3.6 1.8 5.3
1997.6247 -2.52549 -7.9943 14.4 3.5 1.7 4.9
1997.6274 -1.50455 -2.66477 23.3 4.2 1.8 5.4
1997.6301 -4.56738 -4.44128 4.4 4.0 1.7 5.9
1997.6329 6.9854 0.111032 6.1 5.1 2.1 6.5
1997.6356 -10.6393 -7.88327 5 4.0 1.8 5.3
1997.6384 3.60017 -6.88398 2.1 3.9 1.8 6.0
1997.6411 -6.66299 -9.32668 13.8 3.8 2.3 5.4
1997.6438 0 -9.43771 23.4 3.8 1.6 5.2
1997.6466 -0.913474 -3.55302 7.2 3.5 1.6 5.0
1997.6493 -3.76137 -2.88683 15.2 4.7 1.9 6.2
1997.6521 -2.74042 -6.66192 28.7 3.7 1.7 5.2
1997.6548 -15.5828 -7.77223 9.7 5.3 2.2 6.1
1997.6575 -9.08102 -6.32882 19.7 2.3 1.3 4.0
1997.6603 -13.0573 -2.33167 15.1 2.4 1.4 3.9
1997.6630 -16.765 -5.5516 15.9 2.2 1.2 3.5
1997.6658 -10.7468 -9.10462 19 2.4 1.2 3.8
1997.6712 -2.74042 -2.55373 13.2 2.4 1.2 3.7
1997.6740 -10.2094 -3.21993 9.7 2.1 1.2 3.6
1997.6767 -7.7914 -5.88469 24.9 2.0 1.2 3.6
1997.6795 -9.83329 -3.44199 13.1 2.6 1.3 3.7
1997.6822 -6.60926 -5.66263 20.3 2.2 1.2 3.6
1997.6849 -8.27501 -7.21708 22.2 2.4 1.2 3.7
1997.6877 -11.7677 -5.77366 19.9 2.2 1.2 3.7
1997.6904 -7.1466 -4.8854 18.7 2.1 1.2 3.8
1997.6932 -6.93166 -3.55302 20.8 2.4 1.2 3.8
1997.6959 -11.4453 -4.33025 11.6 2.3 1.4 3.8
1997.6986 -6.28686 -0.666192 3.5 2.4 1.3 3.8
1997.7014 -8.86608 -1.99857 13.9 2.0 1.1 3.5
1997.7041 -3.8151 -0.666192 16.1 2.3 1.2 3.6
1997.7068 -6.77046 -3.66405 30.1 2.3 1.3 3.8
1997.7096 -18.3232 -3.66405 24.5 2.4 1.2 3.6
1997.7123 -8.97355 -3.66405 24.2 2.3 1.2 3.6
1997.7151 -9.94076 -0.777223 9.3 2.4 1.2 3.7
1997.7178 -18.6994 -4.55231 9.3 2.3 1.2 3.6
1997.7205 -12.8424 -3.99715 8 2.1 1.2 3.6
1997.7233 -11.714 -3.66405 23.3 2.1 1.2 3.6
1997.7260 -16.3888 -2.10961 19.1 2.2 1.2 3.6
1997.7288 -10.4781 -4.55231 21.4 2.4 1.3 4.1
1997.7315 -10.1557 -5.99572 19.7 2.1 1.2 3.7
1997.7342 -14.4544 -3.44199 14.6 2.4 1.2 3.8
1997.7370 -18.8606 -1.88754 15.4 2.4 1.3 3.8
1997.7397 -17.1411 -2.88683 17.9 2.3 1.3 3.9
1997.7425 -21.0099 -2.10961 23.6 2.2 1.2 3.8
1997.7452 -13.8633 -3.44199 12.5 2.3 1.2 3.7
1997.7479 -12.3588 -0.222064 11.7 2.2 1.2 3.6
1997.7507 -16.2813 -0.111032 13.5 2.5 1.4 4.2
1997.7534 -17.1411 -1.55445 17.3 2.1 1.1 3.4
1997.7562 -14.6156 -2.55373 25.3 2.2 1.2 3.6
1997.7589 -10.908 -4.8854 20.5 2.3 1.2 3.7
1997.7616 -13.5947 -3.66405 20.1 2.2 1.2 3.7
1997.7644 -17.2486 -4.33025 16.9 2.1 1.2 3.7
1997.7671 -13.2723 -1.22135 23.7 2.2 1.2 3.8
1997.7699 -10.4781 -2.7758 10 2.2 1.3 3.8
1997.7726 -13.1111 1.99857 4.7 2.8 1.6 4.6
1997.7753 -18.5382 2.10961 -1.7 3.2 1.7 5.0
1997.7781 -30.5745 -4.44128 21.9 2.7 1.5 4.2
1997.7808 -10.7468 -3.77508 17.5 2.7 1.3 3.8
1997.7836 -15.0992 -1.88754 15.9 2.9 1.4 4.1
1997.7863 -14.4544 -0.111032 14.5 2.6 1.3 3.8
1997.7890 -13.6484 -1.11032 16.8 2.2 1.3 3.8
1997.7918 -15.3679 -3.21993 14.7 2.2 1.3 3.8
1997.7945 -16.2276 1.11032 23.1 2.2 1.2 3.7
1997.7973 -16.0127 -1.44341 15 2.3 1.2 3.6
1997.8000 -10.9617 -2.22064 10.2 2.7 1.4 4.1
1997.8027 -15.6365 5.77366 13 2.4 1.3 4.1
1997.8055 -17.0874 2.7758 11.8 2.1 1.3 3.9
1997.8082 -19.8815 -0.555159 17.1 2.4 1.3 4.0
1997.8110 -14.5619 -1.99857 22.7 2.1 1.2 3.7
1997.8137 -18.8068 -5.10747 21.7 2.5 1.3 3.8
1997.8164 -14.5619 0.333096 9.3 2.4 1.3 4.1
1997.8192 -12.1438 -4.21921 6.8 2.5 1.3 4.2
1997.8219 -15.1529 -12.9907 19 2.3 1.4 4.1
1997.8247 -18.377 -3.44199 12.2 2.3 1.2 3.7
1997.8274 -11.0692 -3.66405 18.4 2.0 1.2 3.6
1997.8301 -17.3023 -1.99857 14.6 2.2 1.2 3.7
1997.8329 -15.744 -2.4427 22.9 2.0 1.2 3.5
1997.8356 -17.1948 -1.44341 7 2.1 1.2 3.7
1997.8384 -22.5145 -5.44056 8.5 2.6 1.5 4.2
1997.8411 -21.7085 -3.99715 14.5 2.0 1.2 3.8
1997.8438 -21.0637 -0.777223 13.4 2.4 1.4 4.1
1997.8466 -20.7413 -10.9922 21 2.2 1.2 3.9
1997.8493 -14.5619 -6.32882 5.6 2.2 1.3 4.0
1997.8521 -23.2667 -4.66334 9.3 2.8 1.6 4.5
1997.8548 -25.846 -5.99572 13.4 2.4 1.3 4.0
1997.8575 -14.2395 -3.10889 10.1 2.1 1.2 3.7
1997.8603 -20.9025 -9.99287 16.6 2.1 1.3 4.0
1997.8630 -17.1411 -1.77651 2.6 2.1 1.3 3.8
1997.8658 -18.4844 -11.9914 15.4 2.3 1.2 3.8
1997.8685 -19.6666 -2.66477 13.7 2.1 1.3 3.8
1997.8712 -22.1921 2.33167 13.1 2.1 1.2 3.7
1997.8740 -16.8724 1.55445 21.2 2.2 1.3 3.9
1997.8767 -20.9562 0.222064 15.6 2.1 1.2 3.7
1997.8795 -24.3952 -2.7758 6.3 2.4 1.3 4.1
1997.8822 -21.2786 -4.55231 10.9 2.0 1.2 3.6
1997.8849 -24.0728 -5.2185 23 1.9 1.2 3.6
1997.8877 -15.3679 1.55445 27.7 2.0 1.2 3.7
1997.8904 -8.65115 -5.66263 10.7 2.3 1.3 4.3
1997.8932 -24.7176 -2.88683 34.9 2.6 1.7 5.0
1997.8959 -33.3687 -1.11032 8.3 3.2 1.9 5.0
1997.8986 -13.7021 0 7.6 2.4 1.3 3.9
1997.9014 -23.3205 -1.44341 11.5 2.0 1.2 3.7
1997.9041 -21.3323 -4.10818 11.1 2.3 1.3 4.2
1997.9068 -24.7713 -2.99786 16.7 2.1 1.2 3.9
1997.9096 -26.4908 -3.88612 15.4 2.5 1.3 4.1
1997.9123 -9.24222 -1.33238 17.6 2.5 1.4 3.9
1997.9151 -19.6666 -4.77437 17.8 2.2 1.2 3.8
1997.9178 -16.6575 -5.10747 13.6 2.3 1.2 4.1
1997.9205 -27.0281 -9.10462 33.5 2.2 1.2 3.9
1997.9233 -24.4489 -6.55088 11.3 2.4 1.4 4.3
1997.9260 -12.5737 -6.10676 11.7 2.7 1.3 4.3
1997.9288 -16.4425 -4.44128 24.2 2.3 1.2 4.0
1997.9315 -20.9025 -2.88683 15.3 2.2 1.3 4.1
1997.9342 -20.8487 -6.55088 26.7 2.2 1.3 3.8
1997.9370 -22.9981 -10.437 25.4 2.3 1.3 3.9
1997.9397 -13.3797 -6.10676 10.8 2.4 1.3 4.0
1997.9425 -14.4007 -11.3253 24.5 2.4 1.6 4.2
1997.9452 -15.744 -9.65978 12.5 2.1 1.2 3.6
1997.9479 -18.4844 -2.22064 20.8 2.3 1.4 3.9
1997.9507 -21.7622 -10.326 15.1 2.3 1.3 3.9
1997.9534 -23.8578 -6.88398 14.8 2.1 1.2 3.7
1997.9562 -23.2667 -4.99644 8.6 2.4 1.4 4.1
1997.9589 -7.84514 -7.6612 20.3 2.3 1.2 3.8
1997.9616 -14.0245 -5.88469 12.4 2.2 1.2 3.8
1997.9644 -14.2395 -2.55373 17.5 2.2 1.2 3.7
1997.9671 -19.989 -7.77223 21.3 2.2 1.2 3.7
1997.9699 -17.1948 -6.10676 10.2 2.1 1.2 3.4
1997.9726 -18.3232 -0.666192 14.3 2.3 1.4 3.9
1997.9753 -19.3979 -2.33167 21.1 2.3 1.3 3.9
1997.9781 -17.8396 -5.5516 3.5 3.5 1.7 5.3
1997.9808 -18.6994 -11.7694 13.3 1.9 1.2 3.6
1997.9836 -17.1411 -4.44128 6.6 2.0 1.2 3.7
1997.9863 -20.4189 0.55516 12.6 2.1 1.3 3.8
1997.9890 -15.5291 -0.111032 9.7 2.0 1.2 3.5
1997.9918 -19.1292 -1.66548 15.1 2.2 1.3 3.7
1997.9945 -22.5682 -4.33025 13.7 2.0 1.2 3.7
1997.9973 -9.51089 -15.2114 14.6 2.6 1.5 4.2
1998.0000 -18.968 -2.88683 13 2.0 1.2 3.5
1998.0027 -19.183 -5.66263 15.7 2.1 1.3 3.7
1998.0055 -10.693 -2.7758 10.5 2.4 1.3 3.8
1998.0082 -18.0008 -3.66405 0.5 2.2 1.3 3.8
1998.0110 -32.509 -8.99359 5.7 2.1 1.2 3.6
1998.0137 -32.6702 -2.33167 -12.2 1.9 1.1 3.6
1998.0164 -25.6848 -5.99572 1.2 2.2 1.3 3.7
1998.0192 -31.5418 -6.66192 1.6 2.5 1.5 4.4
1998.0219 -20.0427 -7.6612 11.4 2.1 1.3 3.9
1998.0247 -13.8633 -5.66263 9.8 2.2 1.3 3.8
1998.0274 -26.5982 -2.99786 -2.1 2.1 1.2 3.9
1998.0301 -29.07 -9.43771 1.9 2.0 1.2 3.6
1998.0329 -23.2667 -8.10533 16.5 2.1 1.2 3.9
1998.0356 -19.2904 -9.10462 8.7 2.1 1.2 3.7
1998.0384 -22.4607 -8.21636 2.3 2.2 1.3 3.7
1998.0411 -31.7567 -14.4341 1.3 2.2 1.3 3.8
1998.0438 -32.2403 -5.2185 -9.8 2.0 1.3 3.7
1998.0466 -20.0964 -12.2135 1.8 2.6 1.3 4.2
1998.0493 -25.7922 -8.43843 18 2.2 1.5 4.1
1998.0521 -26.5982 -8.66049 9 2.0 1.2 3.5
1998.0548 -28.264 -4.77437 8.1 2.1 1.2 3.7
1998.0575 -19.774 -10.9922 10.2 2.7 1.4 4.2
1998.0603 -25.8997 -7.9943 2.3 2.0 1.2 3.7
1998.0630 -19.7203 -9.88184 5 2.1 1.3 3.9
1998.0658 -32.9388 -8.99359 8 2.3 1.4 4.2
1998.0685 -30.9507 -7.55017 4.2 1.9 1.2 3.5
1998.0712 -18.2158 -7.77223 4.2 3.0 1.5 4.3
1998.0740 -23.5891 -7.43914 6.1 2.4 1.6 4.0
1998.0767 -25.3624 -6.21779 16 2.3 1.6 4.5
1998.0795 -15.0455 -9.99287 16.5 4.4 2.1 6.4
1998.0822 -17.3023 -3.10889 -2.9 2.6 1.5 4.1
1998.0849 -16.7112 -8.99359 3.1 2.0 1.2 3.6
1998.0877 -28.2103 -6.66192 -1.8 2.1 1.3 3.8
1998.0904 -26.3833 -7.21708 10.8 2.0 1.4 3.8
1998.0932 -20.6338 -7.10604 9.6 2.0 1.3 3.8
1998.0959 -27.2968 -3.88612 5.1 2.2 1.3 3.9
1998.0986 -21.6547 -5.10747 17.8 2.1 1.4 3.8
1998.1014 -22.8369 -6.77295 10.5 2.0 1.3 3.7
1998.1041 -21.3861 -7.10604 9.9 2.0 1.3 3.7
1998.1068 -23.6429 -6.43985 15.8 2.4 1.4 4.0
1998.1096 -22.7294 -5.32953 -0.2 2.4 1.3 3.9
1998.1123 -21.2786 -0.444128 7.4 2.4 1.3 3.9
1998.1151 -16.4425 -6.66192 2 2.2 1.2 3.7
1998.1178 -23.8578 -8.32739 2.1 2.0 1.2 3.5
1998.1205 -25.1474 -7.9943 8.9 2.0 1.2 3.6
1998.1233 -21.7085 -13.1018 11.1 2.1 1.3 3.6
1998.1260 -28.4789 -7.10604 -5 2.5 1.3 3.8
1998.1288 -20.8487 -6.21779 6.8 2.1 1.2 3.7
1998.1315 -29.9297 -7.10604 10.5 2.4 1.3 4.0
1998.1342 -31.488 -8.32739 9.7 2.5 1.3 4.2
1998.1370 -26.8132 -6.21779 8.6 2.0 1.2 3.6
1998.1397 -25.5773 -4.55231 12.9 2.1 1.2 3.6
1998.1425 -26.1146 -8.88255 13.5 2.1 1.2 3.5
1998.1452 -21.0637 -7.9943 3.7 2.3 1.3 3.9
1998.1479 -25.846 -5.5516 11.2 1.9 1.2 3.6
1998.1507 -32.8851 -8.54946 3 2.1 1.4 3.7
1998.1534 -26.3296 -7.21708 3.9 1.8 1.1 3.4
1998.1562 -30.8969 -15.4334 14.3 2.3 1.4 4.3
1998.1589 -26.4908 -5.66263 -5.8 2.2 1.3 3.8
1998.1616 -26.652 -7.9943 9.6 2.7 1.5 4.2
1998.1644 -22.5145 -8.43843 3.4 2.4 1.4 4.0
1998.1671 -26.4908 -7.43914 7.4 2.1 1.3 3.7
1998.1699 -27.5117 -5.10747 8.6 2.0 1.2 3.6
1998.1726 -27.6729 -9.65978 10.5 2.3 1.3 3.9
1998.1753 -23.5891 -5.77366 14.6 2.2 1.3 3.8
1998.1781 -28.9088 -1.44341 -5 3.2 1.9 5.4
1998.1973 -20.2576 -10.2149 11.7 3.3 2.3 6.0
1998.2000 -17.0336 -9.99287 18.2 2.4 1.4 3.9
1998.2027 -25.3624 -6.88398 16.1 2.1 1.3 3.6
1998.2055 -24.6638 -7.43914 6.2 2.3 1.2 3.9
1998.2329 -22.6757 -7.88327 28.3 3.9 1.9 5.9
1998.2356 -22.2458 -8.54946 14.1 2.8 1.3 4.2
1998.2384 -22.1383 -3.44199 7.5 2.8 1.4 4.2
1998.2411 -21.7085 -8.77152 9.8 2.6 1.4 4.0
1998.2438 -18.1083 -7.10604 6 2.6 1.3 4.2
1998.2466 -30.3059 -5.2185 -2.1 3.5 1.8 5.4
1998.3288 -43.6319 -2.7758 7.8 4.5 2.6 6.9
1998.3315 -28.3177 -3.99715 2.3 1.9 1.1 3.4
1998.3342 -26.9744 -4.21921 -0.6 3.1 1.6 4.9
1998.3370 -24.0728 -4.21921 8.8 3.5 1.8 5.1
1998.3397 -27.2968 3.33096 0.9 4.4 2.5 6.2
1998.3425 -32.9388 -4.10818 -2.6 3.0 1.6 4.7
1998.3452 -30.7895 -0.666192 2.5 2.4 1.4 3.9
1998.3479 -36.1629 -3.99715 3.9 2.4 1.4 3.9
1998.3507 -33.4224 -6.43985 11.7 2.4 1.3 3.8
1998.3534 -35.2494 -5.66263 11.4 2.4 1.3 3.9
1998.3562 -31.6492 -6.99501 9 2.4 1.4 3.8
1998.3589 -27.5654 -5.88469 7.6 2.2 1.3 4.0
1998.3616 -35.3569 -7.10604 8.4 2.5 1.3 4.1
1998.3644 -34.7658 -5.5516 8.4 2.4 1.3 4.0
1998.3671 -32.0254 -5.44056 14.4 2.1 1.3 3.7
1998.3699 -25.7385 -4.99644 9.2 2.1 1.2 3.6
1998.3726 -29.6611 -5.5516 10.9 1.9 1.1 3.5
1998.3753 -34.1747 -7.55017 6.5 2.0 1.2 3.5
1998.3781 -32.8314 -1.88754 4.6 1.9 1.2 3.5
1998.3808 -33.8523 -2.88683 15.9 2.2 1.3 3.8
1998.3836 -33.1 -6.77295 10.3 2.1 1.3 3.7
1998.3863 -36.5927 -5.10747 11.4 2.3 1.3 4.0
1998.3890 -34.121 -5.88469 18.4 2.2 1.3 3.8
1998.3918 -38.957 -6.99501 -2.4 2.3 1.3 4.1
1998.3945 -30.4133 -4.55231 6.4 2.2 1.3 3.7
1998.3973 -27.5654 -1.88754 1.2 2.3 1.2 4.0
1998.4000 -30.3596 -5.66263 10.9 2.1 1.2 3.7
1998.4027 -29.6073 -5.44056 11 2.1 1.2 3.7
1998.4055 -29.7148 -9.21565 16.4 2.0 1.2 3.5
1998.4082 -39.6556 -3.66405 9.6 2.1 1.3 3.8
1998.4110 -30.1447 -5.5516 21.4 2.2 1.3 4.0
1998.4137 -28.9088 -6.55088 2.7 2.1 1.3 3.8
1998.4192 -39.4944 -2.10961 16.8 2.0 1.3 3.8
1998.4219 -36.4315 -2.33167 6.2 2.4 1.4 4.1
1998.4247 -33.4762 -7.21708 11.2 2.0 1.2 3.6
1998.4274 -35.6793 -8.32739 7.1 2.3 1.3 3.8
1998.4301 -40.3541 -5.10747 11 2.1 1.3 3.9
1998.4329 -33.4762 -6.32882 2.5 2.2 1.3 3.7
1998.4356 -32.9388 -5.2185 3.6 2.0 1.3 3.6
1998.4384 -34.3896 -6.21779 2.7 2.1 1.3 3.7
1998.4411 -33.2075 -6.88398 8 2.1 1.3 3.7
1998.4438 -34.0135 -8.77152 -2.2 2.3 1.4 4.0
1998.4466 -33.315 -5.77366 -3.1 2.1 1.3 3.7
1998.4493 -35.733 -10.326 10.8 2.4 1.5 4.0
1998.4521 -31.9716 -9.43771 5.9 2.4 1.4 3.9
1998.4548 -38.0973 -9.88184 6.1 2.0 1.3 3.7
1998.4575 -34.1747 -6.10676 13.3 2.2 1.3 3.9
1998.4603 -32.8851 -8.43843 8.6 2.1 1.3 3.7
1998.4630 -32.7239 -5.44056 6.8 2.1 1.3 3.7
1998.4658 -38.2047 -6.32882 17.4 2.4 1.4 3.9
1998.4685 -34.7658 -5.66263 3.5 2.1 1.3 3.7
1998.4712 -23.9116 -7.32811 10.1 2.4 1.3 3.7
1998.4740 -31.8104 -6.99501 6 2.2 1.3 3.8
1998.4767 -35.0345 -4.21921 0.6 2.1 1.2 3.8
1998.4795 -34.4434 -5.2185 13.2 2.1 1.3 3.8
1998.4822 -35.3031 -7.32811 -4.1 2.9 1.6 4.5
1998.4849 -39.8705 -5.5516 6.9 2.4 1.4 4.2
1998.4877 -36.9151 -4.99644 4.4 2.8 1.6 4.5
1998.4904 -38.6346 -5.10747 -10.2 2.4 1.5 4.2
1998.4932 -37.345 -4.99644 -7 1.9 1.3 3.8
1998.4959 -35.6255 -3.33096 -0.8 2.1 1.2 3.8
1998.4986 -38.2047 -8.10533 7.1 2.0 1.2 3.8
1998.5014 -32.6164 -6.77295 6.1 2.3 1.4 4.0
1998.5041 -39.3869 -6.66192 7.8 2.1 1.2 3.9
1998.5068 -37.9361 -5.44056 5.9 2.0 1.2 3.5
1998.5096 -35.1957 -6.77295 4.7 2.3 1.3 3.8
1998.5123 -47.6082 -7.43914 10.2 2.4 1.4 4.0
1998.5151 -47.5007 -6.66192 -2.7 2.5 1.5 4.5
1998.5178 -39.8705 -4.8854 -0.9 2.1 1.2 3.9
1998.5205 -41.8049 -0.222064 -7.5 2.3 1.4 4.1
1998.5233 -41.3213 -5.99572 2.8 1.9 1.2 3.7
1998.5260 -29.6073 -5.5516 -1.7 2.5 1.4 4.2
1998.5288 -39.0108 -6.77295 -4.1 2.3 1.3 4.0
1998.5315 -41.9661 -4.44128 -1.1 2.3 1.3 4.0
1998.5342 -46.5872 -5.66263 17.9 1.9 1.2 3.6
1998.5370 -36.0554 -7.6612 -7.2 2.8 1.4 4.1
1998.5397 -38.3659 -6.21779 8.1 4.6 2.5 6.1
1998.5425 -26.437 -4.10818 4.2 5.9 2.6 7.8
1998.5452 -21.6547 -5.5516 27.1 6.3 2.7 7.9
1998.5479 -49.2739 -3.44199 3.4 7.3 2.8 8.1
1998.5507 -37.7749 -4.99644 6.6 5.2 2.4 6.8
1998.5534 -23.1055 -9.43771 10.4 6.3 2.9 8.3
1998.5562 -43.0945 -3.44199 -1.2 5.9 2.7 8.3
1998.5589 -3.9763 5.10747 63.7 7.0 3.8 11.0
1998.5616 -23.4279 -4.77437 15.1 5.4 2.5 7.5
1998.5644 -35.733 -3.99715 9.8 5.3 2.3 7.5
1998.5671 -5.48085 -13.2128 29.2 8.0 3.7 11.3
1998.5699 -26.2758 -3.55302 -1.3 4.6 2.1 6.2
1998.5726 -34.0135 -4.8854 2.5 2.5 1.4 4.0
1998.5753 -38.0435 -5.99572 3.1 2.3 1.3 3.8
1998.5781 -44.4379 -9.21565 13.2 2.5 1.3 3.9
1998.5808 -43.7393 -3.99715 9.5 2.5 1.4 4.0
1998.5836 -36.7002 -2.88683 13.4 2.3 1.3 3.7
1998.5863 -34.7658 -1.66548 3.5 2.1 1.2 3.7
1998.5890 -42.9333 -3.44199 13.9 2.9 2.0 5.5
1998.6137 -29.0163 -5.44056 21.5 3.7 1.6 5.6
1998.6192 -35.9479 -6.77295 23 2.3 1.3 3.9
1998.6219 -38.4197 -4.8854 24.3 2.4 1.4 4.1
1998.6247 -36.0554 -2.7758 14.8 2.3 1.2 3.7
1998.6274 -37.5062 -3.77508 20.5 2.2 1.2 3.8
1998.6301 -34.4434 -0.222064 10.4 2.2 1.3 3.9
1998.6356 -36.4315 -4.77437 12.7 2.4 1.3 3.9
1998.6384 -35.6793 -1.33238 12.9 2.5 1.2 3.8
1998.6411 -38.0973 -3.21993 17 2.7 1.6 4.4
1998.6438 -45.7812 0.222064 16.8 2.5 1.3 3.8
1998.6466 -31.1656 -3.55302 14.5 2.6 1.3 3.9
1998.6493 -45.3513 -7.32811 19.7 2.2 1.3 3.9
1998.6521 -34.9807 -5.44056 19.8 2.5 1.3 4.1
1998.6575 -32.4015 -1.88754 17.7 2.4 1.2 3.8
1998.6603 -39.172 -2.7758 14.2 2.2 1.2 3.7
1998.6630 -36.0017 -6.32882 22.2 2.1 1.2 3.5
1998.6685 -32.7776 -4.44128 21.4 2.5 1.3 4.2
1998.6712 -37.9361 -3.99715 8.8 2.4 1.3 3.9
1998.6740 -37.4525 0 8.5 2.4 1.3 3.9
1998.6767 -33.9598 -2.99786 9 2.3 1.3 3.7
1998.6795 -31.2731 -1.55445 13.1 2.4 1.2 3.8
1998.6822 -40.3541 -4.33025 8.3 2.5 1.4 3.9
1998.6904 -42.6109 -5.44056 21.5 2.4 1.5 3.9
1999.0219 -37452.5 -4201.89 6871.8 3.8 3.0 6.4
1999.0247 -37459 -4196.67 6871.7 2.0 1.2 3.9
1999.0274 -37457.1 -4198.34 6875.1 2.1 1.3 3.8
1999.0301 -37457.3 -4197.67 6861.6 4.6 2.1 7.0
