2002.4658 0 0 0 21.9 11.7 26.7
2002.4685 -2.74043 19.3196 -75 7.7 4.3 9.8
2002.4986 16.6038 8.10533 -63.4 5.5 2.6 6.8
2002.5014 12.8424 2.7758 -58.9 3.2 1.6 4.5
2002.5041 20.4726 8.10533 -63 2.6 1.7 4.7
2002.5068 13.9708 6.43985 -58.3 3.0 1.7 4.6
2002.5096 18.3233 7.32811 -52.7 3.0 1.8 4.6
2002.5123 16.7112 9.43771 -58.7 3.1 1.9 4.8
2002.5151 14.938 8.66049 -53 3.0 1.9 4.6
2002.5178 13.9708 7.21707 -58.9 2.5 1.7 3.9
2002.5205 6.71673 11.2142 -61.2 3.7 2.9 6.2
2002.7589 17.6247 10.9922 -50.4 2.2 1.7 4.7
2002.7616 19.8815 5.66263 -33.1 1.8 1.5 3.8
2002.7644 22.5682 7.55017 -43.2 1.7 1.2 3.7
2002.7671 11.4991 6.66192 -42.1 3.7 2.1 5.8
2002.7699 19.6666 6.77295 -35.5 1.9 1.5 4.1
2002.7753 14.0783 10.548 -43.4 2.0 1.5 3.9
2002.7781 17.1948 10.2149 -41.1 1.8 1.2 3.7
2002.7808 23.8041 9.65978 -55.9 1.7 1.4 3.8
2002.7836 18.2158 7.88327 -47.9 1.6 1.2 3.5
2002.7863 20.5263 9.21565 -35.6 1.9 1.5 4.1
2002.7890 18.377 8.10533 -41.4 1.9 1.4 3.8
2002.7918 19.3979 5.77366 -45.9 1.8 1.3 3.5
2002.7945 17.9471 8.43843 -43.8 2.0 1.3 3.6
2002.7973 18.9143 8.77152 -48.8 1.6 1.2 3.4
2002.8000 14.132 5.77366 -33.8 1.7 1.2 3.4
2002.8027 22.0309 7.10604 -36.5 1.6 1.2 3.8
2002.8055 17.5172 5.99572 -42.8 1.6 1.2 3.4
2002.8082 17.1948 7.6612 -44.2 1.7 1.3 3.5
2002.8110 16.765 5.99572 -37.4 1.6 1.2 3.4
2002.8137 24.1802 3.88612 -29.7 3.3 3.1 7.9
2002.8164 19.5054 12.7687 -57.2 1.9 1.5 3.9
2002.8192 16.8187 10.8811 -51.1 1.7 1.3 3.7
2002.8219 4.51365 2.33167 -52.2 3.1 1.7 4.9
2002.8247 14.5081 14.3231 -62.5 1.9 1.3 3.7
2002.8274 21.6548 10.2149 -21.8 2.9 2.3 5.8
2002.8301 19.8278 15.1003 -79.2 3.7 2.5 7.2
2002.8329 18.0546 11.5473 -56 1.7 1.3 3.7
2002.8356 10.2632 8.10533 -47.1 2.2 1.4 4.1
2002.8384 19.3442 14.4341 -50.9 2.3 1.8 5.0
2002.8411 14.938 12.4356 -57.4 5.1 3.9 8.7
2002.8438 8.65115 24.205 -32.7 1.9 1.4 4.3
2002.8466 1.55828 24.427 -40.3 1.9 1.4 3.9
2002.8493 -2.04189 25.3153 -42.9 1.7 1.2 3.6
2002.8521 6.9854 25.7594 -33.4 2.2 1.4 4.2
2002.8548 0.0537333 25.8704 -38.4 1.6 1.2 3.4
2002.8575 2.63296 25.2042 -40 1.6 1.2 3.5
2002.8603 2.84789 24.427 -41.9 1.7 1.2 3.5
2002.8630 4.67485 26.6477 -36.4 1.7 1.2 3.4
2002.8658 -5.21219 32.0882 -44.2 1.7 1.3 3.7
2002.8685 0.967209 29.2014 -44.2 1.7 1.1 3.3
2002.8712 4.45991 24.7601 -34.1 1.6 1.1 3.3
2002.8740 2.79416 24.8712 -31.4 1.6 1.2 3.4
2002.8767 3.27777 23.5388 -43.2 1.6 1.2 3.4
2002.8795 1.66575 26.6477 -40.7 1.6 1.2 3.5
2002.8822 5.48086 24.205 -24.5 1.9 1.3 3.7
2002.8849 2.47176 26.3146 -30.7 1.6 1.1 3.4
2002.8877 -0.107468 27.2028 -39.7 1.8 1.2 3.5
2002.8904 5.69579 32.0882 -52.3 2.2 1.7 4.6
2002.8932 1.82695 27.98 -39.3 1.7 1.3 3.7
2002.8959 -0.429871 24.205 -57.9 1.7 1.2 3.5
2002.8986 2.57923 26.9808 -44.8 1.7 1.2 3.5
2002.9014 0.859742 30.4227 -40.4 1.6 1.2 3.3
2002.9041 4.94352 21.2071 -33.6 1.7 1.2 3.4
2002.9068 4.56738 24.316 -31.9 1.9 1.3 3.7
2002.9096 1.55828 25.5373 -47.7 1.6 1.2 3.5
2002.9123 4.45991 24.6491 -42.4 1.6 1.2 3.4
2002.9151 3.22403 26.4256 -29.6 1.6 1.2 3.4
2002.9178 1.18215 27.98 -37.8 1.7 1.2 3.5
2002.9205 4.08377 26.8697 -45.8 1.7 1.2 3.5
2002.9233 5.10472 30.0897 -37.2 2.5 1.6 4.9
2002.9260 7.84515 28.4242 -30.8 1.8 1.3 3.7
2002.9288 2.68669 29.0904 -41 1.6 1.1 3.4
2002.9315 5.58832 26.3146 -37.2 1.8 1.3 3.6
2002.9342 1.98815 26.0925 -37 1.7 1.2 3.5
2002.9370 2.36429 24.0939 -41 1.8 1.2 3.7
2002.9397 -0.429871 26.6477 -43.5 1.6 1.2 3.4
2002.9425 -4.83605 25.2042 -36.7 1.7 1.2 3.4
2002.9452 -1.07468 26.2035 -41.8 1.6 1.1 3.3
2002.9479 -3.3315 28.3131 -30.6 1.7 1.3 3.5
2002.9534 -5.37339 31.0889 -59.5 2.1 1.3 3.9
2002.9562 -3.60017 27.869 -41.7 1.8 1.1 3.5
2002.9589 -5.15845 27.758 -39.8 1.8 1.2 3.5
2002.9616 -5.26592 28.9793 -36.2 1.6 1.1 3.3
2002.9644 -7.09287 31.7551 -43.1 1.6 1.1 3.4
2002.9671 -4.51365 25.0932 -42.1 2.4 1.7 4.6
2002.9699 4.13751 27.4249 -34.8 1.8 1.2 3.6
2002.9726 -6.28687 24.205 -36.9 2.1 1.2 3.6
2002.9753 1.07468 25.6484 -40.5 1.7 1.1 3.4
2002.9781 -0.537339 21.2071 -27.2 1.9 1.3 3.9
2002.9808 2.84789 23.8719 -36.7 1.8 1.2 3.6
2002.9836 -2.52549 27.758 -42.3 1.9 1.2 3.7
2002.9863 -5.53459 28.2021 -28.1 1.9 1.2 3.4
2002.9890 -5.37339 21.4292 -19.3 2.5 1.5 4.2
2002.9918 -3.43897 29.3124 -43.4 1.7 1.2 3.4
2002.9945 -7.41528 28.0911 -36.9 1.7 1.1 3.4
2002.9973 -1.61202 27.6469 -23.8 1.9 1.3 3.8
2003.0000 0.376136 23.0946 -50.5 1.9 1.4 4.2
2003.0164 -28.8551 25.3153 -44.4 3.5 1.9 5.8
2003.0192 -6.28687 33.7537 -45.4 2.2 1.4 4.2
2003.0219 -3.65391 31.6441 -55 1.6 1.1 3.3
2003.0247 -0.376138 31.9772 -59.8 1.7 1.2 3.5
2003.0274 -9.45716 28.7573 -76.5 2.7 1.6 5.1
2003.0301 -9.3497 28.5352 -47.2 1.6 1.1 3.3
2003.0329 -5.80326 27.869 -48.2 1.7 1.1 3.4
2003.0356 -3.0091 27.758 -50 1.6 1.1 3.3
2003.0384 -5.48086 30.4227 -50.9 2.1 1.4 4.2
2003.0411 -2.57923 28.0911 -57.7 1.7 1.1 3.5
2003.0438 -2.14936 30.9779 -58.7 1.7 1.1 3.4
2003.0466 -5.15845 28.3131 -60.4 1.7 1.1 3.4
2003.0575 -13.5409 29.2014 -75 3.1 1.8 5.5
2003.0603 0.537338 30.3117 -55.1 1.6 1.1 3.3
2003.0630 -1.39708 29.4235 -43.6 1.8 1.2 3.7
2003.0658 2.41802 27.758 -34.1 2.1 1.4 4.3
2004.2575 -25.7923 40.9708 -32.8 2.0 1.3 3.8
2004.2603 -34.336 35.8633 -25.8 1.6 1.1 3.2
2004.2630 -30.7895 38.195 -44.2 1.7 1.2 3.6
2004.2658 -35.1957 36.8626 -28.1 1.9 1.2 3.6
2004.2685 -31.7567 37.6398 -34.2 1.6 1.1 3.3
2004.2712 -31.703 38.7501 -36.1 1.6 1.1 3.3
2004.2740 -32.4553 39.1943 -33.1 1.6 1.1 3.3
2004.2767 -37.0226 38.9722 -35.4 1.6 1.1 3.4
2004.2795 -31.8642 38.417 -43.9 1.6 1.1 3.3
2004.2822 -32.8851 37.9729 -43.8 1.6 1.1 3.3
2004.2849 -31.5418 36.6405 -33.9 1.7 1.1 3.4
2004.2877 -37.2913 37.8619 -45.9 1.6 1.1 3.4
2004.2904 -32.509 38.195 -41.8 1.5 1.1 3.2
2004.2932 -33.5837 35.0861 -46.8 1.8 1.2 3.6
2004.2959 -28.9088 36.0854 -37.2 1.6 1.1 3.3
2004.2986 -28.9626 34.3089 -24.7 1.7 1.1 3.6
2004.3014 -30.1447 36.9736 -30.5 1.6 1.1 3.3
2004.3041 -30.0372 37.3067 -33.5 1.6 1.1 3.2
2004.3068 -29.9298 35.6412 -35.2 1.6 1.1 3.3
2004.3096 -29.6074 37.4178 -33.9 1.6 1.0 3.2
2004.3123 -35.733 37.9729 -35.5 1.9 1.3 3.8
2004.3151 -31.3806 36.7516 -29.3 1.6 1.1 3.3
2004.3178 -30.7895 36.7516 -30.1 1.6 1.1 3.3
2004.3205 -34.5509 34.864 -34.9 1.5 1.0 3.1
2004.3233 -32.7239 36.3074 -35.7 1.6 1.1 3.2
2004.3260 -30.682 34.9751 -32.3 1.6 1.1 3.3
2004.3288 -31.7567 35.8633 -26.7 1.6 1.1 3.3
2004.3315 -33.4225 37.9729 -37.6 1.6 1.1 3.2
2004.3342 -34.7658 38.9722 -32.2 1.6 1.0 3.3
2004.3370 -34.8733 36.9736 -30.9 1.6 1.1 3.3
2004.3397 -31.1119 36.4185 -35.6 1.6 1.1 3.3
2004.3425 -31.0582 35.5302 -38 1.6 1.1 3.3
2004.3452 -32.8851 39.1943 -43.8 1.7 1.1 3.4
2004.3479 -33.9061 37.0847 -37.7 1.6 1.1 3.4
2004.3507 -34.1748 32.4213 -34.9 1.7 1.1 3.3
2004.3534 -35.4644 34.9751 -34.6 1.6 1.1 3.4
2004.3562 -31.4881 35.0861 -21 1.6 1.1 3.2
2004.3589 -33.2075 33.9758 -28.6 1.5 1.0 3.2
2004.3616 -35.4644 34.9751 -39.7 1.5 1.0 3.1
2004.3644 -32.4015 38.195 -31.6 1.6 1.0 3.2
2004.3671 -31.7567 35.1971 -29.1 1.6 1.1 3.3
2004.3699 -36.9152 35.1971 -31.9 1.6 1.0 3.2
2004.3726 -32.9926 34.0868 -30.6 1.5 1.1 3.2
2004.3753 -32.5627 34.1978 -23.4 1.5 1.0 3.1
2004.3781 -34.2822 37.5288 -29.6 1.6 1.0 3.2
2004.3808 -31.8642 36.1964 -29.5 1.6 1.1 3.2
2004.3836 -34.4972 34.864 -27.4 1.6 1.1 3.3
2004.3863 -37.2913 37.1957 -25.8 1.6 1.1 3.3
2004.3890 -33.6911 35.0861 -29 1.6 1.1 3.2
2004.3918 -36.6465 33.9758 -33.3 1.6 1.0 3.2
2004.3945 -37.2376 34.753 -18.4 1.6 1.0 3.2
2004.3973 -35.0345 34.4199 -18 1.6 1.0 3.2
2004.4000 -34.5509 31.8662 -29.8 1.7 1.1 3.4
2004.4027 -36.3778 35.5302 -30.1 1.6 1.0 3.2
2004.4055 -32.6702 33.0875 -28.5 1.6 1.1 3.3
2004.4082 -36.9152 34.642 -26.3 1.6 1.1 3.3
2004.4110 -37.2376 36.8626 -29 1.6 1.1 3.3
2004.4137 -33.8523 34.1978 -27.9 1.6 1.0 3.3
2004.4164 -34.2822 33.5316 -19.4 1.6 1.0 3.3
2004.4192 -36.539 34.3089 -19.7 1.6 1.0 3.2
2004.4219 -38.9571 34.753 -30.9 1.6 1.0 3.2
2004.4247 -40.6228 35.5302 -24.9 1.6 1.0 3.4
2004.4274 -38.3123 37.0847 -33.2 1.6 1.0 3.2
2004.4301 -39.6019 33.8647 -22.5 1.6 1.0 3.3
2004.4329 -36.6465 34.9751 -23.8 1.6 1.0 3.3
2004.4356 -36.8077 33.8647 -22.1 1.6 1.0 3.3
2004.4384 -39.3332 33.9758 -33.3 1.7 1.1 3.4
2004.4411 -37.6675 34.864 -30.5 1.7 1.1 3.4
2004.4438 -40.2467 37.3067 -31.2 1.9 1.2 3.6
2004.4466 -39.2795 36.4185 -20.5 1.6 1.1 3.2
2004.4493 -38.8496 34.1978 -25.2 1.6 1.1 3.5
2004.4521 -41.3214 34.4199 -24 1.7 1.1 3.4
2004.4548 -40.0855 37.4178 -24 1.7 1.1 3.4
2004.4575 -40.999 40.4156 -35.8 1.8 1.2 3.5
2004.4603 -42.7722 37.8619 -27 2.1 1.3 3.9
2004.4630 -36.8077 34.864 -31.9 1.7 1.1 3.4
2004.4658 -39.5481 35.9743 -35.3 1.8 1.1 3.4
2004.4685 -40.2467 35.6412 -30 1.6 1.0 3.2
2004.4712 -43.9543 35.5302 -35.8 1.7 1.0 3.3
2004.4740 -41.4826 35.7523 -32.1 1.7 1.0 3.3
2004.4767 -44.223 35.0861 -22.9 1.7 1.1 3.5
2004.4795 -40.5691 34.0868 -19.2 1.7 1.1 3.4
2004.4822 -40.3004 34.642 -20.7 1.7 1.0 3.3
2004.4849 -42.2348 41.4149 -28.7 1.7 1.1 3.4
2004.4877 -44.4379 39.7494 -25.1 1.7 1.0 3.4
2004.4904 -40.3004 37.3067 -14.9 1.7 1.1 3.4
2004.4932 -45.3514 38.417 -33.2 1.7 1.1 3.4
2004.4959 -43.202 36.3074 -30.1 1.7 1.1 3.5
2004.4986 -45.5663 38.7501 -29.3 1.7 1.1 3.4
2004.5014 -41.1602 35.7523 -26.6 1.7 1.0 3.3
2004.5041 -41.4826 35.3082 -25.1 1.7 1.0 3.3
2004.5068 -43.202 36.4185 -20.8 1.7 1.0 3.3
2004.5096 -41.2139 33.9758 -18.7 1.7 1.0 3.4
2004.5123 -42.4498 36.1964 -22.8 1.7 1.0 3.4
2004.5151 -37.9361 38.306 -29 1.6 1.1 3.4
2004.5178 -37.8287 37.4178 -19.6 1.7 1.1 3.4
2004.5205 -42.3423 35.5302 -15.6 1.7 1.1 3.3
2004.5233 -43.7394 34.753 -19 1.6 1.1 3.4
2004.5260 -49.3277 36.4185 -22.6 1.7 1.1 3.4
2004.5288 -40.9452 39.3053 -23.9 1.7 1.1 3.4
2004.5315 -39.3869 38.417 -16.2 1.6 1.0 3.3
2004.5342 -45.7813 36.9736 -19.7 1.6 1.0 3.4
2004.5370 -45.0827 36.3074 -16.7 1.7 1.0 3.3
2004.5397 -45.5126 36.0854 -20.3 1.6 1.0 3.3
2004.5425 -42.1811 34.5309 -20.6 1.7 1.1 3.5
2004.5452 -37.3988 34.753 -16.7 1.8 1.2 3.6
2004.5479 -43.5244 37.9729 -10.4 1.6 1.0 3.3
2004.5507 -43.4707 37.4178 -13.6 1.6 1.1 3.3
2004.5534 -45.4051 35.9743 -13.2 1.7 1.1 3.5
2004.5562 -41.805 34.1978 -18.7 1.6 1.1 3.4
2004.5589 -33.315 36.7516 -14.4 1.7 1.1 3.5
2004.5616 -44.0081 38.195 -14.6 2.1 1.2 3.7
2004.5644 -38.5809 35.9743 -13.2 1.7 1.1 3.4
2004.5671 -39.4407 38.195 -12.9 3.0 2.4 6.0
2004.5699 -46.4798 36.0854 -23.7 1.8 1.1 3.5
2004.5726 -42.7184 40.4156 -21.4 2.6 1.8 5.2
2004.5753 -36.8077 36.8626 -4.3 1.6 1.1 3.3
2004.5781 -44.5454 37.8619 -13.1 1.6 1.0 3.2
2004.5808 -45.6738 39.4163 -12.5 1.6 1.0 3.3
2004.5836 -41.59 37.9729 -15.6 1.6 1.1 3.4
2004.5863 -40.6228 37.8619 -19.7 1.6 1.0 3.3
2004.5890 -36.8614 36.8626 -15.5 1.6 1.0 3.2
2004.5918 -43.9006 36.1964 -12.9 1.6 1.0 3.3
2004.5945 -45.1365 33.4206 -8.7 1.6 1.1 3.4
2004.5973 -41.9124 37.8619 -24.6 1.7 1.1 3.5
2004.6000 -45.4051 35.7523 -17.2 1.6 1.0 3.3
2004.6027 -49.865 36.0854 -20.4 1.9 1.2 3.5
2004.6055 -41.805 34.642 -22.5 1.6 1.1 3.3
2004.6082 -46.3186 39.4163 -23.6 1.6 1.0 3.2
2004.6110 -40.5691 36.1964 -17.3 1.6 1.1 3.2
2004.6137 -37.1301 36.5295 -14 1.6 1.1 3.3
2004.6164 -43.1483 37.6398 -14.8 1.6 1.0 3.2
2004.6192 -42.6647 42.4142 -21.2 1.7 1.1 3.3
2004.6219 -42.611 35.4192 -14.4 1.6 1.0 3.2
2004.6247 -42.8259 37.3067 -14.5 1.6 1.0 3.3
2004.6274 -43.6856 36.4185 -24.1 1.6 1.1 3.4
2004.6301 -40.2467 36.5295 -15.8 1.6 1.1 3.3
2004.6329 -41.5363 36.1964 -11.1 1.6 1.0 3.2
2004.6356 -41.5363 36.9736 -14.3 1.6 1.1 3.3
2004.6384 -43.9006 40.0825 -17.9 1.7 1.2 3.5
2004.6411 -51.7457 34.0868 -11 1.6 1.1 3.3
2004.6438 -38.6347 37.8619 -13.9 1.7 1.1 3.4
2004.6466 -42.8796 37.1957 -10.8 1.6 1.0 3.2
2004.6493 -36.2166 34.3089 -6.7 2.2 1.3 4.3
2004.6521 -44.3842 42.3032 18.7 3.3 3.4 7.5
2004.6548 -40.4616 36.1964 -7.1 1.6 1.0 3.3
2004.6575 -40.784 35.5302 1.6 1.6 1.1 3.4
2004.6603 -41.9662 37.1957 -11.2 1.7 1.1 3.4
2004.6630 -49.4889 36.6405 -11.7 1.6 1.1 3.3
2004.6658 -43.6856 36.7516 -6.5 2.1 1.4 4.1
2004.6685 -46.8022 38.7501 -11.7 1.8 1.2 3.6
2004.6712 -46.7485 37.8619 -13.5 1.6 1.1 3.3
2004.6740 -42.5572 38.9722 -5.1 1.6 1.1 3.3
2004.6767 -41.9662 36.0854 -7.2 1.6 1.1 3.3
2004.6795 -41.2139 37.8619 -15.2 1.6 1.1 3.3
2004.6822 -44.9753 37.8619 -7.1 1.6 1.1 3.3
2004.6849 -41.9124 40.6377 -11.6 1.6 1.1 3.4
2004.6877 -48.7366 41.9701 -16 1.7 1.1 3.4
2004.6904 -44.9753 37.9729 -4 1.6 1.0 3.3
2004.6932 -44.4379 38.5281 -4.5 1.6 1.1 3.2
2004.6959 -45.2977 37.9729 -10.9 1.6 1.0 3.2
2004.6986 -42.6647 36.6405 -0.6 1.6 1.1 3.2
2004.7014 -45.5126 37.7509 -8.6 1.6 1.1 3.2
2004.7041 -46.2111 36.8626 2.1 1.6 1.1 3.3
2004.7068 -42.6647 34.5309 4.4 1.6 1.2 3.4
2004.7096 -42.9334 36.4185 -13.6 1.6 1.0 3.1
2004.7123 -42.7722 39.7494 -8.9 1.6 1.1 3.2
2004.7151 -43.3632 38.6391 -9.4 1.6 1.1 3.2
2004.7178 -43.5782 39.0832 -15.8 1.6 1.1 3.2
2004.7205 -43.4707 38.5281 -5.4 1.6 1.0 3.1
2004.7233 -44.7066 38.8612 -1.9 1.6 1.1 3.2
2004.7260 -40.4079 37.6398 3.8 1.6 1.1 3.2
2004.7288 -41.2139 39.3053 -6.3 1.6 1.1 3.2
2004.7315 -40.4616 38.8612 1.1 1.6 1.1 3.3
2004.7342 -45.0827 38.6391 0.4 1.6 1.1 3.2
2004.7370 -42.7722 39.7494 -2.4 1.6 1.1 3.3
2004.7397 -39.7631 36.7516 0.5 1.8 1.2 3.6
2004.7479 -40.6766 39.9715 2 1.6 1.1 3.3
2004.7507 -41.3751 41.3039 -3.4 1.6 1.1 3.5
2004.7534 -44.6529 38.195 -7.2 1.6 1.1 3.2
2004.7562 -42.611 41.859 -21.1 1.6 1.1 3.3
2004.7589 -39.1183 37.8619 -1.2 1.6 1.1 3.3
2004.7616 -40.1392 36.9736 1.1 1.6 1.1 3.3
2004.7644 -44.8141 37.0847 1.6 1.6 1.1 3.2
2004.7671 -47.2321 38.6391 -5.5 1.7 1.1 3.3
2004.7699 -45.1365 38.417 -0.5 1.6 1.0 3.2
2004.7726 -42.611 40.0825 -3.2 1.7 1.1 3.2
2004.7753 -32.4015 33.8647 0.8 1.7 1.1 3.3
2004.7781 -43.7931 37.9729 1.3 1.6 1.1 3.4
2004.7808 -42.8796 38.8612 -2.5 1.6 1.1 3.2
2004.7836 -41.5363 38.417 -9.7 1.6 1.1 3.2
2004.7863 -38.5272 38.6391 -5.5 1.8 1.2 3.5
2004.7890 -43.3632 38.7501 -9.7 1.7 1.1 3.4
2004.7918 -42.5572 38.5281 -16.8 1.7 1.1 3.3
2004.7945 -42.3423 40.3046 -8.9 1.6 1.1 3.2
2004.7973 -40.0855 40.4156 -12.8 1.7 1.1 3.3
2004.8000 -45.1365 38.417 -20 1.6 1.1 3.1
2004.8027 -37.2376 37.3067 -2 1.6 1.1 3.1
2004.8055 -44.7066 42.7473 -10.1 1.7 1.2 3.3
2004.8082 -43.202 39.7494 3.2 1.6 1.1 3.2
2004.8110 -41.0527 39.0832 -8.5 1.7 1.2 3.3
2004.8137 -46.1574 40.3046 -13.2 1.6 1.0 3.0
2004.8164 -54.4862 45.8562 -9.9 1.6 1.1 3.2
2004.8192 -46.5335 41.3039 -9 1.7 1.1 3.2
2004.8219 -45.0827 39.5274 -2.3 1.6 1.1 3.3
2004.8247 -48.0381 38.6391 -8.8 1.7 1.2 3.3
2004.8274 -43.9006 40.3046 -12.1 1.6 1.1 3.2
2004.8301 -45.4589 39.1943 -4.4 1.7 1.3 3.5
2004.8329 -48.1993 39.3053 3.9 1.7 1.2 3.4
2004.8356 -41.7512 42.1921 -3.5 1.5 1.0 3.1
2004.8384 -43.9006 39.8605 -7.4 1.6 1.0 3.2
2004.8411 -43.3632 40.3046 -10.1 1.6 1.0 3.0
2004.8438 -44.4379 39.8605 -1.6 1.6 1.1 3.2
2004.8466 -43.3632 41.5259 9.2 1.6 1.1 3.3
2004.8493 -39.2257 41.1928 -7.5 1.6 1.0 3.2
2004.8521 -38.0973 40.4156 -8.5 1.7 1.1 3.3
2004.8548 -41.7512 44.4128 -15 1.7 1.1 3.3
2004.8575 -38.1511 46.1893 -11.5 2.4 1.8 4.9
2004.8603 -64.1045 50.9637 -23.2 3.4 1.7 5.1
2004.8630 -47.662 41.859 -15.8 3.8 1.9 5.5
2004.8658 -40.7303 43.3025 -12.5 1.6 1.1 3.2
2004.8685 -43.5244 42.5252 -3.9 1.8 1.2 3.6
2004.8712 -44.0618 41.859 -13.1 1.6 1.0 3.2
2004.8740 -45.029 42.6363 -11.6 1.6 1.0 3.1
2004.8767 -46.3186 41.5259 -6.7 1.6 1.0 3.1
2004.8795 -46.8559 39.5274 -9 1.6 1.0 3.2
2004.8822 -46.7485 38.5281 -8.1 1.6 1.1 3.2
2004.8849 -45.2439 41.4149 -2.8 1.6 1.1 3.2
2004.8877 -45.5126 43.5245 -9.4 1.6 1.1 3.3
2004.8904 -44.0081 44.3017 0.3 1.9 1.1 3.4
2004.8932 -42.0736 39.3053 -22.4 1.7 1.0 3.2
2004.8959 -47.1246 42.9694 -11.4 1.6 1.0 3.2
2004.8986 -42.5572 44.8569 -11.8 1.7 1.1 3.3
2004.9014 -48.0918 38.9722 -2.7 1.7 1.1 3.3
2004.9041 -32.2941 53.5174 8.9 1.9 1.2 3.6
2004.9068 -44.0081 45.079 -8.8 1.6 1.0 3.3
2004.9096 -36.0554 50.0754 3 1.6 1.1 3.4
2004.9123 -42.9334 36.5295 -6.6 1.6 1.1 3.2
2004.9151 -46.6947 41.5259 -11.5 1.6 1.0 3.2
2004.9178 -42.5035 47.6327 -9 1.6 1.0 3.2
2004.9205 -46.9634 43.5245 -2.8 1.7 1.1 3.3
2004.9233 -41.5363 43.1914 -5.5 1.7 1.1 3.2
2004.9260 -44.4379 41.4149 -14.2 1.7 1.1 3.2
2004.9288 -49.2202 41.748 -17.6 1.6 1.0 3.2
2004.9315 -45.1902 43.4135 -16.3 1.6 1.0 3.1
2004.9342 -46.1037 40.4156 -17 1.7 1.1 3.3
2004.9370 -46.9634 42.1921 -5.4 1.6 1.0 3.1
2004.9397 -48.3068 44.9679 -9.7 1.6 1.1 3.3
2004.9425 -49.5964 42.4142 -8.9 1.6 1.0 3.2
2004.9452 -52.8204 43.9686 -12.7 1.6 1.1 3.4
2004.9479 -50.7785 40.6377 -9.6 1.6 1.1 3.3
2004.9507 -50.4024 40.1936 -7.7 1.8 1.1 3.3
2004.9534 -41.9124 44.1907 3.7 1.6 1.1 3.3
2004.9562 -49.0053 43.4135 -1.1 1.6 1.0 3.3
2004.9589 -49.5964 40.9708 -7.9 1.6 1.0 3.3
2004.9616 -43.417 46.0782 -5.4 1.7 1.1 3.5
2004.9644 -49.059 40.7487 -7.3 1.5 1.0 3.2
2004.9671 -45.0827 42.4142 -13.4 1.6 1.0 3.2
2004.9699 -49.274 40.0825 -17.3 1.6 1.0 3.2
2004.9726 -52.0144 42.1921 -9.8 1.6 1.0 3.2
2004.9753 -54.4862 43.7466 -19.7 1.7 1.0 3.3
2004.9781 -47.0709 44.1907 -23.6 1.7 1.1 3.7
2004.9808 -45.6738 40.5267 -20.5 1.6 1.1 3.4
2004.9836 -46.1037 42.4142 -10.7 1.6 1.1 3.4
2004.9863 -49.4352 49.4092 -33.5 1.6 1.0 3.2
2004.9890 -55.7758 43.8576 -38.6 1.7 1.1 3.3
2004.9918 -55.937 45.5231 -30.1 1.6 1.0 3.3
2004.9945 -55.9907 48.2989 -30.5 1.8 1.1 3.4
2004.9973 -49.6501 46.6334 -18.1 1.6 1.1 3.3
2005.0000 -47.9306 40.6377 -12.1 1.7 1.1 3.3
2005.0027 -52.2293 41.9701 -19.9 1.7 1.1 3.4
2005.0055 -50.4024 42.8583 -18.6 1.7 1.2 3.6
2005.0082 -44.7066 42.8583 -7 1.7 1.1 3.4
2005.0110 -46.9097 43.5245 -12.4 1.7 1.1 3.3
2005.0137 -46.9634 42.3032 -16.5 1.7 1.1 3.4
2005.0164 -58.7311 42.4142 -20.6 1.8 1.1 3.4
2005.0192 -55.7758 42.3032 -12.2 1.9 1.2 3.7
2005.0219 -54.2712 42.0811 -25.2 2.8 2.0 4.8
2005.0247 -48.5217 39.3053 -17.6 1.7 1.0 3.2
2005.0274 -52.3368 38.0839 -10.6 1.6 1.0 3.2
2005.0301 -50.7248 40.1936 -24.2 1.6 1.0 3.3
2005.0329 -52.0144 39.4163 -42.8 2.1 1.2 3.7
2005.0356 -50.3486 38.7501 -28.5 1.6 1.1 3.3
2005.0384 -51.3696 40.7487 -15.5 1.6 1.1 3.3
2005.0411 -48.7904 38.195 -15.4 1.7 1.1 3.4
2005.0438 -48.253 37.0847 -13.7 1.6 1.1 3.3
2005.0466 -45.835 41.5259 -19.5 2.2 1.2 4.0
2005.0493 -53.4115 42.6363 -34.5 2.1 1.2 3.8
2005.0521 -51.9607 42.8583 -29.8 2.2 1.1 3.8
2005.0548 -51.3159 38.6391 -13.2 1.7 1.0 3.4
2005.0603 -50.1337 44.6348 -23.6 1.7 1.1 3.4
2005.0630 -52.7667 39.1943 -3.4 1.6 1.0 3.3
2005.0658 -54.4862 38.5281 -14.2 1.6 1.0 3.2
2005.0685 -47.9306 40.8597 -10.5 1.6 1.0 3.3
2005.0712 -50.0262 39.4163 -9.1 1.6 1.0 3.2
2005.0740 -50.2949 41.0818 -14.6 1.6 1.0 3.3
2005.0767 -51.4233 38.9722 -13.7 1.6 1.0 3.2
2005.0795 -50.9397 39.7494 -16.7 1.6 1.0 3.1
2005.0822 -49.4352 42.3032 -14.3 1.6 1.0 3.1
2005.0849 -52.3905 38.306 -15.8 1.6 1.0 3.1
2005.0877 -51.4771 41.1928 -17.1 1.5 1.0 3.1
2005.0904 -54.9698 40.7487 -23.8 1.5 1.0 3.1
2005.0932 -52.7667 40.6377 -20.6 1.6 1.0 3.1
2005.0959 -48.9516 42.5252 -20.9 1.5 1.0 3.1
2005.0986 -51.9607 41.1928 -24.1 1.5 1.0 3.0
2005.1014 -48.3068 41.3039 -21.2 1.6 1.0 3.1
2005.1041 -48.7366 42.7473 -22.1 1.6 1.1 3.4
2005.1068 -42.2348 41.0818 -16.7 1.6 1.1 3.4
2005.1096 -52.1219 42.6363 -21.8 1.7 1.1 3.4
2005.1123 -48.8978 40.5267 -11.3 1.7 1.1 3.3
2005.1151 -48.3605 39.6384 -15 1.6 1.0 3.2
2005.1178 -52.8204 40.5267 -13.6 1.6 1.0 3.1
2005.1205 -53.1965 41.637 -20.3 1.6 1.0 3.1
2005.1233 -49.274 40.8597 -20.6 1.6 1.0 3.1
2005.1260 -49.8113 51.6298 -28.6 1.6 1.1 3.4
2005.1288 -44.1155 44.1907 -15 1.8 1.2 3.8
2005.1315 -46.8022 43.6355 -19.3 1.7 1.1 3.4
2005.1342 -49.5426 47.9658 -38.2 1.7 1.2 3.7
2005.1370 -49.9188 46.4113 -38.8 1.6 1.1 3.3
2005.1397 -45.9425 42.6363 -13.2 1.6 1.1 3.3
2005.1425 -51.7457 41.748 -13.4 1.6 1.0 3.2
2005.1452 -53.8414 42.1921 -20.5 1.6 1.0 3.2
2005.1479 -41.6438 46.3003 -4.8 1.6 1.1 3.3
2005.1507 -50.9935 42.8583 -17.5 1.6 1.1 3.3
2005.1534 -42.4498 46.0782 -15.5 1.6 1.1 3.2
2005.1562 -48.0381 44.5238 -10.5 1.6 1.1 3.2
2005.1589 -50.4561 45.079 -15.1 1.6 1.1 3.2
2005.1616 -45.7275 44.5238 -9.3 1.6 1.1 3.4
2005.1644 -38.4735 47.9658 -5.1 1.6 1.1 3.2
2005.1671 -54.5936 43.6355 -14.5 1.6 1.0 3.2
2005.1699 -47.8232 47.4106 -13.8 1.6 1.1 3.2
2005.1726 -53.4652 43.1914 -22.2 1.6 1.0 3.1
2005.1753 -50.2949 45.7452 -9.1 1.6 1.1 3.3
2005.1781 -51.3696 42.4142 -15.6 1.8 1.2 3.5
2005.1808 -54.7011 46.0782 -17.7 1.6 1.2 3.3
2005.1836 -52.7667 45.301 -16.8 1.7 1.1 3.2
2005.1863 -53.0891 42.0811 -15.6 1.7 1.1 3.2
2005.1890 -53.1965 40.0825 -13.3 1.6 1.1 3.2
2005.1918 -55.722 42.9694 -12.8 1.6 1.1 3.1
2005.1945 -55.5608 41.5259 -8.6 1.6 1.1 3.2
2005.1973 -51.3696 47.1886 -15.3 1.6 1.1 3.1
2005.2000 -53.6264 48.9651 -29.2 1.7 1.2 3.5
2005.2027 -55.8832 44.7459 -18.2 1.6 1.1 3.3
2005.2055 -57.7102 42.9694 -16.7 1.6 1.1 3.2
2005.2082 -54.4862 45.9672 -21.5 1.6 1.0 3.2
2005.2110 -54.3787 44.9679 -17.3 1.6 1.0 3.1
2005.2137 -58.5699 45.9672 -28.4 1.6 1.1 3.2
2005.2164 -56.528 45.4121 -18 1.5 1.0 3.2
2005.2192 -55.5071 43.3025 -22.7 1.6 1.1 3.2
2005.2219 -54.4862 44.4128 -16.7 1.6 1.0 3.2
2005.2247 -55.5071 44.9679 -21.7 1.6 1.0 3.2
2005.2274 -57.8177 44.9679 -31.5 1.6 1.0 3.2
2005.2301 -54.11 41.748 -21.9 1.6 1.1 3.3
2005.2329 -55.5608 44.5238 -24.4 1.6 1.0 3.2
2005.2356 -55.6683 43.3025 -9 1.6 1.0 3.2
2005.2384 -57.1191 41.748 -9.1 1.5 1.0 3.1
2005.2411 -56.5818 44.4128 -16.8 1.6 1.1 3.2
2005.2438 -55.6146 45.4121 -25.1 1.6 1.0 3.2
2005.2466 -57.0117 42.9694 -23 1.6 1.0 3.4
2005.2493 -57.7639 43.5245 -10.6 1.6 1.0 3.1
2005.2521 -59.2147 42.4142 -17.1 1.6 1.0 3.2
2005.2548 -58.1401 41.748 -18.4 1.6 1.1 3.3
2005.2575 -57.1729 41.637 -21.5 1.6 1.1 3.4
2005.2603 -55.0235 43.5245 -16 1.8 1.1 3.6
2005.2630 -59.9133 42.5252 -21 1.6 1.1 3.2
2005.2658 -57.0117 44.4128 -19.9 1.6 1.1 3.2
2005.2685 -54.2712 44.7459 -24.7 1.6 1.0 3.2
2005.2712 -56.3131 46.6334 -28.2 1.5 1.0 3.2
2005.2740 -54.2712 44.3017 -21 1.6 1.1 3.3
2005.2767 -55.0235 44.0797 -21 1.6 1.1 3.2
2005.2822 -55.1847 40.1936 -18.6 1.8 1.2 3.6
2005.2849 -55.0772 42.6363 -17.8 1.6 1.2 3.5
2005.2877 -57.4953 43.3025 -19.6 1.6 1.1 3.3
2005.2904 -55.2384 44.3017 -22.4 1.6 1.1 3.3
2005.2932 -57.3878 42.6363 -23.9 1.6 1.1 3.2
2005.2959 -56.743 41.9701 -13.6 1.6 1.0 3.1
2005.2986 -57.0117 41.748 -20.5 1.6 1.1 3.2
2005.3014 -54.7548 43.3025 -29 1.7 1.1 3.4
2005.3041 -58.355 43.5245 -31.3 1.6 1.1 3.2
2005.3068 -55.937 46.0782 -25.1 1.6 1.1 3.2
2005.3096 -47.3396 46.8555 -24.3 1.6 1.1 3.2
2005.3123 -57.1191 45.7452 -29.4 1.6 1.1 3.2
2005.3151 -58.7849 44.7459 -28.1 1.6 1.1 3.2
2005.3178 -58.0326 43.6355 -17.7 1.6 1.0 3.2
2005.3205 -56.528 43.7466 -20.9 1.6 1.1 3.3
2005.3233 -53.0353 48.0768 -22.4 1.6 1.1 3.3
2005.3260 -57.9789 43.8576 -27.7 1.6 1.1 3.3
2005.3288 -58.9461 44.1907 -27.6 1.6 1.1 3.2
2005.3315 -60.182 43.3025 -32.9 1.6 1.1 3.3
2005.3342 -56.0982 41.9701 -26.5 1.6 1.0 3.3
2005.3370 -56.4206 40.6377 -20.6 1.7 1.1 3.4
2005.3397 -59.4297 42.4142 -21.7 1.7 1.1 3.2
2005.3425 -58.6237 42.5252 -21.1 1.6 1.0 3.3
2005.3452 -60.5044 42.5252 -21 1.6 1.1 3.3
2005.3479 -59.3759 43.4135 -16.1 1.6 1.0 3.2
2005.3507 -67.651 45.301 -27.7 2.7 1.4 4.2
2005.3534 -60.2357 45.5231 -26.6 1.6 1.1 3.3
2005.3562 -63.3522 43.3025 -31.1 1.8 1.1 3.5
2005.3589 -62.9224 43.9686 -28.9 1.7 1.1 3.5
2005.3616 -61.0417 40.7487 -16.5 1.7 1.1 3.2
2005.3644 -59.7521 41.1928 -14.7 1.7 1.1 3.4
2005.3671 -57.3878 39.0832 -17.9 1.7 1.1 3.3
2005.3699 -62.4925 44.7459 -14.3 2.0 1.4 3.8
2005.3726 -59.3222 40.0825 -23.9 1.8 1.2 3.6
2005.3753 -64.1583 40.0825 -13.5 1.9 1.2 3.8
2005.3781 -70.1227 43.8576 -21.6 1.8 1.1 3.3
2005.3808 -62.3313 42.9694 -24.2 1.6 1.0 3.2
2005.3836 -62.2776 40.3046 -10.9 1.8 1.2 3.5
2005.3863 -61.8477 43.6355 -16.5 1.9 1.3 3.8
2005.3890 -63.5135 44.0797 -26.6 1.7 1.1 3.2
2005.3918 -59.3759 40.7487 -10.8 1.7 1.1 3.2
2005.3945 -61.9552 39.6384 -10.9 1.7 1.1 3.2
2005.3973 -59.0535 40.7487 -15.1 1.7 1.1 3.2
2005.4000 -64.212 41.859 -18.9 1.7 1.0 3.1
2005.4027 -61.9552 43.3025 -25.6 1.7 1.1 3.3
2005.4055 -66.8987 40.0825 -14.9 1.7 1.0 3.3
2005.4082 -69.854 37.1957 1.1 1.7 1.1 3.2
2005.4110 -66.2001 47.4106 -25.9 2.4 1.4 3.9
2005.4137 -63.191 40.8597 -18.6 1.9 1.1 3.4
2005.4164 -62.5462 39.3053 -16.2 1.7 1.0 3.2
2005.4192 -60.6118 41.5259 -22.3 1.7 1.0 3.2
2005.4219 -61.2566 43.7466 -6.7 1.7 1.0 3.1
2005.4247 -58.0863 46.4113 -20.2 1.7 1.0 3.2
2005.4274 -65.5553 43.0804 -23.2 1.8 1.1 3.3
2005.4301 -62.7074 41.637 -10.6 1.8 1.1 3.3
2005.4329 -64.4807 41.4149 -10.2 1.7 1.1 3.3
2005.4356 -62.0089 40.7487 -10.7 1.7 1.0 3.3
2005.4384 -63.9971 41.4149 -6.4 1.7 1.0 3.3
2005.4411 -59.4834 41.3039 -2.5 1.7 1.0 3.2
2005.4438 -62.6537 42.3032 -7.8 1.7 1.1 3.4
2005.4466 -62.7612 41.748 -11.4 1.8 1.1 3.5
2005.4493 -65.1792 42.4142 -8.8 2.1 1.2 3.9
2005.4521 -60.0745 41.748 -7.2 1.7 1.0 3.3
2005.4548 -58.7311 42.9694 -8.2 1.8 1.1 3.5
2005.4575 -60.6656 40.7487 -6.9 1.9 1.1 3.5
2005.4603 -66.63 43.7466 -10.1 1.8 1.1 3.4
2005.4630 -64.1583 42.8583 -16 1.7 1.0 3.2
2005.4658 -59.0535 39.0832 -13.7 1.7 1.0 3.2
2005.4685 -62.6 41.859 -6 1.7 1.1 3.3
2005.4795 -62.4925 39.9715 -8.1 1.7 1.0 3.4
2005.4822 -60.5581 38.8612 -2 1.8 1.1 3.4
2005.4849 -58.6237 38.9722 1 1.7 1.1 3.4
2005.4877 -63.5672 41.859 -8.2 1.7 1.1 3.4
2005.4904 -63.7284 43.6355 -8.5 1.7 1.1 3.3
2005.4932 -62.3313 41.0818 -5.3 1.7 1.1 3.3
2005.4959 -61.0954 39.1943 -6.1 1.7 1.0 3.3
2005.4986 -61.4178 40.8597 0.4 1.7 1.1 3.4
2005.5014 -61.3104 37.9729 1.1 1.7 1.1 3.4
2005.5041 -59.5371 40.4156 -1.1 1.7 1.1 3.4
2005.5068 -62.0626 40.8597 -10.5 1.7 1.1 3.4
2005.5096 -64.1583 41.859 -5.2 1.7 1.0 3.3
2005.5123 -62.2776 39.1943 3.8 1.7 1.1 3.4
2005.5151 -65.6091 39.6384 0 1.7 1.0 3.4
2005.5178 -64.9105 39.8605 2.9 1.7 1.1 3.4
2005.5205 -65.2867 42.8583 -9.6 2.0 1.2 3.7
2005.5233 -58.4087 40.0825 0.2 2.1 1.3 3.8
2005.5260 -63.7821 40.6377 1.6 1.7 1.0 3.2
2005.5288 -62.8149 44.3017 -13.4 2.2 1.4 3.9
2005.5315 -65.2867 42.4142 -5.2 1.9 1.1 3.5
2005.5342 -64.1045 39.7494 2 1.7 1.1 3.4
2005.5370 -63.191 40.3046 -4.7 1.6 1.0 3.3
2005.5397 -63.5672 42.6363 4.1 1.7 1.1 3.5
2005.5425 -64.8568 42.5252 -11 1.8 1.1 3.4
2005.5452 -60.6118 43.5245 -3.6 1.9 1.3 3.7
2005.5479 -62.6 40.6377 -4.7 1.7 1.1 3.4
2005.5507 -62.7074 42.9694 -2.8 1.7 1.0 3.3
2005.5534 -65.1792 40.9708 -10.4 1.7 1.1 3.4
2005.5589 -66.3613 40.7487 -7.2 1.6 1.0 3.2
2005.5616 -63.8896 37.0847 -12.7 1.7 1.1 3.3
2005.5644 -60.8805 42.7473 -1.8 1.6 1.1 3.3
2005.5671 -63.191 38.195 -5.8 1.7 1.1 3.4
2005.5699 -58.9461 40.4156 1.3 1.7 1.1 3.4
2005.5726 -63.5672 41.0818 7 1.8 1.2 3.9
2005.5753 -64.3195 45.5231 -5.1 1.7 1.1 3.4
2005.5781 -61.4716 42.1921 0.8 1.7 1.1 3.3
2005.5808 -59.9133 42.3032 7 1.7 1.0 3.3
2005.5836 -58.6237 45.19 -8.2 1.7 1.0 3.2
2005.5863 -60.3969 42.3032 -8.4 1.7 1.1 3.3
2005.5890 -58.4625 41.1928 -8.3 1.7 1.0 3.3
2005.5918 -62.9761 42.9694 -8.5 1.7 1.1 3.3
2005.5945 -63.406 40.3046 -5.4 1.7 1.1 3.3
2005.5973 -63.6747 41.637 -10.7 1.8 1.1 3.6
2005.6000 -62.385 39.6384 3.6 1.7 1.1 3.5
2005.6027 -62.2776 43.3025 -10.7 1.6 1.0 3.4
2005.6055 -63.6209 40.4156 -10 1.6 1.1 3.3
2005.6082 -66.4151 38.8612 -3.8 1.9 1.3 3.8
2005.6110 -64.5881 40.6377 -1.8 1.8 1.1 3.5
2005.6137 -60.3969 41.0818 -2.6 1.7 1.1 3.5
2005.6164 -62.0089 36.8626 10.7 1.7 1.1 3.6
2005.6192 -63.406 41.0818 -0.7 1.6 1.0 3.3
2005.6219 -66.7912 42.8583 -0.2 1.6 1.1 3.3
2005.6247 -63.7821 42.0811 0.8 1.8 1.3 3.6
2005.6274 -65.4479 41.859 1.2 1.7 1.1 3.3
2005.6301 -58.8386 45.5231 1.1 1.7 1.1 3.4
2005.6329 -62.1701 36.0854 13.1 1.6 1.1 3.4
2005.6356 -66.6838 42.4142 -0.8 1.6 1.0 3.2
2005.6384 -61.4716 39.7494 2.2 1.6 1.1 3.4
2005.6411 -65.6091 42.6363 0.4 1.6 1.1 3.3
2005.6438 -57.6027 41.859 2.7 1.7 1.1 3.4
2005.6493 -67.2211 39.7494 8.8 1.6 1.1 3.3
2005.6521 -65.9315 43.4135 0.9 1.7 1.1 3.4
2005.6548 -65.3941 45.5231 -0.6 1.7 1.1 3.4
2005.6575 -67.8659 40.8597 -3.5 1.7 1.1 3.4
2005.6603 -65.7703 40.6377 4.5 1.6 1.1 3.3
2005.6630 -67.2211 40.6377 6.1 1.7 1.1 3.4
2005.6658 -64.6956 41.3039 6.3 1.9 1.3 3.8
2005.6685 -68.457 44.1907 11.9 1.7 1.1 3.5
2005.6712 -68.6719 43.9686 -8.8 1.7 1.2 3.4
2005.6740 -65.6091 43.9686 -5.6 1.7 1.2 3.5
2005.6767 -66.3613 41.637 -0.6 1.8 1.2 3.8
2005.6795 -61.7402 44.3017 5.3 1.6 1.1 3.4
2005.6822 -62.0626 43.7466 3.9 1.6 1.1 3.3
2005.6849 -66.3076 42.1921 13.6 1.7 1.1 3.5
2005.6877 -69.2092 43.8576 4.2 1.7 1.1 3.5
2005.6904 -67.1136 41.9701 3.5 1.8 1.2 3.5
2005.6932 -68.1883 43.8576 8.3 1.9 1.2 3.8
2005.6959 -61.2029 47.7437 -5.5 2.8 1.8 5.1
2005.6986 -69.1018 48.0768 3.4 2.0 1.2 3.8
2005.7014 -64.6956 46.9665 2.1 2.0 1.4 3.7
2005.7041 -66.845 43.4135 -3.3 1.7 1.1 3.6
2005.7068 -71.7347 48.1879 -1.8 1.9 1.4 3.7
2005.7096 -66.4688 43.1914 6.2 1.8 1.2 3.7
2005.7123 -63.5672 43.3025 3.5 1.6 1.1 3.5
2005.7151 -65.6091 43.5245 8.6 1.6 1.1 3.4
2005.7178 -67.3823 43.3025 -0.3 1.6 1.1 3.5
2005.7205 -65.7165 41.637 3.1 1.6 1.1 3.4
2005.7233 -65.2867 44.1907 -3.5 1.6 1.1 3.5
2005.7260 -63.1373 42.4142 10.1 1.6 1.0 3.4
2005.7288 -63.5672 40.5267 14.3 1.6 1.1 3.3
2005.7315 -65.7165 38.417 15.6 1.6 1.1 3.4
2005.7342 -70.2302 42.7473 4.3 1.7 1.1 3.2
2005.7370 -67.3823 41.859 3.6 1.6 1.1 3.4
2005.7397 -65.9852 42.1921 10.9 1.6 1.1 3.4
2005.7425 -63.2448 40.7487 18.7 1.8 1.1 3.6
2005.7452 -68.2958 44.9679 0.9 1.6 1.1 3.2
2005.7479 -67.651 42.9694 1.5 1.6 1.1 3.3
2005.7507 -67.4898 43.9686 3.7 1.7 1.1 3.3
2005.7534 -67.436 42.0811 4.9 1.7 1.1 3.4
2005.7562 -65.9852 45.7452 2.3 1.7 1.1 3.3
2005.7589 -65.1792 41.637 14.4 1.7 1.1 3.3
2005.7616 -65.6628 42.4142 4.1 1.6 1.0 3.2
2005.7644 -68.9406 41.859 14.1 1.6 1.1 3.4
2005.7671 -68.457 41.637 10.3 1.7 1.1 3.4
2005.7699 -69.6391 40.5267 14.3 1.7 1.1 3.4
2005.7726 -69.048 41.4149 7.7 1.6 1.1 3.2
2005.7753 -68.9943 44.4128 7.3 1.6 1.0 3.1
2005.7781 -70.3377 42.1921 10.5 1.6 1.1 3.2
2005.7808 -71.4123 42.1921 6.9 1.6 1.1 3.2
2005.7836 -69.6391 42.4142 0 1.6 1.1 3.2
2005.7863 -70.3377 45.4121 -6.8 1.7 1.1 3.3
2005.7890 -69.048 44.1907 -3.4 1.6 1.1 3.2
2005.7918 -69.3704 46.0782 -0.8 1.7 1.1 3.2
2005.7945 -67.1674 42.5252 13.6 1.7 1.1 3.3
2005.7973 -65.824 47.0775 21.4 1.7 1.2 3.4
2005.8000 -67.5435 45.301 6.6 1.7 1.1 3.3
2005.8027 -65.9315 41.859 9.1 1.8 1.1 3.5
2005.8055 -70.4989 44.7459 4.7 1.6 1.0 3.2
2005.8082 -68.0808 45.8562 8.9 1.7 1.1 3.3
2005.8110 -67.436 41.4149 1 1.6 1.0 3.2
2005.8137 -69.048 43.7466 1.6 1.6 1.0 3.1
2005.8164 -69.5316 46.1893 4.2 2.2 1.4 3.8
2005.8192 -71.0362 43.0804 4.4 1.7 1.1 3.2
2005.8219 -71.3049 44.1907 0.6 1.7 1.1 3.2
2005.8247 -69.1018 44.5238 6 1.7 1.1 3.3
2005.8274 -70.2839 44.3017 9.2 1.7 1.1 3.3
2005.8301 -71.9497 46.9665 0.7 1.7 1.0 3.2
2005.8329 -70.3914 46.7444 1.1 1.8 1.1 3.5
2005.8356 -71.8959 45.9672 0.8 1.7 1.1 3.3
2005.8384 -72.487 46.3003 7 1.7 1.1 3.4
2005.8411 -74.3677 46.4113 3.7 1.7 1.1 3.4
2005.8438 -74.0453 44.3017 6.7 1.7 1.1 3.3
2005.8466 -69.7466 48.1879 -0.5 1.6 1.0 3.1
2005.8493 -72.2721 47.5217 3.8 1.7 1.1 3.3
2005.8521 -69.7466 44.4128 3.5 1.8 1.2 3.6
2005.8548 -74.1528 46.9665 1.2 1.7 1.1 3.4
2005.8575 -70.3377 45.301 15.5 1.7 1.0 3.3
2005.8603 -65.1255 42.5252 12.2 1.7 1.1 3.2
2005.8630 -75.0662 49.0761 7.2 1.7 1.0 3.3
2005.8685 -71.9497 49.4092 4.4 1.6 1.0 3.3
2005.8712 -72.7019 48.632 -1.6 1.7 1.1 3.3
2005.8740 -73.3468 47.4106 8.1 1.6 1.0 3.2
2005.8767 -67.5435 48.9651 5.1 1.7 1.1 3.3
2005.8795 -57.2803 50.9637 -6.6 4.2 2.4 7.2
2005.8822 -66.7375 46.0782 5.4 1.7 1.1 3.3
2005.8849 -69.6391 46.0782 7.5 1.7 1.0 3.3
2005.8877 -77.2693 43.9686 3.7 1.7 1.1 3.2
2005.8904 -73.9378 46.1893 2.6 1.8 1.1 3.4
2005.8932 -67.0599 48.1879 0.3 1.7 1.1 3.3
2005.8959 -57.2266 63.3992 16.5 2.8 1.4 5.5
2005.8986 -70.1765 46.8555 7.3 1.8 1.1 3.3
2005.9014 -69.5316 46.6334 -4.7 1.7 1.1 3.3
2005.9041 -72.9706 49.6313 -22.9 1.7 1.1 3.4
2005.9068 -73.9378 50.0754 -23.7 1.7 1.1 3.4
2005.9096 -71.4123 47.2996 -17 1.7 1.0 3.2
2005.9123 -74.9588 51.6298 -16.7 1.7 1.0 3.2
2005.9151 -75.4424 52.296 -25.1 1.7 1.0 3.4
2005.9178 -74.7438 52.9622 -11.9 1.9 1.1 3.8
2005.9205 -76.2484 49.9644 -20.5 1.7 1.0 3.3
2005.9233 -75.3349 50.2975 -12.4 1.7 1.0 3.3
2005.9260 -77.8067 52.5181 -11.8 1.6 1.0 3.2
2005.9288 -77.538 50.9637 -13.5 1.7 1.0 3.3
2005.9315 -76.8932 55.1829 -14.8 1.7 1.1 3.5
2005.9342 -55.2384 49.7423 23.3 1.7 1.1 3.7
2005.9370 -70.2839 42.0811 6 2.3 1.2 3.9
2005.9397 -74.1528 47.0775 4.6 1.8 1.1 3.3
2005.9425 -69.5316 44.3017 -0.4 1.7 1.0 3.2
2005.9452 -71.7885 47.1886 -11.9 1.7 1.1 3.5
2005.9479 -80.3859 42.6363 11.5 1.7 1.0 3.4
2005.9507 -74.7438 46.3003 0.8 1.7 1.1 3.3
2005.9534 -68.7794 49.4092 -11.3 1.8 1.0 3.3
2005.9562 -65.7165 45.7452 2.9 1.7 1.0 3.4
2005.9589 -72.1109 46.6334 9.5 1.9 1.1 3.4
2005.9616 -72.7557 45.9672 -2.9 3.0 1.6 4.8
2005.9671 -71.681 46.8555 -2.8 1.7 1.1 3.5
2005.9699 -67.3286 46.1893 4.1 1.8 1.1 3.5
2005.9726 -73.6692 44.5238 -6 1.7 1.0 3.2
2005.9753 -64.9105 48.743 2.1 1.7 1.0 3.2
2005.9781 -69.4242 45.9672 1.4 1.9 1.2 3.4
2005.9808 -64.8568 45.19 0.2 1.8 1.1 3.3
2005.9836 -66.9524 44.8569 1.8 1.8 1.1 3.3
2005.9863 -73.0243 44.7459 4.5 1.8 1.1 3.3
2005.9890 -72.0571 42.1921 -0.3 1.8 1.1 3.3
2005.9945 -67.5972 47.8548 4.9 1.8 1.1 3.4
2005.9973 -72.4333 41.5259 1 1.8 1.1 3.3
2006.0000 -70.8213 44.4128 3 1.8 1.1 3.4
2006.0027 -72.9706 45.4121 -4.7 1.7 1.0 3.3
2006.0055 -73.1856 41.0818 4.4 1.8 1.1 3.3
2006.0082 -69.3704 41.9701 -1.3 1.7 1.1 3.3
2006.0110 -68.7256 48.1879 -0.1 1.7 1.0 3.2
2006.0164 -68.9943 45.9672 -2.7 1.6 1.0 3.1
2006.0384 -72.7019 44.5238 -9.9 1.7 1.0 3.1
2006.0411 -72.5945 47.2996 -6.5 1.7 1.0 3.1
2006.0438 -77.6992 46.4113 -10.9 1.7 1.0 3.2
2006.0466 -70.2302 46.8555 -0.8 1.7 1.1 3.2
2006.0493 -75.0125 45.6341 -4.6 1.7 1.0 3.1
2006.0521 -75.4961 47.1886 -7.8 1.8 1.1 3.2
2006.0548 -74.0453 46.0782 -8.1 1.7 1.1 3.3
2006.0575 -66.6838 45.9672 -5.5 1.7 1.1 3.3
2006.0603 -70.9825 41.859 8.9 1.7 1.0 3.2
2006.0630 -75.9797 47.4106 4.1 1.8 1.1 3.3
2006.0658 -75.2274 49.0761 -6.9 1.8 1.1 3.3
2006.0685 -74.9588 48.521 -7.4 1.6 1.0 3.1
2006.0712 -75.6573 47.7437 -1.3 1.6 1.0 3.1
2006.0740 -74.099 49.4092 -4.9 1.6 1.0 3.1
2006.0767 -71.1974 46.4113 0.6 1.6 1.0 3.1
2006.0795 -72.0034 46.8555 3.2 1.6 1.0 3.1
2006.0822 -72.4333 47.6327 7.2 1.6 1.0 3.1
2006.0849 -72.7557 48.4099 1 1.6 1.0 3.2
2006.0877 -70.6063 51.2967 1 1.6 1.0 3.1
2006.0904 -74.099 46.3003 6 1.6 1.0 3.1
2006.0932 -75.5498 48.521 -1.3 1.6 1.0 3.1
2006.0959 -74.8513 48.743 -7.5 1.6 1.0 3.2
2006.0986 -70.7675 48.632 -3.4 1.6 1.1 3.2
2006.1014 -62.8686 46.3003 -4.9 1.7 1.1 3.3
2006.1041 -73.4005 43.8576 -0.1 1.7 1.1 3.3
2006.1068 -72.7019 47.7437 -3.4 1.6 1.0 3.1
2006.1096 -74.7976 47.6327 -7.8 1.7 1.1 3.4
2006.1123 -75.0662 49.2982 -2 1.9 1.2 3.7
2006.1151 -72.2721 45.7452 2 1.6 1.1 3.2
2006.1178 -70.2302 45.4121 4.3 1.6 1.0 3.1
2006.1233 -73.7229 50.5195 -6.6 1.6 1.0 3.1
2006.1260 -74.0453 50.2975 -12.6 1.6 1.0 3.2
2006.1288 -77.0007 47.9658 -14.2 1.7 1.1 3.2
2006.1315 -73.7766 48.4099 -6.3 1.6 1.0 3.1
2006.1425 -78.4515 47.6327 11.6 2.9 2.2 6.4
2006.1452 -78.5052 49.5202 -6.8 1.6 1.1 3.2
2006.1479 -75.8185 49.7423 -10.1 1.8 1.1 3.4
2006.1507 -78.8813 52.296 -8 1.5 1.0 3.1
2006.1534 -81.4068 50.0754 -14.5 1.5 1.0 3.1
2006.1562 -82.1591 50.8526 -12.2 1.5 1.1 3.2
2006.1589 -77.7529 49.6313 -1.9 1.5 1.0 3.2
2006.1616 -74.099 49.4092 -6.6 1.6 1.1 3.2
2006.1644 -74.8513 48.0768 -9.7 1.6 1.1 3.1
2006.1671 -78.2365 48.2989 -10.1 1.5 1.0 3.1
2006.1699 -80.3859 47.5217 -0.8 1.6 1.1 3.3
2006.1726 -80.4396 50.5195 -6.2 1.5 1.0 3.0
2006.1753 -77.3231 51.2967 -4 1.5 1.0 3.1
2006.1781 -72.0034 51.0747 2.5 1.5 1.0 3.2
2006.1808 -78.0753 49.9644 -4.3 1.6 1.0 3.1
2006.1836 -79.9023 49.6313 -3.3 1.5 1.0 3.1
2006.1863 -78.8813 49.9644 3.3 3.7 2.3 6.5
2006.1890 -79.0963 55.1829 -11 1.6 1.1 3.2
2006.1918 -75.0662 51.8519 -10.2 1.5 1.0 3.1
2006.1945 -77.1081 50.7416 -6.6 1.5 1.0 3.1
2006.1973 -75.4424 50.4085 -6.7 1.5 1.0 3.1
2006.2000 -82.9114 36.7516 14.3 1.5 1.0 3.0
2006.2027 -75.2274 48.2989 1.9 1.5 1.0 3.0
2006.2055 -78.4515 50.1864 -9.5 1.7 1.1 3.1
2006.2082 -77.3768 49.9644 -3.3 1.6 1.1 3.2
2006.2110 -75.6573 54.4056 -8.4 1.6 1.1 3.4
2006.2137 -73.1856 49.8533 3.3 1.6 1.1 3.3
2006.2164 -74.7438 51.7409 -5.9 1.6 1.1 3.4
2006.2192 -77.6455 51.2967 -11.6 1.6 1.1 3.2
2006.2219 -75.6573 49.1871 -5.2 1.6 1.0 3.1
2006.2247 -78.0753 51.9629 -10.1 1.7 1.2 3.4
2006.2493 -78.3977 49.2982 -6.4 1.5 1.0 3.0
2006.2521 -80.762 49.9644 -1.3 1.5 1.0 3.1
2006.2548 -78.8813 52.296 -10.6 1.6 1.1 3.1
2006.2575 -76.5171 50.0754 -6.3 1.5 1.1 3.2
2006.2603 -76.3021 48.632 -4.2 2.0 1.4 3.9
2006.2630 -84.5771 50.7416 -24.5 1.6 1.1 3.2
2006.2658 -76.0872 50.1864 -8.6 1.6 1.1 3.3
2006.2685 -82.2128 49.7423 -13.5 1.6 1.0 3.2
2006.2712 -77.9679 46.8555 0.8 1.8 1.2 3.4
2006.2740 -70.6063 47.7437 -2.9 1.6 1.0 3.2
2006.2767 -77.538 51.7409 -9.2 1.7 1.1 3.3
2006.2795 -77.6992 51.1857 -7.1 1.7 1.1 3.3
2006.2822 -79.8486 50.1864 -8.6 1.7 1.1 3.3
2006.2849 -74.6364 48.9651 3.5 2.0 1.3 3.8
2006.2877 -74.905 50.0754 -6.5 1.6 1.1 3.2
2006.2904 -82.3203 49.9644 -3.5 1.6 1.0 3.1
2006.2932 -78.2365 49.2982 -12.1 1.6 1.0 3.0
2006.2959 -81.1382 51.8519 -7 1.6 1.1 3.3
2006.3014 -80.5471 50.1864 -17.7 2.2 1.5 4.0
2006.3041 -77.4843 49.5202 -15.7 1.6 1.0 3.1
2006.3068 -79.15 52.074 -2.7 1.8 1.2 3.6
2006.3096 -83.1263 50.0754 -9.4 1.6 1.0 3.1
2006.3123 -77.3768 48.0768 -3 1.6 1.0 3.1
2006.3151 -83.0189 51.0747 3.8 1.6 1.1 3.2
2006.3178 -80.4934 49.5202 -9 1.6 1.0 3.2
2006.3205 -79.5261 52.074 -11.9 1.6 1.0 3.1
2006.3233 -82.2128 51.2967 -6.8 1.6 1.1 3.2
2006.3260 -85.9742 50.7416 -5.9 1.6 1.0 3.1
2006.3288 -83.6637 50.1864 -13.5 1.6 1.0 3.1
2006.3315 -82.4815 50.9637 -10.2 1.6 1.0 3.2
2006.3342 -81.4606 50.1864 -13 1.7 1.1 3.1
2006.3370 -80.5471 48.854 -12 1.6 1.0 3.1
2006.3397 -83.7711 50.8526 -10.9 2.0 1.2 3.4
2006.3425 -80.8695 49.4092 -10.1 1.7 1.0 3.1
2006.3452 -85.7055 52.185 -12.3 1.8 1.1 3.4
2006.3479 -84.5234 49.7423 -6.5 1.7 1.1 3.1
2006.3507 -85.3831 51.4078 -5.4 1.7 1.1 3.0
2006.3534 -84.8458 49.0761 -14.2 1.7 1.0 3.2
2006.3562 -85.3831 49.4092 -8.7 1.6 1.0 3.0
2006.3589 -84.9533 51.6298 -10.3 1.6 1.0 3.1
2006.3616 -82.4815 51.4078 -9.5 1.6 1.0 3.1
2006.3644 -82.8039 50.2975 -13.9 1.6 1.0 3.0
2006.3671 -83.7174 48.854 -12.6 1.6 1.0 3.0
2006.3699 -87.4788 48.521 -10.8 1.6 1.0 3.0
2006.3726 -84.5234 48.743 -5.2 1.7 1.0 3.3
2006.3753 -87.3713 46.8555 -9.3 2.0 1.1 3.5
2006.3781 -87.3176 48.854 -7.5 1.7 1.1 3.2
2006.3808 -84.0935 48.521 -10.3 1.6 1.0 3.1
2006.3863 -83.0726 50.4085 -7.4 1.7 1.1 3.1
2006.3890 -83.4487 53.1843 -10.7 1.6 1.0 3.0
2006.3918 -87.6937 50.1864 -11.7 1.6 1.0 3.0
2006.3945 -80.8695 50.2975 -6.6 1.7 1.0 3.2
2006.3973 -86.8877 47.2996 -10.5 1.7 1.0 3.3
2006.4000 -89.4132 50.1864 -18.2 1.7 1.1 3.3
2006.4027 -85.007 49.1871 -9.3 1.7 1.1 3.2
2006.4055 -73.293 51.1857 12.5 1.7 1.1 3.2
2006.4082 -95.1627 45.6341 6.1 1.7 1.0 3.1
2006.4110 -86.1354 46.5224 -3.4 1.7 1.0 3.2
2006.4137 -86.0279 47.2996 -4.8 1.8 1.1 3.2
2006.4164 -85.5443 45.6341 -4.6 1.8 1.0 3.2
2006.4192 -82.0516 46.5224 -2 1.8 1.1 3.3
2006.4219 -83.5025 47.1886 -4.5 1.8 1.1 3.3
2006.4247 -92.7447 50.9637 -6.9 2.0 1.2 3.4
2006.4274 -85.2219 46.4113 -5.3 1.7 1.0 3.2
2006.4301 -81.4606 48.521 -9 2.0 1.2 3.6
2006.4329 -82.4815 47.6327 -3 1.7 1.1 3.2
2006.4356 -80.0635 47.0775 -8.2 1.8 1.1 3.2
2006.4384 -81.4068 46.7444 3.6 1.7 1.1 3.2
2006.4411 -86.4578 49.5202 -2 1.7 1.1 3.2
2006.4438 -87.0489 47.9658 -12 1.7 1.0 3.1
2006.4466 -85.8667 47.9658 -11.3 1.7 1.0 3.2
2006.4493 -89.4669 46.3003 -10.8 1.9 1.1 3.4
2006.4521 -86.3504 46.6334 -5.2 1.7 1.0 3.1
2006.4548 -88.4997 50.0754 -4.1 2.0 1.2 3.5
2006.4630 -81.8904 45.9672 0.5 1.9 1.2 3.4
2006.4658 -82.1054 47.4106 -3.4 1.8 1.1 3.3
2006.4685 -67.0062 53.6284 11 2.3 1.5 4.3
2006.4712 -87.4788 45.8562 -3.4 1.7 1.1 3.2
2006.4740 -87.9624 49.1871 -3.3 1.7 1.0 3.3
2006.4767 -88.0698 45.079 -5.9 2.0 1.2 3.7
2006.4795 -86.2429 44.3017 12.4 1.7 1.1 3.2
2006.4822 -86.1354 46.3003 -3.3 1.6 1.1 3.2
2006.4849 -87.9086 47.9658 -2.6 1.7 1.1 3.3
2006.4877 -86.4041 47.6327 0.6 1.7 1.1 3.2
2006.4904 -88.3922 48.9651 -4 1.7 1.1 3.3
2006.4932 -85.2757 47.5217 -0.4 1.6 1.0 3.2
2006.4959 -83.6637 48.521 0.1 1.6 1.0 3.2
2006.4986 -84.0935 46.8555 1.4 1.6 1.0 3.2
2006.5014 -84.4697 45.9672 -0.5 1.6 1.0 3.1
2006.5041 -84.0935 49.2982 -5 1.6 1.0 3.2
2006.5068 -85.5443 49.6313 -8.1 1.6 1.0 3.1
2006.5096 -84.5234 45.9672 3.5 1.7 1.1 3.2
2006.5123 -83.6099 48.743 -3 1.6 1.1 3.1
2006.5151 -87.3713 46.5224 6.6 1.6 1.0 3.1
2006.5178 -85.4906 47.1886 -5.5 1.6 1.0 3.1
2006.5205 -90.7028 45.5231 -10.8 1.6 1.0 3.2
2006.5233 -85.6518 47.0775 2.1 1.7 1.2 3.5
2006.5260 -87.3176 46.5224 0.2 1.6 1.0 3.2
2006.5288 -86.6728 48.521 -1.3 1.6 1.0 3.2
2006.5315 -84.3622 47.4106 4.3 1.6 1.0 3.1
2006.5342 -84.7383 46.9665 -1.1 1.6 1.1 3.1
2006.5370 -86.6728 47.2996 -2 1.6 1.0 3.1
2006.5397 -86.834 45.8562 1.4 1.6 1.0 3.2
2006.5425 -84.9533 45.8562 1.1 1.7 1.1 3.2
2006.5452 -86.4578 46.4113 -3.2 1.6 1.0 3.2
2006.5479 -88.5534 46.9665 -4.8 1.6 1.0 3.2
2006.5507 -90.9715 47.7437 -7.2 1.6 1.1 3.2
2006.5534 -78.4515 46.6334 -1.2 1.6 1.0 3.1
2006.5562 -85.3294 45.9672 0 1.6 1.0 3.2
2006.5589 -88.3385 47.6327 3.8 1.6 1.0 3.1
2006.5616 -87.9624 47.1886 3.7 1.7 1.0 3.2
2006.5644 -84.4697 47.2996 -3 1.6 1.0 3.3
2006.5671 -87.4788 47.8548 -0.4 1.6 1.0 3.2
2006.5753 -87.1564 44.7459 -6.2 1.6 1.0 3.1
2006.5781 -89.8431 46.8555 -4.8 2.2 1.3 4.1
2006.5808 -84.5234 48.854 8.2 1.6 1.0 3.3
2006.5836 -75.1737 51.4078 7.3 2.6 2.2 5.7
2006.5863 -87.0489 47.9658 2.6 1.9 1.2 3.5
2006.5890 -86.0279 47.6327 4.2 1.6 1.1 3.2
2006.5918 -86.5653 47.2996 -0.9 1.7 1.1 3.4
2006.5945 -85.3294 46.6334 0.4 1.6 1.1 3.3
2006.5973 -85.6518 43.5245 4.4 1.6 1.0 3.2
2006.6000 -82.5352 48.2989 -11.9 2.0 1.3 3.7
2006.6027 -88.1773 48.632 -0.4 1.6 1.0 3.1
2006.6055 -83.8786 47.4106 4.8 1.6 1.0 3.1
2006.6082 -85.1682 47.1886 -2.2 1.6 1.1 3.2
2006.6110 -81.783 47.9658 5.1 1.6 1.1 3.2
2006.6137 -84.3622 48.2989 6.2 1.6 1.1 3.3
2006.6164 -87.2638 47.9658 2.2 1.6 1.1 3.3
2006.6192 -83.8786 45.7452 2.6 1.7 1.1 3.3
2006.6219 -83.7174 51.6298 -0.8 1.7 1.0 3.3
2006.6247 -84.9533 50.1864 2.3 1.6 1.0 3.3
2006.6274 -90.7565 48.521 3.4 1.6 1.1 3.3
2006.6301 -86.4041 44.7459 6.1 1.6 1.1 3.3
2006.6329 -81.8367 51.7409 8.5 1.8 1.3 3.5
2006.6356 -78.0753 47.2996 10.8 1.7 1.2 3.5
2006.6384 -86.1354 48.632 -3.4 1.6 1.1 3.2
2006.6411 -85.3294 47.1886 -1.4 1.7 1.1 3.4
2006.6438 -90.864 47.9658 -0.5 1.6 1.1 3.2
2006.6493 -83.7711 46.3003 5.2 1.6 1.1 3.3
2006.6521 -84.9533 47.4106 -6.4 1.7 1.1 3.4
2006.6548 -88.3922 50.2975 -6.7 1.8 1.2 3.5
2006.6575 -93.8731 49.9644 -0.1 1.8 1.2 3.6
2006.6630 -87.9624 47.5217 2.1 1.7 1.2 3.4
2006.6658 -84.5771 47.4106 11.4 1.7 1.2 3.7
2006.6932 -87.3713 44.6348 10.1 1.7 1.1 3.3
2006.6959 -87.4788 46.7444 13.8 1.6 1.1 3.3
2006.6986 -92.2611 46.9665 17.1 1.8 1.1 3.4
2006.7014 -82.6964 48.9651 6.5 1.7 1.1 3.3
2006.7041 -84.6309 49.8533 2.5 1.8 1.2 3.4
2006.7068 -88.1773 44.0797 6.8 1.8 1.2 3.4
2006.7096 -91.2939 47.5217 16.3 1.6 1.1 3.2
2006.7123 -92.7447 46.5224 1.2 1.7 1.1 3.3
2006.7151 -91.2939 48.521 10.4 1.7 1.1 3.2
2006.7260 -84.5771 47.0775 24.5 1.7 1.2 3.4
2006.7288 -90.1655 45.9672 -0.6 1.7 1.1 3.3
2006.7315 -85.8667 50.2975 -3.2 1.8 1.2 3.4
2006.7342 -89.4132 48.1879 5.4 1.7 1.0 3.2
2006.7370 -91.4551 48.521 5.5 1.7 1.0 3.2
2006.7397 -82.6964 46.0782 14.9 1.6 1.1 3.2
2006.7425 -84.9533 45.7452 16.4 1.7 1.1 3.3
2006.7452 -82.8576 44.5238 8.2 1.6 1.1 3.3
2006.7479 -85.813 46.3003 8.7 1.6 1.1 3.3
2006.7507 -85.4369 46.4113 6.1 1.7 1.1 3.4
2006.7562 -82.9651 46.4113 10.8 1.6 1.1 3.4
2006.7589 -85.813 46.9665 -1.5 1.7 1.1 3.3
2006.7616 -82.0516 46.0782 6.4 1.7 1.1 3.3
2006.7644 -85.1682 46.3003 6.6 1.7 1.1 3.4
2006.7671 -84.5771 47.0775 10.7 1.7 1.1 3.4
2006.7699 -87.4788 45.301 6 1.8 1.1 3.4
2006.7726 -82.3203 44.8569 5.3 1.7 1.1 3.5
2006.7753 -87.9624 45.7452 4.9 2.1 1.3 4.0
2006.7781 -86.2429 43.4135 -0.2 1.7 1.2 3.5
2006.7808 -84.7921 44.4128 1.8 1.8 1.2 3.7
2006.7836 -87.5325 48.4099 2.3 1.6 1.1 3.3
2006.7863 -86.8877 50.7416 1.5 1.6 1.0 3.3
2006.7918 -88.8758 45.7452 0.7 1.6 1.1 3.3
2006.7945 -89.6819 46.1893 -1.6 1.7 1.1 3.4
2006.7973 -90.1117 46.1893 12 1.6 1.1 3.3
2006.8000 -92.5297 44.4128 -1.1 1.7 1.1 3.3
2006.8027 -90.1655 50.9637 0.3 1.7 1.2 3.5
2006.8055 -88.4997 43.1914 -1.8 1.7 1.1 3.4
2006.8082 -85.9742 42.8583 10.9 1.6 1.1 3.4
2006.8110 -89.5744 44.4128 10 1.6 1.1 3.3
2006.8137 -91.8312 46.7444 14.3 1.7 1.1 3.3
2006.8164 -89.6281 46.6334 20 2.0 1.3 3.6
2006.8192 -89.7356 48.4099 11.2 1.7 1.1 3.4
2006.8219 -89.5207 46.1893 5 1.6 1.1 3.2
2006.8247 -83.7174 47.4106 15.3 1.6 1.1 3.3
2006.8274 -90.7028 48.854 10.6 1.6 1.1 3.3
2006.8301 -85.9742 48.0768 13.7 1.6 1.1 3.4
2006.8329 -91.7237 49.8533 4.4 1.6 1.0 3.2
2006.8356 -90.9715 51.1857 2.5 1.6 1.1 3.2
2006.8384 -93.8731 52.296 2.4 1.6 1.0 3.2
2006.8411 -90.4341 50.8526 -2.2 1.6 1.0 3.1
2006.8438 -89.3594 51.9629 13.4 1.6 1.0 3.2
2006.8466 -91.2939 51.7409 3.6 1.6 1.1 3.2
2006.8493 -92.0461 51.2967 6 1.6 1.0 3.1
2006.8521 -92.476 47.8548 15.3 1.6 1.0 3.3
2006.8548 -92.6372 47.2996 2.2 1.6 1.0 3.2
2006.8575 -94.7328 49.0761 8 1.6 1.1 3.2
2006.8603 -91.1864 51.9629 14.8 1.9 1.2 3.5
2006.8630 -92.3148 47.2996 6.6 1.7 1.2 3.4
2006.8658 -93.0671 48.632 2.1 1.7 1.2 3.5
2006.8685 -94.1955 52.5181 -5.1 1.7 1.2 3.4
2006.8712 -95.0015 50.7416 1 1.6 1.0 3.0
2006.8740 -94.1418 50.4085 1.7 1.6 1.0 3.2
2006.8767 -92.691 50.1864 4.2 1.6 1.0 3.3
2006.8795 -92.7984 46.3003 3.7 1.6 1.0 3.1
2006.8822 -92.1536 49.2982 2.8 1.6 1.0 3.2
2006.8849 -94.4642 48.2989 -2.4 1.6 1.0 3.2
2006.8877 -104.19 44.8569 -0.5 1.6 1.0 3.2
2006.8904 -97.527 48.521 -0.3 1.6 1.0 3.3
2006.8932 -96.1299 49.0761 1.3 1.6 1.0 3.3
2006.8959 -91.4013 50.1864 5.5 1.7 1.1 3.4
2006.8986 -95.9687 49.0761 3.7 1.7 1.1 3.4
2006.9014 -98.1181 47.7437 -7.5 1.5 1.0 3.0
2006.9041 -97.2583 47.6327 -6.9 1.6 1.0 3.2
2006.9068 -95.9687 47.7437 -0.8 1.6 1.0 3.3
2006.9096 -93.9268 46.4113 8.9 1.6 1.0 3.2
2006.9123 -94.4642 46.3003 6.7 1.6 1.0 3.1
2006.9151 -92.7447 46.9665 7.6 2.0 1.2 3.5
2006.9178 -92.1536 46.4113 8.4 1.7 1.0 3.2
2006.9205 -88.4997 53.0733 4.7 1.7 1.1 3.4
2006.9233 -94.4104 45.5231 9.6 1.7 1.0 3.3
2006.9260 -93.497 45.301 11.1 1.6 1.1 3.2
2006.9288 -88.9296 51.2967 0.9 1.6 1.0 3.2
2006.9315 -93.0671 46.8555 3 2.0 1.2 3.5
2006.9342 -90.7565 43.0804 13.2 1.7 1.1 3.4
2006.9370 -91.7237 45.4121 4.8 1.9 1.2 3.6
2006.9397 -93.2283 42.8583 0.7 1.7 1.0 3.5
2006.9425 -97.9031 42.4142 3.4 2.0 1.1 3.4
2006.9452 -94.0343 43.9686 6.3 1.7 1.0 3.3
2006.9479 -92.0999 42.6363 5.5 1.7 1.1 3.3
2006.9507 -95.0552 45.301 0.7 1.7 1.0 3.2
2006.9534 -93.497 45.9672 9.7 1.7 1.1 3.3
2006.9562 -93.0134 46.1893 10.7 2.4 1.4 4.3
2006.9589 -95.915 46.3003 4.8 1.7 1.0 3.2
2006.9616 -95.7 45.4121 8.2 1.7 1.0 3.2
2006.9644 -91.7775 39.4163 5.7 1.7 1.0 3.2
2006.9671 -92.5297 41.9701 15.8 1.7 1.1 3.4
2006.9699 -86.4578 47.2996 0.1 1.8 1.2 3.5
2006.9726 -99.5689 43.9686 27.4 1.9 1.2 3.6
2006.9753 -94.7866 44.1907 22.2 1.9 1.1 3.3
2006.9781 -85.4906 45.301 26.3 1.7 1.1 3.3
2006.9808 -96.9897 42.9694 17.5 1.7 1.1 3.2
2006.9836 -95.4851 44.5238 15.5 1.7 1.0 3.2
2006.9863 -94.894 43.1914 9.7 1.7 1.0 3.2
2006.9890 -89.8968 44.7459 12 1.7 1.1 3.3
2006.9918 -89.037 39.1943 10.2 1.9 1.3 3.6
2006.9945 -86.9952 44.6348 1.8 1.7 1.1 3.2
2006.9973 -86.6728 44.1907 8.2 1.9 1.2 3.5
2007.0000 -90.1117 41.748 0.1 2.0 1.3 4.0
2007.0137 -85.3294 49.1871 -1.2 1.7 1.1 3.3
2007.0164 -80.5471 50.5195 6 1.7 1.1 3.3
2007.0192 -78.6127 51.0747 -7.5 1.7 1.2 3.4
2007.0219 -79.6336 54.6277 -5.9 1.7 1.2 3.4
2007.0301 -91.9924 50.9637 -16.6 1.7 1.2 3.4
2007.0329 -87.2101 49.5202 -10.2 1.7 1.2 3.5
2007.0356 -77.538 46.3003 -1.4 1.7 1.2 3.3
2007.0384 -85.6518 46.7444 3.1 1.7 1.1 3.5
2007.0411 -96.4523 44.9679 5.4 1.8 1.2 3.5
2007.0438 -94.3567 50.8526 9 1.8 1.1 3.4
2007.0466 -95.1627 53.7395 -2.5 1.7 1.1 3.4
2007.0493 -98.0643 52.4071 -6.8 1.7 1.1 3.5
2007.0521 -90.7028 49.0761 5.1 1.7 1.2 3.5
2007.0548 -81.9979 47.6327 -6.6 1.8 1.3 3.7
2007.0575 -85.813 53.2953 -9.3 1.7 1.2 3.6
2007.0603 -81.6755 49.8533 -12.4 1.7 1.1 3.6
2007.0630 -78.6664 51.7409 -13 1.8 1.2 3.4
2007.0658 -67.7047 50.6306 -20.5 1.8 1.3 3.6
2007.0685 -73.6154 55.2939 -15.5 1.9 1.3 3.8
2007.0712 -61.2566 46.0782 -12.6 1.8 1.2 3.4
2007.0740 -94.9478 56.2932 -11.4 1.7 1.1 3.5
2007.0767 -98.2255 50.5195 0.7 1.7 1.1 3.6
2007.0795 -91.2939 48.854 -2.1 1.7 1.1 3.4
2007.0822 -97.3658 48.854 -14.4 1.7 1.1 3.4
2007.0849 -93.6582 49.2982 -9.6 1.6 1.1 3.3
2007.0877 -93.0134 51.2967 -12.5 1.7 1.1 3.5
2007.0904 -93.6044 47.7437 0.7 1.7 1.1 3.3
2007.0932 -100.751 47.4106 -1.4 1.7 1.1 3.3
2007.0959 -104.405 49.6313 -3.6 1.6 1.1 3.2
2007.0986 -97.6345 49.2982 -13 1.6 1.0 3.2
2007.1014 -97.9031 52.6291 -16 1.6 1.0 3.2
2007.1041 -101.181 51.0747 -10.1 1.6 1.1 3.2
2007.1068 -101.02 48.743 -5.8 1.8 1.1 3.3
2007.1096 -104.835 51.4078 -11.3 1.7 1.1 3.1
2007.1123 -94.7866 53.4064 -6 1.6 1.0 3.2
2007.1151 -97.527 50.5195 -10.2 1.7 1.0 3.3
2007.1205 -105.587 50.2975 -12.4 2.1 1.3 3.9
2007.1233 -98.7091 51.0747 -5.1 1.7 1.1 3.1
2007.1260 -96.0225 50.5195 -5.8 1.7 1.0 3.2
2007.1288 -96.6135 50.7416 -8.7 1.6 1.0 3.2
2007.1315 -89.1982 51.8519 -5.7 1.7 1.1 3.2
2007.1342 -92.476 54.7387 0.4 2.0 1.3 3.9
2007.1370 -99.354 51.4078 -0.6 1.6 1.0 3.0
2007.1397 -98.1718 54.2946 -7.6 1.6 1.0 3.0
2007.1425 -96.0762 55.1829 -5.9 1.6 1.0 3.1
2007.1452 -95.915 54.9608 -10.6 1.6 1.0 3.1
2007.1479 -96.4523 53.7395 -1.5 1.6 1.0 3.2
2007.1507 -99.1928 51.4078 -6.5 1.6 1.0 3.1
2007.1534 -93.9806 55.516 -6.3 1.6 1.0 3.0
2007.1562 -100.536 55.2939 -8.2 1.6 1.0 3.0
2007.1589 -99.139 52.8512 -8.2 1.6 1.0 3.1
2007.1616 -100.106 54.0725 -7.8 1.7 1.1 3.2
2007.1644 -94.088 54.9608 -14.7 1.7 1.1 3.2
2007.1671 -91.5625 56.7373 -11.5 1.6 1.1 3.2
2007.1699 -94.303 52.9622 -3.4 1.6 1.1 3.2
2007.1726 -98.7629 53.0733 -5.7 1.6 1.0 3.1
2007.1753 -97.3658 53.2953 -4.3 1.7 1.0 3.2
2007.1781 -97.7419 52.074 -4.9 1.6 1.1 3.2
2007.1808 -96.0762 50.8526 1.1 1.6 1.1 3.1
2007.1836 -97.1509 52.185 -1.2 1.7 1.1 3.2
2007.1863 -99.139 51.7409 0 1.7 1.0 3.2
2007.1890 -101.342 53.2953 -6.1 1.7 1.0 3.2
2007.1918 -99.5152 51.7409 0.8 1.7 1.0 3.2
2007.1945 -100.805 52.7402 -3.4 1.7 1.1 3.3
2007.1973 -96.3986 53.4064 -6.4 1.7 1.1 3.3
2007.2000 -100.59 51.8519 -7.4 1.7 1.1 3.3
2007.2027 -99.3002 55.516 -7.9 1.6 1.0 3.3
2007.2055 -97.7957 53.2953 -6.2 1.6 1.1 3.3
2007.2082 -96.5598 50.5195 2.8 1.6 1.0 3.1
2007.2110 -98.9241 53.1843 -9.4 1.6 1.1 3.2
2007.2137 -96.5061 53.4064 -6.7 1.6 1.1 3.1
2007.2164 -95.2164 53.2953 1.4 1.7 1.1 3.3
2007.2192 -95.915 50.9637 5.9 1.7 1.1 3.4
2007.2219 -93.1746 51.4078 10.4 1.6 1.0 3.1
2007.2247 -98.8703 51.6298 0.8 1.6 1.0 3.1
2007.2274 -96.9359 53.0733 -0.2 1.8 1.2 3.3
2007.2301 -95.7 53.1843 -5.9 1.6 1.0 3.2
2007.2356 -95.5926 51.8519 -2.7 1.7 1.0 3.2
2007.2411 -96.721 52.074 -3.2 1.6 1.0 3.1
2007.2438 -98.3867 53.0733 -7.5 1.6 1.1 3.1
2007.2466 -99.354 55.1829 -7.9 1.7 1.0 3.2
2007.2493 -99.0853 54.4056 -3.4 1.8 1.2 3.5
2007.2521 -98.6017 52.185 -10.6 1.7 1.1 3.4
2007.2548 -98.1718 49.9644 -1 1.7 1.1 3.2
2007.2575 -95.2702 52.074 -3.5 1.7 1.1 3.2
2007.2603 -102.9 55.4049 -6.8 2.2 1.3 3.8
2007.2630 -102.9 50.5195 -4.2 2.0 1.1 3.4
2007.2658 -99.6226 50.1864 13 1.7 1.1 3.2
2007.2685 -95.9687 51.4078 1.1 1.7 1.1 3.2
2007.2712 -104.244 51.1857 1.9 1.7 1.0 3.2
2007.2740 -97.3121 50.7416 -3.6 1.7 1.2 3.3
2007.2767 -108.811 49.7423 -10.5 1.7 1.1 3.2
2007.2795 -104.996 50.4085 1.6 1.7 1.0 3.3
2007.2822 -102.041 51.8519 -9.4 1.8 1.1 3.5
2007.2849 -100.912 50.5195 -3.3 1.7 1.1 3.3
2007.2877 -101.45 50.4085 -1 1.7 1.0 3.2
2007.2904 -102.041 50.7416 -3 1.7 1.0 3.2
2007.2932 -102.041 50.8526 -4.6 1.7 1.1 3.2
2007.2959 -103.706 50.9637 -5.3 1.7 1.1 3.2
2007.2986 -105.372 50.7416 -4.6 1.7 1.0 3.2
2007.3014 -108.113 52.9622 -7.9 1.6 1.0 3.1
2007.3041 -101.987 50.9637 -4.3 1.7 1.0 3.1
2007.3068 -105.426 48.1879 -4.4 1.7 1.1 3.3
2007.3096 -106.393 49.8533 -2.1 1.7 1.1 3.2
2007.3123 -103.223 50.4085 0.3 1.7 1.1 3.2
2007.3151 -101.235 48.9651 4.6 1.7 1.1 3.2
2007.3178 -103.223 50.0754 1.5 1.7 1.1 3.2
2007.3205 -104.244 48.743 6 1.6 1.0 3.0
2007.3233 -101.342 49.9644 -1.9 1.8 1.1 3.3
2007.3260 -104.889 50.9637 1.6 1.7 1.0 3.2
2007.3288 -103.921 49.7423 -5 1.7 1.1 3.3
2007.3315 -101.073 49.2982 7.9 1.7 1.0 3.2
2007.3342 -106.715 46.4113 -8.6 1.7 1.0 3.1
2007.3370 -101.342 50.6306 -6 1.8 1.1 3.4
2007.3397 -102.739 47.6327 2.6 1.7 1.1 3.2
2007.3425 -103.76 48.0768 -1.2 1.7 1.1 3.3
2007.3452 -102.363 47.0775 -1 1.7 1.1 3.2
2007.3479 -102.9 45.9672 -2.1 1.8 1.1 3.2
2007.3507 -103.438 51.1857 -2.4 1.7 1.0 3.3
2007.3534 -107.522 50.8526 -3.7 1.7 1.0 3.2
2007.3562 -106.93 48.854 -1.3 1.9 1.1 3.6
2007.3589 -106.393 50.7416 -3.4 1.9 1.1 3.5
2007.3616 -103.76 49.5202 1.8 1.7 1.1 3.1
2007.3644 -105.48 48.521 -4.6 1.7 1.0 3.2
2007.3671 -100.751 51.5188 -4.3 1.8 1.1 3.3
2007.3699 -106.071 48.9651 -4.2 1.7 1.0 3.2
2007.3726 -106.017 49.4092 4.7 1.7 1.0 3.3
2007.3753 -122.245 47.0775 -5.5 5.0 2.3 7.4
2007.3781 -107.844 48.4099 -11.5 1.8 1.1 3.3
2007.3808 -108.757 48.521 -4.9 1.7 1.0 3.1
2007.3836 -109.295 49.9644 -8.9 3.0 1.7 4.6
2007.3890 -100.482 50.1864 1.4 1.9 1.2 3.5
2007.3918 -110.584 49.7423 -3 2.2 1.2 3.6
2007.3945 -100.321 46.8555 3.1 2.3 1.3 4.0
2007.3973 -103.438 48.9651 3.6 1.7 1.1 3.2
2007.4000 -106.447 49.4092 0 1.7 1.1 3.2
2007.4027 -102.9 49.6313 -0.4 1.7 1.1 3.2
2007.4055 -104.62 47.5217 -3.6 1.7 1.1 3.2
2007.4082 -101.718 47.8548 2.2 2.0 1.3 3.8
2007.4110 -104.136 48.632 0.6 1.8 1.1 3.2
2007.4137 -101.772 48.743 8.3 1.8 1.1 3.3
2007.4164 -104.083 48.743 -6.4 1.7 1.1 3.2
2007.4192 -104.889 49.4092 1.6 1.7 1.1 3.2
2007.4219 -109.348 48.854 -2.6 1.7 1.1 3.3
2007.4247 -105.695 47.8548 7.6 1.7 1.0 3.3
2007.4274 -113.755 52.6291 4.4 4.1 2.0 5.9
2007.4301 -104.029 48.854 7.2 1.7 1.1 3.2
2007.4329 -103.868 46.7444 1.2 2.0 1.3 3.9
2007.4356 -106.554 48.743 -5.2 1.8 1.1 3.4
2007.4384 -102.739 47.1886 -4 1.8 1.1 3.4
2007.4411 -103.223 47.5217 3.2 2.1 1.3 4.2
2007.4438 -102.685 48.521 -3 1.8 1.1 3.4
2007.4466 -102.471 47.5217 0.7 1.8 1.1 3.4
2007.4493 -108.005 47.0775 -4.7 1.8 1.1 3.4
2007.4521 -105.856 46.6334 -0.3 1.8 1.1 3.4
2007.4548 -108.328 48.9651 -0.2 1.9 1.1 3.4
2007.4575 -106.501 46.1893 -3.2 1.8 1.1 3.5
2007.4603 -109.725 47.5217 -0.5 1.8 1.1 3.3
2007.4630 -103.975 48.521 -6.2 1.8 1.1 3.5
2007.4658 -107.253 48.2989 -4.7 2.0 1.2 3.6
2007.4685 -109.08 47.8548 7.8 1.9 1.1 3.5
2007.4712 -104.083 45.9672 3.8 1.8 1.1 3.5
2007.4740 -109.725 46.1893 -2.2 1.7 1.1 3.3
2007.4767 -110.584 47.0775 -9 1.9 1.1 3.5
2007.4795 -102.471 45.5231 8.1 1.9 1.2 3.6
2007.4822 -109.886 45.5231 0.1 1.9 1.1 3.5
2007.4849 -104.942 45.8562 -7.6 2.1 1.1 3.7
2007.4877 -114.507 44.9679 3.6 2.1 1.2 3.6
2007.4904 -104.727 44.6348 -0.1 2.0 1.1 3.6
2007.4932 -111.874 45.6341 4.3 1.7 1.1 3.2
2007.4959 -105.372 45.6341 10.9 1.7 1.1 3.3
2007.4986 -105.587 48.1879 3.9 1.7 1.1 3.4
2007.5014 -108.811 48.0768 -5.7 2.1 1.2 3.8
2007.5041 -105.211 47.2996 4.9 1.7 1.1 3.2
2007.5068 -109.725 47.8548 3.7 1.7 1.1 3.2
2007.5096 -107.844 45.5231 3.8 1.7 1.1 3.2
2007.5123 -107.683 46.1893 0.2 1.7 1.1 3.2
2007.5151 -103.975 42.5252 3.3 1.7 1.1 3.3
2007.5178 -105.372 44.5238 6.4 1.7 1.1 3.3
2007.5205 -105.318 48.2989 6.7 1.7 1.1 3.2
2007.5233 -105.372 47.4106 6.7 1.7 1.1 3.3
2007.5260 -108.489 49.0761 -0.4 1.9 1.2 3.5
2007.5288 -107.898 46.3003 9.3 1.7 1.1 3.3
2007.5315 -107.522 46.4113 10.3 1.7 1.1 3.2
2007.5342 -105.641 47.7437 13.7 1.7 1.1 3.4
2007.5370 -105.05 48.743 3.8 1.7 1.1 3.3
2007.5397 -106.823 46.1893 3.9 1.7 1.1 3.2
2007.5425 -106.662 48.632 5.1 1.7 1.1 3.3
2007.5452 -109.08 46.1893 6.7 1.7 1.1 3.2
2007.5479 -104.029 48.0768 11.1 1.6 1.1 3.1
2007.5507 -104.029 46.1893 7.4 1.7 1.2 3.4
2007.5534 -109.402 48.521 6.8 1.6 1.1 3.2
2007.5562 -108.65 48.4099 7.1 1.7 1.1 3.3
2007.5589 -109.563 46.4113 14.9 1.7 1.1 3.3
2007.5616 -107.253 43.5245 11.7 1.7 1.1 3.3
2007.5644 -106.769 46.8555 7.2 1.6 1.1 3.3
2007.5671 -106.823 49.8533 4.6 1.7 1.2 3.4
2007.5699 -111.014 51.2967 -3.8 1.7 1.1 3.4
2007.5726 -109.94 47.7437 1.8 1.7 1.1 3.3
2007.5753 -101.127 44.5238 11.5 1.7 1.1 3.4
2007.5781 -111.874 47.2996 6.9 1.6 1.1 3.1
2007.5808 -107.79 46.3003 8.7 1.6 1.1 3.2
2007.5836 -103.653 46.9665 0.3 1.7 1.3 3.5
2007.5863 -109.993 49.7423 7.3 1.8 1.1 3.2
2007.5890 -105.103 48.2989 16.4 1.7 1.1 3.2
2007.5918 -107.145 49.0761 8.1 1.7 1.1 3.2
2007.5945 -110.638 47.1886 9.8 1.7 1.1 3.3
2007.5973 -109.134 49.8533 10.7 1.7 1.2 3.4
2007.6000 -108.381 47.9658 20.1 1.7 1.2 3.5
2007.6027 -105.48 49.8533 16.7 1.6 1.1 3.3
2007.6055 -112.143 48.743 -6.3 1.6 1.2 3.2
2007.6082 -118.752 52.185 6 1.7 1.2 3.3
2007.6110 -106.769 54.9608 12.9 1.9 1.5 3.9
2007.6137 -106.662 49.5202 6.9 1.6 1.1 3.3
2007.6164 -109.241 52.9622 1.7 1.6 1.1 3.2
2007.6192 -109.832 49.7423 6.9 1.8 1.2 3.4
2007.6219 -114.346 50.9637 2.7 1.8 1.2 3.4
2007.6247 -113.056 54.0725 8.1 1.9 1.3 3.7
2007.6274 -106.662 48.632 30.2 1.7 1.1 3.4
2007.6301 -108.542 47.0775 19.8 1.7 1.2 3.3
2007.6329 -119.719 45.19 27.3 1.7 1.1 3.2
2007.6356 -110.262 50.7416 15.2 1.7 1.1 3.3
2007.6384 -110.638 51.2967 8.7 1.7 1.1 3.3
2007.6411 -113.916 50.9637 13.3 1.7 1.1 3.4
2007.6438 -110.907 51.9629 14 1.7 1.1 3.2
2007.6466 -110.101 49.8533 14.8 1.8 1.2 3.5
2007.6493 -109.886 48.9651 16.1 1.8 1.1 3.5
2007.6521 -106.447 48.9651 15.4 1.8 1.1 3.4
2007.6548 -110.477 50.6306 8.5 1.8 1.2 3.5
2007.6575 -104.942 51.1857 28.8 2.8 1.9 4.9
2007.6603 -110.531 48.521 14.4 2.2 1.3 4.1
2007.6658 -108.757 49.0761 24.4 1.7 1.1 3.3
2007.6685 -110.531 49.9644 16.2 1.7 1.2 3.3
2007.6712 -111.229 48.521 23.1 1.7 1.1 3.4
2007.6740 -114.077 51.8519 11.3 1.7 1.1 3.2
2007.6767 -116.656 52.185 14.7 1.7 1.1 3.3
2007.6795 -115.474 48.9651 23.7 1.7 1.1 3.3
2007.6822 -110.154 51.4078 17.6 1.7 1.2 3.3
2007.6849 -111.337 45.9672 27.2 1.8 1.2 3.3
2007.6877 -108.22 48.1879 24.8 1.8 1.2 3.6
2007.6904 -105.587 50.0754 19.5 1.8 1.1 3.3
2007.6932 -111.981 49.0761 3.3 1.9 1.3 3.7
