1997.7123 0 0 0 18.2 11.8 23.7
1997.7151 9.05005 -16.6523 -7.5 2.3 1.3 4.0
1997.7178 10.5503 -16.5413 -13.4 1.4 1.0 3.1
1997.7205 10.7923 -15.5422 -17 1.7 1.2 3.5
1997.7233 7.88855 -15.3201 -18 1.6 1.2 3.4
1997.7260 10.7439 -15.6532 -9.5 1.3 1.0 3.1
1997.7288 26.6662 -6.77195 -15.1 84.8 65.6 230.8
1998.7534 -2.85536 -38.8554 -33.3 2.0 1.3 3.8
1998.7562 -3.67809 -39.5215 -37.3 1.5 1.1 3.3
1998.7589 -1.11311 -36.9682 -33 1.4 1.0 3.4
1998.7616 0 -40.5207 -35.1 1.4 1.0 3.3
1998.7644 -3.67809 -39.6325 -31.8 1.4 1.0 3.2
1998.7671 -6.63025 -40.8537 -28.9 2.1 1.5 4.1
1998.7699 -7.93694 -40.0766 -33.1 2.7 2.2 5.4
1999.7808 -31.9897 -42.6299 -55.4 8.4 8.7 15.2
1999.7836 -11.9054 -68.8296 -16.2 2.2 1.5 4.1
1999.7863 -14.664 -58.3941 -17.3 1.9 1.5 3.9
1999.7890 -15.2447 -65.8322 -8.5 2.3 1.7 4.7
1999.7918 -15.9223 -61.6136 -6.1 2.1 1.6 3.8
1999.7945 -9.38882 -60.0594 -16.4 2.0 1.6 3.9
1999.7973 -17.4226 -61.7246 -12.5 1.4 1.1 3.1
1999.8000 -8.61449 -67.0534 -6.2 1.6 1.2 3.4
1999.8027 -10.018 -61.2806 -7.9 1.3 1.0 3.1
2000.7205 -25.6499 -83.2616 -24.8 3.0 2.6 6.5
2000.7233 -19.794 -76.8227 -22.3 1.5 1.1 3.3
2000.7260 -17.4226 -81.8184 -21.6 1.5 1.1 3.3
2000.7288 -21.6814 -80.7083 -29.9 1.4 1.1 3.2
2000.7315 -23.8592 -81.4854 -18.9 1.4 1.0 3.1
2000.7342 -19.2132 -82.1515 -23.4 1.5 1.0 3.3
2000.7370 -23.6656 -79.5981 -24.3 2.0 1.5 3.8
2000.7397 -23.9076 -83.4836 -19.5 2.0 1.5 3.9
2000.7425 -17.0838 -78.599 -19.3 1.5 1.2 3.4
2000.7452 -25.3595 -85.815 -23.6 1.7 1.3 3.7
2000.7479 -27.9245 -85.4819 -10.3 1.6 1.1 3.4
2000.7507 -21.6814 -87.9243 -4.6 3.5 2.5 5.5
2000.7534 -20.5683 -83.5947 -3.3 1.5 1.1 3.2
2000.7562 -22.7461 -82.7065 -5.2 2.4 1.9 5.1
2003.7534 73.1747 -320.058 10.1 1.3 1.0 3.3
2003.7562 71.7712 -315.173 16.7 1.4 1.1 3.3
2003.7589 74.4814 -314.84 19.3 1.3 1.0 3.1
2003.7616 76.0785 -312.509 17.8 1.3 1.0 3.1
2003.7644 76.8044 -312.509 20.8 1.3 1.1 3.1
2003.7671 76.2237 -316.283 20.1 1.4 1.1 3.5
2003.7699 76.4657 -314.396 20.3 1.3 1.0 3.2
2003.7726 73.5619 -313.064 16.8 1.4 1.1 3.4
2004.3863 70.9485 -331.381 3 3.2 1.7 5.9
2004.3890 80.7729 -337.376 7.3 1.1 0.9 2.8
2004.3918 80.5793 -337.376 7.9 1.1 0.9 2.7
2004.3945 79.7082 -336.821 4.3 1.2 0.9 2.7
2004.3973 78.9822 -337.82 10.7 1.2 0.9 2.8
2004.4000 79.805 -339.485 3.8 1.1 0.9 2.8
2004.4027 76.2721 -337.487 1.6 1.1 0.8 2.6
2004.4055 79.6598 -340.485 3.1 1.1 0.9 2.7
2004.4082 80.7245 -341.151 10.2 1.3 1.1 3.0
