1995.6055 0 0 0 1.7 1.4 4.4
1995.6082 3.52413 -0.111034 -6.6 1.6 1.4 4.2
1997.3836 -31.7172 9.54888 10.3 1.6 1.2 3.8
1997.3863 -29.8738 9.54888 9.2 1.6 1.2 3.8
1997.3890 -48.3078 6.66201 69.1 52.4 28.8 42.5
1997.4493 -43.0487 10.7702 44.9 2.6 2.5 6.9
1997.4521 -36.7052 18.9867 46.8 2.5 2.5 7.0
1997.4548 -42.7776 9.43785 44.4 2.6 2.6 7.2
1997.4603 -29.169 10.7702 54.7 2.7 2.4 7.3
1999.4849 -70.1574 15.7668 40.1 1.8 1.4 3.9
1999.4877 -72.2719 13.9902 33.4 1.8 1.3 3.8
1999.4904 -69.2357 13.5461 37.9 1.9 1.5 4.0
2001.4712 -101.116 14.2123 31.6 1.7 1.2 4.3
2001.4740 -103.176 15.9888 41.1 1.8 1.7 4.5
2002.3863 -121.23 17.5433 40.8 1.7 1.3 3.9
2002.3890 -128.712 19.764 45.7 1.5 1.2 3.8
2002.3918 -118.357 18.3205 49.5 2.5 2.4 5.8
2003.5370 -163.574 30.5342 64.9 1.3 1.1 3.2
2004.4849 -171.056 40.6383 71.2 4.1 2.4 7.7
2004.4877 -180.436 37.3073 77.2 1.5 1.3 4.0
2009.4603 -294.021 70.6173 90.9 1.2 1.0 3.0
2009.4630 -296.082 70.1732 85.7 1.5 1.0 3.5
2015.3589 -423.872 92.935 153.6 3.6 2.3 6.8
2015.3616 -415.848 94.3785 148.7 1.4 1.1 3.3
2015.3644 -419.697 92.3799 156.9 1.4 1.1 3.3
