1998.8466 0 0 0 2.7 2.2 6.1
1998.8493 -7.17473 4.3312 9.2 4.6 3.2 8.3
1999.4137 -13.0726 3.99803 -32 6.4 3.3 10.4
1999.4164 -2.85773 -5.21965 -5.4 1.4 1.0 2.9
1999.4192 -3.10094 -5.66387 4.7 1.4 1.0 2.8
1999.4219 -4.62101 -3.88697 5.2 1.4 1.0 2.9
1999.4247 -3.10094 -4.3312 -1.6 1.4 1.0 2.8
1999.4274 -3.28335 -5.55282 -6.2 1.8 1.2 3.4
1999.4301 -1.09445 -10.3282 -1.1 4.8 2.8 6.8
1999.4329 17.572 -6.33021 -14.2 22.3 16.4 37.8
2001.4082 -28.2733 -30.7626 10.5 1.8 1.1 3.3
2001.4110 -27.3005 -30.4294 8.9 1.5 1.0 2.9
2001.4137 -27.6045 -33.2058 9.1 1.5 1.0 2.9
2001.4164 -15.7479 -33.3169 36.1 11.9 5.4 13.6
