2007.7315 0 0 0 1.3 0.8 2.7
2007.7342 0.630049 0.777452 -0.7 1.3 0.8 2.7
2007.7370 0.189014 -0.222129 3.7 1.3 0.9 2.7
2007.7397 -1.76414 -1.33277 4.1 1.3 0.9 2.7
2007.7425 -0.12601 1.77703 8.2 1.3 0.8 2.7
2007.7452 -0.882068 -1.99916 6.5 1.3 0.8 2.7
2007.7479 -9.51374 2.33236 11 1.3 0.8 2.7
2007.7507 -7.30857 -0.666387 7.8 1.4 0.9 2.9
2007.7562 -1.82714 -3.99832 5 1.7 1.0 3.0
2007.7589 -3.02423 -3.66513 -6.6 1.3 0.9 2.8
2007.7616 -9.89177 -3.10981 12.5 1.3 0.8 2.7
2007.7644 -6.30049 -3.22087 14.8 1.3 0.8 2.7
2007.7671 -1.70113 -2.88768 10.9 1.3 0.8 2.7
2007.7699 1.07108 -2.99874 12.2 1.4 0.9 2.9
2007.7726 2.96123 -0.111065 -8.6 1.4 0.9 2.9
2007.7753 -0.315025 -3.88726 -5.5 1.5 0.9 2.8
2007.7781 -3.59128 -5.10897 0 1.3 0.8 2.7
2007.7808 -3.27625 -3.88726 -5 1.3 0.8 2.7
2007.7836 0 -3.55407 4.6 1.3 0.8 2.7
2007.7863 -2.96123 -6.886 -6.6 1.3 0.8 2.7
2007.7890 -4.09532 -5.99749 -4.6 1.3 0.8 2.7
2007.7918 0.504039 -6.886 -0.1 1.6 1.0 3.1
2007.7945 -4.85138 -12.6614 -3.3 1.3 0.9 2.8
2007.7973 -2.26818 -9.55155 -13.5 1.3 0.9 2.8
2007.8000 1.19709 -7.88558 -13 1.3 0.8 2.7
2007.8027 -3.15024 -5.55323 2.4 1.3 0.8 2.7
2007.8055 -1.3231 -7.33026 -0.6 1.3 0.8 2.7
2007.8082 -3.27625 -4.9979 3.9 1.3 0.8 2.7
2007.8110 -4.85138 -3.33194 -1.2 1.3 0.9 2.8
2007.8137 -1.51212 -1.66597 -16.2 1.3 0.9 2.8
2007.8164 -9.32472 13.8831 -27.8 1.3 0.9 2.8
2007.8192 -0.12601 -1.66597 -15.8 1.3 0.9 2.9
2007.8219 -2.77222 -7.55239 1.6 1.3 0.9 2.8
2007.8247 -0.378029 -3.443 2.1 1.4 0.9 2.8
2007.8274 3.71729 -2.66555 2.2 1.3 0.9 2.8
2007.8301 -2.96123 -5.55323 11.5 1.3 0.9 2.8
2007.8329 -3.21325 -1.99916 8.7 1.3 0.9 2.8
2007.8356 -1.38611 -3.99832 10.7 1.3 0.8 2.7
2007.8384 -2.14217 -4.33152 15.2 1.3 0.9 2.7
2007.8411 -4.03231 -4.77578 -2.9 1.3 0.9 2.7
2007.8438 4.28433 0.888516 -4.3 1.3 0.8 2.7
2007.8466 -2.70921 -2.77661 -8 1.3 0.8 2.7
2007.8493 -6.4895 -9.88475 1.7 1.3 0.8 2.7
2007.8521 -1.63813 -0.333194 -2.7 1.3 0.8 2.7
2007.8548 -9.70275 1.33277 -14.8 1.3 0.9 2.8
2007.8575 -4.03231 -3.88726 7.8 1.3 0.9 2.8
2007.8603 -4.47335 -8.32984 11.4 1.3 0.8 2.7
2007.8630 -2.83522 -6.77494 2.3 1.3 0.8 2.7
2007.8658 -5.98546 -4.22045 7.3 1.3 0.9 2.7
2007.8685 -4.66236 -3.77619 5.7 1.3 0.8 2.7
2007.8712 -4.53635 -6.886 10.1 1.3 0.9 2.7
2007.8740 -7.37157 -8.44091 14.1 1.3 0.9 2.8
2007.8767 -7.24556 -8.44091 11.5 1.3 0.8 2.7
2007.8795 -3.40226 -4.77578 12.1 1.3 0.8 2.7
2007.8822 -1.3231 -7.77452 -1.7 1.3 0.9 2.7
2007.8849 -5.04039 -5.66429 3.2 1.3 0.9 2.7
2007.8877 -0.630049 -8.99623 0.8 1.3 0.9 2.7
2007.8904 -5.35542 -4.55365 1.2 1.3 0.9 2.7
2007.8932 3.40226 -10.1069 2.2 1.3 0.8 2.7
2007.8959 3.02423 -5.99749 0.6 1.3 0.9 2.8
2007.8986 0.441033 -9.10729 -16 1.3 0.9 2.9
2007.9014 -1.00808 -8.66304 -5.5 1.3 0.9 2.8
2007.9041 2.5832 -3.55407 -23.9 1.3 0.9 2.8
2007.9068 -9.0727 6.886 -30.5 1.3 0.9 2.8
2007.9096 -10.8368 -6.55281 -10.9 1.4 0.9 2.9
2007.9123 -32.5105 -1.33277 -46.1 1.3 0.9 2.8
2007.9151 -0.315025 -5.22003 -31 1.3 0.9 2.8
2007.9178 -4.28433 -8.21878 -24.6 1.3 0.9 2.8
2007.9205 -5.92246 -7.2192 -1.5 1.3 0.9 2.8
2007.9233 -7.93862 -9.99581 -20.3 1.3 0.9 2.9
2007.9260 -5.22941 -8.99623 -11.9 1.3 0.9 2.8
2007.9288 -6.99354 -1.99916 -28.9 1.3 0.9 2.8
2007.9315 -7.56059 -2.22129 -34.2 1.3 0.9 2.8
2007.9342 12.538 -22.324 -2.2 1.3 0.9 2.8
2007.9370 -5.1034 -1.99916 -1.2 1.3 0.9 2.7
2007.9425 -4.97739 -1.8881 -4.1 1.3 0.9 2.8
2007.9452 1.89015 -4.9979 -8.3 1.3 0.9 2.8
2007.9479 -1.3231 -4.44258 -24 1.3 0.9 2.8
2007.9507 -5.92246 -2.55449 -14.2 1.3 0.9 2.8
2007.9534 -7.43458 -5.3311 -7.4 1.3 0.9 2.7
2007.9562 -8.37965 -0.999581 -5.4 1.3 0.9 2.8
2007.9589 -6.86753 -5.44216 1.1 1.3 0.9 2.8
2007.9616 -4.97739 -2.44342 -2.9 1.3 0.9 2.8
2007.9644 -9.38773 -6.21962 -10.4 1.3 0.9 2.8
2007.9671 -7.93862 -6.10855 -11 1.3 0.9 2.8
2007.9699 -7.7496 -3.10981 -12.2 1.3 0.9 2.7
2007.9726 -20.6026 -7.33026 -14.7 1.3 0.9 2.8
2007.9753 -5.04039 -7.77452 -9.9 1.3 0.9 2.8
2007.9781 -5.98546 -2.99874 2.3 1.3 0.9 2.7
2007.9808 -5.92246 -5.3311 0.6 1.3 0.9 2.7
2007.9836 -3.78029 -4.88684 -5.8 1.3 0.9 2.8
2007.9890 -5.60743 -10.1069 0 1.4 0.9 2.9
2007.9918 -8.63167 -8.99623 -4.4 1.3 0.9 2.8
2007.9945 -9.82876 -6.77494 3.7 1.3 0.9 2.8
2008.1014 -16.1292 -4.9979 -3 2.5 1.7 5.1
2008.1096 -13.6091 -8.10771 -6.3 1.7 1.1 3.1
2008.1151 -15.4992 -8.55197 -4.2 5.0 2.5 6.2
2008.1205 1.82714 -7.88558 -21.8 2.2 1.4 4.1
2008.1288 303.432 -98.4032 -274.9 4.6 3.3 8.5
2008.1315 -14.9322 5.22003 -40.7 2.8 2.7 6.4
2008.1562 -1.70113 -10.9954 2.1 2.1 1.1 3.5
2008.1589 -7.8126 -14.3273 0 2.7 2.4 6.5
2008.1616 0.189014 -1.66597 10.9 2.6 2.0 5.3
2008.1644 5.73344 -10.4401 -14.2 3.8 2.7 6.9
2008.1671 -7.24556 -10.1069 -0.4 2.4 1.9 5.0
2008.1699 -13.7351 -8.32984 -25.5 2.9 1.6 4.9
2008.1726 -0.819064 -16.6597 -11.1 2.9 2.2 5.6
2008.1781 -13.6721 -10.7733 7 2.7 1.8 5.3
2008.1808 -8.12763 -6.55281 -36.5 5.2 1.9 6.0
2008.1836 -12.0339 -6.55281 -14.2 5.0 1.7 5.4
2008.2000 -6.30049 -7.33026 -16.6 5.0 1.8 5.4
2008.2055 -5.85945 -4.9979 -40.7 3.3 2.6 6.4
2008.2219 -4.59936 -12.4392 15.7 3.3 2.5 6.6
