2007.7342 0 0 0 1.5 0.9 2.8
2007.7370 -2.46147 -2.55449 14.9 1.5 0.9 2.7
2007.7397 5.23852 1.99917 12.4 1.5 0.9 2.8
2007.7425 8.5836 -2.2213 18 1.5 0.9 2.8
2007.7452 -16.4098 -5.77538 2.2 1.5 0.9 2.7
2007.7479 13.191 6.44177 3.7 1.5 0.9 2.7
2007.7507 0.568032 1.66597 3.4 1.5 0.9 2.8
2007.7534 7.82622 2.33236 8.6 1.5 0.9 2.9
2007.7562 -11.8025 -2.77662 3.7 1.5 0.9 2.8
2007.7589 6.75327 1.11065 4.3 1.5 0.9 3.0
2007.7616 1.38852 -5.10899 1.4 1.5 0.9 2.7
2007.7644 -16.3467 -6.21964 32.9 1.5 0.9 2.7
2007.7671 -13.8852 5.66431 -1.3 1.5 0.9 2.7
2007.7699 -7.88934 -0.66639 16.9 1.6 0.9 3.0
2007.7726 11.0451 -0.111065 16 1.9 1.1 3.5
