2023.1096 0 0 0 1.5 1.1 3.3
2023.1123 -0.642769 -1.88753 -2.9 1.3 0.9 2.8
2023.1151 2.57108 -1.7765 9.8 1.4 1.0 2.9
2023.1178 2.35682 -0.999282 1.3 1.3 0.9 2.8
2023.1205 1.92831 -0.111031 -4.8 1.3 1.0 2.8
2023.1233 7.07047 -1.99856 -4.8 1.3 1.0 2.9
2023.1260 5.89206 -0.111031 1.5 1.9 1.3 3.5
2023.1288 4.07088 1.22135 -13.4 1.6 1.1 3.2
2023.1315 2.35682 0.111032 -7 1.3 0.9 2.8
2023.1342 2.99959 -0.444126 -16.8 1.3 0.9 2.7
2023.1370 0.696334 -1.44341 -13.2 1.3 0.9 2.8
2023.1397 3.64236 -0.888251 -2.2 1.3 0.9 2.7
2023.1425 6.05275 -2.22063 -6.4 1.5 1.1 3.0
2023.1452 4.178 -0.666188 -3.5 1.3 0.9 2.8
2023.1479 1.55336 -6.32879 1.7 1.3 0.9 2.8
2023.1507 4.71365 -1.55444 -8.2 1.3 0.9 2.7
2023.1534 0.749898 -3.33094 3.4 1.4 1.0 3.0
2023.1562 6.05275 -2.22063 4.5 1.3 1.0 2.9
2023.1589 -2.78534 -7.66117 8.6 3.0 1.7 4.4
2023.1616 4.98147 -3.33094 -0.5 1.4 1.0 2.9
2023.1644 8.35601 -1.66547 -0.5 1.3 0.9 2.8
2023.1671 5.62424 -1.44341 -4.1 1.3 1.0 2.9
2023.1699 -0.589206 -2.66475 -0.2 1.5 1.0 2.9
2023.1726 6.32057 -1.66547 -7.5 1.3 1.0 2.8
2023.1753 1.76762 -0.444126 -1.3 1.8 1.1 3.1
2023.1781 4.71365 -0.888251 -8.7 1.3 0.9 2.8
2023.1808 4.178 -1.44341 -8.9 1.4 0.9 2.9
2023.1836 2.57108 -1.55444 -0.8 1.3 0.9 2.8
2023.1863 5.46354 -2.1096 -4.8 1.7 1.1 3.2
2023.1890 5.51711 -0.444126 -4.7 1.4 1.0 3.0
2023.1918 0.321386 -4.66332 5.9 1.3 0.9 2.8
2023.1945 3.80306 -2.66475 -0.2 1.5 1.0 2.9
2023.1973 3.74949 -2.99785 6.9 1.3 0.9 2.8
2023.2000 3.69593 -3.10888 3.3 1.9 1.1 3.3
2023.2027 2.51752 -0.777219 1.4 1.6 1.1 3.3
2023.2055 0.964155 -4.44125 6.7 1.3 0.9 2.8
2023.2082 6.10632 -3.33094 5.7 1.4 1.0 2.8
2023.2110 3.37454 -2.88682 7 1.3 0.9 2.8
2023.2137 1.23198 -4.77435 8.3 1.3 0.9 2.8
2023.2164 4.44583 -2.55372 -1.5 1.3 0.9 2.8
2023.2192 3.5888 -3.99713 5.9 1.3 1.0 2.9
2023.2219 1.39267 -3.33094 9.3 1.3 0.9 2.8
2023.2247 3.42811 -4.55229 -2.1 1.9 1.1 3.2
2023.2274 0.749898 -2.44269 -3.1 1.7 1.3 3.6
2023.2301 6.58839 -0.999282 -2.4 1.5 1.0 2.9
2023.2329 3.96375 -1.44341 0.3 1.2 0.9 2.9
2023.2356 3.91018 -2.55372 1.2 1.2 0.9 2.8
2023.2384 0.267821 -2.77578 3.3 1.3 1.0 2.8
2023.2411 0.321386 -1.7765 -2 1.4 1.0 2.9
2023.2438 -0.749898 -0.333094 1.4 1.8 1.2 3.3
2023.2466 3.26741 -2.44269 2.3 1.4 1.0 2.9
2023.2493 -5.46354 -3.33094 9.6 1.4 1.0 2.9
2023.2521 1.33911 -2.22063 -2.4 1.3 1.0 2.9
2023.2548 0.482078 -1.99856 -0.2 1.4 1.0 3.0
2023.2575 1.4998 -1.88753 3.5 1.3 1.0 2.9
2023.2603 0.642771 -4.77435 1.2 1.3 0.9 2.8
2023.2630 0.160692 -3.8861 7.6 1.3 1.0 2.9
2023.2658 0.107129 -2.1096 5.9 1.3 1.0 2.8
2023.2685 0.803463 -4.55229 3.4 1.2 0.9 2.8
2023.2712 -1.92831 -2.77578 -0.2 1.3 0.9 2.8
2023.2740 -1.07128 -2.55372 -10.4 1.5 1.0 2.9
2023.2767 -0.803462 -4.33022 2.7 1.3 1.0 2.8
2023.2795 -0.696334 -3.77507 -2.7 1.2 1.0 2.8
2023.2822 0.267821 -2.55372 1.9 1.3 1.0 2.9
2023.2849 -1.55336 -3.33094 4.6 1.4 1.0 3.0
2023.2877 -3.91018 -1.88753 6.5 1.5 1.0 3.0
2023.2904 1.4998 -3.33094 2.7 1.3 1.0 2.9
2023.2932 -1.28554 -3.77507 -0.6 1.3 0.9 2.8
2023.2959 -0.749898 -2.77578 1 1.2 0.9 2.8
2023.2986 -5.30285 -4.66332 -1.4 1.4 1.0 2.9
2023.3014 0 -3.553 -0.7 1.2 0.9 2.7
2023.3041 -1.71405 -4.33022 1.4 1.3 0.9 2.8
2023.3068 1.07128 -6.21776 -1 1.2 0.9 2.8
2023.3096 -5.08859 -4.33022 0.2 1.8 1.1 3.1
2023.3123 -2.24969 -4.33022 2.5 1.6 1.2 3.5
2023.3151 -0.91059 -3.10888 1.4 1.2 0.9 2.7
2023.3178 -1.92831 -3.99713 6 1.2 0.9 2.7
2023.3205 -2.51751 -5.88466 8.9 1.4 1.0 2.9
2023.3233 0.428513 -5.99569 7.3 1.3 0.9 2.8
2023.3260 -0.91059 -6.55085 8.4 1.4 1.0 2.8
2023.3288 8.99878 -2.66475 7.6 1.2 0.9 2.8
2023.3315 -1.12485 0.999283 14.3 1.2 0.9 2.7
2023.3342 -0.749898 -5.55157 4.5 1.2 0.9 2.7
2023.3370 0.107129 -6.88395 0.4 1.2 1.0 2.8
2023.3397 0.267821 -5.77363 -3.1 1.2 0.9 2.8
2023.3425 -1.23197 -5.44054 0.7 1.2 0.9 2.8
2023.3452 -2.14257 -6.43982 6.1 1.5 1.1 3.2
2023.3479 -2.089 -5.44054 0.3 1.2 1.0 2.8
2023.3507 -1.87475 -4.10816 1.4 1.2 0.9 2.8
2023.3534 -0.160692 -7.4391 -9.6 1.2 0.9 2.8
2023.3562 -0.91059 -5.44054 12 1.3 1.0 2.9
2023.3589 -1.23197 -4.33022 9.8 1.2 0.9 2.8
2023.3616 -3.74949 -5.21847 4.3 1.2 1.0 2.9
2023.3644 4.23157 -4.33022 10.1 1.2 0.9 2.8
2023.3671 -4.12444 -2.66475 3.2 1.2 0.9 2.8
2023.3699 -3.05316 -4.33022 3.6 1.2 0.9 2.8
2023.3726 -2.24969 -3.66404 -2.5 1.2 0.9 2.8
2023.3753 -4.82077 -5.77363 -2.9 1.2 1.0 2.9
2023.3781 -1.55336 -3.99713 -4.4 1.2 1.0 2.9
2023.3808 -0.535641 -6.10673 4.9 1.3 1.0 2.8
2023.3836 1.39267 -6.10673 2.3 1.5 1.2 3.2
