2008.6822 0 0 0 2.9 2.4 8.9
2008.6849 6.05909 4.10696 4.1 2.5 2.2 8.1
2008.6877 -10.7623 -0.221997 -2.6 2.9 2.3 8.7
2008.6904 7.79631 -6.54894 -53.3 4.9 6.4 23.7
2008.7534 1.61011 3.88496 -12.1 2.6 2.2 8.2
2008.7562 -9.49116 10.9889 9.1 3.6 2.6 9.6
2008.7589 -21.3551 4.88396 -45.8 4.9 3.9 18.3
2008.8192 8.34714 14.0969 -36.8 4.8 3.3 13.2
2008.8219 -8.64373 9.21292 1 2.4 2.2 8.6
2008.8247 9.2793 -0.110999 4 1.8 1.1 4.4
2008.8274 13.0927 5.99395 27.3 1.5 1.0 3.4
2008.8301 14.491 3.44097 5.9 2.3 1.6 5.0
2008.8904 5.97435 7.76993 3.3 2.2 2.4 5.9
2008.8932 1.90671 1.10999 22.6 1.2 0.9 2.9
2008.8959 1.18639 -0.665993 29.9 1.4 1.0 3.6
2008.9562 2.58465 0.776993 27.4 1.6 1.2 3.9
2008.9589 4.19475 4.99496 32 1.3 0.9 3.0
2008.9616 -1.90671 3.44097 12.3 2.3 1.3 6.0
2009.0164 -0.67794 -7.10394 37.7 3.6 2.4 7.2
2009.0192 2.24568 -1.66498 25.9 1.2 0.9 3.0
2009.0219 9.02508 -2.88597 30.2 1.5 1.1 3.9
2009.0849 6.52517 -0.332997 16 1.8 1.3 3.8
2009.1425 -12.0758 0.221999 23.6 2.1 1.6 4.7
2009.1452 -5.50826 -3.88496 37 1.2 0.9 2.9
2009.1479 -9.19456 -4.88396 21.8 1.7 1.2 4.9
2009.2055 -3.05073 4.32896 30.5 1.3 0.9 3.1
2009.2082 -6.60991 7.88093 24.4 1.4 1.0 3.3
2009.2658 -2.88125 -2.44198 21.3 1.5 1.2 3.5
2009.2685 2.24568 2.21998 18.3 1.1 0.9 2.8
2009.2712 3.47444 0.665995 19.4 3.1 1.9 8.7
2009.3260 -6.22857 0.332997 28.5 1.9 1.3 3.8
2009.3288 -8.26239 3.44097 30.7 1.1 0.9 2.8
2009.3315 -10.8047 2.44198 30.2 2.2 1.4 6.2
2009.3863 -12.1605 5.88295 39.6 1.5 1.1 3.6
2009.3973 -10.9318 1.55399 50.2 2.1 1.6 4.9
2009.4000 -9.95724 2.77498 32.6 1.1 0.9 2.9
2009.4027 -7.79631 5.10595 21.7 1.5 1.2 4.9
2009.4575 -10.2538 5.77195 33.9 1.6 1.1 3.6
2009.4603 -9.61827 9.10192 21.3 1.1 0.9 2.8
2009.4630 -15.8045 8.21393 10 2.2 1.6 7.3
2009.5178 -9.40642 5.54995 32.6 1.4 1.2 3.2
2009.5205 -12.6266 5.10595 14.9 1.2 1.0 3.2
2009.5753 -10.5081 4.43996 46.1 1.9 1.2 4.2
2009.5781 -14.7452 5.66095 42.9 1.2 0.9 2.9
2009.5808 -9.49116 13.6529 17.6 1.8 1.3 6.0
2009.6356 -11.8216 11.4329 27.3 1.3 0.9 3.0
2009.6384 -16.8638 11.6549 32.5 1.4 1.1 3.7
2009.6932 -14.6605 5.66095 34.2 1.2 0.9 2.9
2009.6959 -13.0503 8.87992 22.4 1.4 1.1 3.4
2009.7507 -15.8468 9.21292 37.8 1.3 0.9 2.9
2009.7534 -17.0332 6.65994 25.1 1.4 1.0 3.4
2009.8082 -17.3722 9.76791 34.1 1.7 1.2 3.3
2009.8110 -15.635 5.43895 20.3 1.7 1.2 4.4
2009.8630 -21.7365 9.76791 28.2 1.5 1.2 3.9
2009.8658 -15.8045 8.99092 33.1 1.1 0.9 2.9
2009.8685 -16.44 6.99294 1.8 2.8 1.7 8.1
2009.9205 -11.4826 9.32392 22.9 1.1 0.9 2.8
2009.9233 -11.3555 8.76892 22.3 1.4 1.0 3.7
2009.9753 -22.1178 11.8769 32.4 1.3 1.1 3.3
2009.9781 -22.1178 9.65691 32.6 1.3 0.9 3.0
2010.0301 -26.0583 11.7659 28.4 2.3 1.8 4.7
2010.0329 -19.1518 9.32392 30.4 1.2 1.0 3.0
2010.0356 -8.22002 14.8739 15.2 5.7 2.8 11.8
2010.0849 -15.2113 14.3189 40.9 2.7 2.2 5.3
2010.0877 -24.2364 10.9889 30 2.1 1.5 3.5
2010.0904 -9.15219 7.99193 35 4.7 2.7 10.9
2010.1397 -16.3977 10.3229 11.6 1.7 1.3 3.9
2010.1425 -16.9909 13.0979 13 1.2 0.9 2.8
2010.1452 -22.6686 14.4299 -3.3 4.2 2.5 12.3
2010.1945 -9.99961 20.9788 26.2 2.3 1.6 4.1
2010.1973 -14.3639 20.9788 30.3 1.3 1.0 3.3
2010.2493 -22.0754 8.54692 26.8 1.6 1.3 3.4
2010.2521 -28.0921 10.7669 30.3 2.1 1.5 4.7
2010.2548 -24.4906 13.2089 10.8 1.7 1.3 4.1
2010.2575 -20.4653 9.65691 37.4 1.6 1.2 3.6
2010.3096 -28.1769 13.2089 36.4 1.3 1.0 3.1
2010.3123 -26.7363 14.7629 40 1.7 1.3 5.0
2010.3452 -29.6175 15.6509 27.8 2.6 1.5 4.5
2010.3479 -28.7277 11.3219 44.7 1.6 1.3 3.7
2010.3644 -26.5244 12.4319 25.9 1.4 1.1 3.4
2010.3671 -27.3718 14.4299 24 1.2 1.0 3.3
2010.4164 -27.7108 13.0979 43.7 4.7 2.6 7.0
2010.4192 -28.9819 11.6549 28.7 1.3 1.0 3.0
2010.4219 -19.0671 13.7639 27.6 2.9 1.9 7.5
2010.4712 -28.8972 14.6519 26.4 1.3 1.0 3.0
2010.4740 -18.601 12.2099 29.6 1.3 1.1 3.7
2010.5233 -25.338 13.4309 39 1.6 1.1 3.9
2010.5260 -28.1345 17.6488 32.7 1.2 0.9 2.9
2010.5288 -17.8383 17.7598 -30.1 3.2 2.8 12.3
2010.5753 -30.4649 16.2059 77.7 2.9 1.8 6.3
2010.5781 -27.2871 18.5368 42.3 1.6 1.1 3.4
2010.5808 -28.304 17.6488 33.6 2.0 1.5 6.9
2010.6301 -30.0412 16.5389 24.9 1.4 1.0 2.9
2010.6329 -29.9141 17.7598 35.6 1.5 1.1 4.2
2010.6822 -31.609 18.2038 22.1 1.8 1.2 3.5
2010.6849 -33.4733 16.3169 21.9 2.0 1.3 4.1
2010.7342 -28.3464 15.6509 28.4 1.3 0.9 3.0
2010.7370 -32.3293 18.5368 37.3 1.7 1.3 3.9
2010.7479 -26.7786 18.6478 32.2 2.3 1.7 5.4
2010.7507 -29.3209 22.7548 39.8 1.3 0.9 3.0
2010.7534 -36.4393 20.6458 13.5 2.3 1.5 7.2
2010.8000 -26.8634 20.9788 35.5 2.8 1.6 5.3
2010.8027 -27.3295 20.8678 36.7 1.4 1.0 3.1
2010.8055 -33.3885 19.3138 -7.4 3.1 1.9 9.3
2010.8521 -34.4055 18.0928 50.7 1.5 1.2 3.7
2010.8548 -33.2614 19.2028 39.7 1.4 1.0 3.0
2010.8959 -33.7275 19.4248 32.9 4.3 3.4 7.6
2010.8986 -36.6088 18.5368 43 1.6 1.1 3.1
2010.9014 -33.2191 18.7588 10.7 2.1 1.3 5.4
2010.9479 -42.5831 17.4268 35.5 2.0 1.5 4.2
2010.9507 -36.1003 16.2059 39.6 1.5 1.1 3.3
2011.0000 -40.4222 17.5378 45.2 1.6 1.3 3.4
2011.0027 -46.7355 19.0918 31.3 2.3 1.6 5.4
2011.0164 -23.6432 6.21594 31.4 3.5 3.2 7.0
2011.0192 -40.8883 17.8708 27.2 1.7 1.3 3.4
2011.0219 -52.0743 19.6468 42.5 3.2 2.1 6.8
2011.0301 -35.4647 20.8678 41.3 2.2 1.7 4.7
2011.0329 -39.5747 17.6488 32.7 1.6 1.2 3.5
2011.0795 -42.9221 18.9808 45.1 2.3 1.7 5.3
2011.0822 -39.0663 19.7578 34.5 1.1 0.9 2.8
2011.0849 -40.3374 16.9828 27.3 2.5 1.5 7.1
2011.1315 -43.4305 21.6448 40.7 1.2 0.9 2.9
2011.1342 -35.6342 25.3078 31 2.6 2.0 5.7
2011.1808 -51.3116 21.5338 43.4 1.7 1.3 3.8
2011.1836 -46.3965 20.9788 20.4 2.1 1.5 4.5
2011.2301 -41.9475 18.0928 33.3 1.5 1.1 3.6
2011.2329 -44.8712 17.2048 47.7 1.3 0.9 3.3
2011.2795 -39.5324 14.8739 29.6 2.7 2.0 4.6
2011.2822 -40.2103 21.2008 33.2 2.0 1.2 4.2
2011.3288 -45.9728 23.6428 24.8 3.0 1.9 5.1
2011.3315 -43.8966 13.2089 49.7 1.9 1.4 4.7
2011.3781 -53.4301 24.0868 38.7 1.4 1.2 3.3
2011.3808 -45.5067 23.0878 38.3 1.4 1.1 3.8
2011.4274 -48.8541 24.7528 34.9 2.3 1.4 3.8
2011.4301 -38.6002 25.9738 33.7 1.7 1.2 4.7
2011.4767 -47.3287 27.0838 23.4 1.6 1.5 4.0
2011.4795 -42.2018 23.6428 32.4 2.1 1.5 5.9
2011.5233 -54.4047 29.4147 50.2 4.2 3.5 7.7
2011.5260 -50.8879 22.0888 40.8 1.8 1.4 3.7
2011.5288 -51.0574 18.3148 4.2 3.0 2.1 9.8
2011.5726 -49.2354 27.1948 44.6 1.9 1.4 4.4
2011.5753 -52.2437 24.4198 46.1 1.2 0.9 3.0
2011.5781 -45.2525 18.2038 -10.4 3.6 2.9 14.4
2011.6247 -44.3203 25.5298 36.9 1.6 1.2 3.7
2011.6712 -51.8624 22.8658 38.4 1.4 1.1 3.4
2011.6740 -52.5827 22.8658 52.6 2.2 1.4 4.7
2012.4521 -62.5823 29.1927 8.5 1.8 1.5 5.1
2012.4630 -72.7091 31.0797 30.2 3.2 2.0 5.5
2012.4767 -72.7514 39.4046 60.2 3.7 2.4 7.9
2012.4877 -58.3028 28.4157 49.4 2.2 1.5 5.1
2012.4986 -54.4047 21.8668 42.4 6.9 3.4 8.8
2012.5123 -68.7685 26.0848 15.5 2.0 1.4 4.9
2012.5233 -74.87 31.9677 49.8 5.0 3.7 8.0
2012.5370 -71.3108 28.3047 62.1 1.9 1.4 5.0
2012.5479 -74.4039 34.8537 31.2 2.8 1.8 5.2
2012.5616 -67.8787 28.8597 41.9 2.0 1.6 5.6
2012.5726 -66.2263 27.0838 36.2 2.0 1.3 4.6
2012.5863 -75.0819 34.1877 30.7 2.6 2.2 6.4
2012.5973 -64.2348 29.8587 31.3 1.9 1.4 4.7
2012.6082 -62.54 23.1988 31.9 2.4 1.8 5.7
2012.6110 -60.6333 28.5267 32.3 2.4 1.7 5.7
2012.6137 -68.9804 29.4147 41.1 1.4 1.0 3.1
2012.6164 -57.2012 29.5257 20.9 5.2 2.9 14.3
2012.6575 -67.7516 33.5217 32.7 3.4 2.2 6.2
2012.6603 -66.0991 35.1867 48.7 1.4 1.0 3.2
2012.7041 -67.4127 34.2987 21.8 2.6 1.7 4.7
2012.7068 -68.7685 32.8557 46.2 1.5 1.0 3.1
2012.7781 -68.5143 49.0616 29.9 3.9 3.4 8.0
2012.7808 -70.5481 35.9637 48.2 1.5 1.1 3.1
2012.8247 -79.4461 43.6226 44.1 2.1 1.4 3.8
2012.8274 -77.7089 33.0777 31.9 1.5 1.1 3.4
2012.8712 -64.1924 35.2977 68.5 3.4 1.7 4.7
2012.8740 -62.2857 37.2957 36.9 4.8 2.9 9.9
2012.9151 -74.4463 32.7447 49.3 2.6 2.1 5.6
2012.9178 -72.1159 29.0817 35.7 1.2 0.9 2.9
2012.9205 -69.4888 31.0797 -13.6 3.8 2.5 12.5
2012.9781 -71.904 40.4036 33.9 1.2 0.9 3.0
2013.0192 -77.9207 35.2977 42 1.3 1.0 3.2
2013.0219 -69.277 30.4137 30.1 1.5 1.1 4.1
2013.0630 -79.4037 30.6357 49.4 2.2 1.5 4.7
2013.0658 -74.87 35.2977 53.7 1.2 0.9 3.1
2013.1096 -75.1666 33.8547 54.5 1.2 0.9 3.0
2013.1123 -77.1157 33.5217 41 2.2 1.4 5.6
2013.1534 -80.8443 33.2997 67.2 1.7 1.3 3.9
2013.1562 -76.014 33.2997 55.7 1.3 1.1 3.3
2013.2000 -75.3361 33.2997 59.8 1.5 1.0 3.1
2013.2027 -70.8447 39.7376 55.3 5.0 3.2 11.0
2013.2438 -77.5394 37.6287 50.5 1.7 1.3 3.7
2013.2466 -72.7938 35.0757 38.3 1.6 1.1 4.2
2013.2877 -84.4883 36.9627 48.6 1.8 1.4 4.2
2013.2904 -83.768 39.0716 48.7 1.2 1.1 3.3
2013.3342 -77.2428 35.9637 38.1 1.6 1.2 3.4
2013.3370 -65.3788 35.0757 33.6 2.6 1.9 8.7
2013.3781 -85.8865 34.6317 46.9 1.7 1.2 3.7
2013.3808 -87.539 34.2987 44.4 2.2 1.5 5.2
2013.3918 -84.573 32.7447 57.1 1.9 1.2 3.5
2013.3945 -74.0226 38.9606 34.6 2.9 2.4 9.3
2013.4356 -85.4204 35.8527 49.1 1.5 1.1 3.4
2013.4384 -82.7934 37.7397 45.4 1.6 1.2 4.4
2013.4795 -95.2082 42.7346 48.2 5.5 2.7 8.3
2013.4822 -82.9205 35.7417 37.8 1.4 1.1 3.3
2013.5178 -86.1831 38.0727 48.4 4.5 2.7 6.1
2013.5205 -86.6068 41.1806 42.5 1.3 1.0 3.1
2013.5644 -80.7596 37.9617 39.3 1.5 1.2 3.7
2013.5671 -89.9118 41.1806 27.8 2.4 1.5 5.5
2013.5808 -106.987 35.0757 15.7 4.0 2.9 7.6
2013.5836 -81.5223 37.5177 44.3 1.5 1.0 3.1
2013.5863 -84.1069 32.8557 29.3 3.6 2.6 11.3
2013.6274 -90.0389 41.0696 47.4 1.6 1.1 3.3
2013.6301 -94.276 41.5136 59 2.0 1.3 5.0
2013.6712 -88.4288 34.9647 53 2.7 1.8 5.2
2013.6740 -89.2338 41.5136 40.9 1.7 1.0 3.4
2013.7178 -90.6321 38.6277 51.4 2.6 1.3 3.9
2013.7205 -95.0811 38.2947 33.8 2.8 1.5 7.2
2013.7616 -89.4881 39.9596 46.7 1.5 1.0 3.4
2013.7644 -92.4964 40.4036 43.9 1.5 1.0 3.7
2013.8055 -100.039 45.5096 31.5 2.1 1.8 4.9
2013.8082 -86.5645 42.0686 53.6 2.1 1.1 3.4
2013.8548 -89.7423 41.4026 55.2 1.4 1.0 3.2
2013.8904 -95.5895 44.0666 -6.2 2.2 1.8 6.6
2013.8932 -82.8782 39.5156 -18.7 3.9 2.6 11.7
2013.9315 -98.6403 38.7387 17.7 2.4 1.9 6.6
2013.9342 -74.7429 45.1766 17.6 3.7 2.4 10.8
2013.9753 -90.505 49.6166 -14.3 2.4 2.0 7.3
2013.9781 -93.9371 45.6206 39.9 2.3 1.8 7.3
2014.0192 -88.4712 50.2825 51.9 4.0 3.7 10.6
2014.0219 -79.0647 38.2947 -14.4 2.6 2.0 7.7
2014.0658 -90.5474 37.2957 9.4 2.3 2.0 6.9
2014.1096 -93.5133 41.2916 10.3 3.9 2.7 9.0
2014.1534 -89.1915 36.0747 28 2.2 2.0 6.8
2014.1973 -90.6321 55.4995 -11.7 3.8 2.7 8.3
2014.2000 -110.419 43.9556 44.7 4.8 3.0 11.3
2014.2411 -99.4453 46.6196 44.2 2.6 2.1 7.6
2014.2438 -95.5472 52.5025 15.2 3.5 2.4 9.6
2014.2849 -100.971 48.2846 34.2 2.4 2.2 7.7
2014.2877 -96.5217 47.6186 15.3 2.9 2.3 8.8
2014.3288 -108.301 44.5106 25 3.0 2.4 8.2
2014.3315 -97.8352 45.2876 -5.5 2.8 2.3 9.3
2014.3507 -105.208 45.5096 47.8 1.8 1.4 3.9
2014.3534 -103.259 43.0676 50.5 1.8 1.3 5.2
2014.3945 -101.098 44.7326 62.8 1.3 1.0 3.0
2014.3973 -99.869 44.9546 20.8 2.6 1.6 7.6
2014.4466 -103.132 46.2866 51.2 1.2 0.9 3.1
2014.6329 -110.462 46.5086 77.8 1.5 1.0 3.1
2014.6356 -108.513 44.1776 21.9 3.3 2.0 9.8
2014.6740 -103.471 44.5106 52.9 2.4 1.5 4.3
2014.6767 -106.309 45.0656 59.1 1.6 1.1 3.5
2014.7178 -103.089 48.8396 67.1 2.2 1.3 3.7
2014.7205 -106.013 49.1726 43.1 1.9 1.2 5.0
2014.7616 -113.47 53.0575 55 1.7 1.1 3.2
2014.7644 -97.5386 47.9516 48.1 3.9 1.9 12.0
2014.8027 -121.944 60.8275 45.2 4.1 3.7 7.3
2014.8055 -111.013 46.6196 57.5 2.1 1.5 4.5
2014.8466 -120.334 43.6226 51.3 2.8 2.0 4.5
2014.8493 -108.513 47.5076 40.3 2.1 1.5 5.4
2014.8877 -118.894 41.0696 52.6 3.9 4.4 8.1
2014.8904 -102.835 46.9526 49.5 2.7 1.7 4.6
2014.9315 -118.004 54.5005 61.4 2.5 2.0 4.1
2014.9342 -107.115 47.2856 66.6 5.7 4.2 10.2
2014.9726 -95.8861 50.8375 55.3 8.0 3.7 11.0
2014.9753 -110.674 54.1675 61 2.9 2.0 4.8
2015.0164 -116.521 45.6206 62.6 2.4 1.5 4.0
2015.0192 -123.851 51.9475 57.9 4.2 2.4 6.9
2015.0575 -113.131 53.9455 59.3 2.7 1.9 5.3
2015.0603 -116.902 51.5035 68.4 2.7 1.7 5.0
2015.1014 -114.148 47.9516 66.7 1.7 1.1 3.3
2015.1041 -107.369 51.8365 17.1 8.1 3.9 16.9
2015.1425 -115.97 54.8335 74 1.8 1.2 3.7
2015.1452 -118.682 51.2815 50.7 2.7 1.8 6.1
2015.1836 -122.156 42.7346 90.3 5.0 2.9 6.7
2015.1863 -114.063 52.8355 49.7 1.5 1.2 4.0
2015.2274 -117.792 49.0616 65.5 1.7 1.2 3.6
2015.2301 -104.191 50.8375 35.4 5.5 3.9 15.2
2015.2685 -118.724 53.7235 44.9 1.5 1.1 3.4
2015.2712 -119.233 48.8396 46.7 2.9 2.0 6.0
2015.3096 -119.572 49.0616 67.3 1.7 1.2 3.8
2015.3123 -124.317 43.4006 52.2 1.5 1.1 3.9
2015.3507 -131.563 55.6105 85.3 3.9 2.3 6.5
2015.3534 -114.148 53.0575 52.7 1.2 1.0 3.0
2015.3562 -131.563 72.3713 24.1 7.4 7.1 25.6
2015.3945 -119.868 55.0555 56.7 1.2 1.0 2.9
2015.3973 -118.978 51.1705 55.6 1.9 1.5 6.3
2015.4356 -122.326 52.6135 63.5 3.6 2.4 6.0
2015.4384 -119.529 47.0636 52.7 1.6 1.3 4.3
2015.4767 -144.783 59.0515 56.2 4.4 2.1 6.5
2015.4795 -125.461 49.8386 59.3 2.3 1.4 4.1
2015.5205 -123.766 54.1675 64.9 1.3 1.0 3.0
2015.5233 -119.402 47.5076 31.9 2.5 1.8 7.2
2015.5616 -122.326 57.7195 50.3 2.2 1.3 3.9
2015.5644 -123.555 49.2836 56.3 1.8 1.2 4.5
2015.6027 -104.064 47.2856 64.5 4.3 3.3 7.0
2015.6055 -120.504 55.7215 71.5 1.6 1.2 3.4
2015.6082 -130.546 56.8315 -27.5 6.6 4.7 24.0
2015.6466 -118.216 56.2765 50.1 1.7 1.2 3.4
2015.6493 -129.275 57.7195 27.5 2.7 1.6 6.5
2015.6877 -124.953 59.2735 52.3 2.3 1.5 4.4
2015.6904 -135.207 61.9374 63.6 2.4 1.8 5.0
2015.7315 -126.775 53.5015 60.3 1.4 1.1 3.1
2015.7342 -114.784 55.4995 18.6 4.5 3.4 14.5
2015.7726 -126.054 62.0484 44.7 2.4 1.8 4.5
2015.7753 -116.987 57.1645 38.5 2.5 1.5 6.0
2015.8137 -123.3 57.3865 45.9 2.1 1.6 4.6
2015.8164 -129.02 54.0565 51.6 1.7 1.2 3.9
2015.8548 -120.885 52.1695 68.5 3.9 3.1 7.1
2015.8575 -141.986 56.6095 47.2 3.5 2.3 5.8
2015.8986 -131.775 57.9415 59.1 1.1 0.9 2.8
2015.9014 -129.953 54.5005 36.8 3.5 2.4 10.8
2015.9041 -135.291 60.0505 46.7 3.5 3.7 7.1
2015.9068 -131.266 56.2765 57.1 1.4 1.1 3.2
2015.9452 -106.945 64.0464 27.8 5.8 3.5 8.9
2015.9479 -126.563 56.7205 56.3 2.0 1.6 3.7
2015.9507 -107.92 44.9546 8.5 12.3 6.1 29.6
2015.9890 -123.766 63.3804 51.8 1.6 1.3 3.5
2015.9918 -129.656 59.3845 42.3 3.8 2.4 11.9
2016.0301 -131.351 62.9364 54 1.6 1.3 3.7
2016.0329 -121.775 60.9385 -10.9 3.9 2.4 10.9
2016.0712 -128.215 62.9364 62.8 1.1 0.9 2.8
2016.0740 -138.173 64.6014 48.1 2.9 1.9 7.4
2016.1123 -131.944 58.4965 54.4 1.3 1.0 3.0
2016.1151 -127.58 68.1534 73.4 4.2 3.1 10.8
2016.1534 -130.927 55.9435 67 1.6 1.1 3.3
2016.1562 -137.41 53.5015 56.3 2.5 1.7 7.4
2016.1945 -133.893 58.4965 66 1.6 1.3 3.6
2016.1973 -133.724 54.1675 44.4 2.3 1.8 6.8
2016.2356 -138.808 59.0515 59.1 1.2 1.0 2.9
2016.2384 -135.757 56.8315 50.9 3.2 2.1 7.5
2016.2767 -131.647 57.7195 44.1 1.2 0.9 2.9
2016.2795 -129.02 58.3855 26.8 2.1 1.5 6.2
2016.3178 -138.13 60.6055 52.3 1.2 1.0 2.9
2016.3205 -135.037 62.1594 53.3 1.8 1.6 5.8
2016.3589 -140.461 57.9415 62.6 1.9 1.5 3.5
2016.3616 -138.766 63.4914 60.1 2.1 1.7 6.3
2016.4000 -137.283 63.3804 57.3 1.2 0.9 2.8
2016.4027 -140.418 65.8224 32.8 2.2 1.5 5.9
2016.4411 -137.113 58.6075 55.2 1.3 0.9 3.0
2016.4438 -128.3 62.3814 18.7 2.2 1.7 6.4
2016.4822 -135.037 61.3824 50.7 1.7 1.4 3.7
2016.4849 -142.283 63.6024 33.3 2.3 1.6 6.7
2016.5233 -141.817 61.8264 55.1 1.6 1.2 3.3
2016.5260 -131.52 60.0505 49.4 2.4 1.6 6.6
2016.5644 -142.24 62.2704 55.9 1.3 1.0 2.9
2016.5671 -138.935 60.1615 39.1 2.7 2.2 6.4
2016.6055 -142.791 65.6004 64.2 1.4 1.1 3.3
2016.6082 -148.893 54.8335 28.9 2.3 1.7 5.8
2016.6466 -140.461 63.1584 69.4 1.7 1.2 3.5
2016.6493 -137.918 67.3764 43.7 3.4 2.2 7.6
2016.6877 -145.418 68.1534 58.3 1.7 1.5 3.6
2016.6904 -135.291 62.3814 51.7 4.0 2.7 8.1
2016.7288 -142.113 64.9344 60.7 1.2 0.9 2.9
2016.7315 -146.859 62.3814 66.7 2.1 1.2 5.3
2016.7699 -142.961 67.3764 65.4 1.3 1.0 2.9
2016.7726 -148.511 67.3764 43.4 2.9 1.9 6.6
2016.8110 -144.316 66.8214 72.5 1.3 1.0 3.0
2016.8137 -138.639 66.9324 55.3 2.4 1.6 6.4
2016.8521 -149.867 67.3764 64.7 1.3 1.0 3.1
2016.8548 -139.401 59.2735 39.4 4.0 2.5 12.2
2016.8932 -151.986 66.4884 72.6 1.2 1.0 2.9
2016.8959 -158.129 56.2765 -0.4 5.4 3.1 15.3
2016.9315 -146.605 67.7094 53.8 2.5 1.9 5.6
2016.9342 -143.3 68.3754 64.8 1.3 1.1 3.1
2016.9370 -149.909 60.3835 -15 6.2 4.7 20.5
2016.9726 -148.045 65.0454 67.6 2.1 1.9 4.9
2016.9753 -148.172 67.7094 62.7 1.7 1.5 3.9
2017.0110 -155.248 65.6004 69.2 2.5 2.0 4.7
2017.0137 -150.799 68.1534 63.5 2.1 1.7 4.3
2017.0521 -153.596 66.4884 68.1 1.8 1.3 3.6
2017.0548 -155.672 68.1534 55.6 2.2 1.6 4.6
2017.0932 -157.282 64.3794 62 2.5 1.7 4.4
2017.0959 -151.562 66.7104 50.8 2.2 1.6 5.9
2017.1342 -152.791 71.0394 69.9 1.5 1.1 3.2
2017.1370 -150.926 67.4874 47.1 4.2 2.7 10.9
2017.1726 -167.239 69.0414 83.9 3.9 2.5 5.7
2017.1753 -150.757 71.7054 60.5 1.8 1.4 3.7
2017.2137 -154.994 62.7144 70.8 1.9 1.3 4.1
2017.2164 -150.503 65.3784 56 1.2 1.0 3.4
2017.2548 -154.825 71.3724 55.7 1.3 1.1 3.2
2017.2575 -158.426 65.9334 42 2.9 1.7 6.7
2017.2959 -155.036 70.7064 54.4 1.1 0.9 2.8
2017.2986 -159.485 72.7043 35.9 2.6 2.1 8.4
2017.3342 -156.774 67.4874 67.4 2.6 1.6 5.0
2017.3370 -154.697 72.0384 67.3 1.1 0.9 3.0
2017.3753 -160.502 71.3724 71.3 2.0 1.3 4.1
2017.3781 -157.409 73.1483 59.9 1.8 1.2 4.3
2017.4164 -158.765 71.4834 56.3 1.3 0.9 3.0
2017.4192 -159.443 70.9284 42.7 1.9 1.4 5.8
2017.4575 -162.621 68.8194 81.8 1.6 1.3 3.5
2017.4603 -146.393 58.0525 -0.2 5.3 4.0 15.2
2017.4959 -181.942 65.4894 57.5 2.7 1.9 5.3
2017.4986 -176.9 69.8184 70 1.5 1.0 3.4
2017.5370 -159.401 69.9294 68.8 1.5 1.1 3.6
2017.5397 -161.943 70.2624 70.5 2.6 1.6 4.8
2017.6192 -164.104 71.5944 65.8 1.4 1.1 3.1
2017.6219 -161.816 66.9324 25.4 3.2 2.1 9.5
2017.6575 -155.375 73.8143 72.7 2.3 2.2 5.7
2017.6603 -156.308 71.5944 72.9 1.4 1.0 3.2
2017.6986 -163.934 77.2553 71 2.4 2.0 4.8
2017.7014 -160.587 79.5863 67.4 1.4 1.2 3.3
2017.7041 -157.663 72.9263 68.8 1.7 1.3 3.8
2017.7425 -167.409 74.5913 79.6 3.3 3.1 6.0
2017.7452 -166.265 72.3713 61.1 1.8 1.4 4.4
2017.7836 -167.875 76.8113 68.7 2.4 1.8 4.3
2017.7863 -168.002 78.4763 62.5 4.2 3.0 7.9
2017.8247 -161.053 73.1483 55.7 1.2 1.1 3.0
2017.8274 -169.527 68.1534 -11.6 4.5 3.3 14.7
2017.8630 -163.723 73.7033 51.4 1.9 1.5 4.3
2017.8658 -164.697 75.1463 72.8 1.4 1.1 3.4
2017.9041 -161.646 76.3673 45.5 1.3 1.1 3.3
2017.9068 -158.129 76.7003 55.8 2.1 1.5 5.2
2017.9452 -166.858 75.0353 70.9 1.6 1.3 3.3
2017.9479 -178.934 66.7104 11.9 6.4 4.1 17.5
2017.9836 -170.968 75.9233 59.7 2.2 1.6 4.9
2017.9863 -168.383 74.3693 54.1 1.6 1.3 4.0
2018.0247 -165.333 75.8123 71.1 1.4 1.2 3.1
2018.0274 -168.934 76.8113 43 2.3 1.6 5.9
2018.0630 -165.756 73.0373 79.8 2.9 2.1 6.1
2018.0658 -171.222 74.9243 76.1 1.2 1.0 3.1
2018.0685 -137.622 95.6811 -54.7 8.1 5.8 27.5
2018.1041 -174.315 79.8083 76.6 1.4 1.2 3.6
2018.1068 -172.705 81.4733 78.9 1.5 1.2 3.9
2018.1836 -170.756 76.5893 78.8 1.8 1.3 4.1
2018.1863 -169.654 80.8073 71.8 1.6 1.1 3.8
2018.2247 -164.782 86.3572 70.4 1.5 1.2 3.5
2018.2274 -156.096 86.9122 13.4 2.6 2.2 8.4
2018.2603 -164.019 80.4743 80.9 2.0 1.5 4.3
2018.2630 -164.019 81.8063 54.2 1.3 1.1 3.7
2018.3014 -168.383 77.1443 78.9 1.4 1.3 3.3
2018.3041 -148.257 65.2674 42.4 3.1 2.4 10.4
2018.3397 -170.502 81.5843 74.8 1.9 1.4 4.3
2018.3425 -175.671 75.2573 64.9 1.4 1.1 3.6
2018.3808 -175.247 76.0343 62.1 1.3 1.0 3.1
2018.3836 -174.824 73.2593 55 1.9 1.4 6.0
2018.4192 -176.519 83.1383 60.4 3.2 2.0 5.7
2018.4219 -176.01 75.5903 72.9 1.5 1.2 3.6
2018.4603 -177.536 76.2563 85.4 1.4 1.0 3.2
2018.4630 -162.409 81.2513 65.5 2.8 1.9 7.9
2018.4986 -180.29 84.0262 72.7 1.9 1.6 4.8
2018.5014 -178.298 80.5853 71.3 1.2 0.9 3.2
2018.5397 -175.036 79.8083 60 1.7 1.2 3.5
2018.5425 -185.628 83.5822 75.6 2.3 1.4 5.7
2018.5781 -173.129 84.4702 69.4 3.2 2.2 5.9
2018.5808 -184.739 81.1403 81.2 1.3 1.0 3.3
2018.6192 -182.366 80.8073 73.7 1.2 1.0 3.1
2018.6219 -179.357 83.3602 50.2 2.0 1.5 5.5
2018.6575 -176.942 84.0262 67.6 1.9 1.8 5.0
2018.6603 -182.069 76.7003 59.5 1.4 1.0 3.3
2018.6986 -178.086 84.9142 85.2 1.6 1.3 3.4
2018.7014 -176.392 80.0303 61.8 2.9 1.9 6.6
2018.7370 -189.018 80.0303 37 2.8 2.9 6.5
2018.7397 -177.875 83.2493 67.5 1.3 1.0 3.3
2018.7781 -185.332 82.2503 65 1.7 1.3 3.6
2018.7808 -179.739 82.8053 95.1 2.1 1.4 5.3
2018.8164 -183.256 78.2543 69.8 3.2 2.4 6.8
2018.8192 -184.145 81.9173 65.3 1.3 1.0 3.4
2018.8219 -170.036 70.5954 -24.7 7.0 6.1 28.6
2018.8575 -183.383 77.9213 68.2 1.6 1.2 3.6
2018.8603 -188.213 80.0303 63.1 2.6 1.5 5.6
2018.8959 -184.654 83.0273 59 2.2 1.5 5.0
2018.8986 -184.145 82.9163 63.9 1.2 1.0 3.2
2018.9370 -183.001 81.8063 76.1 1.8 1.4 3.6
2018.9397 -188.298 78.8093 52.8 2.4 1.7 6.3
2018.9753 -186.645 86.1352 64.9 1.7 1.3 4.1
2018.9781 -178.637 90.1312 66.6 1.3 1.1 3.5
2019.0164 -191.264 84.6922 66.7 1.6 1.2 3.2
2019.0192 -179.23 83.3602 14.7 3.7 2.8 11.6
2019.0548 -192.916 83.1383 75.5 1.6 1.4 4.1
2019.0575 -184.739 88.2442 63.1 1.6 1.3 4.3
2019.0932 -186.222 83.8042 84.8 4.1 2.7 6.8
2019.0959 -191.349 83.8042 67.4 1.4 1.1 3.4
2019.1342 -191.518 82.6943 72.3 1.5 1.1 3.3
2019.1370 -192.111 85.4692 48.5 2.5 1.5 6.1
2019.1726 -190.544 84.9142 87 1.8 1.3 4.3
2019.1753 -187.62 85.6912 63.6 1.2 1.0 3.5
2019.2137 -194.272 85.4692 64.5 1.2 0.9 2.9
2019.2164 -184.823 82.4723 -28.8 3.3 3.3 13.2
2019.2521 -192.577 85.9132 68 1.5 1.1 3.4
2019.2548 -197.026 76.1453 38.7 1.9 1.6 5.2
2019.2904 -195.628 87.8002 71.9 2.2 1.5 4.6
2019.2932 -187.578 83.0273 58.3 1.3 1.0 3.6
2019.3315 -188.891 85.4692 57.7 1.4 1.1 3.2
2019.3342 -196.857 90.3532 13.2 6.2 2.8 16.9
2019.3699 -197.069 85.1362 71.3 1.3 1.0 3.2
2019.3726 -195.882 85.0252 50.8 1.7 1.2 4.8
2019.4082 -196.179 83.3602 78 2.4 1.7 4.5
2019.4110 -203.594 80.3633 71 1.6 1.2 3.9
2019.4493 -190.925 87.2452 68.1 1.3 1.0 3.0
2019.4521 -200.289 87.0232 7.6 5.8 3.5 17.2
2019.4877 -199.06 89.7982 77.5 1.2 1.0 3.1
2019.4904 -197.111 84.6922 48.7 2.0 1.3 5.4
2019.5260 -193.764 90.6862 69.4 1.4 1.1 3.1
2019.5644 -196.814 91.5742 85 1.3 1.0 3.1
2019.5671 -189.315 87.5782 61.6 2.0 1.4 6.1
2019.6027 -191.857 91.4632 67.5 1.8 1.3 4.1
2019.6055 -196.772 88.0222 77.8 1.6 1.1 3.9
2019.6411 -197.408 87.1342 72.8 3.1 2.5 7.0
2019.6438 -199.018 85.5802 78.7 1.1 0.9 3.1
2019.6822 -198.382 91.6852 77.7 1.4 1.1 3.3
2019.6849 -198.679 85.8022 63.2 2.4 1.7 7.1
2019.7205 -198.721 89.3542 73.9 1.4 1.2 3.4
2019.7233 -197.111 88.0222 72.5 2.2 1.5 5.2
2019.7589 -190.035 90.9082 68.3 2.4 1.9 5.3
2019.7616 -200.077 86.0242 80.4 1.4 1.1 3.4
2019.8000 -197.704 90.7972 72.7 1.3 1.1 3.1
2019.8027 -188.001 83.4712 68.1 3.5 2.1 9.2
2019.8384 -199.908 84.0262 83 1.3 1.1 3.3
2019.8411 -196.518 77.0333 74.2 1.7 1.2 4.3
2019.8767 -203.34 85.9132 79.1 2.2 1.7 4.6
2019.8795 -197.789 77.6993 64.5 1.3 1.1 3.5
2019.9178 -195.12 87.5782 72.3 1.1 0.9 2.9
2019.9205 -195.501 92.4622 52.9 6.2 3.8 18.3
2019.9562 -195.162 90.0202 72.5 1.3 1.1 3.2
2019.9589 -198.975 87.8002 60.5 2.5 1.7 7.1
2019.9945 -202.068 86.5792 70.5 1.4 1.1 3.5
2019.9973 -202.026 91.5742 69.3 1.6 1.3 4.6
2020.0329 -202.916 89.1322 88.4 1.9 1.5 4.5
2020.0356 -200.035 92.1292 70.9 1.3 1.0 3.4
2020.0712 -195.67 89.4652 98.9 3.5 2.4 7.0
2020.0740 -200.543 89.4652 79 1.1 0.9 2.9
2020.0767 -204.611 98.4561 34.3 7.4 6.0 22.6
2020.1123 -191.264 83.3602 72.4 1.4 1.0 3.3
2020.1151 -190.586 90.7972 35.7 3.5 2.1 7.8
2020.1507 -197.662 85.2472 60.7 1.3 1.0 3.2
2020.1534 -191.899 90.4642 61.6 1.8 1.5 5.4
2020.1890 -193.976 84.9142 80 1.8 1.2 3.9
2020.1918 -198.764 85.4692 65.9 1.4 1.2 4.1
2020.2274 -200.882 91.4632 77.3 2.6 1.9 5.1
2020.2301 -200.416 90.2422 73.8 1.4 1.0 3.6
2020.2658 -207.746 89.9092 83 2.8 1.9 5.8
2020.2685 -199.569 97.1241 69 1.3 1.0 3.3
2020.3068 -199.823 87.8002 70.2 1.3 1.1 3.2
2020.3096 -199.696 94.9041 24.6 6.8 3.4 16.6
2020.3452 -208.339 94.7931 67.1 1.3 1.1 3.3
2020.3479 -208.382 89.3542 40.5 2.8 2.0 8.8
2020.3836 -208.382 91.0192 69.9 1.5 1.1 3.5
2020.3863 -209.272 97.3461 73.1 2.0 1.4 5.9
2020.4219 -214.06 93.6832 83.7 2.1 1.3 4.1
2020.4247 -211.941 93.7942 70.1 2.0 1.2 4.7
2020.4603 -209.568 93.1282 60.4 1.9 1.3 4.0
2020.4630 -214.356 95.7921 80.6 1.4 1.1 3.8
2020.4986 -208.848 93.5722 62 2.3 1.9 4.8
2020.5014 -208.721 94.0162 72.7 1.6 1.1 3.6
2020.5370 -218.212 100.898 61.4 2.7 2.4 6.3
2020.5397 -216.305 95.0151 73.5 1.2 1.0 3.2
2022.5699 647694 252511 12808.6 5.2 5.7 10.3
2022.5726 647694 252499 12822.6 2.1 1.8 4.6
2022.5753 647695 252494 12809.1 1.9 1.5 5.4
2022.6110 647679 252456 12821.2 7.9 6.8 15.1
2022.6137 647698 252495 12809.9 2.6 1.9 7.5
2022.6493 647708 252507 12810.2 2.2 1.9 6.2
2022.6521 647692 252506 12810.7 2.5 2.1 8.0
2022.6877 647682 252499 12788.2 2.6 2.2 5.4
2022.6904 647686 252498 12818.9 5.7 3.2 12.9
2022.7260 647694 252495 12795.8 1.8 1.3 5.0
2023.0685 647727 252479 12825.7 5.3 2.7 7.6
2023.0712 647731 252495 12821.8 3.3 2.9 6.6
2023.1068 647727 252491 12816.9 4.7 4.0 6.4
2023.1096 647714 252495 12827.3 4.0 2.6 8.9
2023.1452 647726 252498 12802.8 2.4 1.9 4.6
2023.1479 647752 252489 12770.6 18.7 8.9 34.1
2023.1808 647705 252494 12801.2 7.2 2.8 7.7
2023.1836 647716 252495 12827.8 2.6 1.9 5.3
2023.2192 647726 252495 12820.1 2.2 1.6 4.4
2023.2219 647717 252493 12802.6 4.8 2.5 8.4
2023.2575 647717 252494 12797.4 2.2 1.5 4.3
2023.2603 647733 252484 12826.8 9.4 6.4 19.4
2023.2932 647711 252494 12826.7 2.9 2.3 6.2
2023.2959 647712 252489 12811.5 1.8 1.4 4.3
2023.3315 647717 252494 12815.3 3.0 2.2 5.5
2023.3342 647708 252500 12814 2.7 1.8 7.0
2023.3699 647717 252493 12814.4 1.5 1.1 3.4
2023.3726 647706 252492 12787.3 5.5 4.7 19.0
