2022.0027 0 0 0 1.5 0.8 2.8
2022.0055 2.08237 -0.777702 1.6 1.5 0.8 2.8
2022.0082 3.44667 2.11091 2 1.5 0.8 2.8
2022.0110 0.071807 3.22191 -5.4 1.5 0.8 2.8
2022.0137 3.01584 3.44411 -4.3 1.5 0.8 2.9
2022.0164 5.45723 0.555501 0.3 1.5 0.8 2.9
2022.0192 3.15945 0.666602 6.2 1.4 0.8 2.8
2022.0219 0.430834 1.5554 2.5 1.4 0.8 2.8
2022.0247 3.15945 3.44411 -2.3 1.7 0.9 3.0
2022.0274 5.45723 0.777702 -3.6 1.4 0.8 2.8
2022.0301 5.31362 1.6665 2.1 1.4 0.8 2.9
2022.0329 5.81626 -0.555501 -2.4 1.4 0.8 2.8
2022.0356 1.57972 0.1111 2.7 1.4 0.8 2.9
2022.0384 2.58501 1.99981 -4.7 1.5 0.8 2.8
2022.0411 5.0264 -1.99981 -0.7 1.4 0.8 2.8
2022.0438 1.93875 -1.99981 -2.1 1.4 0.8 2.8
2022.0466 -0.933474 0.999902 0.1 1.4 0.9 2.8
2022.0493 1.50792 1.2221 -1.1 1.4 0.8 2.8
2022.0521 1.86695 1.8887 -2.1 1.4 0.8 2.8
2022.0548 2.58501 0.1111 5.4 1.4 0.8 2.8
2022.0575 1.57972 -0.666602 2.3 1.4 0.8 2.8
2022.0603 1.2925 -0.888802 -8 1.4 0.9 2.8
2022.0630 1.93875 -2.33311 0.7 1.4 0.9 2.8
2022.0658 4.52376 -0.111101 1.1 1.4 0.8 2.8
2022.0685 4.59556 -0.777702 0.5 1.4 0.8 2.9
2022.0712 1.93875 -0.666602 1.7 1.4 0.8 2.8
2022.0740 2.87223 -0.444401 -0.9 1.4 0.8 2.7
2022.0767 2.15417 -1.2221 -1.4 1.4 0.8 2.7
2022.0795 3.44667 0.555501 -6.7 1.4 0.8 2.7
2022.0822 2.58501 -1.99981 -0.4 1.4 0.8 2.7
2022.0849 3.30306 1.4443 0.1 1.4 0.8 2.7
2022.0877 -1.07708 -0.666602 -1.5 1.4 0.8 2.7
2022.0904 -1.36431 2.55531 -10 1.4 0.8 2.7
2022.0932 -1.93875 -0.888802 -8.9 1.4 0.8 2.8
2022.0959 6.03168 -0.222201 -13.1 1.4 0.8 2.7
2022.0986 5.17001 0.333301 -11.8 1.4 0.8 2.7
2022.1014 2.01056 0.777702 -0.7 1.5 0.8 2.7
2022.1041 3.37487 0.555501 -4.1 1.5 0.8 2.8
2022.1068 2.29778 -1.111 -5.9 1.5 0.9 2.8
2022.1096 4.81098 0.333301 -9 1.5 0.8 2.8
2022.1123 5.0264 -1.7776 -4.4 1.4 0.8 2.7
2022.1151 5.31362 0.333301 -4.4 1.4 0.8 2.7
2022.1178 4.38015 0 0.2 1.4 0.8 2.7
2022.1205 5.17001 0.999902 -2.7 1.4 0.8 2.8
2022.1233 2.94403 -0.555501 -1.3 1.4 0.8 2.7
2022.1260 4.23654 -0.999902 -0.7 1.4 0.8 2.8
2022.1288 1.79514 -0.333301 0 1.4 0.8 2.7
2022.1315 3.51848 0 -2.4 1.5 0.9 2.7
2022.1342 1.07709 0.444401 -2.5 1.4 0.8 2.7
2022.1370 -1.36431 0.222201 1 1.4 0.8 2.7
2022.1397 1.2925 0.333301 -2.8 1.4 0.8 2.8
2022.1425 0.789862 2.33311 -0.6 1.5 0.9 2.8
2022.1452 0.789862 3.88851 -5 1.4 0.8 2.8
2022.1479 2.08237 2.11091 -5.5 1.4 0.8 2.7
2022.1507 1.07709 1.3332 -3 1.4 0.9 3.0
2022.1534 -0.287222 -0.111101 -5.1 1.4 0.9 2.9
2022.1562 1.65153 0.777702 -5.4 1.4 0.8 2.7
2022.1589 -2.44139 -0.666602 -0.9 1.4 0.8 2.7
2022.1616 -0.143612 0.222201 -1.2 1.4 0.8 2.7
2022.1644 -0.143612 -0.555501 -7 1.4 0.8 2.7
2022.1863 -1.50792 1.4443 -5.8 1.3 0.8 2.7
2022.1890 -1.93875 0.555501 -4.9 1.4 0.9 2.8
2022.1918 -5.95987 -0.777702 -1.1 1.4 0.9 2.8
2022.1945 1.57972 0.222201 2.1 1.3 0.8 2.7
2022.1973 0.789862 -0.222201 -3.1 1.3 0.9 2.7
2022.2000 8.61668 0.777702 -5.7 1.3 0.8 2.7
2022.2027 4.66737 -0.333301 -4.8 1.3 0.8 2.7
2022.2055 -0.718057 -2.44421 -1.5 1.3 0.9 2.7
2022.2082 2.65681 -2.22201 -4.6 1.4 0.9 2.8
2022.2110 -0.359029 -2.88861 -8.4 1.4 0.9 2.8
2022.2137 -0.502639 -3.11081 -2 1.3 0.9 2.7
2022.2164 0.502641 -1.6665 -0.7 1.3 0.8 2.7
2022.2192 0.789862 -3.44411 0.6 1.3 0.8 2.7
2022.2219 4.66737 -0.333301 -6.2 1.3 0.8 2.6
2022.2247 4.16473 -2.55531 -4.4 1.3 0.9 2.7
2022.2274 2.01056 -0.777702 -0.4 1.4 0.9 2.7
2022.2301 3.01584 -1.7776 0 1.4 0.9 2.8
2022.2329 -2.29778 -2.55531 -0.9 1.3 0.8 2.7
2022.2356 2.36959 -1.4443 2.2 1.3 0.9 2.7
2022.2384 2.58501 -1.2221 2.9 1.3 0.9 2.7
2022.2411 -0.143612 -1.8887 -1.7 1.3 0.9 2.7
2022.2438 2.44139 0.333301 -3.6 1.4 0.9 2.8
2022.2466 1.57972 -4.44401 2.1 1.4 0.9 2.7
2022.2493 0.502641 -2.99971 -2.2 1.4 0.9 2.7
2022.2521 2.5132 -0.999902 -1 1.3 0.9 2.7
2022.2548 4.02112 -1.4443 -2.8 1.4 0.9 2.8
2022.2575 0.789862 -2.22201 0.6 1.4 0.9 2.8
2022.2603 4.38015 -1.8887 0.3 1.4 0.9 2.7
2022.2630 -0.287222 -1.7776 -1.3 1.4 0.8 2.7
2022.2658 0.789862 -1.7776 -6.4 1.4 0.9 2.8
2022.2685 2.36959 -3.66631 0.2 1.4 0.9 2.8
2022.2712 4.66737 -4.22181 -4.5 1.4 0.9 2.8
2022.2740 -2.22598 -2.99971 -0.4 1.4 0.9 2.8
2022.2767 -0.933474 -2.77751 1.8 1.4 0.9 2.8
2022.2795 2.01056 -2.88861 5.9 1.4 0.8 2.7
2022.2822 0 -0.888802 -5.2 1.4 0.9 2.8
2022.2849 -3.51848 -2.11091 1.5 1.4 0.9 2.8
2022.2877 -1.2207 -1.111 -3.9 1.5 0.9 2.9
2022.2904 -1.79514 -1.5554 -5.5 1.5 0.9 2.9
2022.2932 2.01056 -2.44421 1.2 1.4 0.8 2.7
2022.2959 0.359029 -0.888802 -4.2 1.4 0.9 2.8
2022.2986 3.87751 -1.5554 2.1 1.4 0.9 2.7
2022.3014 3.94931 -2.66641 -6.7 1.4 0.8 2.8
2022.3041 -0.0718049 -0.555501 -7.6 1.4 0.9 2.9
2022.3068 2.36959 -2.22201 -0.7 1.4 0.9 2.8
2022.3096 1.36431 -0.888802 -1.7 1.4 0.8 2.7
2022.3123 0.789862 -1.7776 -5.5 1.4 0.8 2.7
2022.3151 4.02112 -4.33291 -8.2 1.4 0.8 2.8
2022.3178 4.38015 -3.44411 0.8 1.4 0.9 2.7
2022.3205 1.36431 -2.88861 -1.2 1.5 0.9 2.8
2022.3233 1.50792 -3.33301 3 1.5 0.9 2.8
2022.3260 2.22598 -0.777702 -0.9 1.4 0.8 2.7
2022.3288 -0.0718049 -2.33311 -2.8 1.4 0.9 2.7
2022.3315 0.143612 -1.6665 -3.2 1.4 0.8 2.7
2022.3342 3.23126 -1.6665 -7.6 1.4 0.9 2.8
2022.3370 -1.2925 -3.33301 -1.3 1.5 0.9 2.9
2022.3397 2.08237 -2.88861 -3.9 1.5 0.9 2.9
2022.3425 4.09292 -3.44411 -7.7 1.4 0.8 2.7
2022.3452 4.73918 -3.44411 -4.3 1.4 0.9 2.8
2022.3479 -0.430834 -6.22162 2.9 1.4 0.8 2.8
2022.3507 -1.2925 -3.55521 -0.4 1.4 0.8 2.7
2022.3534 0.430834 -5.99942 1.3 1.4 0.8 2.7
2022.3562 2.87223 -0.222201 -5.6 1.4 0.8 2.7
2022.3589 -1.43611 -1.4443 -7.5 1.4 0.9 2.8
2022.3616 2.58501 -1.5554 -6.8 1.4 0.8 2.7
2022.3644 -0.861667 -2.33311 0.9 1.4 0.8 2.7
2022.3671 -4.02112 -2.77751 2.8 1.4 0.8 2.7
2022.3699 -0.718057 -2.66641 1.2 1.4 0.8 2.7
2022.3726 3.59029 -4.22181 -4.2 1.4 0.8 2.7
2022.3753 0.789862 -1.6665 -3.6 1.4 0.8 2.7
2022.3781 -1.43611 -4.66621 -3.8 1.4 0.8 2.7
2022.3808 -0.933474 -3.99961 0.7 1.4 0.8 2.7
2022.3836 -2.72862 -2.22201 -4.7 1.4 0.8 2.7
2022.3863 0.143612 -0.222201 -9.9 1.4 0.8 2.7
2022.3890 -1.72334 -3.44411 -1.8 1.4 0.8 2.7
2022.3918 1.07709 -2.44421 -4.4 1.3 0.8 2.7
2022.3945 2.01056 -1.99981 -1.3 1.4 0.8 2.7
2022.3973 0.861669 -4.33291 9.7 1.4 0.8 2.7
2022.4000 1.2925 -0.999902 5.8 1.4 0.9 2.8
2022.4027 3.44667 -3.88851 1.4 1.6 0.9 2.8
2022.4055 -1.57972 -4.99951 8 1.4 0.8 2.7
2022.4082 -0.574446 -2.99971 0.8 1.4 0.8 2.7
2022.4110 0.646253 -2.77751 -3.6 1.4 0.8 2.7
2022.4137 -1.57972 -2.77751 -0.3 1.4 0.8 2.8
2022.4164 -0.574446 -1.4443 -5.5 1.4 0.8 2.7
2022.4192 -0.287222 -3.88851 -4.5 1.4 0.8 2.8
2022.4219 1.79514 -3.88851 5.2 1.4 0.8 2.8
2022.4247 3.94931 -3.11081 6.2 1.4 0.8 2.7
2022.4274 -0.0718049 -4.77731 2.5 1.4 0.8 2.7
2022.4301 3.30306 -4.55511 -0.4 1.4 0.8 2.7
2022.4329 2.15417 -3.33301 -5 1.4 0.8 2.8
2022.4356 0.502641 -4.11071 -0.9 1.4 0.8 2.7
2022.4384 4.52376 -1.99981 0.5 1.4 0.8 2.7
2022.4411 1.65153 -4.44401 -3.5 1.4 0.8 2.7
2022.4438 -3.37487 -4.44401 5.4 1.4 0.8 2.7
2022.4466 0.502641 -4.66621 3.6 1.4 0.8 2.8
2022.4493 3.87751 -3.55521 -1.3 1.4 0.8 2.7
2022.4521 -1.2207 -5.99942 -12.6 1.4 0.8 2.7
2022.4548 3.59029 -2.77751 -2.8 1.4 0.8 2.7
2022.4575 0.502641 -4.55511 3.6 1.4 0.8 2.7
2022.4603 2.72862 -4.55511 -17 1.4 0.8 2.7
2022.4630 6.2471 -4.44401 -3.6 1.4 0.8 2.7
2022.4658 0.718057 -3.22191 -2.6 1.4 0.8 2.7
2022.4685 0.574446 -4.11071 -4.4 1.4 0.8 2.7
2022.4712 4.52376 -4.11071 -6 1.4 0.8 2.7
2022.4740 1.00528 -3.77741 -7.8 1.4 0.8 2.7
2022.4767 -6.89335 -5.33281 8.2 1.4 0.8 2.7
2022.4795 2.87223 -5.66612 -11.1 1.5 0.8 2.8
2022.4822 -2.65681 -3.55521 -12.4 1.4 0.8 2.7
2022.4849 3.30306 -4.44401 -7.2 1.4 0.8 2.7
2022.4877 0.718057 -4.11071 -0.3 1.4 0.8 2.6
2022.4904 1.72334 -6.88822 -0.7 1.4 0.8 2.7
2022.4932 7.68321 -1.2221 -8.1 1.4 0.8 2.6
2022.4959 4.16473 -4.55511 -4.8 1.5 0.8 2.7
2022.4986 1.00528 -5.99942 2.4 1.5 0.8 2.7
2022.5014 5.45723 -5.99942 -11.1 1.5 0.8 2.7
2022.5041 -2.36959 -7.66592 10.6 1.4 0.8 2.7
2022.5068 -0.933474 -4.66621 10.8 1.5 0.9 2.9
2022.5096 4.30834 -3.66631 -7.4 1.5 0.9 2.9
2022.5123 2.29778 -6.22162 -8.3 1.5 0.9 2.8
2022.5151 1.07709 -6.66602 -9.8 1.5 0.8 2.7
2022.5178 3.15945 -6.88822 -4.9 1.5 0.8 2.7
2022.5205 -3.23126 -3.99961 11.2 1.5 0.8 2.7
2022.5425 0.071807 -7.88812 -4.7 1.5 0.8 2.7
2022.5452 4.02112 -10.6656 -3.7 1.5 0.8 2.7
2022.5479 -6.03168 -7.33262 0.9 1.5 0.8 2.7
2022.5507 4.73918 -2.99971 2.3 1.5 0.8 2.7
2022.5534 2.01056 -6.44382 1.7 1.5 0.8 2.7
2022.5562 5.0264 -4.88841 5.3 1.4 0.8 2.7
2022.5589 -0.718057 -5.33281 -5.6 1.4 0.8 2.7
2022.5616 -0.359029 -6.22162 -0.5 1.4 0.8 2.7
2022.5644 0.287224 -7.66592 3.2 1.4 0.8 2.7
2022.5671 -2.44139 -4.77731 2.8 1.4 0.8 2.7
2022.5699 3.59029 -7.66592 -8.6 1.4 0.8 2.7
2022.5726 0.430834 -7.88812 -4.8 1.4 0.8 2.7
2022.5753 2.94403 -7.22152 -13 1.4 0.8 2.8
2022.5781 3.44667 -6.33272 0.2 1.4 0.8 2.7
2022.5808 -6.89335 -6.77712 4.4 1.4 0.8 2.7
2022.5836 2.44139 -8.55472 -6.5 1.4 0.8 2.7
2022.5863 -2.44139 -8.99912 -5.3 1.6 0.9 2.8
2022.5890 -0.215417 -7.33262 -5.3 1.5 0.9 2.7
2022.5918 6.74973 -6.44382 2.5 1.5 0.9 2.7
2022.5945 -2.94403 -4.88841 -1.6 1.4 0.8 2.7
2022.5973 -5.24182 -6.88822 -4.9 1.4 0.8 2.7
2022.6000 2.5132 -7.55482 -1.7 1.4 0.9 2.7
2022.6027 -3.44667 -5.99942 -1.2 1.4 0.8 2.7
2022.6055 3.15945 -6.11052 -3 1.4 0.9 2.8
2022.6082 -1.14889 -7.77702 -5.1 1.4 0.9 2.8
2022.6110 -3.59028 -7.55482 -2.7 1.4 0.9 2.8
2022.6137 4.09292 -7.99922 1.9 1.4 0.9 2.8
2022.6164 -0.0718049 -7.66592 5.4 1.4 0.9 2.7
2022.6192 -3.7339 -6.55492 -4.1 1.4 0.9 2.7
2022.6219 -2.08237 -6.99932 -4.8 1.4 0.9 2.8
2022.6247 2.80042 -4.77731 -2.6 1.4 0.9 2.8
2022.6274 1.36431 -7.44372 0.9 1.4 0.9 2.8
2022.6301 0.502641 -8.22142 -0.5 1.4 0.9 2.8
2022.6329 0.789862 -9.66573 -1.8 1.4 0.9 2.8
2022.6356 2.15417 -6.22162 -2.1 1.4 0.9 2.8
2022.6384 -2.44139 -6.22162 -10 1.4 0.9 2.8
2022.6411 1.86695 -9.55463 -12.3 1.4 0.9 2.8
2022.6438 2.94403 -7.33262 -0.1 1.6 0.9 3.0
2022.6466 0.143612 -5.77722 1.7 1.4 0.9 2.9
2022.6493 1.43611 -6.55492 -4.9 1.4 0.8 2.7
2022.6521 4.88279 -7.22152 -2.6 1.4 0.9 2.8
2022.6548 -0.143612 -9.11022 -3.5 1.4 0.9 2.8
2022.6575 0.789862 -7.22152 -0.7 1.4 0.9 2.8
2022.6603 -2.01056 -6.44382 -2.6 1.4 0.9 2.7
2022.6630 2.36959 -6.44382 0.8 1.4 0.9 2.8
2022.6658 1.65153 -8.66582 1.6 1.4 0.9 2.8
2022.6685 -1.72334 -10.3323 3.4 1.4 0.9 2.8
2022.6712 -2.22598 -7.33262 -0.8 1.4 0.9 2.8
2022.6740 -3.66209 -5.88832 -1.4 1.4 0.9 2.7
2022.6767 -0.502639 -8.88802 5.1 1.4 0.9 2.9
2022.6795 2.15417 -7.88812 -1.5 1.4 0.9 2.8
2022.6822 -2.15417 -7.66592 -0.6 1.3 0.9 2.8
2022.6849 -2.5132 -9.55463 -5.6 1.4 0.8 2.8
2022.6877 -4.30834 -5.99942 -15.8 1.4 0.9 2.8
2022.6904 -3.8057 -9.66573 4.2 1.3 0.8 2.7
2022.6932 -4.81098 -7.55482 -1.3 1.3 0.9 2.7
2022.6959 1.93875 -8.88802 -2.8 1.3 0.9 2.7
2022.6986 -4.30834 -9.66573 -0.7 1.3 0.9 2.8
2022.7014 0 -9.55463 0 1.3 0.8 2.7
2022.7041 0.574446 -7.55482 -3.1 1.4 0.9 2.8
2022.7068 0.789862 -9.66573 -4 1.4 0.9 2.8
2022.7096 -0.789862 -11.2211 0.7 1.3 0.9 2.7
2022.7123 -1.43611 -8.33252 -1.1 1.3 0.8 2.7
2022.7151 1.36431 -8.11032 0.9 1.3 0.9 2.7
2022.7178 1.14889 -10.5545 6.1 1.3 0.8 2.7
2022.7205 -6.10348 -7.88812 1.4 1.3 0.9 2.7
2022.7233 -2.22598 -9.66573 -7 1.3 0.8 2.7
2022.7260 -1.79514 -9.55463 -4.4 1.3 0.9 2.8
2022.7288 -3.59028 -11.3322 -1.5 1.3 0.9 2.8
2022.7315 -1.50792 -8.22142 -0.1 1.3 0.8 2.7
2022.7342 -4.52376 -9.22133 3.6 1.3 0.8 2.7
2022.7370 -2.29778 -9.88793 2.5 1.3 0.9 2.7
2022.7397 -4.45195 -7.88812 -6.8 1.3 0.9 2.7
2022.7425 -0.502639 -10.5545 2.9 1.4 0.9 2.8
2022.7452 2.65681 -8.88802 -4.5 1.5 0.9 2.9
2022.7479 0.574446 -8.11032 -10.2 1.4 0.9 2.8
2022.7507 -1.57972 -8.99912 -6.2 1.3 0.8 2.7
2022.7534 -4.38015 -9.33242 -6.6 1.3 0.9 2.7
2022.7562 0.143612 -9.77683 -1.4 1.4 0.9 2.8
2022.7589 -5.24182 -10.4434 1.4 1.3 0.8 2.7
2022.7616 -1.86695 -7.77702 -6.7 1.3 0.8 2.7
2022.7644 -2.87223 -8.99912 -9.7 1.3 0.9 2.8
2022.7671 -2.5132 -10.5545 -3.8 1.3 0.9 2.8
2022.7699 -2.01056 -8.55472 -12.1 1.3 0.8 2.7
2022.7726 -1.2925 -9.22133 -5.8 1.3 0.8 2.7
2022.7753 -2.08237 -11.9988 5.8 1.3 0.8 2.7
2022.7781 -5.0982 -10.1101 -4.8 1.3 0.9 2.8
2022.7808 -4.16473 -10.6656 -1.4 1.3 0.9 2.9
2022.7836 -4.66737 -9.77683 -0.6 1.3 0.9 2.9
2022.7863 -3.66209 -9.22133 3.2 1.3 0.9 2.9
2022.7890 -6.24709 -9.11022 2.2 1.3 0.8 2.6
2022.7918 -5.0264 -8.77692 -4.4 1.3 0.8 2.7
2022.7945 -5.0264 -8.22142 -6.8 1.3 0.8 2.7
2022.7973 1.65153 -7.11042 -0.2 1.3 0.9 2.8
2022.8000 -1.72334 -8.22142 -8.6 1.4 0.9 2.9
2022.8027 -4.09292 -10.9989 -5.3 1.3 0.9 2.7
2022.8055 -6.89335 -12.3321 -6.3 1.4 0.9 2.7
2022.8082 -6.60612 -9.55463 -2.4 1.3 0.8 2.7
2022.8110 -8.76029 -10.8878 -7.6 1.3 0.8 2.7
2022.8137 -1.65153 -9.11022 -0.2 1.3 0.8 2.7
2022.8164 -1.57972 -10.2212 -5.8 1.3 0.8 2.7
2022.8192 -8.68849 -12.1099 -1.8 1.4 0.9 2.9
2022.8219 -8.18585 -11.2211 -1.8 1.4 0.9 3.0
2022.8247 -1.2207 -9.33242 -9.3 1.4 0.9 2.9
2022.8329 -5.45723 -11.8877 -0.1 1.8 1.1 3.7
2022.8356 -5.95987 -11.11 3.2 1.4 0.9 2.8
2022.8384 -4.23654 -8.99912 -4.3 1.5 0.9 2.8
2022.8411 -5.74446 -8.55472 -4.4 1.6 0.9 2.9
2022.8438 -5.74446 -11.11 -2 1.4 0.9 2.8
2022.8466 -3.94931 -9.77683 8.7 1.4 0.8 2.7
2022.8493 -8.90391 -9.33242 0.4 1.4 0.9 2.7
2022.8521 -7.5396 -10.1101 -4 1.5 0.9 2.8
2022.8548 -7.89863 -8.88802 -6.3 1.4 0.8 2.7
2022.8575 -9.62196 -7.77702 -3.5 1.4 0.8 2.8
2022.8603 -10.34 -7.55482 0.5 1.5 0.9 2.8
2022.8630 -11.4171 -9.99903 -0.9 1.4 0.9 2.8
2022.8658 -9.90918 -11.2211 -4.7 1.4 0.9 2.8
2022.8685 -7.82682 -8.66582 -5.4 1.4 0.8 2.7
2022.8712 -9.04752 -8.55472 -4.4 1.4 0.8 2.8
2022.8740 -8.25765 -7.66592 1.6 1.4 0.9 2.8
2022.8767 -8.54488 -10.7767 -3.9 1.4 0.9 2.8
2022.8795 -9.55016 -9.44353 -10.2 1.4 0.9 2.8
2022.8822 -11.0581 -9.44353 -9.6 1.4 0.8 2.8
2022.8849 -7.32418 -11.11 -2.2 1.4 0.8 2.7
2022.8877 -8.11404 -11.8877 -3.6 1.4 0.8 2.7
2022.8904 -8.04224 -8.22142 0.4 1.4 0.8 2.8
2022.8932 -6.03168 -9.44353 3.3 1.4 0.9 2.8
2022.8959 -4.88279 -9.66573 -4.3 1.4 0.8 2.8
2022.8986 -4.88279 -11.2211 -4.2 1.4 0.8 2.7
2022.9014 -1.86695 -9.55463 -3.5 1.5 0.9 2.9
2022.9041 -9.26293 -11.2211 -1.2 1.5 0.9 2.9
2022.9068 -3.66209 -11.11 -0.2 1.4 0.8 2.8
2022.9096 -18.3823 -15.8873 5.2 1.4 0.9 2.9
2022.9123 -7.5396 -7.55482 -0.8 1.4 0.8 2.7
2022.9151 -12.0634 -10.4434 3.9 1.4 0.8 2.7
2022.9178 -9.55016 -6.22162 1.4 1.4 0.8 2.7
2022.9205 -13.4277 -9.33242 -0.9 1.4 0.8 2.8
2022.9233 -12.4942 -9.44353 -5.3 1.4 0.9 2.7
2022.9260 -7.89863 -10.5545 -1.8 1.4 0.9 2.7
2022.9288 -14.8638 -8.88802 1.3 1.4 0.8 2.8
2022.9315 -9.90918 -7.33262 -1.1 1.4 0.8 2.7
2022.9342 -13.5713 -8.77692 7.4 1.4 0.8 2.7
2022.9370 -8.18585 -11.9988 -1.1 1.4 0.9 2.8
2022.9397 -8.76029 -10.3323 -5.8 1.4 0.8 2.7
2022.9425 -10.5554 -8.44362 8.7 1.4 0.8 2.7
2022.9452 -8.76029 -9.44353 2.6 1.4 0.8 2.7
2022.9479 -7.46779 -7.66592 -0.5 1.4 0.8 2.7
2022.9507 -2.22598 -4.11071 1.1 1.4 0.8 2.7
2022.9534 -11.2735 -8.66582 -2.1 1.4 0.8 2.8
2022.9562 -9.76557 -8.88802 -3.2 1.4 0.8 2.8
2022.9589 -9.55016 -10.8878 -0.5 1.4 0.8 2.8
2022.9616 -10.34 -8.22142 -0.6 1.4 0.8 2.7
2022.9644 -11.6325 -8.33252 -3 1.4 0.8 2.8
2022.9671 -13.7149 -7.77702 0.7 1.4 0.8 2.7
2022.9699 -9.47835 -7.66592 -0.7 1.4 0.9 2.9
2022.9726 -7.68321 -6.99932 -4.2 1.4 0.9 2.9
2022.9753 -11.8479 -7.66592 1.3 1.4 0.8 2.8
2022.9781 -11.1299 -8.77692 2.2 1.4 0.8 2.8
2022.9808 -12.8532 -9.66573 1.7 1.4 0.8 2.7
2022.9836 -8.47307 -9.88793 -1.1 1.4 0.9 2.8
2022.9863 -7.6114 -11.8877 0.1 1.4 0.9 2.8
2022.9890 -5.0982 -10.3323 11.2 1.4 0.9 2.9
2022.9918 -11.4171 -10.5545 9.4 1.5 0.9 3.0
2022.9945 -9.55016 -10.5545 7 1.4 0.8 2.7
2022.9973 -7.46779 -10.3323 -0.9 1.4 0.9 2.8
2023.0000 -7.39599 -9.99903 -0.2 1.4 0.9 2.8
2023.0027 -7.03696 -10.6656 -2.4 1.4 0.9 2.8
2023.0055 -8.25765 -10.7767 1.3 1.3 0.8 2.7
2023.0082 -9.26293 -10.1101 2.6 1.4 0.8 2.7
2023.0110 -12.4942 -9.88793 -0.3 1.4 0.9 2.7
2023.0137 -9.69377 -9.11022 -5.8 1.3 0.9 2.8
2023.0164 -8.47307 -10.9989 4.5 1.4 0.9 2.8
2023.0192 -10.9145 -10.6656 2.3 1.4 0.9 2.8
2023.0411 -12.2788 -8.11032 -0.4 1.4 0.9 2.8
2023.0438 -12.3506 -10.9989 -1.9 1.4 0.9 2.8
2023.0466 -10.34 -9.88793 -7.1 1.4 0.9 2.8
2023.0493 -9.33474 -9.33242 -2.3 1.4 0.9 2.8
2023.0521 -7.68321 -10.2212 -4.2 1.3 0.8 2.7
2023.0548 -10.7709 -10.6656 -6.8 1.4 0.9 2.8
2023.0575 -8.76029 -10.4434 -6 1.4 0.9 2.8
2023.0603 -8.90391 -11.7766 -0.9 1.5 0.9 2.8
2023.0630 -10.1246 -9.22133 -1.8 1.4 0.9 2.8
2023.0658 -9.33474 -8.55472 -4.2 1.4 0.9 2.8
2023.0685 -10.8427 -9.99903 -3.9 1.4 0.9 2.8
2023.0712 -9.83738 -11.5544 -0.6 1.4 0.9 2.9
2023.0740 -11.2017 -9.77683 -2 1.4 0.9 2.9
2023.0767 -13.2841 -9.66573 -4.7 1.4 0.9 2.8
2023.0795 -13.2122 -9.55463 -4.5 1.4 0.9 2.8
2023.0822 -10.9145 -8.88802 -7.2 1.4 0.9 2.8
2023.0849 -8.97571 -10.6656 -7.8 1.9 1.0 3.3
2023.0877 -8.61668 -10.3323 1.1 1.4 0.9 2.9
2023.0904 -12.9968 -8.77692 -3.4 1.4 0.9 2.8
2023.0932 -10.0528 -11.5544 -6.9 1.4 0.9 2.8
2023.0959 -9.69377 -10.3323 0.2 1.4 0.9 2.8
2023.0986 -4.95459 -11.11 -1.8 1.4 0.9 2.8
2023.1014 -9.26293 -11.8877 2.3 1.3 0.9 2.7
2023.1041 -7.89863 -10.7767 2.7 1.4 0.9 2.8
2023.1068 -13.4277 -8.33252 -3.4 1.3 0.9 2.8
2023.1096 -12.8532 -8.77692 -2.1 1.3 0.9 2.8
2023.1123 -5.81626 -9.99903 -4.9 1.3 0.9 2.8
2023.1151 -10.1246 -10.5545 0 1.3 0.9 2.8
2023.1178 -10.699 -11.11 -1.4 1.3 0.9 2.7
2023.1205 -10.34 -8.66582 4.6 1.3 0.9 2.9
2023.1233 -12.9968 -9.55463 0.1 1.4 0.9 2.9
2023.1260 -16.1563 -9.66573 3.9 1.8 1.0 3.1
2023.1288 -9.19113 -10.4434 -4 1.5 1.0 2.9
2023.1315 -11.7043 -13.4431 -3.3 1.3 0.9 2.8
2023.1342 -10.7709 -11.8877 -3.3 1.3 0.9 2.8
2023.1370 -14.9356 -10.6656 -2 1.3 0.9 2.8
2023.1397 -14.792 -10.7767 -0.2 1.3 0.9 2.8
2023.1425 -15.2228 -11.8877 -2 1.4 0.9 2.8
2023.1452 -18.3823 -10.4434 -0.7 1.3 0.9 2.7
2023.1479 -19.1003 -9.77683 -5.2 1.3 0.9 2.7
2023.1507 -22.4752 -10.7767 -4 1.3 0.9 2.8
2023.1534 -15.0792 -12.6654 0.4 1.4 0.9 2.9
2023.1562 -11.7043 -12.6654 1.3 1.4 0.9 2.9
2023.1589 -16.9461 -8.55472 0.8 2.0 1.2 3.4
2023.1616 -15.0792 -14.5541 -2.5 1.4 1.0 3.0
2023.1644 -14.792 -11.7766 9 1.3 0.9 2.8
2023.1671 -13.0686 -13.332 2.6 1.4 0.9 2.8
2023.1699 -14.0021 -13.5542 2.9 1.4 0.9 2.8
2023.1726 -10.34 -13.9986 -0.9 1.3 0.9 2.8
2023.1753 -21.7571 -12.4432 3.4 1.3 0.9 2.8
2023.1781 -16.2281 -9.33242 -2.4 1.3 0.9 2.8
2023.1808 -13.5713 -9.88793 -5.4 1.3 0.9 2.8
2023.1836 -14.0021 -9.44353 -12 1.3 0.9 2.8
2023.1863 -16.5871 -10.6656 -5.3 1.5 0.9 2.9
2023.1890 -14.4329 -10.5545 -2.9 1.4 0.9 2.9
2023.1918 -16.9461 -11.11 -2.8 1.3 0.9 2.8
2023.1945 -16.8743 -13.5542 -0.9 1.4 0.9 2.8
2023.1973 -11.8479 -9.77683 -6.9 1.4 0.9 2.9
2023.2000 -12.0634 -12.1099 -1 1.4 0.9 2.9
2023.2027 -10.5554 -9.99903 -4 1.4 0.9 2.9
2023.2055 -13.7149 -9.66573 -8.2 1.3 0.9 2.8
2023.2082 -12.8532 -12.1099 -9.8 1.4 0.9 2.8
2023.2110 -15.4382 -11.4433 -3.1 1.4 0.9 2.8
2023.2137 -14.3611 -12.4432 -8.7 1.3 0.9 2.8
2023.2164 -13.4277 -11.4433 -2.1 1.3 0.9 2.8
2023.2192 -15.0792 -12.3321 -3.5 1.3 0.9 2.8
2023.2219 -10.699 -13.332 -5 1.4 0.9 2.8
2023.2247 -12.0634 -12.4432 -2.6 1.5 1.0 3.0
2023.2274 -14.2175 -11.3322 -2.8 1.8 1.0 3.2
2023.2301 -12.4224 -12.1099 -4.2 1.4 0.9 2.9
2023.2329 -11.6325 -11.2211 -4.5 1.4 0.9 2.8
2023.2356 -13.2841 -10.8878 -9.9 1.4 0.9 2.9
2023.2384 -13.6431 -11.5544 -6.9 1.4 0.9 2.8
2023.2411 -13.4277 -12.9987 -4.4 1.5 0.9 3.0
2023.2438 -11.8479 -11.3322 -6 1.5 0.9 2.9
2023.2466 -11.2735 -12.7765 0.6 1.4 0.9 2.9
2023.2493 -8.76029 -14.2208 2.8 1.4 0.9 2.8
2023.2521 -12.8532 -14.7763 -4.3 1.4 0.9 2.8
2023.2548 -14.7202 -12.8876 -1.9 1.5 0.9 3.0
2023.2575 -11.9915 -12.6654 -4.4 1.5 0.9 3.0
2023.2603 -13.6431 -10.5545 -7.7 1.4 0.9 2.9
2023.2630 -10.1964 -10.5545 -1.9 1.5 0.9 2.9
2023.2658 -9.26293 -11.3322 -9.9 1.4 0.9 2.9
2023.2685 -13.2122 -14.7763 -7.4 1.4 0.9 2.9
2023.2712 -12.7814 -12.4432 -9.8 1.4 0.9 2.9
2023.2740 -10.5554 -13.6653 -1.1 1.4 0.9 2.9
2023.2767 -16.5871 -14.443 3.4 1.4 0.9 2.9
2023.2795 -11.3453 -14.6652 -3.6 1.4 0.9 2.8
2023.2822 -11.2735 -13.2209 -9.3 1.4 0.9 2.9
2023.2849 -14.5047 -13.9986 -3.6 1.5 1.0 3.2
2023.2877 -14.3611 -11.6655 -4.6 1.5 1.0 3.1
2023.2904 -11.7761 -13.8875 -3.6 1.5 0.9 2.9
2023.2932 -11.3453 -14.2208 -10 1.4 0.9 2.8
2023.2959 -10.6272 -15.6651 -7.2 1.4 0.9 2.8
2023.2986 -12.566 -14.3319 -9.3 1.4 0.9 2.8
2023.3014 -14.0739 -11.7766 -4.3 1.4 0.9 2.8
2023.3041 -14.3611 -13.5542 -8.2 1.4 0.9 3.0
2023.3068 -12.7814 -11.2211 -6.1 1.4 0.9 2.8
2023.3096 -12.7814 -13.5542 -10.3 1.5 0.9 3.0
2023.3123 -11.7043 -13.9986 -2.6 1.8 1.0 3.2
2023.3151 -13.4995 -13.5542 -0.7 1.4 0.9 2.8
2023.3178 -12.566 -14.5541 -3.3 1.4 0.9 2.8
2023.3205 -13.7149 -12.9987 -5.6 1.4 0.9 2.8
2023.3233 -10.5554 -12.8876 -5 1.4 0.9 2.8
2023.3260 -18.2386 -12.6654 -11.3 1.4 0.9 2.9
2023.3288 -13.2122 -15.2207 -7.1 1.4 0.9 2.8
2023.3315 -10.7709 -12.7765 -7 1.4 0.9 2.8
2023.3342 -9.47835 -13.9986 -5.5 1.4 0.9 2.9
2023.3370 -11.7043 -13.4431 -1 1.4 0.9 2.8
2023.3397 -10.1246 -14.8874 -1.9 1.4 0.9 2.9
2023.3425 -11.7043 -13.2209 -9 1.4 0.9 2.8
2023.3452 -14.3611 -13.4431 -3.8 1.5 0.9 2.9
2023.3479 -14.792 -14.7763 -5.6 1.4 0.9 2.8
2023.3507 -14.5766 -13.4431 -3.7 1.4 0.9 2.8
2023.3534 -14.0739 -12.3321 -4.7 1.4 0.9 2.8
2023.3562 -14.0021 -11.4433 -1.4 1.4 0.8 2.9
2023.3589 -19.3875 -13.5542 -9 1.4 0.9 2.8
2023.3616 -10.0528 -10.8878 -12.1 1.4 0.9 2.9
2023.3644 -12.4224 -14.2208 -5 1.4 0.9 2.8
2023.3671 -11.4889 -13.1098 -18.7 1.4 0.9 2.9
2023.3699 -14.5766 -15.2207 -7 1.5 0.9 2.9
2023.3726 -12.6378 -12.7765 5.4 1.4 0.8 2.9
2023.3753 -22.4752 -16.5539 -0.2 1.4 0.8 2.8
2023.3781 -23.9113 -15.6651 2.3 1.5 0.9 2.9
2023.3808 -15.6536 -14.6652 -5.6 1.5 0.9 3.1
2023.3836 -15.9409 -13.6653 -6.1 1.6 1.0 3.1
