1999.4740 0 0 0 7.5 2.6 12.3
1999.4767 4.57436 0.555171 6.1 1.7 1.2 4.4
1999.4795 3.6486 2.44275 10 1.7 1.3 4.6
1999.4822 2.83175 2.88689 18.2 1.8 1.4 4.6
1999.4849 2.55946 0.666206 8.5 1.9 1.3 4.8
1999.4877 112.671 60.7358 25.5 97.9 69.1 105.0
2000.6575 -0.381197 -33.4213 22.8 4.4 3.3 9.5
2000.6603 4.62882 -39.5282 11.6 2.1 1.3 4.9
2000.6630 1.52479 -39.1951 7.1 1.8 1.3 4.7
2000.6658 1.36142 -39.9723 18.8 1.8 1.3 4.9
2001.4767 -3.15849 -63.0675 25 1.7 1.1 4.1
2001.4795 1.52479 -66.3985 22.7 1.5 1.1 3.8
2001.4822 -3.15849 -63.6226 23.6 1.5 1.0 3.6
2001.4849 -4.73773 -66.5095 17.5 2.5 1.9 5.7
2002.3945 -14.1043 -87.8281 48.2 4.4 2.3 8.2
2002.3973 0.599024 -87.1619 46.7 1.3 1.0 3.7
2002.4000 -1.6337 -86.0516 46.2 1.4 1.0 3.6
2002.4027 -0.707937 -89.0495 23.5 1.7 1.4 4.7
2003.4849 -5.2823 -136.683 38.9 1.6 1.2 4.2
2003.4877 -5.77241 -134.129 1.5 1.7 1.2 4.4
2003.4904 -6.80709 -134.351 40.3 2.0 1.5 5.0
2008.6027 -39.5356 -292.131 102.1 1.2 0.9 2.9
2009.4356 -40.189 -311.562 98.2 3.3 2.9 7.3
2009.4384 -41.496 -319.224 103.9 1.3 0.9 3.0
2009.4411 -46.2337 -315.226 115.5 1.5 1.0 3.3
2011.6384 -47.214 -387.288 121.3 1.5 1.0 3.7
2011.6411 -49.6101 -385.511 128.7 1.6 1.1 3.9
2011.6438 -49.011 -391.729 103.7 1.6 1.1 4.0
2011.6466 -53.422 -389.397 115.8 1.6 1.1 3.9
2011.6493 -45.0901 -394.061 106.4 1.7 1.2 4.3
