2005.5753 0 0 0 4.4 3.3 8.5
2005.5781 7.27951 -7.99463 -4 1.4 1.0 3.1
2005.5808 8.32732 -7.66152 -13.6 1.4 1.0 3.1
2005.5836 9.31998 -9.43811 -19.5 1.7 1.1 3.4
2006.5452 -17.0958 2.22073 11.5 1.4 1.0 3.0
2006.5479 -16.5995 1.44348 13.6 1.4 1.0 3.0
2006.5507 -16.048 2.22073 7 1.4 1.0 3.0
2006.5534 -17.4267 0.999329 3.2 1.4 1.0 2.9
2006.5562 -17.5922 0.777256 12.6 1.4 1.0 3.0
2006.5589 -17.4267 2.88695 9.1 1.4 1.0 3.0
2007.5836 -40.4785 4.88561 34.7 1.4 1.0 2.9
2007.5863 -39.2652 4.66354 38.1 1.4 1.0 2.9
2008.5562 -70.8098 15.7672 40.8 1.3 1.0 2.8
2008.5589 -71.4716 13.5465 37.2 1.3 1.0 2.8
2008.5644 -73.4018 15.5451 31.2 1.3 1.0 2.8
2008.5671 -74.4496 19.2093 22.4 1.3 1.0 2.8
2008.5699 -72.9054 19.3204 13.1 3.0 1.8 5.1
