2002.6110 0 0 0 1.6 1.2 3.5
2002.6137 6.91154 0.999011 -3.1 1.9 1.4 3.8
2004.7151 -16.1989 -36.1864 -11.1 1.7 1.7 3.9
2004.7178 -15.119 -33.9663 -4 1.3 1.2 3.3
2004.7205 -17.5812 -34.5214 -2.8 1.2 1.0 2.9
2005.4904 -26.739 -44.9555 -7.4 1.2 0.9 2.9
2005.4932 -29.1149 -45.6215 -7.4 1.2 0.9 2.9
2006.6904 -37.7975 -69.1537 6.7 1.1 1.0 3.0
2006.6932 -38.9638 -70.5967 0.6 1.2 1.0 3.0
2009.6329 -80.0011 -116.44 -7.9 1.3 1.0 3.1
2009.6356 -70.7137 -117.217 -7 1.2 1.1 2.9
2009.6384 -75.6814 -117.439 -2.3 1.2 1.0 2.9
2009.6411 -72.096 -114.331 7.9 1.6 1.1 3.5
2012.5616 -106.135 -170.165 -5.8 1.3 1.0 3.2
2012.5644 -114.084 -168.278 -51.8 1.2 0.9 2.8
2013.5068 -124.235 -180.599 -28.7 1.1 0.9 2.8
2013.5096 -129.98 -186.038 -19.2 1.2 1.1 3.0
2016.5918 -158.836 -242.315 -12.7 2.6 1.6 5.1
2018.5479 -188.772 -276.171 -13.1 1.7 1.2 3.5
2018.5507 -186.266 -275.172 -20 1.8 1.3 4.1
2021.6959 -220.392 -330.006 1.2 1.3 1.0 3.2
2021.6986 -224.971 -331.338 -10.3 1.5 1.1 3.4
2021.7014 -222.206 -329.118 5.7 1.4 1.1 3.4
