1996.8411 0 0 0 1.7 0.8 3.3
1996.8438 2.00631 6.34114 -1 1.8 0.8 3.4
1996.8466 -8.22587 7.11987 -5.4 1.7 0.8 3.4
1996.8493 -5.51735 8.3436 10.6 1.8 0.8 3.3
1996.8521 -13.4423 6.34114 2.6 1.7 0.8 3.5
1996.8548 -4.91546 5.5624 9.8 1.7 0.8 3.5
1996.8575 -11.2353 4.33867 2 1.8 0.8 3.5
1996.8603 -13.2416 8.7886 9.2 1.8 0.8 3.5
1996.8630 -3.81199 9.67858 25.9 1.7 0.8 3.4
1996.8658 -4.61451 3.22619 26.3 1.8 0.8 3.4
1996.8685 -4.21325 11.3473 20.7 1.7 0.8 3.3
1996.8712 -2.80883 8.67735 25.5 1.7 0.8 3.4
1996.8740 -8.52682 5.89615 12.6 1.8 0.8 3.4
1996.8767 3.81199 4.11618 11.4 1.7 0.8 3.5
1996.8795 -2.30726 6.00739 12.7 1.7 0.8 3.5
1996.8822 -1.40442 2.5587 20.5 1.7 0.8 3.3
1996.8849 0.802527 3.67119 31.5 1.8 0.8 3.3
1996.8877 -4.31357 5.11741 22.4 1.8 0.8 3.6
1996.8904 2.50789 2.5587 23.7 1.8 0.9 3.6
1996.8932 2.40758 -1.55747 27.7 1.7 0.8 3.3
1996.8959 12.7401 4.44992 31.9 1.8 0.8 3.4
1996.8986 3.31041 3.22619 30 1.7 0.8 3.4
1996.9014 2.10663 3.44869 31.4 1.8 0.8 3.4
1996.9041 -10.7338 1.11248 27.7 1.8 0.8 3.4
1996.9068 1.10347 4.78367 28.9 1.7 0.8 3.4
1996.9096 -3.41073 8.7886 26.2 1.9 0.8 3.5
1996.9123 -8.12556 11.1248 22.4 1.8 0.8 3.5
1996.9151 7.62398 2.66995 28 1.6 0.8 3.5
1996.9178 4.41388 8.00986 27.7 1.8 0.8 3.5
1996.9205 5.71799 2.7812 33 1.7 0.8 3.3
1996.9233 10.5331 10.1236 25.2 1.8 0.8 3.4
1996.9260 1.906 5.22866 27.8 2.0 0.8 3.4
1996.9288 7.42335 6.78613 17.6 1.7 0.8 3.4
1996.9315 10.9344 5.67365 22.3 1.8 0.8 3.3
1996.9342 3.00947 9.78983 21.6 1.9 0.8 3.4
1996.9370 -2.80883 4.44992 32.7 1.8 0.8 3.4
1996.9397 1.00316 11.5698 -18.7 1.9 0.8 3.4
1996.9425 -2.00631 9.78983 24.8 1.9 0.8 3.6
1996.9452 -15.8499 9.56733 17.5 1.9 0.8 3.5
1996.9479 3.31041 11.9035 28.4 1.8 0.8 3.4
1996.9507 6.72114 9.01109 18.6 1.8 0.8 3.3
1996.9534 -10.3325 1.89122 2.8 1.8 0.8 3.4
1996.9562 -12.9407 6.78613 37.3 1.8 0.8 3.3
1996.9589 4.5142 8.12111 26.7 1.8 0.8 3.3
1996.9616 -4.11294 2.44746 20.4 1.7 0.8 3.3
1996.9644 -8.02524 1.00123 20 2.2 0.8 3.5
1996.9671 -6.52051 2.44746 23.2 1.8 0.8 3.3
1996.9699 -1.40442 3.0037 27.5 1.8 0.8 3.2
1996.9726 -0.100314 5.00616 21.3 1.9 0.8 3.4
1996.9753 -7.32303 7.67611 28.7 1.8 0.8 3.4
1996.9781 2.30726 4.56117 24.1 1.7 0.8 3.3
1996.9808 -1.3041 6.22989 29.4 1.7 0.8 3.3
1996.9836 -2.00631 2.66995 22.6 2.0 0.8 3.3
1996.9863 2.20694 5.89615 40.3 1.7 0.8 3.3
1996.9890 -0.902842 4.56117 15 1.7 0.8 3.3
1996.9918 3.9123 0.444992 24.1 1.8 0.8 3.4
1996.9945 8.02524 3.89368 23.1 1.9 0.8 3.3
1996.9973 5.21641 2.11371 27.2 1.7 0.7 3.3
1997.0000 -5.11609 6.45239 21.2 1.8 0.8 3.4
1997.0027 -2.50789 4.00493 15.1 1.9 0.8 3.5
1997.0027 -2.10663 1.11248 17.3 1.8 0.8 3.4
1997.0055 -3.00946 0.111248 16 1.8 0.8 3.4
1997.0082 -8.72745 -1.22373 11.3 1.8 0.8 3.3
1997.0110 -15.5489 3.11494 20.5 1.7 0.7 3.2
1997.0137 -18.1571 3.22619 29.6 1.7 0.8 3.3
1997.0164 -4.21325 0.889984 12.4 1.9 0.8 3.3
1997.0192 -7.62398 -0.111248 17.5 1.8 0.8 3.4
1997.0219 2.50789 1.55747 20.8 1.7 0.8 3.2
1997.0247 3.00947 3.33744 23.8 1.8 0.8 3.4
1997.0274 -6.42019 -0.333744 25.1 1.8 0.8 3.3
1997.0301 -5.31672 2.22496 10.3 1.8 0.8 3.3
1997.0329 -0.200629 -0.333744 2.9 1.9 0.8 3.4
1997.0356 -3.61136 2.44746 22.6 1.7 0.8 3.3
1997.0384 -0.200629 3.44869 29.8 1.8 0.8 3.5
1997.0411 -1.3041 0.667488 19.5 1.8 0.8 3.4
1997.0438 8.22587 2.11371 10.5 1.7 0.8 3.3
1997.0466 -5.91862 3.0037 22.2 2.0 0.8 3.4
1997.0493 4.71483 3.89368 16.8 1.8 0.8 3.3
1997.0521 0.501578 -1.11248 14.8 1.8 0.8 3.3
1997.0548 -4.31357 0.889984 28.3 1.7 0.8 3.4
1997.0575 -1.60505 1.77997 3.4 1.7 0.8 3.3
1997.0603 1.00316 3.0037 25.9 2.8 1.1 4.2
1997.0630 -13.9439 5.67365 20.9 1.9 0.9 3.8
1997.0658 -9.0284 9.23359 28.2 1.8 0.8 3.4
1997.0685 -32.4019 7.00863 11.9 3.2 1.2 5.0
1997.0712 -8.42651 1.22373 12.9 1.9 0.8 3.5
1997.0740 -2.80883 -0.667488 19.3 1.9 0.9 3.7
1997.0767 12.0379 9.34484 25.4 1.9 0.8 3.4
1997.0795 -7.32303 1.77997 26.2 1.9 0.7 3.3
1997.0822 0.601893 7.34237 36.8 1.7 0.8 3.3
1997.0849 2.40758 6.56363 27 1.8 0.8 3.3
1997.0877 -4.21325 3.67119 25.6 1.7 0.8 3.4
1997.0904 -3.41073 -0.111248 20.7 1.6 0.7 3.1
1997.0932 -7.1224 2.11371 30.4 1.7 0.7 3.0
1997.0959 -2.30726 6.22989 20.3 2.0 0.8 3.2
1997.0986 -10.5331 2.66995 28.9 1.8 0.8 3.1
1997.1014 2.10663 7.00863 21.7 1.6 0.8 3.0
1997.1041 -4.71483 2.7812 14.1 1.6 0.7 3.0
1997.1068 -4.01262 1.33498 35.9 1.7 0.7 3.0
1997.1096 -2.50789 2.7812 34.1 1.6 0.7 3.0
1997.1123 7.52367 1.22373 21 1.8 0.8 3.1
1997.1151 -5.91862 5.45115 20.1 1.6 0.7 3.0
1997.1178 -6.92177 3.44869 26.1 1.7 0.7 3.0
1997.1205 -10.6334 3.0037 29.2 1.7 0.7 3.0
1997.1233 -3.00946 5.00616 28.4 1.7 0.8 3.1
1997.1260 -5.01578 7.78736 37.9 1.9 0.8 3.4
1997.1288 2.80883 2.7812 32.9 1.8 0.7 3.0
1997.1315 2.70852 4.00493 0.2 1.7 0.7 3.0
1997.1342 5.01578 4.78367 28.8 1.8 0.8 3.1
1997.1370 -5.31672 5.11741 14.4 1.7 0.8 3.1
1997.1397 -1.20379 4.11618 21.6 1.7 0.7 3.0
1997.1425 -11.0347 4.33867 28.3 1.7 0.7 3.1
1997.1452 -3.9123 4.44992 30.2 1.7 0.8 3.0
1997.1479 -11.9375 10.9023 25 1.8 0.7 3.1
1997.1507 -2.80883 7.11987 17 1.9 0.8 3.4
1997.1534 3.71168 7.00863 21.5 1.8 0.8 3.2
1997.1562 -2.40757 1.22373 31.7 1.9 0.8 3.4
1997.1589 -4.91546 4.44992 36.3 1.9 0.8 3.4
1997.1616 5.61767 -0.889984 31 2.0 0.8 3.6
1997.1644 -10.7338 8.23235 44.4 2.0 0.8 3.5
1997.1671 0.802527 3.33744 36.1 2.0 0.8 3.4
1997.1699 -5.31672 3.22619 33.9 1.9 0.8 3.4
1997.1726 -6.72114 6.34114 37.5 1.8 0.8 3.4
1997.1753 2.00631 2.5587 22.5 1.8 0.8 3.3
1997.1781 -2.20694 4.22743 25.2 1.8 0.8 3.3
1997.1808 5.01578 4.11618 18.2 1.8 0.8 3.5
1997.1836 -1.20379 2.22496 38.9 1.8 0.8 3.5
1997.1863 -5.61767 1.33498 29.9 1.9 0.8 3.4
1997.1890 2.20694 3.89368 29.4 1.9 0.8 3.4
1997.1918 3.00947 3.44869 52.1 1.9 0.8 3.4
1997.1945 1.00316 5.00616 32.8 1.9 0.8 3.4
1997.1973 -2.40757 5.67365 34.2 1.9 0.8 3.3
1997.2000 3.10978 0.333744 29.2 1.8 0.8 3.3
1997.2027 -6.01893 2.00246 22.4 1.8 0.8 3.4
1997.2055 -0.401264 5.89615 24.4 1.8 0.8 3.3
1997.2082 -4.61451 1.89122 21.1 1.9 0.8 3.4
1997.2110 -10.4328 4.44992 31.3 1.8 0.7 3.3
1997.2137 -7.42335 4.00493 24.5 1.8 0.8 3.4
1997.2164 -1.60505 2.22496 27.4 1.8 0.7 3.3
1997.2192 -6.72114 2.11371 2.3 1.9 0.8 3.5
1997.2219 -1.40442 5.5624 14.6 1.8 0.7 3.3
1997.2247 2.30726 3.33744 21.9 1.8 0.8 3.2
1997.2274 -4.01262 1.00123 21.8 1.8 0.8 3.4
1997.2301 -10.3325 2.33621 39.6 1.9 0.8 3.4
1997.2329 2.10663 2.66995 24.6 1.9 0.8 3.3
1997.2356 -7.72429 -0.778736 11.5 1.9 0.8 3.3
1997.2384 -7.32303 3.67119 17.5 1.9 0.8 3.3
1997.2411 2.20694 0 26.6 1.8 0.7 3.2
1997.2438 -12.5394 6.67488 45.6 1.9 0.8 3.3
1997.2466 -11.0347 2.44746 29.5 1.9 0.8 3.6
1997.2493 -2.80883 6.56363 32 1.8 0.8 3.5
1997.2521 -2.6082 5.5624 31.5 1.9 0.8 3.4
1997.2548 -6.52051 4.78367 26.8 1.8 0.8 3.3
1997.2575 -9.12871 4.33867 15.4 1.9 0.8 3.3
1997.2603 -2.00631 -0.333744 17.6 2.0 0.8 3.5
1997.2630 -0.601893 1.11248 27.4 1.9 0.8 3.3
1997.2658 -14.8467 2.22496 30.3 1.9 0.8 3.4
1997.2685 -13.342 3.67119 24.1 1.9 0.8 3.3
1997.2712 -16.7527 6.22989 37.4 1.9 0.8 3.4
1997.2740 -6.52051 5.11741 30 1.9 0.8 3.3
1997.2767 -8.42651 4.67242 29.9 1.9 0.8 3.4
1997.2795 -15.1476 6.89738 28.7 1.8 0.8 3.3
1997.2822 -6.42019 4.56117 21.4 1.9 0.8 3.4
1997.2849 3.61136 3.89368 26.7 1.9 0.8 3.4
1997.2877 0.702207 3.67119 15.8 1.9 0.8 3.2
1997.2904 -16.2511 8.89984 29.8 1.9 0.8 3.3
1997.2932 -8.82777 3.11494 20.4 1.9 0.8 3.3
1997.2959 -0.902842 1.89122 27 2.0 0.8 3.5
1997.2986 -9.22903 3.33744 15.2 1.8 0.8 3.4
1997.3014 -11.0347 3.0037 27.4 1.8 0.8 3.2
1997.3041 6.82146 3.33744 28.5 1.9 0.8 3.3
1997.3068 -4.81515 0.889984 19.4 1.8 0.8 3.3
1997.3096 0 2.66995 24.3 1.8 0.8 3.3
1997.3123 7.02209 -1.33498 30.5 1.9 0.8 3.3
1997.3151 -0.200629 2.66995 22.6 1.9 0.8 3.4
1997.3178 14.4454 -2.44746 25.3 1.8 0.8 3.3
1997.3205 -1.90599 2.5587 9.6 1.8 0.8 3.3
1997.3233 3.81199 -0.111248 15.4 1.8 0.8 3.4
1997.3260 -3.9123 3.22619 16.5 1.8 0.8 3.4
1997.3288 2.10663 2.89245 20.8 1.7 0.8 3.3
1997.3315 -6.52051 4.89491 31.9 1.8 0.8 3.4
1997.3342 -18.5584 9.78983 8.5 1.8 0.8 3.4
1997.3370 -4.81515 8.23235 20.9 1.7 0.8 3.4
1997.3397 0.802527 12.126 17.9 1.8 0.8 3.4
1997.3425 -11.8372 3.11494 6.4 1.8 0.8 3.5
1997.3452 -8.62714 2.89245 19.2 1.7 0.8 3.4
1997.3479 -4.71483 7.78736 25.6 1.6 0.8 3.3
1997.3507 -8.12556 2.22496 24.5 1.6 0.7 3.2
1997.3534 -9.42966 6.56363 12.9 1.7 0.8 3.3
1997.3562 -8.62714 6.22989 29.9 1.7 0.8 3.5
1997.3589 -7.72429 4.89491 27.2 1.7 0.8 3.5
1997.3616 1.50473 3.89368 24.7 1.8 0.8 3.4
1997.3644 -9.52998 2.00246 12.1 1.7 0.8 3.5
1997.3671 -6.62082 3.78243 22.4 1.7 0.8 3.4
1997.3699 -7.52367 4.33867 23.6 1.7 0.8 3.4
1997.3726 -12.0379 -0.778736 24.5 1.7 0.8 3.3
1997.3753 -0.601893 -1.44622 16.4 1.7 0.8 3.6
1997.3781 -12.9407 -0.333744 35.5 1.7 0.8 3.3
1997.3808 -11.3357 1.11248 26.6 1.7 0.8 3.6
1997.3836 -12.5394 2.66995 31.2 1.8 0.9 3.7
1997.3863 -10.2322 -0.667488 21.4 1.8 0.8 3.7
1997.3890 2.40758 5.00616 27.7 1.8 0.8 3.5
1997.3918 -25.4801 4.78367 -9.9 1.8 0.8 3.6
1997.3945 -15.8499 0.222496 16.7 1.8 0.8 3.5
1997.3973 -9.93124 2.00246 16.2 1.7 0.8 3.6
1997.4000 -7.02209 0 26.9 1.8 0.8 3.7
1997.4027 -6.92177 5.00616 33 1.9 0.8 3.6
1997.4055 -5.41704 -3.33744 48.8 1.7 0.8 3.4
1997.4082 -11.5363 1.00123 22.5 1.8 0.8 3.4
1997.4110 -6.62082 3.67119 13.1 1.7 0.8 3.4
1997.4137 0.501578 2.00246 34.2 1.8 0.8 3.4
1997.4164 -7.82461 2.5587 20.2 1.8 0.8 3.4
1997.4192 -13.4423 7.67611 34.5 1.9 0.9 3.9
1997.4219 -0.401264 7.00863 6.4 2.0 0.9 3.7
1997.4247 -7.92493 3.22619 40 2.0 0.9 3.7
1997.4274 5.71799 -11.1248 22.7 1.7 0.8 3.4
1997.4301 -10.6334 2.00246 24 1.8 0.8 3.4
1997.4329 -4.91546 -1.22373 16.9 1.7 0.8 3.4
1997.4356 1.80568 9.12234 4.9 1.7 0.7 3.3
1997.4384 -15.9502 8.23235 17.8 1.8 0.8 3.6
1997.4411 -19.4612 3.22619 36.2 1.8 0.8 3.7
1997.4438 -9.63029 1.00123 23.7 1.8 0.8 3.5
1997.4466 -7.1224 2.89245 29 1.7 0.8 3.4
1997.4493 3.61136 -3.11494 19.2 1.7 0.8 3.3
1997.4521 -10.6334 -5.33991 27.8 1.8 0.8 3.5
1997.4548 -4.41388 3.67119 29.9 1.7 0.8 3.4
1997.4575 0.601893 -0.111248 25.3 1.7 0.8 3.5
1997.4603 -7.52367 2.22496 35.1 1.8 0.8 3.4
1997.4630 -3.00946 2.5587 10.5 1.8 0.8 3.4
1997.4658 -10.6334 4.22743 23.6 1.7 0.8 3.3
1997.4685 -5.71799 1.00123 28.2 1.7 0.8 3.4
1997.4712 -4.61451 -0.55624 23.8 1.7 0.8 3.4
1997.4740 0.501578 3.33744 21.2 1.8 0.8 3.4
1997.4767 -5.91862 4.89491 31.4 1.7 0.8 3.3
1997.4795 -5.11609 6.78613 26.5 1.7 0.8 3.4
1997.4822 -9.42966 4.00493 31.5 1.7 0.8 3.6
1997.4849 -2.6082 1.22373 22.5 1.7 0.7 3.2
1997.4877 1.10347 1.77997 20.9 1.7 0.8 3.5
1997.4904 -0.802522 3.33744 28.5 1.8 0.8 3.4
1997.4932 -19.3609 5.33991 10.7 1.7 0.8 3.3
1997.4959 12.7401 -2.44746 16.4 1.7 0.8 3.4
1997.4986 -6.82146 5.00616 44 1.8 0.8 3.4
1997.5014 -3.41073 0.333744 25.3 1.8 0.8 3.5
1997.5041 -7.22272 2.00246 38.6 2.0 0.8 3.4
1997.5068 -0.100314 -0.333744 38.5 1.7 0.8 3.4
1997.5096 -11.5363 1.44622 9.7 1.9 0.8 3.4
1997.5123 -2.70852 4.44992 26.8 1.7 0.8 3.4
1997.5151 -3.41073 6.56363 13.4 1.7 0.8 3.3
1997.5178 -7.92493 1.22373 16.1 1.9 0.8 3.4
1997.5205 -5.8183 -2.55871 12 1.7 0.8 3.5
1997.5233 3.81199 3.0037 60.6 1.7 0.8 3.4
1997.5260 -0.802522 -0.444992 38.1 1.8 0.8 3.7
1997.5288 5.1161 4.67242 54.7 1.7 0.8 3.5
1997.5808 -9.52998 6.11864 26.6 1.8 0.8 3.7
1997.5836 2.20694 3.67119 46.5 1.9 0.8 3.7
1997.5863 -16.6524 9.56733 54.2 1.7 0.8 3.5
1997.5890 -12.1382 2.44746 22 1.8 0.8 3.6
1997.5918 2.30726 9.12234 38.9 1.8 0.8 3.6
1997.5945 -11.5363 9.01109 38.2 1.8 0.8 3.5
1997.5973 -19.6618 3.89368 57 1.8 0.8 3.4
1997.6000 -31.3988 0.667488 68.3 1.9 0.8 3.4
1997.6027 -2.30726 2.7812 68.2 1.9 0.8 3.5
1997.6055 -17.2543 -4.11618 45.6 1.9 0.8 3.4
1997.6082 3.9123 7.45362 21.3 1.9 0.8 3.5
1997.6110 -16.2511 0.889984 55.6 2.1 0.8 3.4
1997.6137 -7.02209 4.33867 32.6 1.8 0.8 3.6
1997.6164 -13.1413 5.11741 25.1 1.8 0.8 3.5
1997.6192 -2.70852 5.89615 25.7 1.8 0.8 3.5
1997.6219 -9.22903 5.7849 20.7 1.8 0.8 3.4
1997.6247 -12.7401 0.667488 26 1.8 0.8 3.4
1997.6274 -5.8183 1.44622 26.8 1.8 0.8 3.5
1997.6301 -12.2385 3.55994 8.3 1.9 0.8 3.5
1997.6329 3.00947 4.00493 6.2 1.8 0.8 3.5
1997.6356 0.802527 9.34484 45.4 1.7 0.8 3.4
1997.6384 -5.41704 13.016 33.4 1.9 0.8 3.4
1997.6411 -4.21325 8.5661 30.7 1.8 0.8 3.4
1997.6438 -5.71799 -0.333744 47.5 1.9 0.8 3.3
1997.6466 5.31672 4.56117 59.5 1.8 0.8 3.4
1997.6493 -6.21956 17.6884 7.9 2.0 0.8 3.5
1997.6521 -13.342 11.1248 35.6 1.7 0.8 3.5
1997.6548 -14.8467 10.3461 18.8 2.0 0.8 3.5
1997.6575 -1.20379 2.7812 14.9 1.9 0.8 3.5
1997.6603 -8.52682 6.89738 16.1 1.8 0.8 3.4
1997.6630 2.20694 8.67735 23.8 1.8 0.8 3.5
1997.6658 -1.40442 4.00493 9.7 1.9 0.8 3.6
1997.6685 5.8183 10.3461 24.3 1.8 0.8 3.4
1997.6712 -3.71168 6.11864 -1.5 1.8 0.8 3.4
1997.6740 -0.100314 1.44622 21.8 1.9 0.8 3.6
1997.6767 -6.42019 10.1236 9.2 1.9 0.8 3.5
1997.6795 -3.00946 6.89738 10.3 1.9 0.8 3.5
1997.6822 0.902842 2.44746 32.3 1.8 0.8 3.6
1997.6849 9.12871 0.111248 19.8 1.8 0.8 3.4
1997.6877 2.6082 1.33498 19.6 1.9 0.8 3.6
1997.6904 -7.62398 4.00493 11.2 1.8 0.8 3.6
1997.6932 -5.51735 9.12234 21.1 1.8 0.8 3.6
1997.6959 4.01262 0.444992 40.3 2.0 0.8 3.7
1997.6986 1.70536 3.89368 5.2 2.0 0.8 3.6
1997.7014 -2.40757 2.00246 14 1.9 0.8 3.6
1997.7041 3.31041 3.55994 34.1 2.9 1.0 4.9
1997.7068 -0.401264 10.2348 -2.3 2.6 1.3 6.4
1997.7096 -14.1445 3.0037 27.5 2.3 1.3 6.6
1997.7123 -9.0284 1.11248 14.6 2.3 1.3 6.6
1997.7151 -10.6334 5.7849 17 2.2 1.3 6.3
1997.7178 -6.42019 1.89122 2.8 2.2 1.2 6.1
1997.7205 -10.1319 7.23112 18.4 2.2 1.2 6.2
1997.7233 -12.2385 1.89122 12.4 2.3 1.3 6.4
1997.7260 -5.01578 0.889984 31.8 2.3 1.3 6.7
1997.7288 -13.4423 3.33744 17.1 2.5 1.3 6.7
1997.7315 4.01262 6.89738 34 2.2 0.9 3.9
1997.7342 -3.61136 3.22619 2.3 2.1 0.8 3.6
1997.7370 -9.12871 1.22373 -0.9 2.1 0.8 3.4
1997.7397 -8.12556 -1.00123 22.7 1.9 0.9 3.9
1997.7425 -16.6524 2.22496 12.5 1.9 0.9 3.8
1997.7452 -18.5584 1.55747 23.7 1.9 0.8 3.6
1997.7479 -5.41704 4.33867 22 1.8 0.8 3.7
1997.7507 -2.40757 4.00493 5.4 1.9 0.9 4.0
1997.7534 -5.71799 3.78243 15.5 1.8 0.8 3.7
1997.7562 -4.71483 4.33867 36 1.8 0.8 3.8
1997.7589 -10.4328 8.23235 46 1.9 0.9 3.7
1997.7616 -8.02524 10.3461 14.6 1.8 0.8 3.7
1997.7644 -6.92177 2.5587 13.5 1.8 0.8 3.7
1997.7671 -13.1413 4.33867 21.1 1.7 0.8 3.5
1997.7699 -11.9375 6.67488 15.5 1.8 0.9 3.7
1997.7726 -11.8372 1.22373 33.7 1.7 0.8 3.5
1997.7753 -0.200629 0.222496 28.7 1.8 0.8 3.7
1997.7781 -6.92177 4.89491 4.2 1.8 0.8 3.7
1997.7808 -11.2353 4.22743 -4.3 1.8 0.8 3.6
1997.7836 -15.1476 4.11618 1.4 1.7 0.8 3.7
1997.7863 -16.3514 -1.77997 7.7 1.7 0.8 3.5
1997.7890 -5.31672 4.67242 7.1 1.8 0.9 3.8
1997.7918 -15.5489 7.23112 20.4 1.9 0.8 3.6
1997.7945 -3.00946 -2.66995 -2 1.8 0.8 3.6
1997.7973 -14.947 5.89615 10.4 1.7 0.8 3.5
1997.8000 -3.51104 6.89738 24.5 1.8 0.8 3.8
1997.8027 -16.9533 4.78367 -4.2 1.8 0.8 3.7
1997.8055 -9.32934 7.11987 28.6 1.8 0.9 3.6
1997.8082 -14.0442 4.56117 12.8 1.8 0.8 3.7
1997.8110 -16.0505 3.89368 -3.2 1.7 0.8 3.6
1997.8137 -8.62714 4.11618 4.1 1.8 0.8 3.8
1997.8164 -22.571 6.22989 -12.2 1.9 0.8 3.7
1997.8192 -11.5363 4.78367 -9.4 1.8 0.8 3.7
1997.8219 -18.2574 4.33867 1.6 1.9 0.8 3.8
1997.8247 -12.4391 6.67488 6.7 1.9 0.8 3.7
1997.8274 -17.154 7.67611 17.3 1.8 0.8 3.7
1997.8301 -12.3388 5.67365 12.8 1.8 0.8 3.7
1997.8329 -8.12556 6.22989 16 2.1 0.8 3.5
1997.8356 -5.21641 4.67242 14.6 2.1 0.8 3.6
1997.8384 -10.1319 4.78367 5.7 1.9 0.8 3.5
1997.8411 -5.51735 3.44869 23.4 1.9 0.8 3.5
1997.8438 -14.2448 7.89861 21.6 1.8 0.8 3.6
1997.8466 -9.73061 4.89491 26.2 1.8 0.8 3.5
1997.8493 -14.8467 6.11864 25.8 2.0 0.8 3.7
1997.8521 -15.0473 1.11248 25.3 1.9 0.9 3.8
1997.8548 -8.72745 6.56363 26.9 1.7 0.8 3.4
1997.8575 -15.7495 5.5624 22.4 1.8 0.8 3.7
1997.8603 -15.8499 4.67242 12.4 1.7 0.8 3.4
1997.8630 -9.83092 6.67488 30.9 1.8 0.8 3.8
1997.8767 7.82461 8.89984 39.8 3.9 1.5 6.9
1997.8795 -14.8467 9.01109 20.1 1.8 0.8 3.6
1997.8822 -2.00631 10.2348 31 1.9 0.8 3.6
1997.8849 -1.50473 6.22989 22.2 1.8 0.8 3.7
1997.8877 -14.1445 1.11248 19.2 2.0 0.9 3.9
1997.8904 -5.01578 -0.444992 23.1 2.4 0.9 3.9
1997.8932 -0.702207 3.55994 20.5 2.1 0.9 4.1
1997.8959 -20.8656 5.00616 25 2.3 1.0 4.2
1997.8986 -12.6398 1.33498 38.5 2.0 0.9 3.8
1997.9014 -13.1413 4.89491 6.3 1.8 0.8 3.8
1997.9041 -17.9565 6.00739 17.3 2.0 0.9 3.9
1997.9068 -12.4391 -0.111248 5.1 1.8 0.8 3.6
1997.9096 -13.9439 10.0123 21.2 1.8 0.8 3.6
1997.9123 -24.5773 11.681 28.6 1.8 0.8 3.8
1997.9178 -21.0663 9.01109 27.3 2.9 1.2 4.9
1997.9205 -23.2732 2.66995 9.9 1.8 0.8 3.5
1997.9233 -16.6524 6.45239 18.6 1.9 0.9 3.8
1997.9260 -7.1224 7.56487 18.4 1.8 0.8 3.6
1997.9288 -7.52367 5.22866 14.4 1.8 0.8 3.7
1997.9315 -26.383 2.89245 23.1 1.9 0.8 3.6
1997.9342 -9.32934 7.34237 15.9 1.9 0.8 3.6
1997.9370 -3.41073 6.89738 16.9 1.8 0.8 3.7
1997.9397 -15.0473 6.89738 16 1.8 0.8 3.6
1997.9425 -18.0568 7.89861 27.9 2.0 0.8 3.5
1997.9452 -12.4391 10.6798 22.1 1.9 0.8 3.7
1997.9479 -18.4581 7.45362 21.2 1.9 0.9 3.7
1997.9507 -10.6334 12.571 49.1 1.7 0.8 3.6
1997.9534 -7.92493 8.00986 29.1 1.8 0.8 3.7
1997.9562 -5.61767 8.5661 12 1.8 0.8 3.6
1997.9589 -6.72114 10.5686 28.4 1.7 0.8 3.5
1997.9644 -14.6461 6.22989 12.9 2.8 1.1 4.8
1997.9671 -17.9565 7.89861 18.6 1.7 0.8 3.4
1997.9699 -20.3641 4.89491 9.5 1.7 0.8 3.4
1997.9726 -8.82777 4.00493 16.3 1.7 0.8 3.5
1997.9781 -10.5331 3.11494 19.6 2.9 1.3 5.8
1997.9808 -9.32934 7.56487 19.3 2.7 1.1 4.9
1997.9836 -14.7464 3.78243 44.3 2.0 0.8 3.7
1997.9863 -1.50473 4.67242 11.7 1.9 0.8 3.6
1997.9890 -7.52367 6.56363 25.7 1.7 0.8 3.3
1997.9918 -2.40757 8.12111 16.8 1.7 0.8 3.3
1997.9945 -10.8341 3.11494 19.8 1.7 0.8 3.5
1997.9973 -16.0505 6.45239 15.7 1.7 0.7 3.4
1998.0000 -12.4391 7.78736 16.2 2.1 0.8 3.6
1998.0027 -3.41073 7.23112 15.8 2.0 0.8 3.5
1998.0055 -5.51735 10.4573 31.5 1.7 0.8 3.4
1998.0082 -15.248 5.00616 17 1.9 0.8 3.6
1998.0110 -7.72429 5.00616 18.9 1.7 0.8 3.4
1998.0137 -2.20694 7.78736 28.9 1.8 0.8 3.6
1998.0164 -27.3861 7.67611 14.6 5.7 1.5 6.9
1998.0192 -14.7464 4.56117 13 2.1 0.9 3.8
1998.0219 -17.7559 6.00739 31.2 2.0 0.8 3.5
1998.0247 -12.4391 9.12234 35.2 1.7 0.8 3.3
1998.0274 -10.1319 7.00863 38.3 1.9 0.8 3.4
1998.0301 -8.12556 10.0123 43.2 1.8 0.8 3.7
1998.0329 -0.601893 7.45362 27.8 1.9 0.8 3.6
1998.0356 -4.5142 8.7886 26 1.8 0.8 3.6
1998.0384 3.61136 9.34484 21 1.8 0.8 3.4
1998.0411 -5.01578 9.67858 19.5 1.7 0.7 3.3
1998.0438 -8.32619 6.89738 32.6 1.9 0.8 3.4
1998.0466 -15.7495 8.7886 30.2 1.9 0.8 3.5
1998.0493 -12.0379 11.7923 19.3 1.9 0.8 3.5
1998.0521 -16.1508 11.3473 18.8 1.9 0.8 3.5
1998.0548 -15.248 3.67119 20.4 1.8 0.8 3.5
1998.0575 -20.665 4.33867 22.8 1.8 0.8 3.4
1998.0603 -13.9439 6.00739 3.5 1.8 0.8 3.5
1998.0630 -8.02524 8.12111 20.2 2.0 0.8 3.7
1998.0658 -8.72745 6.78613 10.6 1.9 0.8 3.5
1998.0685 -16.1508 9.78983 25.7 1.9 0.8 3.5
1998.0712 -10.6334 7.89861 26.5 1.9 0.8 3.5
1998.0740 -22.1697 12.7935 19.4 2.2 1.0 4.7
1998.0767 -12.6398 10.2348 15.8 4.7 1.2 5.5
1998.0795 -12.7401 11.9035 17.5 1.8 0.8 3.5
1998.0822 -20.9659 7.67611 14.1 1.8 0.8 3.4
1998.0849 -18.4581 11.7923 13.8 1.9 0.8 3.4
1998.0877 -16.1508 7.56487 15.9 1.9 0.8 3.5
1998.0904 -15.248 6.78613 18.2 1.8 0.7 3.3
1998.0932 -15.4486 9.12234 11.7 1.9 0.8 3.5
1998.0959 -7.42335 7.67611 18.4 2.0 0.8 3.6
1998.0986 -4.5142 9.34484 14 2.0 0.8 3.7
1998.1014 -14.7464 8.00986 20 1.8 0.8 3.4
1998.1041 -8.52682 9.01109 21.3 1.8 0.8 3.5
1998.1068 -7.92493 10.1236 18.5 2.0 0.8 3.5
1998.1096 -6.72114 12.571 17.8 1.9 0.8 3.5
1998.1123 -13.1413 11.7923 23.5 1.8 0.8 3.5
1998.1151 -14.8467 10.4573 17.7 2.1 0.8 3.6
1998.1178 -14.2448 7.56487 21.5 2.0 0.8 3.5
1998.1205 -18.0568 8.45485 25.2 1.9 0.8 3.6
1998.1233 -10.4328 12.0148 16.1 1.9 0.8 3.4
1998.1260 -13.041 7.78736 22.9 1.9 0.8 3.5
1998.1288 -2.90915 5.11741 18.4 1.9 0.8 3.6
1998.1315 -8.32619 8.89984 27.5 1.9 0.8 3.7
1998.1452 -8.62714 7.78736 25.9 3.6 1.3 5.8
1998.1479 -11.135 7.34237 22 1.9 0.8 3.8
1998.1507 -13.4423 8.89984 18 1.8 0.8 3.6
1998.1534 -8.72745 9.01109 21.1 2.1 0.8 3.6
1998.1562 -18.3577 7.00863 25.5 1.9 0.8 3.8
1998.1589 -14.5458 6.00739 15.8 1.9 0.8 3.7
1998.1616 -13.4423 7.11987 11.6 2.2 0.8 3.8
1998.1644 -17.5552 15.686 -14.9 1.8 0.8 3.6
1998.1671 -8.22587 8.5661 12.9 1.9 0.8 3.8
1998.1699 -14.2448 4.00493 20.5 1.8 0.8 3.6
1998.1726 -19.6618 5.00616 19.3 1.8 0.8 3.6
1998.1753 -18.2574 7.11987 22.3 1.9 0.8 3.6
1998.1781 -13.9439 7.78736 18.7 1.8 0.8 3.6
1998.1808 -15.9502 7.45362 8.6 2.1 0.8 3.7
1998.1836 -13.342 8.5661 21 1.8 0.8 3.6
1998.1863 -18.8593 5.67365 21.5 1.8 0.8 3.6
1998.1890 -21.9691 7.11987 10.9 2.1 0.9 4.2
1998.1918 -18.3577 11.5698 13 1.9 0.8 3.8
1998.1945 -22.571 10.9023 13.6 1.9 0.8 3.7
1998.1973 -19.1603 9.56733 28.5 2.1 0.8 3.7
1998.2000 -12.8404 6.22989 28.3 2.1 0.8 3.7
1998.2027 -26.4833 7.56487 17.8 1.8 0.7 3.5
1998.2055 -20.4644 9.01109 21.2 1.9 0.8 3.6
1998.2082 -11.2353 8.5661 14.8 2.1 0.8 3.7
1998.2110 -22.7716 7.67611 17.2 1.9 0.8 3.6
1998.2137 -18.5584 10.3461 27.3 1.9 0.8 3.8
1998.2164 -17.6555 8.23235 29.6 1.9 0.8 3.8
1998.2192 -15.7495 6.22989 12.8 1.8 0.8 3.7
1998.2219 -13.2416 8.12111 24.9 2.2 0.8 3.8
1998.2247 -21.2669 8.67735 7.2 1.9 0.8 3.7
1998.2274 -8.52682 8.5661 4 2.2 0.8 4.0
1998.2301 -15.6492 9.12234 14.1 2.0 0.8 3.8
1998.2329 -12.1382 3.22619 7.2 1.9 0.8 3.7
1998.2356 -16.5521 5.33991 10.9 2.0 0.8 4.0
1998.2384 -12.5394 6.78613 20.5 2.2 0.8 3.7
1998.2411 -29.4928 11.4585 23.4 2.0 0.8 3.7
1998.2438 -13.7432 8.00986 17.1 2.0 0.8 3.9
1998.2466 -15.8499 7.78736 25.2 1.9 0.8 3.7
1998.2493 -23.8751 11.1248 17.1 1.9 0.9 4.0
1998.2521 -16.9533 13.1273 33.5 1.9 0.8 3.8
1998.2548 -38.6215 19.5797 17.2 1.9 0.8 3.6
1998.2575 -30.0947 10.6798 19.4 2.0 0.8 3.8
1998.2603 -21.9691 11.2361 18.6 1.9 0.8 3.8
1998.2630 -21.2669 9.01109 8.6 2.1 0.9 4.0
1998.2658 -35.7123 12.2373 12 2.0 0.9 4.0
1998.2685 -19.7622 8.45485 16 2.0 0.9 3.8
1998.2712 -22.1697 11.3473 26.3 1.8 0.8 3.7
1998.2740 -31.4991 12.126 40.7 2.0 0.8 4.0
1998.2767 -40.7281 15.5747 34.3 2.0 0.8 4.1
1998.2795 -47.7502 14.351 23.7 1.9 0.8 3.7
1998.2822 -28.0884 12.2373 32.8 1.9 0.8 3.7
1998.2849 -20.665 9.56733 25 1.9 0.9 3.9
1998.2877 -11.8372 7.67611 18.9 2.7 1.1 5.0
1998.2904 -11.0347 4.89491 5.8 3.0 1.2 5.3
1998.2932 -22.571 10.9023 19.5 2.4 0.9 3.9
1998.2959 -40.4272 10.5686 22.9 1.9 0.8 3.6
1998.2986 -23.3735 9.12234 25.8 2.0 0.8 3.8
1998.3014 -27.2858 7.56487 21.9 1.8 0.8 3.6
1998.3041 -25.5805 11.681 21.3 1.9 0.8 3.7
1998.3068 -20.3641 10.0123 15.5 1.7 0.8 3.6
1998.3096 -16.2511 6.67488 19.8 1.8 0.8 3.7
1998.3123 -17.5552 8.00986 19.6 1.7 0.8 3.6
1998.3151 -18.5584 7.23112 11.8 1.8 0.8 3.5
1998.3178 -19.06 6.11864 7.6 1.8 0.8 3.8
1998.3205 -11.6366 9.90108 30.1 1.8 0.8 3.7
1998.3233 -14.6461 7.89861 13.8 1.7 0.8 3.7
1998.3260 -4.61451 8.23235 20.2 1.9 0.8 3.8
1998.3288 -14.2448 6.22989 -1.4 2.0 0.8 3.6
1998.3315 -13.4423 6.89738 23.4 2.1 0.8 3.7
1998.3342 -16.6524 10.0123 16.2 2.0 0.8 3.4
1998.3370 -18.2574 6.00739 22 1.8 0.8 3.6
1998.3397 -27.0852 7.67611 10 1.9 0.8 3.6
1998.3425 -17.4549 5.5624 5.3 1.8 0.8 3.4
1998.3452 -22.571 9.01109 13.5 1.9 0.8 3.8
1998.3479 -18.3577 8.67735 12.9 1.8 0.8 3.6
1998.3507 -19.06 10.2348 4 1.8 0.8 3.7
1998.3534 -22.1697 7.89861 16.4 1.9 0.8 3.7
1998.3562 -20.5647 7.78736 25.4 1.8 0.8 3.8
1998.3589 -24.176 9.12234 21.3 1.7 0.8 3.7
1998.3616 -26.5836 8.3436 19.4 1.8 0.8 3.9
1998.3644 -25.3798 6.89738 36 1.8 0.8 3.6
1998.3671 -22.7716 7.78736 21.3 1.8 0.8 3.9
1998.3699 -27.1855 11.3473 13.1 1.8 0.8 3.9
1998.3726 -23.7748 7.23112 17.2 2.1 0.9 3.8
1998.3753 -21.8688 7.00863 10.4 1.8 0.8 3.8
1998.3781 -21.6682 6.67488 7.8 2.0 0.8 3.7
1998.3808 -33.4051 4.78367 15.7 1.8 0.8 3.7
1998.3836 -15.8499 7.67611 46.3 1.9 0.8 3.7
1998.3863 -18.0568 4.11618 2 1.8 0.8 3.7
1998.3890 -24.0757 2.7812 16.5 1.8 0.8 3.6
1998.3918 -24.0757 6.45239 38.2 1.8 0.8 3.9
1998.3945 -23.7748 6.22989 33.5 1.8 0.8 3.6
1998.3973 -28.4896 7.67611 19.1 1.8 0.8 4.0
1998.4000 -16.7527 8.12111 35.3 1.9 0.9 3.8
1998.4027 -29.3924 11.1248 37.3 1.8 0.8 3.5
1998.4055 -36.2139 11.5698 37.6 1.8 0.8 3.6
1998.4082 -25.2795 6.11864 29.2 1.7 0.8 3.6
1998.4110 -20.665 6.78613 18.4 1.8 0.8 3.7
1998.4137 -22.0694 9.78983 34.5 1.9 0.8 3.7
1998.4192 -23.5742 1.66872 35.2 2.6 1.3 5.6
1998.4219 -33.706 6.22989 31 1.8 0.8 3.7
1998.4247 -29.3924 8.00986 25.4 1.8 0.8 3.7
1998.4274 -19.2606 6.00739 25.9 1.8 0.8 3.8
1998.4301 -20.3641 5.89615 19.6 1.9 0.8 4.1
1998.4329 -24.0757 6.89738 10.6 1.8 0.8 3.7
1998.4356 -31.3988 5.5624 16 1.8 0.8 3.7
1998.4384 -4.41388 4.33867 53.9 1.8 0.8 3.6
1998.4411 -21.8688 6.56363 29.5 1.9 0.8 3.7
1998.4438 -15.3483 5.33991 25.7 1.8 0.8 3.7
1998.4466 -21.3672 6.56363 22.8 1.8 0.8 3.7
1998.4493 -24.7779 10.5686 34.4 1.8 0.8 3.6
1998.4521 -17.7559 1.77997 15.6 1.9 0.8 3.6
1998.4548 -25.2795 1.22373 27.2 1.8 0.8 3.7
1998.4575 -8.42651 8.89984 26.5 1.9 0.9 4.0
1998.4603 -7.02209 8.45485 21.2 1.9 0.8 3.7
1998.4630 -22.4707 9.01109 21.8 1.8 0.8 3.5
1998.4658 -21.1666 5.45115 18.9 1.8 0.8 3.7
1998.4685 -21.5678 5.67365 27.6 1.9 0.8 3.7
1998.4712 -21.0663 7.34237 16.4 1.8 0.8 3.5
1998.4740 -20.665 8.89984 35 1.9 0.8 3.9
1998.4767 -22.4707 11.7923 7.5 1.9 0.8 3.7
1998.4795 -21.7685 3.44869 17.9 1.9 0.8 3.8
1998.4822 -16.7527 3.44869 7.2 1.8 0.8 3.9
1998.4849 -15.6492 5.7849 24.1 1.9 0.8 3.9
1998.4877 -36.3142 6.67488 15.3 2.0 0.8 4.0
1998.4904 -25.3798 0.333744 -17.3 1.8 0.8 3.6
1998.4932 -25.6808 8.12111 26.1 1.9 0.9 4.3
1998.4959 -24.8783 5.89615 66.2 2.7 1.3 5.9
1998.4986 -24.3767 7.00863 42 1.9 0.9 4.0
1998.5014 -17.4549 6.34114 29 1.8 0.8 3.8
1998.5041 -17.6555 5.33991 23.9 1.8 0.8 3.7
1998.5068 -12.2385 5.89615 41.6 1.9 0.9 3.8
1998.5096 -13.1413 10.4573 46.5 1.8 0.8 3.8
1998.5123 -21.0663 12.7935 15 1.9 0.8 3.6
1998.5151 -27.6871 6.78613 70.8 1.9 0.8 3.8
1998.5178 -18.2574 9.67858 35 1.9 0.8 3.8
1998.5205 -21.3672 8.00986 25.1 1.9 0.8 3.9
1998.5233 -19.1603 9.01109 30.2 1.8 0.8 3.8
1998.5260 -15.9502 9.67858 35 1.9 0.8 3.8
1998.5288 -22.3704 12.126 25.5 1.8 0.8 3.7
1998.5315 -18.8593 3.33744 61.9 2.0 0.9 3.8
1998.5342 -17.3546 8.7886 42.6 1.8 0.8 3.6
1998.5370 -10.9344 8.5661 32.8 2.0 0.8 3.7
1998.5397 -20.4644 11.681 32.2 1.9 0.9 3.8
1998.5425 -7.92493 12.4598 38.8 1.8 0.8 3.6
1998.5452 -12.3388 4.00493 42.9 1.8 0.8 3.7
1998.5479 -7.32303 5.11741 42.2 1.8 0.8 3.7
1998.5507 -21.1666 5.45115 47.6 1.9 0.8 3.7
1998.5534 -23.6745 8.5661 29 1.9 0.8 3.7
1998.5562 -21.1666 14.9072 20.4 1.9 0.9 3.9
1998.5589 -24.6776 3.22619 31.1 1.9 0.8 3.7
1998.5616 -28.289 7.78736 20.9 1.8 0.8 3.6
1998.5644 -15.3483 11.5698 24 1.8 0.8 3.6
1998.5671 -23.7748 4.89491 0.5 1.9 0.9 3.9
1998.5699 -21.7685 9.45608 41.3 1.9 0.8 3.8
1998.5726 -20.1634 6.45239 32.6 1.9 0.9 3.9
1998.5753 -26.383 7.89861 19.4 1.8 0.9 3.8
1998.5781 -24.2764 8.89984 17.6 1.8 0.8 3.7
1998.5808 -11.135 11.0136 14.3 1.8 0.9 3.7
1998.5836 -7.22272 10.1236 28.4 1.9 0.9 3.7
1998.5863 0.300949 11.2361 48.4 1.9 0.8 3.6
1998.5890 -24.6776 10.5686 32.6 1.8 0.8 3.7
1998.5945 -10.4328 8.12111 37.1 1.8 0.8 3.7
1998.5973 -4.31357 10.4573 15.2 1.8 0.8 3.5
1998.6000 -19.8625 13.2385 23.8 2.0 0.8 3.7
1998.6027 -12.1382 7.78736 37.7 2.0 0.9 4.1
1998.6055 -18.6587 8.23235 -11.2 2.1 1.0 4.6
1998.6082 -25.9817 9.56733 5 2.0 0.9 4.2
1998.6110 -3.2101 0.444992 39.8 2.1 0.9 4.3
1998.6438 -22.4707 6.56363 27 2.1 0.8 3.9
1998.6466 -38.4208 12.7935 37.5 1.9 0.8 3.9
1998.6521 25.9817 -0.889984 27.2 2.1 0.8 3.9
1998.6548 -19.06 3.0037 42.3 2.0 0.9 4.1
1998.6575 -15.5489 9.12234 27.4 1.9 0.8 3.8
1998.6603 -14.8467 8.00986 32.3 2.0 0.8 3.8
1998.6630 -14.2448 7.11987 22.6 2.0 0.8 3.9
1998.6712 -23.2732 9.56733 17.2 2.1 1.0 4.4
1998.6740 -18.8593 5.5624 10.7 2.1 1.0 4.4
1998.6767 -22.1697 8.12111 -2.1 2.1 1.0 4.7
1998.6795 -24.7779 7.45362 23.8 2.0 1.0 4.6
1998.6822 -20.2637 6.11864 14.8 2.1 1.1 5.0
1998.6904 -21.7685 4.56117 20.9 2.1 1.1 4.8
1998.6986 -18.5584 6.11864 19.8 2.0 1.1 5.1
1998.7041 -7.02209 5.5624 6.2 2.2 1.1 5.6
1998.7096 -18.759 4.78367 18.6 2.2 1.1 5.3
1998.7123 -11.6366 6.11864 15.3 2.0 1.1 5.2
1998.7205 -17.0536 6.67488 4.6 2.1 1.2 5.7
1998.7260 -22.3704 8.12111 -3 2.3 1.3 6.6
1998.7288 -13.1413 5.00616 -25.3 2.4 1.4 6.8
