1995.6192 0 0 0 1.8 1.3 4.1
1995.6219 -3.96705 3.33088 -1.4 1.4 1.1 3.4
1995.6247 -0.899197 -4.33014 4.9 1.3 1.1 3.4
1995.6274 -3.12075 2.99779 -5.7 1.4 1.2 3.6
1995.6301 -2.32734 1.66544 0.1 1.3 1.1 3.4
1995.6329 1.90418 4.44117 -3.6 1.3 1.1 3.5
1995.6356 1.32235 4.5522 3.7 1.3 1.1 3.4
1995.6384 -2.11576 -7.43896 -14.5 3.2 2.9 8.0
1996.6493 -11.6896 -8.10513 19.8 1.7 1.2 4.0
1996.6521 -8.19857 -6.66175 27 2.2 2.0 4.5
1996.6548 -8.56883 -7.2169 26.3 1.7 1.2 3.7
1996.6575 -9.20355 -6.55072 21.7 1.4 1.1 3.2
1996.6603 -9.41513 -3.10882 20.3 1.4 1.0 3.2
1996.6630 -16.0269 -8.21616 31.7 2.1 1.5 4.4
1996.6712 -10.8962 -7.9941 19.3 5.1 2.0 6.6
1996.6740 -13.964 -5.44043 23 2.1 1.8 4.4
1996.6795 -9.73249 -7.66102 24.8 1.5 1.1 3.4
1996.6822 -18.9361 -7.88308 5.8 1.5 1.1 3.2
1996.6849 -12.7475 -8.32719 24.9 1.5 1.1 3.3
1996.6877 -10.2085 -10.1037 8.9 1.4 1.0 3.1
1996.6904 -14.0698 -5.88455 11.5 1.4 1.1 3.1
1996.6932 -13.9111 -5.44043 17.9 1.5 1.1 3.4
1996.6959 -9.36224 -8.10513 22.9 1.7 1.2 3.6
1996.6986 -8.72751 -8.10513 20.9 1.6 1.1 3.6
1996.7014 -17.9311 8.10513 24.7 33.4 25.3 47.5
1996.7753 -13.2235 -6.10661 -7.9 1.6 1.1 3.6
1996.7781 -24.5957 2.88676 -10.5 7.1 5.2 10.7
1997.3425 -17.7195 -17.9867 20.6 1.5 1.1 3.2
1997.3452 -15.6037 -16.0992 24.8 1.5 1.1 3.3
1997.3479 -14.5458 -19.097 21.6 1.5 1.1 3.2
1997.3507 -13.0648 -18.0978 19.1 1.5 1.2 3.2
1997.3562 -15.8153 -15.9882 20.4 1.6 1.2 3.4
1997.3589 -14.1756 -14.7669 15.2 1.9 1.3 3.8
1997.6575 -18.0897 -19.2081 41.8 2.0 1.3 4.3
1997.6603 -30.3612 -16.6544 43.5 1.7 1.2 3.8
1997.6630 -24.437 -19.3191 45.4 1.8 1.2 4.0
1997.6658 -25.6536 -21.7617 45.2 1.7 1.2 4.0
1997.6685 -26.9759 -21.0956 39.5 1.7 1.5 4.4
1998.7014 -16.7145 -37.861 55.1 2.1 1.3 4.7
1998.7041 -37.7134 -48.2977 47.6 1.9 1.3 4.5
1998.7068 -35.9679 -44.7448 46.3 2.4 1.6 5.7
1998.7096 -38.3481 -48.1867 43.1 5.4 4.5 13.7
1998.7315 -39.0358 -46.0771 46.9 2.4 1.4 4.5
1999.6521 5.44808 -40.1926 104.8 34.1 27.4 46.7
1999.6548 -49.5088 -92.4873 49.9 1.6 1.1 3.4
1999.6575 -50.6196 -90.0447 55.7 2.3 1.6 4.8
2000.3836 -49.7733 -116.137 60.6 1.5 1.1 3.4
2000.3863 -49.9319 -114.915 60.6 1.4 1.0 3.1
2000.3890 -47.8691 -115.47 65.7 1.4 1.0 3.1
2000.3918 -47.6575 -117.58 68.6 1.5 1.1 3.1
2000.3945 -51.413 -114.915 63 1.5 1.1 3.2
2000.3973 -46.388 -116.914 62.4 2.0 1.4 3.7
2000.4000 -51.2543 -116.137 54.8 2.2 1.6 3.8
2000.6301 -59.4 -124.242 56.8 5.0 3.2 9.3
2000.6329 -60.881 -124.575 82.6 1.5 1.1 3.4
2000.6356 -61.886 -125.685 76.1 1.4 1.0 3.2
2000.6384 -59.6115 -124.575 84.5 1.4 1.1 3.3
2000.6411 -58.2892 -121.799 77.1 1.7 1.1 3.4
2000.6438 -58.871 -125.463 79.9 1.5 1.1 3.2
2000.6466 -8.7804 -168.209 94 33.8 24.8 46.7
2000.8137 -60.9868 -125.463 81.6 1.6 1.2 3.4
2000.8164 -61.4099 -120.356 75.4 1.8 1.3 3.4
2000.8192 -54.1635 -120.023 71.1 1.6 1.2 3.4
2000.8219 -58.1834 -120.8 69.6 1.9 1.3 3.4
2000.8247 -54.6924 -121.91 58.4 1.8 1.2 4.0
2001.0658 -67.4398 -136.677 67.8 2.1 1.3 3.7
2001.0685 -65.1654 -141.562 67.5 1.4 1.0 3.0
2001.0712 -54.7453 -146.114 55.3 1.5 1.1 3.2
2001.0740 -56.1734 -149.112 67.7 1.5 1.0 3.1
2001.0767 -61.1455 -148.779 58.3 1.7 1.1 3.5
2001.4603 -67.1754 -140.119 68.4 1.6 1.2 3.8
2001.4630 -66.9109 -146.67 69.4 2.6 2.3 5.3
2001.7041 -68.2333 -142.228 83.4 1.6 1.2 3.7
2001.7068 -70.349 -144.449 78.6 1.5 1.1 3.6
2001.7096 -71.9887 -142.228 81.3 1.5 1.1 3.5
2001.7123 -60.9868 -141.118 64.3 4.5 2.9 9.5
2002.3726 -80.0815 -148.002 71.9 4.2 2.4 9.8
2002.3753 -86.0056 -147.114 70.8 1.4 1.2 3.6
2002.3781 -85.6354 -150.223 69.4 2.5 2.1 5.7
2002.4301 -98.1184 -161.436 84.6 18.4 7.0 19.1
2002.4329 -84.5246 -150.556 61.8 1.4 1.1 3.4
2002.4356 -82.4617 -148.779 54.3 1.4 1.1 3.3
2002.4384 -82.832 -145.337 47.7 1.7 1.4 4.2
2002.6795 -85.1064 -158.772 91.6 2.8 2.7 6.3
2002.6822 -83.2023 -157.995 99.6 1.3 0.9 3.0
2002.6849 -80.5576 -154.22 91.4 1.4 1.0 3.2
2002.6877 -81.2981 -159.993 105.5 1.3 1.0 3.2
2002.6904 -82.1973 -157.106 102.2 1.3 0.9 3.0
2002.6932 -81.9857 -157.995 115.7 2.0 1.2 3.7
2002.9041 -133.504 -185.53 115.9 9.5 3.9 10.3
2002.9068 -109.067 -169.32 99.7 1.4 1.1 3.0
2002.9096 -109.702 -166.322 93.6 1.3 1.0 3.1
2002.9123 -107.057 -165.656 79.8 1.2 0.9 2.9
2002.9151 -109.015 -166.211 92.1 1.2 0.9 3.0
2002.9178 -108.803 -164.101 85.5 1.2 1.0 3.0
2002.9205 -112.082 -167.321 90.3 1.3 1.0 3.2
2002.9233 -112.294 -164.323 76.1 1.9 1.5 4.6
2003.5096 -137.524 -177.536 72.2 1.5 1.1 3.4
2003.5123 -139.164 -174.427 66.3 1.4 1.0 3.4
2003.5151 -142.285 -175.981 65.8 1.7 1.2 3.9
2003.7836 -146.887 -178.868 84.6 2.0 1.3 4.6
2003.8110 -143.131 -180.2 84.7 1.5 1.1 3.5
2003.8137 -141.915 -183.198 72.4 1.7 1.2 3.5
2004.3836 -177.354 -190.193 67.5 3.9 1.8 6.1
2004.3863 -161.274 -186.751 66 1.3 0.9 2.9
2004.3890 -161.591 -187.417 67.5 1.2 0.9 2.9
2004.3918 -162.861 -187.195 72.5 1.2 0.9 2.8
2004.8055 -175.502 -192.525 70.9 3.4 2.0 5.7
2004.8082 -166.775 -185.419 69.1 1.2 0.9 2.7
2004.8110 -158.788 -192.192 78.8 1.6 1.1 3.5
2005.9589 -186.24 -204.516 93.6 1.2 0.9 2.8
2005.9616 -193.645 -204.294 84.9 1.3 0.9 3.0
2005.9644 -195.655 -203.406 77.5 1.2 0.9 2.7
2005.9671 -190.26 -203.072 72.2 1.2 0.9 2.7
2005.9699 -191.794 -202.628 77 1.4 1.0 2.8
2006.3562 -193.01 -205.848 70.2 1.3 0.9 2.8
2006.3589 -196.871 -205.626 74.5 1.2 0.9 2.7
2006.3616 -197.083 -206.514 79.1 1.6 1.2 3.7
2008.7863 -234.32 -233.383 84.9 1.2 0.9 2.7
2008.7890 -234.902 -232.717 85.6 1.2 0.9 2.6
2008.7918 -241.99 -233.05 83.9 1.2 0.9 2.7
2008.7945 -237.864 -241.933 94.7 1.3 0.9 2.8
2008.7973 -239.768 -231.829 99.7 1.2 0.9 2.6
2008.8000 -234.744 -233.717 95.2 1.3 0.9 2.7
2009.4493 -255.531 -241.378 90 1.3 1.0 3.2
2009.4521 -256.906 -239.823 91.6 1.2 0.9 3.1
2009.4548 -256.589 -240.156 78.7 1.5 1.0 3.6
2012.4767 -303.506 -297.336 125.6 1.2 1.0 3.5
2012.4795 -300.279 -300.778 118.4 1.3 1.0 3.5
2012.4822 -299.803 -302.777 111.4 1.3 1.0 3.6
2012.4849 -302.236 -295.56 119.6 1.5 1.2 4.3
2014.4384 -338.204 -328.98 154.6 1.5 1.2 4.7
2014.4411 -336.353 -333.865 140.3 1.4 1.2 4.7
2014.4438 -332.915 -331.089 136 1.5 1.2 4.9
2014.4466 -327.678 -315.545 142.9 2.0 1.4 5.9
2015.3562 -354.919 -344.635 122.1 1.5 1.2 4.4
2015.3589 -359.468 -341.082 123.9 1.5 1.1 4.1
2015.3616 -353.543 -344.413 118.8 1.7 1.4 4.4
2015.3644 -357.034 -342.081 135.4 1.6 1.3 4.4
2015.3671 -360.79 -341.304 116.7 1.3 1.1 4.1
2016.4822 -364.651 -353.628 105.2 1.5 1.2 4.9
2016.4849 -368.512 -351.296 125.7 1.4 1.2 4.8
2016.4877 -371.686 -350.852 125 1.4 1.2 5.0
2016.4904 -373.485 -350.186 130.2 1.4 1.1 4.8
2016.4932 -375.6 -346.411 141.8 1.6 1.2 5.2
2017.4000 -398.556 -346.744 134.7 1.4 1.1 4.4
2017.4027 -389.617 -349.187 128.1 1.4 1.1 4.6
2018.9397 -412.15 -389.157 124 1.4 1.0 3.8
2018.9425 -410.616 -390.157 138.3 1.4 1.0 3.4
2018.9452 -414.319 -389.046 138.4 1.3 0.9 3.3
2018.9479 -419.344 -391.711 134.1 1.3 1.0 3.3
2018.9507 -418.233 -390.49 135.7 1.3 0.9 3.1
2018.9534 -418.074 -390.379 134.3 1.3 0.9 3.0
2018.9562 -413.472 -386.493 132.9 1.3 0.9 3.0
2018.9589 -420.507 -388.158 143.5 1.3 0.9 3.0
2018.9616 -416.064 -389.379 132.2 1.3 0.9 3.1
2018.9644 -418.868 -387.048 148.9 1.2 0.9 3.0
2018.9671 -417.545 -388.158 150 1.2 0.9 3.0
2018.9699 -418.392 -385.716 151.8 1.2 0.9 2.9
2018.9726 -417.81 -387.159 139.2 1.3 0.9 3.0
2018.9753 -419.767 -389.935 138.6 1.2 0.9 3.0
2018.9781 -419.502 -389.379 130.3 1.2 0.9 3.0
2018.9808 -420.19 -388.269 135.8 1.2 0.9 3.0
2018.9836 -409.77 -384.383 123.9 1.2 0.9 3.1
2018.9863 -415.853 -389.379 122.9 1.3 1.0 3.4
2018.9890 -412.362 -391.378 121.4 1.3 1.0 3.6
2018.9918 -414.054 -391.156 121.1 1.3 1.0 3.3
2018.9945 -420.507 -391.6 126.2 1.3 1.0 3.2
2018.9973 -421.618 -388.38 116 1.3 1.0 3.4
2019.0000 -410.828 -388.824 128.9 1.5 1.2 4.7
2019.0027 -419.661 -386.049 159.3 1.5 1.2 5.3
2019.0055 -416.858 -392.266 124.6 1.4 1.1 4.4
2019.0082 -414.901 -386.382 140.2 1.3 1.0 3.6
2019.0110 -415.641 -385.827 123.2 1.2 0.9 2.9
2019.0137 -422.094 -385.271 133.6 1.2 0.9 2.9
2019.0164 -420.56 -385.827 134.5 1.2 0.9 3.0
2019.0192 -422.57 -385.716 135.2 1.2 0.9 3.0
2019.0219 -420.93 -385.938 123.2 1.2 0.9 2.9
2019.0247 -421.354 -383.717 125.6 1.2 0.9 2.9
2019.0274 -424.845 -387.381 130.3 1.2 0.9 3.1
2019.0301 -425.268 -387.381 132.8 1.3 0.9 3.0
2019.0329 -427.172 -387.048 124.7 1.3 0.9 3.0
2019.0356 -423.734 -391.6 130.9 1.2 0.9 3.1
2019.0384 -416.487 -391.822 124.6 1.4 1.1 4.0
2019.0411 -414.424 -387.492 126.2 1.2 0.9 3.2
2019.0438 -421.777 -389.379 120.8 1.3 1.0 3.2
2019.0466 -419.449 -386.382 127.5 1.2 1.0 3.3
2019.0493 -411.568 -383.606 118.6 1.3 1.0 3.3
2019.0521 -418.233 -391.378 126.6 1.2 0.9 3.0
2019.0548 -419.873 -388.38 126.7 1.3 0.9 3.1
2019.0575 -423.787 -386.382 134.8 1.2 0.9 3.0
2019.0603 -421.777 -387.936 124.6 1.3 0.9 3.2
2019.0630 -410.299 -397.152 110.9 1.5 1.1 4.4
2019.0658 -412.785 -386.715 122 1.5 1.2 4.8
2019.0685 -407.231 -393.377 134.5 1.5 1.2 4.9
2019.0712 -409.082 -390.379 121.6 1.4 1.1 4.4
2019.0740 -408.183 -389.157 117.7 1.5 1.2 4.7
2019.0767 -412.362 -385.16 126.5 1.4 1.1 4.1
2019.0795 -417.492 -388.491 122.9 1.4 1.1 4.3
2019.0822 -411.092 -390.712 118.5 1.4 1.1 4.3
2019.0849 -415.165 -389.379 132.2 1.4 1.0 3.6
2019.0877 -415.006 -384.272 132 1.3 1.0 3.1
2019.0904 -416.487 -384.05 122.5 1.2 0.9 3.2
2019.0932 -418.709 -383.828 120.2 1.2 0.9 3.1
2019.0959 -421.354 -383.828 135.3 1.2 0.9 3.1
2019.0986 -419.079 -385.605 134.2 1.2 0.9 3.3
2019.1014 -416.117 -389.268 139.9 1.2 1.0 3.1
2019.1041 -417.704 -386.604 136.5 1.2 0.9 3.0
2019.1068 -412.838 -388.269 129.4 1.2 0.9 3.0
2019.1096 -414.742 -387.048 134.7 1.2 0.9 3.1
2019.1123 -415.747 -387.825 135 1.7 1.1 3.9
2019.1288 -421.301 -387.159 133.4 1.5 1.0 3.4
2019.1425 -421.671 -385.827 136.4 1.3 1.0 3.3
2019.1452 -426.59 -381.83 140.8 1.4 1.0 3.4
2019.2959 -423.152 -387.825 115.9 1.4 1.1 4.4
2019.2986 -424.421 -384.716 153.2 1.4 1.1 4.3
2019.3014 -427.066 -386.826 127.8 1.4 1.2 4.5
2019.3041 -424.474 -384.383 122.7 1.5 1.2 4.7
2019.3068 -425.056 -390.601 118.3 1.5 1.2 4.6
2019.3096 -424.474 -385.605 126.3 1.4 1.1 4.2
2019.3123 -423.84 -383.273 145.4 1.4 1.1 4.4
2019.3151 -425.638 -386.16 116.8 1.6 1.3 5.2
2019.3178 -424.316 -388.38 125.9 1.4 1.1 4.5
2019.3205 -420.243 -390.157 103.2 1.5 1.2 4.6
2019.3233 -420.666 -383.828 123.1 1.5 1.2 4.5
2019.3260 -424.633 -381.274 141 1.4 1.2 4.6
2019.3288 -421.671 -386.16 132.3 1.4 1.2 4.5
2019.3315 -422.253 -385.049 127.6 1.5 1.2 4.7
2019.3342 -423.416 -385.049 136 1.5 1.3 4.9
2019.3370 -424.792 -383.828 138.9 1.5 1.2 5.0
2019.3397 -421.988 -387.159 120.2 1.5 1.2 4.7
2019.3425 -423.469 -384.161 133.1 1.4 1.2 4.8
2019.3452 -424.421 -384.938 138.8 1.5 1.2 4.9
2019.3479 -422.729 -389.046 136.2 1.5 1.2 4.6
2019.3507 -423.892 -386.493 128.8 1.5 1.2 5.0
2019.3534 -422.041 -385.16 139.5 1.5 1.2 4.7
2019.3562 -423.469 -385.049 113.8 1.6 1.3 5.3
2019.3589 -425.374 -380.941 151.7 1.7 1.4 5.2
2019.3616 -423.945 -386.715 115.8 1.5 1.2 5.0
2019.3644 -424.633 -385.16 128.3 1.5 1.2 5.0
2019.3671 -424.686 -380.497 135.2 1.7 1.4 5.2
2019.3699 -426.696 -375.723 156.5 1.5 1.2 4.9
2019.3726 -435 -379.054 144.1 1.5 1.2 4.9
2019.3753 -429.393 -378.388 151.4 1.4 1.2 5.0
2019.3781 -429.076 -382.496 147.5 1.5 1.3 5.1
2019.3808 -424.369 -379.387 142.3 1.5 1.2 4.9
2019.3836 -427.965 -375.945 149 1.5 1.2 5.1
2019.3863 -425.744 -378.277 138.2 1.5 1.2 5.0
2019.3890 -427.013 -376.167 140.9 1.5 1.2 5.0
2019.3918 -424.792 -379.831 120.7 1.5 1.2 5.0
2019.3945 -431.562 -381.496 151.6 1.5 1.2 4.9
2019.3973 -429.499 -375.501 152.1 1.5 1.2 4.9
2019.4000 -424.21 -378.943 136.1 1.5 1.2 5.2
2019.4027 -433.837 -374.502 151.3 1.6 1.2 4.9
2019.4055 -432.197 -374.724 145.8 1.5 1.2 4.8
2019.4082 -425.744 -374.057 171 1.6 1.2 5.0
2019.4110 -427.754 -373.835 165.4 1.5 1.3 5.1
2019.4137 -426.167 -379.831 165.1 1.5 1.2 5.1
2019.4164 -429.764 -377.388 151.6 1.5 1.2 5.0
2019.4192 -433.149 -370.838 163.5 1.5 1.2 5.0
2019.4219 -431.509 -375.834 139.4 1.5 1.2 5.0
2019.4247 -433.361 -377.277 149.2 1.5 1.2 5.1
2019.4274 -429.446 -375.39 159.6 1.7 1.4 5.7
2019.4301 -427.965 -379.72 133.9 1.5 1.2 5.3
2019.4329 -429.87 -378.943 128.9 1.5 1.2 5.1
2019.4356 -433.202 -381.83 145.3 1.5 1.3 5.4
2019.4384 -427.225 -375.945 158.1 1.5 1.2 5.1
2019.4411 -429.076 -378.499 149.2 1.5 1.2 5.2
2019.4438 -428.124 -376.278 170.9 1.5 1.2 5.4
2019.4466 -436.111 -377.055 160 1.5 1.2 5.3
2019.4493 -439.126 -378.055 139.8 1.5 1.3 5.3
2019.4521 -433.678 -377.388 159.7 1.5 1.2 5.3
2019.4548 -429.975 -377.055 157.6 1.5 1.3 5.4
2019.4575 -427.648 -380.164 130.7 1.5 1.3 5.4
2019.4603 -431.879 -380.608 138.5 1.5 1.2 5.2
2019.4630 -443.41 -377.055 151.3 1.5 1.3 5.4
2019.4658 -436.058 -378.499 146.3 1.6 1.3 5.4
2019.4685 -435.159 -380.053 159.3 1.6 1.3 5.5
2019.4712 -425.902 -390.379 150 1.6 1.3 5.5
2019.4740 -435.053 -375.057 153.3 1.5 1.3 5.3
2019.4767 -438.121 -375.723 140.8 1.5 1.3 5.3
2019.4795 -431.615 -377.055 149.4 1.5 1.3 5.5
2019.4822 -438.914 -377.61 147.2 1.5 1.3 5.7
2019.4849 -437.433 -374.835 167.2 1.5 1.3 5.5
2019.4877 -431.562 -379.276 158 1.5 1.2 5.3
2019.4904 -428.653 -378.166 132.3 1.5 1.3 5.4
2019.4932 -433.889 -376.833 155.3 1.5 1.3 5.3
2019.4959 -433.202 -377.277 164.5 1.5 1.3 5.3
2019.4986 -438.385 -378.055 165.5 1.5 1.3 5.3
2019.5014 -432.091 -376.5 164.9 1.5 1.3 5.5
2019.5041 -434.894 -379.72 153 1.5 1.2 5.4
2019.5068 -429.817 -383.495 146.2 1.5 1.3 5.2
2019.5096 -436.587 -380.497 155.2 1.5 1.2 5.2
2019.5123 -434.736 -381.052 161.7 1.5 1.3 5.4
2019.5151 -436.746 -380.497 162.1 1.5 1.2 5.3
2019.5178 -433.255 -378.055 146.9 1.5 1.2 5.4
2019.5205 -431.509 -379.165 148.9 1.5 1.2 5.2
2019.5233 -436.164 -377.832 156.4 1.7 1.3 5.5
2019.5260 -438.967 -384.938 182.3 1.5 1.2 5.5
2019.5288 -444.045 -377.832 157.1 1.5 1.2 5.2
2019.5315 -433.625 -380.053 162.5 1.5 1.3 5.4
2019.5342 -430.663 -378.277 168.8 1.5 1.3 5.5
2019.5370 -431.932 -379.942 148.9 1.5 1.3 5.6
2019.5397 -441.242 -382.385 140.6 1.7 1.4 6.0
2019.5425 -432.144 -379.387 136.7 1.6 1.3 5.4
2019.5452 -437.328 -381.274 160.7 1.6 1.2 5.4
2019.5479 -438.174 -376.722 172.4 1.6 1.3 5.6
2019.5507 -434.947 -379.609 155.2 1.5 1.2 5.4
2019.5534 -436.164 -380.497 150.1 1.5 1.2 5.2
2019.5562 -440.29 -376.833 162.9 1.6 1.3 5.4
2019.5589 -436.428 -377.721 163.2 1.5 1.2 5.5
2019.5616 -436.27 -378.943 150.9 1.6 1.3 5.6
2019.5644 -435.899 -378.832 154.2 1.5 1.3 5.3
2019.5671 -431.351 -379.054 166.5 1.5 1.3 5.4
2019.5699 -441.982 -377.388 156.4 1.5 1.2 5.2
2019.5726 -441.559 -382.829 149.1 1.5 1.3 5.3
2019.5753 -440.977 -377.055 154.5 1.5 1.3 5.3
2019.5781 -435.952 -378.388 152.9 1.5 1.2 5.1
2019.5808 -435.37 -378.832 147.9 1.5 1.4 5.3
2019.5836 -435.159 -380.275 150.7 1.5 1.3 5.2
2019.5863 -436.799 -382.385 122.2 1.5 1.3 5.5
2019.5890 -436.852 -381.496 133 1.5 1.2 5.2
2019.5918 -436.693 -376.278 143.9 1.5 1.2 5.1
2019.5945 -433.572 -383.273 158.5 1.9 1.6 6.0
2019.5973 -440.924 -378.943 161.8 1.5 1.3 5.3
2019.6000 -440.554 -375.39 182.2 1.6 1.3 5.5
2019.6027 -442.829 -377.166 162.3 1.7 1.3 5.4
2019.6055 -435.529 -376.833 146.1 1.5 1.3 5.1
2019.6082 -435.423 -377.943 147.8 1.6 1.3 5.5
2019.6110 -438.967 -378.61 162.8 1.6 1.4 5.7
2019.6137 -431.879 -381.718 140 1.5 1.3 5.0
2019.6164 -436.375 -381.385 140.9 1.5 1.3 5.5
2019.6192 -438.544 -381.83 135.9 1.5 1.2 5.3
2019.6219 -437.751 -379.72 154.3 1.5 1.2 5.0
2019.6247 -436.587 -376.722 154.4 1.6 1.3 5.1
2019.6274 -436.111 -378.166 144.9 1.6 1.3 5.4
2019.6301 -437.486 -381.163 135 1.7 1.5 6.2
2019.6329 -430.24 -380.83 152.8 1.6 1.3 5.4
2019.6356 -433.889 -382.163 150.5 1.5 1.2 4.8
2019.6384 -434.524 -381.052 149.5 1.4 1.2 4.7
2019.6411 -433.043 -386.715 142.3 1.5 1.2 5.0
2019.6466 -432.197 -393.377 115.2 2.2 2.3 8.1
2019.6466 -429.658 -376.722 118.7 1.1 0.8 2.4
2019.6493 -441.612 -383.273 139.2 3.3 2.8 10.8
2019.6493 -433.096 -378.721 120.1 1.1 0.8 2.4
2019.6521 -447.853 -382.94 108.7 3.5 2.7 10.5
2019.6521 -427.331 -378.61 122.4 1.1 0.8 2.4
2019.6548 -432.514 -389.379 114.6 2.8 2.4 9.3
2019.6548 -427.489 -377.277 125.1 1.1 0.8 2.4
2019.6575 -428.336 -378.832 119.5 1.1 0.8 2.5
2019.6603 -432.461 -379.72 105.4 3.4 2.6 10.3
2019.6603 -429.341 -378.388 116.4 1.1 0.8 2.5
2019.6630 -439.39 -381.607 141.5 3.5 2.7 10.3
2019.6630 -429.182 -378.943 125.8 1.1 0.8 2.5
2019.6658 -447.483 -381.718 122 3.4 2.8 10.2
2019.6658 -427.066 -380.719 120.6 1.2 0.9 2.6
2019.6685 -439.496 -384.05 106 3.0 2.7 9.3
2019.6685 -426.431 -382.829 132.2 1.3 0.9 2.8
2019.6712 -429.341 -379.609 124.1 1.1 0.8 2.4
2019.6740 -429.499 -381.83 127.4 1.1 0.8 2.5
2019.6767 -430.98 -387.381 133.8 2.7 2.8 9.3
2019.6767 -427.436 -380.941 122.2 1.1 0.8 2.4
2019.6795 -444.68 -381.83 136 2.9 2.9 9.1
2019.6795 -427.489 -377.499 120.2 1.1 0.8 2.5
2019.6822 -426.96 -379.942 125.2 1.1 0.8 2.4
2019.6849 -430.134 -397.485 59.8 2.6 2.8 9.2
2019.6849 -425.321 -379.276 120.1 1.1 0.8 2.4
2019.6877 -425.585 -381.274 125 1.1 0.8 2.4
2019.6904 -420.137 -410.586 85.5 2.8 3.2 10.0
2019.6904 -424.157 -383.273 128.1 1.1 0.8 2.5
2019.6932 -427.331 -383.051 128.7 1.1 0.8 2.5
2019.6959 -427.066 -379.276 124.9 1.1 0.8 2.4
2019.6986 -433.255 -396.818 122.3 3.2 3.5 10.1
2019.6986 -425.955 -382.274 128.4 1.1 0.8 2.4
2019.7014 -428.97 -381.941 132.4 1.1 0.8 2.4
2019.7041 -409.347 -394.265 89.5 3.4 3.4 10.6
2019.7041 -428.388 -381.718 129.6 1.1 0.8 2.4
2019.7068 -421.142 -389.379 107.4 3.3 3.4 10.0
2019.7068 -427.754 -380.275 126.3 1.1 0.8 2.4
2019.7096 -426.96 -380.386 127.5 1.1 0.8 2.4
2019.7123 -438.914 -393.043 140.7 3.0 3.4 9.0
2019.7123 -429.076 -379.165 125.6 1.1 0.8 2.4
2019.7151 -425.532 -381.052 128.1 1.1 0.8 2.4
2019.7178 -430.028 -381.496 130.4 1.1 0.8 2.4
2019.7205 -430.451 -380.386 134.1 1.2 0.8 2.6
2019.7233 -429.87 -380.164 129.5 1.2 0.8 2.6
2019.7260 -427.807 -379.831 123.2 1.1 0.8 2.4
2019.7288 -427.331 -377.721 125.2 1.1 0.8 2.4
2019.7315 -426.855 -378.61 127.1 1.1 0.8 2.4
2019.7342 -429.182 -381.607 128.1 1.1 0.8 2.4
2019.7370 -431.562 -378.499 124.6 1.1 0.8 2.4
2019.7397 -429.658 -378.166 122.1 1.1 0.8 2.4
2019.7425 -435.794 -385.938 158.1 1.7 1.4 5.0
2019.7425 -428.653 -378.166 123.2 1.2 0.9 2.6
2019.7452 -426.59 -382.829 131.1 1.2 0.8 2.5
2019.7479 -425.638 -380.941 128.2 1.1 0.8 2.5
2019.7534 -430.346 -382.052 131.9 1.1 0.8 2.5
2019.7562 -427.384 -382.718 127 1.2 0.9 2.5
2019.7589 -428.917 -382.829 130 1.1 0.8 2.5
2019.7616 -427.807 -381.274 124 1.1 0.8 2.4
2019.7644 -434.101 -387.27 128.9 2.4 2.8 8.1
2019.7644 -428.124 -382.052 122.8 1.1 0.8 2.4
2019.7671 -428.336 -380.275 126.6 1.1 0.8 2.5
2019.7699 -426.379 -379.72 126.1 1.1 0.8 2.5
2019.7726 -428.97 -382.718 129.4 1.2 0.8 2.5
2019.7753 -428.6 -382.829 129.8 1.2 0.8 2.5
2019.7781 -428.071 -381.83 130.4 1.1 0.8 2.5
2019.7808 -430.663 -381.052 123.9 1.1 0.8 2.5
2019.7836 -428.23 -381.274 121.1 1.1 0.8 2.5
2019.7863 -429.129 -381.607 124.2 1.1 0.8 2.5
2019.7890 -429.711 -381.941 129.6 1.1 0.8 2.5
2019.7918 -427.542 -380.941 136.3 1.1 0.8 2.5
2019.7945 -429.552 -381.83 133 1.1 0.8 2.4
2019.7973 -426.379 -380.719 130.8 1.1 0.8 2.5
2019.8000 -428.124 -382.163 127.3 1.1 0.8 2.5
2019.8027 -429.552 -381.83 124 1.1 0.8 2.5
2019.8055 -429.076 -382.052 126.2 1.1 0.8 2.5
2019.8082 -430.081 -383.273 126.4 1.1 0.8 2.5
2019.8110 -429.817 -382.052 130.8 1.1 0.8 2.5
2019.8137 -431.298 -379.498 133.8 1.1 0.8 2.5
2019.8164 -430.61 -379.609 125.8 1.2 0.8 2.5
2019.8192 -429.235 -380.719 119.1 1.2 0.8 2.5
2019.8219 -430.927 -383.606 123.3 1.1 0.8 2.5
2019.8247 -426.749 -380.386 129.1 1.1 0.8 2.5
2019.8274 -428.653 -384.272 134.1 1.1 0.8 2.5
2019.8301 -430.557 -382.718 123.8 1.1 0.8 2.5
2019.8329 -429.975 -381.83 121.9 1.2 0.8 2.5
2019.8356 -432.038 -382.274 124.3 1.2 0.8 2.5
2019.8384 -429.817 -382.385 123 1.1 0.8 2.5
2019.8411 -431.245 -382.385 121.2 1.1 0.8 2.5
2019.8438 -431.932 -381.496 124.2 1.1 0.8 2.5
2019.8466 -431.033 -380.719 124.3 1.2 0.8 2.6
2019.8493 -430.61 -382.385 127.9 1.1 0.8 2.5
2019.8521 -429.87 -380.719 126.8 1.1 0.8 2.5
2019.8548 -430.028 -381.274 124.1 1.1 0.8 2.5
2019.8575 -434.101 -381.052 126.5 1.1 0.8 2.5
2019.8603 -432.25 -382.607 123.2 1.1 0.8 2.5
2019.8630 -432.99 -381.496 127.5 1.2 0.8 2.5
2019.8658 -435.053 -381.607 127.3 1.1 0.8 2.5
2019.8685 -428.283 -383.717 128.6 1.2 0.8 2.5
2019.8712 -432.197 -382.163 130 1.1 0.8 2.5
2019.8740 -431.562 -383.162 128.2 1.2 0.8 2.5
2019.8767 -434.26 -383.051 132.2 1.1 0.8 2.4
2019.8795 -428.812 -379.942 107.5 1.2 0.8 2.5
2019.8822 -434.26 -389.157 143.1 1.4 1.1 4.2
2019.8822 -428.6 -383.939 109.7 1.2 0.8 2.5
2019.8849 -433.995 -389.268 141.7 1.7 1.2 4.7
2019.8849 -430.557 -382.94 125.4 1.2 0.8 2.4
2019.8877 -436.693 -388.491 140 1.5 1.2 4.8
2019.8877 -427.489 -382.274 133.7 1.1 0.8 2.4
2019.8904 -432.038 -391.045 125.7 1.6 1.2 4.7
2019.8904 -428.917 -379.609 128.9 1.3 0.9 2.8
2019.8932 -426.537 -388.269 131.9 1.6 1.3 5.0
2019.8932 -432.25 -379.165 138.6 1.1 0.8 2.5
2019.8959 -435.688 -392.044 134.1 1.6 1.1 4.5
2019.8959 -434.789 -383.717 131.1 1.1 0.8 2.5
2019.8986 -433.308 -388.38 124.3 1.5 1.1 4.5
2019.8986 -431.456 -381.385 124.6 1.1 0.8 2.5
2019.9014 -434.947 -385.827 142.5 1.3 1.0 3.4
2019.9014 -433.625 -380.719 119.5 1.1 0.8 2.5
2019.9041 -442.458 -391.933 125.5 1.3 0.9 3.3
2019.9041 -432.779 -383.051 121.6 1.1 0.8 2.5
2019.9068 -438.703 -393.154 144 1.4 1.0 3.7
2019.9068 -430.504 -383.273 118.4 1.2 0.8 2.5
2019.9096 -429.235 -390.379 118.3 1.6 1.3 5.2
2019.9096 -431.668 -384.938 125.1 1.1 0.8 2.5
2019.9123 -434.524 -389.268 114.5 1.5 1.2 4.8
2019.9123 -433.361 -383.828 126.8 1.1 0.8 2.5
2019.9151 -433.995 -389.824 135.2 1.5 1.2 4.6
2019.9151 -431.351 -383.939 125.8 1.1 0.8 2.5
2019.9178 -444.521 -393.821 110.8 1.4 1.1 4.3
2019.9178 -430.187 -383.384 125.4 1.1 0.8 2.5
2019.9205 -441.506 -387.048 134.8 1.4 1.0 3.7
2019.9205 -435.741 -382.607 118.5 1.1 0.8 2.5
2019.9233 -437.645 -387.27 130.6 1.4 1.0 3.5
2019.9233 -431.932 -382.718 117.9 1.2 0.8 2.5
2019.9260 -438.068 -387.603 131.9 1.3 0.9 3.2
2019.9260 -430.716 -381.274 112.8 1.1 0.8 2.5
2019.9288 -435.529 -388.158 129.6 1.3 0.9 3.1
2019.9288 -430.822 -381.163 112.6 1.1 0.8 2.5
2019.9315 -442.405 -387.381 138.3 1.2 0.9 3.1
2019.9315 -431.562 -380.608 117.3 1.1 0.8 2.5
2019.9342 -431.879 -384.383 150.1 1.3 1.0 3.5
2019.9342 -430.504 -381.941 121.9 1.1 0.8 2.5
2019.9370 -431.827 -390.823 115.7 1.6 1.2 5.0
2019.9370 -427.701 -381.496 129.8 1.1 0.8 2.5
2019.9397 -434.736 -396.263 119.5 1.7 1.3 5.2
2019.9397 -422.623 -376.278 124.4 1.1 0.8 2.5
2019.9425 -437.01 -382.496 133.9 1.6 1.2 4.7
2019.9425 -430.24 -384.827 119.7 1.1 0.8 2.5
2019.9452 -438.333 -388.824 132.5 1.4 1.1 4.6
2019.9452 -433.572 -383.273 123.5 1.1 0.8 2.5
2019.9479 -442.617 -387.048 123.1 1.5 1.1 4.5
2019.9479 -433.361 -382.94 127.3 1.1 0.8 2.5
2019.9507 -441.453 -390.157 135.9 1.5 1.2 4.8
2019.9507 -433.202 -384.05 118.9 1.1 0.8 2.5
2019.9534 -439.02 -392.155 112.8 1.6 1.3 5.2
2019.9534 -434.947 -381.941 120.6 1.2 0.8 2.6
2019.9562 -434.101 -389.379 118.9 1.6 1.3 5.3
2019.9562 -431.351 -386.493 120.5 1.1 0.8 2.5
2019.9589 -434.313 -387.27 114 1.4 1.1 4.2
2019.9589 -435.582 -382.94 124 1.1 0.8 2.5
2019.9616 -433.255 -381.274 155.3 2.7 1.9 7.5
2019.9616 -432.197 -382.829 124.3 1.1 0.8 2.5
2019.9644 -433.466 -382.163 125.7 1.1 0.8 2.5
2019.9671 -434.577 -381.163 120.9 1.1 0.8 2.5
2019.9699 -433.784 -382.829 121.3 1.1 0.8 2.5
2019.9726 -433.889 -384.05 126.6 1.1 0.8 2.5
2019.9753 -435.476 -382.274 123.6 1.1 0.8 2.5
2019.9781 -433.995 -383.051 127.2 1.1 0.8 2.5
2019.9808 -433.572 -383.828 123.2 1.1 0.8 2.5
2019.9836 -436.375 -383.828 117.7 1.1 0.8 2.5
2019.9863 -438.333 -384.827 124 1.1 0.8 2.5
2019.9890 -436.217 -384.383 124.9 1.1 0.8 2.5
2019.9918 -435.159 -383.717 127.9 1.1 0.8 2.5
2019.9945 -434.207 -382.607 121.3 1.1 0.8 2.5
2019.9973 -438.385 -381.718 123.5 1.1 0.8 2.5
2020.0000 -433.255 -380.941 129.8 1.1 0.8 2.5
2020.0027 -438.491 -383.273 124.9 1.1 0.8 2.5
2020.0055 -436.375 -382.607 122.5 1.1 0.8 2.5
2020.0082 -434.894 -379.942 121.9 1.1 0.8 2.5
2020.0110 -434.947 -382.274 118.4 1.1 0.8 2.5
2020.0137 -436.428 -381.274 118.2 1.2 0.8 2.5
2020.0164 -435.582 -383.051 118.7 1.1 0.8 2.5
2020.0192 -433.096 -382.607 117.7 1.1 0.8 2.5
2020.0219 -431.932 -382.718 118.7 1.1 0.8 2.5
2020.0247 -435.053 -383.939 118.4 1.2 0.8 2.6
2020.0274 -435.053 -382.052 114.3 1.2 0.8 2.6
2020.0301 -434.63 -384.383 113.3 1.1 0.8 2.5
2020.0329 -432.99 -384.938 113.4 1.1 0.8 2.5
2020.0356 -433.625 -384.938 115.5 1.1 0.8 2.5
2020.0384 -434.366 -382.718 116.7 1.1 0.8 2.5
2020.0411 -434.048 -381.83 114.9 1.1 0.8 2.5
2020.0438 -434.101 -382.163 122.3 1.2 0.8 2.6
2020.0466 -434.894 -380.053 122.8 1.1 0.8 2.5
2020.0493 -436.375 -382.274 127.2 1.1 0.8 2.5
2020.0521 -436.217 -381.607 126.9 1.1 0.8 2.5
2020.0548 -436.375 -382.718 126.9 1.1 0.8 2.5
2020.0575 -435 -382.829 126.3 1.1 0.8 2.5
2020.0603 -434.789 -381.83 118.3 1.1 0.8 2.4
2020.0630 -436.164 -381.83 113.7 1.1 0.8 2.4
2020.0658 -437.063 -381.718 116.2 1.1 0.8 2.5
2020.0685 -437.222 -382.496 115.9 1.1 0.8 2.5
2020.0712 -437.169 -384.161 120.9 1.1 0.8 2.5
2020.0740 -436.64 -382.163 118.6 1.1 0.8 2.4
2020.0767 -435.37 -381.718 116.3 1.1 0.8 2.5
2020.0795 -435.476 -382.052 125.3 1.1 0.8 2.5
2020.0822 -439.073 -382.385 129.2 1.1 0.8 2.5
2020.0849 -437.857 -382.052 121.3 1.1 0.8 2.5
2020.0877 -435.582 -381.941 119.1 1.1 0.8 2.4
2020.0904 -436.587 -381.83 122.4 1.1 0.8 2.4
2020.0932 -441.189 -391.933 127.6 1.2 1.0 3.4
2020.0932 -435.529 -381.163 116.4 1.1 0.8 2.4
2020.0959 -442.141 -392.377 131.3 1.2 1.1 3.7
2020.0959 -435.688 -382.718 124.9 1.1 0.8 2.5
2020.0986 -439.549 -391.378 140.9 1.3 1.0 3.7
2020.0986 -435.529 -383.162 125.5 1.1 0.8 2.5
2020.1014 -439.496 -392.488 128.7 1.3 1.1 4.0
2020.1014 -437.857 -382.718 121.2 1.1 0.8 2.5
2020.1041 -438.703 -388.824 138.4 1.4 1.1 4.1
2020.1041 -434.894 -380.608 125.4 1.1 0.8 2.4
2020.1068 -439.02 -391.711 129.3 1.4 1.2 4.5
2020.1068 -435.37 -380.608 126.4 1.1 0.8 2.4
2020.1096 -434.842 -396.041 122 1.5 1.2 4.6
2020.1096 -438.703 -383.495 123.2 1.1 0.8 2.4
2020.1123 -440.025 -389.157 137.6 1.3 1.1 3.9
2020.1123 -435.794 -380.719 113.7 1.1 0.8 2.5
2020.1151 -441.4 -391.6 113.3 1.2 1.0 3.2
2020.1151 -435.37 -379.165 116.9 1.1 0.8 2.5
2020.1178 -445.526 -391.933 137.5 1.2 1.0 3.4
2020.1178 -435.794 -381.941 127.2 1.1 0.8 2.5
2020.1205 -444.627 -392.044 138.2 1.3 1.1 3.7
2020.1205 -438.068 -381.274 121.1 1.1 0.8 2.5
2020.1233 -442.088 -393.266 126.7 1.2 1.0 3.4
2020.1233 -437.222 -380.164 119.2 1.1 0.8 2.5
2020.1260 -439.972 -391.711 129.3 1.2 1.0 3.3
2020.1260 -435.476 -381.941 120.2 1.1 0.8 2.5
2020.1288 -440.025 -392.266 123.9 1.2 1.0 3.2
2020.1288 -435.688 -381.718 123.8 1.1 0.8 2.5
2020.1315 -443.516 -393.377 124.4 1.3 1.0 3.7
2020.1315 -435.582 -382.163 123.1 1.1 0.8 2.5
2020.1342 -436.534 -394.82 111.6 1.5 1.3 4.9
2020.1342 -430.398 -383.384 127.5 1.1 0.8 2.5
2020.1370 -441.718 -393.488 116.7 1.4 1.2 4.2
2020.1370 -436.323 -385.271 125 1.1 0.8 2.5
2020.1397 -438.914 -396.929 117.3 1.4 1.2 4.8
2020.1397 -435.37 -383.273 123.6 1.1 0.8 2.5
2020.1425 -436.375 -392.377 144.9 1.4 1.1 4.2
2020.1425 -437.698 -383.939 128.6 1.1 0.8 2.5
2020.1452 -444.31 -393.599 131.9 1.2 1.0 3.3
2020.1452 -435.847 -383.717 125.1 1.1 0.8 2.5
2020.1479 -443.886 -392.71 128.3 1.2 1.0 3.3
2020.1479 -435.423 -383.162 122.1 1.1 0.8 2.4
2020.1507 -437.857 -382.163 118.2 1.1 0.8 2.4
2020.1534 -435.476 -382.496 118.7 1.1 0.8 2.4
2020.1562 -437.962 -382.496 124.6 1.1 0.8 2.5
2020.1589 -435.159 -382.607 122.8 1.1 0.8 2.5
2020.1616 -437.486 -384.05 120.2 1.1 0.8 2.5
2020.1644 -437.751 -383.384 119.1 1.1 0.8 2.4
2020.1671 -437.857 -382.385 123.8 1.1 0.8 2.4
2020.1699 -437.222 -384.494 113.2 1.1 0.8 2.4
2020.1726 -435.37 -384.161 111.8 1.1 0.8 2.4
2020.1753 -436.852 -385.271 119.2 1.1 0.8 2.4
2020.1781 -435.899 -382.163 117.5 1.1 0.8 2.4
2020.1808 -439.285 -383.384 119.1 1.1 0.8 2.4
2020.1836 -439.39 -382.274 117.8 1.1 0.8 2.4
2020.1863 -437.857 -382.94 121.3 1.1 0.8 2.4
2020.1890 -437.962 -382.94 125.4 1.1 0.8 2.4
2020.1918 -436.27 -381.385 123.4 1.1 0.8 2.5
2020.1945 -441.453 -382.163 116.2 1.1 0.8 2.5
2020.1973 -439.285 -382.163 111.9 1.1 0.8 2.5
2020.2000 -440.713 -381.385 112.2 1.1 0.8 2.5
2020.2027 -439.549 -382.163 112.2 1.1 0.8 2.5
2020.2055 -440.078 -381.496 119.3 1.1 0.8 2.5
2020.2082 -437.645 -383.939 119.2 1.1 0.8 2.5
2020.2110 -439.972 -382.496 119.4 1.1 0.8 2.5
2020.2137 -438.703 -383.828 113.6 1.1 0.8 2.5
2020.2164 -438.015 -382.274 116.4 1.3 0.9 2.8
2020.2192 -437.857 -386.493 113.9 1.2 0.9 2.6
2020.2219 -436.481 -384.605 115.2 1.2 0.9 2.6
2020.2247 -439.232 -384.272 116.7 1.2 0.8 2.5
2020.2274 -437.222 -382.052 111 1.1 0.8 2.5
2020.2301 -437.275 -382.163 112.5 1.1 0.8 2.5
2020.2329 -441.718 -384.605 116.2 1.1 0.8 2.5
2020.2356 -439.602 -382.94 118.6 1.1 0.8 2.5
2020.2384 -438.967 -384.05 118.9 1.2 0.8 2.5
2020.2411 -438.385 -384.272 120.7 1.1 0.8 2.6
2020.2438 -439.179 -382.274 119.3 1.1 0.8 2.5
2020.2466 -441.242 -384.05 119.9 1.2 0.8 2.5
2020.2493 -441.136 -384.383 114.7 1.2 0.8 2.6
2020.2521 -438.333 -382.829 116.6 1.2 0.8 2.5
2020.2548 -440.713 -385.271 115.6 1.1 0.8 2.5
2020.2575 -439.285 -384.827 118.4 1.1 0.8 2.5
2020.2603 -440.025 -383.828 118.4 1.2 0.8 2.5
2020.2630 -441.295 -382.94 117.6 1.2 0.8 2.5
2020.2658 -440.713 -383.828 118.6 1.2 0.8 2.5
2020.2685 -441.718 -382.829 115.5 1.2 0.8 2.5
2020.2712 -439.285 -383.828 116.1 1.2 0.8 2.6
2020.2740 -442.247 -383.828 118.1 1.1 0.8 2.5
2020.2767 -440.819 -381.718 115 1.2 0.8 2.5
2020.2795 -439.866 -381.83 114.5 1.2 0.8 2.5
2020.2822 -440.237 -383.828 116.4 1.2 0.9 2.6
2020.2849 -438.967 -383.828 117.6 1.2 0.8 2.6
2020.2877 -439.972 -382.163 114 1.2 0.8 2.6
2020.2904 -440.871 -381.941 123.2 1.2 0.8 2.5
2020.2932 -441.453 -383.273 119.1 1.2 0.8 2.5
2020.2959 -443.04 -379.387 117.5 1.2 0.8 2.5
2020.2986 -440.395 -381.163 113.2 1.2 0.8 2.6
2020.3014 -438.227 -381.607 118.3 1.2 0.8 2.6
2020.3041 -441.612 -381.607 124.4 1.4 0.9 2.7
2020.3068 -439.814 -381.163 118.3 1.2 0.8 2.5
2020.3096 -440.819 -382.94 118.6 1.2 0.8 2.5
2020.3123 -440.025 -381.83 112.8 1.2 0.8 2.6
2020.3151 -441.189 -382.274 114.2 1.2 0.8 2.6
2020.3178 -438.438 -382.163 112.3 1.2 0.8 2.6
2020.3205 -439.708 -382.607 117.3 1.2 0.8 2.5
2020.3233 -439.02 -382.052 118.2 1.2 0.8 2.6
2020.3260 -440.237 -383.051 116.4 1.1 0.8 2.5
2020.3288 -439.919 -383.939 118.1 1.1 0.8 2.5
2020.3315 -440.29 -383.273 111.3 1.2 0.8 2.6
2020.3342 -440.871 -383.384 112.6 1.2 0.8 2.5
2020.3370 -439.919 -380.386 114.6 1.2 0.8 2.5
2020.3397 -441.718 -381.385 111.5 1.2 0.8 2.5
2020.3425 -441.824 -381.163 110.1 1.1 0.8 2.5
2020.3452 -439.602 -382.829 113 1.2 0.9 2.6
2020.3479 -438.914 -383.051 111.6 1.1 0.8 2.5
2020.3507 -442.088 -381.718 114.5 1.1 0.8 2.5
2020.3534 -438.756 -383.162 113.1 1.2 0.8 2.6
2020.3562 -442.141 -381.83 116.5 1.2 0.8 2.6
2020.3589 -439.338 -383.273 107.5 1.2 0.8 2.6
2020.3616 -439.919 -381.83 122.1 1.1 0.8 2.5
2020.3644 -442.564 -381.941 116.7 1.1 0.8 2.5
2020.3671 -439.338 -380.83 110.4 1.1 0.8 2.5
2020.3699 -442.458 -380.719 114.1 1.1 0.8 2.5
2020.3726 -443.04 -380.83 113.7 1.1 0.8 2.5
2020.3753 -442.035 -380.275 111.3 1.1 0.8 2.5
2020.3781 -440.078 -381.385 114.2 1.1 0.8 2.5
2020.3808 -440.501 -380.497 115.5 1.1 0.8 2.5
2020.3836 -440.871 -381.052 115.9 1.2 0.8 2.5
2020.3863 -443.939 -381.83 110.6 1.1 0.8 2.5
2020.3890 -440.766 -381.052 113.5 1.1 0.8 2.5
2020.3918 -442.247 -382.385 116.1 1.1 0.8 2.6
2020.3945 -443.569 -382.607 122.5 1.1 0.8 2.5
2020.3973 -442.088 -381.607 123.7 1.1 0.8 2.5
2020.4000 -441.348 -383.495 118.7 1.1 0.8 2.5
2020.4027 -444.257 -382.94 116.5 1.1 0.8 2.5
2020.4055 -441.771 -382.274 116.2 1.1 0.8 2.5
2020.4082 -442.353 -381.941 115.3 1.2 0.8 2.6
2020.4110 -441.136 -383.273 108.5 1.1 0.8 2.5
2020.4137 -442.829 -380.053 107.6 1.2 0.8 2.5
2020.4164 -442.67 -381.941 118.2 1.1 0.8 2.5
2020.4192 -441.718 -383.051 118.8 1.1 0.8 2.5
2020.4219 -443.199 -383.606 118 1.1 0.8 2.6
2020.4247 -441.718 -384.383 120.8 1.1 0.8 2.5
2020.4274 -445.579 -384.494 121.5 1.2 0.9 2.6
2020.4301 -441.348 -384.161 112.1 1.2 0.9 2.6
2020.4329 -443.569 -381.607 111.8 1.1 0.9 2.6
2020.4356 -447.325 -379.831 130.6 1.5 1.3 5.2
2020.4356 -444.204 -384.383 114.3 1.1 0.9 2.6
2020.4384 -445.791 -383.828 105.4 1.6 1.3 5.3
2020.4411 -444.68 -387.492 114.8 1.8 1.5 6.0
2020.4411 -445.473 -385.271 120.4 1.2 0.9 2.6
2020.4438 -445.791 -384.827 117.1 1.1 0.9 2.6
2020.4466 -445.367 -383.717 113.9 1.1 0.9 2.6
2020.4493 -439.761 -381.052 115.9 1.1 0.8 2.5
2020.4521 -444.733 -383.162 116.3 1.1 0.8 2.6
2020.4548 -443.781 -385.271 119.5 1.1 0.8 2.5
2020.4575 -445.738 -380.83 119.2 1.1 0.8 2.5
2020.4603 -444.944 -383.828 115.6 1.1 0.8 2.5
2020.4630 -441.4 -381.274 118.2 1.2 0.8 2.6
2020.4658 -445.367 -383.828 118.3 1.1 0.8 2.6
2020.4685 -444.257 -383.273 117.9 1.1 0.8 2.6
2020.4712 -445.949 -387.159 118.5 1.1 0.8 2.5
2020.4740 -451.556 -385.16 117.8 1.1 0.8 2.5
2020.4767 -445.262 -384.05 117.3 1.1 0.8 2.5
2020.4795 -443.569 -384.605 119.6 1.1 0.8 2.6
2020.4822 -442.829 -385.493 119 1.1 0.8 2.6
2020.4849 -446.69 -386.382 120.8 1.1 0.8 2.6
2020.4877 -446.32 -386.493 118.1 1.2 0.8 2.7
2020.4904 -447.642 -383.384 114.5 1.1 0.8 2.6
2020.4932 -443.199 -385.382 117.2 1.2 0.8 2.6
2020.4959 -445.473 -383.606 121.3 1.2 0.9 2.7
2020.4986 -445.844 -383.273 114.4 1.2 0.9 2.7
2020.5014 -444.733 -384.494 113.1 1.2 0.8 2.6
2020.5041 -444.627 -384.827 112.1 1.1 0.8 2.6
2020.5068 -443.939 -381.941 114.2 1.2 0.8 2.6
2020.5096 -441.982 -386.271 117.7 1.1 0.9 2.6
2020.5123 -443.41 -382.718 112.8 1.2 0.9 2.6
2020.5151 -447.325 -384.161 118.1 1.2 0.8 2.6
2020.5178 -446.531 -384.494 116.7 1.2 0.8 2.6
2020.5205 -443.41 -386.493 119.3 1.2 0.8 2.6
2020.5233 -446.796 -385.605 121.5 1.2 0.9 2.7
2020.5260 -449.969 -386.715 124.7 1.2 0.9 2.6
2020.5288 -447.536 -388.047 131.2 1.2 0.9 2.6
2020.5315 -448.594 -382.607 118.6 1.2 0.9 2.6
2020.5342 -445.685 -386.937 124.5 1.1 0.9 2.6
2020.5370 -447.748 -385.16 119.1 1.2 0.9 2.7
2020.5397 -445.367 -386.049 120.7 1.1 0.9 2.6
2020.5425 -442.458 -384.716 115.1 1.2 0.9 2.6
2020.5452 -444.415 -383.384 120.7 1.2 0.9 2.6
2020.5479 -443.675 -385.16 119.2 1.1 0.9 2.6
2020.5507 -445.579 -384.716 120.1 1.2 0.9 2.6
2020.5534 -444.151 -386.937 124.9 1.2 0.9 2.6
2020.5562 -446.372 -384.827 122.3 1.2 0.9 2.7
2020.5589 -449.546 -387.714 125.4 1.2 0.9 2.6
2020.5616 -443.463 -385.605 121.4 1.1 0.9 2.6
2020.5644 -445.949 -383.162 116.7 1.2 0.9 2.6
2020.5671 -448.012 -384.494 124.9 1.1 0.9 2.6
2020.5699 -447.483 -385.271 123.3 1.1 0.9 2.6
2020.5726 -445.949 -387.381 119.5 1.1 0.9 2.6
2020.5753 -449.176 -385.938 121 1.2 0.9 2.8
2020.5781 -442.723 -384.494 115.5 1.1 0.9 2.6
2020.5808 -448.224 -385.605 116.6 1.2 0.9 2.6
2020.5836 -448.594 -387.492 114.6 1.2 0.9 2.7
2020.5863 -449.017 -384.605 128.8 1.1 0.9 2.7
2020.5890 -447.113 -384.716 122.9 1.2 0.9 2.6
2020.5918 -447.483 -384.05 121.8 1.2 0.9 2.6
2020.5945 -446.848 -382.829 118.5 1.1 0.9 2.6
2020.5973 -447.853 -385.493 122.1 1.2 0.9 2.7
2020.6000 -449.07 -385.716 126.6 1.2 0.9 2.8
2020.6027 -444.786 -384.494 128.1 1.2 0.9 2.7
2020.6055 -446.055 -382.163 119.1 1.1 0.9 2.6
2020.6082 -447.219 -383.051 120.6 1.1 0.9 2.6
2020.6110 -447.166 -382.274 120.4 1.1 0.9 2.7
2020.6137 -448.118 -385.493 125.1 1.1 0.9 2.7
2020.6164 -449.335 -385.049 124.5 1.1 0.9 2.7
2020.6192 -447.906 -385.493 116.2 1.1 0.9 2.7
2020.6219 -445.473 -382.607 117.8 1.1 0.9 2.6
2020.6247 -449.123 -385.493 121.5 1.1 0.9 2.7
2020.6274 -447.801 -384.827 125.5 1.1 0.9 2.7
2020.6301 -446.214 -383.495 122.5 1.1 0.9 2.7
2020.6329 -446.584 -384.272 119.9 1.1 0.9 2.6
2020.6356 -444.415 -384.494 118.4 1.2 0.9 2.6
2020.6384 -448.118 -384.827 122.6 1.2 0.9 2.6
2020.6411 -448.012 -384.827 120 1.2 0.9 2.7
2020.6438 -446.796 -386.382 129.5 1.1 0.9 2.7
2020.6466 -447.007 -384.05 127.3 1.1 0.9 2.6
2020.6493 -448.171 -385.382 123.6 1.1 0.9 2.6
2020.6521 -448.224 -386.271 123.8 1.2 0.9 2.6
2020.6548 -451.027 -385.938 119.3 1.2 0.9 2.6
2020.6575 -447.43 -386.049 119.9 1.1 0.9 2.6
2020.6603 -451.609 -387.936 126.2 1.2 0.9 2.6
2020.6630 -445.791 -382.274 119.2 1.2 0.9 2.6
2020.6658 -445.526 -387.714 124.8 1.2 0.9 2.6
2020.6685 -452.138 -388.047 127.8 1.2 0.9 2.6
2020.6712 -449.916 -386.493 129.9 1.2 0.9 2.6
2020.6740 -445.791 -387.159 126.3 1.2 0.9 2.6
2020.6767 -445.579 -384.272 117.4 1.2 0.9 2.6
2020.6795 -445.685 -387.159 123.6 1.2 0.9 2.6
2020.6822 -448.224 -385.938 118.8 1.2 0.9 2.6
2020.6849 -448.911 -385.938 118.9 1.2 0.9 2.7
2020.6877 -444.627 -384.827 129.2 1.2 0.9 2.6
2020.6904 -448.488 -385.938 119.5 1.2 0.9 2.6
2020.6932 -447.483 -385.605 122.1 1.2 0.9 2.6
2020.6959 -450.287 -386.049 118.7 1.2 0.9 2.7
2020.6986 -447.377 -388.269 120 1.3 0.9 2.7
2020.7014 -448.065 -385.938 119.9 1.2 0.9 2.7
2020.7041 -451.662 -384.383 123.7 1.2 0.9 2.6
2020.7068 -446.637 -384.716 125.7 1.2 0.9 2.6
2020.7096 -449.176 -386.604 127.2 1.3 0.9 2.8
2020.7123 -455.735 -382.94 127.4 1.3 0.9 2.8
2020.7151 -451.08 -384.494 124.1 1.3 0.9 2.7
2020.7178 -456.264 -382.274 128.7 1.3 0.9 2.6
2020.7205 -453.725 -386.715 124.9 1.3 0.9 2.6
2020.7233 -450.075 -384.938 123.2 1.2 0.9 2.6
2020.7260 -452.085 -387.492 119.1 1.2 0.9 2.6
2020.7288 -454.518 -387.603 128.9 1.2 0.9 2.7
2020.7315 -450.71 -387.381 130.5 1.3 0.9 2.7
2020.7342 -453.196 -386.16 130.4 1.3 0.9 2.6
2020.7370 -450.392 -386.382 127.5 1.2 0.9 2.6
2020.7397 -450.498 -387.048 128 1.3 0.9 2.6
2020.7425 -451.503 -388.935 131 1.2 0.9 2.6
2020.7452 -450.816 -386.049 130.1 1.3 0.9 2.6
2020.7479 -454.095 -386.826 129.6 1.2 0.9 2.6
2020.7507 -452.138 -383.162 129.5 1.2 0.9 2.6
2020.7534 -452.931 -386.271 131.3 1.2 0.8 2.6
2020.7562 -448.33 -389.824 132.2 1.2 0.9 2.7
2020.7589 -457.903 -384.494 128.8 1.2 0.8 2.6
2020.7616 -454.307 -388.158 126.5 1.2 0.9 2.6
2020.7644 -448.858 -388.158 123.7 1.2 0.8 2.6
2020.7671 -449.335 -389.379 121.1 1.2 0.9 2.6
2020.7699 -451.662 -388.602 126.8 1.2 0.8 2.6
2020.7726 -451.08 -388.047 123.9 1.2 0.9 2.6
2020.7753 -453.09 -385.493 130.7 1.2 0.9 2.6
2020.7781 -451.503 -388.269 132.6 1.2 0.8 2.6
2020.7808 -450.181 -386.16 128.3 1.2 0.9 2.6
2020.7836 -451.715 -387.27 130.5 1.2 0.8 2.6
2020.7863 -454.307 -386.826 125.3 1.2 0.8 2.6
2020.7890 -451.821 -387.936 122.7 1.2 0.8 2.6
2020.7918 -453.566 -387.825 128.3 1.2 0.8 2.6
2020.7945 -452.614 -386.16 125 1.2 0.8 2.6
2020.7973 -448.488 -386.937 122.1 1.2 0.9 2.7
2020.8000 -451.715 -387.714 124.9 1.2 0.9 2.6
2020.8027 -452.561 -389.491 124.7 1.2 0.8 2.6
2020.8055 -453.302 -388.158 123.5 1.2 0.8 2.7
2020.8082 -454.465 -387.936 126.3 1.2 0.8 2.6
2020.8110 -451.397 -386.604 121.1 1.2 0.9 2.6
2020.8137 -451.397 -388.491 123 1.2 0.9 2.6
2020.8164 -453.936 -390.157 124.4 1.2 0.8 2.6
2020.8192 -454.518 -389.379 125.4 1.2 0.8 2.6
2020.8219 -454.888 -390.712 131.8 1.2 0.8 2.6
2020.8247 -452.138 -388.38 122 1.2 0.9 2.6
2020.8274 -451.662 -386.16 119 1.2 0.9 2.6
2020.8301 -453.513 -386.382 122.5 1.2 0.9 2.6
2020.8329 -454.624 -386.271 124.3 1.2 0.9 2.6
2020.8356 -452.878 -387.048 125.4 1.2 0.9 2.6
2020.8384 -452.508 -387.27 123.4 1.2 0.9 2.6
2020.8411 -451.344 -387.936 121.2 1.2 0.8 2.6
2020.8438 -452.349 -387.714 120.2 1.2 0.8 2.6
2020.8466 -453.778 -385.827 125.2 1.2 0.9 2.7
2020.8493 -452.878 -387.381 127.9 1.2 0.8 2.6
2020.8521 -452.244 -388.38 127.5 1.2 0.8 2.6
2020.8548 -449.07 -385.827 124.4 1.2 0.8 2.6
2020.8575 -450.022 -388.935 130.5 1.2 0.8 2.6
2020.8603 -451.926 -385.16 124 1.2 0.8 2.7
2020.8630 -452.72 -385.605 126.8 1.2 0.9 2.6
2020.8658 -451.873 -388.158 135 1.2 0.9 2.6
2020.8685 -453.513 -388.269 131.8 1.2 0.9 2.7
2020.8712 -454.835 -386.16 126.8 1.2 0.9 2.7
2020.8740 -453.619 -388.824 124.1 1.2 0.9 2.6
2020.8767 -453.46 -387.381 126.5 1.2 0.9 2.6
2020.8795 -455.1 -388.713 122.5 1.2 0.9 2.7
2020.8822 -455.47 -389.157 124.9 1.2 0.9 2.7
2020.8849 -454.783 -387.603 121.6 1.2 0.9 2.7
2020.8877 -453.725 -388.713 122.3 1.2 0.9 2.7
2020.8904 -454.941 -388.158 126 1.3 0.9 2.8
2020.8932 -451.292 -389.602 119.1 1.2 0.9 2.8
2020.8959 -453.407 -387.825 129.8 1.3 0.9 2.7
2020.8986 -453.196 -386.826 129.3 1.2 0.9 2.7
2020.9014 -454.73 -386.715 129.3 1.2 0.9 2.7
2020.9041 -451.397 -386.16 127.8 1.2 0.9 2.7
2020.9068 -457.216 -388.824 130.5 1.2 0.9 2.6
2020.9096 -452.931 -388.824 129.6 1.2 0.9 2.6
2020.9123 -452.349 -389.268 132.8 1.3 0.9 2.7
2020.9151 -454.624 -387.825 132 1.3 0.9 2.8
2020.9178 -452.508 -386.271 125.4 1.2 0.9 2.7
2020.9205 -453.936 -388.824 133.8 1.2 0.9 2.6
2020.9233 -449.387 -388.935 131.1 1.2 0.9 2.7
2020.9260 -452.561 -389.713 123 1.2 0.9 2.7
2020.9288 -456.317 -388.38 121.3 1.2 0.9 2.6
2020.9315 -455.629 -390.046 118.7 1.2 0.9 2.7
2020.9342 -452.349 -388.491 120 1.2 0.9 2.6
2020.9370 -452.931 -390.046 127.7 1.2 0.9 2.6
2020.9397 -453.407 -389.713 126.5 1.2 0.9 2.6
2020.9425 -454.148 -387.825 123.8 1.2 0.9 2.6
2020.9452 -456.528 -387.714 118.2 1.2 0.9 2.6
2020.9479 -453.249 -388.491 117.9 1.2 0.9 2.6
2020.9507 -454.148 -390.046 116 1.2 0.9 2.6
2020.9534 -456.158 -389.491 117.5 1.2 0.9 2.6
2020.9562 -454.412 -389.713 126.7 1.2 0.9 2.7
2020.9589 -454.095 -390.046 125.1 1.2 0.9 2.7
2020.9616 -453.46 -390.157 125.3 1.2 0.9 2.6
2020.9644 -453.143 -389.268 119.8 1.2 0.9 2.7
2020.9671 -454.042 -388.158 128.3 1.2 0.9 2.6
2020.9699 -454.73 -388.602 127.2 1.2 0.9 2.7
2020.9726 -452.667 -389.157 125.6 1.2 0.9 2.7
2020.9753 -452.297 -389.713 121.3 1.2 0.9 2.6
2020.9781 -452.614 -393.043 131.5 1.2 0.9 2.7
2020.9808 -455.946 -394.82 131.6 1.2 0.9 2.7
2020.9836 -456.74 -389.379 120.3 1.2 0.9 2.8
2020.9863 -455.682 -390.823 126.1 1.2 0.9 2.7
2020.9890 -454.465 -389.268 128.3 1.2 0.9 2.7
2020.9918 -455.047 -389.935 127.9 1.2 0.9 2.6
2020.9945 -450.445 -392.377 128.5 1.2 0.9 2.7
2020.9973 -455.259 -392.266 121 1.2 0.9 2.7
2021.0000 -454.307 -392.932 128 1.2 0.9 2.6
2021.0027 -454.095 -390.157 119.5 1.2 0.9 2.6
2021.0027 -453.725 -391.822 129.5 1.2 0.9 2.7
2021.0055 -454.254 -392.266 128.2 1.2 0.9 2.7
2021.0082 -455.84 -391.156 126.8 1.2 0.9 2.7
2021.0110 -455.788 -392.266 127.4 1.2 0.9 2.7
2021.0137 -455.893 -392.155 132 1.2 0.9 2.6
2021.0164 -455.788 -389.602 128.8 1.2 0.9 2.6
2021.0192 -452.826 -392.71 129.3 1.2 0.9 2.6
2021.0219 -453.725 -393.488 125.2 1.2 0.9 2.6
2021.0247 -455.312 -391.933 124.2 1.2 0.9 2.7
2021.0274 -453.936 -392.266 125.2 1.2 0.9 2.6
2021.0301 -458.75 -394.376 129.5 1.2 0.9 2.6
2021.0329 -455.682 -392.044 127.1 1.2 0.9 2.6
2021.0356 -454.518 -392.377 124.1 1.2 0.9 2.6
2021.0384 -456.264 -391.933 121.5 1.2 0.9 2.6
2021.0411 -458.538 -393.488 127.7 1.2 0.9 2.6
2021.0438 -457.216 -390.712 122.1 1.2 0.9 2.6
2021.0466 -456.581 -392.377 124.3 1.2 0.9 2.6
2021.0493 -454.148 -392.488 120.1 1.2 0.9 2.6
2021.0521 -455.523 -394.154 124 1.2 0.9 2.6
2021.0548 -452.191 -390.157 111.3 1.2 0.9 2.8
2021.0575 -453.037 -391.822 118.3 1.2 0.9 2.7
2021.0603 -458.274 -391.489 121.7 1.2 0.9 2.6
2021.0630 -454.518 -392.044 122 1.2 0.9 2.6
2021.0658 -454.677 -393.821 121.4 1.2 0.9 2.6
2021.0685 -455.047 -389.157 117.8 1.2 0.9 2.6
2021.0712 -455.84 -389.157 116.2 1.2 0.9 2.6
2021.0740 -454.994 -389.602 118.2 1.2 0.9 2.6
2021.0767 -457.004 -389.602 124.8 1.2 0.9 2.7
2021.0795 -455.047 -391.378 124.9 1.2 0.9 2.7
2021.0822 -455.893 -388.38 118.8 1.2 0.9 2.7
2021.0849 -455.682 -388.602 117.9 1.2 0.9 2.6
2021.0877 -455.153 -389.602 118.3 1.2 0.9 2.7
2021.0904 -455.999 -390.379 119.2 1.2 0.9 2.7
2021.0932 -456.528 -390.268 117.7 1.2 0.9 2.7
2021.0959 -455.999 -387.159 118.1 1.2 0.9 2.7
2021.0986 -455.999 -388.491 117.5 1.2 0.9 2.7
2021.1014 -455.364 -388.047 118.7 1.1 0.9 2.6
2021.1041 -457.533 -388.935 116.3 1.2 0.9 2.7
2021.1068 -457.48 -388.269 115.1 1.1 0.9 2.7
2021.1096 -457.057 -389.713 113.4 1.1 0.9 2.7
2021.1123 -457.057 -388.158 118 1.1 0.9 2.7
2021.1151 -455.893 -387.825 121.3 1.1 0.9 2.7
2021.1178 -455.946 -391.045 118.2 1.2 0.9 2.6
2021.1205 -456.74 -389.602 119.8 1.2 0.9 2.7
2021.1233 -458.009 -389.824 120.1 1.2 0.9 2.6
2021.1260 -457.374 -391.267 122.2 1.2 0.9 2.7
2021.1288 -460.654 -389.157 118.3 1.2 0.9 2.7
2021.1315 -455.84 -389.602 123 1.1 0.9 2.6
2021.1342 -455.47 -391.933 124 1.2 0.9 2.7
2021.1370 -457.11 -388.602 118.4 1.2 0.9 2.8
2021.1397 -457.216 -390.379 119.9 1.2 0.9 2.6
2021.1425 -460.76 -389.713 124.7 1.2 0.9 2.6
2021.1452 -457.903 -389.713 118.3 1.2 0.9 2.6
2021.1479 -456.158 -389.268 112.5 1.2 0.9 2.6
2021.1507 -456.052 -387.825 115.5 1.2 0.9 2.6
2021.1534 -456.528 -390.934 115.4 1.2 0.9 2.7
2021.1562 -455.153 -389.157 113.3 1.2 0.9 2.7
2021.1589 -458.115 -389.491 120 1.2 1.0 2.7
2021.1616 -457.374 -390.046 119.6 1.2 0.9 2.7
2021.1644 -457.11 -388.824 121.4 1.3 0.9 2.7
2021.1671 -457.163 -388.158 118.3 1.2 0.9 2.6
2021.1699 -459.226 -389.046 118.7 1.2 0.9 2.6
2021.1726 -457.745 -391.045 118.6 1.2 0.9 2.6
2021.1753 -459.014 -390.712 124.3 1.2 0.9 2.7
2021.1781 -459.014 -389.491 118.2 1.2 0.9 2.8
2021.1808 -455.946 -387.159 114.5 1.2 0.9 2.8
2021.1836 -458.274 -388.713 117.3 1.3 0.9 2.8
2021.1863 -455.999 -392.044 113.6 1.2 0.9 2.6
2021.1890 -458.115 -392.266 118.5 1.2 0.9 2.6
2021.1918 -455.417 -390.379 116.6 1.2 0.9 2.6
2021.1945 -454.518 -388.269 112.1 1.2 0.9 2.7
2021.1973 -454.888 -388.935 115.4 1.2 0.9 2.7
2021.2000 -460.336 -388.824 118.5 1.3 0.9 2.7
2021.2027 -456.475 -391.378 118 1.2 0.9 2.6
2021.2055 -458.062 -391.822 121.7 1.2 0.9 2.6
2021.2082 -457.586 -391.711 118.8 1.2 0.9 2.6
2021.2110 -455.312 -390.157 117.2 1.2 0.9 2.7
2021.2137 -456.581 -387.936 117.8 1.2 0.9 2.7
2021.2164 -454.412 -391.489 115.8 1.3 1.0 2.7
2021.2192 -453.672 -390.823 116.7 1.2 0.9 2.6
2021.2219 -454.783 -390.49 114.8 1.2 0.9 2.6
2021.2247 -455.629 -391.6 116.4 1.2 0.9 2.6
2021.2274 -454.042 -390.49 117.8 1.2 0.9 2.6
2021.2301 -454.941 -392.044 110.8 1.2 0.9 2.6
2021.2329 -454.783 -390.712 108.4 1.2 0.9 2.6
2021.2356 -451.926 -391.378 113.2 1.2 0.9 2.6
2021.2384 -452.138 -391.267 106 1.2 0.9 2.6
2021.2411 -454.994 -391.6 107.1 1.2 0.9 2.6
2021.2438 -453.619 -391.933 100.9 1.2 0.9 2.6
2021.2466 -455.312 -392.821 110.3 1.2 0.9 2.6
2021.2493 -455.523 -390.379 111.7 1.3 0.9 2.7
2021.2521 -454.412 -390.268 111.1 1.2 0.9 2.6
2021.2548 -454.624 -390.823 112.7 1.2 0.9 2.6
2021.2575 -455.735 -392.044 113.7 1.2 0.9 2.6
2021.2603 -459.12 -390.823 113.3 1.2 0.9 2.6
2021.2630 -456.845 -392.599 114.1 1.2 0.9 2.6
2021.2658 -453.619 -389.713 108.2 1.3 0.9 2.7
2021.2685 -455.735 -390.934 115.8 1.2 0.9 2.7
2021.2712 -456.317 -390.157 109.5 1.2 0.9 2.7
2021.2740 -457.11 -390.49 110.8 1.2 0.9 2.6
2021.2767 -455.153 -389.935 108 1.2 0.9 2.6
2021.2795 -457.586 -389.824 118.3 1.2 0.9 2.8
2021.2822 -460.072 -391.267 112.7 1.2 0.9 2.7
2021.2849 -458.221 -392.266 117.5 1.3 0.9 2.7
2021.2877 -461.712 -390.157 117 1.2 0.9 2.7
2021.2904 -458.803 -390.046 111.3 1.3 0.9 2.7
2021.2932 -456.528 -390.379 106.7 1.4 1.0 2.9
2021.2959 -458.697 -391.378 109.2 1.3 0.9 2.8
2021.2986 -456.369 -390.49 110.3 1.3 1.0 2.8
2021.3014 -457.85 -386.937 114.2 1.2 0.9 2.8
2021.3041 -460.813 -389.157 107.9 1.2 0.9 2.7
2021.3068 -459.12 -388.824 112.6 1.2 0.9 2.8
2021.3096 -457.639 -387.936 111.3 1.2 0.9 2.8
2021.3123 -459.226 -389.157 116.1 1.2 0.9 2.7
2021.3151 -460.495 -389.824 105.7 1.2 0.9 2.7
2021.3178 -461.606 -389.824 104.2 1.2 0.9 2.7
2021.3205 -461.236 -391.822 117.4 1.2 0.9 2.7
2021.3233 -459.384 -391.267 114.7 1.2 0.9 2.8
2021.3260 -458.697 -390.712 113 1.2 0.9 2.7
2021.3288 -460.76 -390.49 111.9 1.2 0.9 2.6
2021.3315 -458.803 -389.602 105.1 1.2 0.9 2.6
2021.3342 -463.351 -389.602 106.1 1.2 0.9 2.7
2021.3370 -459.702 -389.379 110.6 1.2 0.9 2.7
2021.3397 -459.279 -389.491 114.6 1.2 0.9 2.7
2021.3425 -460.442 -389.491 113.6 1.2 0.9 2.7
2021.3452 -463.14 -388.491 107.8 1.2 0.9 2.7
2021.3479 -460.654 -390.49 114.8 1.2 0.9 2.7
2021.3507 -458.326 -388.602 112.8 1.2 0.9 2.7
2021.3534 -460.284 -391.267 112 1.2 0.9 2.7
2021.3562 -463.246 -391.489 111.9 1.2 0.9 2.7
2021.3589 -461.553 -390.157 114.9 1.2 0.9 2.7
2021.3616 -464.145 -395.375 112.2 1.3 0.9 2.9
2021.3644 -465.203 -392.71 109.7 1.2 0.9 2.7
2021.3671 -462.029 -391.489 108.3 1.2 0.9 2.7
2021.3699 -461.341 -390.268 115.4 1.2 0.9 2.7
2021.3726 -463.827 -392.377 109.9 1.2 0.9 2.7
2021.3753 -463.246 -391.6 114 1.2 0.9 2.7
2021.3781 -461.024 -391.378 108.9 1.2 0.9 2.7
2021.3808 -459.755 -389.935 114.8 1.2 0.9 2.7
2021.3836 -461.341 -391.711 111.6 1.4 1.0 3.0
2021.3863 -460.548 -390.601 109.9 1.2 1.0 2.8
2021.3890 -464.039 -390.157 113 1.2 0.9 2.8
2021.3918 -463.034 -389.046 111.3 1.1 0.9 2.7
2021.3945 -463.775 -390.49 107 1.2 0.9 2.7
2021.3973 -461.5 -389.713 106.8 1.1 0.9 2.7
2021.4000 -466.366 -390.157 112.6 1.1 0.9 2.7
2021.4027 -459.384 -388.269 113.3 1.2 0.9 2.8
2021.4055 -463.933 -391.378 117.9 1.2 0.9 2.8
2021.4082 -461.976 -390.712 113.5 1.1 0.9 2.7
2021.4110 -462.875 -390.268 113 1.1 0.9 2.7
2021.4137 -460.548 -390.046 115.5 1.1 0.9 2.7
2021.4164 -463.034 -390.046 109.7 1.1 0.9 2.7
2021.4192 -463.827 -389.379 117.9 1.1 0.9 2.7
2021.4219 -465.996 -390.712 116.9 1.1 0.9 2.7
2021.4247 -463.351 -391.6 115.5 1.1 0.9 2.7
2021.4274 -463.087 -391.489 113.7 1.1 0.9 2.7
2021.4301 -464.251 -390.046 112.8 1.1 0.9 2.7
2021.4329 -460.072 -389.713 109.3 1.1 0.9 2.7
2021.4356 -466.155 -389.824 109.3 1.1 0.9 2.7
2021.4384 -463.933 -392.599 113.7 1.1 0.9 2.7
2021.4411 -461.817 -391.156 115.4 1.2 0.9 2.7
2021.4438 -462.294 -390.046 110 1.2 0.9 2.7
2021.4466 -465.203 -392.155 110.3 1.1 0.9 2.7
2021.4493 -462.399 -391.378 118.3 1.1 0.9 2.7
2021.4521 -465.467 -389.824 110.5 1.2 0.9 2.8
2021.4548 -463.51 -392.155 119.4 1.1 0.9 2.8
2021.4575 -462.452 -389.046 113.2 1.2 0.9 2.8
2021.4603 -465.467 -393.377 111.8 1.1 0.9 2.7
2021.4630 -463.669 -393.043 113.3 1.1 0.9 2.7
2021.4658 -467.847 -390.823 112.8 1.1 0.9 2.7
2021.4685 -466.208 -392.932 114.8 1.1 0.9 2.7
2021.4712 -467.213 -393.154 115.2 1.2 0.9 2.7
2021.4740 -465.626 -392.932 118.9 1.1 0.9 2.8
2021.4767 -462.399 -392.71 116 1.2 0.9 2.8
2021.4795 -461.394 -392.266 114 1.2 0.9 2.8
2021.4822 -463.563 -393.932 115.5 1.2 0.9 2.8
2021.4849 -461.5 -394.265 110.7 1.2 0.9 2.7
2021.4877 -462.241 -391.822 117.2 1.1 0.9 2.7
2021.4904 -462.241 -393.599 111.2 1.1 0.9 2.7
2021.4932 -463.087 -391.822 106.9 1.1 0.9 2.7
2021.4959 -465.996 -391.378 109.6 1.2 0.9 2.8
2021.4986 -462.241 -391.378 117.8 1.2 0.9 2.8
2021.5014 -458.432 -392.71 118.6 1.2 0.9 2.8
2021.5041 -463.034 -393.599 121.1 1.2 0.9 2.8
2021.5068 -461.712 -390.268 115.5 1.2 0.9 2.8
2021.5096 -462.029 -392.599 113.2 1.1 0.9 2.8
2021.5123 -465.573 -392.377 122 1.1 0.9 2.8
2021.5151 -466.155 -391.156 123.1 1.2 0.9 2.8
2021.5178 -466.102 -393.377 121.5 1.1 0.9 2.8
2021.5205 -466.525 -391.6 116.1 1.2 1.0 2.8
2021.5233 -463.669 -391.822 118.3 1.2 0.9 2.7
2021.5260 -461.817 -394.265 117.2 1.2 0.9 2.8
2021.5288 -462.399 -392.377 118.5 1.2 0.9 2.8
2021.5315 -461.87 -392.821 113.6 1.2 0.9 2.8
2021.5342 -462.452 -395.042 118.4 1.2 0.9 2.8
2021.5370 -465.044 -391.933 115.2 1.2 1.0 2.8
2021.5397 -464.991 -394.598 125.1 1.3 1.0 3.0
2021.5425 -467.742 -388.935 122.8 1.2 0.9 2.9
2021.5452 -466.366 -389.379 116.4 1.2 0.9 2.9
2021.5479 -469.223 -392.71 120.6 1.2 0.9 2.7
2021.5507 -464.515 -391.822 121.9 1.2 0.9 2.8
2021.5534 -464.145 -396.707 120.5 1.2 0.9 2.8
2021.5562 -469.434 -393.71 125.4 1.3 1.0 3.0
2021.5589 -465.732 -391.933 122.1 1.2 1.0 2.8
2021.5616 -463.299 -393.377 117.5 1.1 0.9 2.8
2021.5644 -469.276 -391.378 117.5 1.2 0.9 2.8
2021.5671 -467.16 -392.155 116.6 1.1 0.9 2.8
2021.5699 -462.558 -391.489 112.7 1.2 0.9 2.8
2021.5726 -468.641 -394.82 117.1 1.2 0.9 2.8
2021.5753 -467.53 -392.821 118 1.2 0.9 2.8
2021.5781 -465.414 -393.154 118.6 1.2 0.9 2.8
2021.5808 -460.178 -392.488 119.3 1.2 0.9 2.8
2021.5836 -463.51 -392.599 117.7 1.2 0.9 2.8
2021.5863 -465.573 -391.711 117.4 1.2 0.9 2.8
2021.5890 -473.772 -392.377 120.9 1.2 0.9 2.8
2021.5918 -467.583 -396.263 122.7 1.2 0.9 2.8
2021.5945 -462.346 -394.265 120.6 1.2 0.9 2.8
2021.5973 -465.308 -390.712 119.5 1.2 0.9 2.9
2021.6000 -465.573 -393.932 118.5 1.2 0.9 2.8
2021.6027 -468.905 -394.043 124.8 1.2 0.9 2.8
2021.6055 -469.54 -393.043 120.9 1.2 0.9 2.8
2021.6082 -465.573 -394.82 123.4 1.2 0.9 2.8
2021.6110 -466.895 -392.488 117.8 1.2 0.9 2.8
2021.6137 -465.256 -391.045 126.1 1.2 0.9 2.8
2021.6164 -465.943 -393.154 118.6 1.2 0.9 2.8
2021.6192 -470.598 -394.154 113.4 1.2 0.9 2.8
2021.6219 -467.318 -395.375 114.4 1.2 0.9 2.7
2021.6247 -468.852 -392.488 121.4 1.2 0.9 2.8
2021.6274 -465.097 -390.712 123.1 1.2 0.9 2.8
2021.6301 -466.208 -389.157 119.8 1.2 0.9 2.8
2021.6329 -469.699 -391.489 115.2 1.2 0.9 2.8
2021.6356 -463.669 -393.266 113.3 1.2 0.9 2.8
2021.6384 -465.732 -394.265 116 1.3 1.0 2.9
2021.6411 -465.573 -391.267 112.4 1.2 1.0 2.9
2021.6438 -466.842 -391.6 121.9 1.2 1.0 2.9
2021.6466 -463.722 -395.264 121.5 1.2 0.9 2.8
2021.6493 -465.308 -392.488 119.5 1.2 0.9 2.8
2021.6521 -467.689 -393.154 123.8 1.2 0.9 2.8
2021.6548 -469.487 -391.822 130.2 1.3 1.0 2.8
2021.6575 -468.006 -392.599 117.9 1.2 0.9 2.8
2021.6603 -469.752 -392.821 118.2 1.2 0.9 2.8
2021.6630 -465.679 -391.711 117.3 1.2 0.9 2.8
2021.6658 -471.656 -392.377 118 1.2 0.9 2.8
2021.6685 -469.381 -392.821 119.7 1.2 0.9 2.8
2021.6712 -468.8 -392.71 122.7 1.3 0.9 2.9
2021.6740 -467.742 -392.266 119.8 1.4 1.0 3.1
2021.6767 -472.661 -393.154 127.4 1.4 1.0 3.0
2021.6795 -468.271 -395.708 122.3 1.3 0.9 2.9
2021.6822 -468.482 -394.487 128.3 1.2 0.9 2.8
2021.6849 -469.699 -393.488 121.2 1.2 0.9 2.8
2021.6877 -469.223 -392.932 120.5 1.3 0.9 2.9
2021.6904 -467.689 -393.821 123.7 1.3 0.9 2.8
2021.6932 -468.8 -393.488 122.6 1.2 0.9 2.8
2021.6959 -470.069 -394.376 125.7 1.2 0.9 2.8
2021.6986 -466.578 -394.487 129.2 1.3 0.9 2.8
2021.7014 -470.915 -391.045 128.7 1.2 0.9 2.8
2021.7041 -470.651 -395.597 127.1 1.2 0.9 2.8
2021.7068 -468.747 -394.931 124.1 1.2 0.9 2.8
2021.7096 -467.107 -393.266 127.1 1.2 0.9 2.8
2021.7123 -470.333 -393.599 124.6 1.3 0.9 2.8
2021.7151 -470.704 -393.71 119.7 1.2 0.9 2.8
2021.7178 -467.9 -393.932 121.9 1.2 0.9 2.8
2021.7205 -467.318 -394.931 126.6 1.2 0.9 2.8
2021.7233 -466.261 -392.377 127.3 1.2 0.9 2.8
2021.7260 -469.646 -393.71 124.2 1.3 0.9 2.8
2021.7288 -472.714 -394.154 122.5 1.2 0.9 2.8
2021.7315 -471.709 -393.043 124.9 1.3 1.0 2.9
2021.7342 -469.54 -394.376 124.4 1.2 0.9 2.8
2021.7370 -468.747 -394.82 116.2 1.2 0.9 2.8
2021.7397 -465.361 -394.709 121.7 1.2 0.9 2.8
2021.7425 -469.328 -393.932 125.4 1.2 0.9 2.8
2021.7452 -471.391 -393.821 130.2 1.2 0.9 2.8
2021.7479 -469.91 -396.596 121 1.2 0.9 2.8
2021.7507 -471.18 -393.599 124.4 1.2 0.9 2.8
2021.7534 -469.17 -394.376 124.9 1.2 0.9 2.8
2021.7562 -467.266 -394.043 120.9 1.2 0.9 2.8
2021.7589 -467.477 -394.043 120 1.2 0.9 2.8
2021.7616 -469.223 -394.265 127.1 1.2 0.9 2.8
2021.7644 -470.809 -398.04 127.9 1.2 0.9 2.8
2021.7671 -468.958 -396.152 127.3 1.2 0.9 2.8
2021.7699 -466.79 -394.931 120.3 1.2 0.9 2.8
2021.7726 -473.719 -395.264 130 1.2 0.9 2.8
2021.7753 -470.862 -393.932 122 1.2 0.9 2.8
2021.7781 -473.454 -395.93 129.9 1.2 0.9 2.8
2021.7808 -469.011 -395.153 123.2 1.6 1.1 3.1
2021.7836 -469.593 -396.707 120.9 1.2 0.9 2.8
2021.7863 -469.434 -394.043 122 1.2 0.9 2.8
2021.7890 -473.824 -394.931 121.6 1.2 0.9 2.7
2021.7918 -473.084 -395.597 124.7 1.2 0.9 2.7
2021.7945 -469.064 -396.374 128 1.2 0.9 2.7
2021.7973 -473.19 -396.707 124 1.2 0.9 2.8
2021.8000 -471.074 -395.375 120.1 1.2 0.9 2.8
2021.8027 -469.54 -396.929 128.3 1.3 0.9 2.8
2021.8055 -470.439 -395.153 124.3 1.3 0.9 2.8
2021.8082 -473.295 -395.819 132.8 1.2 0.9 2.7
2021.8110 -474.459 -395.264 132.2 1.2 0.9 2.7
2021.8137 -472.026 -396.485 120.4 1.3 0.9 2.9
2021.8164 -472.819 -396.596 121.1 1.2 0.9 2.8
2021.8192 -471.233 -396.041 128 1.2 0.9 2.7
2021.8219 -473.348 -395.93 127.8 1.3 0.9 2.9
2021.8247 -474.195 -395.819 126.3 1.3 0.9 2.9
2021.8274 -471.444 -397.041 122.5 1.3 0.9 2.9
2021.8301 -469.381 -397.596 128.2 1.3 0.9 2.9
2021.8329 -459.596 -397.152 135.7 1.3 0.9 2.9
2021.8356 -471.55 -397.152 127.9 1.3 0.9 2.9
2021.8384 -474.512 -396.263 122 1.3 0.9 2.9
2021.8411 -472.819 -397.707 124.6 1.3 0.9 2.9
2021.8438 -478.479 -394.265 123.3 1.8 1.2 3.5
2021.8466 -473.93 -396.707 124.4 1.3 0.9 2.9
2021.8493 -472.291 -398.484 123.8 1.3 0.9 2.9
2021.8521 -476.152 -396.041 116.8 1.3 0.9 2.9
2021.8548 -475.041 -397.152 116.7 1.3 0.9 2.9
2021.8575 -470.439 -396.707 116.2 1.2 0.9 2.8
2021.8603 -472.396 -395.264 118.9 1.2 0.9 2.8
2021.8630 -472.819 -397.152 117.9 1.2 0.9 2.8
2021.8658 -470.968 -397.263 103.4 1.3 0.9 2.8
2021.8685 -469.434 -396.596 104.9 1.3 1.0 2.9
2021.8712 -468.905 -397.485 103.7 1.3 1.0 2.9
2021.8740 -468.006 -398.817 106.1 1.3 0.9 2.8
2021.8767 -469.857 -395.708 115.8 1.3 0.9 2.9
2021.8795 -471.074 -395.597 115 1.2 0.9 2.8
2021.8822 -474.036 -396.152 113.1 1.2 0.9 2.8
2021.8849 -472.608 -395.93 112.9 1.2 0.9 2.8
2021.8877 -471.867 -395.375 111.2 1.2 0.9 2.8
2021.8904 -470.651 -397.485 111.5 1.2 0.9 2.8
2021.8932 -472.555 -396.485 113.4 1.2 0.9 2.8
2021.8959 -471.391 -394.82 115.5 1.2 0.9 2.8
2021.8986 -472.185 -395.486 118 1.2 0.9 2.8
2021.9014 -470.809 -397.152 119 1.3 0.9 2.8
2021.9041 -471.603 -397.263 110.8 1.2 0.9 2.8
2021.9068 -470.439 -395.819 117.8 1.2 0.9 2.8
2021.9096 -471.074 -396.263 117.3 1.3 0.9 2.8
2021.9123 -471.127 -395.153 121.2 1.2 0.9 2.8
2021.9151 -470.492 -396.707 117.8 1.2 0.9 2.8
2021.9178 -471.391 -397.263 114 1.3 0.9 2.8
2021.9205 -472.026 -396.152 111.6 1.3 0.9 2.8
2021.9233 -473.56 -395.93 115.4 1.4 1.0 3.0
2021.9260 -472.132 -395.486 110.4 1.3 0.9 2.8
2021.9288 -468.641 -396.818 110.8 1.3 0.9 2.8
2021.9315 -471.074 -396.818 124.9 1.3 0.9 2.8
2021.9342 -473.084 -397.596 119.5 1.3 1.0 2.9
2021.9370 -474.777 -397.041 117.4 1.3 1.0 3.0
2021.9397 -473.348 -395.042 118.5 1.3 1.0 2.9
2021.9425 -474.406 -395.93 126.2 1.3 1.0 3.0
2021.9452 -474.829 -396.818 117.1 1.3 0.9 2.9
2021.9479 -473.772 -395.042 114.5 1.3 0.9 2.9
2021.9507 -474.935 -394.709 114.9 1.3 0.9 2.9
2021.9534 -473.613 -394.043 119.8 1.3 0.9 2.9
2021.9562 -473.295 -393.71 112.4 1.3 0.9 3.0
2021.9589 -473.983 -395.93 113.5 1.3 0.9 3.0
2021.9616 -475.094 -397.041 120.1 1.3 0.9 2.9
2021.9644 -475.358 -397.263 119.7 1.3 0.9 2.9
2021.9671 -474.724 -395.486 108.1 1.3 1.0 3.0
2021.9699 -472.608 -396.929 113.3 1.3 0.9 3.0
2021.9726 -476.046 -398.262 103.3 1.3 0.9 2.9
2021.9753 -474.935 -395.375 101.2 1.3 0.9 2.9
2021.9781 -477.315 -396.929 97.8 1.2 0.9 2.9
2021.9808 -475.464 -394.265 91.3 1.3 0.9 3.0
2021.9836 -473.824 -397.707 93.7 1.3 0.9 3.0
2021.9863 -476.416 -395.264 111.9 1.2 0.9 2.9
2021.9890 -470.968 -396.263 102.8 1.2 0.9 2.9
2021.9918 -470.968 -392.599 100 1.2 0.9 2.8
2021.9945 -474.829 -395.264 105.1 1.2 0.9 2.8
2021.9973 -473.137 -393.932 110.5 1.2 0.9 2.9
2022.0000 -477.263 -395.486 115.1 1.2 0.9 2.8
2022.0027 -473.666 -395.819 112.7 1.2 0.9 2.8
2022.0055 -476.734 -394.82 106.8 1.2 0.9 2.8
2022.0082 -475.253 -394.265 108.9 1.2 0.9 2.8
2022.0110 -476.575 -392.488 111.2 1.2 0.9 2.8
2022.0137 -475.517 -393.043 110.7 1.2 0.9 2.8
2022.0164 -472.132 -394.265 114.6 1.2 0.9 2.8
2022.0192 -475.305 -395.264 112.6 1.2 0.9 2.8
2022.0219 -474.618 -395.153 121.1 1.2 0.9 2.8
2022.0247 -472.978 -393.599 126.6 1.3 1.0 3.1
2022.0274 -475.147 -395.819 128.9 1.2 0.9 2.8
2022.0301 -476.945 -394.376 121.9 1.2 0.9 2.9
2022.0329 -473.401 -393.71 114.5 1.2 0.9 2.8
2022.0356 -473.507 -394.598 119.7 1.2 0.9 2.8
2022.0384 -478.585 -396.263 126.4 1.2 0.9 2.9
2022.0411 -473.719 -394.487 120 1.2 0.9 2.9
2022.0438 -473.295 -395.597 108.7 1.2 0.9 2.8
2022.0466 -476.575 -395.708 109.4 1.2 0.9 2.9
2022.0493 -478.003 -396.152 107.4 1.2 0.9 2.9
2022.0521 -479.907 -396.818 118.1 1.2 0.9 2.9
2022.0548 -477.051 -396.707 116.6 1.2 0.9 2.8
2022.0575 -475.676 -395.486 117.1 1.2 0.9 2.8
2022.0603 -475.834 -393.71 123.9 1.2 0.9 2.9
2022.0630 -477.157 -396.818 123.1 1.2 0.9 2.9
2022.0658 -477.95 -395.708 125.3 1.2 0.9 2.9
2022.0685 -481.759 -398.04 126.4 1.3 1.0 2.9
2022.0712 -473.93 -395.597 102.8 1.2 0.9 2.8
2022.0740 -470.069 -394.376 107.1 1.2 0.9 2.8
2022.0767 -471.338 -395.375 111.3 1.2 0.9 2.8
2022.0795 -478.902 -396.263 117.6 1.2 0.9 2.8
2022.0822 -479.96 -397.041 117 1.2 0.9 2.8
2022.0849 -479.484 -396.041 116 1.2 0.9 2.8
2022.0877 -473.772 -395.264 113.1 1.2 0.9 2.8
2022.0904 -476.628 -396.485 119.5 1.2 0.9 2.8
2022.0932 -476.786 -394.598 119.1 1.3 1.0 2.9
2022.0959 -476.205 -395.708 117.3 1.5 1.0 3.0
2022.0986 -476.205 -396.707 116.7 1.2 0.9 2.8
2022.1014 -476.258 -397.485 117.3 1.2 0.9 2.8
2022.1041 -475.094 -396.818 122.2 1.2 0.9 2.8
2022.1068 -477.263 -398.04 123.4 1.2 0.9 2.9
2022.1096 -479.061 -397.374 120 1.2 0.9 2.9
2022.1123 -476.628 -396.929 114.3 1.3 0.9 2.9
2022.1151 -475.517 -394.598 114.8 1.2 0.9 2.8
2022.1178 -473.983 -393.599 112.3 1.2 0.9 2.8
2022.1205 -478.955 -397.152 119.3 1.2 0.9 2.8
2022.1233 -473.348 -395.93 112 1.2 0.9 2.8
2022.1260 -475.782 -396.707 110.4 1.2 0.9 2.8
2022.1288 -477.421 -396.929 111.3 1.2 0.9 2.8
2022.1315 -477.791 -398.262 113.6 1.2 0.9 2.8
2022.1342 -477.95 -396.929 119.1 1.2 0.9 2.8
2022.1370 -476.575 -396.152 115 1.3 0.9 2.8
2022.1397 -475.253 -394.154 117.4 1.2 0.9 2.8
2022.1425 -481.6 -398.262 124.7 1.3 0.9 2.8
2022.1452 -482.129 -398.04 117.2 1.3 0.9 2.8
2022.1479 -477.739 -396.374 114.4 1.2 0.9 2.8
2022.1507 -478.215 -396.374 124.7 1.4 0.9 3.0
2022.1534 -475.517 -395.264 115.3 1.4 0.9 3.1
2022.1562 -479.537 -395.93 127.7 1.3 0.9 2.8
2022.1589 -478.215 -395.93 120 1.3 0.9 2.9
2022.1616 -480.859 -395.153 116.5 1.3 0.9 2.8
2022.1644 -477.421 -397.041 118.6 1.3 0.9 2.8
2022.1671 -477.897 -396.263 112.5 1.3 0.9 2.8
2022.1699 -476.998 -395.819 119.6 1.3 0.9 2.8
2022.1726 -477.527 -395.93 123.2 1.2 0.9 2.8
2022.1753 -479.378 -395.042 113.7 1.3 0.9 2.8
2022.1781 -476.839 -396.152 107.2 1.3 0.9 2.8
2022.1808 -474.248 -394.154 101.6 1.2 0.9 2.8
2022.1836 -473.93 -394.82 103.6 1.3 0.9 2.8
2022.1863 -478.268 -396.263 116.3 1.2 0.9 2.8
2022.1890 -474.406 -395.708 110.9 1.3 0.9 2.9
2022.1918 -476.839 -394.82 111.5 1.3 0.9 2.8
2022.1945 -476.522 -394.265 107.8 1.3 0.9 2.8
2022.1973 -474.512 -394.598 112.5 1.5 0.9 3.0
2022.2000 -476.416 -395.042 113.7 1.2 0.9 2.8
2022.2027 -476.681 -397.263 115.7 1.2 0.9 2.8
2022.2055 -474.195 -396.041 110.9 1.2 0.9 2.8
2022.2082 -475.676 -395.486 114.6 1.3 0.9 2.9
2022.2110 -475.2 -395.597 110 1.3 0.9 2.9
2022.2137 -475.147 -395.042 113.7 1.3 0.9 2.8
2022.2164 -476.205 -395.042 113.5 1.3 0.9 2.8
2022.2192 -476.945 -395.375 111.3 1.2 0.9 2.8
2022.2219 -472.238 -394.487 114.8 1.2 0.9 2.8
2022.2247 -473.824 -395.153 115.8 1.3 0.9 2.8
2022.2274 -477.633 -394.709 110.6 1.3 0.9 2.9
2022.2301 -472.185 -397.485 116.7 1.3 0.9 2.9
2022.2329 -475.623 -394.931 114.7 1.3 0.9 2.8
2022.2356 -475.993 -393.932 112.3 1.3 0.9 2.8
2022.2384 -472.978 -393.821 113 1.2 0.9 2.8
2022.2411 -477.633 -395.93 111.3 1.2 0.9 2.9
2022.2438 -478.373 -396.041 112.8 1.2 0.9 2.8
2022.2466 -478.426 -396.041 108.3 1.4 1.0 2.9
2022.2493 -475.782 -393.377 114 1.3 1.0 2.9
2022.2521 -479.696 -395.042 113.9 1.3 0.9 2.9
2022.2548 -481.547 -396.707 113.3 1.2 0.9 2.8
2022.2575 -479.484 -397.596 116.3 1.2 0.9 2.8
2022.2603 -480.912 -396.818 107.2 1.2 0.9 2.8
2022.2630 -477.263 -396.152 111.6 1.3 0.9 2.8
2022.2658 -477.21 -395.819 110.1 1.3 0.9 2.8
2022.2685 -481.759 -398.817 107 1.2 0.9 2.9
2022.2712 -482.076 -395.375 107.1 1.3 0.9 2.9
2022.2740 -482.711 -396.263 103.7 1.3 1.0 3.0
2022.2767 -477.58 -394.376 100.5 1.3 0.9 2.9
2022.2795 -477.58 -395.486 105.4 1.2 0.9 2.8
2022.2822 -479.484 -395.708 105 1.2 0.9 2.8
2022.2849 -479.325 -397.041 106.5 1.8 1.2 3.3
2022.2877 -480.33 -395.597 109 1.3 0.9 2.9
2022.2904 -481.653 -396.263 112.2 1.3 0.9 2.9
2022.2932 -478.638 -396.041 109.6 1.2 0.9 2.8
2022.2959 -479.061 -395.264 110.5 1.2 0.9 2.8
2022.2986 -483.24 -395.819 111.4 1.2 0.9 2.8
2022.3014 -480.489 -396.818 109.4 1.2 0.9 2.8
2022.3041 -481.124 -395.597 113.3 1.3 0.9 2.9
2022.3068 -481.653 -396.041 111.5 1.3 0.9 2.8
2022.3096 -480.701 -395.042 112.5 1.3 0.9 2.8
2022.3123 -479.96 -397.374 111.9 1.2 0.9 2.8
2022.3151 -479.378 -397.152 111.1 1.2 0.9 2.8
2022.3178 -478.426 -396.485 113.2 1.2 0.9 2.8
2022.3205 -480.066 -394.487 107.3 1.4 1.0 3.0
2022.3233 -482.975 -395.597 108.9 1.3 0.9 2.9
2022.3260 -479.801 -396.818 111.3 1.2 0.9 2.8
2022.3288 -481.441 -396.263 113.3 1.3 0.9 2.8
2022.3315 -479.537 -395.708 114.1 1.2 0.9 2.8
2022.3342 -477.527 -396.152 110.1 1.3 0.9 2.8
2022.3370 -480.119 -396.374 109.3 1.3 1.0 2.9
2022.3397 -482.499 -396.485 115.2 1.3 0.9 2.9
2022.3425 -480.542 -397.596 111.2 1.2 0.9 2.8
2022.3452 -480.383 -395.708 111.2 1.2 0.9 2.8
2022.3479 -482.922 -395.93 107.1 1.2 0.9 2.8
2022.3507 -482.023 -396.485 110 1.2 0.9 2.8
2022.3534 -481.917 -396.818 111.7 1.2 0.9 2.8
2022.3562 -482.182 -395.486 112.8 1.2 0.9 2.8
2022.3589 -481.706 -394.598 111.4 1.2 0.9 2.8
2022.3616 -482.499 -394.709 109.8 1.2 0.9 2.8
2022.3644 -484.615 -396.263 111.1 1.2 0.9 2.8
2022.3671 -483.081 -396.818 106 1.2 0.9 2.8
2022.3699 -482.658 -396.152 106.7 1.2 0.9 2.8
2022.3726 -479.59 -394.487 112.5 1.2 0.9 2.8
2022.3753 -482.023 -396.596 113.4 1.2 0.9 2.8
2022.3781 -482.711 -399.594 111 1.2 0.9 2.8
2022.3808 -482.764 -399.15 98.9 1.2 0.9 2.8
2022.3836 -484.139 -397.596 103 1.2 0.9 2.8
2022.3863 -484.033 -396.929 104.8 1.2 0.9 2.8
2022.3890 -478.638 -398.595 108.7 1.2 0.9 2.8
2022.3918 -486.413 -397.485 109.7 1.2 0.9 2.8
2022.3945 -483.451 -398.04 111.1 1.2 0.9 2.8
2022.3973 -481.917 -396.374 111.8 1.2 0.9 2.8
2022.4000 -479.907 -396.152 109.7 1.2 0.9 2.9
2022.4027 -478.638 -395.93 111.9 1.3 0.9 3.0
2022.4055 -482.922 -398.151 107.4 1.3 0.9 2.9
2022.4082 -485.673 -398.484 98 1.2 0.9 2.8
2022.4110 -481.759 -396.929 106.3 1.2 0.9 2.9
2022.4137 -482.235 -397.263 106.9 1.2 0.9 2.8
2022.4164 -481.071 -400.038 109.3 1.2 0.9 2.8
2022.4192 -479.643 -396.707 108.3 1.2 0.9 2.8
2022.4219 -479.59 -399.15 105.1 1.2 0.9 2.9
2022.4247 -480.754 -397.818 111.7 1.2 0.9 2.8
2022.4274 -478.849 -399.705 111.6 1.2 0.9 2.8
2022.4301 -482.764 -398.595 115.8 1.2 0.9 2.8
2022.4329 -485.355 -396.263 115 1.2 0.9 2.9
2022.4356 -483.927 -398.151 113.2 1.2 0.9 2.8
2022.4384 -484.932 -395.708 124.5 1.2 0.9 2.8
2022.4411 -481.811 -399.927 117.2 1.2 0.9 2.8
2022.4438 -482.711 -394.82 115.6 1.2 0.9 2.8
2022.4466 -481.917 -396.485 114.3 1.2 0.9 2.9
2022.4493 -479.696 -396.485 109.8 1.2 0.9 2.8
2022.4521 -483.504 -397.818 109.4 1.2 0.9 2.7
2022.4548 -486.36 -397.707 116.5 1.2 0.9 2.8
2022.4575 -486.678 -398.373 117.5 1.2 0.9 2.8
2022.4603 -481.917 -396.929 106.1 1.2 0.9 2.8
2022.4630 -481.071 -399.372 115.1 1.2 0.9 2.8
2022.4658 -483.504 -397.152 115.4 1.2 0.9 2.8
2022.4685 -482.816 -397.596 115.1 1.2 0.9 2.8
2022.4712 -487.26 -398.373 120.4 1.2 0.9 2.8
2022.4740 -483.663 -396.707 112.9 1.2 0.9 2.8
2022.4767 -482.287 -396.596 114.7 1.2 0.9 2.8
2022.4795 -487.947 -397.263 110.9 1.3 0.9 2.9
2022.4822 -482.658 -396.041 113.4 1.2 0.9 2.8
2022.4849 -485.99 -396.263 114.3 1.2 0.9 2.8
2022.4877 -483.398 -398.817 114.5 1.2 0.9 2.8
2022.4904 -480.383 -399.039 109.9 1.2 0.9 2.8
2022.4932 -483.663 -398.928 109.6 1.2 0.9 2.8
2022.4959 -486.36 -401.926 116.6 1.2 0.9 2.8
2022.4986 -484.245 -399.816 117.5 1.2 0.9 2.8
2022.5014 -481.124 -398.262 113.2 1.4 1.0 3.0
2022.5041 -480.172 -396.929 113 1.2 0.9 2.8
2022.5068 -486.255 -397.374 112.7 1.3 0.9 3.1
2022.5096 -486.995 -400.149 126.6 1.2 0.9 3.0
2022.5123 -481.335 -399.483 105 1.2 0.9 2.9
2022.5151 -486.836 -401.815 119.3 1.3 1.0 2.9
2022.5178 -484.297 -399.705 127.5 1.2 0.9 2.9
2022.5205 -484.297 -397.929 124.7 1.2 0.9 2.9
2022.5233 -484.562 -398.373 124.5 1.2 0.9 2.8
2022.5260 -486.149 -398.262 115 1.2 0.9 2.8
2022.5288 -488.635 -397.152 121.5 1.2 0.9 2.8
2022.5315 -483.24 -398.484 120.1 1.2 0.9 2.8
2022.5342 -488.741 -399.261 123.2 1.2 0.9 2.9
2022.5370 -485.355 -397.152 114.6 1.2 0.9 2.9
2022.5397 -487.048 -396.596 122.6 1.2 0.9 2.8
2022.5425 -484.297 -396.263 117 1.2 0.9 2.8
2022.5452 -486.889 -398.928 118.9 1.2 0.9 2.8
2022.5479 -488.899 -397.374 119.4 1.4 1.0 3.0
2022.5507 -486.678 -398.04 111.8 1.2 0.9 2.8
2022.5534 -484.826 -399.039 126.4 1.2 0.9 2.8
2022.5562 -485.62 -398.484 118.2 1.2 0.9 2.8
2022.5589 -485.461 -398.706 113 1.2 0.9 2.8
2022.5616 -486.678 -399.483 121.7 1.2 0.9 2.8
2022.5644 -481.811 -402.148 121.7 1.2 0.9 2.8
2022.5671 -491.755 -398.706 117.2 1.2 0.9 2.8
2022.5699 -484.562 -396.152 111.1 1.2 0.9 2.8
2022.5726 -486.731 -395.819 113.2 1.2 0.9 2.8
2022.5753 -487.26 -396.374 116.3 1.2 0.9 2.8
2022.5781 -482.076 -400.482 120.4 1.2 0.9 2.8
2022.5808 -485.726 -396.929 114.5 1.2 0.9 2.7
2022.5836 -484.456 -398.484 117.9 1.2 0.9 2.8
2022.5863 -481.864 -399.372 117.5 1.3 1.0 2.9
2022.5890 -485.673 -398.595 113.6 1.2 0.9 2.9
2022.5918 -486.202 -398.706 106.2 1.2 0.9 2.8
2022.5945 -489.269 -397.374 120.2 1.2 0.9 2.7
2022.5973 -486.942 -397.485 113.9 1.2 0.9 2.8
2022.6000 -492.02 -395.708 117.7 1.4 1.0 2.9
2022.6027 -489.851 -397.596 124.3 1.3 1.0 2.9
2022.6055 -490.486 -398.484 119.1 1.3 0.9 2.8
2022.6082 -487.894 -395.153 112.8 1.2 0.9 2.8
2022.6110 -485.197 -394.376 116.4 1.3 1.0 2.8
2022.6137 -490.222 -397.818 113.7 1.3 0.9 2.8
2022.6164 -485.514 -396.818 131.5 1.2 0.9 2.8
2022.6192 -484.086 -397.707 120.3 1.2 0.9 2.8
2022.6219 -489.269 -395.597 120.2 1.2 0.9 2.8
2022.6247 -490.592 -398.484 117.7 1.2 0.9 2.8
2022.6274 -491.015 -397.485 122.7 1.2 0.9 2.8
2022.6301 -487.312 -395.042 113.8 1.5 1.0 2.9
2022.6329 -485.884 -397.374 115.3 1.2 0.9 2.8
2022.6356 -490.962 -396.818 118 1.2 0.9 2.8
2022.6384 -491.861 -399.15 117.5 1.2 0.9 2.8
2022.6411 -488.106 -398.262 126.8 1.2 0.9 2.8
2022.6438 -486.783 -398.706 118.1 1.4 1.0 3.1
2022.6466 -483.081 -397.929 120.8 1.4 1.0 3.1
2022.6493 -488.793 -399.15 126 1.2 0.9 2.9
2022.6521 -492.073 -397.263 129.7 1.2 0.9 2.9
2022.6548 -490.539 -399.372 124 1.3 1.0 2.9
2022.6575 -486.625 -399.594 118.6 1.3 0.9 2.9
2022.6603 -486.678 -398.04 125.2 1.2 0.9 2.8
2022.6630 -480.542 -398.817 127.9 1.2 0.9 2.8
2022.6658 -485.884 -397.707 124.8 1.2 0.9 2.8
2022.6685 -488.582 -399.483 123.7 1.2 0.9 2.8
2022.6712 -489.217 -397.929 120.3 1.2 0.9 2.8
2022.6740 -490.486 -399.705 124.5 1.3 0.9 2.8
2022.6767 -491.121 -397.485 118.1 2.1 1.1 3.5
2022.6795 -489.798 -399.705 117.3 1.5 0.9 2.9
2022.6822 -489.693 -398.04 127.6 1.2 0.9 2.8
2022.6849 -487.788 -400.038 117.6 1.2 0.9 2.7
2022.6877 -486.255 -397.818 121.4 1.3 0.9 2.8
2022.6904 -487.365 -397.485 119.4 1.2 0.9 2.8
2022.6932 -488.529 -400.038 118.3 1.2 0.9 2.8
2022.6959 -490.01 -400.482 119.2 1.2 0.9 2.7
2022.6986 -487.736 -399.483 119 1.2 0.9 2.8
2022.7014 -489.269 -398.706 123.5 1.2 0.9 2.7
2022.7041 -490.169 -400.038 123.9 1.3 0.9 2.9
2022.7068 -489.164 -398.817 120.9 1.2 0.9 2.9
2022.7096 -485.673 -399.483 124.7 1.2 0.9 2.8
2022.7123 -486.889 -397.041 115.7 1.2 0.9 2.8
2022.7151 -492.602 -400.593 112.7 1.2 0.9 2.7
2022.7178 -488.159 -402.703 122.9 1.2 0.9 2.8
2022.7205 -488.212 -399.816 121.8 1.2 0.9 2.8
2022.7233 -485.726 -396.596 123.5 1.2 0.9 2.8
2022.7260 -491.914 -397.707 121 1.2 0.9 2.8
2022.7288 -491.068 -399.594 126.5 1.3 0.9 2.8
2022.7315 -489.904 -399.039 121.6 1.2 0.9 2.7
2022.7342 -490.063 -400.593 122.8 1.2 0.9 2.8
2022.7370 -488.106 -400.482 119.2 1.2 0.9 2.8
2022.7397 -490.803 -399.705 122.7 1.3 0.9 2.8
2022.7425 -486.942 -400.482 121.5 1.3 0.9 2.8
2022.7452 -495.035 -400.816 134.4 1.3 1.0 2.8
2022.7479 -491.914 -398.928 122.6 1.3 0.9 2.8
2022.7507 -489.375 -400.482 117.2 1.2 0.9 2.7
2022.7534 -491.914 -400.927 119.3 1.2 0.9 2.7
2022.7562 -491.332 -398.484 121.8 1.2 0.9 2.7
2022.7589 -493.66 -398.484 117.1 1.3 0.9 2.7
2022.7616 -494.083 -399.483 121.3 1.2 0.9 2.7
2022.7644 -491.385 -397.485 122.1 1.4 0.9 2.9
2022.7671 -491.015 -398.595 120.9 1.3 0.9 2.9
2022.7699 -496.199 -402.925 123.7 1.2 0.9 2.7
2022.7726 -492.549 -401.149 118.6 1.4 0.9 2.8
2022.7753 -490.486 -399.483 118.6 1.2 0.9 2.7
2022.7781 -492.284 -398.817 119.1 1.3 0.9 2.8
2022.7808 -488.264 -399.261 118.1 1.3 0.9 2.9
2022.7836 -485.25 -399.816 119.2 1.4 0.9 2.9
2022.7863 -492.443 -400.704 124.4 1.6 0.9 3.0
2022.7890 -492.549 -400.704 120.9 1.3 0.9 2.7
2022.7918 -487.894 -399.039 123.4 1.3 0.9 2.8
2022.7945 -495.352 -399.483 122.3 1.2 0.9 2.7
2022.7973 -492.02 -400.371 119.4 1.3 1.0 3.0
2022.8000 -489.164 -400.482 127.6 1.4 0.9 3.1
2022.8027 -493.237 -397.707 122.1 1.3 0.9 2.8
2022.8055 -496.146 -401.926 116.7 1.3 0.9 2.8
2022.8082 -496.78 -398.151 111.5 1.5 1.1 3.1
2022.8110 -495.881 -400.593 118.7 1.3 0.9 2.8
2022.8137 -490.592 -401.038 118.4 1.2 0.9 2.7
2022.8164 -490.38 -402.592 121.5 1.3 0.9 2.7
2022.8192 -494.612 -402.37 126.3 1.4 1.0 2.9
2022.8219 -498.843 -401.482 125.1 1.4 1.0 2.9
2022.8247 -489.428 -399.816 119.5 1.3 0.9 2.9
2022.8274 -493.607 -402.259 121.7 1.5 0.9 2.8
2022.8301 -492.073 -399.816 127.2 1.3 0.9 2.8
2022.8329 -493.237 -401.371 123.2 1.3 0.9 2.8
2022.8356 -490.962 -401.371 117 1.3 0.9 2.8
2022.8384 -491.491 -399.372 122.7 1.4 0.9 2.9
2022.8411 -490.327 -403.369 119.9 1.5 1.0 3.2
2022.8438 -493.448 -402.814 111 1.3 0.9 2.8
2022.8466 -491.015 -399.927 115.9 1.3 0.9 2.7
2022.8493 -493.554 -397.485 114.6 1.3 0.9 2.8
2022.8521 -491.544 -401.371 111.8 1.4 1.1 3.1
2022.8548 -495.564 -402.925 120.4 1.4 0.9 2.8
2022.8575 -494.4 -401.704 124.1 1.3 0.9 2.8
2022.8603 -489.587 -401.704 116.7 1.3 0.9 2.8
2022.8630 -493.554 -400.816 123.5 1.4 0.9 2.8
2022.8658 -492.919 -399.816 120.4 1.3 0.9 2.8
2022.8685 -489.005 -401.149 127.7 1.3 0.9 2.8
2022.8712 -490.01 -400.482 123.1 1.3 0.9 2.8
2022.8740 -491.861 -397.152 113.2 1.3 0.9 2.8
2022.8767 -491.279 -400.038 114.5 1.3 0.9 2.8
2022.8795 -491.068 -400.038 114 1.3 0.9 2.8
2022.8822 -495.405 -401.371 120.2 1.3 0.9 2.8
2022.8849 -493.66 -400.482 121.8 1.3 0.9 2.8
2022.8877 -490.433 -400.927 122.9 1.3 0.9 2.8
2022.8904 -491.808 -399.039 124.6 1.3 0.9 2.7
2022.8932 -492.655 -400.704 120.4 1.2 0.9 2.7
2022.8959 -494.189 -400.704 122.5 1.3 0.9 2.8
2022.8986 -495.987 -402.37 126.3 1.2 0.9 2.8
2022.9014 -492.866 -403.036 116.6 1.3 1.0 2.9
2022.9041 -489.957 -400.149 107.1 1.3 0.9 2.8
2022.9068 -491.65 -401.149 104.9 1.2 0.9 2.7
2022.9096 -492.073 -400.038 105.9 1.3 0.9 2.9
2022.9123 -494.4 -401.815 108.8 1.3 0.9 2.8
2022.9151 -489.957 -400.26 114.4 1.3 0.9 2.8
2022.9178 -491.597 -402.592 108.9 1.3 0.9 2.8
2022.9205 -492.073 -405.146 111.9 1.2 0.9 2.8
2022.9233 -493.871 -403.258 108.1 1.2 0.9 2.7
2022.9260 -490.327 -405.146 105 1.2 0.9 2.8
2022.9288 -492.02 -403.591 112.1 1.2 0.9 2.7
2022.9315 -491.914 -406.478 110.4 1.2 0.9 2.8
2022.9342 -489.851 -406.256 101.5 1.3 1.0 3.0
2022.9370 -494.189 -406.589 104.9 1.2 0.9 2.7
2022.9397 -495.088 -408.143 100.5 1.2 0.9 2.7
2022.9425 -494.982 -408.032 96 1.2 0.9 2.7
2022.9452 -491.914 -410.475 105 1.2 0.9 2.7
2022.9479 -493.554 -407.255 103.9 1.2 0.9 2.8
2022.9507 -495.881 -405.59 98.1 1.2 0.9 2.7
2022.9534 -494.718 -403.147 95 1.2 0.9 2.7
2022.9562 -494.559 -405.368 105.5 1.2 0.9 2.7
2022.9589 -495.247 -403.591 96.1 1.2 0.9 2.7
2022.9616 -495.088 -401.593 92.6 1.2 0.9 2.7
2022.9644 -495.723 -403.258 90.4 1.2 0.9 2.7
2022.9671 -496.04 -402.703 91.8 1.2 0.9 2.7
2022.9699 -493.078 -402.037 89.8 1.2 0.9 2.8
2022.9726 -493.713 -401.593 87.9 1.2 0.9 2.7
2022.9753 -493.818 -400.816 91.8 1.2 0.9 2.7
2022.9781 -496.833 -400.704 106.5 1.2 0.9 2.8
2022.9808 -493.131 -401.26 115.4 1.2 0.9 2.7
2022.9836 -494.453 -402.037 118.4 1.2 0.9 2.7
2022.9863 -493.078 -404.035 131.2 1.3 1.0 2.9
2022.9890 -496.728 -403.036 124.8 1.4 1.1 3.1
2022.9918 -495.088 -402.814 118 1.3 0.9 3.0
2022.9945 -494.453 -403.702 122 1.2 0.9 2.7
2022.9973 -496.04 -403.702 121.8 1.3 1.0 2.9
2023.0000 -495.035 -402.592 122.6 1.2 0.9 2.7
2023.0027 -494.03 -402.037 126 1.2 0.9 2.7
2023.0055 -495.194 -401.593 128.2 1.2 0.9 2.8
2023.0082 -493.237 -399.705 125 1.2 0.9 2.8
2023.0110 -496.939 -401.815 122.3 1.2 1.0 2.8
2023.0137 -495.088 -402.592 119 1.2 0.9 2.8
2023.0164 -496.516 -401.149 119.8 1.2 0.9 2.7
2023.0192 -493.765 -400.038 120.6 1.2 0.9 2.7
2023.0411 -498.632 -401.704 119.8 1.4 1.0 2.9
2023.0438 -498.473 -405.257 125.1 1.2 0.9 2.7
2023.0466 -499.002 -402.592 125.4 1.2 0.9 2.7
2023.0493 -497.256 -402.148 121.1 1.2 0.9 2.7
2023.0521 -496.146 -405.368 118.5 1.2 0.9 2.7
2023.0548 -497.521 -405.923 121.4 1.2 0.9 2.8
2023.0575 -499.848 -403.147 115.8 1.2 0.9 2.8
2023.0603 -494.876 -403.924 119 1.3 1.0 2.9
2023.0630 -495.405 -402.481 121.1 1.3 0.9 2.8
2023.0658 -499.848 -402.259 120.2 1.2 1.0 2.8
2023.0685 -498.896 -402.481 127.2 1.3 1.0 2.8
2023.0712 -499.742 -405.035 125.2 1.3 1.0 3.0
2023.0740 -500.271 -401.704 113.7 1.3 1.0 2.9
2023.0767 -497.574 -400.038 118.3 1.3 1.0 2.8
2023.0795 -497.362 -400.038 117 1.3 1.0 2.9
2023.0822 -498.473 -400.593 122.7 1.3 1.0 2.9
2023.0849 -498.314 -403.369 121.7 1.3 1.0 2.9
2023.0877 -496.992 -402.703 123.8 1.3 1.0 2.9
2023.0904 -498.738 -401.593 123.4 1.2 1.0 2.9
2023.0932 -497.997 -403.258 122.9 1.3 1.0 2.8
2023.0959 -496.516 -402.037 110.7 1.2 0.9 2.8
2023.0986 -497.256 -403.48 115.3 1.2 0.9 2.8
2023.1014 -496.78 -403.591 130 1.3 0.9 2.8
2023.1041 -497.151 -400.704 118.9 1.4 1.0 2.8
2023.1068 -498.949 -401.593 119.5 1.3 1.0 2.8
2023.1096 -498.367 -399.372 114.4 1.3 1.0 2.8
2023.1123 -500.007 -401.038 113.9 1.3 1.0 2.9
2023.1151 -499.69 -401.038 125.7 1.3 1.0 2.9
2023.1178 -498.103 -400.927 114.1 1.3 0.9 2.8
2023.1205 -494.559 -401.371 112 1.3 1.0 2.8
2023.1233 -495.775 -402.037 114.6 1.3 1.0 2.9
2023.1260 -495.088 -400.816 124 1.8 1.2 3.3
2023.1288 -497.627 -398.706 113.4 1.7 1.1 3.3
2023.1315 -495.987 -402.592 117.8 1.3 0.9 2.9
2023.1342 -497.891 -403.036 110.6 1.2 0.9 2.8
2023.1370 -499.108 -402.703 110 1.3 0.9 2.8
2023.1397 -496.886 -400.149 111.9 1.3 0.9 2.8
2023.1425 -494.823 -400.371 107.3 1.4 1.0 3.1
2023.1452 -496.04 -400.26 112.1 1.3 0.9 2.8
2023.1479 -498.685 -403.258 119.2 1.3 0.9 2.8
2023.1507 -495.881 -402.925 112.7 1.2 0.9 2.8
2023.1534 -499.901 -403.147 110.9 1.4 1.0 2.9
2023.1562 -496.622 -400.816 115.5 1.3 1.0 2.9
2023.1589 -497.627 -406.367 130.8 2.5 1.5 4.0
2023.1616 -493.713 -403.258 114.5 1.4 1.0 2.9
2023.1644 -494.453 -404.146 119.3 1.3 0.9 2.8
2023.1671 -495.511 -402.592 114.1 1.3 0.9 2.8
2023.1699 -500.166 -401.815 113.3 1.4 1.0 2.8
2023.1726 -494.77 -400.149 108.7 1.3 0.9 2.8
2023.1753 -495.194 -400.26 111.2 1.6 1.1 2.9
2023.1781 -495.934 -401.149 108.4 1.3 0.9 2.8
2023.1808 -497.574 -399.594 107.3 1.3 0.9 2.8
2023.1836 -498.526 -401.149 113.2 1.3 0.9 2.8
2023.1863 -499.478 -399.927 110.2 1.6 1.1 3.0
2023.1890 -494.876 -399.927 106 1.4 1.0 2.9
2023.1918 -496.78 -401.038 112.3 1.3 0.9 2.8
2023.1945 -496.357 -399.816 111.6 1.4 1.0 2.9
2023.1973 -497.68 -398.817 115.8 1.2 0.9 2.8
2023.2000 -496.304 -400.371 114.5 1.5 1.0 2.9
2023.2027 -496.146 -397.818 112.8 1.5 1.0 3.0
2023.2055 -498.209 -399.927 110.5 1.2 0.9 2.8
2023.2082 -492.443 -401.815 115.6 1.3 0.9 2.8
2023.2110 -500.113 -399.816 115.7 1.3 0.9 2.8
2023.2137 -498.79 -396.596 115.4 1.2 0.9 2.8
2023.2164 -495.405 -398.706 109.2 1.3 0.9 2.8
2023.2192 -499.584 -400.149 118.9 1.2 0.9 2.8
2023.2219 -498.42 -401.149 111.1 1.3 0.9 2.8
2023.2247 -501.329 -398.484 105.8 1.8 1.1 3.2
2023.2274 -501.382 -401.704 118.7 1.6 1.2 3.5
2023.2301 -496.463 -399.816 104.9 1.4 1.0 2.9
2023.2329 -498.103 -399.039 110.1 1.3 0.9 2.8
2023.2356 -502.07 -398.373 113 1.3 0.9 2.8
2023.2384 -497.098 -399.594 103.5 1.3 0.9 2.8
2023.2411 -500.589 -399.372 108.7 1.3 1.0 2.9
2023.2438 -502.07 -397.485 107.9 1.7 1.2 3.1
2023.2466 -501.382 -398.373 115 1.3 1.0 2.9
2023.2493 -505.085 -400.038 117.5 1.3 1.0 2.9
2023.2521 -500.589 -400.482 111.3 1.3 1.0 2.8
2023.2548 -500.959 -400.482 111 1.4 1.0 3.0
2023.2575 -501.858 -399.483 112.8 1.3 1.0 2.9
2023.2603 -502.493 -401.149 109.1 1.3 0.9 2.8
2023.2630 -504.027 -401.26 115 1.3 1.0 2.9
2023.2658 -501.7 -399.927 115.3 1.3 1.0 2.8
2023.2685 -500.959 -399.927 114.4 1.3 0.9 2.8
2023.2712 -500.377 -399.816 110.6 1.3 0.9 2.8
2023.2740 -502.123 -401.593 107.2 1.4 1.0 2.8
2023.2767 -502.705 -400.482 107.7 1.2 1.0 2.8
2023.2795 -500.43 -401.038 109.3 1.3 0.9 2.8
2023.2822 -501.012 -400.927 112.7 1.3 1.0 2.9
2023.2849 -501.752 -400.593 112.4 1.4 1.0 3.1
2023.2877 -500.377 -399.039 110 1.4 1.0 3.0
2023.2904 -500.43 -400.704 107.7 1.3 1.0 2.9
2023.2932 -503.498 -399.705 110.1 1.2 0.9 2.8
2023.2959 -501.752 -399.705 111.1 1.2 0.9 2.7
2023.2986 -504.133 -400.927 105.6 1.4 1.0 2.9
2023.3014 -501.647 -399.15 106.6 1.2 0.9 2.7
2023.3041 -502.916 -399.705 107.5 1.3 0.9 2.8
2023.3068 -501.329 -401.593 108.3 1.2 0.9 2.7
2023.3096 -506.407 -399.816 111.4 1.7 1.1 3.1
2023.3123 -503.233 -401.482 112.7 1.6 1.2 3.5
2023.3151 -503.974 -399.483 112.5 1.2 0.9 2.7
2023.3178 -504.873 -399.816 115.7 1.2 0.9 2.7
2023.3205 -504.344 -400.038 112.3 1.3 1.0 2.8
2023.3233 -501.594 -400.149 118.2 1.2 0.9 2.7
2023.3260 -502.44 -402.037 111.7 1.3 1.0 2.8
2023.3288 -504.45 -401.926 111.5 1.2 0.9 2.8
2023.3315 -502.493 -401.926 120.3 1.2 0.9 2.7
2023.3342 -502.652 -401.482 113.8 1.2 0.9 2.7
2023.3370 -502.916 -401.593 115.6 1.2 0.9 2.7
2023.3397 -501.541 -401.26 110.4 1.2 0.9 2.8
2023.3425 -502.281 -401.26 111 1.2 0.9 2.8
2023.3452 -503.551 -399.483 105.5 1.5 1.1 3.2
2023.3479 -502.81 -400.371 110.1 1.2 0.9 2.8
2023.3507 -504.715 -400.371 112.3 1.2 0.9 2.8
2023.3534 -502.44 -400.593 109.6 1.2 0.9 2.8
2023.3562 -501.7 -400.704 114.6 1.2 0.9 2.9
2023.3589 -503.233 -401.593 101.6 1.2 0.9 2.8
2023.3616 -500.219 -400.26 106.5 1.2 0.9 2.9
2023.3644 -502.81 -398.595 111.8 1.2 0.9 2.8
2023.3671 -505.931 -400.482 113.6 1.2 0.9 2.8
2023.3699 -500.007 -399.594 109.4 1.2 0.9 2.8
2023.3726 -501.964 -401.371 97.3 1.2 0.9 2.8
2023.3753 -501.276 -401.815 99.6 1.2 0.9 2.8
2023.3781 -504.291 -398.928 104.1 1.2 1.0 2.8
2023.3808 -504.979 -400.26 113.2 1.3 1.0 2.9
2023.3836 -499.901 -399.927 111.1 1.5 1.1 3.1
2023.3863 -502.916 -401.482 107.5 1.3 1.0 2.9
2023.3890 -504.186 -400.482 101.1 1.3 1.0 2.9
2023.3918 -502.07 -400.371 110.5 1.2 0.9 2.8
2023.3945 -502.07 -401.149 115.2 1.2 0.9 2.8
2023.3973 -503.815 -397.818 113.4 1.2 0.9 2.8
2023.4000 -501.171 -399.705 109.5 1.2 1.0 2.8
2023.4027 -504.238 -400.927 115.9 1.2 0.9 2.8
