1996.5671 0 0 0 2.2 1.3 3.9
1996.5699 -727.38 405.304 -461.5 3.2 2.2 6.7
1996.5726 -749.907 398.64 -423.9 3.3 2.0 6.7
1996.5753 -734.411 399.751 -449.9 3.1 1.9 6.3
1996.5781 -714.163 393.753 -419.5 9.1 5.9 14.2
1996.5863 144.864 -61.8675 86.8 8.1 4.0 8.8
1996.5890 128.978 -66.8657 63.4 1.9 1.2 3.6
2001.6164 98.5726 -172.718 57.6 6.4 3.3 8.0
2002.4904 95.187 -161.389 99.2 40.6 34.6 67.5
2002.4932 94.0151 -193.155 51.5 1.3 0.8 2.7
2002.4959 91.3457 -195.488 56.4 1.3 0.9 2.7
2002.4986 85.9418 -193.378 52.4 1.5 0.9 2.9
2002.5014 134.186 -210.261 63 11.2 4.7 11.2
2004.4712 71.3577 -234.363 65.3 1.3 0.9 2.7
2011.5041 19.2718 -409.303 90.2 1.3 0.8 2.5
2011.5068 23.8293 -409.192 87.8 1.3 0.8 2.4
2011.5096 21.3552 -411.635 97 1.3 0.8 2.5
2011.5123 27.2149 -404.527 84.1 1.4 1.0 2.9
