1995.5096 0 0 0 4.1 4.3 11.5
1995.5123 15.1144 13.7654 6.8 4.5 4.3 11.5
1995.5151 15.2553 7.10472 -15.2 4.2 2.6 8.6
1995.5178 11.9695 11.9892 17.2 4.1 3.4 10.5
1995.5233 24.0799 9.769 16.4 4.3 2.6 8.2
1995.5288 10.7491 10.102 3.2 12.7 4.8 18.2
1997.7205 -22.9533 -32.0823 37.5 5.8 4.3 10.6
1997.7233 -11.0307 -32.4153 21.8 1.5 1.1 3.3
1997.7260 -8.54295 -31.6382 29.8 1.4 1.1 3.4
1998.5836 -12.4389 -53.0634 19.8 1.4 1.0 3.1
1998.5863 -13.9879 -56.9488 13.9 1.3 1.0 3.0
1998.5890 -13.0491 -50.5101 37.6 3.4 3.1 7.5
1999.6384 -15.2553 -79.2621 24.2 4.1 2.7 6.9
1999.6411 -24.6431 -76.0427 20.5 1.6 1.2 3.3
1999.6438 -27.9758 -81.3713 10.1 3.4 2.0 5.7
1999.6466 -21.0288 -71.3803 13.2 2.0 1.3 3.6
1999.6493 -23.6574 -74.5996 17.1 1.4 1.0 3.1
1999.6521 -29.337 -80.4832 15 3.7 2.7 7.8
2000.7151 -30.6513 -95.9138 31.5 1.8 1.2 3.7
2000.7178 -37.5514 -98.8001 11.8 2.0 1.3 3.6
2000.7205 -20.7002 -89.2531 36 16.0 8.4 17.0
