1995.6822 0 0 0 2.2 1.5 4.5
1995.6849 0.141902 0.444387 5.4 1.6 1.0 3.0
1995.6877 -1.77377 2.33303 8.6 1.6 1.0 3.0
1995.6904 -2.48328 -3.66619 8.9 2.1 1.2 3.8
1995.6959 1.77377 1.44426 14.4 2.2 1.5 4.5
1995.6986 -7.87555 -0.555483 18 2.1 1.3 3.8
1995.7945 -2.19948 0 16 2.1 1.7 4.5
1995.7973 -4.68276 0.66658 16.1 1.9 1.1 3.7
2002.3890 -109.619 -49.3269 21.7 2.2 1.2 3.8
2002.3918 -112.741 -51.9932 10.8 1.6 0.9 2.7
2002.3945 -111.464 -50.549 18.7 1.5 0.9 2.7
2002.3973 -112.457 -50.9933 17.1 1.8 1.1 3.4
2006.4329 -170.708 -69.7687 -8.1 1.7 1.4 3.7
2006.4356 -169.147 -67.2135 -5.7 1.3 0.9 2.5
2006.4384 -167.373 -69.2132 -3.9 1.3 0.9 2.6
2006.4411 -174.965 -67.7689 -3.7 1.6 1.0 3.2
2011.4301 -255.281 -112.43 -6.9 1.9 1.2 3.6
2011.4356 -256.629 -109.875 -7.8 1.7 1.1 3.3
2011.4384 -257.41 -110.541 -12.3 1.9 1.2 3.6
2011.5479 -265.002 -106.542 -16.6 9.0 3.5 8.6
2011.5507 -252.656 -112.541 -3.9 1.6 1.1 3.5
