2002.3890 0 0 0 2.2 1.3 3.9
2002.3918 -1.20542 -5.77702 -2.8 1.6 0.9 2.6
2002.3945 -2.62357 -1.44425 -8.7 1.5 0.9 2.6
2002.3973 -0.0709066 -1.44425 -5.7 1.8 1.1 3.4
2006.4329 -62.0439 -30.4404 -21.3 1.7 1.5 4.0
2006.4356 -62.6112 -28.4407 -19.5 1.6 1.4 3.4
2006.4384 -65.802 -30.6626 -18.7 1.6 1.2 3.2
2006.4411 -66.9365 -28.6629 -19.2 1.6 1.0 3.2
2006.4466 -64.3838 -31.6625 -18.2 2.0 1.7 3.9
2006.4493 -62.0439 -28.6629 -21 1.3 0.9 2.5
2006.4521 -66.7238 -31.5514 -11.9 1.6 1.0 3.1
2011.4301 -151.245 -69.9908 -34.3 1.9 1.2 3.6
2011.4356 -150.962 -68.8798 -28.8 1.9 1.2 3.6
2011.4384 -153.585 -69.2131 -32.6 1.9 1.2 3.6
