2002.5014 0 0 0 2.8 2.0 5.6
2002.5068 11.4197 -4.88569 46.9 2.7 2.1 5.8
2005.5288 -99.4352 90.2742 60.9 2.7 2.1 5.5
2005.5315 -98.7111 90.4963 60.1 1.5 1.0 2.9
2005.5342 -95.9815 90.4963 61.8 1.3 0.9 2.7
2005.5370 -96.5385 88.6087 54.3 1.3 0.9 2.7
2005.5397 -98.0426 90.2742 56 1.7 1.2 3.6
2007.5753 -164.11 132.025 83.8 2.7 2.7 5.4
2007.5781 -161.158 128.694 66 1.1 0.9 2.4
2007.5808 -164.946 130.803 75.2 2.4 1.5 4.3
2007.5836 -164.221 129.915 87.6 2.8 1.7 4.8
2007.5863 -163.664 131.025 65.9 1.8 1.3 3.6
2008.5096 -185.501 156.453 74.4 1.2 0.8 2.4
2008.5123 -186.949 154.788 67.1 1.2 0.8 2.4
2008.5151 -183.774 158.341 42.9 1.1 0.9 2.4
2008.5178 -178.426 155.343 58.1 3.3 1.9 5.2
