1999.5288 0 0 0 1.5 0.9 2.9
1999.5315 -4.60676 -0.333262 1.8 1.4 0.9 2.8
1999.5342 -3.85042 0 5.3 1.4 0.9 2.8
1999.5370 0.412545 0.44435 -0.2 1.4 0.9 2.7
1999.5397 -4.60676 -0.888699 6.5 1.4 0.9 2.7
1999.5425 -4.26297 -0.555437 7.7 1.3 0.9 2.7
1999.5452 1.23764 0.666524 2.8 1.4 1.0 2.8
1999.5479 -8.66346 2.22175 1.9 1.4 0.9 2.9
1999.5507 -1.10012 -0.111087 4.8 1.5 1.0 2.8
2005.6521 -58.7877 -71.7625 65.3 1.2 0.8 2.6
2005.6548 -61.6068 -66.2081 51.6 1.2 0.8 2.6
2005.6575 -66.076 -70.5405 46.2 1.3 0.8 2.5
2005.6603 -58.9252 -71.4292 52.6 1.3 0.8 2.5
2012.4740 -168.662 -127.084 89.9 1.3 0.8 2.4
2012.4767 -166.943 -126.529 93.4 1.6 1.1 3.0
