2004.7507 0 0 0 1.3 1.0 3.0
2004.7534 0.887006 -0.999243 6.5 1.3 1.0 3.0
2005.4986 -1.72184 -17.4312 -2.6 1.9 1.2 3.7
2005.5014 -15.8618 -17.0982 6.4 1.5 1.1 3.1
2005.5041 -13.3573 -16.8761 3 1.5 1.1 3.2
2005.5068 -18.0532 -17.9864 -2.3 1.5 1.1 3.2
2006.6767 -25.7232 -31.7537 -2.8 1.6 1.3 3.5
2006.6795 -26.6102 -31.9758 -4.5 1.5 1.1 3.3
2006.6822 -24.2101 -32.0868 1.9 1.5 1.2 3.3
2006.6849 -21.0794 -35.3066 -0.8 2.3 1.5 4.4
2012.5863 -84.6308 -129.235 -14 1.3 0.9 2.8
2012.5890 -91.1008 -132.011 -9.4 1.3 0.9 2.8
2012.5918 -90.7355 -131.678 -4.3 1.2 0.9 2.7
2012.5945 -91.7791 -131.234 -14.9 1.2 0.9 2.7
2013.4712 -118.494 -143.003 -17.2 1.4 1.1 3.1
2013.4740 -113.172 -145.223 -16.6 1.3 1.0 2.9
2015.6164 -139.677 -178.642 -23.6 1.6 1.0 3.1
2015.6192 -137.277 -181.64 -18.8 1.3 0.9 2.9
2015.6219 -145.782 -182.972 -17.3 2.2 1.3 4.0
2016.5753 -167.54 -193.298 -13.9 1.6 1.0 3.0
2016.5781 -170.253 -192.188 -16.8 1.7 1.0 3.2
2017.5370 -169.627 -209.841 -13.3 1.3 0.9 2.8
2017.5397 -165.088 -209.397 -4.4 2.1 1.2 3.7
2017.5425 -163.366 -208.842 -7.6 2.8 1.7 4.8
2018.5342 -184.289 -228.271 -26.2 1.4 1.0 3.0
2018.5370 -187.263 -232.601 -11.6 1.4 1.0 3.0
2018.5397 -175.366 -230.381 -17.8 2.0 1.3 3.8
2019.4932 -191.646 -243.815 -12.4 1.4 1.0 3.0
2019.4959 -197.072 -252.253 1.8 1.5 1.2 3.4
2021.6274 -222.639 -281.453 9.6 1.5 1.0 3.3
2021.6301 -225.352 -281.231 10 1.5 1.0 3.3
