2002.5205 0 0 0 1.3 0.9 2.7
2002.5233 -5.18811 -1.22179 4.8 1.2 0.9 2.6
2002.5260 -0.518811 1.77715 2.4 1.2 0.9 2.6
2002.5288 -3.69653 0.444287 4.7 1.2 0.9 2.6
2002.5315 -4.60445 1.66608 1.7 1.2 0.9 2.5
2002.5342 -4.21534 -1.77715 8.9 1.2 0.9 2.6
2002.5370 -5.83662 -1.77715 9.5 1.3 0.9 2.7
2002.5397 -2.01039 -0.888573 9.8 1.2 0.9 2.6
2002.5425 -4.21534 -0.555358 6.4 1.2 0.9 2.6
2002.5452 -4.73415 -0.222143 11.7 1.2 1.0 2.7
2002.5479 -2.01039 0.333215 9.3 1.7 1.2 3.6
2003.6055 -9.4683 -4.22072 -0.3 3.7 2.6 6.6
2003.6082 -12.1272 -2.77679 15.1 1.2 0.9 2.6
2003.6110 -9.92225 -3.22108 13.5 1.2 0.9 2.6
2003.6137 -8.10642 -1.66607 17 1.2 0.9 2.5
2003.6164 -14.2673 -5.33144 19 1.2 0.9 2.6
2003.6192 -6.87424 -2.44358 18.6 1.2 0.9 2.6
2003.6219 -5.0584 0.777502 4.3 1.8 1.2 3.5
