2009.1616 0 0 0 1.2 0.9 2.6
2009.1644 0.601684 0 6.9 1.2 0.8 2.5
2009.1671 -3.39131 2.55381 1.9 1.1 0.8 2.5
2009.1699 -3.6648 1.11035 6.2 1.2 0.9 2.5
2009.1726 -0.164095 0.44414 1.4 1.1 0.8 2.5
2009.1753 -6.72792 1.44346 2.9 1.1 0.8 2.5
2009.1781 -7.87659 1.55449 -0.7 1.2 0.9 2.5
2009.1808 -4.48528 3.10898 4.2 1.2 0.8 2.5
2009.1836 -1.09397 4.55244 -10.6 1.1 0.8 2.5
2009.1863 -3.5554 5.66279 -0.1 1.2 0.9 2.5
2009.1890 -7.98599 1.8876 2 1.2 0.8 2.5
2009.1918 -1.36746 2.77588 -1.4 1.2 0.8 2.5
2009.1945 -0.711081 1.44346 3.6 1.2 0.8 2.5
2009.1973 -3.93829 0.111035 7.9 1.2 0.8 2.4
2009.2000 -2.35204 -0.111035 4 1.1 0.8 2.4
2009.2027 -1.58626 0.44414 5.1 1.2 0.8 2.5
2009.2055 -5.68865 1.55449 2.7 1.2 0.8 2.5
2009.2082 -4.21179 2.44277 -0.4 1.2 0.8 2.5
2009.2110 -3.22721 -0.111035 2.6 1.2 0.8 2.5
2009.2137 -5.68865 1.44346 5.1 1.2 0.9 2.6
2009.2164 -3.6648 -0.44414 2.6 1.2 0.8 2.5
2009.2192 -4.64938 -0.555175 4.7 1.2 0.8 2.5
2009.2219 -2.78963 0.888281 1.5 1.2 0.8 2.5
2009.2247 -0.38289 0.44414 -5.1 1.2 0.8 2.5
2009.2274 1.64096 -1.33242 -5.8 1.2 0.8 2.5
2009.2301 2.78963 -0.44414 -3.4 1.2 0.8 2.5
2009.2329 2.51613 0.22207 -5.9 1.2 0.8 2.5
2009.2356 3.5554 -1.66553 2.3 1.2 0.8 2.6
2009.2384 6.12623 -0.88828 -10.4 1.2 0.8 2.6
2009.2411 8.31418 1.8876 -16.2 1.2 0.8 2.6
2009.2438 7.00141 -0.22207 -15.7 1.2 0.8 2.5
2009.2466 6.94671 0.999316 -16.9 1.2 0.8 2.5
2009.2493 10.7756 0.555176 -15.7 1.2 0.8 2.5
2009.2521 8.86116 1.22139 -17.8 1.2 0.9 2.6
2009.2548 11.0491 0.666211 -20.2 1.2 0.9 2.6
2009.2575 11.1038 0.333106 -21.2 1.2 0.8 2.5
2009.2603 11.6508 0.666211 -20 1.2 0.8 2.6
2009.2630 11.0491 0.666211 -18.3 1.2 0.8 2.5
2009.2658 13.4011 0.777246 -23 1.2 0.8 2.5
2009.2685 12.7448 0.44414 -28.2 1.2 0.8 2.6
2009.2712 13.4011 1.44346 -24.5 1.2 0.8 2.6
2009.2740 16.3549 1.99863 -30.2 1.2 0.8 2.5
2009.2767 15.0968 0.22207 -27.2 1.2 0.8 2.5
2009.2795 13.1276 0.777246 -23 1.2 0.8 2.5
2009.2822 14.6045 1.8876 -31.7 1.2 0.8 2.5
2009.2849 16.0814 2.2207 -26.1 1.2 0.8 2.5
2009.2877 14.7139 2.2207 -25.3 1.2 0.8 2.5
2009.2904 12.6901 3.10898 -24.8 1.2 0.8 2.5
2009.2932 11.2679 0.555176 -25.6 1.2 0.8 2.5
2009.2959 14.5498 0.333106 -31.1 1.2 0.8 2.5
2009.2986 15.5891 -0.333105 -27.4 1.2 0.8 2.5
2009.3014 14.1122 1.44346 -37.3 1.2 0.8 2.5
2009.3041 16.4643 0 -33.3 1.3 0.9 2.7
2009.3068 13.5105 -0.111035 -30.1 1.2 0.8 2.5
2009.3096 15.9173 0.777246 -35.2 1.2 0.8 2.5
2009.3123 13.5105 -3.55312 -28.6 1.2 0.8 2.5
2009.3151 14.0028 0.44414 -37 1.2 0.8 2.5
2009.3178 16.6831 4.77451 -36.4 1.2 0.8 2.5
2009.3205 14.0028 5.77382 -44.8 1.2 0.8 2.6
2009.3233 17.5035 0 -40 1.2 0.8 2.6
2009.3260 13.5105 1.99863 -36.7 1.2 0.9 2.6
2009.3288 15.6438 4.21933 -34.2 1.3 0.9 2.7
2009.3315 14.3857 1.55449 -36 1.2 0.8 2.5
2009.3342 11.1038 -1.8876 -33.6 1.2 0.8 2.5
2009.3370 13.1823 0.888281 -28.1 1.2 0.8 2.5
2009.3397 13.2917 -0.333105 -25.9 1.2 0.8 2.5
2009.3425 15.425 -2.2207 -27 1.2 0.8 2.5
2009.3452 11.979 -1.77656 -26.1 1.1 0.8 2.5
2009.3479 18.1599 2.44277 -35.5 1.1 0.8 2.5
2009.3507 15.972 0.22207 -33.2 1.2 0.8 2.6
2009.3534 15.8079 0.111035 -32.7 1.1 0.8 2.5
2009.3562 15.972 -0.22207 -33.6 1.2 0.8 2.5
2009.3589 13.784 -2.2207 -27.6 1.2 0.8 2.5
2009.3616 15.7532 0.333106 -29.5 1.2 0.8 2.6
2009.3644 14.6045 -0.66621 -31.1 1.2 0.8 2.5
2009.3671 14.2763 -0.88828 -31.7 1.1 0.8 2.5
2009.3699 13.5105 -0.22207 -27.5 1.1 0.8 2.5
2009.3726 17.8317 0.555176 -30.8 1.3 0.9 2.7
2009.3753 16.6831 -2.33174 -31.4 1.1 0.8 2.5
2009.3781 16.1361 -2.10967 -32.3 1.1 0.8 2.5
2009.3808 19.4727 0.111035 -32.6 1.2 0.9 2.6
2009.3836 15.425 -2.77588 -27.5 1.1 0.8 2.5
2009.3863 16.6284 -1.77656 -35.7 1.1 0.8 2.5
2009.3890 15.0421 -1.99863 -35.5 1.1 0.8 2.5
2009.3918 19.0898 1.99863 -43 1.1 0.8 2.5
2009.3945 23.7939 -0.555175 -11.1 1.1 0.8 2.5
2009.3973 18.4881 -4.1083 -20 1.1 0.8 2.5
2009.4000 17.9958 -4.77451 -19.3 1.1 0.8 2.5
2009.4027 15.1515 -4.99658 -26.5 1.1 0.8 2.5
2009.4055 16.9018 -2.33174 -26.9 1.1 0.8 2.5
2009.4082 15.1515 -4.55244 -28.6 1.1 0.8 2.5
2009.4110 16.3002 -2.88691 -29.9 1.1 0.8 2.5
2009.4137 15.8626 -0.555175 -23.8 1.1 0.8 2.5
2009.4164 14.2216 -1.8876 -31.7 1.1 0.8 2.5
2009.4192 13.1276 0.44414 -29 1.1 0.8 2.5
2009.4219 15.2062 -0.66621 -27.6 1.1 0.8 2.5
2009.4247 11.8696 -0.22207 -21.1 1.1 0.8 2.5
2009.4274 7.2749 -1.22139 -22.6 1.1 0.8 2.5
2009.4301 10.6115 -3.99726 -25.3 1.2 0.9 2.7
2009.4329 12.4713 -3.88623 -23.2 1.1 0.8 2.5
2009.4356 15.0968 -4.88554 -23.9 1.1 0.8 2.5
2009.4384 10.338 -5.55175 -24.5 1.1 0.8 2.5
2009.4411 12.4713 -4.77451 -18.1 1.1 0.8 2.5
2009.4438 15.4797 -5.77382 -19.3 1.1 0.8 2.5
2009.4466 14.5498 -5.21865 -21.5 1.1 0.8 2.5
2009.4493 13.8934 -5.66279 -20.4 1.1 0.8 2.5
2009.4521 17.6129 -5.21865 -24.4 1.1 0.8 2.5
2009.4548 14.2763 -5.32968 -17.1 1.1 0.8 2.5
2009.4575 15.972 -2.66484 -26 1.1 0.8 2.5
2009.8411 11.8696 -21.0967 -6.8 1.2 0.9 2.6
2009.8438 15.425 -19.9863 -5.1 1.2 0.9 2.6
2009.8466 23.0281 -21.0967 -2.4 1.2 0.9 2.7
2009.8493 15.1515 -23.2063 1.6 1.2 0.9 2.6
2009.8521 13.9481 -24.9829 -0.2 1.2 0.9 2.6
2009.8548 15.5891 -22.8732 -1.1 1.2 0.9 2.7
2009.8575 15.3156 -21.6518 -0.3 1.2 0.9 2.6
2009.8603 11.3226 -23.3174 -2.8 1.2 0.9 2.7
2009.8630 12.6354 -21.4298 -0.4 1.2 0.9 2.6
2009.8658 6.94671 -23.3174 -5.5 1.2 0.9 2.8
2009.8685 10.7756 -24.2056 -0.1 1.2 0.9 2.7
2009.8712 8.09538 -23.5394 2.4 1.2 0.9 2.7
2009.8740 9.84574 -22.207 4.2 1.2 0.9 2.7
2009.8767 14.5498 -23.3174 -7.5 1.2 0.9 2.7
2009.8795 15.8079 -22.3181 -9.9 1.2 0.9 2.8
2009.8822 14.331 -22.4291 -10.2 1.2 0.9 2.8
2009.8849 13.4558 -22.5401 0.1 1.2 0.9 2.7
2009.8877 9.18935 -20.9856 -8.1 1.2 0.9 2.7
2009.8904 10.0645 -20.6525 -3.1 1.2 0.9 2.6
2009.8932 10.2286 -17.0994 -5 1.2 0.8 2.5
2009.8959 18.1052 -21.9849 -10.1 1.1 0.8 2.5
2009.8986 9.51755 -18.6539 -8.4 1.1 0.9 2.5
2009.9014 14.9874 -19.3201 -3.2 1.1 0.9 2.5
2009.9041 10.7209 -20.3194 -3.9 1.1 0.9 2.5
2009.9068 12.4166 -22.7622 -2.6 1.1 0.9 2.5
2009.9096 14.5498 -20.8746 -1.8 1.1 0.8 2.5
2009.9123 11.7602 -22.8732 -4.9 1.1 0.9 2.5
2009.9151 12.3072 -20.9856 -8.8 1.1 0.9 2.5
2009.9178 7.65779 -24.3167 2.6 1.1 0.9 2.6
2009.9205 11.8696 -22.096 -6.1 1.1 0.9 2.5
2009.9233 12.0884 -22.9843 -7.4 1.1 0.9 2.5
2009.9260 11.0491 -21.2077 -13.7 1.1 0.9 2.5
2009.9288 12.0337 -15.9891 -5.8 1.1 0.9 2.6
2009.9315 12.7448 -17.5435 -12 1.1 0.9 2.6
2009.9342 13.237 -18.876 -9.4 1.1 0.9 2.6
2009.9370 10.885 -22.9843 -7.9 1.1 0.9 2.6
2009.9397 12.5807 -21.3187 -8.5 1.2 0.9 2.6
2009.9425 12.9089 -21.6518 -5.8 1.1 0.9 2.6
2009.9452 13.237 -22.4291 -11.3 1.2 0.9 2.7
2009.9479 13.2917 -21.7629 -10 1.2 0.9 2.7
2009.9507 11.2679 -22.6512 -9.4 1.1 0.9 2.6
2009.9534 12.3619 -22.8732 -5.4 1.1 0.9 2.6
2009.9562 13.4011 -22.5401 -1.7 1.1 0.9 2.6
2009.9589 13.8934 -23.5394 -1.1 1.1 0.9 2.6
2009.9616 14.1122 -23.4284 -2.6 1.1 0.9 2.6
2009.9644 13.2917 -25.427 -11.3 1.1 0.9 2.5
2009.9671 9.13466 -20.7636 -9.5 1.1 0.9 2.6
2009.9699 6.45443 -19.5422 -5 1.1 0.9 2.6
2009.9726 9.35345 -20.7636 -3.4 1.1 0.9 2.6
2009.9753 12.7995 -19.9863 -6.4 1.1 0.9 2.6
2009.9781 15.425 -20.5415 -12.2 1.1 0.9 2.5
2009.9808 14.7686 -20.9856 -9.6 1.1 0.9 2.5
2009.9836 10.8303 -19.8753 -17 1.1 0.9 2.5
2009.9863 10.3927 -20.6525 -10.3 1.1 0.9 2.5
2009.9890 11.1585 -21.3187 -9.3 1.1 0.9 2.5
2009.9918 11.2679 -20.2084 -14.1 1.1 0.9 2.5
2009.9945 18.2693 -20.2084 -24.2 1.1 0.9 2.5
2009.9973 12.3072 -23.5394 -11 1.1 0.9 2.5
2010.0000 11.3226 -24.5388 -11.1 1.1 0.9 2.6
2010.0027 9.18935 -22.3181 -12.9 1.1 0.9 2.5
2010.0055 10.2833 -21.8739 -12.6 1.1 0.9 2.5
2010.0082 8.58767 -21.2077 -8.5 1.1 0.9 2.5
2010.0110 11.4867 -19.5422 -8.1 1.1 0.9 2.5
2010.0137 8.97056 -20.7636 -7.8 1.1 0.9 2.5
2010.0164 14.7686 -22.8732 -4.9 1.1 0.9 2.5
2010.0192 15.972 -21.4298 -10.5 1.1 0.9 2.5
2010.0219 16.4643 -23.6505 -22.6 1.1 0.9 2.5
2010.0247 21.9888 -21.4298 -20.9 1.1 0.9 2.5
2010.0274 20.7307 -25.6491 -23.9 1.1 0.9 2.5
2010.0301 12.9089 -24.8719 -10.9 1.1 0.9 2.5
2010.0329 15.5891 -23.2063 -16.6 1.1 0.9 2.5
2010.0356 12.1431 -25.8712 -11.8 1.1 0.9 2.6
2010.0384 12.4713 -23.5394 -8.9 1.2 0.9 2.7
2010.0411 11.7055 -24.3167 -4.8 1.2 0.9 2.6
2010.0438 12.8542 -22.6512 -14.5 1.1 0.9 2.5
2010.0466 10.338 -24.0946 -12.6 1.1 0.9 2.6
2010.0493 14.1122 -23.7615 -7 1.1 0.9 2.5
2010.0521 14.0575 -23.7615 -7.4 1.2 0.9 2.6
2010.0548 15.5891 -23.3174 -6.2 1.2 0.9 2.6
2010.0575 12.6901 -24.7608 -10.9 1.1 0.9 2.5
2010.0603 11.4867 -25.6491 -10.7 1.1 0.8 2.5
2010.0630 15.2609 -24.2056 -15 1.1 0.8 2.5
2010.0658 12.4166 -25.205 -10.4 1.1 0.9 2.5
2010.0685 12.6354 -25.6491 -8.8 1.1 0.8 2.5
2010.0712 14.0575 -24.8719 -10.8 1.2 0.9 2.6
2010.0740 15.9173 -24.8719 -13.2 1.2 0.9 2.6
2010.0767 14.331 -23.5394 -16.6 1.1 0.9 2.5
2010.0795 13.7293 -20.6525 -16.1 1.1 0.8 2.5
2010.0822 14.2216 -26.3153 -8.6 1.1 0.8 2.5
2010.0849 11.2679 -25.7601 -9.3 1.1 0.8 2.5
2010.0877 12.0884 -25.8712 -15.2 1.1 0.8 2.5
2010.0904 11.979 -27.9808 -6.1 1.2 0.9 2.6
2010.0932 15.1515 -26.3153 -6.5 1.1 0.8 2.5
2010.0959 12.3072 -26.5374 -2.6 1.2 0.9 2.6
2010.0986 13.784 -27.9808 -6.2 1.2 0.9 2.6
2010.1014 7.98599 -28.9802 -1.2 1.1 0.8 2.5
2010.1041 10.7209 -26.2043 -10.2 1.2 0.8 2.6
2010.1068 9.73634 -26.8705 -7.5 1.2 0.9 2.6
2010.1096 14.331 -22.4291 -21.4 1.2 0.9 2.6
2010.1123 4.75877 -24.0946 -6.5 1.2 0.9 2.5
2010.1151 10.1739 -23.6505 -17.3 1.2 0.8 2.5
2010.1178 16.4643 -26.2043 -11.4 1.2 0.8 2.5
2010.1205 14.0028 -25.8712 -8 1.2 0.8 2.5
2010.1233 19.7462 -27.2036 -12.7 1.2 0.8 2.5
2010.1260 10.6662 -25.316 -18.3 1.2 0.8 2.5
2010.1288 13.6199 -26.8705 -14.2 1.2 0.9 2.6
2010.1315 11.5414 -24.8719 -20.5 1.2 0.8 2.5
2010.1342 9.13466 -26.8705 -9.5 1.2 0.8 2.6
2010.1370 12.6901 -28.7581 -13.6 1.2 0.8 2.6
2010.1397 10.6662 -24.6498 -19.1 1.2 0.8 2.5
2010.1425 13.3464 -28.0919 -18.7 1.2 0.8 2.6
2010.1452 15.3703 -28.425 -21 1.2 0.9 2.7
2010.1479 13.2917 -29.2022 -14.5 1.2 0.9 2.7
2010.1507 13.4558 -30.8678 -13.3 1.2 0.9 2.7
2010.1534 8.47827 -34.754 -13.6 1.2 0.8 2.6
2010.1562 11.3773 -29.6464 -14.9 1.2 0.8 2.6
2010.1589 13.7293 -26.2043 -21.2 1.2 0.8 2.6
2010.1616 11.979 -27.8698 -9.4 1.2 0.8 2.6
2010.1644 10.4474 -27.3146 -11.4 1.2 0.8 2.5
2010.1671 12.4713 -29.0912 -14.4 1.2 0.8 2.6
2010.1699 12.3072 -28.3139 -20.1 1.2 0.8 2.6
2010.1726 12.0337 -28.3139 -14 1.2 0.8 2.5
2010.1753 15.1515 -28.6471 -12.1 1.2 0.8 2.6
2010.1781 11.8149 -29.7574 -12.9 1.2 0.8 2.5
2010.1808 11.3773 -29.6464 -10.1 1.2 0.8 2.5
2010.1836 9.95513 -27.6477 -15 1.2 0.8 2.6
2010.1863 5.36046 -32.4222 2.2 1.2 0.8 2.6
2010.1890 13.5652 -30.6457 -12.4 1.2 0.8 2.6
2010.1918 10.2833 -27.8698 -4.9 2.4 1.7 4.5
2010.2000 13.1276 -28.7581 -14.4 2.2 1.6 4.3
2010.2027 12.3072 -30.0905 -16.7 1.2 0.8 2.6
2010.2055 14.2216 -27.2036 -19.4 1.2 0.8 2.6
2010.2082 18.1052 -26.7595 -19.2 2.5 1.7 4.6
2010.2192 8.58767 -24.2056 -8.2 3.9 2.4 6.4
2010.6301 12.1978 -43.4147 0 1.3 0.9 2.8
2010.6329 15.9173 -43.3037 -6.1 1.2 0.9 2.6
2010.6356 10.1739 -44.0809 -7.8 1.2 0.9 2.7
2010.6384 11.3226 -44.9692 -3.8 1.2 0.8 2.5
2010.6411 13.1823 -43.7478 -9 1.2 0.8 2.5
2010.6438 12.4713 -44.414 -10.3 1.1 0.8 2.5
2010.6466 11.5414 -44.303 -6.7 1.2 0.9 2.6
2010.6493 13.1276 -43.6368 -6.6 1.2 0.8 2.5
2010.6521 11.5414 -45.8575 -4.7 1.2 0.9 2.5
2010.6548 9.68164 -45.7465 -1.8 1.2 0.9 2.6
2010.6575 8.36888 -45.5244 -6.4 1.1 0.8 2.5
2010.6603 10.7209 -47.523 -1.2 1.1 0.8 2.5
2010.6630 10.0098 -45.7465 -4.8 1.1 0.8 2.5
2010.6658 12.1978 -46.1906 -2.3 1.2 0.8 2.5
2010.6685 12.4713 -46.0796 -1.7 1.1 0.8 2.5
2010.6712 11.9243 -46.4127 -4.3 1.1 0.8 2.4
2010.6740 9.02526 -46.6347 4 1.2 0.8 2.5
2010.6767 11.7602 -45.9685 -0.9 1.1 0.8 2.5
2010.6795 10.6115 -47.7451 -0.5 1.2 0.8 2.5
2010.6822 13.4558 -46.8568 0.4 1.2 0.8 2.5
2010.6849 11.7602 -45.5244 0.1 1.1 0.8 2.4
2010.6877 13.1276 -48.3003 -0.6 1.1 0.8 2.5
2010.6904 13.9481 -46.7458 -1.7 1.2 0.8 2.5
2010.6932 12.4713 -44.192 -7.1 1.1 0.8 2.5
2010.6959 13.1276 -48.0782 -4.7 1.2 0.8 2.5
2010.6986 12.3072 -45.7465 -6.7 1.2 0.8 2.4
2010.7014 9.57224 -47.3009 -0.2 1.2 0.8 2.4
2010.7041 8.86116 -46.7458 -1.1 1.1 0.8 2.5
2010.7068 13.4011 -47.412 3.8 1.1 0.8 2.4
2010.7096 11.0491 -47.0789 5.5 1.1 0.8 2.4
2010.7123 13.8387 -46.9678 4.4 1.1 0.8 2.5
2010.7151 11.5961 -48.1892 3.2 1.1 0.8 2.4
2010.7178 11.5961 -49.4106 1.6 1.1 0.8 2.4
2010.7205 11.8696 -49.0775 5.5 1.1 0.8 2.4
2010.7233 12.2525 -48.0782 -3 1.2 0.8 2.5
2010.7260 14.4404 -48.3003 0.3 1.2 0.8 2.5
2010.7288 10.1739 -49.4106 1.8 1.2 0.8 2.5
2010.7315 18.4334 -47.412 -0.7 1.2 0.8 2.5
2010.7342 13.3464 -47.8561 1.3 1.1 0.8 2.4
2010.7370 13.1276 -49.9658 1.6 1.1 0.8 2.4
2010.7397 13.3464 -50.8541 4.4 1.2 0.8 2.4
2010.7425 12.6901 -52.7417 3.9 1.2 0.8 2.5
2010.7452 10.5568 -48.6334 9.9 1.1 0.8 2.4
2010.7479 7.76719 -45.1913 12.5 1.1 0.8 2.5
2010.7507 16.4096 -48.9665 0.9 1.1 0.8 2.5
2010.7534 14.2216 -51.6313 2.8 1.1 0.8 2.4
2010.7562 16.2455 -49.6327 0.6 1.1 0.8 2.5
2010.7589 15.6438 -49.6327 -2.5 1.2 0.8 2.5
2010.7616 14.9874 -49.7437 -2.6 1.1 0.8 2.4
2010.7644 13.7293 -49.9658 5.2 1.1 0.8 2.4
2010.7671 12.6901 -50.0768 1.5 1.1 0.8 2.4
2010.7699 10.9397 -51.4092 0 1.1 0.8 2.4
2010.7726 11.979 -51.1872 3 1.1 0.8 2.4
2010.7753 13.0183 -49.8548 5.5 1.1 0.8 2.4
2010.7781 12.4166 -49.4106 3.8 1.2 0.8 2.5
2010.7808 9.95513 -51.1872 3.2 1.1 0.8 2.4
2010.7836 11.7602 -51.2982 2.2 1.1 0.8 2.4
2010.7863 10.885 -50.0768 -0.2 1.1 0.8 2.4
2010.7890 10.338 -50.1879 3.1 1.1 0.8 2.4
2010.7918 13.2917 -49.4106 -2.7 1.1 0.8 2.4
2010.7945 13.5652 -49.0775 -2.6 1.1 0.8 2.4
2010.7973 14.1122 -51.0761 4.4 1.1 0.8 2.4
2010.8000 10.8303 -51.0761 2.1 1.1 0.8 2.4
2010.8027 13.073 -48.5223 10.3 1.1 0.8 2.4
2010.8055 12.3072 -49.6327 6.5 1.1 0.8 2.4
2010.8082 6.12623 -48.0782 -0.2 1.1 0.8 2.4
2010.8110 10.9944 -48.6334 -0.5 1.2 0.8 2.5
2010.8137 13.5105 -49.0775 -0.1 1.1 0.8 2.4
2010.8164 8.69707 -48.5223 -1.3 1.1 0.8 2.4
2010.8192 10.9397 -48.4113 3.4 1.1 0.8 2.4
2010.8219 9.73634 -47.8561 -0.4 1.1 0.8 2.4
2010.8247 11.9243 -51.0761 7.3 1.1 0.8 2.4
2010.8274 12.2525 -52.5196 10.6 1.1 0.8 2.4
2010.8301 10.2833 -51.6313 8.2 1.1 0.8 2.4
2010.8329 8.86116 -51.8534 12.8 1.1 0.8 2.5
2010.8356 16.2455 -48.3003 -2.8 1.1 0.8 2.5
2010.8384 8.80646 -53.0748 7.6 1.1 0.8 2.4
2010.8411 10.5568 -50.2989 1.8 1.1 0.8 2.4
2010.8438 11.9243 -53.852 3 1.1 0.8 2.4
2010.8466 12.1431 -51.0761 8.3 1.1 0.8 2.4
2010.8493 9.68164 -50.521 -1.2 1.1 0.8 2.4
2010.8521 11.9243 -49.6327 -2.2 1.1 0.8 2.4
2010.8548 14.7686 -51.5203 -0.7 1.1 0.8 2.4
2010.8575 14.1122 -51.1872 -9.6 1.1 0.8 2.4
2010.8603 14.3857 -51.1872 -5.7 1.1 0.8 2.4
2010.8630 14.878 -50.2989 -2.3 1.1 0.8 2.4
2010.8658 12.6901 -50.8541 -6 1.1 0.8 2.4
2010.8685 10.6662 -51.5203 -0.2 1.1 0.8 2.4
2010.8712 10.1192 -52.7417 -0.2 1.1 0.8 2.4
2010.8740 11.979 -54.0741 -4.5 1.1 0.8 2.4
2010.8767 10.0645 -54.1851 -7.2 1.1 0.8 2.5
2010.8795 7.65779 -52.9637 -6.7 1.1 0.8 2.5
2010.8822 10.4474 -54.1851 -1.9 1.1 0.8 2.4
2010.8849 9.18935 -52.1865 -2.4 1.2 0.9 2.4
2010.8877 11.2679 -51.6313 1.3 1.1 0.8 2.4
2010.8904 11.1585 -52.0755 4.6 1.1 0.9 2.5
2010.8932 9.46285 -53.852 -0.2 1.1 0.9 2.6
2010.8959 5.52455 -51.1872 -3.6 1.1 0.8 2.5
2010.8986 7.82189 -51.9644 -1.3 1.1 0.8 2.4
2010.9014 11.0491 -55.8506 -0.7 1.1 0.8 2.4
2010.9041 15.1515 -53.4079 -4.2 1.1 0.8 2.4
2010.9068 10.885 -52.6306 7.8 1.1 0.8 2.4
2010.9096 12.7448 -53.4079 1.8 1.1 0.8 2.4
2010.9123 8.97056 -54.9624 -4 1.1 0.8 2.4
2010.9151 9.95513 -54.9624 -2.8 1.1 0.8 2.4
2010.9178 10.0098 -55.1844 -2.4 1.1 0.9 2.4
2010.9205 9.29875 -55.0734 2.1 1.1 0.8 2.4
2010.9233 7.2749 -51.9644 -2.1 1.1 0.8 2.4
2010.9260 9.73634 -54.0741 0 1.1 0.8 2.4
2010.9288 10.6115 -54.8513 -2.7 1.1 0.9 2.4
2010.9315 12.6354 -51.9644 -4.6 1.1 0.8 2.4
2010.9342 10.4474 -54.0741 -7.7 1.1 0.8 2.4
2010.9370 11.7602 -54.5182 -2.5 1.1 0.8 2.4
2010.9397 11.6508 -53.1858 -5.4 1.2 0.9 2.6
