1995.6301 0 0 0 3.2 2.4 7.4
1997.6603 -30.0139 -17.3205 59.8 4.7 2.2 9.0
1998.6932 -47.5044 -49.519 53.5 2.9 1.7 5.2
1998.6959 -48.7726 -50.2962 56.9 3.0 1.6 5.0
1999.7041 -33.5014 -98.0387 84.4 5.4 3.4 8.8
1999.7479 -46.1305 -99.482 53.6 3.2 2.4 5.9
2000.6384 -64.3608 -122.465 82.9 3.7 2.6 9.1
2001.4575 -65.3648 -141.451 75.9 3.2 1.7 6.3
2001.4795 -60.0278 -141.562 54.9 3.7 1.8 6.7
2002.3781 -90.7815 -158.883 63.3 2.7 1.7 5.6
2002.3808 -95.5372 -148.779 56.3 2.3 1.6 4.9
2002.8658 -126.238 -174.871 101.6 5.8 3.1 14.2
2004.3863 -180.665 -185.863 77.2 2.9 1.8 5.2
2005.5890 -186.794 -205.404 86.3 2.4 1.6 5.2
2017.4384 -384.738 -382.384 135.6 1.4 0.9 2.9
2017.4411 -384.051 -382.939 142.7 1.5 1.0 3.0
2018.9397 -412.215 -406.81 139.7 1.3 0.9 2.7
2018.9425 -415.386 -410.474 134.8 1.3 0.9 2.7
2018.9452 -409.732 -406.81 138.6 1.6 1.1 3.2
2019.2959 -423.471 -413.028 132.5 1.2 0.9 2.6
2019.2986 -424.263 -408.476 131 1.2 0.9 2.7
2019.3014 -426.588 -409.919 138.7 1.3 0.9 2.8
2019.3890 -423.735 -411.363 114 1.3 0.9 2.8
2019.3918 -426.377 -413.583 130.4 1.3 0.9 2.8
2019.5370 -426.641 -410.585 133.1 1.3 0.9 2.7
2019.5397 -426.905 -409.808 142 1.4 1.0 3.0
2019.8795 -431.978 -418.357 144.8 1.3 0.8 2.7
2019.8822 -429.547 -418.802 141.4 1.3 0.9 2.7
2019.8849 -429.072 -417.913 146.3 1.5 0.9 3.0
2020.4356 -448.517 -420.467 138.2 1.3 0.9 2.8
2020.4384 -446.351 -418.246 128.2 1.3 0.9 2.8
2020.4411 -447.778 -420.356 141.2 1.5 1.1 3.2
