1996.5014 0 0 0 1.2 1.1 3.5
1996.5041 -2.20459 -0.443932 -63.4 1.5 1.3 3.9
2001.5507 -18.7746 -108.097 45.4 5.7 3.6 14.1
2001.5534 -24.6772 -113.092 54.4 1.9 1.2 4.7
2001.5562 -28.2685 -108.763 33.8 4.8 4.3 9.1
2002.3397 -28.0196 -129.739 69.9 1.2 0.9 3.2
2002.3425 -29.6197 -130.516 72.1 1.2 1.0 3.1
2002.3452 -28.8375 -132.625 71.1 1.4 1.2 3.7
2002.3479 -29.1575 -132.07 64.7 1.5 1.3 3.6
2002.3507 -145.681 -108.43 -67.3 86.5 59.1 135.3
2004.2247 -28.5175 -175.686 33.5 1.6 1.3 3.7
2004.2274 -33.7089 -175.797 29.7 1.3 1.1 3.5
2004.2301 -35.1668 -174.576 26.8 1.1 1.0 3.3
2004.2329 -34.8823 -174.354 39.3 1.4 1.2 3.7
2004.2356 -34.3845 -175.797 32.3 1.4 1.1 3.5
2004.4219 -41.2116 -176.241 45.1 1.7 1.3 3.7
2004.4247 -43.274 -181.457 42.4 1.7 1.3 3.8
