1995.5836 0 0 0 6.3 3.9 11.7
1995.5918 -2.2943 -11.4366 26.8 3.4 2.2 7.1
1996.4274 -4.09696 -17.8766 25.2 2.7 2.2 5.8
1996.4356 -0.546261 -19.5421 26.4 2.9 2.1 5.9
1997.3808 -11.8539 -45.5243 47.2 2.9 2.2 6.3
1997.3836 -3.49607 -44.8581 28.8 3.1 2.3 6.6
1998.4247 -16.0054 -81.1665 52.4 2.5 2.1 6.4
1998.4329 -13.438 -80.9444 70.9 2.6 2.2 6.8
1998.7562 -10.5975 -90.9375 57.6 2.7 2.0 5.5
1998.7589 -18.5729 -85.4968 74.1 3.4 3.7 7.7
1999.4603 -17.6442 -108.925 76.2 3.2 2.0 6.2
2000.6658 -32.3386 -138.238 79.5 3.2 2.3 6.4
2001.4849 -36.3264 -156.559 58.3 3.6 1.6 6.4
2002.6192 -60.0887 -172.437 75.2 2.5 1.8 5.2
2002.6219 -56.4288 -174.991 70.4 1.3 0.9 2.8
2002.6247 -50.2014 -172.215 71.7 1.6 1.0 3.4
2012.6274 -172.618 -403.612 141.1 1.5 1.1 3.1
2013.7726 -192.448 -416.27 175.5 2.2 1.4 4.0
2013.7753 -193.322 -419.601 185.4 1.6 1.0 3.0
2013.7781 -194.633 -417.602 179.8 1.6 1.0 3.2
2013.7808 -190.973 -418.157 191.9 1.9 1.1 3.4
2014.3890 -191.956 -436.922 176.2 2.3 1.4 4.0
2014.3918 -204.739 -432.481 183.9 1.7 1.1 3.4
2014.3945 -202.991 -430.704 184.6 1.6 1.1 3.4
2014.3973 -199.931 -431.592 175.4 1.6 1.1 3.4
2015.4932 -210.693 -450.579 172.3 1.5 1.0 3.0
2015.4959 -213.042 -449.025 170.2 1.6 1.0 3.2
2015.4986 -205.339 -454.132 186.6 3.7 2.3 7.2
2018.6356 -253.083 -519.199 212.9 1.6 1.0 3.2
2018.6384 -251.881 -518.311 221.1 1.6 1.0 3.1
2021.4822 -274.769 -559.171 227.2 1.7 1.2 3.5
2021.4849 -279.194 -560.615 232.1 1.6 1.1 3.2
2021.4877 -283.346 -560.837 225.3 1.6 1.1 3.2
2021.4904 -287.005 -559.06 215.3 2.1 1.5 4.2
