1995.6959 0 0 0 2.1 1.6 4.4
1995.6986 -6.8322 1.5552 10.3 1.6 1.1 3.0
1995.7014 -1.77637 0 -8.1 1.5 1.0 2.9
1995.7041 -7.24213 0.7776 2.9 2.0 1.3 3.8
1996.6795 -14.8942 -4.44342 0.5 2.0 1.5 4.5
1996.6822 -20.7016 -11.1086 -12.8 2.1 1.3 4.0
1996.6849 -25.6207 -9.10902 -12.5 1.5 1.1 3.1
1996.6877 -23.8444 -9.66445 -12.1 2.0 1.3 3.8
2002.4027 -112.458 -48.9887 -19.4 2.5 1.5 4.0
2002.4055 -114.576 -55.765 -16.6 1.4 0.9 2.7
2002.4082 -113.141 -52.6546 -19.8 1.4 0.9 2.7
2002.4110 -116.694 -52.8767 3.4 1.8 1.1 3.5
2006.4466 -177.364 -84.2029 -63.5 1.8 1.5 3.7
2006.4493 -180.097 -81.8701 -60.5 1.3 0.9 2.6
2006.4521 -175.314 -83.9807 -51.5 1.3 0.9 2.6
2006.4548 -174.904 -82.0923 -57.3 1.5 1.0 3.3
2011.4356 -267.002 -133.636 -76.7 1.8 1.2 3.6
2011.4384 -266.251 -134.858 -81 1.8 1.2 3.6
2011.4438 -256.276 -131.636 -65.2 1.7 1.1 3.4
