1998.5370 0 0 0 5.2 4.2 9.2
1999.5753 -43.1284 -0.555354 59.1 38.7 18.3 47.0
1999.5781 2.71573 -24.6577 -15.8 1.6 1.0 2.9
1999.5808 -1.35787 -25.8795 -20.4 1.6 1.0 2.9
2000.5315 -10.3456 -48.6491 6.7 1.7 1.0 3.3
2000.5342 -17.4583 -46.3166 0.4 1.6 1.0 3.2
2000.5370 -16.1004 -43.9841 -15.3 7.0 3.5 9.9
2001.6219 -15.5185 -82.8589 3.1 36.7 14.5 24.6
2001.6247 -21.1439 -74.5286 13 2.3 1.5 4.4
2016.4795 -145.486 -479.826 96.3 1.2 0.8 2.5
2016.4822 -158.418 -478.716 78 1.3 0.8 2.5
2016.4849 -155.573 -480.048 92.3 1.2 0.8 2.4
2016.4877 -150.141 -478.938 96.8 1.2 0.8 2.4
2016.4904 -146.132 -481.159 91.1 1.2 0.8 2.4
