2012.3945 0 0 0 1.5 1.1 3.4
2012.3973 1.57992 -2.10978 -1.8 1.5 1.1 3.4
2012.4000 2.14418 -3.77539 0.2 1.6 1.1 3.6
2012.7753 -12.3572 -0.888327 -21.8 1.6 1.1 3.4
2012.7781 -14.9528 -3.99747 -26.6 1.6 1.0 3.4
2012.7808 -18.0563 -1.88769 -19.5 1.8 1.1 3.8
2013.4247 -17.0406 -13.1028 -20.7 1.5 1.1 3.4
2013.4274 -11.2287 -15.3236 -21.6 1.5 1.0 3.4
2013.4301 -17.2099 -17.7665 -19.5 1.7 1.2 3.8
2013.8082 -23.0782 -24.429 17.3 1.6 1.1 3.5
2013.8110 -18.3384 -21.764 28.3 1.5 1.1 3.4
2013.8137 -14.6143 -24.2069 15.5 1.5 1.1 3.4
2013.8164 -19.9747 -22.4303 15.9 1.5 1.1 3.4
2013.8192 -14.3322 -21.0978 18.4 2.1 1.5 4.7
