2013.3945 0 0 0 1.3 0.9 2.8
2013.3973 -7.16385 -1.88824 -4 1.3 0.9 2.8
2013.4877 -5.99158 -2.22145 -11.3 1.4 0.9 2.8
2013.4904 -2.67016 -1.77716 -7.8 1.4 0.9 2.7
2013.4932 -3.45167 -3.22111 1.1 1.4 0.9 2.8
2013.4959 2.21428 1.88824 -14.7 1.4 0.9 2.8
2013.4986 1.56302 -2.55467 -4.5 1.4 0.9 2.8
2013.5014 -2.93066 -2.99896 -1.6 1.4 0.9 2.7
2013.5041 -5.34032 -6.33115 1 1.4 0.9 2.7
2013.5068 1.4979 -2.11038 -8.9 1.4 0.9 2.7
2013.5096 1.23739 -4.33184 7.3 1.4 0.9 2.8
2013.5123 -4.49368 -5.33149 -1.6 1.4 0.9 2.8
2013.5151 -3.84243 -3.88755 -3.9 1.4 0.9 2.7
2013.5178 -2.73529 -1.77716 1 1.5 0.9 2.9
2013.5205 -4.42856 -4.33184 -1.5 1.4 0.9 2.8
2013.5233 -8.98737 -6.99758 12.6 1.4 0.9 2.8
2013.5260 -8.40124 -8.77475 2.9 1.5 0.9 2.9
2013.5288 -6.57771 -3.55433 -6.1 1.4 0.9 2.8
2013.5315 -2.14915 -4.10969 9.8 1.4 0.9 2.8
2013.5342 0.716385 -5.99793 -10.1 1.4 0.9 2.8
2013.5370 -0.976887 -7.55295 1.6 1.4 0.9 2.8
2013.5397 -6.90334 -2.99896 2.3 1.4 0.9 2.8
2013.5425 -7.35922 -5.22042 11 1.4 0.9 2.8
2013.5452 -0.45588 -8.44153 -2.4 1.4 0.9 2.8
2013.5479 -5.14494 -13.4398 -4 1.4 0.9 2.8
2013.5507 -13.2857 -9.33011 -18.1 1.4 0.9 2.9
2013.5534 -5.2752 -4.8872 -14 1.4 0.9 2.8
2013.5562 -2.73529 -7.88616 -5.5 1.4 0.9 2.8
2013.5589 -3.45167 -7.21973 -4.2 1.4 0.9 2.8
2013.5616 -2.93066 -10.9962 -4.9 1.4 0.9 2.9
2013.5644 -7.48947 -9.55226 -5.7 2.3 1.3 4.2
2013.5699 -5.34032 -5.22042 6.1 1.4 0.9 2.8
2013.5726 -1.49789 -6.109 -1.7 1.4 0.9 2.8
2013.5753 -3.19117 -5.66471 4.1 1.4 0.9 2.8
2013.5781 -5.07982 -5.44256 9.7 1.4 0.9 2.8
2013.5808 -9.76888 -4.55398 3.7 1.4 0.9 2.8
2013.5836 -12.3088 -7.77509 -1.2 1.4 0.9 2.8
2013.5863 -4.36343 -4.33184 0.4 1.4 0.9 2.8
2013.5890 -5.14494 -8.21938 2.7 1.4 0.9 2.8
2013.5918 -0.45588 -6.33115 -0.3 1.4 0.9 2.8
2013.5945 -3.84243 -14.9948 0 1.4 0.9 2.8
2013.5973 2.21428 -12.4401 -4.6 1.4 0.9 2.8
2013.6000 -2.73529 -13.1066 -3.6 1.4 0.9 2.8
2013.6027 -9.50838 -11.5516 -6.3 1.4 0.9 2.8
2013.6055 -3.7773 -5.99793 -7.4 1.4 0.9 2.8
2013.6082 -0.45588 -10.4408 -6.5 1.4 0.9 2.7
2013.6110 -2.27941 -9.88547 -9.3 1.4 0.9 2.7
2013.6137 0.065127 -7.44187 -5.2 1.4 0.9 2.8
2013.6164 -5.14494 -5.99793 -10.1 1.4 0.9 2.8
2013.6192 -4.88444 -9.88547 -11.1 1.4 0.9 2.8
2013.6219 0.781512 -2.66575 -1.3 1.4 0.9 2.8
2013.6247 -0.45588 -9.10796 -16.2 1.8 1.1 3.3
