1995.6849 0 0 0 2.2 1.5 4.4
1995.6877 -5.895 -1.77761 9.6 1.6 1.0 3.0
1995.6904 -12.5808 -2.66642 9.4 2.1 1.2 3.7
1995.7945 -7.47658 -5.44393 15.9 2.1 1.8 4.6
1995.7973 -10.5679 -5.88834 19.5 1.9 1.1 3.7
1996.6740 -19.7698 -15.1097 16.1 2.1 1.5 4.4
1996.6767 -22.5016 -18.2205 11.8 1.6 1.0 3.1
1996.6795 -24.9459 -16.7762 16.5 1.5 1.0 3.0
1996.6822 -28.7561 -18.8871 4.8 2.2 1.3 4.0
2002.3890 -108.77 -46.4401 16.2 2.1 1.2 3.6
2002.3918 -113.443 -51.884 11.2 1.6 0.8 2.6
2002.3945 -115.6 -49.8842 10.1 1.5 0.9 2.7
2002.3973 -115.528 -49.8842 7.9 2.0 1.1 3.5
2006.4329 -179.151 -71.771 -8.1 2.0 1.7 4.1
2006.4356 -184.614 -70.8822 -12.3 1.3 0.9 2.6
2006.4384 -183.464 -74.4374 -4.8 1.3 0.9 2.6
2006.4411 -186.268 -72.1043 -8.2 1.6 1.0 3.2
2011.4301 -269.373 -104.879 -25.6 1.8 1.1 3.4
2011.4356 -269.085 -106.657 -33.2 1.9 1.2 3.6
2011.4384 -267.935 -107.212 -37.6 2.0 1.2 3.7
2011.5507 -258.158 -108.212 -25.6 1.9 1.5 4.2
