2005.5370 0 0 0 1.3 1.0 3.2
2005.5397 -2.39829 1.99787 -2.3 1.1 0.9 2.8
2005.5425 -2.67809 0.665958 -3.5 1.4 1.2 3.3
2005.5452 -1.63883 0.443972 -1 1.5 1.1 3.2
2005.5479 0.279801 -0.110993 -3.3 1.1 0.9 2.8
2005.5507 -2.2384 -1.99788 3.3 1.3 1.1 3.2
2005.5534 -4.47681 -0.33298 -0.7 1.2 0.9 3.0
2007.5260 1.87866 -43.5093 -18.9 1.6 1.1 3.6
2007.5288 1.9586 -40.5125 -20.1 1.0 0.9 2.8
2007.5315 5.4761 -42.5103 -30.7 1.0 0.9 2.8
2007.5342 4.31692 -43.0653 -32.9 1.4 1.2 3.3
2007.5370 -1.51892 -45.7291 -41.8 1.1 0.9 2.8
