1998.5890 0 0 0 1.9 1.3 3.9
1998.5945 -14.3125 2.99933 24.6 18.2 11.1 22.2
1998.5973 -4.51974 0 -14.2 1.6 1.0 3.0
1998.6000 -6.64265 0.777604 -7.8 1.7 1.1 3.4
2000.5973 -26.0228 -32.6594 12.1 1.7 1.1 3.3
2000.6000 -25.6119 -32.7704 8.3 1.8 1.1 3.4
2000.6027 -25.1325 -32.215 18.2 1.7 1.1 3.4
2000.6055 -23.9683 -29.9933 14.2 2.6 1.5 5.4
2005.6438 -60.5371 -91.9794 84 1.4 0.9 2.8
2005.6466 -59.9208 -97.9781 71.3 1.3 0.8 2.6
2005.6493 -80.739 -81.6484 56.9 1.4 1.0 3.0
2012.4603 -126.073 -172.961 65 1.3 0.8 2.4
2012.4630 -124.978 -172.739 61.3 1.3 0.8 2.4
2012.4658 -125.799 -173.072 63.2 1.3 0.8 2.4
