2006.5452 0 0 0 1.3 0.9 2.8
2006.5479 -3.5329 0.333111 -2 1.2 0.9 2.7
2006.5507 -6.7346 -0.33311 -2 1.2 0.9 2.7
2006.5534 -0.331209 -1.44348 -10.9 1.2 0.9 2.6
2006.5562 -1.93206 0.777258 -1.4 1.2 0.9 2.7
2007.5507 -35.6602 11.8809 22.4 1.4 1.0 2.9
2007.5534 -39.0275 14.6569 19.8 1.2 0.9 2.6
2007.5562 -40.0764 15.7672 16 1.2 0.9 2.6
2007.5589 -39.5796 14.3237 21.8 1.2 0.9 2.6
2007.5616 -37.9235 14.7679 17.7 1.2 0.9 2.6
2007.5644 -41.346 14.99 8.5 1.7 1.1 3.4
2008.5562 -63.6475 32.7558 35.3 1.2 0.9 2.5
2008.5589 -65.9659 32.2007 35.8 1.2 0.9 2.5
2008.5616 -61.2738 32.9779 27.1 1.2 0.9 2.6
2008.5644 -64.4203 32.6448 21.4 1.2 0.9 2.6
2008.5671 -62.9298 36.7532 42.7 1.3 1.0 3.1
2008.5699 -67.07 31.7565 28.8 1.2 0.9 2.5
2008.5726 -65.5795 32.2007 40.9 1.2 0.9 2.6
2008.5753 -65.5795 32.2007 33.2 1.2 0.9 2.6
