1995.4685 0 0 0 4.2 2.6 6.6
1995.4712 -7.15985 -1.55471 12 3.2 2.5 5.5
1995.4740 1.30179 1.99891 9 3.3 2.8 6.0
1995.4767 1.36096 -7.66248 17.7 2.4 2.3 5.8
1995.4795 3.90537 -1.66576 11.5 2.4 2.3 5.5
1997.5973 -52.8409 -23.7648 -27.5 4.5 1.9 6.8
1999.4904 -44.9118 -66.8524 74 3.9 1.8 6.4
1999.4932 -47.5745 -67.9629 82.6 4.3 1.9 6.7
2001.5452 -83.8472 -95.8365 69.5 2.0 1.5 4.1
2006.5671 -161.481 -170.573 128.9 2.4 2.0 5.4
2006.5699 -166.274 -168.352 116.7 1.2 0.8 2.6
2006.5726 -164.795 -166.576 121.3 1.3 0.9 2.7
2007.3452 -179.115 -175.349 139.8 1.3 0.8 2.5
2007.3479 -176.748 -173.794 131.1 1.4 0.9 2.6
2019.4603 -416.159 -277.626 197.9 1.4 0.9 2.8
2019.4630 -415.035 -279.625 206.6 1.4 0.9 2.8
