1999.4575 0 0 0 1.5 1.1 3.0
1999.4603 -2.25191 -1.66554 -8.9 1.4 1.0 3.0
1999.4630 -8.34853 -15.3229 -27 23.7 9.6 29.4
2000.6493 -31.307 -15.7671 -8.7 13.7 6.9 16.4
2000.6521 -27.5172 -23.9837 -8.7 1.4 1.0 3.0
2000.6548 -30.6479 -24.2058 -4.6 1.6 1.1 3.3
2002.6685 -56.4624 -42.9709 13 16.5 9.2 18.7
2002.6712 -53.3866 -47.0792 -6.3 1.2 0.9 2.6
2002.6740 -49.1574 -49.0778 -1.6 1.2 0.9 2.7
2002.6767 -45.4226 -49.4109 -1.2 1.8 1.1 3.1
2012.7014 -212.009 -199.753 94 1.1 0.8 2.5
2012.7041 -212.393 -202.862 89.1 1.4 1.0 3.0
