1997.6027 0 0 0 4.4 2.3 7.8
1997.6055 1.78256 5.3289 -13.3 1.6 1.2 3.9
1997.6082 -8.81376 2.99751 35 1.8 1.5 5.0
1998.5753 15.6469 -42.0761 -76.6 41.3 22.9 63.7
1998.5781 -23.4208 -19.8724 13.7 1.4 1.1 3.7
1998.5808 -22.282 -24.9792 17.1 2.0 1.3 4.3
1998.5836 -15.0527 -19.4283 2.3 1.5 1.1 3.7
1998.5863 -10.2992 -15.9867 4.2 2.3 1.7 5.3
1999.3836 5.79332 -38.9676 -0.2 39.2 24.1 51.4
1999.3863 -28.7685 -43.6304 22.1 1.5 1.1 3.7
1999.3890 -23.6684 -42.4092 19.4 1.5 1.1 3.5
1999.3918 -28.4219 -43.2973 17.6 1.6 1.1 3.6
1999.3945 -28.3724 -41.632 14.4 1.5 1.1 3.7
2000.4301 -33.8191 -67.0554 2.1 2.0 1.5 4.5
2000.4329 -37.6318 -67.6104 -0.9 1.8 1.4 4.4
2003.4329 -84.424 -176.298 -14.9 1.7 1.1 3.9
2003.4356 -77.5413 -175.965 -15.5 2.2 1.5 4.6
2003.7644 -92.6435 -183.514 -5.2 1.3 1.0 3.4
2003.7671 -93.3368 -180.295 11.8 1.4 1.1 3.8
2003.7699 -90.0687 -184.291 0.2 1.4 1.0 3.8
2004.3726 -106.805 -199.834 -14.3 1.3 0.9 3.4
2004.3753 -105.914 -190.508 -10.5 1.3 1.0 3.4
2004.8000 -111.36 -202.387 3.9 1.4 1.0 3.5
2004.8027 -111.707 -206.273 5.6 1.4 1.1 3.5
2004.8055 -108.588 -201.61 -3.5 1.7 1.2 3.7
2004.8082 -110.42 -202.054 -3.8 1.4 1.0 3.6
2004.8110 -112.252 -202.609 3.1 1.5 1.1 3.8
2006.3726 -130.226 -237.247 -3.3 1.3 0.9 3.1
2006.3753 -126.166 -234.916 -18.8 1.3 0.9 3.1
2006.3781 -129.533 -239.912 -4.5 1.5 1.0 3.2
2006.3808 -129.037 -237.469 -5.2 1.4 1.0 3.3
2007.4274 -140.773 -257.342 8.3 1.5 1.1 3.8
2007.4301 -144.09 -254.899 21.6 1.3 0.9 3.0
2007.4329 -147.705 -254.677 14.1 1.4 0.9 3.2
2008.7836 -173.502 -278.99 12.9 1.3 1.0 3.2
2008.7863 -173.799 -277.991 20.5 1.3 0.9 2.9
2008.7890 -170.977 -279.989 21.5 1.3 0.9 3.0
2008.7918 -172.463 -279.767 17.3 1.3 0.9 3.1
2008.7945 -171.819 -277.769 21.8 1.3 0.9 3.1
2008.7973 -173.75 -279.545 4.2 2.5 1.4 5.1
2009.4027 -172.116 -291.535 10 1.3 1.0 3.3
2009.4055 -175.731 -293.534 9.2 1.2 0.9 3.0
2009.4082 -172.908 -293.312 23.5 1.2 0.9 3.0
2009.4110 -172.265 -290.536 14.6 1.2 0.9 3.0
2009.4137 -171.076 -290.647 4.8 1.2 0.9 3.0
2009.4164 -170.482 -291.313 -2.3 1.2 0.9 3.0
2010.4466 -185.584 -312.962 22 1.6 1.2 3.9
2010.4493 -191.031 -313.406 16 1.3 0.9 3.0
2010.4521 -186.327 -312.962 0.4 1.2 0.9 3.1
2010.4548 -183.752 -315.182 -2.1 1.3 0.9 3.1
2010.4575 -189.446 -313.073 5.7 1.9 1.3 4.2
2012.3479 -211.035 -354.816 9.8 1.3 0.9 3.0
2012.3507 -207.817 -352.263 6.3 1.2 0.9 2.9
2012.3534 -214.551 -354.594 5.2 1.2 0.9 2.9
2012.3562 -212.025 -353.817 5.1 1.5 1.2 3.3
2012.3589 -214.056 -354.594 15.9 1.2 0.9 2.9
2013.6904 -232.129 -377.242 5.5 1.2 0.9 2.9
2013.6932 -234.406 -374.355 31.9 1.2 0.9 2.9
2014.4329 -243.121 -386.456 41.9 1.6 1.0 3.5
2014.4356 -245.052 -386.567 38.9 1.5 1.2 3.5
2014.4384 -244.112 -386.567 28.8 1.3 0.9 3.1
2015.4438 -262.878 -407.994 10.9 1.4 1.0 3.2
2015.4466 -260.204 -407.328 9.3 1.2 0.9 3.0
2015.4493 -259.412 -410.659 9.3 1.4 1.0 3.1
2016.3890 -275.158 -430.309 18 1.4 1.0 3.2
2016.3918 -278.129 -429.31 30 1.2 0.9 3.2
2016.3945 -273.722 -429.865 24.9 1.2 0.9 3.2
2017.3890 -280.654 -444.297 21.4 1.2 0.9 3.1
2017.3918 -280.951 -442.632 33.7 1.2 0.9 3.1
2017.3945 -281.248 -442.077 20.7 1.3 0.9 3.2
2018.4356 -290.607 -462.726 0 1.3 1.0 3.4
2018.4384 -290.755 -461.172 22.5 1.2 0.9 3.0
2018.4411 -295.657 -460.173 4.8 1.2 0.9 3.0
2018.4438 -293.528 -463.059 3.8 1.3 0.9 3.1
2019.4329 -309.125 -480.045 33.9 1.3 0.9 3.2
2019.4356 -305.659 -485.485 27.3 1.3 0.9 3.2
2019.4384 -307.64 -481.489 38 1.2 0.9 3.2
2019.4411 -307.392 -479.157 38.4 1.3 0.9 3.2
2021.4493 -342.103 -514.572 41.6 1.3 1.0 3.5
2021.4521 -339.181 -514.572 29.4 1.3 1.0 3.5
2021.4548 -334.329 -517.903 32.8 1.5 1.1 3.7
2021.4575 -340.469 -514.794 29.6 1.4 1.1 3.5
2021.4603 -335.418 -517.903 27.8 2.0 1.8 5.3
