1995.7342 0 0 0 2.0 1.6 4.5
1995.7370 -2.45067 4.10936 -4.3 1.4 1.0 2.9
1995.7397 3.51891 2.88766 -8.2 1.8 1.2 3.4
1995.7425 1.82229 0 -10.8 3.5 1.9 4.9
2002.4274 -96.5816 -68.6375 -1.2 2.0 1.5 4.1
2002.4301 -103.054 -69.9703 10.6 1.7 1.1 3.4
2002.4904 -106.51 -65.3056 11 1.9 1.7 4.1
2002.4932 -106.698 -69.4149 6.7 1.8 1.1 3.5
2002.4986 -99.3465 -74.3018 13.4 1.9 1.7 4.1
2002.5014 -102.237 -72.5247 9.8 1.7 1.1 3.3
2002.5041 -103.745 -66.083 12.1 1.9 1.6 4.2
2002.5068 -102.551 -68.5264 3.7 1.6 1.0 3.1
2006.4712 -163.692 -114.951 8.1 2.0 1.7 4.0
2006.4740 -169.348 -111.397 15.7 1.4 1.0 3.1
2006.5288 -165.075 -114.729 7.9 2.2 1.6 4.1
2006.5315 -167.714 -116.062 11 1.4 1.0 3.0
2006.5342 -172.678 -110.398 19.8 2.1 1.5 4.0
2006.5370 -168.908 -110.509 13.5 1.4 1.0 3.1
2006.5425 -160.927 -113.396 16.6 2.0 1.5 4.0
2006.5452 -167.023 -113.618 25.1 1.4 1.0 3.1
2011.5151 -239.412 -167.373 32 1.6 1.2 3.6
2011.5178 -243.685 -172.038 13.9 1.6 1.2 3.5
2011.5260 -242.114 -164.708 17.9 1.6 1.2 3.5
