1999.4575 0 0 0 1.7 1.1 3.3
1999.4603 -1.38544 -2.55425 -8.1 1.8 1.2 3.3
1999.4630 -9.27644 -7.55169 -8 2.5 2.0 4.7
2002.2740 -1.68663 -72.6295 -6.9 3.1 1.6 5.2
2002.2767 -10.7221 -76.5164 -8.1 2.5 1.3 4.4
2002.2795 -14.6375 -76.9606 -5.7 3.0 1.6 5.2
2002.2822 -8.85479 -77.738 -7.4 1.4 1.0 3.0
2002.2849 -10.0595 -71.4079 -5.3 2.2 1.4 4.5
2002.2877 -9.21621 -76.4053 4.4 1.7 1.1 3.4
2002.4055 -10.7824 -95.2846 -18.2 1.3 0.9 2.7
2002.4082 -14.1556 -95.0625 -9.1 1.4 1.0 2.9
2004.7123 -16.7458 -127.601 -24.6 1.4 0.9 2.9
2006.3808 -25.962 -172.023 -24.6 1.4 0.9 2.6
2015.6301 -59.9355 -391.022 -25.1 1.2 0.8 2.4
2015.6329 -58.9114 -389.689 -23 1.3 0.9 2.6
