1997.5699 0 0 0 19.2 9.8 20.4
1997.5726 55.8888 14.8766 -3.9 1.3 1.0 3.0
1997.5753 216.332 92.5904 8.7 87.5 57.4 81.2
1997.6055 68.1923 8.88157 -2.2 1.5 1.3 3.9
1998.3781 54.245 -3.55263 15.3 1.6 1.4 3.6
1998.3808 49.8117 -2.88651 8.9 3.7 1.9 5.4
1999.3945 38.3052 -28.5321 19.3 1.7 1.2 3.9
1999.3973 34.669 -27.3108 7 1.9 1.3 4.1
2000.4219 24.8561 -51.7352 4.6 1.4 1.2 3.1
2000.4247 22.8636 -53.4005 -5.5 1.3 1.1 3.0
2000.4274 41.2939 -57.3972 -0.8 10.2 7.3 14.9
2001.7753 6.52534 -72.4959 13.8 2.0 1.6 5.1
2001.7781 7.57138 -72.8289 14.9 1.6 1.2 3.7
2001.7808 10.5103 -72.2738 17.9 1.7 1.3 4.0
2001.7836 13.3495 -72.4959 3.7 2.2 1.7 5.3
2002.4329 13.0507 -89.4819 24.9 1.5 1.1 3.7
2002.4356 11.7556 -90.8141 5.9 1.3 1.0 3.4
2002.4384 9.86272 -91.7023 16.3 1.4 1.1 3.6
2003.3644 -80.4459 -145.325 5 1.8 1.2 3.6
2003.3671 -80.9939 -143.215 -5.2 1.6 1.1 3.1
2003.3699 -83.7833 -143.77 -9.5 1.7 1.1 3.2
2003.3726 -83.9826 -145.991 -9.5 1.3 1.0 2.9
2003.3753 -83.7335 -147.212 -5.7 1.4 1.1 3.3
2003.3781 -83.9826 -147.656 -6.6 1.4 1.2 3.4
2003.7616 -91.5041 -156.538 4.5 1.1 0.9 2.8
2003.7644 -93.5464 -155.428 12.3 1.1 0.9 2.8
2003.7671 -97.2823 -155.983 6.3 1.2 1.0 3.0
2003.7699 -93.8453 -156.316 1.5 1.2 1.0 2.9
2004.3753 -105.7 -166.085 3.1 4.2 2.0 6.1
2004.3781 -103.31 -169.86 -0.7 1.1 0.9 2.7
2004.3808 -101.865 -172.081 -4.8 1.1 0.9 2.8
2004.7973 -111.877 -173.746 7.2 1.1 0.9 2.6
2004.8000 -108.789 -176.188 5.4 1.1 0.8 2.5
2004.8027 -111.778 -177.076 13 1.1 0.9 2.6
2004.8055 -110.134 -175.078 7.8 1.3 0.9 2.7
2004.8082 -111.678 -175.189 11.9 1.1 0.9 2.6
2004.8110 -111.03 -176.743 8.7 1.1 0.9 2.6
