2009.6548 0 0 0 1.2 1.0 2.8
2009.6575 1.06901 0.99928 1.1 1.2 0.9 2.7
2009.6603 0.801753 -0.777217 5.4 1.2 0.9 2.7
2009.6630 28.5425 4.10815 0.7 1.3 0.9 2.8
2010.5918 -13.8971 -15.9885 12.7 2.1 1.4 4.1
2011.5425 -20.8456 -20.3187 19.4 1.1 0.8 2.5
2011.5452 -22.6095 -21.651 23.1 1.1 0.8 2.5
2011.5479 -20.2577 -22.7614 23 1.2 0.9 2.6
2012.5288 -29.0235 -33.4203 26.4 1.1 0.8 2.5
2012.5315 -33.6202 -31.1997 24.9 1.1 0.9 2.5
2012.5342 -37.3618 -29.6453 27.6 1.1 0.8 2.4
2012.5370 -38.8584 -28.4239 25 1.1 0.8 2.5
