2006.5096 0 0 0 1.3 0.9 2.8
2006.5123 0.765705 1.55449 -2.8 1.2 0.9 2.7
2006.5151 -3.11751 0.777246 5.1 1.2 0.9 2.7
2006.5178 1.53141 1.55449 -0.4 1.3 0.9 2.7
2006.5205 0.437546 0.333106 0.8 1.2 0.9 2.7
2006.5233 0.16408 1.44346 4.5 1.3 0.9 2.8
2006.5260 -2.95343 0.999316 1.4 1.2 0.9 2.7
2006.5288 -0.711012 2.44277 3.1 1.3 0.9 2.7
2006.5315 -2.57058 1.99863 5.6 1.2 0.9 2.7
2006.5342 -3.50037 4.33037 8.2 1.6 1.0 3.3
2008.5041 -40.7465 5.88486 46.7 1.2 0.9 2.6
2008.5068 -41.1293 2.2207 41.1 1.2 0.9 2.5
2008.5096 -41.3481 6.329 49.2 1.2 0.9 2.5
2008.5123 -42.3326 6.55107 39.5 1.2 0.9 2.6
2008.5151 -42.5513 6.99521 43.3 1.2 0.9 2.5
2008.5178 -40.8012 1.99863 31.6 1.2 0.9 2.5
2008.5205 -40.8558 7.10624 56.2 1.2 0.9 2.5
2008.5233 -41.2387 8.77177 53.5 1.2 0.9 2.5
2008.5260 -42.1685 8.43866 54.6 1.3 0.9 2.6
2008.5288 -41.4575 7.43935 47.7 1.2 0.9 2.6
2008.5315 -43.317 9.10487 50.6 1.3 0.9 2.6
2008.5342 -42.8795 8.43866 59.9 1.1 0.9 2.5
2008.5370 -40.6371 9.54902 59 1.5 1.0 3.1
