2002.6849 0 0 0 1.4 1.0 2.9
2002.6877 -2.05462 -1.66629 12.9 1.4 1.0 3.0
2003.6137 -27.9429 2.77716 24 1.3 0.9 2.9
2003.6164 -24.3815 2.4439 13.6 1.3 0.9 2.8
2003.6192 -24.3815 3.2215 12.2 1.4 1.0 3.3
2004.6548 -33.6958 -3.2215 3.4 1.3 0.9 2.8
2004.6575 -39.7227 -4.11019 6.8 1.3 0.9 2.8
2004.6603 -41.5034 -4.33236 12.1 1.3 0.9 2.8
2005.3945 -65.474 -2.66607 7.7 5.5 2.3 6.7
2005.3973 -58.8307 -4.66562 5.9 1.2 0.9 2.8
2005.4000 -59.1731 -3.55476 11.4 1.2 0.9 2.8
2005.4027 -54.3105 -6.443 11.5 1.2 0.9 2.8
2005.4055 -56.3652 -9.55342 15.2 1.3 1.0 3.1
2012.8630 -174.917 -102.977 -49.1 1.2 0.9 2.7
2012.8658 -174.78 -102.088 -47.6 1.2 0.9 2.7
2012.8685 -177.451 -101.644 -48.7 1.2 0.9 2.7
2012.8712 -175.602 -99.4222 -47.1 1.3 0.9 2.9
2012.8740 -175.122 -103.088 -49.7 1.3 1.0 2.9
2012.8767 -176.766 -100.866 -44.2 1.2 0.9 2.8
2012.8795 -174.164 -101.866 -50.8 1.2 0.9 2.7
2012.8822 -170.191 -102.199 -45.9 1.2 0.9 2.7
2012.8849 -170.328 -104.31 -41.4 1.2 0.9 2.7
2012.8877 -171.356 -104.643 -43.7 1.2 0.9 2.7
2012.8904 -171.356 -104.421 -49.5 1.2 0.9 2.7
2012.8932 -172.999 -103.199 -51.4 1.2 0.9 2.8
2012.8959 -175.602 -103.31 -53.2 1.2 0.9 2.7
2012.8986 -178.821 -102.866 -52.9 1.2 0.9 2.7
2012.9014 -181.081 -102.755 -47.6 1.2 0.9 2.7
2012.9041 -173.479 -103.421 -45 1.2 0.9 2.7
2012.9068 -170.808 -104.088 -45.3 1.2 0.9 2.7
2012.9096 -174.574 -103.088 -44.7 1.2 0.9 2.7
2012.9123 -172.999 -101.755 -44 1.2 0.9 2.8
2012.9151 -173.616 -100.977 -50.1 1.2 0.9 2.7
2012.9178 -174.369 -102.644 -47.2 1.2 0.9 2.7
2012.9205 -180.875 -102.755 -54.9 1.2 0.9 2.7
2012.9233 -178.41 -102.533 -52.4 1.2 0.9 2.7
2012.9260 -178.684 -103.31 -53.9 1.2 0.9 2.7
2012.9288 -179.574 -102.422 -52.8 1.2 0.9 2.7
2012.9315 -178.067 -102.977 -48.5 1.2 0.9 2.7
2012.9342 -179.848 -104.754 -53 1.2 0.9 2.7
2012.9370 -179.848 -103.421 -62.4 1.2 0.9 2.7
2012.9397 -180.396 -102.422 -48.9 1.2 0.9 2.7
2012.9425 -182.314 -102.088 -52.5 1.2 0.9 2.7
2012.9452 -179.3 -104.421 -51.3 1.1 0.9 2.6
2012.9479 -183.546 -105.31 -52.7 1.1 0.9 2.7
2012.9507 -175.876 -104.421 -53.5 1.2 0.9 2.7
2012.9534 -179.779 -103.866 -48.6 1.2 0.9 2.7
2012.9562 -177.245 -105.088 -45.5 1.4 1.0 3.1
