1997.6356 0 0 0 3.2 1.8 5.9
1997.6384 9.01842 -10.7689 9.9 3.2 1.8 5.7
1999.6685 -17.6382 -40.5222 23.5 3.4 2.0 6.1
1999.6712 -12.8052 -44.7409 39.7 3.1 2.0 5.9
2000.4712 -22.7204 -58.6184 22.5 2.5 1.7 5.1
2000.4740 -25.3612 -57.9523 20.7 2.7 1.8 5.2
2002.8493 235.774 -89.1488 9.9 4.7 3.0 7.9
2002.8521 249.975 -89.4819 -1.5 1.5 1.2 3.6
2002.8548 243.995 -84.708 0 1.5 1.1 3.3
2002.8575 244.892 -84.9301 4.1 1.5 1.2 3.5
2002.8603 249.227 -84.8191 3.2 1.6 1.3 3.7
2003.4411 289.735 -98.3635 -26.4 1.7 1.1 3.5
2003.4438 291.38 -104.692 -14.2 1.2 0.9 2.7
2003.6438 280.119 -92.4794 24.9 20.8 10.9 18.3
2003.6493 291.579 -106.135 25.8 2.2 1.8 5.1
2003.7808 293.672 -103.026 -8.1 1.4 1.1 3.2
2003.7836 291.429 -105.802 -10.8 2.2 1.5 4.4
2004.3699 303.686 -114.461 -6.9 2.2 1.5 4.5
2004.4000 307.423 -118.791 -18.5 2.2 1.3 4.2
2004.7863 314.748 -123.454 6.5 6.0 3.7 8.0
2004.7890 305.879 -120.234 7.4 3.6 2.8 5.8
2006.5945 312.506 -151.764 -13.1 1.3 1.0 2.9
2006.5973 309.964 -150.765 -10.9 1.3 0.9 2.7
2006.6000 306.676 -151.986 -15.2 3.3 1.9 5.9
2008.5397 306.277 -186.846 -14.9 1.2 1.0 2.6
2008.5425 308.818 -186.735 -17.4 1.3 1.0 2.6
