1999.5616 0 0 0 2.2 1.1 4.1
1999.5644 -1.32972 0.666274 3.2 2.0 1.1 3.5
1999.5671 0.520328 1.77673 6 2.0 1.1 3.7
1999.5699 0.867211 0.333137 -3.7 2.0 1.1 3.5
2001.6904 -63.4798 35.4236 25.9 2.0 1.0 3.4
2001.6932 -57.525 34.4241 12.2 1.7 1.0 2.9
2001.6959 -56.6 37.2003 17 2.3 1.2 3.7
2003.3671 -122.335 67.1826 39 1.9 1.2 3.7
2003.3699 -118.114 69.9588 36.3 1.8 1.1 3.6
2003.3726 -115.397 66.5163 27.3 1.8 1.1 3.5
2003.3753 -116.495 68.8483 29.2 2.3 1.4 4.5
2007.6356 -252.358 140.695 127.4 1.7 1.0 3.1
2007.6384 -251.665 141.139 121.7 1.7 1.0 3.2
2007.6411 -250.277 141.583 107.6 1.8 1.0 3.2
