2006.3178 0 0 0 1.1 1.0 3.0
2006.3205 -2.15965 -0.221956 -5 1.1 1.0 3.2
2006.3233 -9.50248 -0.55489 -5.3 1.1 0.9 3.0
2006.3260 -13.4231 -0.887825 -6.1 1.0 0.9 3.0
2006.3288 -19.1711 -0.443913 -9.9 1.0 0.9 2.9
2006.3315 -25.4175 0 -7.6 1.0 0.9 3.0
2006.3342 -27.5107 0.221957 -11.4 1.0 0.9 3.0
2006.3370 -32.3948 2.99641 -9 1.0 0.9 2.9
2006.3397 -37.3454 3.99521 -11.6 1.1 1.0 3.1
2006.3425 -40.8009 1.66467 -24.4 1.1 1.0 3.1
2006.3452 -46.6818 0 -30.5 1.3 1.1 3.3
2006.3479 -48.9743 1.99761 -27.3 1.5 1.2 3.4
2006.3507 -57.5133 4.21717 -33 1.1 1.0 3.1
2006.3534 -60.271 4.21717 -35.7 1.1 1.0 3.2
2006.3562 -68.4112 4.32815 -36.6 1.0 0.9 3.0
2006.3589 -70.6041 3.32935 -45.2 1.6 1.3 3.6
2006.3616 -75.7208 0.332936 -45.4 1.8 1.5 3.6
2006.3644 -77.4153 4.66108 -36.4 1.4 1.2 3.4
2006.3671 -83.7946 6.43673 -34.9 1.2 1.0 3.1
2006.3699 -89.7087 6.32576 -42 1.1 1.0 3.1
2006.3726 -94.8587 5.21597 -50.8 1.0 0.9 3.0
2006.3753 -99.7761 4.66108 -55.3 1.2 1.1 3.2
2006.3781 -102.899 5.54891 -48.9 1.1 1.0 3.2
2006.3808 -107.119 7.21358 -47.2 1.2 1.0 3.2
2006.3836 -108.98 8.21238 -52.7 1.1 1.0 3.3
2006.3863 -114.794 8.21238 -59.5 1.2 1.1 3.4
2006.3890 -122.436 7.1026 -63.8 1.2 1.0 3.3
2006.3918 -130.177 7.54651 -57.4 1.1 0.9 3.1
2006.3945 -133.566 8.87825 -58.4 1.1 1.0 3.2
2006.3973 -136.523 8.21238 -61 1.1 0.9 3.1
2006.4000 -140.843 7.99043 -69.3 1.1 1.0 3.2
2006.4027 -147.853 11.6527 -63.9 1.0 0.9 3.0
2006.4055 -151.276 9.32217 -74.4 1.1 0.9 3.1
2006.4082 -155.296 10.21 -73.4 1.0 0.9 3.1
2006.4110 -158.253 11.8747 -72 1.1 0.9 3.1
2006.4137 -163.768 12.9844 -71.6 1.2 1.0 3.2
2006.4164 -167.423 14.3162 -72.1 1.2 1.2 3.4
2006.4192 -176.427 12.8735 -77 1.2 1.1 3.3
2006.4219 -178.454 12.4296 -79.4 1.1 1.0 3.2
2006.4247 -184.169 12.3186 -80.8 1.0 0.9 3.1
2006.4274 -188.588 13.6503 -77.9 1.1 1.0 3.2
2006.4301 -192.442 13.4284 -76.9 1.2 1.0 3.4
2006.4329 -199.087 15.426 -76.2 1.4 1.2 4.0
2006.4356 -202.775 14.7601 -86.3 1.3 1.1 3.6
2006.4384 -207.726 12.9844 -89.5 1.5 1.4 3.6
2006.4411 -207.559 15.204 -105.5 1.2 1.1 3.3
2006.4438 -214.969 19.4212 -97.6 1.2 1.0 3.4
2006.4466 -220.484 16.7577 -96.7 1.1 1.0 3.1
2006.4493 -226.332 17.8675 -92.5 1.0 0.9 3.0
2006.4521 -230.518 16.4248 -92.8 1.1 1.1 3.2
2006.4548 -231.88 16.2028 -101.1 1.4 1.3 3.7
2006.4575 -237.828 17.9785 -103.6 1.3 1.1 3.4
2006.4603 -240.154 19.3102 -101.6 1.3 1.2 3.5
2006.4630 -247.131 18.6443 -106.9 1.1 1.0 3.3
2006.4658 -251.55 18.9773 -105.3 1.1 0.9 3.2
2006.4685 -257.364 19.4212 -114.9 1.1 0.9 3.2
2006.4712 -262.747 19.4212 -113.1 1.1 0.9 3.2
2006.4740 -265.638 21.9737 -108.3 1.2 1.0 3.3
2006.4767 -270.455 20.7529 -114.7 1.0 0.9 3.1
2006.4795 -275.107 20.309 -122.4 1.0 0.9 3.1
2006.4822 -279.692 19.7541 -119.7 1.1 0.9 3.2
2006.4849 -283.513 20.9749 -113.4 1.1 0.9 3.2
2006.4877 -288.397 20.7529 -120.2 1.1 1.0 3.2
2006.4904 -294.245 21.8627 -123.5 1.3 1.1 3.4
2006.4932 -294.178 22.9725 -131.9 1.4 1.2 3.3
2006.4959 -301.156 20.8639 -134.3 1.2 1.1 3.2
2006.4986 -305.109 21.1968 -137.2 1.1 0.9 3.0
2006.5014 -311.356 22.1956 -137.5 1.1 1.0 3.0
2006.5041 -318.599 23.3054 -130 1.0 0.9 3.0
2006.5068 -321.656 23.4164 -134.9 1.1 1.0 3.1
2006.5096 -325.211 22.0847 -143.5 1.2 1.1 3.2
2006.5123 -332.155 23.3054 -145.3 1.2 1.0 3.2
2006.5151 -333.982 21.6407 -149.1 1.3 1.3 3.5
2006.5178 -340.362 23.4164 -141.1 1.1 1.0 3.1
2006.5205 -344.614 24.7481 -143 1.0 0.9 3.0
2006.5233 -347.04 25.303 -148.9 1.1 1.0 3.0
2006.5260 -353.054 24.3042 -148.5 1.1 1.0 3.2
2006.5288 -356.144 25.636 -150.2 1.2 1.1 3.2
2006.5315 -362.49 25.636 -152.2 1.1 1.0 3.1
2006.5342 -364.583 25.8579 -153.3 1.1 1.1 3.1
2006.5370 -369.434 24.8591 -157 1.2 1.0 3.2
2006.5397 -376.345 23.8603 -166.4 1.0 0.9 3.0
2006.5425 -377.641 25.9689 -168.3 1.1 1.0 3.2
2006.5452 -383.389 27.5226 -169.8 1.0 0.9 2.9
2006.5479 -390.299 25.7469 -168.8 1.0 0.9 2.9
2006.5507 -396.28 26.5238 -171 1.0 0.9 2.9
2006.5534 -399.137 28.1884 -176.4 1.0 0.9 2.9
2006.5562 -405.816 28.2994 -181.4 1.0 0.9 2.9
2006.5589 -409.471 28.7433 -177.7 1.0 0.9 2.9
2006.5616 -414.454 29.4092 -178 1.0 0.9 3.0
2006.5644 -417.445 29.4092 -184.7 1.1 1.0 3.0
2006.5671 -421.864 31.1849 -188.8 1.0 0.9 2.9
2006.5699 -428.177 30.519 -191 1.0 1.0 3.0
2006.5726 -430.835 32.2946 -190.1 1.3 1.1 3.3
2006.5753 -435.254 30.297 -186.9 1.1 0.9 2.9
2006.5781 -438.709 29.7421 -195.1 1.0 0.9 2.9
2006.5808 -443.826 34.0703 -201.2 1.1 1.1 3.1
2006.5836 -449.208 34.1813 -197.4 1.3 1.1 3.3
2006.5863 -451.401 34.7362 -199.1 1.3 1.1 3.2
2006.5890 -459.442 34.5142 -201.9 1.1 1.0 3.1
2006.5918 -464.525 34.1813 -201.3 1.1 0.9 3.1
2006.5945 -469.443 35.8459 -212.7 1.1 0.9 3.0
2006.5973 -473.562 34.5142 -211.1 1.1 0.9 3.0
2006.6000 -474.493 38.5094 -205.6 1.6 1.4 3.8
2006.6027 -482.268 34.9581 -210 1.7 1.4 3.8
2006.6055 -489.145 35.735 -216.1 1.6 1.3 3.4
2006.6082 -493.764 33.8483 -224.5 1.0 0.9 2.9
2006.6110 -494.661 34.2922 -227.9 1.2 1.1 3.1
2006.6137 -501.97 34.6252 -231.3 1.2 1.1 3.3
2006.6164 -505.06 35.624 -223.5 1.0 0.9 2.9
2006.6192 -510.908 33.8483 -230 1.1 0.9 3.0
2006.6219 -514.729 34.5142 -237.5 1.1 0.9 3.0
2006.6247 -520.344 35.513 -238.9 1.0 0.9 2.9
2006.6274 -524.896 36.9557 -230.2 1.1 0.9 3.0
2006.6301 -529.414 36.9557 -231 1.1 0.9 3.1
2006.6329 -535.827 37.8435 -233.6 1.1 1.0 3.1
2006.6356 -540.545 34.7362 -231.9 1.5 1.2 3.5
2006.6384 -542.04 36.4008 -242 1.4 1.3 3.7
2006.6411 -547.556 37.1777 -243.8 1.2 1.1 3.3
2006.6438 -551.476 37.3996 -243.8 1.1 1.0 3.0
2006.6466 -555.995 37.5106 -248.4 1.1 1.0 3.1
2006.6493 -561.843 36.4008 -249.2 1.1 0.9 3.0
2006.6521 -565.663 37.3996 -250.6 1.1 0.9 3.1
2006.6548 -569.883 38.6204 -250.4 1.2 1.0 3.3
2006.6575 -576.096 37.9545 -256.3 1.3 1.1 3.6
2006.6603 -580.349 38.6204 -265.5 1.3 1.1 3.4
2006.6630 -582.642 39.1753 -265.4 1.2 1.0 3.3
2006.6658 -586.529 40.396 -267.6 1.2 1.0 3.4
2006.6685 -592.144 40.396 -264.2 1.2 1.0 3.4
2006.6712 -597.427 40.0631 -265.5 1.3 1.0 3.4
2006.6740 -604.471 40.1741 -273.6 1.2 1.0 3.3
2006.6767 -604.139 41.5058 -266.8 1.7 1.4 3.9
2006.6795 -613.541 42.6156 -270.5 1.4 1.2 3.7
2006.6822 -613.309 40.84 -271 1.5 1.4 3.9
2006.6849 -619.223 41.8388 -271.1 1.4 1.3 3.5
2006.6877 -623.31 40.9509 -277 1.1 1.0 3.2
2006.6904 -627.23 38.6204 -281.6 1.0 0.9 3.0
2006.6932 -634.241 39.2863 -276.6 1.1 0.9 3.1
2006.6959 -637.231 39.7302 -278.3 1.2 0.9 3.1
2006.6986 -643.178 42.1717 -281.7 1.0 0.9 3.1
2006.7014 -646.435 42.0607 -293.8 1.2 1.0 3.2
2006.7041 -653.578 42.2827 -292.6 1.1 0.9 3.2
2006.7068 -658.628 43.0595 -290.1 1.0 0.9 3.0
2006.7096 -661.054 43.9473 -297.1 1.0 0.9 3.0
2006.7123 -666.237 43.8364 -299.4 1.1 1.0 3.1
2006.7151 -669.526 43.8364 -301.1 1.5 1.3 3.7
2006.7178 -673.978 43.3925 -300.4 1.2 1.1 3.2
2006.7205 -681.022 43.5034 -302.8 1.0 0.9 2.9
2006.7233 -684.644 44.6132 -308.6 1.1 0.9 3.0
2006.7260 -689.727 44.6132 -309.1 1.1 0.9 3.1
2006.7288 -692.053 46.6108 -308.6 1.1 1.0 3.1
2006.7315 -695.675 47.3877 -310.4 1.3 1.2 3.4
2006.7342 -702.818 47.4986 -318.7 1.2 1.1 3.2
2006.7370 -708.4 46.4998 -315.5 1.4 1.1 3.2
2006.7397 -713.052 46.4998 -318.2 1.0 0.9 3.0
2006.7425 -717.105 48.8304 -321.7 1.0 0.9 2.9
2006.7452 -722.056 49.6072 -322.8 1.0 0.9 3.0
2006.7479 -726.641 47.6096 -327.2 1.2 1.0 3.3
2006.7507 -730.728 47.0547 -321.8 1.3 1.2 3.5
2006.7534 -736.077 48.1645 -322.6 1.1 1.0 3.3
2006.7562 -743.22 50.828 -323.1 1.2 1.1 3.2
2006.7589 -744.715 50.3841 -326.6 1.1 1.0 3.1
2006.7616 -749.168 48.6084 -329.9 1.0 1.0 3.1
2006.7644 -756.643 49.4963 -334.7 1.1 0.9 3.0
2006.7671 -757.275 49.4963 -333.8 1.1 1.0 3.1
2006.7699 -763.023 51.6048 -334.9 1.1 1.0 3.2
2006.7726 -768.206 52.6036 -333.8 1.0 0.9 3.0
2006.7753 -772.558 51.0499 -347.4 1.0 0.9 3.0
2006.7781 -778.738 50.717 -352.8 1.0 0.9 3.0
2006.7808 -781.197 52.2707 -349.1 1.1 1.0 3.1
2006.7836 -786.181 53.2695 -349.6 1.2 1.0 3.1
2006.7863 -790.7 51.9378 -353.8 1.4 1.4 3.7
2006.7890 -794.786 54.3793 -357.8 1.3 1.2 3.2
2006.7918 -801.066 52.8256 -358.5 1.4 1.2 3.6
2006.7945 -805.983 53.7134 -362.6 1.0 0.9 2.9
2006.7973 -809.771 54.4903 -363.3 1.1 0.9 3.0
2006.8000 -813.924 52.0488 -364.9 1.1 0.9 3.0
2006.8027 -815.353 52.8256 -363.3 1.4 1.1 3.3
2006.8055 -825.719 52.8256 -356.4 1.4 1.3 3.5
2006.8082 -828.743 54.2683 -366.7 1.5 1.3 3.4
2006.8110 -832.231 52.2707 -369.9 1.1 1.0 3.1
2006.8137 -837.282 53.3805 -375 1.2 1.0 3.1
2006.8164 -843.03 55.4891 -377.4 1.2 0.9 3.2
2006.8192 -847.98 56.3769 -377.8 1.2 1.0 3.1
2006.8219 -848.279 54.9342 -375.4 1.1 0.9 3.1
2006.8247 -854.027 54.8232 -378.3 1.2 1.1 3.3
2006.8274 -858.513 56.044 -382.6 1.4 1.4 3.6
2006.8301 -868.082 55.711 -388.6 1.2 1.2 3.3
2006.8329 -870.374 56.8208 -384.2 1.1 1.1 3.1
2006.8356 -875.491 56.3769 -394.1 1.2 1.0 3.2
2006.8384 -882.535 55.4891 -397.5 1.2 1.1 3.1
2006.8411 -884.794 55.0452 -390.8 1.2 1.1 3.2
2006.8438 -893.865 59.5953 -389.1 1.2 1.0 3.2
2006.8466 -896.921 58.2635 -385.6 1.3 1.1 3.3
2006.8493 -897.619 58.9294 -392.7 1.0 0.9 2.9
2006.8521 -904.929 57.1537 -400.4 1.0 0.9 3.0
2006.8548 -907.421 56.5989 -403.2 1.1 0.9 3.1
2006.8575 -913.966 59.9282 -403.6 1.2 1.1 3.2
2006.8603 -916.724 57.5977 -396.4 1.6 1.4 4.1
2006.8630 -923.767 58.4855 -401.1 1.4 1.3 3.7
2006.8658 -926.725 59.4843 -394.4 1.3 1.2 3.3
2006.8685 -931.974 58.4855 -409.7 1.1 1.0 3.1
2006.8712 -939.417 61.149 -410.1 1.1 1.0 3.1
2006.8740 -943.503 61.2599 -414.6 1.1 1.0 3.0
2006.8767 -945.796 60.927 -421.6 1.1 1.0 3.1
2006.8795 -946.892 61.3709 -415.1 1.3 1.1 3.3
2006.8822 -955.631 63.0356 -413.5 1.2 1.0 3.0
2006.8849 -959.518 63.9234 -421.6 1.4 1.1 3.2
2006.8877 -965.698 63.9234 -423.8 1.0 0.9 3.0
2006.8904 -969.752 63.5905 -425.1 1.0 0.9 3.0
2006.8932 -973.772 65.3661 -424.1 1.0 0.9 2.9
2006.8959 -977.493 64.8112 -427.5 1.3 1.2 3.6
2006.8986 -982.211 64.8112 -425.4 1.6 1.4 4.1
2006.9014 -987.427 63.0356 -434.2 1.2 1.1 3.3
2006.9041 -993.109 63.8124 -433.3 1.4 1.2 3.5
2006.9068 -996.598 64.9222 -438.2 1.2 1.1 3.2
2006.9096 -1000.72 65.921 -434.2 1.2 1.1 3.3
2006.9123 -1006.43 66.3649 -438.8 1.1 1.0 3.2
2006.9151 -1011.75 66.4759 -443.6 1.2 1.0 3.4
2006.9178 -1015.1 67.9186 -442.6 1.1 0.9 3.0
2006.9205 -1021.32 69.1394 -440.5 1.0 0.9 2.9
2006.9233 -1024.67 70.4711 -444.4 1.0 0.9 3.0
2006.9260 -1030.69 69.6943 -440.2 1.0 0.9 3.0
2006.9288 -1033.58 70.2492 -446.7 1.1 0.9 3.0
2006.9315 -1037.9 69.9162 -439.9 1.5 1.4 3.5
2006.9342 -1041.78 67.8076 -446.8 1.5 1.5 3.9
2006.9370 -1046.8 70.915 -456.7 1.6 1.4 4.1
2006.9397 -1050.82 71.026 -448.7 1.2 1.0 3.2
2006.9425 -1053.01 68.3625 -445.9 1.3 1.2 3.5
2006.9452 -1060.99 69.5833 -456.8 1.2 1.2 3.5
2006.9479 -1064.41 70.3601 -451.1 1.5 1.4 3.7
2006.9507 -1070.42 70.915 -456.6 1.2 1.0 3.2
2006.9534 -1071.62 72.9126 -453.8 1.4 1.3 3.6
2006.9562 -1078 73.4675 -469.8 1.2 1.1 3.7
2006.9589 -1084.31 73.2456 -475 1.2 1.0 3.3
2006.9616 -1091.76 72.4687 -473.5 1.0 0.9 3.1
2006.9644 -1093.88 73.4675 -469 1.2 1.0 3.2
2006.9671 -1097.87 71.359 -469.9 1.5 1.3 3.7
2006.9699 -1098.43 70.3601 -472.6 1.7 1.4 3.9
2006.9726 -1105.84 74.2444 -467.4 1.4 1.3 3.7
2006.9753 -1108.17 74.3554 -468.9 1.5 1.4 3.7
2006.9781 -1115.08 75.3542 -485 1.3 1.1 3.5
2006.9808 -1119.2 77.6847 -482.6 1.2 1.1 3.3
2006.9836 -1122.52 76.353 -481.5 1.3 1.0 3.3
2006.9863 -1127.87 74.1334 -484.7 1.1 1.0 3.1
2006.9890 -1133.42 77.3518 -485.7 1.1 0.9 3.1
2006.9918 -1139.57 77.0188 -484.9 1.0 0.9 3.1
2006.9945 -1144.75 78.4616 -485.2 1.1 0.9 3.1
2006.9973 -1148.6 77.7957 -490.5 1.1 0.9 3.1
2007.0000 -1152.43 79.0164 -484.9 1.1 0.9 3.1
2007.0027 -1156.45 80.2372 -491.4 1.2 1.0 3.4
2007.0055 -1160.2 79.5713 -491.6 1.3 1.1 3.5
2007.0082 -1167.81 81.347 -494.5 1.4 1.2 3.7
2007.0110 -1172.69 78.6835 -497.6 1.4 1.2 3.6
2007.0137 -1174.95 78.0176 -496.4 1.3 1.1 3.4
2007.0164 -1181.83 81.347 -503.2 1.1 0.9 3.2
2007.0192 -1188.01 80.4592 -505.6 1.0 0.9 3.1
2007.0219 -1193.16 80.9031 -503.9 1.1 0.9 3.1
2007.0247 -1197.05 82.2348 -506.4 1.1 1.0 3.1
2007.0274 -1198.74 82.5677 -509 1.3 1.1 3.3
2007.0301 -1207.08 83.0117 -503 1.2 1.1 3.3
2007.0329 -1211.57 82.5677 -513.2 1.0 0.9 3.0
2007.0356 -1215.19 84.4544 -521.4 1.0 0.9 3.0
2007.0384 -1221.87 82.0129 -520.9 1.0 0.9 3.0
2007.0411 -1224.99 85.4532 -520.7 1.3 1.1 3.4
2007.0438 -1227.88 82.3458 -518.4 1.2 1.0 3.4
2007.0466 -1233.59 82.7897 -525.5 1.6 1.3 3.8
2007.0493 -1238.48 85.2312 -530.7 1.3 1.1 3.5
2007.0521 -1241.4 84.8983 -533.3 1.5 1.2 3.5
2007.0548 -1247.02 83.7885 -537.8 1.5 1.1 3.4
2007.0575 -1249.91 85.3422 -538.8 1.2 1.0 3.2
2007.0603 -1257.68 85.7861 -543.6 1.0 0.9 3.0
2007.0630 -1264.13 84.2324 -540.1 1.0 0.9 3.0
2007.0658 -1269.11 86.7849 -542.5 1.0 0.9 3.0
2007.0685 -1273.86 87.5618 -543.2 1.1 0.9 3.1
2007.0712 -1277.95 88.5606 -539.8 1.0 0.9 2.9
2007.0740 -1283.23 87.2288 -545.7 1.0 0.9 3.0
2007.0767 -1288.55 87.4508 -544.7 1.1 0.9 3.1
2007.0795 -1291.51 88.3386 -544.2 1.3 1.1 3.5
2007.0822 -1297.22 87.7837 -545.4 1.5 1.2 3.9
2007.0849 -1302.27 89.0045 -549.3 1.5 1.1 3.4
2007.0877 -1308.15 89.6703 -555.3 1.3 1.0 3.3
2007.0904 -1307.09 88.8935 -560 1.1 0.9 3.1
2007.0932 -1314.37 88.8935 -565.3 1.0 0.9 3.1
2007.0959 -1318.72 88.3386 -572.1 1.0 0.9 3.0
2007.0986 -1322.81 89.8923 -569.5 1.1 0.9 3.1
2007.1014 -1329.38 89.5594 -573.3 1.2 1.0 3.2
2007.1041 -1335.23 90.7801 -580.2 1.3 1.1 3.5
2007.1068 -1337.36 92.6668 -566.1 1.3 1.0 3.4
2007.1096 -1343.34 90.8911 -578.8 1.1 0.9 3.2
2007.1123 -1346.23 91.7789 -577.2 1.1 1.0 3.2
2007.1151 -1351.98 91.7789 -586 1.0 0.9 3.0
2007.1178 -1355.7 92.0009 -591 1.1 1.0 3.1
2007.1205 -1363.97 91.8899 -586.1 1.4 1.1 3.4
2007.1233 -1363.44 94.3314 -590.4 1.5 1.2 3.6
2007.1260 -1367.06 98.2157 -585.7 1.4 1.2 3.5
2007.1288 -1373.44 97.7718 -592.3 1.1 0.9 3.1
2007.1315 -1377.79 96.7729 -591.9 1.2 1.1 3.4
2007.1342 -1382.08 96.551 -592.3 1.1 0.9 3.1
2007.1370 -1385.5 95.1083 -596 1.0 0.9 3.1
2007.1397 -1390.78 95.4412 -597.6 1.0 0.9 3.0
2007.1425 -1396.17 98.5486 -598.2 1.0 0.8 3.1
2007.1452 -1403.81 97.7718 -604.5 1.0 0.9 3.0
2007.1479 -1406.77 99.5474 -603.9 1.0 0.9 3.0
2007.1507 -1410.49 97.8827 -604.7 1.0 0.9 3.1
2007.1534 -1414.57 97.7718 -604.8 1.0 0.9 3.1
2007.1562 -1418.23 97.6608 -607.6 1.1 0.9 3.1
2007.1589 -1424.87 97.2169 -600.4 1.1 0.9 3.1
2007.1616 -1428.86 98.6596 -603.8 1.8 1.4 4.1
2007.1644 -1432.28 101.767 -608 1.3 1.1 3.5
2007.1671 -1437.43 100.546 -612.7 1.0 0.9 3.1
2007.1699 -1443.08 100.768 -613.2 1.0 0.9 3.1
2007.1726 -1446.64 101.323 -612.5 1.0 0.9 3.1
2007.1753 -1450.56 101.767 -613 1.2 1.0 3.5
2007.1781 -1453.61 102.433 -620 1.3 1.0 3.4
2007.1808 -1460.06 101.212 -616.7 1.5 1.2 3.8
2007.1836 -1464.84 103.543 -620.6 1.1 0.9 3.2
2007.1863 -1469.99 102.877 -626.9 1.1 0.9 3.2
2007.1890 -1471.75 103.543 -627.5 1.3 1.1 3.6
2007.1918 -1478.17 102.655 -625.8 1.2 0.9 3.3
2007.1945 -1480.46 103.765 -628.2 1.3 1.0 3.3
2007.1973 -1486.64 105.54 -632.5 1.4 1.1 3.5
2007.2000 -1490.96 105.318 -630.6 1.3 1.1 3.5
2007.2027 -1494.95 105.207 -637.5 1.3 1.0 3.3
2007.2055 -1500.83 105.762 -635.7 1.3 1.0 3.4
2007.2082 -1506.48 104.985 -638.6 1.0 0.9 3.1
2007.2110 -1510.43 106.317 -645.9 1.1 0.9 3.1
2007.2137 -1514.62 107.094 -649.4 1.0 0.8 3.0
2007.2164 -1521.99 107.76 -642.4 1.0 0.9 3.1
2007.2192 -1528.54 107.76 -642.7 1.0 0.9 3.1
2007.2219 -1529.77 108.981 -646.8 1.0 0.9 3.0
2007.2247 -1534.12 108.093 -648.3 1.0 0.9 3.1
2007.2274 -1538.24 108.315 -648.8 1.1 0.9 3.1
2007.2301 -1543.82 109.535 -653.9 1.2 0.9 3.1
2007.2329 -1549.3 108.204 -656.1 1.0 0.9 3.0
2007.2356 -1553.82 108.093 -659.2 1.1 0.9 3.2
2007.2384 -1558.77 107.76 -663.2 1.1 0.9 3.1
2007.2411 -1563.09 109.092 -659.5 1.0 0.8 3.0
2007.2438 -1567.78 107.76 -666.3 1.0 0.9 3.0
2007.2466 -1573.52 110.201 -665.3 1.0 0.9 3.0
2007.2493 -1577.05 108.315 -665.7 1.3 1.1 3.3
2007.2521 -1582.43 110.201 -669.1 1.7 1.4 4.0
2007.2548 -1587.18 109.424 -668.9 1.2 1.0 3.2
2007.2575 -1591.93 110.756 -675.9 1.2 1.0 3.2
2007.2603 -1594.12 109.868 -686.4 1.1 1.0 3.2
2007.2630 -1598.01 110.201 -682.7 1.1 1.0 3.1
2007.2658 -1604.52 111.2 -683.4 1.0 0.9 3.0
2007.2685 -1608.71 111.866 -686.7 1.0 0.9 3.0
2007.2712 -1614.92 110.645 -686.1 1.0 0.9 3.0
2007.2740 -1615.12 111.2 -684.7 1.1 1.0 3.3
2007.2767 -1621.4 111.977 -683.2 1.0 0.9 3.0
2007.2795 -1626.32 112.976 -681.9 1.2 1.0 3.2
2007.2822 -1630.41 111.644 -685.4 1.0 0.9 3.0
2007.2849 -1635.56 111.866 -692.6 1.0 0.9 3.0
2007.2877 -1639.41 112.421 -692.8 1.1 1.0 3.2
2007.2904 -1644.59 112.31 -695.3 1.0 0.9 3.0
2007.2932 -1648.55 111.644 -697.7 1.2 1.0 3.2
2007.2959 -1652.73 113.309 -700.4 1.1 1.0 3.2
2007.2986 -1659.94 115.528 -703.8 1.1 0.9 3.1
2007.3014 -1664.79 116.86 -706.8 1.0 0.9 3.1
2007.3041 -1668.55 116.305 -705.5 1.0 0.9 3.0
2007.3068 -1671.87 117.97 -705.5 1.2 1.0 3.1
2007.3096 -1676.82 116.305 -707.8 1.1 1.0 3.2
2007.3123 -1680.98 116.638 -711.5 1.0 0.9 3.1
2007.3151 -1688.29 117.415 -711.5 1.1 0.9 3.1
2007.3178 -1691.14 118.081 -713.2 1.1 1.0 3.3
2007.3205 -1695.33 118.414 -716.1 1.2 1.0 3.2
2007.3233 -1700.88 118.969 -725.1 1.4 1.2 3.6
2007.3260 -1704.5 119.523 -717.2 1.5 1.2 3.6
2007.3288 -1710.81 119.967 -726.8 1.2 1.1 3.3
2007.3315 -1716.1 120.3 -728.6 1.1 0.9 3.1
2007.3342 -1721.64 121.743 -728.6 1.0 0.9 3.1
2007.3370 -1728.16 121.965 -731.9 1.1 1.0 3.2
2007.3397 -1729.75 122.52 -730.9 1.0 0.9 3.1
2007.3425 -1733.94 123.63 -737.5 1.0 0.9 3.0
2007.3452 -1738.49 122.298 -733.9 1.0 0.8 3.0
2007.3479 -1742.41 122.964 -737.9 1.1 0.9 3.1
2007.3507 -1746.83 123.408 -732.2 1.4 1.1 3.4
2007.3534 -1754.2 124.85 -737.1 1.1 0.9 3.1
2007.3562 -1755.37 126.071 -740.6 1.1 1.0 3.2
2007.3589 -1761.51 125.738 -746.5 1.1 0.9 3.2
2007.3616 -1766.3 126.959 -748 1.0 0.9 3.0
2007.3644 -1771.91 126.182 -752.8 1.0 0.8 3.0
2007.3671 -1776.07 128.069 -753 1.1 0.9 3.2
2007.3699 -1780.55 130.066 -751.2 1.1 0.9 3.2
2007.3726 -1784.87 129.401 -753.6 1.0 0.8 3.0
2007.3753 -1787.73 128.846 -752.7 1.1 1.0 3.1
2007.3781 -1792.28 127.958 -755.5 1.3 1.1 3.3
2007.3808 -1798.83 130.066 -751.9 1.2 1.0 3.2
2007.3836 -1802.88 129.844 -754.6 1.2 1.0 3.4
2007.3863 -1809.26 131.509 -762 1.0 0.9 3.1
2007.3890 -1811.35 130.399 -759.5 1.3 1.0 3.2
2007.3918 -1816.1 130.066 -763.8 1.2 1.0 3.3
2007.3945 -1822.22 130.954 -763.7 1.4 1.3 3.7
2007.3973 -1826.57 131.842 -767.9 1.3 1.1 3.5
2007.4000 -1832.32 132.508 -770.5 1.4 1.2 3.7
2007.4027 -1834.81 133.507 -777.3 1.3 1.1 3.5
2007.4055 -1839.89 132.619 -775.6 1.0 0.9 3.1
2007.4082 -1844.01 132.73 -782.4 1.0 0.8 3.0
2007.4110 -1849.73 133.84 -781.4 1.0 0.9 3.0
2007.4137 -1856.14 133.396 -783.1 1.0 0.9 3.0
2007.4164 -1859.73 133.174 -785.1 1.0 0.8 3.0
2007.4192 -1863.15 134.727 -789.7 1.0 0.9 3.1
2007.4219 -1869.23 134.284 -788.8 1.0 0.9 3.0
2007.4247 -1873.12 134.395 -790.3 1.1 0.9 3.1
2007.4274 -1878.14 134.838 -796.7 1.1 0.9 3.1
2007.4301 -1882.02 134.284 -797.8 1.0 0.8 2.9
2007.4329 -1886.44 135.06 -801.5 1.0 0.8 2.9
2007.4356 -1889.7 134.173 -803.3 1.1 0.9 3.1
2007.4384 -1895.88 136.725 -803.8 1.2 1.0 3.3
2007.4411 -1902.06 136.392 -803.4 1.1 0.9 3.1
2007.4438 -1907.81 135.726 -809.3 1.1 0.9 3.1
2007.4466 -1911.79 138.501 -807.9 1.1 0.9 3.1
2007.4493 -1914.75 138.723 -808.2 1.1 0.9 3.1
2007.4521 -1919.47 137.502 -809 1.2 1.0 3.4
2007.4548 -1923.16 137.946 -805.7 1.2 0.9 3.1
2007.4575 -1928.27 137.613 -813.4 1.1 1.0 3.1
2007.4603 -1934.35 138.168 -815.6 1.1 0.9 3.0
2007.4630 -1938.01 139.943 -822.3 1.1 1.0 3.2
2007.4658 -1943.62 139.167 -822.6 1.0 0.9 3.0
2007.4685 -1948.08 139.389 -816.9 1.0 0.8 3.0
2007.4712 -1950.67 139.721 -820.6 1.1 1.0 3.2
2007.4740 -1955.35 136.059 -826.4 1.3 1.1 3.4
2007.4767 -1961.47 140.609 -833.1 1.2 0.9 3.2
2007.4795 -1964.89 141.053 -831.5 1.2 1.0 3.5
2007.4822 -1971.43 141.497 -830.4 1.0 0.9 3.0
2007.4849 -1976.95 141.608 -837.1 1.0 0.9 3.0
2007.4877 -1980.27 144.05 -841.5 1.0 0.9 3.0
2007.4904 -1984.56 143.939 -837.1 1.1 0.9 3.1
2007.4932 -1989.81 145.048 -841.7 1.0 0.9 3.0
2007.4959 -1993.26 145.048 -840.4 1.0 0.8 3.0
2007.4986 -1999.18 146.158 -846.1 1.0 0.9 3.0
2007.5014 -2004.89 146.491 -848.3 1.0 0.8 3.0
2007.5041 -2008.28 146.824 -853.7 1.0 0.9 3.1
2007.5068 -2011.97 148.045 -856.2 1.2 1.0 3.4
2007.5096 -2016.39 145.714 -853.5 1.1 0.9 3.0
2007.5123 -2020.47 147.379 -860.9 1.1 1.0 3.2
2007.5151 -2024.63 147.712 -859.2 1.1 0.9 3.2
2007.5178 -2029.81 148.711 -863 1.0 0.9 3.1
2007.5205 -2036.95 149.71 -866.6 1.0 0.8 3.0
2007.5233 -2039.78 148.6 -866.1 1.0 0.8 3.0
2007.5260 -2043.96 150.264 -865.6 1.2 1.0 3.2
2007.5288 -2048.18 150.264 -872.4 1.1 1.0 3.2
2007.5315 -2053.3 149.155 -873.8 1.0 0.8 3.0
2007.5342 -2056.72 153.483 -871.1 1.3 1.0 3.3
2007.5370 -2061.91 148.711 -871.1 1.3 1.1 3.5
2007.5397 -2067.42 150.375 -878.8 1.0 0.9 3.1
2007.5425 -2072.27 151.152 -881 1.0 0.8 3.0
2007.5452 -2076.19 150.708 -884.2 1.0 0.9 3.0
2007.5479 -2082.51 151.818 -887.8 1.0 0.8 3.0
2007.5507 -2083.87 150.153 -883.7 1.2 1.0 3.2
2007.5534 -2089.65 152.817 -881.7 1.2 0.9 3.1
2007.5562 -2095.63 150.375 -890.9 1.0 0.8 3.0
2007.5589 -2099.55 150.597 -893.9 1.0 0.8 3.0
2007.5616 -2105.2 153.261 -896.4 1.0 0.8 3.0
2007.5644 -2109.85 153.372 -897.6 1.0 0.8 3.0
2007.5671 -2114.7 153.705 -893.8 1.1 0.9 3.0
2007.5699 -2117.16 151.707 -896.7 1.1 0.9 3.2
2007.5726 -2122.21 152.928 -904.2 1.0 0.9 3.0
2007.5753 -2128.85 154.482 -902.1 1.3 1.1 3.3
2007.5781 -2134.37 154.149 -902.4 1.1 1.0 3.2
2007.5808 -2137.26 155.924 -905.1 1.1 0.8 3.0
2007.5836 -2137.53 158.033 -902 1.7 1.3 3.7
2007.5863 -2144.77 154.26 -912.9 1.2 1.0 3.3
2007.5890 -2150.15 154.704 -916.4 1.0 0.8 3.0
2007.5918 -2155.57 154.925 -914.2 1.0 0.8 3.0
2007.5945 -2160.22 155.591 -913.6 1.0 0.8 2.9
2007.5973 -2164.21 155.147 -920.1 1.2 1.0 3.3
2007.6000 -2168.59 153.372 -926 1.7 1.3 3.6
2007.6027 -2172.18 155.369 -927.5 1.1 1.0 3.2
2007.6055 -2179.09 155.702 -928.5 1.0 0.9 3.0
2007.6082 -2181.72 157.922 -924.1 1.2 1.0 3.2
2007.6110 -2184.87 158.255 -922.5 1.4 1.2 3.6
2007.6137 -2191.75 155.369 -930.8 1.2 1.0 3.2
2007.6164 -2194.11 156.035 -938 1.0 0.8 2.9
2007.6192 -2199.39 157.367 -943.9 1.1 0.9 3.3
2007.6219 -2207.37 157.7 -937.3 1.3 1.1 3.5
2007.6247 -2207.1 155.48 -938 1.1 0.9 3.2
2007.6274 -2215.11 157.811 -941.8 1.0 0.9 3.1
2007.6301 -2218.16 157.7 -947 1.1 0.9 3.2
2007.6329 -2224.91 157.145 -947 1.1 0.9 3.2
2007.6356 -2227.7 157.811 -944 1.0 0.9 3.1
2007.6384 -2234.45 158.255 -947.5 1.1 0.9 3.1
2007.6411 -2238.8 158.699 -948.3 1.0 0.9 3.2
2007.6438 -2242.75 158.81 -953 1.0 0.8 2.9
2007.6466 -2245.87 157.367 -952.7 1.0 0.9 3.1
2007.6493 -2250.13 158.588 -952.1 1.1 1.0 3.3
2007.6521 -2256.84 158.144 -952.4 1.2 1.0 3.4
2007.6548 -2259.63 157.256 -958.6 1.3 1.0 3.4
2007.6575 -2263.95 159.698 -960 1.3 1.0 3.4
2007.6603 -2269.1 158.699 -961.1 1.0 0.9 3.1
2007.6630 -2273.82 159.92 -957.6 1.0 0.9 3.1
2007.6658 -2277.54 159.032 -958.8 1.1 0.9 3.1
2007.6685 -2281.76 160.141 -966.8 1.3 0.9 3.3
2007.6712 -2286.41 159.365 -967 1.5 1.4 3.9
2007.6740 -2287.14 162.694 -966.9 1.4 1.1 3.4
2007.6767 -2295.28 162.805 -965.6 1.1 0.9 3.1
2007.6795 -2300.7 161.584 -964.7 1.5 1.1 3.6
2007.6822 -2302.89 163.138 -970.2 1.3 1.0 3.4
2007.6849 -2305.81 162.028 -966.6 1.4 1.0 3.5
2007.6877 -2313.89 164.359 -977.8 1.2 1.0 3.3
2007.6904 -2321.4 163.582 -980.1 1.1 0.9 3.1
2007.6932 -2323.72 163.582 -978.9 1.1 0.9 3.1
2007.6959 -2327.31 164.692 -987.9 1.3 0.9 3.3
2007.6986 -2331.73 164.692 -989.9 1.1 0.9 3.1
2007.7014 -2337.05 164.914 -990.9 1.0 0.9 3.1
2007.7041 -2343.79 165.912 -990.8 1.0 0.8 3.0
2007.7068 -2346.58 166.023 -995.1 1.1 0.9 3.2
2007.7096 -2350.77 166.245 -992.8 1.0 0.9 3.0
2007.7123 -2354.29 165.357 -987.1 1.0 0.9 3.1
2007.7151 -2359.04 168.132 -992.5 1.1 0.9 3.1
2007.7178 -2366.05 168.021 -994.2 1.0 0.8 3.0
2007.7205 -2370.74 169.02 -997.3 1.0 0.9 3.1
2007.7233 -2376.09 167.244 -1000.1 1.1 0.9 3.1
2007.7260 -2378.88 166.467 -1002.5 1.3 1.0 3.3
2007.7288 -2380.77 166.023 -1004 1.4 1.1 3.3
2007.7315 -2390.34 169.908 -1005.6 1.4 1.1 3.4
2007.7342 -2392.93 169.242 -1009.4 1.1 0.9 3.1
2007.7370 -2397.08 170.019 -1008.2 1.0 0.8 3.0
2007.7397 -2403.66 169.908 -1014.5 1.0 0.9 3.0
2007.7425 -2406.12 169.464 -1015.5 1.4 1.0 3.4
2007.7452 -2412.17 174.125 -1012.3 1.6 1.4 3.9
2007.7479 -2417.05 170.906 -1024.6 1.5 1.1 3.5
2007.7507 -2420.38 171.794 -1014.4 1.4 1.1 3.5
2007.7534 -2423.76 171.572 -1023.9 1.1 0.9 3.2
2007.7562 -2431.07 169.908 -1026.6 1.4 1.1 3.7
2007.7589 -2433.96 170.019 -1032 1.3 1.1 3.3
2007.7616 -2441.07 171.128 -1028.2 1.2 1.0 3.1
2007.7644 -2443.17 172.46 -1033.1 1.1 0.9 3.1
2007.7671 -2449.88 170.906 -1035.7 1.0 0.9 3.0
2007.7699 -2454.07 173.015 -1038.2 1.1 0.9 3.3
2007.7726 -2457.92 172.793 -1042.5 1.1 0.9 3.3
2007.7753 -2465.2 173.57 -1038 1.1 0.9 3.2
2007.7781 -2467.62 173.792 -1042.8 1.0 0.8 2.9
2007.7808 -2473.97 173.57 -1046.6 1.0 0.9 3.0
2007.7836 -2477.92 174.458 -1048.1 1.0 0.9 3.0
2007.7863 -2481.68 174.68 -1051.5 1.1 0.9 3.1
2007.7890 -2488.42 174.68 -1049.2 1.1 0.9 3.0
2007.7918 -2491.38 176.788 -1048.9 1.1 0.9 3.1
2007.7945 -2495.17 176.566 -1052.9 1.1 0.9 3.1
2007.7973 -2499.88 178.786 -1057.2 1.2 1.0 3.2
2007.8000 -2504 177.01 -1053.3 1.5 1.1 3.6
2007.8027 -2508.06 179.674 -1052.4 1.4 1.1 3.6
2007.8055 -2516 179.119 -1052.3 1.1 0.9 3.1
2007.8082 -2522.08 179.23 -1056.7 1.2 0.9 3.1
2007.8110 -2523.64 180.339 -1062.4 1.2 1.0 3.2
2007.8137 -2527.79 181.005 -1058.6 1.1 0.9 3.1
2007.8164 -2531.55 179.896 -1057.9 1.2 1.0 3.2
2007.8192 -2534.11 182.004 -1063.9 1.7 1.4 4.0
2007.8219 -2542.55 179.119 -1064.3 1.4 1.2 3.5
2007.8247 -2546.37 181.893 -1068.3 1.2 0.9 3.2
2007.8274 -2549.79 182.337 -1064.4 1.6 1.1 3.5
2007.8301 -2556.03 181.782 -1072 1.1 0.9 3.1
2007.8329 -2561.72 181.116 -1077.6 1.1 0.9 3.1
2007.8356 -2565.97 181.338 -1080.2 1.1 0.9 3.0
2007.8384 -2571.82 180.339 -1085.7 1.0 0.8 2.9
2007.8411 -2573.48 181.56 -1090.3 1.0 0.9 3.0
2007.8438 -2578.53 182.115 -1085.6 1.1 1.0 3.0
2007.8466 -2584.44 182.781 -1088.4 1.0 0.9 2.9
2007.8493 -2587.73 182.115 -1091.6 1.0 0.8 3.0
2007.8521 -2592.38 183.003 -1095.8 1.0 0.8 2.9
2007.8548 -2596.4 184.335 -1098.1 1.0 0.9 3.0
2007.8575 -2598.9 183.891 -1100.2 1.2 1.0 3.1
2007.8603 -2605.91 184.224 -1098.1 1.2 1.0 3.2
2007.8630 -2609.89 184.002 -1103.2 1.0 0.8 2.9
2007.8658 -2613.15 185.777 -1106.8 1.0 0.9 2.9
2007.8685 -2617.83 185.444 -1103.7 1.3 1.2 3.3
2007.8712 -2621.82 186.554 -1106.9 1.3 1.1 3.3
2007.8740 -2623.78 184.779 -1102.2 1.2 1.0 3.2
2007.8767 -2631.09 185.223 -1109.5 1.1 0.9 3.0
2007.8795 -2636.54 185.888 -1114.3 1.0 0.9 3.0
2007.8822 -2641.72 185.777 -1115.8 1.0 0.8 2.9
2007.8849 -2647.34 187.553 -1117.6 1.0 0.9 3.0
2007.8877 -2650.89 185.555 -1119.8 1.3 1.2 3.6
2007.8904 -2656.87 186.443 -1113 1.4 1.3 3.6
2007.8932 -2661.79 190.106 -1113 1.2 1.1 3.3
2007.8959 -2665.78 191.437 -1117.2 1.3 1.2 3.5
2007.8986 -2670.53 189.551 -1117 1.4 1.1 3.4
2007.9014 -2671.09 191.326 -1120.4 1.3 1.2 3.6
2007.9041 -2676.91 189.329 -1117.5 1.2 1.2 3.4
2007.9068 -2683.52 188.33 -1125.5 1.1 0.9 3.1
2007.9096 -2687.77 191.437 -1117.8 1.1 1.0 3.1
2007.9123 -2692.46 191.215 -1125.6 1.1 0.9 3.1
2007.9151 -2695.75 191.548 -1134.2 1.0 0.9 3.0
2007.9178 -2701.53 190.66 -1132.5 1.0 0.9 3.1
2007.9205 -2706.98 192.325 -1135.3 1.0 0.9 3.0
2007.9233 -2713.26 191.548 -1136.6 1.0 0.9 3.0
2007.9260 -2716.48 193.879 -1125.1 1.0 0.9 3.0
2007.9288 -2721.83 191.104 -1136.7 1.0 0.9 3.0
2007.9315 -2726.18 194.323 -1135 1.0 0.9 2.9
2007.9342 -2730.6 193.435 -1140.3 1.0 0.9 3.0
2007.9370 -2734.26 195.322 -1139.1 1.0 0.9 2.9
2007.9397 -2737.81 196.764 -1140 1.0 0.9 3.0
2007.9425 -2742.36 197.985 -1139.9 1.1 0.9 3.0
2007.9452 -2745.98 195.211 -1150.5 1.5 1.2 3.4
2007.9479 -2750.04 193.879 -1146.9 1.2 1.0 3.2
2007.9507 -2754.59 198.651 -1145.4 1.2 1.1 3.2
2007.9534 -2759.01 197.541 -1146 1.1 1.0 3.1
2007.9562 -2768.01 199.206 -1148.3 1.1 0.9 3.0
2007.9589 -2771.9 196.542 -1154.8 1.1 1.0 3.2
2007.9616 -2775.99 194.656 -1157.6 1.2 1.0 3.2
2007.9644 -2779.44 196.764 -1159.9 1.4 1.2 3.7
2007.9671 -2783.4 199.095 -1149.1 1.2 1.2 3.4
2007.9699 -2789.91 199.539 -1157.5 1.3 1.1 3.4
2007.9726 -2795.19 198.207 -1158.3 1.3 1.1 3.4
2007.9753 -2800.77 197.541 -1160.6 1.1 1.0 3.1
2007.9781 -2801.84 199.872 -1161.9 1.3 1.1 3.4
2007.9808 -2808.02 200.205 -1166.1 1.0 0.9 3.0
2007.9836 -2813.33 200.427 -1162.2 1.1 0.9 3.0
2007.9863 -2819.65 199.761 -1171.1 1.0 0.9 3.0
2007.9890 -2822.77 200.981 -1175.2 1.1 0.9 3.1
2007.9918 -2828.38 200.316 -1176.5 1.1 0.9 3.0
2007.9945 -2830.68 200.648 -1182.9 1.0 0.9 3.0
2007.9973 -2836.03 202.979 -1180 1.1 1.0 3.1
2008.0000 -2842.07 202.868 -1179 1.1 0.9 3.0
2008.0027 -2848.58 202.979 -1184.3 1.0 0.9 3.0
2008.0055 -2851.41 203.978 -1184.8 1.0 0.9 3.0
2008.0082 -2853.37 204.422 -1190 1.0 0.8 2.9
2008.0110 -2859.65 203.423 -1193.4 1.0 0.9 2.9
2008.0137 -2859.55 203.534 -1197.2 1.4 1.1 3.2
2008.0164 -2866.29 203.534 -1193.6 1.3 1.2 3.4
2008.0192 -2872.31 206.419 -1198.7 1.5 1.2 3.6
2008.0219 -2876.93 206.419 -1203.5 1.3 1.1 3.3
2008.0247 -2883.6 205.864 -1205.2 1.2 1.0 3.2
2008.0274 -2886.73 206.086 -1207 1.1 0.9 3.1
2008.0301 -2892.77 206.419 -1205.2 1.0 0.9 3.0
2008.0329 -2899.12 206.752 -1203.5 1.1 0.9 3.0
2008.0356 -2901.98 207.64 -1208.2 1.1 1.0 3.1
2008.0384 -2904.54 210.526 -1207.1 1.5 1.2 3.4
2008.0411 -2909.15 209.305 -1209.8 1.3 1.0 3.4
2008.0438 -2915.07 211.524 -1211.5 1.4 1.1 3.5
2008.0466 -2918.49 212.745 -1214.2 1.3 1.0 3.4
2008.0493 -2924.44 211.746 -1216.6 1.3 1.1 3.5
2008.0521 -2928.13 214.077 -1211.4 1.3 1.1 3.4
2008.0548 -2934.97 209.749 -1223.9 1.1 0.9 3.1
2008.0575 -2941.72 208.75 -1225.2 1.1 0.9 3.0
2008.0603 -2944.87 208.417 -1225.1 1.1 0.8 3.0
2008.0630 -2950.45 208.306 -1222.8 1.1 0.9 3.0
2008.0658 -2956.47 209.749 -1229.5 1.2 1.0 3.2
2008.0685 -2958.96 211.746 -1227.9 1.2 1.0 3.3
2008.0712 -2962.18 211.746 -1231.2 1.1 0.9 3.1
2008.0740 -2967.9 210.526 -1235 1.0 0.8 2.9
2008.0767 -2971.69 209.749 -1238.1 1.0 0.9 3.1
2008.0795 -2972.95 212.967 -1237.7 1.1 0.9 3.1
2008.0822 -2979.63 212.745 -1241.9 1.0 0.9 3.1
2008.0849 -2984.24 212.523 -1244.2 1.0 0.9 3.0
2008.0877 -2989.69 214.632 -1246.1 1.3 1.0 3.3
2008.0904 -2995.11 212.745 -1242.8 1.4 1.2 3.4
2008.0932 -3000.52 217.184 -1248.5 1.5 1.3 3.6
2008.0959 -3002.49 213.855 -1255.6 1.3 1.0 3.4
2008.0986 -3010.59 213.744 -1252.4 1.2 0.9 3.2
2008.1014 -3014.01 212.967 -1254.4 1.1 0.9 3.1
2008.1041 -3017.3 215.853 -1249.1 1.1 1.0 3.1
2008.1068 -3022.85 215.742 -1247.9 1.0 0.9 3.0
2008.1096 -3028.77 217.073 -1258.9 1.1 0.9 3.0
2008.1123 -3031.26 218.183 -1253.1 1.2 1.0 3.2
2008.1151 -3034.35 217.295 -1260.6 1.6 1.3 3.7
2008.1178 -3039.76 220.403 -1258.2 1.4 1.1 3.4
2008.1205 -3041.82 218.516 -1271.2 1.2 1.0 3.1
2008.1233 -3051.99 219.182 -1270.8 1.2 1.0 3.1
2008.1260 -3055.28 221.512 -1272.5 1.4 1.1 3.4
2008.1288 -3060.4 221.29 -1268.1 1.2 1.0 3.1
2008.1315 -3066.31 220.514 -1273 1.1 0.9 3.0
2008.1342 -3068.8 220.514 -1275 1.2 1.0 3.3
2008.1370 -3072.86 222.067 -1272.8 1.4 1.1 3.5
2008.1397 -3078.9 221.734 -1272.5 1.1 0.9 3.0
2008.1425 -3082.43 221.29 -1270.2 1.2 1.0 3.2
2008.1452 -3086.38 222.4 -1272.4 1.0 0.9 2.9
2008.1479 -3090.93 222.289 -1278.2 1.1 0.9 3.0
2008.1507 -3096.61 221.734 -1284.4 1.0 0.8 2.9
2008.1534 -3101.56 222.4 -1285.3 1.0 0.8 2.9
2008.1562 -3106.38 222.511 -1283.9 1.0 0.8 2.9
2008.1589 -3109.77 222.289 -1284.4 1.1 0.9 3.0
2008.1616 -3115.75 223.288 -1289.9 1.4 1.2 3.3
2008.1644 -3120.8 224.398 -1289.7 1.3 1.1 3.5
2008.1671 -3126.58 224.842 -1290.9 1.5 1.2 3.6
2008.1699 -3128.44 225.397 -1294.4 1.2 1.0 3.2
2008.1726 -3134.52 226.617 -1302 1.1 1.0 3.2
2008.1753 -3137.68 226.728 -1294.4 1.0 0.9 3.0
2008.1781 -3142.73 225.286 -1295.7 1.3 1.0 3.3
2008.1808 -3147.68 226.395 -1301.6 1.0 0.9 2.9
2008.1836 -3151.9 228.726 -1300.3 1.1 0.9 3.1
2008.1863 -3156.68 229.836 -1301.8 1.1 0.9 3.0
2008.1890 -3161.4 227.283 -1301.6 1.6 1.2 3.6
2008.1918 -3164.29 228.504 -1300.5 1.3 1.1 3.4
2008.1945 -3169.34 226.839 -1312.3 1.5 1.2 3.7
2008.1973 -3176.15 228.837 -1310.9 1.6 1.2 3.5
2008.2000 -3181.67 232.388 -1311.9 1.4 1.2 3.4
2008.2027 -3187.42 231.057 -1315.8 1.3 1.1 3.3
2008.2055 -3192.8 230.169 -1316.6 1.2 1.1 3.1
2008.2082 -3194.59 228.726 -1328.3 1.0 0.9 2.9
2008.2110 -3199.35 228.393 -1331.2 1.1 1.0 3.2
2008.2137 -3203.5 230.391 -1334.4 1.0 1.0 3.1
2008.2164 -3206.69 228.948 -1333.3 1.2 1.0 3.2
2008.2192 -3214.3 231.722 -1331.4 1.2 1.0 3.1
2008.2219 -3217.55 230.835 -1338.3 1.0 0.9 3.0
2008.2247 -3221.71 229.947 -1338.9 1.0 0.9 3.0
2008.2274 -3228.35 230.058 -1348.7 1.1 0.9 3.0
2008.2301 -3230.78 230.169 -1341 1.0 0.9 3.0
2008.2329 -3235.73 229.725 -1339.1 1.0 0.9 3.0
2008.2356 -3240.35 230.502 -1343.8 1.2 1.0 3.2
2008.2384 -3245.63 227.727 -1348.1 1.8 1.4 3.9
2008.2411 -3252.64 229.947 -1346.2 1.4 1.2 3.8
2008.2438 -3253.54 229.614 -1348.6 1.2 1.1 3.3
2008.2466 -3255.2 230.058 -1352.8 1.2 1.1 3.3
2008.2493 -3261.68 230.835 -1351.2 1.2 1.0 3.2
2008.2521 -3267.16 230.391 -1360.1 1.0 0.9 3.0
2008.2548 -3270.95 230.835 -1362.8 1.0 0.9 3.0
2008.2575 -3275.27 230.724 -1362.5 1.0 0.9 3.1
2008.2603 -3277.89 230.613 -1365.9 1.2 1.0 3.3
2008.2630 -3286.8 232.166 -1366 1.3 1.0 3.3
2008.2658 -3288.26 230.835 -1369 1.6 1.2 3.7
2008.2685 -3295.7 232.832 -1370.2 1.3 1.1 3.4
2008.2712 -3299.35 234.83 -1368.9 1.4 1.1 3.6
2008.2740 -3305.2 234.053 -1367.7 1.2 1.0 3.3
2008.2767 -3310.09 236.938 -1377.3 1.4 1.1 3.3
2008.2795 -3313.51 234.941 -1373.2 1.2 1.0 3.2
2008.2822 -3319.62 237.271 -1376.9 1.2 1.0 3.2
2008.2849 -3322.35 236.605 -1374.7 1.3 1.1 3.5
2008.2877 -3327.43 236.272 -1376.6 1.0 0.8 3.0
2008.2904 -3330.35 238.048 -1375 1.0 0.9 3.1
2008.2932 -3337.56 237.715 -1377.2 1.2 1.1 3.4
2008.2959 -3341.42 238.714 -1382.1 1.1 1.0 3.1
2008.2986 -3348.96 239.158 -1379.2 1.1 0.9 3.1
2008.3014 -3352.42 240.601 -1382.6 1.1 1.0 3.3
2008.3041 -3358.96 241.266 -1387.7 1.0 0.9 3.1
2008.3068 -3361.62 240.712 -1388.5 1.0 0.9 3.0
2008.3096 -3365.84 242.043 -1387.6 1.0 0.9 3.0
2008.3123 -3373.71 242.598 -1392.4 1.4 1.2 3.5
2008.3151 -3373.58 243.153 -1389.8 1.5 1.3 3.7
2008.3178 -3377.07 242.487 -1393.2 1.3 1.1 3.3
2008.3205 -3382.09 242.487 -1391.6 1.4 1.1 3.5
2008.3233 -3387.93 242.487 -1399.2 1.2 1.0 3.2
2008.3260 -3393.35 244.707 -1404.2 1.3 1.1 3.4
2008.3288 -3398.17 244.041 -1401.7 1.2 1.1 3.3
2008.3315 -3401.22 244.818 -1408 1.1 1.0 3.1
2008.3342 -3405.74 247.592 -1411.6 1.1 1.0 3.2
2008.3370 -3410.39 245.262 -1408.1 1.2 1.0 3.1
2008.3397 -3413.55 244.929 -1409.7 1.4 1.2 3.4
2008.3425 -3420.1 246.371 -1412.7 1.2 1.0 3.4
2008.3452 -3425.78 248.48 -1414.2 1.2 1.1 3.3
2008.3479 -3432.29 247.925 -1413 1.3 1.1 3.3
2008.3507 -3436.68 249.146 -1412.8 1.1 0.9 3.1
2008.3534 -3440.2 248.813 -1419.4 1.1 0.9 3.1
2008.3562 -3445.91 249.701 -1418.3 1.1 0.9 3.0
2008.3589 -3450.13 248.813 -1425.3 1.0 0.9 3.0
2008.3616 -3452.89 250.589 -1420.6 1.0 0.9 3.0
2008.3644 -3458.11 250.034 -1425.2 1.0 0.9 3.0
2008.3671 -3462.09 250.256 -1428.3 1.1 0.9 3.1
2008.3699 -3467.51 249.257 -1422.3 1.1 0.9 3.0
2008.3726 -3473.42 249.701 -1423.1 1.1 0.9 3.0
2008.3753 -3477.48 251.92 -1433.1 1.0 0.8 2.9
2008.3781 -3481.66 252.697 -1439.3 1.0 0.9 3.0
2008.3808 -3486.58 252.364 -1438.5 1.0 0.8 3.0
2008.3836 -3490.33 252.253 -1436.2 1.1 0.9 3.1
2008.3863 -3495.48 253.474 -1435.7 1.1 1.0 3.2
2008.3890 -3499.17 253.252 -1445.8 1.3 1.0 3.2
2008.3918 -3502.33 253.585 -1442.4 1.3 1.1 3.5
2008.3945 -3510.17 254.14 -1445.9 1.3 1.2 3.5
2008.3973 -3512.1 253.918 -1447.4 1.3 1.1 3.4
2008.4000 -3519.41 253.918 -1448.1 1.1 0.9 3.1
2008.4027 -3523.49 253.918 -1453.5 1.0 0.9 3.0
2008.4055 -3527.48 255.583 -1453 1.1 0.9 3.1
2008.4082 -3531.53 256.581 -1457.7 1.3 1.1 3.4
2008.4110 -3536.75 254.806 -1455.8 1.1 0.9 3.0
2008.4137 -3539.74 259.689 -1452.1 1.2 1.0 3.3
2008.4164 -3547.58 257.025 -1456.3 1.2 1.1 3.4
2008.4192 -3552.03 256.36 -1464 1.2 1.0 3.2
2008.4219 -3556.22 257.58 -1459.3 1.1 1.0 3.2
2008.4247 -3559.18 257.025 -1459 1.1 0.9 3.2
2008.4274 -3564.19 259.911 -1463.8 1.0 0.9 3.0
2008.4301 -3567.38 259.245 -1472.3 1.0 0.9 3.0
2008.4329 -3574.16 259.689 -1471.9 1.1 0.9 3.1
2008.4356 -3578.22 260.688 -1480.9 1.3 1.2 3.5
2008.4384 -3582.07 260.466 -1476.7 1.3 1.0 3.4
2008.4411 -3587.29 258.801 -1476.9 1.0 0.9 3.1
2008.4438 -3592.04 258.801 -1478.1 1.1 0.9 3.1
2008.4466 -3596.79 259.023 -1480.4 1.0 0.9 3.0
2008.4493 -3602.24 261.686 -1489.1 1.0 0.9 3.1
2008.4521 -3608.82 262.907 -1492.5 1.0 0.9 3.0
2008.4548 -3612.57 261.797 -1497.7 1.1 0.9 3.2
2008.4575 -3617.49 262.574 -1494.8 1.4 1.2 3.6
2008.4603 -3621.21 262.019 -1496.2 1.4 1.1 3.5
2008.4630 -3625.83 261.797 -1495.6 1.3 1.2 3.3
2008.4658 -3630.98 263.129 -1501.3 1.2 1.0 3.1
2008.4685 -3636.59 261.908 -1498.7 1.2 1.0 3.4
2008.4712 -3638.59 262.796 -1502.7 1.1 1.0 3.0
2008.4740 -3644.04 263.462 -1505.4 1.1 0.9 3.0
2008.4767 -3648.35 264.794 -1509.3 1.0 0.9 3.0
2008.4795 -3653.7 266.015 -1509.4 1.1 0.9 3.0
2008.4822 -3656.63 265.682 -1512.9 1.1 0.9 3.1
2008.4849 -3663.01 265.682 -1515.7 1.3 1.0 3.3
2008.4877 -3667.39 265.793 -1515.5 1.4 1.2 3.3
2008.4904 -3669.42 265.793 -1518.3 1.2 1.1 3.3
2008.4932 -3676.6 266.791 -1518.4 1.3 1.0 3.2
2008.4959 -3679.06 268.345 -1525.9 1.1 0.9 3.1
2008.4986 -3686.8 267.346 -1519.8 1.1 0.9 3.1
2008.5014 -3689.26 267.79 -1525.2 1.0 0.9 3.0
2008.5041 -3694.97 266.237 -1525.1 1.0 0.9 3.0
2008.5068 -3699.16 269.344 -1528.6 1.0 0.9 3.0
2008.5096 -3703.08 268.234 -1531.2 1.0 0.9 3.1
2008.5123 -3710.05 268.789 -1534.1 1.0 0.9 3.0
2008.5151 -3711.88 268.789 -1536.7 1.1 0.9 3.1
2008.5178 -3718.29 268.345 -1534 1.0 0.9 3.0
2008.5205 -3722.15 267.679 -1539.8 1.0 0.9 3.0
2008.5233 -3727.13 269.233 -1539.6 1.0 0.9 3.1
2008.5260 -3731.48 270.676 -1540.6 1.0 0.9 3.1
2008.5288 -3737.9 270.454 -1541.4 1.1 0.9 3.1
2008.5315 -3739.36 271.675 -1545.6 1.3 1.2 3.5
2008.5342 -3743.25 271.231 -1535.7 1.3 1.1 3.4
2008.5370 -3748.5 272.118 -1546.4 1.2 1.0 3.3
2008.5397 -3756.84 271.675 -1546.8 1.2 1.0 3.2
2008.5425 -3762.15 272.451 -1552.1 1.2 1.0 3.2
2008.5452 -3764.78 271.342 -1548.2 1.0 0.9 3.1
2008.5479 -3771.26 270.898 -1557.3 1.1 0.9 3.1
2008.5507 -3773.28 271.342 -1558.4 1.0 0.9 3.1
2008.5534 -3776.64 272.229 -1563.7 1.0 0.9 3.0
2008.5562 -3782.19 271.453 -1558.7 1.1 0.9 3.1
2008.5589 -3787 273.561 -1557.6 1.2 1.0 3.3
2008.5616 -3791.36 271.564 -1561 1.5 1.2 3.7
2008.5644 -3793.38 272.784 -1567.5 1.2 1.0 3.1
2008.5671 -3798.43 273.45 -1567.2 1.1 0.9 3.1
2008.5699 -3802.65 274.005 -1572.8 1.3 1.1 3.4
2008.5726 -3811.49 273.117 -1570.2 1.1 0.9 3.2
2008.5753 -3817.34 274.449 -1570 1.2 0.9 3.3
2008.5781 -3822.09 276.003 -1581.3 1.0 0.9 3.0
2008.5808 -3823.85 273.117 -1588.3 1.1 0.9 3.0
2008.5836 -3829.13 273.561 -1585.2 1.0 0.8 3.0
2008.5863 -3833.65 274.227 -1586.5 1.1 0.9 3.1
2008.5890 -3838.04 276.114 -1591.3 1.0 0.8 3.0
2008.5918 -3843.26 276.114 -1588.7 1.0 0.9 3.1
2008.5945 -3849.67 275.892 -1590.5 1.0 0.8 2.9
2008.5973 -3852.72 276.114 -1593.8 1.0 0.8 3.0
2008.6000 -3856.84 277.667 -1592.1 1.0 0.9 3.0
2008.6027 -3862.86 278.222 -1594.3 1.1 0.9 3.2
2008.6055 -3866.55 279.11 -1596.5 1.0 0.9 3.1
2008.6082 -3873.22 277.334 -1595.7 1.2 1.0 3.3
2008.6110 -3872.66 278 -1596.6 1.4 1.1 3.4
2008.6137 -3879.4 278.333 -1599.5 1.1 0.9 3.2
2008.6164 -3883.56 277.667 -1597.3 1.2 0.9 3.3
2008.6192 -3888.97 277.667 -1598.7 1.1 0.9 3.1
2008.6219 -3893.86 278 -1602.8 1.0 0.9 3.0
2008.6247 -3898.24 277.223 -1606.6 1.0 0.9 3.1
2008.6274 -3900.77 278.444 -1606.5 1.0 0.9 3.0
2008.6301 -3907.88 279.221 -1605.9 1.1 0.9 3.2
2008.6329 -3908.18 278.222 -1611.3 1.4 1.1 3.6
2008.6356 -3912.6 280.664 -1614.4 1.3 1.0 3.4
2008.6384 -3919.37 281.663 -1615.6 1.1 0.9 3.0
2008.6411 -3923.46 280.109 -1621.7 1.2 0.9 3.2
2008.6438 -3931.4 280.22 -1621.8 1.0 0.9 3.0
2008.6466 -3932.86 281.441 -1618.9 1.0 0.9 3.1
2008.6493 -3936.85 282.772 -1623.9 1.0 0.9 3.1
2008.6521 -3943.1 282.883 -1624.5 1.0 0.8 3.0
2008.6548 -3948.18 282.661 -1625.3 1.0 0.9 3.0
2008.6575 -3951.9 283.549 -1634.7 1.0 0.9 3.0
2008.6603 -3956.09 282.883 -1637.8 1.0 0.9 3.1
2008.6630 -3961.27 283.105 -1641.7 1.0 0.9 3.1
2008.6658 -3965.79 283.438 -1641.2 1.0 0.9 3.0
2008.6685 -3970.77 283.438 -1640 1.0 0.9 3.0
2008.6712 -3974.73 283.771 -1643.6 1.0 0.9 3.0
2008.6740 -3979.98 284.326 -1644 1.0 0.9 3.0
2008.6767 -3982.97 283.993 -1642.3 1.1 1.0 3.1
2008.6795 -3990.18 285.658 -1639.7 1.8 1.5 4.1
2008.6822 -3996.09 286.435 -1642.6 1.1 0.9 3.1
2008.6849 -3997.79 285.658 -1650 1.1 0.9 3.1
2008.6877 -4002.94 287.988 -1650.6 1.3 1.0 3.2
2008.6904 -4006.63 286.102 -1650 1.4 1.2 3.4
2008.6932 -4010.35 287.1 -1653.4 1.0 0.9 3.1
2008.6959 -4017.59 288.543 -1658 1.0 0.9 3.0
2008.6986 -4022.11 287.433 -1661.5 1.0 0.9 3.0
2008.7014 -4025.8 288.543 -1661.4 1.0 0.9 3.0
2008.7041 -4031.84 288.987 -1664.9 1.0 0.9 3.0
2008.7068 -4034.53 288.543 -1663.1 1.0 0.9 3.0
2008.7096 -4039.98 286.768 -1669.7 1.3 1.1 3.5
2008.7123 -4042.24 290.763 -1668.8 1.3 1.1 3.3
2008.7151 -4049.82 290.763 -1666.9 1.1 0.9 3.2
2008.7178 -4051.88 291.54 -1675.4 1.1 1.0 3.1
2008.7205 -4057.59 290.652 -1670 1.1 0.9 3.1
2008.7233 -4061.21 289.098 -1672.5 1.0 0.9 3.0
2008.7260 -4067.16 289.431 -1679.2 1.0 0.9 3.0
2008.7288 -4072.64 289.32 -1676.6 1.0 0.9 3.0
2008.7315 -4076.8 290.319 -1682.8 1.0 0.9 3.0
2008.7342 -4080.65 291.54 -1684.1 1.0 0.9 3.0
2008.7370 -4085.54 291.651 -1685.4 1.0 0.9 3.0
2008.7397 -4089.69 291.762 -1687.5 1.0 0.9 3.0
2008.7425 -4095.24 289.209 -1690.1 1.0 0.9 3.0
2008.7452 -4099.49 290.874 -1692.1 1.0 0.9 3.0
2008.7479 -4105.24 291.651 -1693.6 1.0 0.9 3.1
2008.7507 -4108.93 291.651 -1695.3 1.1 0.9 3.1
2008.7534 -4112.98 291.54 -1695.6 1.1 0.9 3.1
2008.7562 -4115.47 290.43 -1693.3 1.7 1.4 3.9
2008.7589 -4122.02 291.651 -1693.1 1.4 1.2 3.9
2008.7616 -4126.37 292.094 -1703.5 1.4 1.1 3.3
2008.7644 -4130.36 292.427 -1697.5 1.1 0.9 3.1
2008.7671 -4134.14 294.98 -1696.6 1.0 0.9 3.0
2008.7699 -4140.99 294.647 -1706.6 1.0 0.9 3.0
2008.7726 -4147.83 296.423 -1703.9 1.1 0.9 3.0
2008.7753 -4151.02 294.314 -1707 1.0 0.8 3.0
2008.7781 -4154.98 295.646 -1711.7 1.0 0.9 3.0
2008.7808 -4160.39 294.203 -1707.8 1.1 0.9 3.2
2008.7836 -4164.81 295.202 -1711.5 1.5 1.1 3.4
2008.7863 -4169.53 297.754 -1715.9 1.1 1.0 3.2
2008.7890 -4172.45 297.421 -1715.4 1.2 1.1 3.2
2008.7918 -4178.4 297.199 -1714.9 1.2 1.1 3.4
2008.7945 -4182.62 298.42 -1717.6 1.1 1.0 3.2
2008.7973 -4188.27 298.42 -1723 1.0 0.9 3.0
2008.8000 -4192.89 297.865 -1722.9 1.0 0.8 2.9
2008.8027 -4195.84 298.198 -1720.8 1.1 0.9 3.1
2008.8055 -4201.72 297.532 -1720.2 1.0 0.9 2.9
2008.8082 -4207.51 298.42 -1722.5 1.1 0.9 3.0
2008.8110 -4209.9 299.308 -1729.3 1.1 0.9 3.0
2008.8137 -4214.58 298.753 -1731.5 1.0 0.9 3.0
2008.8164 -4220 298.864 -1729.9 1.0 0.8 2.9
2008.8192 -4224.98 298.864 -1733.8 1.0 0.8 2.9
2008.8219 -4227.14 298.753 -1736.1 1.1 0.9 3.1
2008.8247 -4233.55 300.862 -1744.7 1.0 0.8 2.9
2008.8274 -4236.91 301.528 -1742.6 1.2 1.0 3.2
2008.8301 -4242.19 303.414 -1742.6 1.2 1.1 3.2
2008.8329 -4247.31 302.859 -1743.7 1.2 1.2 3.5
2008.8356 -4254.32 304.413 -1743.8 1.0 0.9 3.1
2008.8384 -4259.74 303.303 -1746.1 1.0 0.9 3.0
2008.8411 -4261 301.75 -1746.9 1.0 0.9 2.9
2008.8438 -4266.55 302.083 -1744.9 1.0 0.9 3.0
2008.8466 -4272.46 302.859 -1745.4 1.0 0.9 3.0
2008.8493 -4275.65 302.97 -1752.4 1.0 0.8 3.0
2008.8521 -4281.03 302.083 -1759.1 1.0 0.9 3.0
2008.8548 -4283.03 302.304 -1766.2 1.1 1.0 3.1
2008.8575 -4284.82 304.302 -1757.6 1.3 1.1 3.4
2008.8603 -4294.32 304.413 -1758 1.4 1.2 3.4
2008.8630 -4298.91 304.302 -1764.4 1.0 0.9 3.1
2008.8658 -4301.5 305.19 -1768.3 1.0 0.9 3.0
2008.8685 -4305.85 305.856 -1772.4 1.1 0.9 3.1
2008.8712 -4311.2 306.744 -1768.4 1.0 0.9 3.0
2008.8740 -4316.69 308.519 -1765.7 1.0 0.9 3.0
2008.8767 -4319.77 308.519 -1770.3 1.0 0.9 3.0
2008.8795 -4326.69 306.189 -1776.6 1.1 0.9 3.1
2008.8822 -4332.93 305.634 -1784.4 1.0 0.9 2.9
2008.8849 -4333.66 305.856 -1777.3 1.0 0.9 3.0
2008.8877 -4341.24 306.633 -1774.4 1.0 0.9 3.0
2008.8904 -4345.76 308.297 -1783.3 1.0 0.9 3.0
2008.8932 -4349.11 308.63 -1792.3 1.0 0.9 3.0
2008.8959 -4354.26 308.075 -1796.1 1.0 0.9 2.9
2008.8986 -4360.04 309.074 -1793.1 1.0 0.9 3.0
2008.9014 -4359.61 306.855 -1786.7 1.0 0.9 3.0
2008.9041 -4367.05 309.407 -1793.4 1.4 1.2 3.4
2008.9068 -4372.94 312.403 -1788.1 1.2 1.1 3.3
2008.9096 -4373.17 310.739 -1800.9 1.1 1.0 3.1
2008.9123 -4381.38 310.517 -1807.6 1.1 0.9 3.0
2008.9151 -4386.23 309.74 -1810.4 1.0 0.9 3.0
2008.9178 -4391.04 309.74 -1807.3 1.0 0.9 3.0
2008.9205 -4394.8 310.85 -1804.5 1.0 0.9 2.9
2008.9233 -4400.15 311.738 -1799.2 1.0 0.9 2.9
2008.9260 -4404.77 313.291 -1807.5 1.1 0.9 3.0
2008.9288 -4406.26 309.185 -1812.3 1.2 1.0 3.2
2008.9315 -4412.31 314.401 -1809.6 1.1 1.0 3.2
2008.9342 -4414.17 310.85 -1818.6 1.4 1.2 3.6
2008.9370 -4422.91 309.629 -1817 1.3 1.1 3.4
2008.9397 -4430.45 313.402 -1817.7 1.1 0.9 3.0
2008.9425 -4435.3 314.623 -1818.9 1.0 0.9 2.9
2008.9452 -4438.29 313.513 -1818.8 1.0 0.9 3.0
2008.9479 -4444.87 315.511 -1822.8 1.1 1.0 3.1
2008.9507 -4447.33 316.177 -1817.4 1.1 1.0 3.2
2008.9534 -4452.84 314.956 -1825.2 1.0 0.9 3.0
2008.9562 -4457.1 317.065 -1825.6 1.0 0.9 3.0
2008.9589 -4459.99 316.954 -1826.6 1.0 0.9 3.0
2008.9616 -4465.24 318.951 -1824.6 1.1 0.9 3.0
2008.9644 -4467.46 317.176 -1829.8 1.1 1.0 3.2
2008.9671 -4475.6 318.063 -1827.8 1.0 0.9 3.0
2008.9699 -4478.03 319.173 -1832.8 1.2 1.0 3.2
2008.9726 -4484.47 319.95 -1836.3 1.1 0.9 3.0
2008.9753 -4488.66 319.284 -1837.7 1.0 0.8 2.9
2008.9781 -4491.58 319.95 -1840.8 1.1 0.9 3.1
2008.9808 -4493.98 319.506 -1846.3 1.2 1.0 3.2
2008.9836 -4502.68 320.949 -1834.4 1.2 1.0 3.2
2008.9863 -4507.37 320.838 -1843.2 1.1 0.9 3.1
2008.9890 -4510.99 321.837 -1846.3 1.0 0.8 3.0
2008.9918 -4514.71 322.724 -1844.5 1.0 0.9 3.0
2008.9945 -4521.32 322.946 -1849.4 1.0 0.9 3.0
2008.9973 -4527.04 322.613 -1850.3 1.0 0.9 3.0
2009.0000 -4531.26 323.39 -1848.9 1.0 0.8 3.0
2009.0027 -4533.05 323.501 -1853.7 1.4 1.1 3.3
2009.0027 -4540.16 323.39 -1856.6 1.1 1.0 3.1
2009.0055 -4545.74 323.168 -1860 1.1 0.9 3.1
2009.0082 -4549.83 325.055 -1862.1 1.3 1.1 3.4
2009.0110 -4554.28 323.168 -1863 1.0 0.9 3.1
2009.0137 -4559.03 324.278 -1865.2 1.1 1.0 3.1
2009.0164 -4562.79 328.162 -1865.8 1.1 1.0 3.1
2009.0192 -4567.6 325.388 -1861.9 1.0 0.8 3.0
2009.0219 -4573.19 326.165 -1866.8 1.0 0.9 3.1
2009.0247 -4575.68 326.387 -1866.2 1.0 0.9 3.1
2009.0274 -4578.97 326.498 -1862.8 1.0 0.9 3.1
2009.0301 -4585.65 327.718 -1867.5 1.0 0.9 3.0
2009.0329 -4590.73 328.162 -1873.9 1.0 0.9 2.9
2009.0356 -4597.24 325.61 -1886.1 1.0 0.9 3.1
2009.0384 -4595.58 328.273 -1877.7 1.1 1.0 3.2
2009.0411 -4604.55 327.607 -1884.9 1.2 1.0 3.2
2009.0438 -4608.37 330.16 -1876.7 1.0 0.9 3.0
2009.0466 -4614.65 326.609 -1878.4 1.1 0.9 3.0
2009.0493 -4618.04 329.383 -1882.9 1.0 0.9 3.0
2009.0521 -4624.02 331.159 -1881.3 1.1 0.9 3.1
2009.0548 -4627.58 330.826 -1885.4 1.0 0.9 3.0
2009.0575 -4632.89 332.602 -1885.4 1.0 0.9 3.0
2009.0603 -4637.74 333.933 -1885.6 1.0 0.9 3.0
2009.0630 -4643.26 332.047 -1897.5 1.0 0.8 2.9
2009.0658 -4647.11 333.156 -1900.3 1.0 0.8 2.9
2009.0685 -4651.5 334.155 -1895.5 1.0 0.9 3.1
2009.0712 -4655.95 336.93 -1896.5 1.1 1.0 3.3
2009.0740 -4659.31 334.377 -1893.4 1.0 0.9 3.1
2009.0767 -4665.45 333.711 -1900.9 1.0 0.9 2.9
2009.0795 -4668.14 334.155 -1902.1 1.0 0.9 2.9
2009.0822 -4673.49 334.932 -1907.4 1.0 0.9 3.0
2009.0849 -4676.85 335.043 -1909.6 1.1 0.9 3.1
2009.0877 -4683.33 337.152 -1910.6 1.0 0.9 3.0
2009.0904 -4688.18 337.263 -1917.5 1.0 0.8 2.9
2009.0932 -4691.63 336.597 -1923.9 1.0 0.9 2.9
2009.0959 -4694.79 337.817 -1918.7 1.1 0.9 3.1
2009.0986 -4702.6 337.041 -1917.7 1.0 0.9 3.1
2009.1014 -4706.62 337.485 -1920.6 1.0 0.9 3.0
2009.1041 -4710.17 337.928 -1922.4 1.0 0.9 2.9
2009.1068 -4714.73 337.928 -1928.1 1.0 0.8 2.9
2009.1096 -4719.91 338.261 -1934.1 1.0 0.9 3.0
2009.1123 -4722.9 339.149 -1934 1.0 0.9 2.9
2009.1151 -4729.44 337.707 -1935 1.0 0.9 3.1
2009.1178 -4732.6 339.26 -1936 1.1 0.9 3.1
2009.1205 -4738.25 340.925 -1941.5 1.0 0.9 3.0
2009.1233 -4743.96 342.146 -1940 1.2 1.0 3.3
2009.1260 -4748.02 341.147 -1935.1 1.5 1.2 3.5
2009.1288 -4750.91 340.37 -1938.6 1.1 1.0 3.0
2009.1315 -4757.62 342.035 -1938.6 1.0 0.9 3.0
2009.1342 -4763 341.813 -1943.2 1.0 0.9 3.0
2009.1370 -4767.65 342.922 -1943.1 1.0 0.9 2.9
2009.1397 -4771.04 342.035 -1946.8 1.0 0.8 3.0
2009.1425 -4776.72 342.922 -1949.8 1.0 0.9 3.0
2009.1452 -4781.94 342.701 -1950.5 1.0 0.9 3.0
2009.1479 -4785.3 341.369 -1957.2 1.1 1.0 3.2
2009.1507 -4791.34 342.035 -1957 1.1 0.9 3.1
2009.1534 -4795.46 343.588 -1957.4 1.0 0.9 3.0
2009.1562 -4797.62 342.368 -1959.3 1.0 0.9 3.0
2009.1589 -4805.8 344.587 -1961 1.2 1.0 3.2
2009.1616 -4810.02 345.253 -1954.6 1.1 0.9 3.1
2009.1644 -4814.93 342.701 -1961.8 1.0 0.9 3.0
2009.1671 -4816.93 342.479 -1966.9 1.0 0.9 2.9
2009.1699 -4821.71 344.032 -1968 1.1 1.0 3.2
2009.1726 -4826.26 345.697 -1964.4 1.0 1.0 3.1
2009.1753 -4830.75 345.697 -1969.2 1.0 0.9 2.9
2009.1781 -4837.2 346.918 -1971.1 1.1 0.9 3.1
2009.1808 -4840.82 345.475 -1974.2 1.0 0.9 3.0
2009.1836 -4848.26 346.03 -1975.6 1.1 1.1 3.2
2009.1863 -4852.81 347.806 -1981 1.0 0.9 2.9
2009.1890 -4855.1 346.696 -1983.7 1.1 1.0 3.0
2009.1918 -4859.82 347.473 -1981.2 1.0 0.9 2.9
2009.1945 -4863.34 348.249 -1981.3 1.1 1.0 3.2
2009.1973 -4868.89 345.697 -1990.6 1.3 1.2 3.6
2009.2000 -4872.41 347.029 -1992 1.2 1.1 3.3
2009.2027 -4878.2 349.47 -1986 1.1 0.9 3.0
2009.2055 -4884.04 349.803 -1986.2 1.0 0.9 3.0
2009.2082 -4885.77 348.138 -1992.2 1.0 0.9 3.0
2009.2110 -4891.29 349.137 -1994.2 1.0 0.9 3.0
2009.2137 -4898.4 348.693 -2004.1 1.0 0.9 3.0
2009.2164 -4898.66 348.804 -2012.6 1.0 0.9 3.0
2009.2192 -4904.54 348.915 -2008.2 1.2 1.1 3.4
2009.2219 -4910.39 345.142 -2024.5 1.0 0.9 3.0
2009.2247 -4915.44 346.252 -2021.8 1.0 0.9 3.0
2009.2274 -4918.9 347.362 -2023.2 1.1 0.9 3.1
2009.2301 -4923.85 347.806 -2026.4 1.2 0.9 3.1
2009.2329 -4928 347.14 -2028.7 1.0 0.9 3.0
2009.2356 -4931.42 348.693 -2028.6 1.1 0.9 3.1
2009.2384 -4937.67 348.915 -2028 1.0 0.9 3.0
2009.2411 -4941.76 350.913 -2031.9 1.0 0.9 3.0
2009.2438 -4947.17 349.914 -2038.9 1.1 0.9 3.0
2009.2466 -4952.06 350.358 -2038.6 1.0 0.9 3.0
2009.2493 -4956.71 350.136 -2040.7 1.0 0.9 2.9
2009.2521 -4958 351.024 -2039.6 1.1 0.9 3.1
2009.2548 -4963.52 352.467 -2042.7 1.1 0.9 3.0
2009.2575 -4970.63 350.802 -2046.1 1.0 0.8 2.9
2009.2603 -4975.01 351.801 -2046 1.0 0.9 2.9
2009.2630 -4979.9 351.69 -2042.2 1.0 0.9 2.9
2009.2658 -4983.85 352.8 -2046.4 1.0 0.9 2.9
2009.2685 -4988.47 352.8 -2050.5 1.0 0.9 3.0
2009.2712 -4993.16 353.465 -2053.5 1.2 1.0 3.1
2009.2740 -4997.64 353.243 -2049.5 1.1 1.0 3.2
2009.2767 -5002.59 354.353 -2054.5 1.3 1.1 3.3
2009.2795 -5005.81 354.797 -2056.7 1.1 1.0 3.1
2009.2822 -5011.53 354.242 -2056.5 1.1 0.9 3.0
2009.2849 -5015.48 354.464 -2062.4 1.0 0.9 3.0
2009.2877 -5020.73 357.461 -2065.4 1.0 0.9 2.9
2009.2904 -5024.79 356.129 -2072.4 1.1 1.0 3.1
2009.2932 -5031.8 356.795 -2065.6 1.2 1.0 3.1
2009.2959 -5034.16 358.348 -2067.7 1.1 1.0 3.1
2009.2986 -5039.94 357.905 -2064.6 1.0 0.9 2.9
2009.3014 -5043.19 356.795 -2071.5 1.0 0.9 3.0
2009.3041 -5048.64 357.905 -2070.3 1.0 0.9 2.9
2009.3068 -5053.23 357.905 -2076.5 1.0 0.9 2.9
2009.3096 -5057.05 359.125 -2073.9 1.0 0.9 2.9
2009.3123 -5062.3 360.013 -2080.5 1.1 1.0 3.1
2009.3151 -5067.68 359.791 -2075.2 1.1 1.0 3.1
2009.3178 -5072.43 362.011 -2073.7 1.0 0.9 3.0
2009.3205 -5076.19 363.121 -2079.7 1.1 0.9 3.1
2009.3233 -5081.37 363.786 -2083.4 1.0 0.9 3.0
2009.3260 -5083.23 363.342 -2078.1 1.0 0.9 3.0
2009.3288 -5089.54 361.9 -2079.4 1.0 0.9 3.0
2009.3315 -5094.53 363.121 -2086.6 1.0 0.9 3.0
2009.3342 -5097.95 365.007 -2080.4 1.0 0.9 2.9
2009.3370 -5104.66 364.563 -2085.1 1.0 0.9 3.0
2009.3397 -5107.55 364.896 -2088.9 1.0 0.9 3.0
2009.3425 -5111.37 365.007 -2093.2 1.0 0.9 2.9
2009.3452 -5117.52 367.005 -2094.1 1.1 0.9 3.2
2009.3479 -5120.84 368.447 -2095.9 1.1 1.0 3.2
2009.3507 -5123.6 365.34 -2099 1.2 1.1 3.3
2009.3534 -5130.24 366.339 -2097.9 1.1 1.0 3.1
2009.3562 -5137.02 366.783 -2094.3 1.0 1.0 3.1
2009.3589 -5137.55 366.45 -2098.2 1.3 1.1 3.5
2009.3616 -5144.3 368.447 -2099.8 1.0 0.9 3.0
2009.3644 -5148.05 369.446 -2104.6 1.0 0.9 2.9
2009.3671 -5153.97 369.557 -2111.4 1.0 0.9 3.0
2009.3699 -5158.72 370.112 -2114 1.0 0.9 3.0
2009.3726 -5162.51 368.669 -2115.3 1.0 0.9 3.0
2009.3753 -5166.92 368.004 -2119.6 1.0 0.9 3.0
2009.3781 -5172.17 369.224 -2122.8 1.0 0.9 3.0
2009.3808 -5176.99 370.001 -2119 1.1 0.9 3.1
2009.3836 -5181.54 371.777 -2113.3 1.1 0.9 3.0
2009.3863 -5186.03 371 -2114.9 1.0 0.9 2.9
2009.3890 -5189.65 372.887 -2120.6 1.1 1.0 3.1
2009.3918 -5194.7 371.777 -2130 1.0 0.9 3.1
2009.3945 -5199.05 370.112 -2124.4 1.0 0.9 3.0
2009.3973 -5205.27 371.444 -2122.7 1.0 0.9 3.0
2009.4000 -5210.82 373.33 -2132.7 1.0 0.9 2.9
2009.4027 -5213.87 374.107 -2134.9 1.0 0.9 2.9
2009.4055 -5216.23 373.663 -2139.7 1.2 1.0 3.3
2009.4082 -5221.95 371 -2139.5 1.1 1.0 3.1
2009.4110 -5228.79 369.002 -2142 1.1 0.9 3.1
2009.4137 -5234.21 373.996 -2145.6 1.0 0.9 3.0
2009.4164 -5238.23 373.663 -2143.7 1.1 0.9 3.0
2009.4192 -5242.94 373.22 -2147.6 1.0 0.9 3.0
2009.4219 -5246.63 374.329 -2151.7 1.0 0.9 3.0
2009.4247 -5252.55 375.55 -2151.6 1.1 1.0 3.1
2009.4274 -5257.3 375.217 -2156.2 1.1 1.0 3.3
2009.4301 -5261.65 374.44 -2152 1.0 0.9 3.1
2009.4329 -5264.24 374.329 -2158.8 1.0 0.9 3.0
2009.4356 -5270.06 376.438 -2166.7 1.0 0.9 3.0
2009.4384 -5274.24 374.884 -2173.5 1.0 0.9 3.0
2009.4411 -5279.39 375.106 -2172.2 1.0 0.9 3.0
2009.4438 -5285.04 375.328 -2170.9 1.0 0.9 3.0
2009.4466 -5288.46 376.327 -2171.4 1.0 0.9 2.9
2009.4493 -5293.91 376.327 -2173.6 1.0 0.9 3.0
2009.4521 -5296.4 376.993 -2178.4 1.1 0.9 3.1
2009.4548 -5301.75 378.103 -2177.2 1.0 0.9 3.0
2009.4575 -5308.76 377.437 -2179 1.0 0.9 3.0
2009.4603 -5313.48 377.992 -2176.6 1.0 0.9 3.0
2009.4630 -5316.7 377.881 -2182 1.1 0.9 3.0
2009.4658 -5320.39 379.323 -2182.1 1.0 0.9 2.9
2009.4685 -5325.18 378.879 -2183.1 1.0 0.9 2.9
2009.4712 -5332.72 380.655 -2183.9 1.1 0.9 3.0
2009.4740 -5334.81 379.656 -2186.1 1.0 0.9 3.0
2009.4767 -5339.5 379.323 -2191.5 1.0 0.9 3.0
2009.4795 -5342.55 379.101 -2196.2 1.0 0.9 3.0
2009.4822 -5348.73 381.654 -2193.7 1.1 1.0 3.2
2009.4849 -5353.65 381.876 -2198 1.0 0.9 3.0
2009.4877 -5359.93 380.988 -2202.4 1.1 0.9 3.0
2009.4904 -5363.15 383.319 -2194.9 1.3 1.0 3.4
2009.4932 -5367.64 381.432 -2203.7 1.3 1.0 3.2
2009.4959 -5372.69 382.986 -2196.2 1.5 1.3 4.3
2009.5014 -71338.4 44466.9 2179.9 2.0 1.8 5.5
2009.5041 -71335.4 44470.8 2189.9 1.0 0.9 3.0
2009.5068 -71340.2 44471.5 2184.7 1.1 0.9 3.0
2009.5096 -71344.9 44473.1 2180.5 1.0 0.8 2.9
2009.5123 -71348.2 44475.8 2179.7 1.0 0.9 3.0
2009.5151 -71351.6 44475.7 2171.8 1.1 0.9 3.1
