1999.4603 0 0 0 1.4 1.0 2.9
1999.4630 -3.8849 -1.11035 -8.6 1.6 1.1 3.2
2000.4493 -14.6094 -19.098 23.8 4.9 2.1 7.2
2000.4493 -12.0377 -21.4298 59.4 5.0 2.2 6.8
2000.4521 -6.45659 -21.985 1.7 1.4 1.0 2.9
2000.4521 0 -28.0919 50.7 1.4 1.0 2.8
2000.4548 -5.41697 -22.4291 -2.5 1.4 1.2 3.1
2000.4548 -3.66603 -26.5374 49.7 1.3 1.0 2.8
2000.4575 0.820754 -25.7602 43.8 1.4 1.0 2.8
2000.4603 0.930187 -26.3153 48.1 1.2 0.9 2.7
2000.4630 -0.984905 -27.6477 47.5 1.6 1.2 3.2
2001.6932 -29.3283 -41.3051 -7.4 22.0 15.7 32.8
2001.6932 48.4792 -49.9658 83.2 46.6 27.4 49.5
2001.6959 -9.13772 -54.1851 22.7 1.5 1.1 3.2
2001.6959 -4.65094 -59.4038 64.7 1.5 1.0 3.0
2001.6986 -12.8585 -54.8514 27.8 1.6 1.1 3.2
2001.6986 -11.5453 -60.6252 65.6 1.7 1.1 3.1
2001.7014 -10.2868 -55.2955 24.2 1.7 1.2 3.4
2001.7014 -9.19244 -60.7362 64.6 1.8 1.1 3.2
2002.5041 -12.8038 -78.6129 19.9 3.8 1.9 6.0
2002.5068 -9.68489 -74.9487 5.2 1.2 0.9 2.7
2002.5096 -2.46226 -75.837 16.8 1.2 0.9 2.7
2002.5123 -5.30754 -76.3922 16.3 1.4 1.0 2.9
2002.8767 -17.0717 -100.154 77.2 1.2 1.0 2.8
2002.8795 -21.2302 -98.3771 88.7 1.3 1.1 3.0
2003.4904 -34.9641 -112.479 32.4 1.5 1.1 3.1
2003.4904 -29.9301 -118.141 72.2 1.6 1.0 3.0
2003.4932 -34.6358 -113.922 29.7 1.6 1.3 3.6
2003.4932 -31.6811 -117.919 68.2 1.5 1.2 3.2
2004.5726 -51.3244 -145.9 17.9 4.7 2.1 5.7
2006.3781 -53.1301 -183.097 66.3 1.5 0.9 2.7
2006.3808 -54.9905 -184.318 66.3 1.2 0.8 2.5
2006.3836 -55.2093 -186.983 60.6 1.2 0.8 2.5
2006.4329 -62.3773 -188.538 68.5 1.5 0.9 2.8
2006.4356 -59.0395 -187.427 72.5 1.4 0.9 2.7
2006.4384 -56.3037 -187.871 73.6 1.4 0.9 2.6
2007.4575 -65.4961 -206.747 81.3 1.2 0.8 2.4
2007.4603 -64.1282 -208.524 84.9 1.2 0.8 2.3
2007.4630 -65.9339 -207.303 79.8 1.2 0.8 2.4
2010.3479 -88.4225 -282.029 124.3 1.4 1.0 3.2
2010.3507 -87.7659 -280.919 122.6 1.4 0.9 3.0
2010.3534 -88.9697 -281.03 126.3 1.4 0.9 3.0
2010.3562 -91.1583 -281.807 127.2 1.4 1.0 3.1
2010.3589 -89.4074 -283.473 130.4 1.4 0.9 3.0
2011.6904 -102.649 -325.666 147.4 1.2 0.8 2.5
2011.6932 -102.868 -326.554 143.7 1.5 1.0 2.9
2012.6247 -108.832 -342.877 127.2 1.1 0.8 2.3
2012.6247 -113.428 -339.879 143.6 1.1 0.8 2.3
2012.6274 -113.373 -343.765 129.4 1.3 0.9 2.7
2012.6274 -117.149 -340.434 147.9 1.3 0.9 2.7
2013.7753 -119.064 -365.861 139.5 1.1 0.8 2.4
2013.7753 -123.387 -363.64 159.1 1.1 0.9 2.4
2013.7781 -119.228 -366.638 137.6 1.1 0.8 2.4
2013.7781 -125.302 -363.64 155.4 1.1 0.8 2.4
2013.7808 -114.687 -367.193 140.5 1.1 0.8 2.4
2013.7808 -121.526 -363.307 153.9 1.1 0.8 2.4
2013.7836 -118.024 -370.08 137.4 1.1 0.8 2.4
2013.7836 -123.222 -366.194 155.7 1.1 0.8 2.4
2013.7863 -118.243 -367.637 139.8 1.3 0.9 2.7
2013.7863 -124.207 -363.085 160.2 1.3 0.9 2.7
2014.3918 -130.171 -374.522 171.6 1.1 0.8 2.5
2014.3918 -134.604 -373.855 154.7 1.1 0.8 2.5
2014.3945 -132.524 -375.299 171.8 1.1 0.8 2.5
2014.3945 -135.917 -374.966 159 1.1 0.8 2.5
2014.3973 -131.704 -375.188 168.6 1.1 0.8 2.5
2014.3973 -136.136 -374.633 155.2 1.1 0.8 2.5
2014.4000 -133.181 -373.189 170 1.1 0.8 2.5
2014.4000 -133.29 -374.855 156.7 1.1 0.8 2.5
2014.4027 -124.426 -376.853 175.2 1.1 0.9 2.6
2014.4027 -135.424 -374.41 164.9 1.1 0.8 2.5
2015.4904 -137.339 -403.613 187.5 1.2 0.9 2.6
2015.4904 -140.841 -398.061 170.6 1.2 0.9 2.6
2015.4932 -144.343 -398.283 172.3 1.1 0.8 2.4
2015.4932 -146.149 -399.727 174.4 1.1 0.8 2.4
2015.4959 -144.398 -397.839 164 1.2 0.8 2.5
2015.4959 -142.483 -399.504 164.2 1.2 0.8 2.5
2015.4986 -145.164 -396.729 163.7 1.2 0.8 2.5
2015.4986 -144.343 -398.838 164.7 1.2 0.8 2.5
2015.5014 -148.009 -394.397 156.2 2.1 1.6 4.3
2015.5014 -145.219 -402.502 167.2 1.5 1.0 2.9
2016.7151 -148.392 -430.372 183.8 1.1 0.8 2.5
2016.7178 -149.322 -428.818 181.2 1.1 0.8 2.4
2016.7205 -146.532 -429.262 189.9 1.2 0.9 2.7
2019.3863 -168.254 -494.328 180.9 3.7 2.3 6.1
2019.3890 -170.17 -494.995 181.4 1.1 0.8 2.5
2019.3918 -174.219 -493.995 187.3 1.3 1.0 2.8
2020.5507 -186.366 -516.313 208 1.2 0.9 2.7
2020.5534 -182.098 -517.535 203.1 1.3 1.0 2.9
