1999.4603 0 0 0 1.4 1.0 2.9
1999.4630 -3.83027 -1.11035 -8.5 1.6 1.1 3.2
2000.4493 -14.6097 -19.098 23.9 4.9 2.1 7.2
2000.4521 -6.45673 -21.985 1.8 1.4 1.0 2.9
2000.4548 -5.36237 -22.4291 -2.4 1.4 1.2 3.1
2001.6932 -29.3289 -41.3051 -7.3 22.0 15.7 32.8
2001.6959 -9.0832 -54.2962 22.8 1.5 1.1 3.2
2001.6986 -12.804 -54.8514 27.9 1.6 1.1 3.2
2001.7014 -10.2323 -55.2955 24.3 1.7 1.2 3.4
2002.5041 -12.804 -78.6129 20 3.8 1.9 6.0
2002.5068 -9.57566 -74.9487 5.2 1.2 0.9 2.7
2002.5096 -2.40759 -75.948 16.8 1.2 0.9 2.7
2002.5123 -5.30765 -76.3922 16.3 1.4 1.0 2.9
2003.4904 -34.9101 -112.479 32.4 1.5 1.1 3.1
2003.4932 -34.5818 -113.922 29.7 1.6 1.3 3.6
2004.5726 -51.3256 -145.9 18 4.7 2.1 5.7
2006.3781 -53.0765 -183.097 66.4 1.5 0.9 2.7
2006.3808 -54.8822 -184.318 66.4 1.2 0.8 2.5
2006.3836 -55.1011 -187.094 60.7 1.2 0.8 2.5
2006.4329 -62.3239 -188.649 68.6 1.5 0.9 2.8
2006.4356 -58.9861 -187.427 72.6 1.4 0.9 2.7
2006.4384 -56.1955 -187.871 73.7 1.4 0.9 2.6
2007.4575 -65.3881 -206.747 81.4 1.2 0.8 2.4
2007.4603 -64.0749 -208.524 85 1.2 0.8 2.3
2007.4630 -65.8806 -207.303 79.9 1.2 0.8 2.4
2010.3479 -88.3697 -282.029 124.4 1.4 1.0 3.2
2010.3507 -87.7131 -280.919 122.7 1.4 0.9 3.0
2010.3534 -88.9169 -281.03 126.4 1.4 0.9 3.0
2010.3562 -91.1056 -281.807 127.3 1.4 1.0 3.1
2010.3589 -89.2999 -283.473 130.4 1.4 0.9 3.0
2012.6247 -108.725 -342.988 127.3 1.1 0.8 2.3
2012.6274 -113.266 -343.765 129.4 1.3 0.9 2.7
2013.7753 -119.012 -365.861 139.6 1.1 0.8 2.4
2013.7781 -119.121 -366.749 137.7 1.1 0.8 2.4
2013.7808 -114.58 -367.304 140.6 1.1 0.8 2.4
2013.7836 -117.917 -370.08 137.5 1.1 0.8 2.4
2013.7863 -118.082 -367.637 139.9 1.3 0.9 2.7
2014.3918 -130.12 -374.633 171.6 1.1 0.8 2.5
2014.3945 -132.363 -375.299 171.9 1.1 0.8 2.5
2014.3973 -131.597 -375.188 168.6 1.1 0.8 2.5
2014.4000 -133.074 -373.189 170 1.1 0.8 2.5
2014.4027 -124.265 -376.853 175.3 1.1 0.9 2.6
2015.4904 -137.288 -403.724 187.6 1.2 0.9 2.6
2015.4932 -144.237 -398.283 172.3 1.1 0.8 2.4
2015.4959 -144.237 -397.839 164 1.2 0.8 2.5
2015.4986 -145.112 -396.729 163.8 1.2 0.8 2.5
2015.5014 -147.958 -394.397 156.2 2.1 1.6 4.3
2016.7151 -148.286 -430.483 183.9 1.1 0.8 2.5
2016.7178 -149.216 -428.818 181.3 1.1 0.8 2.4
2016.7205 -146.426 -429.262 189.9 1.2 0.9 2.7
2019.3863 -168.149 -494.439 181 3.7 2.3 6.1
2019.3890 -170.064 -494.995 181.5 1.1 0.8 2.5
2019.3918 -174.113 -494.106 187.4 1.3 1.0 2.8
2020.5507 -186.26 -516.424 208.1 1.2 0.9 2.7
2020.5534 -181.938 -517.535 203.2 1.3 1.0 2.9
