1995.5836 0 0 0 9.8 5.5 15.7
1995.5863 -0.608502 -2.22074 12.1 2.6 2.1 6.3
1995.5890 6.52757 -3.10904 0.8 2.9 2.4 7.6
1995.6082 -2.32337 1.44348 3.8 3.5 2.6 8.4
1996.4301 -19.804 6.8843 18.5 2.9 2.5 7.3
1996.4329 -17.7572 10.4375 14.9 2.8 2.5 7.4
1997.3836 -32.0293 30.4242 29 3.8 3.1 9.6
1997.3890 -35.1272 24.6502 -0.7 3.9 3.8 10.4
1998.4247 -56.5354 28.6476 30.7 2.8 2.6 8.2
1998.4274 -51.8333 30.3131 25.2 3.2 2.2 6.8
1998.7671 -67.2671 21.0971 24.7 2.4 1.4 4.3
1998.7699 -68.2076 21.7633 19.2 2.9 1.9 5.5
1999.4411 -68.3735 35.0877 30.7 15.3 3.6 19.3
1999.6904 -65.331 61.1815 41.9 5.7 3.5 9.9
1999.6932 -76.6713 88.9407 -117.5 12.3 10.4 24.7
2000.6822 -92.7136 47.4129 40.9 3.3 2.3 6.9
2001.5041 -114.62 55.8517 29.1 2.1 1.2 4.2
2001.5068 -117.718 55.7406 30.3 1.6 1.0 3.2
2001.5096 -124.079 60.5152 21.5 2.6 2.0 5.4
2003.7151 53.7695 50.5219 -342.8 2.4 1.6 4.8
2003.7178 -172.372 68.9541 41.2 1.8 1.1 3.5
2003.7205 -173.368 69.8424 65.2 2.0 1.2 4.2
2005.3370 -201.138 89.2739 71.3 2.9 1.6 5.3
