1996.6795 0 0 0 4.4 1.9 7.1
1996.7753 -37.9142 -6.10654 51.4 9.3 4.3 12.0
1996.7781 -59.0768 63.8411 -23.1 33.6 25.0 29.1
1997.4356 -10.9226 -15.5439 10.6 3.2 2.8 7.4
1997.4384 -17.6443 -19.985 10.5 3.3 3.2 8.9
1997.4411 -7.14173 -12.6572 6.9 3.1 2.8 7.4
1997.6548 -13.0232 -16.7652 26.1 7.2 2.5 9.7
1997.6575 -15.0186 -17.5424 32.3 5.6 2.1 7.1
1999.7014 -29.7747 -77.8306 17.2 4.2 2.5 8.7
1999.7479 -27.1491 -84.6033 22.6 3.6 2.4 6.4
1999.7507 -44.7934 -77.8306 -4.4 2.6 1.5 5.0
2000.6411 -45.476 -111.028 25.6 4.3 2.7 9.0
2004.4658 -132.7 -183.307 24.2 4.6 1.9 7.1
2004.4685 -143.622 -185.528 34.6 4.6 2.1 7.5
2017.4000 -365.331 -383.713 88.1 1.6 0.9 3.2
2017.4027 -364.596 -382.269 93.9 1.6 0.9 3.2
2019.3808 -399.779 -408.583 93.9 1.7 1.1 3.7
2019.3836 -406.133 -410.915 86.5 1.7 1.0 3.5
