1995.8877 0 0 0 1.7 0.9 3.6
1995.8904 -3.04377 3.44678 -10.6 1.8 1.0 3.7
1995.8932 -9.93702 1.6678 -2.9 1.7 0.9 3.6
1995.8959 -13.3389 -1.11186 0.7 1.7 0.9 3.7
1995.8986 -14.4131 -1.55661 10.5 1.7 0.9 3.6
1995.9014 -2.95425 0 6.1 1.7 0.9 3.7
1995.9041 -9.75797 0.33356 3 1.7 0.9 3.7
1995.9068 -3.40186 2.22373 2.9 1.6 0.9 3.7
1995.9096 -5.37136 1.6678 -5.1 1.6 0.9 3.6
1995.9123 -7.69895 -1.11186 1.3 1.7 1.0 3.6
1995.9151 0.268569 6.00406 -3.9 1.7 0.9 3.9
1995.9178 4.38661 2.11254 -1.4 1.6 0.9 3.6
1995.9205 -2.68568 1.77898 4.2 1.6 0.9 3.7
1995.9233 -9.66845 3.55796 -0.7 1.7 0.9 3.5
1995.9260 -20.2321 9.0061 -7.1 1.8 1.0 3.7
1995.9288 -16.5617 6.00406 1.5 1.8 1.0 3.7
1995.9315 -7.96752 2.66847 1.7 1.7 0.9 3.7
1995.9342 4.47613 0.222373 7.9 1.7 1.0 3.9
1995.9370 -6.08754 1.89017 3.4 1.6 0.9 3.6
1995.9397 -4.65518 -0.555932 0.4 1.7 0.9 3.6
1995.9425 0.179046 -4.1139 6.2 1.6 0.9 3.5
1995.9452 2.41711 2.55729 11.3 1.7 0.9 3.5
1995.9479 -0.179045 -2.89085 10.7 1.7 1.0 3.7
1995.9507 -6.53515 -6.78237 7.3 1.7 0.9 3.5
1995.9534 5.63993 1.33424 9.6 1.6 0.9 3.7
1995.9562 10.3846 3.11322 11.8 1.7 0.9 3.8
1995.9589 0.895227 0.889491 11.3 1.7 1.0 3.7
1995.9616 5.9085 -1.89017 9 1.7 0.9 3.7
1995.9644 4.29709 -3.78034 5.6 1.7 0.9 3.8
1995.9671 -3.40186 -3.33559 6.1 1.9 1.0 3.8
1995.9699 -5.63993 5.67051 0.5 1.8 0.9 3.7
1995.9726 -4.11804 7.89423 -3.6 1.7 0.9 3.6
1995.9753 -2.95425 0.667118 8.9 1.7 0.9 3.7
1995.9781 -1.9695 2.00135 9.1 1.6 0.9 3.5
1995.9808 -9.39988 -1.89017 18.8 1.6 1.0 3.6
1995.9836 -4.29709 -2.4461 9.9 1.7 0.9 3.6
1995.9863 -8.14656 -4.00271 11.3 1.6 0.9 3.5
1995.9890 1.43236 0 13.2 1.6 0.9 3.5
1995.9918 1.61141 2.22373 -5.7 1.6 0.9 3.6
1995.9945 -3.13329 2.66847 13.1 1.6 0.9 3.6
1995.9973 -2.95425 0.778305 2.1 1.6 0.9 3.6
1996.0000 -0.447612 7.67186 4.9 1.7 0.9 3.7
1996.0027 -2.14854 0.111187 7.3 1.6 0.9 3.7
1996.0055 -13.5179 0.889491 5.4 1.6 0.9 3.7
1996.0082 -10.2951 5.00339 5.8 2.2 1.1 4.8
1996.0110 -2.50663 3.55796 2.5 1.7 1.0 3.8
1996.0137 -4.02852 1.33424 -5.1 1.6 1.0 3.7
1996.0164 -3.49138 3.00203 -1.6 1.6 0.9 3.6
1996.0192 -4.56566 6.89356 -1.7 1.7 0.9 3.5
1996.0219 -16.9198 1.89017 3.9 1.7 1.0 3.8
1996.0247 -1.07427 7.56067 8 1.6 0.9 3.6
1996.0274 -1.70093 4.22508 8.5 1.6 0.9 3.7
1996.0301 -10.6532 3.78034 5.7 1.7 1.0 3.8
1996.0329 -4.11804 2.22373 8.7 1.6 1.0 3.5
1996.0356 -7.78847 3.00203 8.1 1.6 0.9 3.6
1996.0384 -3.40186 5.78169 15.5 1.6 1.0 3.7
1996.0411 -4.7447 5.44813 9.4 1.7 1.0 3.8
1996.0438 -8.23609 3.78034 3.3 1.7 1.0 3.9
1996.0466 -2.23807 3.89152 8.7 1.6 1.0 3.7
1996.0493 -5.19231 3.89152 7.2 1.6 0.9 3.6
1996.0521 -8.14656 4.8922 1.7 1.6 0.9 3.5
1996.0548 0.716181 2.55729 5.2 1.6 0.9 3.4
1996.0575 -5.01327 2.22373 1.9 1.5 1.0 3.4
1996.0603 -1.79045 0.444746 8.6 1.6 0.9 3.7
1996.0630 -2.86472 0.33356 8 1.6 1.0 3.6
1996.0658 -7.43038 0.778305 8.6 1.6 1.0 3.5
1996.0685 -9.66845 -1.89017 18.9 1.6 0.9 3.4
1996.0712 -0.626658 2.00135 0.5 1.7 1.0 3.8
1996.0740 -0.179045 0.33356 6 1.6 1.0 3.6
1996.0767 -2.59616 -2.4461 8.1 1.5 1.0 3.5
1996.0795 -4.83422 -1.11186 9 1.6 1.0 3.5
1996.0822 1.07427 -2.89085 9.4 1.6 1.0 3.7
1996.0849 -1.61141 -2.55729 12.2 1.6 1.0 3.8
1996.0877 -6.44563 0.889491 10.3 1.7 1.1 3.7
1996.0904 1.1638 -0.222373 11.6 1.6 0.9 3.6
1996.0932 -1.34284 -3.78034 8.8 1.6 0.9 3.5
1996.0959 -4.56566 0.889491 5.7 1.7 1.0 3.6
1996.0986 -2.41711 -2.11254 5.6 1.6 1.0 3.6
1996.1014 0 -3.33559 4.5 1.6 1.0 3.6
1996.1041 1.79045 0.444746 -1.2 1.6 1.0 3.6
1996.1068 7.5199 3.89152 2.2 1.8 1.0 3.6
1996.1096 7.69895 -3.78034 9.6 1.6 1.0 3.7
1996.1123 -3.58091 -3.89152 5.9 1.7 1.0 3.8
1996.1151 2.7752 -2.22373 13 1.7 1.0 3.8
1996.1178 6.35611 -3.78034 12.8 1.7 1.0 3.8
1996.1205 3.84947 2.4461 19 1.7 1.1 3.9
1996.1233 1.79045 -1.77898 9.3 1.7 1.0 3.7
1996.1260 9.84749 -3.00203 11.6 1.7 1.0 3.6
1996.1288 5.9085 -4.1139 8.9 1.7 1.0 3.9
1996.1315 -12.8017 14.899 -45.7 1.8 1.1 3.8
1996.1342 8.50465 1.6678 4.6 1.7 1.0 3.8
1996.1370 3.84947 5.33695 -2.2 1.9 1.0 3.8
1996.1397 3.49138 2.55729 3.2 1.8 1.0 3.6
1996.1425 9.39988 -5.22576 -1.9 1.7 1.1 3.9
1996.1452 6.26659 0.889491 -8.8 1.6 1.0 3.7
1996.1479 4.20757 -2.77966 6.5 1.6 1.0 3.8
1996.1507 2.59616 -1.33424 -4.3 1.6 0.9 3.6
1996.1534 4.47613 -1.77898 7.8 1.8 1.0 4.0
1996.1562 11.3694 -1.77898 14.3 1.7 1.0 3.8
1996.1589 3.84947 -5.11457 9.3 1.9 1.1 3.8
1996.1616 15.756 0 4.8 1.7 1.0 3.7
1996.1644 13.1598 -0.111186 -0.4 1.7 1.0 3.8
1996.1699 7.43038 0.555932 12.3 1.7 1.0 3.6
1996.1726 13.4284 -4.8922 19.1 1.7 1.0 3.8
1996.1753 10.5637 -6.11525 10.7 1.6 1.0 3.6
1996.1781 15.3979 -7.67186 14.1 1.8 1.0 3.9
1996.1808 4.38661 -5.89288 20.6 1.8 1.0 4.1
1996.1836 6.89325 -12.0081 23.2 1.6 1.0 3.6
1996.1863 4.29709 2.22373 18.6 1.7 1.0 3.7
1996.1890 12.7122 -5.22576 13.9 1.6 1.0 3.7
1996.1918 0.089523 -0.667118 2.9 1.7 0.9 3.7
1996.1945 4.47613 -3.00203 10.4 1.8 1.1 4.0
1996.1973 -7.25134 -4.1139 9.2 1.7 1.0 3.7
1996.2000 0.716181 0.778305 6 1.7 1.0 3.8
1996.2027 6.53516 -4.44745 19.9 1.7 1.0 3.8
1996.2055 3.84947 -3.00203 8.8 1.8 1.0 3.7
1996.2082 21.2169 -4.55864 13.1 1.7 1.0 3.7
1996.2110 10.2951 -2.00135 19.3 1.7 1.0 3.7
1996.2137 -4.20757 -1.22305 6.6 1.8 1.0 3.8
1996.2164 5.46088 -4.66983 14 1.7 1.0 3.8
1996.2192 13.3389 -4.33627 11.2 1.7 1.0 3.8
1996.2219 1.87998 0.555932 9.5 1.8 1.0 3.7
1996.2247 -1.87998 -1.77898 9.9 1.9 1.1 3.9
1996.2274 11.817 -6.89356 17 1.7 1.0 4.0
1996.2301 0.62666 -4.22508 15 1.9 1.0 3.7
1996.2329 6.98277 -3.89152 7 1.8 1.0 4.1
1996.2356 -3.939 -6.22644 -1.8 1.7 1.0 3.7
1996.2384 1.1638 -4.33627 7.8 1.7 0.9 3.8
1996.2411 4.29709 -4.33627 8.4 1.7 1.0 3.9
1996.2438 4.92375 -4.1139 17.6 1.7 1.0 3.7
1996.2466 1.70093 -1.44542 22.2 1.7 1.0 3.9
1996.2493 -7.87799 -1.44542 18.2 1.7 1.0 3.8
1996.2521 3.04377 0 11 1.7 0.9 3.7
1996.2548 1.43236 1.44542 4.9 1.6 1.0 3.8
1996.2575 1.70093 1.6678 7.9 1.7 0.9 3.8
1996.2603 3.939 2.4461 8.5 1.7 1.0 3.7
1996.2630 5.01327 -3.44678 0.3 1.8 1.0 3.7
1996.2658 -0.358091 -2.55729 9.7 1.7 1.0 3.8
1996.2685 -3.04377 -2.77966 4.2 1.6 0.9 3.6
1996.2712 3.58091 -2.4461 2.4 1.8 0.9 3.8
1996.2740 3.22282 -1.55661 10.5 1.7 1.0 3.7
1996.2767 3.31234 -5.11457 12.6 1.7 0.9 3.5
1996.2795 3.13329 -3.11322 5.9 1.7 0.9 3.6
1996.2822 10.7427 -1.89017 8.4 1.9 1.0 3.7
1996.2849 5.55041 -3.55796 4.4 1.8 1.0 3.8
1996.2877 1.79045 -5.55932 10 1.9 1.0 3.8
1996.2904 2.95425 -6.00406 4.7 2.0 1.0 3.9
1996.2932 6.17707 -0.555932 1.8 1.6 0.9 3.6
1996.2959 -7.5199 -3.44678 6.8 1.7 0.9 3.4
1996.3014 3.13329 -2.77966 10.1 1.8 1.0 3.6
1996.3041 8.86274 -5.44813 -6.9 1.9 1.0 3.7
1996.3068 -2.59616 -3.89152 7.5 2.2 1.0 4.0
1996.3096 -4.20757 -5.55932 1.2 2.1 1.0 3.8
1996.3123 2.86473 -6.33762 7.8 1.8 0.9 3.7
1996.3151 5.72945 -2.00135 9.9 1.7 0.9 3.7
1996.3178 7.25134 -5.22576 11.5 1.7 0.9 3.7
1996.3205 1.79045 -4.44745 9.6 1.9 1.0 3.9
1996.3233 15.3084 0.667118 2.6 1.7 0.9 3.5
1996.3260 2.32759 -4.55864 11.3 1.7 0.9 3.7
1996.3288 1.52189 -11.2298 6.6 1.8 1.0 4.2
1996.3315 10.4742 -5.33695 9.1 1.7 0.9 3.6
1996.3342 7.96752 -3.2244 2.1 1.8 1.0 3.6
1996.3370 4.56566 -1.6678 6.1 1.8 0.9 3.6
1996.3397 7.43038 -3.33559 -3.7 1.8 0.9 3.7
1996.3425 14.9503 -5.00339 6.4 1.7 0.9 3.5
1996.3452 9.4894 -3.78034 2.1 1.7 1.0 3.7
1996.3479 2.59616 -4.55864 3.3 1.7 1.0 3.7
1996.3507 0.358091 -5.00339 0.4 1.9 1.0 3.7
1996.3534 6.53516 -6.22644 -4.9 1.9 1.0 3.8
1996.3562 0.089523 -1.6678 8 1.9 0.9 4.0
1996.3589 3.58091 -6.00406 8.5 1.8 1.1 4.1
1996.3616 7.25134 -4.55864 6.6 1.7 1.0 3.7
1996.3644 12.0856 2.4461 9.1 1.7 1.0 3.8
1996.3671 7.878 -2.77966 0.2 1.8 1.0 4.0
1996.3699 6.08754 -0.111186 1.6 1.7 1.0 3.7
1996.3726 -0.0895217 -1.11186 -2.9 1.7 1.0 3.8
1996.3753 5.37136 -7.00474 -8.3 1.7 1.0 3.8
1996.3808 7.07229 -5.89288 -0.4 1.8 1.0 3.8
1996.3836 4.02852 -6.33762 -4.5 1.7 1.0 3.8
1996.3863 13.0703 -3.78034 -16.2 1.9 1.1 4.2
1996.3918 8.95227 -7.56067 10.2 1.7 1.0 3.7
1996.3945 7.16181 -7.00474 3.6 1.7 1.0 3.8
1996.3973 5.81897 -9.0061 8.4 1.7 1.0 3.7
1996.4000 7.43038 -9.11728 7.4 1.8 1.0 4.1
1996.4027 8.59418 -11.0075 1.7 1.7 1.0 3.7
1996.4055 10.7427 -8.33898 4.5 1.6 1.0 3.7
1996.4110 7.07229 -10.2291 9.2 1.8 1.0 3.9
1996.4137 9.31036 -10.6739 4.8 1.7 1.0 3.7
1996.4164 11.2799 -11.4522 7.4 1.7 1.0 3.6
1996.4192 12.0856 -9.89559 8.1 1.8 1.0 3.7
1996.4219 8.77322 -6.89356 13.4 1.8 1.1 3.9
1996.4247 10.2951 -9.33966 12.7 2.1 1.2 4.3
1996.4274 10.0265 -2.55729 13.4 1.7 1.0 3.5
1996.4301 2.23807 -3.33559 18.7 1.7 1.0 3.9
1996.4329 5.63993 -9.89559 12 1.7 1.0 3.8
1996.4356 3.40186 -6.89356 6.6 1.7 1.0 3.8
1996.4384 7.25134 -7.78305 1.9 1.6 0.9 3.6
1996.4411 2.95425 -10.4515 15.2 1.7 1.0 3.7
1996.4438 11.3694 -10.3403 15.8 1.8 1.0 3.9
1996.4466 7.16181 -6.78237 8.3 1.7 1.0 3.7
1996.4493 9.93702 -8.56135 15.7 1.6 0.9 3.5
1996.4521 6.08754 -9.89559 10.3 1.6 1.0 3.8
1996.4548 3.67043 -9.11728 18.2 1.6 1.0 3.7
1996.4575 16.6512 -8.1166 16.3 1.6 1.0 3.7
1996.4603 10.2951 -7.89423 28.6 1.7 1.0 3.9
1996.4630 11.817 -9.33966 9.4 1.7 1.0 4.0
1996.4658 13.9655 -3.2244 18.5 1.7 1.0 3.8
1996.4685 17.9941 -3.44678 22.6 1.6 1.0 3.7
1996.4712 10.8322 -7.89423 28.1 1.6 1.0 3.5
1996.4740 2.7752 -2.00135 26.4 1.6 1.0 3.5
1996.4767 11.817 -8.22779 9 1.6 1.0 3.6
1996.4795 12.4437 -6.33762 7.4 1.7 1.0 3.8
1996.4849 9.39988 -5.55932 11.3 1.6 1.0 3.7
1996.4877 8.50465 -4.1139 10 1.8 1.0 3.8
1996.4904 7.878 -1.44542 16.7 1.6 1.0 3.7
1996.4932 10.9218 -0.555932 26.5 1.6 1.0 3.8
1996.4959 11.5484 -9.67321 19.9 1.6 1.0 3.8
1996.4986 29.7215 -3.78034 17.9 1.7 1.0 3.8
1996.5014 12.9808 -2.77966 13 1.7 1.0 3.7
1996.5041 16.0246 1.77898 13.9 1.7 1.0 4.0
1996.5068 21.8435 3.00203 18.2 1.7 1.0 3.8
1996.5096 16.0246 -7.44949 21.6 1.7 1.0 3.7
1996.5123 10.5637 -1.11186 13.1 1.7 1.0 3.5
1996.5151 17.7255 -2.77966 17.2 1.7 1.0 3.9
1996.5178 15.1293 -14.5654 11.9 1.7 1.0 3.7
1996.5205 15.935 -8.00542 4.4 1.7 1.0 4.1
1996.5233 14.7712 -8.00542 9 1.7 1.0 3.9
1996.5260 25.1559 -3.55796 3.2 1.8 1.0 3.8
1996.5288 14.7712 -6.00406 6.5 1.8 1.0 4.0
1996.5315 11.1903 -9.56203 6.4 1.7 1.0 3.9
1996.5342 18.6207 -8.56135 -6.7 1.6 0.9 3.5
1996.5370 11.1008 -7.3383 8.1 1.7 1.0 3.7
1996.5397 9.22084 -9.67321 1.7 1.7 1.0 3.9
1996.5425 7.60943 -3.33559 4.3 1.6 1.0 3.8
1996.5452 14.5027 -7.44949 7.4 1.8 1.0 4.0
1996.5479 21.0378 -4.55864 4.5 1.7 1.0 3.9
1996.5507 11.2799 -5.22576 14 1.6 1.0 3.7
1996.5534 9.75797 -11.6746 -6.1 1.7 1.0 3.7
1996.5562 23.3654 -8.67254 10.4 1.9 1.0 3.8
1996.5589 24.5292 -7.44949 3.6 1.8 1.0 3.7
1996.5644 14.8608 -13.12 14.5 1.7 1.0 3.9
1996.5671 23.3654 -8.00542 0.1 1.6 1.0 3.9
1996.5699 18.3521 -10.3403 6.4 1.8 1.0 3.9
1996.5726 11.817 -10.118 -5.9 1.6 1.0 3.8
1996.5753 20.9483 -9.7844 6.5 1.5 0.9 3.6
1996.5781 16.2036 -7.78305 4.6 1.6 1.0 3.7
1996.5808 19.7845 -7.00474 -5.2 1.6 0.9 3.7
1996.5836 12.2646 -9.22847 2.6 1.6 0.9 3.7
1996.5863 10.2056 -9.56203 13.8 1.6 1.0 3.8
1996.5890 26.3197 2.33491 3.1 1.7 1.0 3.8
1996.5918 21.1274 -8.33898 0.1 1.5 0.9 3.7
1996.5945 22.4702 -4.55864 5.2 1.7 1.0 3.9
1996.5973 13.0703 -3.33559 -2.6 1.6 1.0 3.9
1996.6000 11.7275 -7.00474 -9.5 1.7 1.1 4.0
1996.6027 7.69895 -3.33559 9.1 1.6 1.0 3.7
1996.6055 12.1751 -1.22305 14.1 1.7 1.0 3.8
1996.6082 18.9788 -4.66983 5.2 1.6 1.0 3.8
1996.6110 10.2951 -3.00203 8.3 1.6 1.0 3.9
1996.6137 11.1008 -4.44745 9.8 1.6 1.0 4.0
1996.6164 2.41711 -5.11457 14.5 1.7 1.0 4.0
1996.6192 18.0836 -1.89017 8.1 1.6 1.0 3.8
1996.6219 14.9503 -6.78237 12.3 1.6 1.0 4.0
1996.6247 14.1446 -13.4536 8.8 1.7 1.0 3.9
1996.6274 13.9655 -9.56203 5 1.5 0.9 3.7
1996.6301 16.2931 -6.00406 13.2 1.6 1.0 4.0
1996.6329 24.2606 -2.89085 -4.3 1.6 1.0 4.1
1996.6356 20.1426 -6.22644 -0.9 1.8 1.1 4.3
1996.6384 17.9045 -3.2244 -5.8 1.8 1.0 4.0
1996.6411 9.84749 -9.7844 -18.3 2.0 1.1 4.3
1996.6438 4.20757 -5.33695 -13.3 1.6 1.0 4.0
1996.6466 15.4874 -5.44813 -7.6 1.5 1.0 3.8
1996.6493 22.3807 -9.45084 5.4 1.6 1.1 4.1
1996.6521 9.84749 -9.89559 -7.9 1.6 1.0 3.7
1996.6548 3.84947 -5.33695 -16.3 1.7 1.0 3.8
1996.6603 15.8455 -10.6739 -1.8 1.6 1.0 3.6
1996.6630 12.0856 -8.89491 -4.3 1.9 1.0 4.0
1996.6658 20.8588 -5.89288 -17.8 1.8 1.0 3.9
1996.6685 23.0968 -6.33762 -0.3 1.6 0.9 3.8
1996.6712 9.04179 3.66915 -11.7 1.6 1.0 3.9
1996.6740 19.1579 -3.33559 -7.6 1.6 1.0 3.8
1996.6767 11.6379 -7.89423 -17.1 1.8 1.0 4.1
1996.6795 19.695 -16.7891 -4.9 1.6 0.9 3.7
1996.6822 15.0398 -10.4515 -16.6 1.6 0.9 3.6
1996.6849 12.0856 -12.3417 0.5 1.8 1.0 3.8
1996.6877 13.876 -17.6786 -7.3 2.8 2.0 7.8
1996.6904 13.697 -9.7844 -8.4 1.7 1.0 4.0
1996.6932 19.1579 -11.5634 2.4 1.8 1.0 4.0
1996.6959 20.3216 -10.3403 -12.4 1.6 1.1 3.8
1996.6986 26.2301 -9.33966 -2.4 1.8 1.0 4.0
1996.7014 37.331 -15.7885 10.4 1.6 1.0 3.7
1996.7041 13.697 -6.89356 -1.2 1.6 0.9 3.8
1996.7068 4.92375 -11.341 -11.7 1.6 0.9 3.5
1996.7096 12.3541 -14.0095 -2 1.6 1.0 3.7
1996.7123 23.1864 -9.0061 -2.3 1.7 1.0 3.7
1996.7151 4.11804 -8.45016 5.4 1.6 1.0 3.8
1996.7178 3.58091 -13.5647 -7.8 1.6 0.9 3.6
1996.7205 8.77322 -15.2325 -9.6 1.7 1.0 4.0
1996.7233 15.3979 -12.0081 -5.6 1.7 1.0 3.7
1996.7260 24.6187 -11.341 -5.9 1.7 1.0 3.7
1996.7288 4.02852 -10.3403 -0.7 1.6 0.9 3.6
1996.7315 16.2931 -12.8976 12.8 1.8 1.0 3.7
1996.7370 23.4549 -8.00542 5.9 1.6 0.9 3.7
1996.7397 16.2931 -10.4515 3.6 1.7 1.0 3.8
1996.7425 22.2911 -7.78305 3.6 1.7 1.0 4.0
1996.7452 21.2169 -11.6746 0.3 1.8 0.9 3.9
1996.7479 23.1864 -12.0081 9.3 1.5 0.9 3.6
1996.7507 21.9331 -12.6752 3.7 1.7 1.0 3.9
1996.7534 22.4702 -8.67254 -2.3 1.8 1.0 4.0
1996.7562 20.5902 -12.7864 -10.5 1.8 1.0 3.7
1996.7589 26.4092 -11.1186 6.5 1.7 0.9 3.6
1996.7616 12.8017 -6.78237 8.1 1.7 1.0 3.7
1996.7644 21.8435 -11.7858 2 1.8 0.9 3.7
1996.7671 20.3216 -10.2291 2.1 1.6 0.9 3.6
1996.7699 23.3654 -9.67321 -9.9 1.6 0.9 3.7
1996.7726 24.1711 -4.8922 -1.3 1.6 0.9 3.7
1996.7753 29.453 -13.12 -0.1 1.7 1.0 3.7
1996.7781 22.2016 -7.89423 -1.8 1.6 0.9 3.7
1996.7808 27.8416 -10.0068 -3.3 1.6 0.9 3.5
1996.7836 26.1406 -11.5634 -1.9 1.6 0.9 3.4
1996.7890 26.3197 -12.0081 -3.7 1.7 0.9 3.7
1996.7918 24.3502 -10.2291 -3.4 1.7 1.0 3.9
1996.7973 23.1864 -7.00474 2.9 1.6 0.9 3.6
1996.8000 23.5445 -12.1193 -5.3 1.6 0.9 3.6
1996.8027 25.1559 -6.89356 2.3 1.6 0.9 3.6
1996.8055 21.2169 -6.78237 6.5 1.6 0.9 3.5
1996.8082 28.2892 -8.67254 0.7 1.6 0.9 3.5
1996.8110 16.7407 -7.22711 -3.3 1.6 0.9 3.6
1996.8137 24.1711 -10.6739 3.8 1.6 0.9 3.5
1996.8164 26.5882 -9.67321 -9.4 1.5 0.9 3.5
1996.8192 23.5445 -7.89423 -3 1.6 0.9 3.7
1996.8219 26.5882 -10.2291 2.6 1.6 0.9 3.7
1996.8247 28.7368 -11.4522 -3.3 1.6 0.9 3.4
1996.8274 27.8416 -9.7844 3.7 1.6 0.9 3.5
1996.8301 18.8893 -9.89559 7.2 1.6 0.9 3.5
1996.8329 24.7978 -9.0061 20.5 1.7 0.9 3.7
1996.8356 27.8416 -8.56135 1.1 1.7 1.0 3.6
1996.8384 18.1731 -8.78372 8.9 1.6 0.9 3.5
1996.8411 19.0683 -11.7858 3.1 1.6 0.9 3.3
1996.8438 23.0968 -13.5647 -0.7 1.7 0.9 3.8
1996.8466 13.7865 -10.118 1.8 1.7 0.9 3.6
1996.8493 22.2016 -5.67051 10.3 1.7 0.9 3.6
1996.8521 20.5007 -6.33762 8.8 1.8 1.0 3.9
1996.8548 20.9483 -5.11457 3.5 1.7 0.9 3.5
1996.8575 23.7235 -9.56203 8.2 1.8 1.0 3.8
1996.8603 23.1864 -7.11593 22.9 1.8 1.0 3.6
1996.8630 19.695 -12.1193 6.2 1.7 0.9 3.4
1996.8658 17.9941 -7.56067 2.1 1.6 0.9 3.5
1996.8685 20.0531 -8.22779 11.1 1.6 0.9 3.6
1996.8712 23.1864 -9.7844 -0.6 1.7 0.9 3.9
1996.8740 28.9158 -9.67321 8.3 1.7 0.9 3.6
1996.8767 19.3369 -10.6739 -4.7 1.8 0.9 3.7
1996.8795 22.6492 -12.0081 9.7 1.8 1.1 4.2
1996.8822 30.2587 -11.0075 16.2 1.7 0.9 3.5
1996.8849 29.632 -9.67321 7.6 1.7 0.9 3.6
1996.8877 25.6035 -9.33966 13.4 1.8 1.0 4.0
1996.8904 29.7215 -6.89356 9.8 1.9 1.0 3.9
1996.8932 36.4357 -7.67186 12.2 1.6 0.9 3.7
1996.8959 33.571 -9.45084 -0.2 1.7 0.9 3.8
1996.8986 27.3044 -4.33627 9.1 1.7 0.9 3.6
1996.9014 21.4854 -10.0068 7.2 1.7 0.9 3.7
1996.9041 32.2282 -11.1186 4.8 1.7 0.9 3.8
1996.9068 25.3349 -9.11728 3.9 1.8 0.9 3.8
1996.9096 23.2759 -5.55932 4.3 1.8 1.0 3.7
1996.9123 16.9198 -11.6746 -7.4 1.8 0.9 3.8
1996.9151 21.9331 -8.45016 6.4 1.7 1.0 3.8
1996.9178 18.0836 -5.67051 3.1 1.7 1.0 3.6
1996.9205 36.8833 -13.7871 11.1 1.7 0.9 3.4
1996.9233 21.6645 -8.78372 0.1 1.6 0.9 3.6
1996.9260 31.691 -11.7858 -4.5 1.8 1.0 3.8
1996.9288 18.7102 -3.00203 -1.5 1.7 1.0 3.7
1996.9315 15.3084 -11.2298 -17.3 1.8 1.0 3.8
1996.9342 40.8223 -11.2298 5.3 1.7 0.9 3.7
1996.9370 21.3064 -17.3451 3.6 1.7 0.9 3.8
1996.9397 15.8455 -11.5634 -12.5 1.7 1.0 3.7
1996.9425 7.78847 -13.5647 -8.5 1.8 1.0 4.0
1996.9452 15.2189 -8.1166 6.9 1.7 1.0 4.0
1996.9479 23.9026 -14.2319 -1.2 1.6 0.9 3.7
1996.9507 27.3939 -10.118 -7.9 1.6 0.9 3.6
1996.9534 23.634 -12.3417 -0.9 1.9 1.0 3.7
1996.9562 31.9596 -13.0088 5.3 1.7 0.9 3.8
1996.9589 25.1559 -13.8983 9 1.7 1.0 3.8
1996.9616 41.9861 -9.11728 1.2 1.7 0.9 3.6
1996.9644 25.4244 -9.45084 1.3 1.8 1.0 3.9
1996.9671 25.3349 -10.2291 7.5 1.6 0.9 3.6
1996.9699 25.9616 -11.341 9.3 1.6 0.9 3.5
1996.9726 27.3939 -9.11728 11.2 1.8 1.0 4.0
1996.9753 24.2606 -11.7858 10.2 1.6 0.9 3.6
1996.9781 21.3959 -14.343 4.5 1.7 0.9 3.8
1996.9808 26.1406 -15.0102 15.2 1.7 0.9 3.6
1996.9836 26.7673 -12.4529 17.5 1.7 1.0 3.8
1996.9863 22.3807 -13.8983 11.2 1.7 1.0 3.9
1996.9890 21.8435 -12.5641 13 1.6 0.9 3.6
1996.9918 25.3349 -8.78372 9.3 1.8 0.9 3.7
1996.9945 20.8588 -15.0102 5.9 1.7 0.9 3.7
1996.9973 23.9921 -13.8983 17.7 1.7 0.9 3.7
1997.0000 31.6015 -14.0095 9.5 1.9 1.2 4.6
1997.0027 30.3482 -11.0075 8.2 1.7 0.9 3.2
1997.0027 24.0816 -6.11525 6.8 1.7 0.8 3.1
1997.0055 39.569 -17.0115 18.6 1.6 0.9 3.2
1997.0082 36.5253 -8.89491 15.7 1.6 0.9 3.2
1997.0110 35.63 -13.2312 19.3 1.5 0.8 3.1
1997.0137 31.2434 -7.44949 17.3 1.9 0.8 3.2
1997.0164 34.9138 -10.118 13.9 1.6 0.9 3.2
1997.0192 31.1539 -9.89559 12.9 1.8 0.9 3.4
1997.0219 31.4225 -10.5627 4.6 1.7 0.9 3.2
1997.0247 24.2606 -7.11593 12.8 1.8 0.8 3.2
1997.0274 25.7825 -12.5641 16.5 1.5 0.8 3.1
1997.0301 35.3615 -9.67321 18.5 1.9 0.9 3.2
1997.0329 30.3482 -13.0088 9 1.6 0.9 3.2
1997.0356 39.2109 -18.2346 11.9 1.6 0.8 3.2
1997.0384 36.1672 -12.0081 16.7 1.7 0.9 3.3
1997.0411 33.75 -14.899 11.7 1.7 0.9 3.3
1997.0438 25.7825 -12.2305 13.5 1.5 0.8 3.1
1997.0466 37.689 -13.0088 1.4 1.9 0.9 3.3
1997.0493 40.1957 -16.122 7.3 1.6 0.9 3.2
1997.0521 34.7348 -12.4529 10.2 1.6 0.8 3.2
1997.0548 27.2149 -9.45084 8.6 1.6 0.8 3.1
1997.0575 32.8548 -9.11728 11.4 1.6 0.8 3.2
1997.0603 30.8853 -7.56067 5.4 1.9 0.9 3.4
1997.0630 27.573 -4.44745 8.7 1.7 0.9 3.3
1997.0658 38.1367 -25.3505 17.2 1.6 0.9 3.3
1997.0685 24.7978 -17.2339 15.2 1.6 0.9 3.3
1997.0712 38.5843 -11.2298 15.7 1.6 0.9 3.2
1997.0740 25.8721 -17.4563 3.8 1.8 0.9 3.5
1997.0767 31.4225 -14.7878 13.4 1.5 0.9 3.2
1997.0795 27.3939 -14.5654 6.5 1.6 0.8 3.1
1997.0822 25.1559 -19.9024 3.3 1.6 0.8 3.1
1997.0849 31.691 -17.4563 0.2 1.7 0.9 3.3
1997.0877 34.6453 -15.3437 3.4 1.6 0.9 3.2
1997.0904 33.2129 -13.8983 13.4 1.4 0.8 3.0
1997.0932 29.2739 -14.5654 15.8 1.4 0.8 2.9
1997.0959 31.691 -13.12 9.4 1.5 0.9 3.2
1997.0986 37.51 -19.2352 5.7 1.4 0.8 3.1
1997.1014 32.7653 -20.2359 10.7 1.4 0.8 2.9
1997.1041 35.0929 -17.1227 8 1.4 0.8 3.0
1997.1068 25.4244 -17.6786 13.6 1.4 0.8 2.9
1997.1096 28.1996 -17.0115 8.3 1.4 0.8 2.9
1997.1123 30.1691 -14.7878 12.6 1.5 0.9 3.0
1997.1151 22.9178 -17.0115 1.2 1.5 0.8 3.0
1997.1178 34.1081 -17.5674 1.7 1.5 0.8 3.0
1997.1205 31.3329 -19.1241 7.7 1.7 0.9 3.1
1997.1233 24.4397 -17.5674 8.2 1.7 0.9 3.2
1997.1260 21.0378 -19.0129 6.5 1.7 0.9 3.2
1997.1288 31.3329 -19.0129 12 1.4 0.8 3.0
1997.1315 26.2301 -16.0108 4.1 1.4 0.8 3.0
1997.1342 22.5597 -20.6807 6.1 1.8 0.9 3.3
1997.1370 32.6758 -17.4563 17.2 1.8 0.9 3.1
1997.1397 21.575 -16.4556 10.2 1.5 0.8 3.1
1997.1425 24.8873 -15.3437 6.7 1.6 0.8 3.1
1997.1452 29.5425 -21.1254 11.6 1.6 0.8 3.0
1997.1479 27.0358 -23.6827 16.2 1.5 0.8 3.1
1997.1507 29.5425 -17.901 15.5 1.7 0.8 3.2
1997.1534 41.3595 -13.7871 17.6 1.7 0.9 3.3
1997.1562 24.5292 -16.9003 10.6 2.7 1.1 3.6
1997.1589 33.6605 -10.3403 16.7 3.0 1.3 4.3
1997.1616 25.1559 -12.2305 7.8 1.9 0.9 3.5
1997.1644 37.8681 -20.4583 10.1 1.9 0.9 3.5
1997.1671 33.4815 -16.4556 14.4 2.1 1.0 3.5
1997.1699 27.1254 -9.56203 6.1 1.8 0.9 3.2
1997.1726 27.752 -13.5647 16.5 1.9 0.9 3.4
1997.1753 33.2129 -12.6752 6.5 1.6 0.8 3.1
1997.1781 32.0491 -11.6746 20 1.7 0.8 3.1
1997.1808 38.6738 -11.341 15.9 1.7 0.9 3.2
1997.1836 28.0206 -4.78101 7.3 1.9 0.9 3.3
1997.1863 25.7825 -9.56203 0.3 1.8 0.8 3.2
1997.1890 34.6453 -19.5688 13.5 1.8 0.9 3.3
1997.1918 24.8873 -16.678 13.5 1.7 0.8 3.1
1997.1945 28.4682 -15.6773 9.6 1.7 0.8 3.1
1997.1973 24.4397 -16.3444 7.7 1.7 0.8 3.1
1997.2000 23.634 -15.8997 17.8 1.7 0.8 3.1
1997.2027 25.9616 -18.3458 8 1.7 0.9 3.3
1997.2055 26.6778 -17.7898 12.4 1.6 0.8 3.1
1997.2082 31.4225 -15.0102 16.5 1.7 0.8 3.2
1997.2110 31.7805 -13.3424 9.1 1.7 0.8 3.1
1997.2137 28.0206 -18.3458 8.9 1.7 0.8 3.1
1997.2164 32.4072 -14.5654 11.9 1.7 0.8 3.1
1997.2192 29.632 -15.3437 14.7 1.7 0.8 3.2
1997.2219 33.9291 -18.7905 8.1 1.6 0.8 3.0
1997.2247 33.0339 -15.7885 10 1.6 0.8 3.0
1997.2274 28.2892 -17.1227 10.4 1.8 0.8 3.1
1997.2301 35.7195 -18.2346 12.2 1.7 0.8 3.2
1997.2329 33.6605 -19.1241 7.1 1.7 0.8 3.2
1997.2356 32.8548 -17.6786 16.1 2.1 1.0 3.6
1997.2384 26.1406 -20.2359 6.5 1.8 0.8 3.0
1997.2411 26.8568 -15.3437 17 1.7 0.8 3.0
1997.2438 29.811 -15.4549 8.9 1.7 0.8 3.1
1997.2466 29.0949 -17.901 16.6 1.9 0.9 3.5
1997.2493 29.453 -15.7885 10.3 2.0 0.8 3.2
1997.2521 39.4795 -12.5641 6 2.3 0.9 3.5
1997.2548 33.6605 -19.4576 17.7 1.7 0.8 3.1
1997.2575 31.691 -12.7864 19.4 1.7 0.8 3.1
1997.2603 30.1691 -18.3458 17.6 1.8 0.8 3.2
1997.2630 33.9291 -18.0122 19.4 1.9 0.8 3.1
1997.2658 30.5272 -22.1261 11 1.8 0.8 3.1
1997.2685 27.9311 -20.2359 14.7 1.8 0.8 3.1
1997.2712 29.3634 -14.1207 5.1 1.8 0.8 3.1
1997.2740 23.5445 -16.9003 14.3 1.7 0.8 3.1
1997.2767 33.0339 -17.1227 15.5 1.8 0.8 3.1
1997.2795 31.0644 -18.9017 12.9 1.7 0.8 3.1
1997.2822 35.3615 -17.4563 5.2 1.8 0.8 3.1
1997.2849 22.0226 -20.4583 7.5 2.0 0.9 3.2
1997.2877 31.691 -18.5681 0.2 1.7 0.8 3.1
1997.2904 29.3634 -20.4583 6 1.8 0.8 3.0
1997.2932 29.453 -15.6773 14.6 1.7 0.8 3.0
1997.2959 30.2587 -16.5668 5.7 1.8 0.9 3.2
1997.2986 29.9006 -13.0088 12.8 2.3 0.9 3.5
1997.3014 33.3024 -13.3424 4.1 2.1 1.0 3.5
1997.3041 29.9006 -23.238 9.2 1.9 0.9 3.2
1997.3068 25.9616 -17.4563 8.2 1.8 0.8 3.1
1997.3096 29.453 -21.2366 -6.2 1.8 0.8 3.2
1997.3123 33.2129 -15.0102 7.9 1.7 0.8 3.0
1997.3151 25.7825 -16.5668 -1.1 1.7 0.8 3.0
1997.3178 29.9901 -18.3458 2.4 1.8 0.8 3.1
1997.3205 30.5272 -15.0102 5.3 1.7 0.8 3.0
1997.3233 35.0034 -17.5674 1 1.9 0.8 3.2
1997.3260 31.8701 -19.1241 8.6 1.9 1.0 3.3
1997.3288 30.1691 -14.2319 11 1.9 0.9 3.3
1997.3315 40.8223 -20.5695 8.8 2.4 1.2 3.7
1997.3342 38.6738 -19.3464 3.5 1.9 0.9 3.4
1997.3370 40.7328 -19.4576 20.1 1.7 0.8 3.1
1997.3397 32.6758 -18.0122 24 1.7 0.8 3.1
1997.3425 32.3177 -20.1247 26.7 1.9 0.8 3.3
1997.3452 43.7766 -16.0108 8.4 1.9 0.8 3.3
1997.3479 39.2109 -19.4576 11.9 1.7 0.8 3.2
1997.3507 35.7195 -17.6786 15.9 1.7 0.8 3.0
1997.3534 38.4947 -20.903 8.4 1.7 0.8 3.1
1997.3562 35.7195 -18.6793 4.6 1.8 0.9 3.3
1997.3589 40.1957 -22.3485 3.9 1.7 0.8 3.2
1997.3616 40.5538 -19.1241 10.9 1.8 0.8 3.2
1997.3644 39.9271 -16.2332 9.4 1.8 0.8 3.2
1997.3671 43.6871 -18.6793 17 1.7 0.8 3.1
1997.3699 36.2567 -13.12 23.4 1.7 0.9 3.3
1997.3726 42.7918 -14.6766 12.7 1.7 0.8 3.1
1997.3753 33.1234 -18.0122 10.7 1.8 0.8 3.3
1997.3781 38.6738 -16.7891 9.9 1.7 0.8 3.2
1997.3808 39.8376 -18.1234 10.1 1.9 0.9 3.3
1997.3836 37.4205 -18.4569 12.6 1.7 0.8 3.2
1997.3863 40.8223 -19.0129 1.1 1.9 0.9 3.2
1997.3890 41.1804 -16.9003 6.8 1.8 0.9 3.4
1997.3918 31.8701 -15.8997 11.2 1.9 0.9 3.5
1997.3945 35.8986 -15.0102 21 1.8 0.9 3.3
1997.3973 35.63 -15.8997 26 1.8 0.8 3.3
1997.4000 40.1957 -14.899 23.3 1.9 0.9 3.3
1997.4027 37.689 -17.1227 17.8 1.9 1.0 3.6
1997.4055 36.9729 -16.4556 18.2 1.8 0.9 3.4
1997.4082 35.2719 -14.5654 25.1 1.8 0.9 3.3
1997.4110 30.9748 -19.3464 15.5 1.9 0.9 3.3
1997.4137 34.9138 -15.0102 19.4 1.8 0.9 3.3
1997.4164 41.628 -16.9003 -0.7 1.8 0.8 3.2
1997.4192 41.8966 -14.1207 14.9 1.8 0.9 3.3
1997.4219 38.3157 -20.7919 15.4 1.6 0.8 3.1
1997.4247 40.9119 -19.68 15.1 1.7 0.8 3.2
1997.4274 36.7043 -16.122 9.4 1.7 0.8 3.2
1997.4301 33.4815 -21.0142 10.7 1.7 0.9 3.2
1997.4329 39.8376 -17.1227 10.9 1.7 0.9 3.2
1997.4356 39.6585 -17.6786 22.3 1.7 0.8 3.1
1997.4384 41.9861 -16.7891 19.8 1.7 0.9 3.3
1997.4411 37.1519 -17.901 13.6 1.8 0.9 3.4
1997.4438 42.9709 -15.3437 3.1 1.7 0.8 3.2
1997.4466 44.1347 -16.3444 8.5 1.7 0.9 3.2
1997.4493 39.1214 -15.4549 8.7 1.7 0.9 3.2
1997.4521 34.6453 -10.4515 22 1.8 0.9 3.3
1997.4548 40.9119 -15.8997 8.6 1.7 0.8 3.1
1997.4575 43.1499 -13.5647 11.1 1.8 0.9 3.2
1997.4603 40.1957 -17.1227 7.9 1.7 0.8 3.1
1997.4630 46.8204 -20.2359 4.1 1.7 0.8 3.1
1997.4658 34.7348 -20.0135 13.8 1.7 0.9 3.2
1997.4685 38.4052 -19.3464 27.4 1.8 0.9 3.2
1997.4712 41.0909 -17.6786 15.3 2.0 1.0 3.4
1997.4740 39.2109 -14.5654 13.6 1.7 0.9 3.2
1997.4767 40.1957 -18.1234 13.1 1.7 0.9 3.1
1997.4795 38.9424 -19.68 10.2 1.8 0.9 3.3
1997.4822 41.27 -20.4583 8.7 1.7 0.8 3.2
1997.4849 49.327 -15.3437 14.9 1.7 0.8 3.2
1997.4877 41.0909 -13.4536 9.1 2.0 0.9 3.4
1997.4904 42.8814 -16.2332 9.4 1.9 0.9 3.2
1997.4932 39.4795 -12.1193 -6.8 3.0 1.3 4.7
1997.4959 41.1804 -15.8997 4.8 1.8 0.9 3.3
1997.4986 45.7461 -23.3491 25.1 1.8 0.9 3.2
1997.5014 39.7481 -20.2359 18 1.8 0.9 3.2
1997.5041 37.51 -19.7912 15 1.7 0.9 3.3
1997.5068 35.63 -16.3444 9.3 1.7 0.9 3.1
1997.5096 35.3615 -15.4549 14.5 2.2 1.1 3.7
1997.5123 40.4642 -13.12 18.4 1.8 0.9 3.6
1997.5151 43.329 -15.3437 13.8 1.6 0.8 3.1
1997.5178 40.0166 -13.4536 2.7 1.7 0.8 3.1
1997.5205 41.7176 -14.0095 7 1.7 0.8 3.0
1997.5233 43.0604 -17.7898 12.7 1.6 0.8 3.2
1997.5260 44.3137 -19.5688 11.8 1.7 0.9 3.3
1997.5288 44.5823 -19.9024 6.7 1.7 0.9 3.3
1997.5315 39.4795 -21.1254 8.9 1.7 0.9 3.2
1997.5342 38.3157 -16.0108 3.3 1.6 0.9 3.3
1997.5370 40.4642 -15.5661 10.4 1.6 0.9 3.2
1997.5397 43.8661 -12.6752 -8.9 1.6 0.9 3.3
1997.5425 42.0757 -15.7885 -0.4 1.6 0.9 3.2
1997.5452 48.3422 -19.5688 5.1 1.6 0.8 3.1
1997.5479 45.0299 -19.68 4.9 1.6 0.9 3.2
1997.5534 44.8509 -16.3444 -1 1.8 0.9 3.2
1997.5562 44.7613 -17.5674 -6.3 1.7 0.9 3.2
1997.5589 49.2375 -18.9017 -1.6 2.0 1.0 3.7
1997.5616 46.3727 -17.3451 10.6 1.7 0.9 3.3
1997.5644 39.9271 -27.9078 22.6 1.9 0.9 3.4
1997.5671 51.386 -18.4569 0.7 1.7 0.9 3.3
1997.5699 46.1937 -19.0129 -0.2 1.8 0.9 3.4
1997.5726 48.5213 -19.4576 5.6 1.6 0.9 3.2
1997.5781 47.9842 -21.1254 26.5 2.0 0.9 3.6
1997.5808 42.3442 -21.2366 23.5 1.8 0.9 3.4
1997.5836 43.5975 -19.1241 -2.3 1.7 0.9 3.4
1997.5863 43.5975 -20.6807 -5.4 1.6 0.8 3.2
1997.5890 62.4868 -8.33898 3.3 1.9 0.9 3.7
1997.5918 43.5975 -10.5627 11.2 2.0 0.9 3.6
1997.5945 42.4337 -16.0108 4.9 1.6 0.9 3.2
1997.5973 45.6566 -20.0135 3.2 1.6 0.8 3.2
1997.6000 45.2089 -18.4569 10.8 1.6 0.9 3.3
1997.6027 52.3708 -17.4563 9 1.7 0.9 3.4
1997.6055 43.4185 -11.1186 17.7 1.7 0.9 3.3
1997.6082 35.63 -12.7864 -4.9 1.7 0.9 3.2
1997.6110 42.1652 -18.7905 -5.3 1.6 0.9 3.2
1997.6137 52.1022 -14.0095 -0.2 1.7 0.9 3.3
1997.6164 46.6413 -14.5654 -6.5 1.7 1.0 3.9
1997.6192 45.7461 -21.6813 14.6 1.7 1.0 4.1
1997.6219 44.5823 -16.2332 8.2 1.8 1.0 3.9
1997.6247 46.0147 -20.0135 4.6 1.8 1.0 4.1
1997.6274 46.9099 -15.6773 -6 1.7 1.0 3.9
1997.6301 51.207 -16.0108 -1.8 1.8 1.0 4.0
1997.6329 41.0909 -20.2359 -3 1.7 1.0 3.8
1997.6356 40.1062 -21.5702 -8.4 1.8 1.0 3.9
1997.6384 40.5538 -21.1254 12.7 1.9 1.0 4.0
1997.6411 48.4318 -21.5702 -0.5 1.7 0.9 3.7
1997.6438 38.6738 -21.0142 -6.3 1.9 0.9 3.5
1997.6466 45.0299 -20.903 0.5 1.8 0.9 3.4
1997.6493 54.9669 -20.2359 20.5 1.9 0.9 3.5
1997.6521 53.8031 -21.9037 -15 1.6 0.8 3.2
1997.6548 39.1214 -17.7898 -3.6 1.7 0.8 3.2
1997.6575 44.5823 -15.5661 -20.6 1.8 0.9 3.3
1997.6630 58.0107 -20.3471 1.5 1.8 0.9 3.3
1997.6658 38.4947 -18.6793 1.1 1.7 0.9 3.3
1997.6685 36.5253 -25.3505 9.2 1.8 0.8 3.2
1997.6712 37.2414 -20.3471 2 2.0 1.1 3.7
1997.6740 37.8681 -21.0142 3.3 1.8 0.9 3.4
1997.6767 44.3137 -18.4569 6.9 1.6 0.8 3.1
1997.6795 54.8774 -25.6841 20 1.8 0.9 3.4
1997.6822 38.8528 -17.2339 5.5 1.7 0.9 3.4
1997.6849 38.4947 -17.1227 10.1 1.8 0.9 3.4
1997.6877 44.4928 -19.4576 0.2 1.8 0.8 3.3
1997.6904 44.0452 -19.1241 9.8 1.8 0.9 3.4
1997.6932 43.0604 -20.2359 8.3 1.8 0.9 3.4
1997.6959 42.7918 -20.3471 9.1 1.8 0.9 3.4
1997.6986 46.9994 -16.4556 5 1.8 0.9 3.4
1997.7014 53.9822 -15.1213 15.1 1.7 0.8 3.2
1997.7041 42.3442 -17.901 6.9 1.7 0.8 3.1
1997.7068 43.508 -23.9051 3.6 1.6 0.8 3.2
1997.7096 49.506 -17.4563 6.8 1.8 0.9 3.2
1997.7123 47.0889 -15.8997 5.1 1.8 0.9 3.4
1997.7151 44.0452 -21.7925 0.4 1.9 0.9 3.4
1997.7178 46.8204 -17.7898 6 1.8 0.8 3.3
1997.7205 46.1937 -15.5661 -1.6 1.7 0.8 3.3
1997.7233 49.5956 -17.6786 2.6 1.8 0.8 3.3
1997.7260 45.4775 -19.7912 5.9 1.8 0.9 3.3
1997.7288 44.4928 -16.7891 -2 1.8 0.9 3.3
1997.7315 45.2985 -17.3451 1.5 1.8 0.8 3.2
1997.7342 38.9424 -18.9017 3.3 1.9 0.9 3.3
1997.7370 42.9709 -20.2359 5.8 1.8 0.8 3.3
1997.7397 47.1784 -20.2359 14.7 1.8 0.9 3.3
1997.7425 46.4623 -19.0129 3.4 1.9 0.9 3.3
1997.7452 45.4775 -15.8997 1.2 1.8 0.9 3.4
1997.7479 42.9709 -19.5688 -1.2 1.8 0.8 3.3
1997.7507 43.2395 -21.3478 5.8 1.7 0.8 3.3
1997.7534 42.7918 -18.1234 -9.5 1.9 0.8 3.4
1997.7562 44.4928 -16.678 3 1.8 0.8 3.2
1997.7589 45.2089 -19.3464 0.1 1.9 0.8 3.3
1997.7616 39.6585 -17.6786 1.3 1.9 0.9 3.4
1997.7644 44.9404 -18.4569 0.8 1.7 0.8 3.3
1997.7671 37.1519 -19.4576 6.8 1.8 0.8 3.2
1997.7699 41.0014 -17.6786 1.1 1.7 0.9 3.3
1997.7726 43.7766 -16.9003 6.4 1.7 0.8 3.2
1997.7753 40.3747 -14.899 8.2 1.8 0.8 3.3
1997.7781 38.4947 -19.2352 13 1.7 0.8 3.2
1997.7808 46.9994 -17.901 4.4 1.8 0.8 3.2
1997.7836 31.9596 -19.0129 -3 2.2 1.0 3.8
1997.7863 50.4013 -22.3485 0 2.0 0.9 3.5
1997.7890 44.7613 -20.3471 0.9 1.8 0.9 3.4
1997.7918 55.9517 -19.4576 -2.3 2.8 1.1 4.1
1997.7945 37.1519 -22.3485 0.3 1.8 0.9 3.3
1997.7973 47.8946 -24.0163 3.2 1.7 0.8 3.2
1997.8000 47.3575 -25.5729 12.6 1.7 0.8 3.3
1997.8027 41.449 -22.682 -3.6 1.7 0.8 3.3
1997.8055 41.7176 -23.5715 3.5 1.7 0.9 3.4
1997.8082 48.8794 -21.9037 6.4 1.7 0.8 3.3
1997.8110 47.3575 -19.0129 0.5 1.8 0.9 3.4
1997.8137 45.7461 -21.6813 11.4 1.7 0.8 3.2
1997.8164 44.4032 -18.2346 8.4 1.7 0.9 3.4
1997.8192 40.0166 -19.68 1 1.7 0.9 3.3
1997.8219 48.7899 -16.678 -1 1.8 0.8 3.3
1997.8247 43.8661 -20.1247 -4.8 1.9 1.0 3.6
1997.8274 49.9537 -20.2359 5.9 1.8 0.9 3.4
1997.8301 37.1519 -22.682 5.7 1.7 0.8 3.3
1997.8329 43.7766 -19.68 3.4 1.8 0.8 3.3
1997.8356 49.4165 -22.2373 5.4 1.7 0.8 3.3
1997.8384 51.1174 -19.68 9.2 1.7 0.8 3.2
1997.8411 57.8316 -21.1254 5.4 1.7 0.9 3.3
1997.8438 51.207 -25.9064 9.6 1.8 0.9 3.4
1997.8466 58.6374 -20.1247 5.6 1.9 0.9 3.4
1997.8493 53.1765 -23.1268 12.3 1.7 0.8 3.3
1997.8521 52.9974 -24.461 6.2 1.8 0.8 3.3
1997.8548 51.207 -24.0163 8.5 1.7 0.8 3.3
1997.8575 46.7308 -20.4583 5.6 1.7 0.8 3.4
1997.8603 49.0584 -19.0129 2.4 1.7 0.8 3.2
1997.8630 53.5346 -18.9017 3.3 1.8 0.9 3.3
1997.8658 50.9384 -17.0115 -0.5 1.7 0.8 3.3
1997.8712 46.8204 -20.5695 11.8 1.7 0.8 3.2
1997.8740 50.5803 -21.6813 5.4 1.7 0.9 3.4
1997.8767 47.447 -20.7919 5.1 1.8 0.9 3.4
1997.8795 43.329 -26.7959 12.2 2.0 1.0 3.6
1997.8822 48.9689 -20.1247 2 1.7 0.8 3.4
1997.8849 53.5346 -21.7925 0.6 1.7 0.9 3.4
1997.8877 49.2375 -24.3498 3.9 2.0 1.0 3.6
1997.8904 44.6718 -24.1274 5.7 1.7 0.9 3.5
1997.8932 54.8774 -17.0115 11.7 1.7 0.9 3.5
1997.8959 43.1499 -22.5708 -5.9 1.7 0.9 3.3
1997.8986 45.4775 -25.7952 12.8 1.6 0.9 3.4
1997.9014 49.0584 -17.901 10.2 1.6 0.9 3.4
1997.9041 53.9822 -27.9078 4.8 1.6 0.9 3.4
1997.9068 43.6871 -18.3458 2.9 1.6 0.8 3.2
1997.9096 52.6393 -19.4576 -6.4 1.6 0.9 3.3
1997.9123 50.4908 -23.0156 6.8 1.6 0.9 3.3
1997.9151 50.2222 -19.68 2.1 1.6 0.8 3.2
1997.9178 48.4318 -22.5708 11 2.2 1.1 3.7
1997.9205 50.6698 -20.6807 3.2 1.7 0.9 3.3
1997.9288 50.5803 -20.6807 8.1 1.8 0.9 3.3
1997.9315 60.9649 -22.5708 3.2 3.1 1.4 4.6
1997.9342 52.8184 -21.9037 8.6 1.6 0.9 3.2
1997.9370 50.0432 -18.0122 6.8 1.8 0.9 3.3
1997.9397 51.8336 -21.6813 7.9 1.6 0.9 3.2
1997.9425 56.1307 -20.6807 8.6 2.3 1.2 4.1
1997.9452 46.4623 -27.9078 5.1 1.6 0.9 3.2
1997.9479 46.3727 -21.9037 -0.2 1.7 0.9 3.3
1997.9507 50.0432 -26.4624 -8.2 1.6 0.9 3.4
1997.9534 53.8031 -24.9057 -3.5 4.4 1.7 6.2
1997.9562 46.9099 -24.0163 1.6 1.8 0.9 3.4
1997.9589 51.4755 -22.682 7.5 1.6 0.9 3.3
1997.9616 53.0869 -25.6841 6.4 1.8 1.0 3.5
1997.9644 42.7023 -41.2501 23 2.6 1.5 4.5
1997.9671 53.6241 -25.3505 10.6 1.6 0.9 3.1
1997.9699 60.6068 -22.5708 4.3 1.6 0.8 3.1
1997.9726 61.8602 -27.463 12 1.6 0.8 3.1
1997.9753 57.4736 -25.2393 8 1.6 0.9 3.2
1997.9781 48.3422 -23.1268 5.6 1.6 0.9 3.2
1997.9808 48.4318 -19.9024 -1.4 1.6 0.9 3.1
1997.9836 52.1917 -23.6827 0 1.7 0.9 3.3
1997.9863 40.8223 -15.7885 -8.6 1.7 0.9 3.2
1997.9890 55.5936 -28.9085 11.1 1.6 0.9 3.1
1997.9918 58.0107 -28.1302 8.2 1.6 0.9 3.2
1997.9945 62.0392 -23.0156 1.3 1.6 0.9 3.2
1997.9973 53.7136 -29.7979 6.8 2.4 1.3 4.6
1998.0000 47.268 -25.2393 10.7 1.5 0.8 3.1
1998.0027 49.4165 -18.6793 7.7 1.7 0.9 3.3
1998.0055 52.8184 -24.7946 19.1 1.6 0.9 3.4
1998.0082 55.7726 -20.0135 13.1 1.9 1.0 3.6
1998.0110 49.506 -22.5708 3 1.6 0.9 3.2
1998.0137 60.7859 -29.3532 20.6 1.7 0.9 3.3
1998.0164 62.0392 -27.0183 21.3 1.6 0.9 3.3
1998.0192 61.6811 -28.1302 21.4 1.7 0.9 3.3
1998.0247 70.0963 -36.2468 19.6 1.9 1.0 3.6
1998.0274 58.8164 -21.0142 18 1.6 0.9 3.2
1998.0301 55.325 -25.1281 12.3 1.6 0.9 3.2
1998.0329 59.264 -25.1281 13.4 1.7 1.0 3.5
1998.0356 55.4145 -23.5715 18.6 1.6 0.9 3.2
1998.0384 60.0697 -32.1329 17 1.7 1.0 3.3
1998.0411 63.024 -26.5735 4.9 2.9 1.3 4.0
1998.0438 63.9192 -29.242 5 1.7 0.9 3.2
1998.0466 58.1002 -29.0196 2.4 1.8 0.9 3.2
1998.0493 55.325 -24.6834 6.4 1.6 0.9 3.3
1998.0521 49.9537 -29.9091 9.7 3.1 1.5 4.3
1998.0548 55.8621 -22.4596 10.3 1.6 0.9 3.1
1998.0575 53.8926 -26.7959 9.6 1.7 0.9 3.2
1998.0603 51.7441 -23.3491 23 4.0 1.6 4.9
1998.0630 54.8774 -27.1295 9.1 1.6 0.9 3.3
1998.0658 55.9517 -24.461 8.8 1.8 0.9 3.2
1998.0685 55.146 -30.0203 4.4 1.6 0.9 3.1
1998.0712 53.8926 -32.1329 8.1 1.7 0.9 3.3
1998.0740 57.0259 -31.021 6.7 1.6 0.9 3.0
1998.0767 58.3688 -26.3512 9 2.1 1.0 3.4
1998.0795 60.6964 -29.0196 10.8 3.3 1.6 4.4
1998.0822 63.3821 -23.1268 -1.6 1.7 0.9 3.3
1998.0849 54.3403 -25.6841 0.8 1.5 0.8 3.0
1998.0877 53.266 -22.5708 1.7 1.8 0.9 3.0
1998.0904 56.8469 -24.5722 7.3 1.7 0.8 3.1
1998.0932 55.0564 -26.7959 3.8 1.5 0.8 3.0
1998.0959 52.8184 -25.0169 5.2 1.7 0.9 3.1
1998.0986 64.8144 -24.461 12.7 1.6 0.9 3.1
1998.1014 62.3078 -29.5756 13.2 1.6 0.8 3.1
1998.1041 67.6791 -27.6854 8 1.5 0.8 3.1
1998.1068 56.6679 -27.2407 10.7 1.7 0.8 3.2
1998.1096 66.4258 -27.1295 17 1.6 0.9 3.2
1998.1123 70.4543 -29.6868 11.4 1.6 0.8 3.1
1998.1151 51.8336 -28.2413 -0.4 1.6 0.8 3.1
1998.1178 66.4258 -28.5749 11.2 1.6 0.8 3.2
1998.1205 62.9344 -26.9071 16.2 1.5 0.8 3.1
1998.1288 57.2945 -28.5749 -11.2 1.8 1.0 3.5
1998.1315 56.0412 -27.0183 9.9 2.3 1.0 3.9
1998.1342 58.7269 -27.2407 6.8 1.8 0.8 3.2
1998.1370 54.6984 -26.5735 12 1.7 0.8 3.2
1998.1397 56.3098 -24.461 8.4 1.6 0.9 3.1
1998.1425 50.0432 -25.4617 -4.6 1.5 0.8 3.0
1998.1452 57.205 -27.3518 1.6 1.7 0.8 3.2
1998.1479 71.8867 -27.3518 12.3 1.5 0.8 3.0
1998.1507 58.1897 -27.6854 12.2 1.6 0.8 3.0
1998.1534 71.6181 -27.7966 10.2 1.5 0.8 3.0
1998.1562 63.8297 -27.0183 6.8 1.8 0.9 3.3
1998.1589 58.5478 -26.4624 8.9 1.7 0.8 3.2
1998.1616 69.5591 -25.3505 11.1 1.7 0.8 3.2
1998.1644 60.0697 -24.461 13.8 1.7 0.8 3.1
1998.1671 58.1897 -27.1295 5.2 1.5 0.8 3.0
1998.1699 51.0279 -27.2407 5.2 1.6 0.8 3.0
1998.1726 56.1307 -27.6854 5.4 1.5 0.8 3.1
1998.1753 59.4431 -28.4637 1.6 1.5 0.8 3.1
1998.1781 55.8621 -25.6841 11.2 1.6 0.8 3.0
1998.1808 58.9954 -27.9078 10 1.6 0.8 3.0
1998.1836 55.8621 -27.9078 10 1.7 0.8 3.1
1998.1863 58.8164 -27.6854 9.7 1.5 0.8 3.0
1998.1890 56.5783 -27.3518 1 1.6 0.8 3.1
1998.1918 55.8621 -27.3518 4.9 1.6 0.8 3.2
1998.1945 54.3403 -26.5735 13.6 1.6 0.8 3.1
1998.1973 55.5041 -27.5742 9.1 1.6 0.8 3.1
1998.2000 54.6088 -26.0176 9.3 1.7 0.8 3.1
1998.2027 60.0697 -26.4624 3.3 2.0 0.8 3.2
1998.2055 57.4736 -28.4637 6.2 1.6 0.8 3.1
1998.2082 59.085 -25.6841 6.2 1.8 0.9 3.2
1998.2110 56.0412 -28.5749 8.6 1.6 0.8 3.0
1998.2137 57.6526 -28.3525 10.8 1.6 0.8 3.1
1998.2164 55.5936 -24.6834 6.4 1.6 0.8 3.2
1998.2192 56.3098 -24.5722 2.3 1.6 0.8 3.1
1998.2219 59.3535 -28.9085 -0.6 1.7 0.8 3.0
1998.2247 61.4126 -28.019 5.6 1.7 0.8 3.0
1998.2274 61.144 -28.019 4.3 2.0 0.8 3.3
1998.2301 51.7441 -26.4624 -0.5 1.6 0.8 3.0
1998.2329 54.4298 -23.5715 0.5 1.6 0.8 3.1
1998.2356 56.2202 -25.3505 2.9 1.8 0.8 3.1
1998.2384 59.3535 -25.7952 4.2 1.7 0.8 3.0
1998.2411 56.3993 -27.7966 13.4 1.8 0.8 3.1
1998.2438 49.9537 -25.3505 12.1 1.9 0.8 3.1
1998.2466 56.1307 -26.24 6.2 2.0 0.9 3.3
1998.2521 48.3422 -25.3505 -11.1 1.7 0.8 3.1
1998.2548 56.8469 -26.5735 3 1.6 0.8 3.1
1998.2575 56.6679 -27.2407 -1.4 1.6 0.8 3.0
1998.2603 55.5936 -26.9071 10.2 2.0 1.0 3.7
1998.2630 56.3098 -24.0163 2.6 1.9 0.9 3.4
1998.2658 64.2773 -29.5756 9.2 1.7 0.8 3.3
1998.2685 57.4736 -28.5749 7.5 1.9 0.9 3.3
1998.2712 58.0107 -29.3532 10.5 1.8 0.8 3.2
1998.2740 61.5021 -29.5756 10.1 1.8 0.8 3.4
1998.2767 50.8489 -31.3546 8.9 2.0 0.9 3.4
1998.2795 59.7116 -28.1302 12.6 1.7 0.8 3.1
1998.2822 60.8754 -26.7959 10.7 2.1 1.0 3.8
1998.2849 62.8449 -27.0183 -4.2 3.1 1.3 5.8
1998.2877 64.4563 -35.6908 -11.4 3.4 1.5 5.9
1998.2904 64.9039 -30.7986 -6.8 3.5 1.5 5.9
1998.2932 57.9212 -32.0217 -0.8 2.8 1.2 5.4
1998.2959 71.26 -29.1308 5.5 3.1 1.2 5.4
1998.2986 57.384 -29.242 12.1 3.0 1.2 5.1
1998.3014 55.2355 -27.7966 10.2 2.9 1.2 4.7
1998.3041 64.0982 -30.0203 6.5 2.7 1.1 4.6
1998.3068 68.0372 -29.6868 0.2 2.5 1.1 4.4
1998.3096 65.083 -26.3512 11.6 2.2 1.0 4.2
1998.3123 63.3821 -30.5763 6.2 2.1 1.0 4.0
1998.3151 64.0087 -29.0196 7.8 2.7 1.3 5.8
1998.3178 64.1878 -30.6874 0.9 2.1 1.0 4.0
1998.3205 63.8297 -31.7993 2.6 2.0 1.0 4.0
1998.3233 64.2773 -31.7993 9.4 1.9 1.0 3.9
1998.3260 63.203 -31.7993 12.5 2.1 1.0 4.0
1998.3288 63.3821 -30.3539 10.2 2.0 1.0 4.0
1998.3315 56.4888 -31.7993 22.4 2.5 1.1 4.4
1998.3342 66.3363 -27.5742 17.1 2.1 1.2 4.4
1998.3370 67.4106 -28.3525 8.1 2.0 1.0 4.3
1998.3397 66.963 -32.6888 10.5 2.3 1.0 4.3
1998.3425 63.5611 -28.9085 3 2.2 1.0 4.4
1998.3452 67.2315 -29.9091 -0.4 2.9 1.3 5.5
1998.3479 63.4716 -29.0196 4.3 2.2 1.1 4.1
1998.3507 64.7249 -28.9085 10.4 1.9 1.0 4.1
1998.3534 55.325 -31.7993 7.5 2.2 1.1 4.2
1998.3562 61.323 -30.2427 1 2.0 1.0 4.2
1998.3589 62.7554 -27.1295 -3.3 2.3 1.0 4.2
1998.3616 62.7554 -32.4664 11.3 2.6 1.2 4.9
1998.3644 58.5478 -27.7966 7.3 1.9 1.0 4.1
1998.3671 62.6659 -32.1329 5.8 2.2 1.0 3.9
1998.3699 65.8887 -30.5763 7.7 2.0 1.0 4.1
1998.3726 63.203 -29.1308 17.5 1.9 1.0 4.0
1998.3753 64.8144 -30.0203 11.9 1.9 1.0 4.0
1998.3781 66.6944 -26.9071 6.7 2.1 1.1 4.1
1998.3808 61.6811 -31.6881 11.9 2.0 1.0 4.0
1998.3836 68.7534 -26.1288 11 2.5 1.1 4.4
1998.3863 60.5173 -25.9064 8.1 2.4 1.2 4.4
1998.3890 61.8602 -27.3518 14.2 2.2 1.2 4.4
1998.3918 62.5763 -28.2413 3.7 2.9 1.3 4.9
1998.3973 60.1592 -25.6841 3.1 2.9 1.2 4.9
1998.4000 60.9649 -23.0156 10.8 2.5 1.3 4.5
1998.4027 60.6964 -26.1288 11.1 2.7 1.4 5.0
1998.4055 64.9935 -26.7959 11.5 2.1 1.1 4.1
1998.4082 63.3821 -26.9071 15.9 2.9 1.2 5.0
1998.4110 54.0717 -24.2386 2 2.9 1.4 5.4
1998.4137 67.5001 -27.5742 10.7 3.0 1.5 5.8
1998.4192 58.2793 -21.6813 2.1 3.0 1.3 5.1
1998.4219 64.7249 -21.9037 19.8 2.7 1.4 5.2
1998.4247 52.0127 -26.6847 1.9 2.9 1.3 5.1
1998.4274 66.0677 -29.7979 7.9 3.1 1.3 4.9
1998.4301 64.1878 -27.7966 7.1 2.5 1.1 4.3
1998.4329 66.5153 -30.0203 4.2 2.5 1.1 4.4
1998.4356 61.144 -28.6861 15.5 2.5 1.0 4.3
1998.4384 64.5458 -32.3552 13.9 2.1 1.0 4.1
1998.4411 67.5001 -32.5776 5.2 2.2 1.1 4.3
1998.4438 57.1155 -28.2413 -2.3 2.2 1.1 4.2
1998.4466 59.1745 -32.9112 9.9 2.4 1.1 4.5
1998.4493 63.024 -30.0203 3.9 2.2 1.0 4.2
1998.4521 66.2468 -29.5756 4.4 2.0 1.0 4.1
1998.4548 66.2468 -27.463 -7.2 2.4 1.1 4.3
1998.4575 57.384 -29.5756 0.7 2.5 1.1 4.3
1998.4603 63.9192 -23.0156 15.4 2.1 1.0 3.9
1998.4630 68.1268 -32.4664 15.7 2.0 1.0 4.0
1998.4658 61.5021 -29.7979 -0.9 2.0 1.0 4.1
1998.4685 60.6068 -29.9091 7.3 2.0 1.0 4.0
1998.4712 61.5021 -29.242 7.4 2.3 1.1 4.0
1998.4740 61.8602 -28.2413 15.3 2.9 1.3 5.2
1998.4767 65.1725 -32.244 8.8 2.1 1.1 4.6
1998.4795 69.201 -27.2407 -1.3 2.1 1.0 4.1
1998.4822 63.8297 -31.021 12.6 2.1 1.1 4.1
1998.4849 59.1745 -29.4644 18 2.1 1.0 4.2
1998.4877 71.081 -31.5769 9.3 2.1 1.0 4.0
1998.4904 67.2315 -29.9091 -1.3 2.0 1.0 4.2
1998.4932 73.5876 -34.579 5.2 2.1 1.1 4.6
1998.4959 68.4848 -32.5776 3.4 2.3 1.1 4.2
1998.4986 61.2335 -30.5763 14 2.4 1.1 4.6
1998.5014 59.7116 -33.4671 5.3 2.4 1.2 5.2
1998.5041 72.8715 -32.8 18.8 2.1 1.1 4.4
1998.5068 60.7859 -28.2413 -8.3 2.2 1.3 5.5
1998.5096 68.3953 -33.9118 -1.2 2.0 1.0 4.1
1998.5123 76.8105 -41.0278 0.8 5.3 2.6 10.6
1998.5151 76.7209 -33.6895 8.1 2.4 1.3 5.1
1998.5178 69.4696 -29.0196 6.9 2.7 1.3 5.5
1998.5205 67.0525 -35.6908 8 2.4 1.1 4.6
1998.5233 74.2143 -32.0217 -0.3 2.1 1.0 4.2
1998.5260 64.9935 -36.4691 14 2.2 1.0 4.2
1998.5288 66.1573 -33.8007 1.4 1.9 1.0 4.0
1998.5315 76.5419 -33.4671 5.3 2.0 1.0 4.2
1998.5342 60.2488 -30.2427 0.9 1.9 1.0 4.1
1998.5370 54.8774 -35.5796 13.2 2.2 1.0 4.3
1998.5397 72.6029 -36.4691 9.8 3.0 1.5 5.6
1998.5425 61.0545 -28.4637 4 2.6 1.1 4.8
1998.5452 55.7726 -35.0237 2.5 2.4 1.1 4.3
1998.5479 70.4543 -27.1295 -5.6 2.0 1.1 4.2
1998.5507 66.1573 -29.5756 3.2 2.2 1.0 4.2
1998.5534 70.0067 -32.4664 12.7 2.2 1.0 4.3
1998.5562 60.2488 -30.3539 -1.6 2.2 1.1 4.5
1998.5589 68.6639 -32.4664 12.4 2.1 1.1 4.5
1998.5616 64.9039 -32.8 12.6 2.2 1.1 4.2
1998.5644 71.4391 -33.0224 1.6 2.1 1.1 4.3
1998.5671 64.9039 -34.2454 18 2.4 1.1 4.2
1998.5699 76.9 -33.5783 8.4 2.1 1.1 4.6
1998.5726 70.3648 -34.1342 -1.4 2.1 1.0 4.4
1998.5753 77.5266 -32.4664 12.6 3.6 1.7 6.9
1998.5781 70.5439 -28.7973 -4.4 2.3 1.0 4.3
1998.5808 72.2448 -32.9112 16.1 2.7 1.3 5.1
1998.5836 74.2143 -29.1308 0.5 2.5 1.2 4.7
1998.5863 64.9935 -36.1356 17.8 2.4 1.0 4.3
1998.5890 54.2507 -33.4671 10.3 3.5 1.8 6.4
1998.5945 67.7687 -27.5742 -10 2.1 1.0 4.2
1998.5973 89.2541 -34.8013 10 2.4 1.3 5.1
1998.6000 71.9762 -40.4718 2.5 2.0 1.0 4.5
1998.6027 66.6049 -33.3559 0.9 2.9 1.4 5.7
1998.6055 88.6274 -33.8007 -4.1 2.5 1.3 5.0
1998.6082 50.2222 -24.9057 -8.7 2.9 1.4 5.4
1998.6110 65.3516 -15.7885 1 2.6 1.3 5.1
1998.6137 60.6068 -34.1342 -0.2 2.3 1.1 4.6
1998.6192 69.5591 -34.3566 3.7 2.4 1.3 5.2
1998.6219 74.3038 -37.4698 11.6 1.9 0.9 3.6
1998.6247 66.0677 -29.3532 3.4 1.8 0.9 3.4
1998.6274 67.4106 -31.021 5.8 1.8 0.9 3.3
1998.6301 73.8562 -31.3546 -5.7 1.6 0.8 3.2
1998.6356 70.3648 -29.4644 -1.9 1.7 0.8 3.2
1998.6384 68.2163 -30.6874 -8.1 1.8 0.8 3.3
1998.6411 67.8582 -30.0203 16.4 1.8 0.9 3.5
1998.6438 72.7819 -30.4651 -6.2 1.6 0.8 3.1
1998.6466 71.1705 -33.2447 14.1 1.6 0.8 3.2
1998.6521 65.5306 -33.6895 -1.1 2.0 0.9 3.3
1998.6548 70.2753 -33.0224 -8.3 1.7 0.8 3.3
1998.6575 72.6924 -29.242 12.3 2.3 1.1 4.4
1998.6603 70.2753 -36.3579 6.1 2.0 1.0 4.0
1998.6630 71.5286 -33.8007 6.2 2.1 1.0 4.1
1998.6685 74.7514 -32.9112 2.6 2.0 0.9 3.5
1998.6712 62.9344 -33.9118 2.4 1.8 0.8 3.3
1998.6740 70.0963 -33.4671 5.4 1.7 0.8 3.3
1998.6767 70.5439 -33.0224 4.9 1.7 0.8 3.3
1998.6795 67.142 -36.0244 10.3 1.7 0.8 3.1
1998.6822 75.3781 -36.9139 5.1 1.6 0.8 3.2
1998.6904 69.5591 -29.3532 -10.8 1.8 0.9 3.3
1998.6986 69.8277 -34.579 -0.6 1.8 0.8 3.3
1998.7041 69.201 -28.1302 7.8 1.8 0.8 3.4
1998.7096 66.0677 -27.3518 -0.1 1.8 0.8 3.3
1998.7123 75.1095 -33.3559 1.8 1.9 0.9 3.5
1998.7205 68.3058 -32.5776 -5.1 2.2 1.1 4.7
1998.7260 74.9305 -29.242 15.6 2.3 1.1 4.8
1998.7288 69.4696 -28.7973 0.4 2.6 1.2 5.1
1998.7315 71.7972 -22.682 15.4 2.3 1.2 5.2
1998.7342 73.4086 -30.4651 1.5 2.4 1.2 5.4
1998.7370 69.201 -29.3532 -2.5 2.3 1.2 5.5
1998.7397 75.5571 -31.7993 0 2.2 1.2 5.3
1998.7425 73.5876 -35.2461 13 2.4 1.1 5.2
1998.7507 72.6029 -30.5763 5.4 2.5 1.2 5.4
1998.7534 75.3781 -32.3552 -2.5 2.3 1.3 5.5
1998.7562 75.5571 -37.4698 7.4 2.4 1.3 5.6
1998.7644 71.8867 -28.1302 -20.3 2.5 1.3 5.4
1998.7671 66.0677 -25.0169 2.6 2.9 1.3 6.0
1998.7699 65.083 -25.9064 -4.6 2.8 1.3 5.8
1998.7726 75.2886 -27.0183 1.7 3.0 1.3 5.9
1998.7753 71.1705 -38.1369 -11.4 2.6 1.3 5.6
1998.7781 78.3323 -27.6854 4.6 2.6 1.3 5.6
1998.7808 71.7077 -28.1302 11.4 2.8 1.4 6.0
1998.7836 64.9935 -30.6874 3.8 2.6 1.3 5.3
1998.7863 76.9895 -28.5749 16.9 2.7 1.3 5.5
1998.7890 73.4981 -24.7946 7.4 2.6 1.3 5.6
1998.7918 70.4543 -33.0224 2.6 2.4 1.3 5.7
1998.7945 73.6772 -29.7979 0.3 2.6 1.3 5.4
1998.7973 69.022 -30.3539 8.7 2.5 1.3 5.7
1998.8000 75.2886 -32.244 -23.8 2.4 1.2 4.7
1998.8027 73.5876 -29.5756 -3.9 2.2 1.1 4.4
1998.8055 74.1248 -28.2413 -7.4 2.3 1.1 4.7
1998.8082 74.3933 -30.6874 -14.6 2.3 1.1 4.6
1998.8110 75.4676 -28.9085 -0.8 2.2 1.1 4.6
1998.8137 78.5114 -24.461 6.8 2.5 1.1 4.6
1998.8164 68.7534 -32.3552 -4 2.4 1.2 5.2
1998.8192 70.4543 -31.5769 5.8 3.0 1.3 6.1
1998.8219 76.9895 -34.6901 -3.8 2.5 1.2 5.2
1998.8247 79.7647 -27.463 6 2.3 1.1 4.8
1998.8274 73.8562 -33.1335 4.1 4.0 1.5 6.5
1998.8301 84.1513 -32.8 7.9 2.8 1.2 5.4
1998.8329 83.7037 -34.8013 10 2.8 1.5 6.4
1998.8356 76.6314 -30.5763 -6.2 2.3 1.0 4.6
1998.8384 75.2886 -33.4671 1.3 2.1 1.0 4.5
1998.8411 86.1208 -35.802 7.7 2.3 1.1 4.5
1998.8438 74.3038 -27.9078 9.2 2.6 1.1 4.6
1998.8466 78.0638 -30.4651 -3.4 2.6 1.3 5.0
1998.8493 74.2143 -37.3586 2.7 2.6 1.2 5.2
1998.8521 83.1666 -31.5769 11.7 2.4 1.2 5.2
1998.8548 85.4942 -26.6847 -14 3.0 1.7 7.5
1998.8575 77.7952 -30.1315 -5.3 2.8 1.3 5.9
1998.8603 68.1268 -21.2366 3.5 3.1 1.3 5.8
1998.8630 73.8562 -25.3505 -2.2 2.5 1.3 5.4
1998.8658 82.6294 -31.2434 4.3 2.6 1.3 5.9
1998.8685 79.2276 -33.6895 -17.6 2.6 1.4 6.2
1998.8712 83.5247 -31.021 1 2.5 1.4 6.4
1998.8740 73.4086 -30.7986 1.5 2.7 1.4 6.3
1998.8767 77.6162 -31.2434 -7.7 2.5 1.3 6.3
1998.8795 78.8695 -29.6868 5 2.5 1.2 5.8
1998.8822 77.1685 -29.9091 -4.1 2.5 1.4 5.8
1998.8849 73.7667 -29.1308 -7.5 2.5 1.2 5.2
1998.8877 74.2143 -33.1335 5.6 2.5 1.2 5.5
1998.8904 82.2713 -30.2427 6 2.5 1.1 5.1
1998.8932 78.4219 -28.019 9.6 2.7 1.5 6.2
1998.8959 76.0943 -30.6874 4.4 2.5 1.3 5.6
1998.8986 78.78 -29.7979 14.4 2.7 1.4 5.9
1998.9014 73.9457 -29.9091 3.2 2.7 1.3 6.0
1998.9041 75.1095 -29.7979 12.8 2.5 1.3 6.0
1998.9068 76.6314 -27.9078 5.2 2.4 1.4 6.3
1998.9096 73.6772 -28.9085 0.1 2.4 1.3 6.0
1998.9123 82.1818 -30.7986 -9.4 2.6 1.3 5.9
1998.9151 76.7209 -29.0196 -14.5 2.6 1.4 6.4
1998.9178 73.9457 -30.7986 -1.3 2.5 1.3 6.3
1998.9205 81.3761 -28.2413 -2.9 2.7 1.4 6.2
1998.9233 79.2276 -32.5776 -1.5 2.5 1.2 5.5
1998.9260 71.3496 -31.5769 -7.2 2.3 1.1 5.4
1998.9288 77.2581 -32.0217 -3 2.6 1.4 5.8
1998.9315 82.898 -32.4664 4.5 2.4 1.2 5.1
1998.9342 81.8237 -28.2413 5.8 2.4 1.4 5.9
1998.9370 79.3171 -28.1302 2.2 2.6 1.2 5.5
1998.9397 84.8675 -35.802 -3.7 2.0 1.1 4.5
1998.9425 81.9132 -38.0257 -2.7 1.9 1.0 4.2
1998.9452 73.3191 -31.7993 -7 1.9 1.0 4.0
1998.9479 78.0638 -34.9125 -2.9 2.1 1.1 4.4
1998.9507 76.1838 -36.8027 7.5 1.9 1.0 4.1
1998.9534 80.839 -33.9118 8.8 2.3 1.1 4.6
1998.9562 74.4829 -35.2461 11.8 2.1 1.1 4.6
1998.9589 70.8124 -29.4644 -6.7 1.9 1.0 4.2
1998.9616 68.6639 -32.244 -4 2.0 1.0 4.0
1998.9644 82.2713 -43.5851 23 1.9 1.1 4.3
1998.9671 85.9418 -40.583 24.2 2.1 1.0 4.2
1998.9699 69.1115 -33.0224 11.5 2.2 1.0 4.3
1998.9726 62.0392 -26.1288 -3.2 1.9 1.0 4.2
1998.9753 63.2925 -25.6841 -1.3 2.1 1.1 4.3
1998.9781 80.1228 -34.2454 15.8 2.0 1.0 4.1
1998.9808 89.7017 -39.4712 15.1 1.9 1.0 4.4
1998.9836 67.321 -33.9118 -1.7 1.9 1.1 4.3
1998.9863 83.6142 -39.6935 12.8 2.2 1.1 4.4
1998.9890 78.8695 -35.5796 0.2 2.0 1.1 4.2
1998.9918 90.0598 -42.362 34.6 2.2 1.1 4.3
1998.9945 65.4411 -32.4664 6.2 2.3 1.1 4.5
1998.9973 76.6314 -31.4657 9.6 2.1 1.1 4.2
1999.0000 83.4351 -36.3579 7.4 1.9 1.1 4.3
1999.0027 86.837 -40.9166 13.4 2.3 1.1 4.7
1999.0055 89.1646 -36.6915 11.4 3.2 1.6 6.0
1999.0110 65.8887 -36.9139 -15.2 2.7 1.3 4.8
1999.0137 62.4868 -26.9071 -17.9 2.0 1.1 4.3
1999.0164 58.9059 -32.5776 -2.3 2.2 1.1 4.7
1999.0192 56.6679 -28.6861 -5.7 2.0 1.1 4.2
1999.0219 77.1685 -35.1349 7 2.0 1.0 4.1
1999.0247 80.3018 -37.0251 11.5 2.5 1.1 4.8
1999.0274 84.0618 -37.8034 9.6 2.4 1.2 4.7
1999.0301 75.6467 -39.4712 3.3 2.3 1.2 4.7
1999.0329 75.02 -38.5817 14.4 2.3 1.1 4.6
1999.0356 85.6732 -36.2468 3.7 2.1 1.1 4.3
1999.0384 79.0485 -34.2454 10.4 2.3 1.2 4.6
1999.0411 73.0505 -30.7986 0.5 2.1 1.1 4.4
1999.0438 84.5989 -40.0271 4.8 2.1 1.1 4.4
1999.0466 81.4656 -36.9139 15.7 2.0 1.1 4.7
1999.0493 78.78 -36.2468 4.4 1.9 1.0 4.2
1999.0521 78.2428 -34.9125 9.5 1.9 1.1 4.6
1999.0548 77.3476 -36.8027 10.2 2.5 1.1 4.7
1999.0575 85.1361 -34.8013 13.5 2.3 1.1 4.5
1999.0603 90.2389 -41.2501 9.2 1.9 1.0 4.2
1999.0630 86.4789 -32.1329 13.7 2.2 1.1 4.6
1999.0658 83.077 -38.9152 12.6 2.0 1.1 4.4
1999.0685 76.0943 -42.2508 11.3 2.2 1.1 4.5
1999.0712 73.2295 -41.8061 9.4 2.1 1.1 4.5
1999.0740 90.5074 -37.8034 17.8 2.0 1.1 4.5
1999.0767 83.9723 -40.6942 5.6 2.1 1.0 4.2
1999.0795 80.2123 -35.6908 7.3 2.2 1.1 4.6
1999.0822 74.7514 -40.9166 13.1 1.9 1.0 4.2
1999.0849 83.7932 -37.0251 12.4 2.0 1.1 4.4
1999.0877 88.5379 -34.4678 11.6 2.0 1.0 4.3
1999.0904 86.837 -36.0244 5.2 2.0 1.0 4.3
1999.0932 72.4238 -43.2515 5.8 2.0 1.0 4.1
1999.0959 93.8198 -40.9166 5.5 2.0 1.0 4.4
1999.0986 83.7037 -38.804 11.4 2.2 1.0 4.5
1999.1014 79.9437 -40.6942 -4.7 2.0 1.0 4.3
1999.1041 84.6884 -37.8034 -0.4 2.3 1.1 4.6
1999.1068 90.1493 -36.3579 13.3 2.0 1.0 4.4
1999.1096 89.5227 -34.023 6.7 2.1 1.0 4.5
1999.1123 87.4636 -41.3613 11.5 2.2 1.0 4.5
1999.1151 84.957 -36.9139 23 2.3 1.1 4.8
1999.1178 80.5704 -39.2488 9.9 2.2 1.1 4.6
1999.1205 88.3589 -39.2488 13.5 2.1 1.1 4.5
1999.1233 86.0313 -41.139 11 2.3 1.1 4.7
1999.1260 88.896 -40.6942 16 2.2 1.0 4.7
1999.1288 84.5094 -44.2522 10 2.1 1.1 4.6
1999.1315 78.78 -37.3586 4.7 2.4 1.1 4.8
1999.1342 84.8675 -39.9159 19.1 2.2 1.1 4.6
1999.1370 79.4066 -37.6922 2.5 2.3 1.1 4.8
1999.1397 84.6884 -38.2481 -5.1 2.3 1.0 4.5
1999.1425 79.8542 -36.5803 3.3 2.3 1.0 4.4
1999.1452 77.4371 -39.8047 1.2 2.4 1.1 4.6
1999.1479 81.5552 -43.3627 1.3 2.4 1.1 4.4
1999.1507 79.9437 -42.0284 7.6 2.6 1.1 4.6
1999.1534 80.0333 -38.9152 -2.3 2.4 1.1 4.3
1999.1562 77.7952 -36.5803 12.2 2.5 1.1 4.6
1999.1589 81.1971 -37.3586 8.2 2.5 1.0 4.4
1999.1616 83.3456 -38.4705 13.4 5.2 1.7 7.5
1999.1644 80.839 -39.0264 10.7 3.9 1.5 6.6
1999.1671 91.7607 -44.4746 15.6 3.6 1.3 5.3
1999.1699 84.0618 -43.8074 23.5 2.3 1.1 4.5
1999.1726 92.5664 -41.2501 9.7 3.4 1.5 5.7
1999.1753 89.1646 -40.1383 24 3.8 1.5 6.0
1999.1781 83.8827 -42.362 11.8 3.9 1.7 7.4
1999.1808 80.839 -43.5851 15.7 3.4 1.3 5.4
1999.1890 81.3761 -41.9173 4.8 3.4 1.5 6.1
1999.1918 80.7495 -41.6949 13.9 3.2 1.3 5.0
1999.1945 78.5114 -42.1396 9.5 4.6 1.9 7.3
1999.1973 86.0313 -38.2481 5.8 4.1 1.6 7.1
1999.2000 75.7362 -35.5796 -2.7 4.2 1.9 7.6
1999.2027 78.959 -40.8054 -14.8 2.6 1.1 4.6
1999.2055 75.7362 -42.4732 -0.6 4.1 1.6 6.7
1999.2082 75.1095 -45.8088 -4.5 1.8 0.8 3.3
