1999.4712 0 0 0 2.6 2.5 6.1
1999.4740 -1.45962 0.77728 -9.3 2.0 1.6 4.7
2001.4301 -25.7117 -33.9782 12.7 1.7 1.2 3.7
2001.4329 -23.6907 -30.3139 19.2 1.7 1.2 3.6
2001.4356 -21.7819 -27.4269 21.7 1.7 1.2 3.5
2001.4384 -22.7925 -24.4288 23.8 1.8 1.3 3.6
2001.4411 -29.3607 -23.4294 25.2 2.7 2.6 5.5
2003.5808 -49.0655 -22.9853 94.5 1.6 1.2 3.2
2003.5836 -52.3777 -22.9853 96.9 1.6 1.0 3.1
2003.5863 -50.9181 -21.5417 96.3 1.4 1.0 3.0
2003.5890 -45.7533 -21.0976 80.6 1.4 1.0 3.0
2007.7151 -84.9384 -43.9718 220 1.7 1.2 3.4
2007.7178 -88.1944 -42.8614 217 1.3 0.9 2.7
2007.7205 -93.7522 -47.8582 210.8 1.4 1.0 2.8
