2002.5260 0 0 0 80.0 52.1 257.2
2002.5288 65.5724 -73.3109 -157.7 1.8 1.0 3.2
2003.6137 56.0346 -94.8599 -166.1 1.3 0.9 2.6
2003.6164 55.571 -97.1925 -172.2 1.3 0.8 2.6
2004.6384 55.0411 -111.966 -184.6 1.4 0.9 2.7
2004.6411 52.4579 -112.188 -144.1 3.6 2.1 5.8
2004.6438 58.5516 -113.41 -164.8 1.3 0.9 2.8
2004.6466 50.206 -114.187 -173.6 1.2 0.9 2.7
2005.5370 47.7553 -134.848 -151.4 1.3 0.9 2.6
2005.5397 51.7294 -136.069 -120.5 1.4 0.9 2.7
2010.5014 -61.2009 -242.259 -147.4 1.3 0.8 2.5
2010.5562 -61.5984 -244.925 -148.4 1.4 0.8 2.6
2010.5589 -57.3593 -243.148 -155.1 1.3 0.8 2.5
2010.5616 -58.6178 -243.148 -154.8 1.3 0.8 2.5
2010.5644 -56.7632 -244.036 -155.8 1.3 0.8 2.5
2010.5671 -57.2931 -243.037 -155.7 1.3 0.8 2.5
2010.5699 -58.8165 -245.147 -161.7 2.1 1.4 4.0
