2002.8630 0 0 0 4.2 2.7 8.1
2002.8658 -2.15894 -0.666125 -0.8 1.8 1.4 4.0
2002.8685 -4.56892 -0.888167 4.5 1.7 1.4 4.0
2002.8712 0.401663 -0.666125 -2.5 1.5 1.2 3.5
2002.8740 -0.451871 -0.444084 -7.2 1.6 1.2 3.6
2002.8767 0.803326 1.33225 -1.6 1.5 1.1 3.4
2002.8795 -1.05436 2.33144 5.5 1.5 1.1 3.5
2002.8822 3.36393 5.77309 -8.9 4.4 4.4 8.9
2003.4438 23.0956 -9.5478 -14.4 1.2 0.9 2.7
2003.4466 23.7483 -9.99188 -16.4 1.2 0.9 2.8
2003.7808 28.1164 -11.8792 -25.3 1.2 0.9 2.9
2003.7836 28.0662 -14.9878 -25.1 1.4 1.0 3.0
2003.7863 27.5139 -15.4319 -21.3 2.1 1.4 4.0
2004.3726 28.7691 -29.4205 -19.1 1.2 0.9 2.8
2004.3753 33.4887 -27.7552 -11.6 1.2 0.9 2.8
2004.7890 37.5053 -31.4189 -23.8 1.4 1.1 2.9
2004.7918 32.7858 -29.6426 -27.2 1.2 0.9 2.7
2006.5918 30.2252 -65.5023 -24.6 3.3 2.9 6.6
2006.5945 27.2629 -65.2803 -16 1.2 0.9 2.7
2006.5973 29.1708 -66.2795 -22.2 1.2 0.9 2.7
2006.6000 24.9031 -61.1725 -14.9 2.2 1.4 3.9
2006.7644 33.1874 -67.0566 -13.7 2.8 1.9 5.3
2006.7671 30.2754 -67.8338 -23.6 1.2 0.9 2.7
2006.7699 26.5098 -69.6101 -19.1 1.5 1.1 3.3
2006.7699 29.9239 -61.8386 -25.7 1.1 0.8 2.2
2006.7726 27.765 -61.1725 -31.2 1.1 0.9 2.6
2006.7753 28.4679 -60.5064 -21.9 1.1 0.9 2.7
2006.7781 29.472 -61.7276 -25.8 1.1 0.9 2.6
2006.7808 27.7148 -60.9505 -30.4 1.1 0.9 2.6
2006.7836 28.6687 -60.1733 -30.3 1.3 0.9 2.7
2006.7863 30.0745 -60.5064 -29.7 1.3 0.9 2.7
2006.7890 23.1458 -64.7252 -19.8 1.1 0.9 2.6
2006.7918 25.3048 -60.2843 -28.4 1.1 0.8 2.6
2006.7945 25.2546 -62.5048 -21.7 1.1 0.8 2.6
2006.7973 28.267 -62.2827 -25.5 1.1 0.8 2.6
2006.8000 28.7691 -62.3937 -26.7 1.1 0.8 2.5
2006.8027 30.5766 -62.7268 -28.2 1.3 0.9 2.6
2006.8055 29.0704 -61.8386 -29.7 1.2 0.9 2.6
2006.8082 28.0662 -61.8386 -41.8 1.2 0.9 2.6
2006.8110 30.8779 -62.5048 -39.5 1.1 0.8 2.6
2006.8137 28.7691 -64.6141 -32.5 1.2 0.9 2.6
2006.8164 26.1583 -62.5048 -23.1 1.2 0.9 2.6
2006.8192 26.3591 -59.5072 -22.3 1.2 0.9 2.6
2006.8219 28.9198 -61.3945 -31.8 1.1 0.8 2.6
2006.8247 29.6227 -58.73 -34.1 1.2 0.9 2.7
2006.8274 27.4637 -61.3945 -32.4 1.2 1.0 2.7
2006.8301 28.0662 -62.2827 -32.6 1.2 0.9 2.6
2006.8329 28.4679 -60.1733 -32.4 1.1 0.8 2.6
2006.8356 26.5098 -59.2851 -31.2 1.1 0.8 2.6
2006.8384 27.4637 -58.9521 -32.3 1.2 0.9 2.6
2006.8411 28.3675 -60.1733 -35.9 1.2 0.9 2.7
2006.8438 28.1666 -61.5056 -33 1.2 1.0 2.8
2006.8466 27.3633 -61.7276 -29.5 1.2 0.9 2.6
2006.8493 27.5139 -62.1717 -31.6 1.1 0.8 2.6
2006.8521 27.6143 -61.7276 -33.6 1.1 0.9 2.7
2006.8548 26.7106 -62.5048 -33.9 1.2 0.9 2.7
2006.8575 26.8612 -61.8386 -32.8 1.2 0.9 2.7
2006.8603 25.8069 -61.9496 -33.9 1.8 1.1 3.3
2006.8630 27.3633 -61.8386 -31 1.3 1.0 2.9
2006.8658 26.1081 -61.9496 -34.5 1.2 0.9 2.7
2006.8685 30.8779 -59.2851 -34.1 1.2 0.9 2.8
2006.8712 26.5098 -63.837 -30.6 1.1 0.8 2.6
2006.8740 25.9575 -61.6166 -27.4 1.1 0.8 2.6
2006.8767 26.811 -61.0615 -24.9 1.2 0.9 2.6
2006.8795 28.3173 -62.3937 -28.4 1.1 0.8 2.6
2006.8822 23.8488 -65.5023 -36.3 1.1 0.8 2.6
2006.8849 26.6102 -61.6166 -29.4 1.1 0.8 2.6
2006.8877 28.4679 -60.5064 -27.6 1.1 0.8 2.6
2006.8904 26.0579 -62.7268 -32 1.1 0.8 2.5
2006.8932 25.7567 -62.8378 -29.8 1.1 0.8 2.6
2006.8959 29.5725 -62.7268 -29.3 1.4 1.0 3.0
2006.8986 29.4218 -62.5048 -35.9 1.3 0.9 2.7
2006.9014 25.9073 -63.948 -34.4 1.1 0.8 2.6
2006.9041 27.1625 -64.1701 -32.5 1.1 0.8 2.6
2006.9068 29.0202 -64.059 -33.6 1.2 0.8 2.6
2006.9096 27.3131 -63.5039 -28.4 1.1 0.8 2.6
2006.9123 27.765 -63.0599 -26.8 1.1 0.8 2.6
2006.9151 25.2546 -62.2827 -32.3 1.8 1.1 3.4
2006.9178 27.9156 -64.6141 -26.7 1.1 0.8 2.6
2006.9205 29.0704 -64.059 -20.9 1.1 0.8 2.6
2006.9233 26.3089 -64.3921 -21 1.1 0.8 2.6
2006.9260 25.5056 -63.726 -25.3 1.1 0.8 2.6
2006.9288 31.3799 -59.1741 -24.9 1.1 0.8 2.6
2006.9315 27.3131 -63.726 -17.5 1.7 1.0 3.1
2006.9342 27.0119 -64.5031 -19.6 1.4 0.9 2.7
2006.9370 27.6646 -63.2819 -21.4 1.5 0.9 3.0
2006.9397 24.6019 -64.9472 -25 1.1 0.8 2.6
2006.9425 27.0119 -65.6133 -16.4 1.2 0.8 2.6
2006.9452 25.606 -65.8354 -13.9 1.2 0.9 2.6
2006.9479 27.8654 -66.3905 -11.1 1.3 0.9 2.7
2006.9507 28.4177 -64.9472 -14.2 1.2 0.8 2.6
2006.9534 27.6143 -64.7252 -12.5 1.2 0.9 2.7
2006.9562 35.1455 -61.5056 -16 2.2 1.4 4.2
2006.9589 27.9156 -64.8362 -19.9 1.1 0.8 2.6
2006.9616 26.7106 -64.7252 -16.2 1.1 0.8 2.5
2006.9644 28.3173 -65.2803 -18.3 1.1 0.8 2.5
2006.9671 21.1877 -67.5007 -16.5 1.3 0.9 2.7
2006.9699 26.5098 -64.8362 -15.3 1.3 0.9 2.7
2006.9726 29.472 -65.1693 -12.2 1.2 0.9 2.6
2006.9753 30.8277 -63.3929 -14.4 1.3 0.9 2.7
2006.9781 28.0662 -63.726 -13.6 1.2 0.8 2.5
2006.9808 28.0662 -65.5023 -12.1 1.1 0.8 2.6
2006.9836 27.1123 -64.7252 -20.2 1.1 0.8 2.5
2006.9863 25.104 -68.4999 -27.2 1.1 0.8 2.5
2006.9890 28.3675 -66.5015 -30.7 1.1 0.9 2.5
2006.9918 26.7106 -69.388 -31.6 1.1 0.9 2.5
2006.9945 30.426 -68.3889 -27.7 1.1 0.9 2.6
2006.9973 25.3048 -68.1668 -28.4 1.1 0.9 2.6
2007.0000 27.8654 -70.8313 -37.3 1.1 0.9 2.6
2007.0027 35.0451 -68.944 -38.4 1.2 0.9 2.6
2007.0055 28.5181 -66.8346 -16.4 1.3 0.9 2.7
2007.0082 28.267 -66.2795 -17.2 1.4 0.9 2.7
2007.0110 25.3048 -66.9456 -20.2 1.2 0.9 2.6
2007.0137 25.355 -69.166 -26.3 1.2 0.9 2.6
2007.0164 27.5139 -68.7219 -34.5 1.1 0.9 2.6
2007.0192 27.4135 -67.9448 -30.1 1.1 0.9 2.6
2007.0219 26.9114 -67.9448 -33.1 1.1 0.9 2.6
2007.0247 26.3591 -67.3897 -37.4 1.1 0.9 2.6
2007.0274 28.3173 -67.9448 -30.2 1.2 0.9 2.7
2007.0301 29.472 -67.2787 -33.8 1.1 0.9 2.7
2007.0329 26.7608 -68.4999 -33.5 1.1 0.8 2.6
2007.0356 29.0704 -68.2778 -26 1.1 0.8 2.5
2007.0384 29.0202 -67.8338 -21.8 1.1 0.8 2.6
2007.0411 26.3089 -67.9448 -23 1.2 0.9 2.7
2007.0438 24.5517 -67.9448 -30.3 1.1 0.9 2.6
2007.0466 29.3716 -68.7219 -26 1.3 0.9 2.8
2007.0493 26.6102 -69.388 -31.2 1.3 0.9 2.6
2007.0521 27.2127 -68.944 -19.4 1.2 0.9 2.6
2007.0548 28.4177 -70.8313 -19.9 1.1 0.9 2.6
2007.0575 28.97 -69.277 -16 1.1 0.8 2.6
2007.0603 29.5725 -68.7219 -15.8 1.1 0.8 2.5
2007.0630 25.606 -68.944 -24.9 1.1 0.9 2.6
2007.0658 29.0202 -69.055 -24.6 1.1 0.8 2.6
2007.0685 29.7733 -68.0558 -27.4 1.1 0.9 2.6
2007.0712 30.0745 -69.4991 -30.7 1.1 0.8 2.6
2007.0740 28.6687 -69.4991 -29.6 1.1 0.8 2.6
2007.0767 28.4177 -69.9432 -37.1 1.1 0.8 2.6
2007.0795 26.0077 -67.8338 -30.4 1.3 1.0 2.8
2007.0822 25.7064 -68.2778 -36.5 1.2 0.9 2.6
2007.0849 28.7189 -67.1676 -33.8 1.2 0.9 2.6
2007.0877 26.4596 -68.4999 -33.1 1.2 0.9 2.6
2007.0904 31.8318 -69.4991 -31.1 1.1 0.9 2.6
2007.0932 25.0035 -68.6109 -26.3 1.1 0.9 2.6
2007.0959 27.9658 -65.7244 -29.9 1.1 0.8 2.6
2007.0986 27.6143 -67.9448 -26.9 1.1 0.8 2.6
2007.1014 27.8654 -67.9448 -30.8 1.1 0.9 2.6
2007.1041 24.2504 -67.3897 -32.1 1.1 0.9 2.6
2007.1068 27.0621 -66.7235 -29.2 1.2 0.9 2.6
2007.1096 22.694 -69.6101 -30.4 1.2 0.9 2.6
2007.1123 25.355 -68.944 -29.7 1.1 0.8 2.5
2007.1151 26.9616 -69.277 -30.6 1.1 0.8 2.5
2007.1178 27.5139 -68.6109 -30 1.1 0.9 2.6
2007.1205 25.9575 -69.055 -28.2 1.1 0.8 2.5
2007.1233 24.4512 -69.7211 -31.4 1.3 0.9 2.7
2007.1260 27.8152 -68.6109 -27.7 1.1 0.8 2.5
2007.1288 24.7023 -69.6101 -31.3 1.1 0.8 2.5
2007.1315 26.7106 -69.6101 -27.3 1.1 0.9 2.6
2007.1342 29.0704 -69.055 -27.1 1.1 0.8 2.5
2007.1370 26.9114 -69.6101 -25.4 1.1 0.8 2.5
2007.1397 25.9073 -69.277 -26 1.1 0.9 2.6
2007.1425 27.1625 -69.277 -27.3 1.1 0.8 2.5
2007.1452 27.8152 -69.277 -32.7 1.1 0.9 2.5
2007.1479 29.7733 -70.2762 -28.3 1.1 0.8 2.5
2007.1507 28.5683 -69.9432 -30.9 1.1 0.8 2.5
2007.1534 26.2587 -69.166 -28.9 1.1 0.8 2.5
2007.1562 26.7106 -67.9448 -29.1 1.1 0.8 2.5
2007.1589 27.6143 -70.3872 -27.9 1.2 0.8 2.6
2007.1616 28.3173 -70.1652 -34.1 1.4 1.0 2.9
2007.1644 27.0621 -69.166 -38.5 1.3 0.9 2.7
2007.1671 28.9198 -68.1668 -35.8 1.1 0.9 2.6
2007.1699 27.1123 -69.4991 -33.3 1.1 0.8 2.5
2007.1726 29.1206 -71.4974 -38.3 1.1 0.8 2.5
2007.1753 28.8695 -69.7211 -37.4 1.1 0.9 2.6
2007.1781 26.9616 -70.2762 -36.3 1.2 0.9 2.7
2007.1808 29.3716 -68.0558 -30.2 1.2 0.9 2.6
2007.1836 26.8612 -67.9448 -29.2 1.1 0.8 2.5
2007.1863 27.4135 -70.3872 -30 1.1 0.8 2.5
2007.1890 27.7148 -68.7219 -29 1.1 0.9 2.6
2007.1918 27.1123 -70.8313 -31.1 1.2 0.8 2.5
2007.1945 26.2587 -70.1652 -30.6 1.1 0.9 2.6
2007.1973 27.0621 -70.1652 -37.1 1.2 0.9 2.7
2007.2000 28.5683 -70.3872 -38.7 1.2 0.8 2.5
2007.2027 28.5683 -71.8305 -39.2 1.1 0.9 2.6
2007.2055 28.6687 -72.7187 -40.4 1.1 0.8 2.6
2007.2082 27.3633 -72.1636 -32 1.1 0.8 2.5
2007.2110 27.2629 -70.6093 -29.4 1.1 0.8 2.5
2007.2137 28.0662 -72.1636 -30 1.1 0.8 2.5
2007.2164 27.7148 -72.7187 -29.8 1.1 0.9 2.5
2007.2192 27.2127 -72.1636 -23.4 1.1 0.9 2.5
2007.2219 26.56 -74.384 -33.4 1.1 0.8 2.5
2007.2247 27.8152 -74.8281 -32.9 1.2 0.9 2.6
2007.2274 26.0579 -75.6052 -32.5 1.6 1.1 3.1
2007.2301 26.8612 -74.384 -36.8 1.2 0.9 2.7
2007.2329 24.2002 -72.4966 -32.8 1.1 0.8 2.5
2007.2356 27.5641 -72.3856 -30.6 1.2 0.9 2.6
2007.2384 27.6646 -71.7195 -34.4 1.1 0.8 2.6
2007.2411 29.1206 -70.9423 -36 1.1 0.8 2.5
2007.2438 28.5181 -71.1644 -37.3 1.1 0.9 2.6
2007.2466 29.0202 -70.6093 -39.6 1.1 0.8 2.5
2007.2493 28.5683 -70.8313 -36.6 1.5 1.1 3.0
2007.2521 29.2712 -74.1619 -40 1.5 1.1 2.9
2007.2548 26.3591 -71.7195 -37.8 1.1 0.8 2.5
2007.2575 26.1081 -72.1636 -33.6 1.1 0.8 2.5
2007.2603 29.5222 -71.7195 -31.5 1.1 0.8 2.5
2007.2630 26.2587 -71.2754 -35 1.2 0.8 2.6
2007.2658 27.4637 -72.7187 -29.9 1.1 0.8 2.5
2007.2685 27.9658 -72.7187 -28.5 1.1 0.8 2.5
2007.2712 24.2002 -72.8297 -30.7 1.1 0.9 2.5
2007.2740 23.7985 -71.7195 -33.6 1.1 0.9 2.6
2007.2767 23.0956 -73.6068 -34.9 1.1 0.8 2.5
2007.2795 26.2085 -68.4999 -36.9 1.2 0.9 2.6
2007.2822 24.0496 -71.7195 -30.6 1.1 0.8 2.5
2007.2849 27.0621 -71.0534 -27.3 1.1 0.8 2.5
2007.2877 25.9575 -72.6077 -30.9 1.1 0.8 2.5
2007.2904 26.7608 -72.3856 -29.3 1.1 0.8 2.5
2007.2932 24.8027 -71.6085 -29.9 1.3 1.0 2.6
2007.2959 29.1708 -71.9415 -30.9 1.1 0.8 2.5
2007.2986 26.7608 -73.2738 -26.8 1.1 0.8 2.5
2007.3014 28.4177 -74.9391 -36 1.1 0.8 2.5
2007.3041 27.7148 -71.3864 -35.3 1.1 0.8 2.5
2007.3068 27.9658 -69.9432 -29.8 1.2 0.9 2.5
2007.3096 26.0077 -71.9415 -28.2 1.2 0.9 2.6
2007.3123 28.1164 -70.2762 -29.7 1.1 0.8 2.6
2007.3151 24.3508 -71.0534 -27.5 1.1 0.8 2.6
2007.3178 25.8571 -71.2754 -28.2 1.1 0.8 2.5
2007.3205 29.0202 -68.7219 -14.5 1.1 0.8 2.5
2007.3233 33.1372 -70.8313 -21.8 1.5 1.0 2.7
2007.3260 23.2965 -72.6077 -24.8 1.2 0.9 2.5
2007.3288 24.7023 -72.6077 -24.5 1.3 0.9 2.6
2007.3315 25.3048 -71.8305 -30.9 1.2 0.8 2.5
2007.3342 26.2587 -70.3872 -28.9 1.2 0.9 2.6
2007.3370 25.1542 -72.1636 -27.2 1.2 0.8 2.6
2007.3397 26.5098 -73.4958 -31.8 1.1 0.8 2.5
2007.3425 25.4052 -74.1619 -34.4 1.1 0.8 2.5
2007.3452 26.1583 -72.8297 -30.6 1.1 0.8 2.5
2007.3479 27.8152 -71.3864 -29.9 1.2 0.9 2.6
2007.3507 26.8612 -71.9415 -33 1.2 0.8 2.5
2007.3534 25.2546 -73.3848 -37.4 1.2 0.8 2.5
2007.3562 28.0662 -70.0542 -38.3 1.2 0.9 2.7
2007.3589 24.5517 -73.1628 -28.8 1.2 0.9 2.7
2007.3616 27.4135 -72.2746 -28.9 1.1 0.8 2.5
2007.3644 23.7985 -71.9415 -26.5 1.1 0.8 2.5
2007.3671 26.6102 -72.4966 -35.7 1.2 0.8 2.6
2007.3699 25.606 -73.6068 -36.4 1.1 0.8 2.5
2007.3726 27.2629 -70.6093 -31.4 1.1 0.8 2.5
2007.3753 26.0077 -73.0517 -28.4 1.2 0.8 2.6
2007.3781 26.4094 -74.0509 -30.8 1.4 1.0 2.8
2007.3808 25.2546 -71.4974 -33 1.2 0.8 2.5
2007.3836 24.6521 -71.9415 -32.4 1.1 0.8 2.5
2007.3863 27.6646 -73.2738 -33.4 1.1 0.8 2.5
2007.3890 25.7064 -72.1636 -36.1 1.3 0.9 2.6
2007.3918 22.7944 -71.3864 -28.8 1.6 1.0 2.9
2007.3945 26.4094 -72.0525 -32 1.4 1.0 2.7
2007.3973 26.0077 -72.2746 -35.2 1.3 0.9 2.7
2007.4000 36.0493 -70.0542 -41.1 1.5 0.9 2.7
2007.4027 27.0621 -74.0509 -30 1.2 0.8 2.5
2007.4055 26.2085 -73.6068 -35.5 1.2 0.8 2.5
2007.4082 26.7608 -73.1628 -29.1 1.2 0.8 2.5
2007.4110 26.1583 -74.384 -30.1 1.2 0.8 2.6
2007.4137 28.3675 -72.9407 -27.6 1.1 0.8 2.5
2007.4164 31.9824 -72.1636 -28.1 1.2 0.8 2.5
2007.4192 25.5056 -70.4983 -34.2 1.2 0.8 2.5
2007.4219 26.2587 -72.3856 -31.2 1.2 0.8 2.5
2007.4247 25.9575 -72.7187 -32.4 1.1 0.8 2.5
2007.4274 25.5558 -71.4974 -31.3 1.2 0.8 2.6
2007.4301 30.3256 -72.9407 -30.3 1.1 0.8 2.5
2007.4329 24.5517 -71.0534 -31.9 1.1 0.8 2.5
2007.4356 26.3591 -72.8297 -27.1 1.1 0.8 2.5
2007.4384 26.4094 -73.1628 -29 1.3 0.9 2.6
2007.4411 25.7567 -72.0525 -27.9 1.2 0.9 2.5
2007.4438 31.5808 -71.0534 -34.5 1.1 0.8 2.5
2007.4466 26.7106 -73.3848 -35.2 1.1 0.8 2.6
2007.4493 27.9658 -73.0517 -41.9 1.1 0.8 2.5
2007.4521 25.4554 -72.2746 -41.3 1.3 0.9 2.7
2007.4548 25.6562 -74.384 -30.6 1.1 0.8 2.5
2007.4575 25.8571 -72.6077 -32.1 1.2 0.8 2.5
2007.4603 28.1164 -72.9407 -28.3 1.2 0.8 2.5
2007.4630 26.0579 -68.944 -42.1 1.1 0.8 2.5
2007.4658 27.9658 -74.384 -30.3 1.1 0.8 2.5
2007.4685 28.2168 -71.9415 -37.8 1.1 0.8 2.5
2007.4712 26.2085 -74.495 -28.1 1.3 0.9 2.9
2007.4740 29.6227 -74.384 -31.2 1.2 0.9 2.6
2007.4767 24.4512 -71.1644 -33.4 1.2 0.9 2.5
2007.4795 30.677 -74.8281 -33.7 1.2 0.9 2.6
2007.4822 25.355 -74.0509 -27.2 1.3 1.0 2.9
2007.4849 18.1251 -76.8264 -22.5 1.1 0.8 2.5
2007.4877 23.7483 -74.606 -14.5 1.1 0.8 2.5
2007.4904 21.4388 -74.384 -20.2 1.1 0.8 2.5
2007.4932 26.0579 -76.6044 -21.1 1.1 0.8 2.5
2007.4959 24.0496 -74.273 -20 1.1 0.8 2.5
2007.4986 22.0915 -75.7162 -24.3 1.1 0.8 2.5
2007.5014 21.8404 -74.8281 -26.6 1.1 0.8 2.5
2007.5041 25.2044 -74.1619 -25.9 1.2 0.8 2.6
2007.5068 19.7317 -76.6044 -22.7 1.2 0.9 2.6
2007.5096 25.0537 -75.9383 -19.6 1.1 0.8 2.5
2007.5123 23.196 -76.2713 -22.2 1.1 0.8 2.5
2007.5151 22.4931 -76.0493 -23.6 1.1 0.8 2.5
2007.5178 26.9616 -80.0461 -22.1 1.1 0.8 2.5
2007.5205 22.6438 -75.9383 -25.8 1.1 0.8 2.5
2007.5233 23.9994 -74.273 -24 1.1 0.8 2.6
2007.5260 24.5517 -75.0501 -17.6 1.4 0.9 2.7
2007.5288 24.9031 -77.2705 -16.7 1.1 0.8 2.6
2007.5315 24.401 -75.0501 -19.8 1.1 0.8 2.5
2007.5342 26.0077 -77.8256 -19.7 1.3 1.0 2.8
2007.5370 24.6521 -74.606 -25.8 1.2 0.9 2.6
2007.5397 25.0537 -74.9391 -24.8 1.1 0.8 2.5
2007.5425 23.1458 -74.273 -20.6 1.1 0.8 2.5
2007.5452 25.1542 -73.7179 -15.1 1.1 0.8 2.5
2007.5479 21.8404 -75.4942 -18.6 1.1 0.8 2.5
2007.5507 25.4554 -74.606 -18.6 1.3 1.0 2.7
2007.5534 30.7774 -73.8289 -27.3 1.2 0.9 2.6
2007.5562 20.535 -72.4966 -18.7 1.1 0.8 2.5
2007.5589 19.2296 -76.1603 -20.4 1.1 0.8 2.5
2007.5616 24.2504 -77.0485 -27.4 1.1 0.9 2.5
2007.5644 23.196 -76.2713 -20.3 1.1 0.8 2.5
2007.5671 20.4848 -73.7179 -27.9 1.1 0.8 2.5
2007.5699 24.0496 -74.9391 -14.4 1.2 0.9 2.6
2007.5726 24.0998 -73.0517 -20 1.1 0.8 2.5
2007.5753 22.6438 -77.8256 -14.4 1.2 0.9 2.6
2007.5781 23.7985 -74.495 -20.1 1.2 0.9 2.5
2007.5808 17.623 -75.2722 -22.9 1.1 0.9 2.5
2007.5836 23.0454 -75.4942 -20.2 1.2 0.9 2.5
2007.5863 25.5056 -74.0509 -20.5 1.1 0.9 2.5
2007.5890 22.1919 -76.4934 -14.4 1.1 0.9 2.5
2007.5918 22.7442 -77.1595 -15.6 1.1 0.8 2.5
2007.5945 21.6396 -75.3832 -16.6 1.1 0.9 2.5
2007.5973 19.33 -75.2722 -24.8 1.1 0.9 2.5
2007.6000 22.6438 -75.7162 -20.7 1.2 0.9 2.6
2007.6027 24.3508 -73.2738 -21.7 1.1 0.9 2.5
2007.6055 19.9827 -76.1603 -24 1.1 0.9 2.5
2007.6082 18.7778 -76.0493 -18.5 1.2 1.0 2.7
2007.6110 21.3384 -76.9375 -18.3 1.2 0.9 2.6
2007.6137 23.3969 -75.7162 -20.8 1.1 0.9 2.5
2007.6164 24.4512 -75.2722 -18.5 1.1 0.9 2.5
2007.6192 26.4596 -76.1603 -21.9 1.2 0.9 2.7
2007.6219 21.6396 -77.9367 -20.1 1.2 0.9 2.7
2007.6247 22.694 -76.1603 -19.3 1.1 0.9 2.6
2007.6274 22.694 -73.3848 -18.2 1.1 0.9 2.6
2007.6301 22.2421 -74.384 -20.2 1.1 0.9 2.6
2007.6329 21.1877 -75.2722 -20 1.2 0.9 2.6
2007.6356 24.6019 -77.4926 -22.8 1.1 0.9 2.6
2007.6384 22.5433 -76.6044 -15.2 1.1 0.9 2.6
2007.6411 20.0832 -76.9375 -17.8 1.1 0.9 2.6
2007.6438 21.3384 -75.2722 -14.8 1.1 0.8 2.5
2007.6466 20.1334 -76.1603 -30 1.2 0.9 2.6
2007.6493 25.355 -78.1587 -14.1 1.2 0.9 2.6
2007.6521 20.6354 -74.9391 -19.5 1.2 0.9 2.6
2007.6548 21.3886 -76.2713 -10.9 1.2 0.9 2.6
2007.6575 19.2296 -77.4926 -13.9 1.2 0.9 2.6
2007.6603 22.1919 -77.2705 -12.6 1.2 0.9 2.6
2007.6630 20.7359 -77.1595 -19.3 1.2 0.9 2.5
2007.6658 16.8699 -74.8281 -14.6 1.2 0.9 2.6
2007.6685 22.3927 -75.4942 -20 1.2 1.0 2.7
2007.6712 21.9911 -77.6036 -15.5 1.3 1.0 2.7
2007.6740 19.6815 -78.1587 -20.5 1.2 0.9 2.6
2007.6767 22.0413 -77.1595 -17.1 1.2 0.9 2.5
2007.6795 19.4807 -79.2689 -8.8 1.2 0.9 2.6
2007.6822 20.7359 -77.9367 -15.9 1.2 0.9 2.6
2007.6849 19.6313 -78.4918 -14 1.2 0.9 2.6
2007.6877 21.7902 -77.1595 -19.6 1.2 0.9 2.6
2007.6904 20.535 -77.0485 -19.5 1.2 0.9 2.6
2007.6932 21.1375 -78.3807 -26.5 1.2 0.9 2.5
2007.6959 21.5392 -78.4918 -19.9 1.2 0.9 2.6
2007.6986 19.8321 -79.602 -16.4 1.2 0.9 2.6
2007.7014 19.7317 -78.6028 -16 1.2 0.9 2.6
2007.7041 21.9409 -78.0477 -24.4 1.2 0.9 2.6
2007.7068 22.9952 -77.8256 -22.5 1.2 0.9 2.6
2007.7096 21.489 -78.8248 -18 1.2 0.9 2.5
2007.7123 22.1919 -80.3791 -21.7 1.2 0.9 2.6
2007.7151 20.033 -78.1587 -19.3 1.2 0.9 2.5
2007.7178 23.4973 -78.0477 -21.1 1.1 0.8 2.5
2007.7205 23.0454 -78.3807 -23.3 1.1 0.8 2.5
2007.7233 24.0496 -78.2697 -19.9 1.1 0.8 2.5
2007.7260 22.0413 -78.6028 -20.4 1.2 0.8 2.5
2007.7288 21.1375 -78.8248 -22.1 1.2 0.9 2.6
2007.7315 31.5306 -72.4966 -4.6 1.1 0.8 2.5
2007.7342 22.4931 -78.2697 -22.9 1.1 0.9 2.6
2007.7370 21.3886 -78.6028 -22.5 1.1 0.8 2.5
2007.7397 21.2881 -78.2697 -18.2 1.2 0.9 2.6
2007.7425 22.2923 -78.2697 -14.8 1.2 0.9 2.6
2007.7452 19.4807 -78.1587 -15.2 1.3 1.0 2.7
2007.7479 21.3384 -79.3799 -19.6 1.2 0.9 2.6
2007.7507 21.1877 -78.2697 -14.3 1.1 0.9 2.5
2007.7534 21.2379 -80.3791 -16.6 1.1 0.9 2.6
2007.7562 22.3927 -81.0452 -19.5 1.3 1.0 2.8
2007.7589 24.5517 -76.0493 -16 1.2 0.9 2.5
2007.7616 20.3844 -76.4934 -14.7 1.2 0.9 2.6
2007.7644 19.079 -77.6036 -12 1.1 0.9 2.5
2007.7671 22.2421 -78.1587 -11.5 1.2 0.9 2.5
2007.7699 22.7944 -78.4918 -15.8 1.2 0.9 2.6
2007.7726 22.3927 -78.0477 -15.5 1.3 0.9 2.7
2007.7753 22.0413 -77.2705 -16.4 1.2 0.9 2.7
2007.7781 20.2338 -77.9367 -14.5 1.1 0.9 2.5
2007.7808 22.3425 -77.0485 -19 1.1 0.9 2.5
2007.7836 23.2965 -77.7146 -15.4 1.1 0.9 2.5
2007.7863 19.6313 -78.6028 -14.6 1.2 0.9 2.6
2007.7890 19.079 -77.6036 -17.8 1.1 0.9 2.5
2007.7918 20.9869 -77.9367 -14.2 1.1 0.9 2.5
2007.7945 20.0832 -79.0469 -14.6 1.1 0.9 2.5
2007.7973 20.033 -77.8256 -15.1 1.2 0.9 2.6
2007.8000 19.4305 -78.1587 -10.2 1.3 0.9 2.6
2007.8027 20.3342 -77.4926 -14.9 1.2 0.9 2.5
2007.8055 20.535 -77.9367 -15.8 1.1 0.9 2.5
2007.8082 20.9869 -77.2705 -15.1 1.1 0.9 2.5
2007.8110 18.9284 -76.9375 -16.1 1.2 0.9 2.6
2007.8137 20.1836 -76.1603 -14 1.1 0.9 2.5
2007.8164 22.0915 -78.6028 -20.3 1.3 0.9 2.6
2007.8192 19.6313 -78.9358 -16 1.2 0.9 2.7
2007.8219 19.8823 -78.8248 -11.9 1.2 0.9 2.6
2007.8247 19.1794 -79.935 -16.1 1.1 0.9 2.5
2007.8274 18.9786 -78.0477 -15.2 1.1 0.9 2.5
2007.8301 18.4263 -79.0469 -12.2 1.1 0.9 2.5
2007.8329 20.7359 -79.0469 -13.8 1.1 0.9 2.5
2007.8356 20.4346 -78.0477 -12.2 1.1 0.8 2.5
2007.8384 19.6313 -78.9358 -16.6 1.1 0.9 2.5
2007.8411 20.1836 -79.602 -16.8 1.1 0.8 2.5
2007.8438 20.9367 -79.602 -17.5 1.1 0.8 2.5
2007.8466 21.3886 -79.0469 -18.4 1.1 0.9 2.5
2007.8493 21.0371 -78.8248 -17.6 1.1 0.8 2.5
2007.8521 18.9284 -78.9358 -17 1.1 0.8 2.5
2007.8548 18.828 -80.2681 -18.5 1.1 0.9 2.6
2007.8575 20.1334 -80.2681 -16.2 1.1 0.9 2.5
2007.8603 18.8782 -80.4901 -10.2 1.1 0.8 2.5
2007.8630 19.33 -80.2681 -13.6 1.1 0.8 2.5
2007.8658 21.7902 -80.1571 -14.1 1.1 0.8 2.5
2007.8685 19.3802 -80.2681 -18.5 1.2 0.9 2.5
2007.8712 19.3802 -80.2681 -18.8 1.1 0.8 2.5
2007.8740 20.033 -79.824 -22.2 1.1 0.8 2.5
2007.8767 20.0832 -80.0461 -18.5 1.1 0.8 2.5
2007.8795 20.6354 -80.8232 -22.3 1.1 0.8 2.5
2007.8822 20.3844 -81.8224 -23.3 1.1 0.8 2.5
2007.8849 21.8906 -81.2673 -28.1 1.1 0.8 2.5
2007.8877 22.7442 -80.8232 -21.9 1.6 1.0 3.0
2007.8904 19.079 -81.9334 -18.1 1.2 0.9 2.6
2007.8932 20.4848 -82.3775 -24 1.1 0.8 2.5
2007.8959 22.5936 -82.9326 -18.9 1.1 0.9 2.6
2007.8986 23.2463 -82.3775 -19.8 1.1 0.9 2.6
2007.9014 20.3844 -82.9326 -28.5 1.1 0.8 2.5
2007.9041 20.2338 -80.7122 -26.6 1.1 0.8 2.5
2007.9068 18.6773 -83.7097 -28.2 1.1 0.9 2.5
2007.9096 21.8906 -86.0412 -33.4 1.1 0.8 2.5
2007.9123 19.5811 -84.2648 -39.5 1.1 0.8 2.5
2007.9151 22.7944 -84.1538 -37.6 1.1 0.8 2.5
2007.9178 21.74 -83.5987 -36.9 1.1 0.9 2.5
2007.9205 21.489 -82.0444 -27 1.1 0.9 2.5
2007.9233 19.5309 -81.3783 -27.6 1.1 0.9 2.6
2007.9260 19.5811 -85.153 -37 1.1 0.9 2.5
2007.9288 16.2172 -86.4853 -35.9 1.1 0.9 2.5
2007.9315 18.9284 -85.153 -39.1 1.1 0.9 2.5
2007.9342 18.0748 -83.9318 -29.3 1.1 0.9 2.5
2007.9370 22.1919 -82.1554 -27.3 1.1 0.9 2.5
2007.9397 20.8865 -84.3759 -27.6 1.1 0.9 2.5
2007.9425 22.8948 -82.3775 -30 1.2 0.9 2.5
2007.9452 24.3006 -82.3775 -17.9 1.2 0.9 2.6
2007.9479 20.0832 -83.8208 -30.7 1.2 0.9 2.6
2007.9507 21.5894 -82.7106 -24.7 1.1 0.9 2.5
2007.9534 18.2255 -83.0436 -29.1 1.1 0.8 2.5
2007.9562 22.3425 -81.0452 -24 1.1 0.8 2.5
2007.9589 20.3844 -83.3767 -26.6 1.1 0.8 2.5
2007.9616 24.401 -83.7097 -28 1.3 0.9 2.8
2007.9644 21.5392 -82.2665 -28.1 1.4 0.9 2.6
2007.9671 17.623 -85.042 -30.2 1.1 0.9 2.6
2007.9699 16.418 -84.7089 -28.1 1.1 0.9 2.5
2007.9726 19.8321 -84.5979 -31.9 1.1 0.9 2.5
2007.9753 17.1209 -86.4853 -34.8 1.1 0.9 2.6
2007.9781 20.9869 -84.3759 -21.4 1.1 0.9 2.6
2007.9808 20.7861 -85.9302 -22.1 1.1 0.9 2.6
2007.9836 20.2338 -85.042 -31 1.1 0.9 2.6
2007.9863 20.3844 -83.3767 -33.8 1.1 0.9 2.5
2007.9890 19.2296 -83.7097 -31.4 1.4 1.1 3.0
2008.1288 9.38888 -85.9302 -28.7 3.8 2.0 6.1
2008.1315 13.0038 -84.931 -31.1 2.5 1.4 4.3
2008.1342 10.0416 -85.9302 -31.6 2.4 1.4 4.3
2008.1370 20.6857 -86.2632 -19.2 1.2 0.9 2.6
2008.1397 19.6313 -84.931 -16.4 1.1 0.8 2.5
2008.1425 19.1794 -86.0412 -17.7 1.1 0.8 2.5
2008.1452 20.3844 -86.1522 -22.5 1.1 0.8 2.5
2008.1479 21.0371 -85.9302 -26.7 1.1 0.8 2.5
2008.1507 21.2881 -85.153 -24.6 1.1 0.8 2.5
2008.1534 19.7317 -85.3751 -24.4 1.1 0.8 2.5
2008.1562 20.4346 -86.1522 -29.1 1.1 0.8 2.5
2008.1589 20.0832 -86.2632 -24.9 1.1 0.8 2.5
2008.1616 20.7861 -85.9302 -30.1 1.2 0.9 2.6
2008.1644 22.7944 -84.8199 -31.1 1.3 1.0 2.6
2008.1671 19.1292 -85.3751 -26.6 1.2 0.9 2.6
2008.1699 22.2421 -86.8183 -23.2 1.1 0.9 2.5
2008.1726 19.8321 -85.7081 -25.2 1.1 0.9 2.5
2008.1753 20.9367 -88.0396 -25.6 1.1 0.9 2.5
2008.1781 19.3802 -86.4853 -28.6 1.3 1.0 2.6
2008.1808 19.6815 -85.5971 -19.6 1.1 0.9 2.5
2008.1836 20.2338 -86.3742 -17.7 1.1 0.8 2.5
2008.1863 19.8321 -86.5963 -22.2 1.2 0.9 2.6
2008.1890 19.4305 -88.3726 -23.8 1.4 1.0 2.9
2008.1918 17.4221 -89.0387 -26 1.1 0.8 2.5
2008.1945 18.828 -86.0412 -26.7 1.2 0.9 2.6
2008.1973 17.2715 -87.4845 -26.4 1.1 0.8 2.5
2008.2000 18.3761 -86.1522 -28 1.1 0.9 2.5
2008.2027 19.5309 -88.2616 -27 1.1 0.8 2.5
2008.2055 18.4765 -86.9293 -31 1.2 0.9 2.6
2008.2082 19.2296 -86.4853 -25.2 1.1 0.8 2.5
2008.2110 19.1292 -86.8183 -26.6 1.1 0.9 2.6
2008.2137 18.7275 -87.4845 -23.2 1.2 0.9 2.6
2008.2164 18.4765 -86.9293 -28.6 1.2 0.9 2.6
2008.2192 19.5811 -87.8175 -24.2 1.2 0.9 2.6
2008.2219 19.9325 -88.1506 -23.5 1.1 0.9 2.5
2008.2247 17.9744 -88.9277 -28.9 1.1 0.9 2.5
2008.2274 18.9786 -89.0387 -24.1 1.1 0.9 2.5
2008.2301 18.2757 -88.1506 -24.3 1.1 0.9 2.5
2008.2329 17.8238 -88.9277 -25.2 1.2 0.9 2.6
2008.2356 18.1753 -87.8175 -28 1.3 0.9 2.6
2008.2384 17.5728 -89.2608 -27.5 1.4 1.0 2.8
2008.2411 17.2715 -88.9277 -26.5 1.3 1.0 2.7
2008.2438 19.4807 -89.7049 -27.1 1.1 0.9 2.6
2008.2466 19.1794 -87.9285 -25.6 1.2 0.9 2.5
2008.2493 19.6815 -88.4836 -24.3 1.1 0.9 2.6
2008.2521 20.1836 -88.1506 -24.4 1.1 0.8 2.5
2008.2548 19.5309 -88.5947 -20.1 1.2 0.9 2.6
2008.2575 17.874 -85.4861 -25 1.1 0.9 2.5
2008.2603 18.3761 -87.3734 -21 1.2 0.9 2.6
2008.2630 16.8699 -87.2624 -21.3 1.3 0.9 2.6
2008.2658 19.0288 -88.8167 -23.8 1.4 1.0 2.7
2008.2685 17.2715 -86.8183 -25.2 1.1 0.8 2.5
2008.2712 18.8782 -87.7065 -24.6 1.2 0.9 2.5
2008.2740 17.8238 -88.1506 -21.1 1.2 0.9 2.6
2008.2767 17.4723 -87.7065 -22.8 1.2 0.9 2.5
2008.2795 20.3342 -88.7057 -21.5 1.2 0.9 2.5
2008.2822 19.8823 -87.5955 -21.6 1.2 0.9 2.6
2008.2849 18.1251 -86.8183 -22.5 1.1 0.8 2.5
2008.2877 18.0246 -87.8175 -17.3 1.1 0.8 2.5
2008.2904 17.4723 -86.4853 -22.2 1.2 0.9 2.6
2008.2932 17.5226 -88.3726 -23.8 1.3 0.9 2.7
2008.2959 18.0246 -89.4828 -26.7 1.1 0.8 2.5
2008.2986 18.1251 -88.9277 -31.6 1.1 0.8 2.5
2008.3014 18.5769 -88.1506 -31.4 1.1 0.8 2.5
2008.3041 20.7861 -89.5938 -26.9 1.1 0.8 2.5
2008.3068 18.9284 -88.4836 -29.7 1.1 0.9 2.5
2008.3096 21.4388 -89.3718 -22.9 1.2 0.8 2.5
2008.3123 22.0915 -89.7049 -26.6 1.5 1.1 2.9
2008.3151 20.4848 -87.9285 -25.1 1.4 1.0 2.7
2008.3178 21.4388 -89.1498 -20.7 1.1 0.8 2.5
2008.3205 18.6773 -90.0379 -21.4 1.2 0.9 2.6
2008.3233 21.0873 -87.8175 -17.6 1.2 0.9 2.6
2008.3260 17.2213 -89.3718 -21.8 1.3 0.9 2.6
2008.3288 18.0246 -87.2624 -19.8 1.2 0.9 2.6
2008.3315 24.6521 -87.3734 -33 1.2 0.8 2.5
2008.3342 19.3802 -87.3734 -23.6 1.2 0.9 2.5
2008.3370 17.8238 -89.7049 -24.4 1.2 0.8 2.5
2008.3397 20.8363 -90.7041 -31.3 1.2 0.9 2.6
2008.3425 16.9703 -89.9269 -19.7 1.2 0.8 2.5
2008.3452 18.6773 -90.26 -19.6 1.2 0.8 2.5
2008.3479 19.5309 -89.4828 -25.2 1.2 0.9 2.6
2008.3507 18.0748 -88.9277 -25.2 1.1 0.8 2.5
2008.3534 16.4682 -89.2608 -19.8 1.2 0.8 2.5
2008.3562 19.4305 -91.8143 -17.5 1.2 0.8 2.5
2008.5671 45.9402 -94.5898 -81.8 2.5 1.3 4.5
2008.5671 20.7359 -92.2583 -47.9 1.5 1.0 3.1
2008.5671 20.9869 -90.593 -53.4 1.4 1.0 3.1
2009.5288 30.426 -112.131 -50.4 1.9 1.1 4.0
2009.5315 30.3758 -110.133 -77.9 2.0 1.1 4.1
2009.5342 33.338 -111.132 -72.5 1.9 1.1 4.1
2009.5370 27.0119 -111.909 -68.5 2.0 1.1 4.0
2009.5397 33.2878 -111.798 -56.8 2.0 1.1 3.9
2015.6247 3.01247 -214.825 -74.8 2.4 1.4 4.8
2015.6274 -2.30956 -217.601 -84.7 4.4 1.7 6.0
