1998.7041 0 0 0 4.2 2.4 6.6
1998.7068 16.879 23.2084 -6.8 60.0 38.7 97.6
2000.4301 -20.6234 -23.7636 10.2 1.6 1.0 3.1
2000.4329 -24.1951 -22.5421 9.3 1.5 1.0 3.0
2000.4356 -22.9277 -20.9875 6.7 1.5 1.0 3.0
2000.4384 -27.3059 -23.8747 -10.8 3.3 2.0 5.1
2001.6329 -31.3384 -39.9762 51.2 1.5 1.0 2.8
2001.6356 -39.9219 -40.1983 52 1.8 1.0 3.0
2001.6384 -39.1154 -39.1989 54.9 2.0 1.1 3.2
2003.6027 -55.6487 -55.9666 115.7 1.6 1.1 3.3
2003.6055 -51.501 -55.5225 111.2 1.4 1.0 2.8
2003.6082 -59.3932 -52.8574 121.1 2.3 1.4 4.4
2004.6137 -72.5853 -71.624 153.1 1.3 0.9 2.7
2004.6164 -69.9929 -70.4025 156.6 1.3 0.9 2.7
2004.6192 -71.2603 -72.0682 151.4 1.4 1.0 2.8
2004.6219 -72.7005 -72.7344 156.2 1.6 1.0 3.1
2007.5671 -108.129 -112.044 224 1.4 1.0 2.7
2007.5699 -106.977 -110.157 226.8 1.3 0.9 2.6
2007.5726 -105.594 -110.379 222.9 1.4 1.0 2.7
2007.5753 -105.364 -110.712 224.1 1.7 1.0 3.0
2010.4027 -140.908 -139.25 293.2 1.1 0.8 2.5
2010.4055 -141.945 -139.583 291.5 1.3 0.9 2.6
