2006.7699 0 0 0 1.1 0.8 2.2
2006.7726 -2.15894 0.666125 -5.5 1.1 0.9 2.6
2006.7753 -1.45603 1.33225 3.8 1.1 0.9 2.7
2006.7781 -0.451871 0.111021 -0.1 1.1 0.9 2.6
2006.7808 -2.20915 0.888167 -4.7 1.1 0.9 2.6
2006.7836 -1.2552 1.66531 -4.6 1.3 0.9 2.7
2006.7863 0.150624 1.33225 -4 1.3 0.9 2.7
2006.7890 -6.77807 -2.88654 5.9 1.1 0.9 2.6
2006.7918 -4.61913 1.55429 -2.7 1.1 0.8 2.6
2006.7945 -4.66933 -0.666125 4 1.1 0.8 2.6
2006.7973 -1.65686 -0.444084 0.2 1.1 0.8 2.6
2006.8000 -1.15478 -0.555104 -1 1.1 0.8 2.5
2006.8027 0.652703 -0.888167 -2.5 1.3 0.9 2.6
2006.8055 -0.853534 0 -4 1.2 0.9 2.6
2006.8082 -1.85769 0 -16.1 1.2 0.9 2.6
2006.8110 0.95395 -0.666125 -13.8 1.1 0.8 2.6
2006.8137 -1.15478 -2.77552 -6.8 1.2 0.9 2.6
2006.8164 -3.76559 -0.666125 2.6 1.2 0.9 2.6
2006.8192 -3.56476 2.33144 3.4 1.2 0.9 2.6
2006.8219 -1.00416 0.444084 -6.1 1.1 0.8 2.6
2006.8247 -0.301247 3.10858 -8.4 1.2 0.9 2.7
2006.8274 -2.46019 0.444084 -6.7 1.2 1.0 2.7
2006.8301 -1.85769 -0.444084 -6.9 1.2 0.9 2.6
2006.8329 -1.45603 1.66531 -6.7 1.1 0.8 2.6
2006.8356 -3.41414 2.55348 -5.5 1.1 0.8 2.6
2006.8384 -2.46019 2.88654 -6.6 1.2 0.9 2.6
2006.8411 -1.55644 1.66531 -10.2 1.2 0.9 2.7
2006.8438 -1.75728 0.333063 -7.3 1.2 1.0 2.8
2006.8466 -2.5606 0.111021 -3.8 1.2 0.9 2.6
2006.8493 -2.40998 -0.333062 -5.9 1.1 0.8 2.6
2006.8521 -2.30956 0.111021 -7.9 1.1 0.9 2.7
2006.8548 -3.21331 -0.666125 -8.2 1.2 0.9 2.7
2006.8575 -3.06268 0 -7.1 1.2 0.9 2.7
2006.8603 -4.11705 -0.11102 -8.2 1.8 1.1 3.3
2006.8630 -2.5606 0 -5.3 1.3 1.0 2.9
2006.8658 -3.8158 -0.11102 -8.8 1.2 0.9 2.7
2006.8685 0.95395 2.55348 -8.4 1.2 0.9 2.8
2006.8712 -3.41414 -1.99838 -4.9 1.1 0.8 2.6
2006.8740 -3.96642 0.222042 -1.7 1.1 0.8 2.6
2006.8767 -3.11289 0.777146 0.8 1.2 0.9 2.6
2006.8795 -1.60665 -0.555104 -2.7 1.1 0.8 2.6
2006.8822 -6.07516 -3.66369 -10.6 1.1 0.8 2.6
2006.8849 -3.31372 0.222042 -3.7 1.1 0.8 2.6
2006.8877 -1.45603 1.33225 -1.9 1.1 0.8 2.6
2006.8904 -3.86601 -0.888167 -6.3 1.1 0.8 2.5
2006.8932 -4.16726 -0.999188 -4.1 1.1 0.8 2.6
2006.8959 -0.351454 -0.888167 -3.6 1.4 1.0 3.0
2006.8986 -0.502078 -0.666125 -10.2 1.3 0.9 2.7
2006.9014 -4.01663 -2.1094 -8.7 1.1 0.8 2.6
2006.9041 -2.76143 -2.33144 -6.8 1.1 0.8 2.6
2006.9068 -0.903741 -2.22042 -7.9 1.2 0.8 2.6
2006.9096 -2.61081 -1.66531 -2.7 1.1 0.8 2.6
2006.9123 -2.15894 -1.22123 -1.1 1.1 0.8 2.6
2006.9151 -4.66933 -0.444084 -6.6 1.8 1.1 3.4
2006.9178 -2.00832 -2.77552 -1 1.1 0.8 2.6
2006.9205 -0.853534 -2.22042 4.8 1.1 0.8 2.6
2006.9233 -3.61497 -2.55348 4.7 1.1 0.8 2.6
2006.9260 -4.4183 -1.88735 0.4 1.1 0.8 2.6
2006.9288 1.45603 2.6645 0.8 1.1 0.8 2.6
2006.9315 -2.61081 -1.88735 8.2 1.7 1.0 3.1
2006.9342 -2.91206 -2.6645 6.1 1.4 0.9 2.7
2006.9370 -2.25936 -1.44327 4.3 1.5 0.9 3.0
2006.9397 -5.32204 -3.10858 0.7 1.1 0.8 2.6
2006.9425 -2.91206 -3.77471 9.3 1.2 0.8 2.6
2006.9452 -4.31788 -3.99675 11.8 1.2 0.9 2.6
2006.9479 -2.05852 -4.55186 14.6 1.3 0.9 2.7
2006.9507 -1.50624 -3.10858 11.5 1.2 0.8 2.6
2006.9534 -2.30956 -2.88654 13.2 1.2 0.9 2.7
2006.9562 5.22162 0.333063 9.7 2.2 1.4 4.2
2006.9589 -2.00832 -2.99756 5.8 1.1 0.8 2.6
2006.9616 -3.21331 -2.88654 9.5 1.1 0.8 2.5
2006.9644 -1.60665 -3.44165 7.4 1.1 0.8 2.5
2006.9671 -8.73617 -5.66206 9.2 1.3 0.9 2.7
2006.9699 -3.41414 -2.99756 10.4 1.3 0.9 2.7
2006.9726 -0.451871 -3.33063 13.5 1.2 0.9 2.6
2006.9753 0.903743 -1.55429 11.3 1.3 0.9 2.7
2006.9781 -1.85769 -1.88735 12.1 1.2 0.8 2.5
2006.9808 -1.85769 -3.66369 13.6 1.1 0.8 2.6
2006.9836 -2.81164 -2.88654 5.5 1.1 0.8 2.5
2006.9863 -4.81996 -6.66125 -1.5 1.1 0.8 2.5
2006.9890 -1.55644 -4.66288 -5 1.1 0.9 2.5
2006.9918 -3.21331 -7.54942 -5.9 1.1 0.9 2.5
2006.9945 0.502079 -6.55023 -2 1.1 0.9 2.6
2006.9973 -4.61913 -6.32819 -2.7 1.1 0.9 2.6
2007.0000 -2.05852 -8.99269 -11.6 1.1 0.9 2.6
2007.0027 5.12121 -7.10534 -12.7 1.2 0.9 2.6
2007.0055 -1.40582 -4.99594 9.3 1.3 0.9 2.7
2007.0082 -1.65686 -4.44083 8.5 1.4 0.9 2.7
2007.0110 -4.61913 -5.10696 5.5 1.2 0.9 2.6
2007.0137 -4.56892 -7.32738 -0.6 1.2 0.9 2.6
2007.0164 -2.40998 -6.88329 -8.8 1.1 0.9 2.6
2007.0192 -2.51039 -6.10615 -4.4 1.1 0.9 2.6
2007.0219 -3.01247 -6.10615 -7.4 1.1 0.9 2.6
2007.0247 -3.56476 -5.55104 -11.7 1.1 0.9 2.6
2007.0274 -1.60665 -6.10615 -4.5 1.2 0.9 2.7
2007.0301 -0.451871 -5.44002 -8.1 1.1 0.9 2.7
2007.0329 -3.1631 -6.66125 -7.8 1.1 0.8 2.6
2007.0356 -0.853534 -6.43921 -0.3 1.1 0.8 2.5
2007.0384 -0.903741 -5.99513 3.9 1.1 0.8 2.6
2007.0411 -3.61497 -6.10615 2.7 1.2 0.9 2.7
2007.0438 -5.37225 -6.10615 -4.6 1.1 0.9 2.6
2007.0466 -0.552287 -6.88329 -0.3 1.3 0.9 2.8
2007.0493 -3.31372 -7.54942 -5.5 1.3 0.9 2.6
2007.0521 -2.71123 -7.10534 6.3 1.2 0.9 2.6
2007.0548 -1.50624 -8.99269 5.8 1.1 0.9 2.6
2007.0575 -0.95395 -7.4384 9.7 1.1 0.8 2.6
2007.0603 -0.351454 -6.88329 9.9 1.1 0.8 2.5
2007.0630 -4.31788 -7.10534 0.8 1.1 0.9 2.6
2007.0658 -0.903741 -7.21636 1.1 1.1 0.8 2.6
2007.0685 -0.150624 -6.21717 -1.7 1.1 0.9 2.6
2007.0712 0.150624 -7.66044 -5 1.1 0.8 2.6
2007.0740 -1.2552 -7.66044 -3.9 1.1 0.8 2.6
2007.0767 -1.50624 -8.10452 -11.4 1.1 0.8 2.6
2007.0795 -3.91622 -5.99513 -4.7 1.3 1.0 2.8
2007.0822 -4.21746 -6.43921 -10.8 1.2 0.9 2.6
2007.0849 -1.20499 -5.329 -8.1 1.2 0.9 2.6
2007.0877 -3.46434 -6.66125 -7.4 1.2 0.9 2.6
2007.0904 1.9079 -7.66044 -5.4 1.1 0.9 2.6
2007.0932 -4.92037 -6.77227 -0.6 1.1 0.9 2.6
2007.0959 -1.95811 -3.88573 -4.2 1.1 0.8 2.6
2007.0986 -2.30956 -6.10615 -1.2 1.1 0.8 2.6
2007.1014 -2.05852 -6.10615 -5.1 1.1 0.9 2.6
2007.1041 -5.67349 -5.55104 -6.4 1.1 0.9 2.6
2007.1068 -2.86185 -4.88492 -3.5 1.2 0.9 2.6
2007.1096 -7.22994 -7.77146 -4.7 1.2 0.9 2.6
2007.1123 -4.56892 -7.10534 -4 1.1 0.8 2.5
2007.1151 -2.96227 -7.4384 -4.9 1.1 0.8 2.5
2007.1178 -2.40998 -6.77227 -4.3 1.1 0.9 2.6
2007.1205 -3.96642 -7.21636 -2.5 1.1 0.8 2.5
2007.1233 -5.47266 -7.88248 -5.7 1.3 0.9 2.7
2007.1260 -2.10873 -6.77227 -2 1.1 0.8 2.5
2007.1288 -5.22162 -7.77146 -5.6 1.1 0.8 2.5
2007.1315 -3.21331 -7.77146 -1.6 1.1 0.9 2.6
2007.1342 -0.853534 -7.21636 -1.4 1.1 0.8 2.5
2007.1370 -3.01247 -7.77146 0.3 1.1 0.8 2.5
2007.1397 -4.01663 -7.4384 -0.3 1.1 0.9 2.6
2007.1425 -2.76143 -7.4384 -1.6 1.1 0.8 2.5
2007.1452 -2.10873 -7.4384 -7 1.1 0.9 2.5
2007.1479 -0.150624 -8.43759 -2.6 1.1 0.8 2.5
2007.1507 -1.35561 -8.10452 -5.2 1.1 0.8 2.5
2007.1534 -3.66518 -7.32738 -3.2 1.1 0.8 2.5
2007.1562 -3.21331 -6.10615 -3.4 1.1 0.8 2.5
2007.1589 -2.30956 -8.54861 -2.2 1.2 0.8 2.6
2007.1616 -1.60665 -8.32657 -8.4 1.4 1.0 2.9
2007.1644 -2.86185 -7.32738 -12.8 1.3 0.9 2.7
2007.1671 -1.00416 -6.32819 -10.1 1.1 0.9 2.6
2007.1699 -2.81164 -7.66044 -7.6 1.1 0.8 2.5
2007.1726 -0.803326 -9.65882 -12.6 1.1 0.8 2.5
2007.1753 -1.05437 -7.88248 -11.7 1.1 0.9 2.6
2007.1781 -2.96227 -8.43759 -10.6 1.2 0.9 2.7
2007.1808 -0.552287 -6.21717 -4.5 1.2 0.9 2.6
2007.1836 -3.06268 -6.10615 -3.5 1.1 0.8 2.5
2007.1863 -2.51039 -8.54861 -4.3 1.1 0.8 2.5
2007.1890 -2.20915 -6.88329 -3.3 1.1 0.9 2.6
2007.1918 -2.81164 -8.99269 -5.4 1.2 0.8 2.5
2007.1945 -3.66518 -8.32657 -4.9 1.1 0.9 2.6
2007.1973 -2.86185 -8.32657 -11.4 1.2 0.9 2.7
2007.2000 -1.35561 -8.54861 -13 1.2 0.8 2.5
2007.2027 -1.35561 -9.99188 -13.5 1.1 0.9 2.6
2007.2055 -1.2552 -10.88 -14.7 1.1 0.8 2.6
2007.2082 -2.5606 -10.3249 -6.3 1.1 0.8 2.5
2007.2110 -2.66102 -8.77065 -3.7 1.1 0.8 2.5
2007.2137 -1.85769 -10.3249 -4.3 1.1 0.8 2.5
2007.2164 -2.20915 -10.88 -4.1 1.1 0.9 2.5
2007.2192 -2.71123 -10.3249 2.3 1.1 0.9 2.5
2007.2219 -3.36393 -12.5454 -7.7 1.1 0.8 2.5
2007.2247 -2.10873 -12.9894 -7.2 1.2 0.9 2.6
2007.2274 -3.86601 -13.7666 -6.8 1.6 1.1 3.1
2007.2301 -3.06268 -12.5454 -11.1 1.2 0.9 2.7
2007.2329 -5.7237 -10.658 -7.1 1.1 0.8 2.5
2007.2356 -2.35977 -10.547 -4.9 1.2 0.9 2.6
2007.2384 -2.25936 -9.88086 -8.7 1.1 0.8 2.6
2007.2411 -0.803326 -9.10371 -10.3 1.1 0.8 2.5
2007.2438 -1.40582 -9.32575 -11.6 1.1 0.9 2.6
2007.2466 -0.903741 -8.77065 -13.9 1.1 0.8 2.5
2007.2493 -1.35561 -8.99269 -10.9 1.5 1.1 3.0
2007.2521 -0.652703 -12.3233 -14.3 1.5 1.1 2.9
2007.2548 -3.56476 -9.88086 -12.1 1.1 0.8 2.5
2007.2575 -3.8158 -10.3249 -7.9 1.1 0.8 2.5
2007.2603 -0.401663 -9.88086 -5.8 1.1 0.8 2.5
2007.2630 -3.66518 -9.43677 -9.3 1.2 0.8 2.6
2007.2658 -2.46019 -10.88 -4.2 1.1 0.8 2.5
2007.2685 -1.95811 -10.88 -2.8 1.1 0.8 2.5
2007.2712 -5.7237 -10.9911 -5 1.1 0.9 2.5
2007.2740 -6.12536 -9.88086 -7.9 1.1 0.9 2.6
2007.2767 -6.82827 -11.7682 -9.2 1.1 0.8 2.5
2007.2795 -3.71538 -6.66125 -11.2 1.2 0.9 2.6
2007.2822 -5.87432 -9.88086 -4.9 1.1 0.8 2.5
2007.2849 -2.86185 -9.21473 -1.6 1.1 0.8 2.5
2007.2877 -3.96642 -10.769 -5.2 1.1 0.8 2.5
2007.2904 -3.1631 -10.547 -3.6 1.1 0.8 2.5
2007.2932 -5.12121 -9.76984 -4.2 1.3 1.0 2.6
2007.2959 -0.753118 -10.1029 -5.2 1.1 0.8 2.5
2007.2986 -3.1631 -11.4352 -1.1 1.1 0.8 2.5
2007.3014 -1.50624 -13.1005 -10.3 1.1 0.8 2.5
2007.3041 -2.20915 -9.5478 -9.6 1.1 0.8 2.5
2007.3068 -1.95811 -8.10452 -4.1 1.2 0.9 2.5
2007.3096 -3.91622 -10.1029 -2.5 1.2 0.9 2.6
2007.3123 -1.80748 -8.43759 -4 1.1 0.8 2.6
2007.3151 -5.57308 -9.21473 -1.8 1.1 0.8 2.6
2007.3178 -4.06684 -9.43677 -2.5 1.1 0.8 2.5
2007.3205 -0.903741 -6.88329 11.2 1.1 0.8 2.5
2007.3233 3.21331 -8.99269 3.9 1.5 1.0 2.7
2007.3260 -6.62744 -10.769 0.9 1.2 0.9 2.5
2007.3288 -5.22162 -10.769 1.2 1.3 0.9 2.6
2007.3315 -4.61913 -9.99188 -5.2 1.2 0.8 2.5
2007.3342 -3.66518 -8.54861 -3.2 1.2 0.9 2.6
2007.3370 -4.76975 -10.3249 -1.5 1.2 0.8 2.6
2007.3397 -3.41414 -11.6572 -6.1 1.1 0.8 2.5
2007.3425 -4.51871 -12.3233 -8.7 1.1 0.8 2.5
2007.3452 -3.76559 -10.9911 -4.9 1.1 0.8 2.5
2007.3479 -2.10873 -9.5478 -4.2 1.2 0.9 2.6
2007.3507 -3.06268 -10.1029 -7.3 1.2 0.8 2.5
2007.3534 -4.66933 -11.5462 -11.7 1.2 0.8 2.5
2007.3562 -1.85769 -8.21554 -12.6 1.2 0.9 2.7
2007.3589 -5.37225 -11.3241 -3.1 1.2 0.9 2.7
2007.3616 -2.51039 -10.436 -3.2 1.1 0.8 2.5
2007.3644 -6.12536 -10.1029 -0.8 1.1 0.8 2.5
2007.3671 -3.31372 -10.658 -10 1.2 0.8 2.6
2007.3699 -4.31788 -11.7682 -10.7 1.1 0.8 2.5
2007.3726 -2.66102 -8.77065 -5.7 1.1 0.8 2.5
2007.3753 -3.91622 -11.2131 -2.7 1.2 0.8 2.6
2007.3781 -3.51455 -12.2123 -5.1 1.4 1.0 2.8
2007.3808 -4.66933 -9.65882 -7.3 1.2 0.8 2.5
2007.3836 -5.27183 -10.1029 -6.7 1.1 0.8 2.5
2007.3863 -2.25936 -11.4352 -7.7 1.1 0.8 2.5
2007.3890 -4.21746 -10.3249 -10.4 1.3 0.9 2.6
2007.3918 -7.12952 -9.5478 -3.1 1.6 1.0 2.9
2007.3945 -3.51455 -10.2139 -6.3 1.4 1.0 2.7
2007.3973 -3.91622 -10.436 -9.5 1.3 0.9 2.7
2007.4000 6.12536 -8.21554 -15.4 1.5 0.9 2.7
2007.4027 -2.86185 -12.2123 -4.3 1.2 0.8 2.5
2007.4055 -3.71538 -11.7682 -9.8 1.2 0.8 2.5
2007.4082 -3.1631 -11.3241 -3.4 1.2 0.8 2.5
2007.4110 -3.76559 -12.5454 -4.4 1.2 0.8 2.6
2007.4137 -1.55644 -11.1021 -1.9 1.1 0.8 2.5
2007.4164 2.05852 -10.3249 -2.4 1.2 0.8 2.5
2007.4192 -4.4183 -8.65963 -8.5 1.2 0.8 2.5
2007.4219 -3.66518 -10.547 -5.5 1.2 0.8 2.5
2007.4247 -3.96642 -10.88 -6.7 1.1 0.8 2.5
2007.4274 -4.36809 -9.65882 -5.6 1.2 0.8 2.6
2007.4301 0.401663 -11.1021 -4.6 1.1 0.8 2.5
2007.4329 -5.37225 -9.21473 -6.2 1.1 0.8 2.5
2007.4356 -3.56476 -10.9911 -1.4 1.1 0.8 2.5
2007.4384 -3.51455 -11.3241 -3.3 1.3 0.9 2.6
2007.4411 -4.16726 -10.2139 -2.2 1.2 0.9 2.5
2007.4438 1.65686 -9.21473 -8.8 1.1 0.8 2.5
2007.4466 -3.21331 -11.5462 -9.5 1.1 0.8 2.6
2007.4493 -1.95811 -11.2131 -16.2 1.1 0.8 2.5
2007.4521 -4.4685 -10.436 -15.6 1.3 0.9 2.7
2007.4548 -4.26767 -12.5454 -4.9 1.1 0.8 2.5
2007.4575 -4.06684 -10.769 -6.4 1.2 0.8 2.5
2007.4603 -1.80748 -11.1021 -2.6 1.2 0.8 2.5
2007.4630 -3.86601 -7.10534 -16.4 1.1 0.8 2.5
2007.4658 -1.95811 -12.5454 -4.6 1.1 0.8 2.5
2007.4685 -1.70707 -10.1029 -12.1 1.1 0.8 2.5
2007.4712 -3.71538 -12.6564 -2.4 1.3 0.9 2.9
2007.4740 -0.301247 -12.5454 -5.5 1.2 0.9 2.6
2007.4767 -5.47266 -9.32575 -7.7 1.2 0.9 2.5
2007.4795 0.753119 -12.9894 -8 1.2 0.9 2.6
2007.4822 -4.56892 -12.2123 -1.5 1.3 1.0 2.9
2007.4849 -11.7989 -14.9878 3.2 1.1 0.8 2.5
2007.4877 -6.17557 -12.7674 11.2 1.1 0.8 2.5
2007.4904 -8.48514 -12.5454 5.5 1.1 0.8 2.5
2007.4932 -3.86601 -14.7658 4.6 1.1 0.8 2.5
2007.4959 -5.87432 -12.4343 5.7 1.1 0.8 2.5
2007.4986 -7.83243 -13.8776 1.4 1.1 0.8 2.5
2007.5014 -8.08347 -12.9894 -0.9 1.1 0.8 2.5
2007.5041 -4.71954 -12.3233 -0.2 1.2 0.8 2.6
2007.5068 -10.1922 -14.7658 3 1.2 0.9 2.6
2007.5096 -4.87017 -14.0997 6.1 1.1 0.8 2.5
2007.5123 -6.72786 -14.4327 3.5 1.1 0.8 2.5
2007.5151 -7.43077 -14.2107 2.1 1.1 0.8 2.5
2007.5178 -2.96227 -18.2074 3.6 1.1 0.8 2.5
2007.5205 -7.28015 -14.0997 -0.1 1.1 0.8 2.5
2007.5233 -5.92453 -12.4343 1.7 1.1 0.8 2.6
2007.5260 -5.37225 -13.2115 8.1 1.4 0.9 2.7
2007.5288 -5.02079 -15.4319 9 1.1 0.8 2.6
2007.5315 -5.52287 -13.2115 5.9 1.1 0.8 2.5
2007.5342 -3.91622 -15.987 6 1.3 1.0 2.8
2007.5370 -5.27183 -12.7674 -0.1 1.2 0.9 2.6
2007.5397 -4.87017 -13.1005 0.9 1.1 0.8 2.5
2007.5425 -6.77807 -12.4343 5.1 1.1 0.8 2.5
2007.5452 -4.76975 -11.8792 10.6 1.1 0.8 2.5
2007.5479 -8.08347 -13.6556 7.1 1.1 0.8 2.5
2007.5507 -4.4685 -12.7674 7.1 1.3 1.0 2.7
2007.5534 0.853535 -11.9903 -1.6 1.2 0.9 2.6
2007.5562 -9.38888 -10.658 7 1.1 0.8 2.5
2007.5589 -10.6943 -14.3217 5.3 1.1 0.8 2.5
2007.5616 -5.67349 -15.2099 -1.7 1.1 0.9 2.5
2007.5644 -6.72786 -14.4327 5.4 1.1 0.8 2.5
2007.5671 -9.43909 -11.8792 -2.2 1.1 0.8 2.5
2007.5699 -5.87432 -13.1005 11.3 1.2 0.9 2.6
2007.5726 -5.82412 -11.2131 5.7 1.1 0.8 2.5
2007.5753 -7.28015 -15.987 11.3 1.2 0.9 2.6
2007.5781 -6.12536 -12.6564 5.6 1.2 0.9 2.5
2007.5808 -12.3009 -13.4335 2.8 1.1 0.9 2.5
2007.5836 -6.87848 -13.6556 5.5 1.2 0.9 2.5
2007.5863 -4.4183 -12.2123 5.2 1.1 0.9 2.5
2007.5890 -7.73202 -14.6548 11.3 1.1 0.9 2.5
2007.5918 -7.17973 -15.3209 10.1 1.1 0.8 2.5
2007.5945 -8.2843 -13.5445 9.1 1.1 0.9 2.5
2007.5973 -10.5939 -13.4335 0.9 1.1 0.9 2.5
2007.6000 -7.28015 -13.8776 5 1.2 0.9 2.6
2007.6027 -5.57308 -11.4352 4 1.1 0.9 2.5
2007.6055 -9.94116 -14.3217 1.7 1.1 0.9 2.5
2007.6082 -11.1462 -14.2107 7.2 1.2 1.0 2.7
2007.6110 -8.58555 -15.0988 7.4 1.2 0.9 2.6
2007.6137 -6.52703 -13.8776 4.9 1.1 0.9 2.5
2007.6164 -5.47266 -13.4335 7.2 1.1 0.9 2.5
2007.6192 -3.46434 -14.3217 3.8 1.2 0.9 2.7
2007.6219 -8.2843 -16.098 5.6 1.2 0.9 2.7
2007.6247 -7.22994 -14.3217 6.4 1.1 0.9 2.6
2007.6274 -7.22994 -11.5462 7.5 1.1 0.9 2.6
2007.6301 -7.68181 -12.5454 5.5 1.1 0.9 2.6
2007.6329 -8.73617 -13.4335 5.7 1.2 0.9 2.6
2007.6356 -5.32204 -15.6539 2.9 1.1 0.9 2.6
2007.6384 -7.38056 -14.7658 10.5 1.1 0.9 2.6
2007.6411 -9.84075 -15.0988 7.9 1.1 0.9 2.6
2007.6438 -8.58555 -13.4335 10.9 1.1 0.8 2.5
2007.6466 -9.79054 -14.3217 -4.3 1.2 0.9 2.6
2007.6493 -4.56892 -16.3201 11.6 1.2 0.9 2.6
2007.6521 -9.28846 -13.1005 6.2 1.2 0.9 2.6
2007.6548 -8.53534 -14.4327 14.8 1.2 0.9 2.6
2007.6575 -10.6943 -15.6539 11.8 1.2 0.9 2.6
2007.6603 -7.73202 -15.4319 13.1 1.2 0.9 2.6
2007.6630 -9.18805 -15.3209 6.4 1.2 0.9 2.5
2007.6658 -13.0541 -12.9894 11.1 1.2 0.9 2.6
2007.6685 -7.53119 -13.6556 5.7 1.2 1.0 2.7
2007.6712 -7.93285 -15.765 10.2 1.3 1.0 2.7
2007.6740 -10.2424 -16.3201 5.2 1.2 0.9 2.6
2007.6767 -7.88264 -15.3209 8.6 1.2 0.9 2.5
2007.6795 -10.4432 -17.4303 16.9 1.2 0.9 2.6
2007.6822 -9.18805 -16.098 9.8 1.2 0.9 2.6
2007.6849 -10.2926 -16.6531 11.7 1.2 0.9 2.6
2007.6877 -8.13368 -15.3209 6.1 1.2 0.9 2.6
2007.6904 -9.38888 -15.2099 6.2 1.2 0.9 2.6
2007.6932 -8.78638 -16.5421 -0.8 1.2 0.9 2.5
2007.6959 -8.38472 -16.6531 5.8 1.2 0.9 2.6
2007.6986 -10.0918 -17.7633 9.3 1.2 0.9 2.6
2007.7014 -10.1922 -16.7642 9.7 1.2 0.9 2.6
2007.7041 -7.98306 -16.209 1.3 1.2 0.9 2.6
2007.7068 -6.92869 -15.987 3.2 1.2 0.9 2.6
2007.7096 -8.43493 -16.9862 7.7 1.2 0.9 2.5
2007.7123 -7.73202 -18.5405 4 1.2 0.9 2.6
2007.7151 -9.89096 -16.3201 6.4 1.2 0.9 2.5
2007.7178 -6.42661 -16.209 4.6 1.1 0.8 2.5
2007.7205 -6.87848 -16.5421 2.4 1.1 0.8 2.5
2007.7233 -5.87432 -16.4311 5.8 1.1 0.8 2.5
2007.7260 -7.88264 -16.7642 5.3 1.2 0.8 2.5
2007.7288 -8.78638 -16.9862 3.6 1.2 0.9 2.6
2007.7315 1.60665 -10.658 21.1 1.1 0.8 2.5
2007.7342 -7.43077 -16.4311 2.8 1.1 0.9 2.6
2007.7370 -8.53534 -16.7642 3.2 1.1 0.8 2.5
2007.7397 -8.63576 -16.4311 7.5 1.2 0.9 2.6
2007.7425 -7.6316 -16.4311 10.9 1.2 0.9 2.6
2007.7452 -10.4432 -16.3201 10.5 1.3 1.0 2.7
2007.7479 -8.58555 -17.5413 6.1 1.2 0.9 2.6
2007.7507 -8.73617 -16.4311 11.4 1.1 0.9 2.5
2007.7534 -8.68597 -18.5405 9.1 1.1 0.9 2.6
2007.7562 -7.53119 -19.2066 6.2 1.3 1.0 2.8
2007.7589 -5.37225 -14.2107 9.7 1.2 0.9 2.5
2007.7616 -9.5395 -14.6548 11 1.2 0.9 2.6
2007.7644 -10.8449 -15.765 13.7 1.1 0.9 2.5
2007.7671 -7.68181 -16.3201 14.2 1.2 0.9 2.5
2007.7699 -7.12952 -16.6531 9.9 1.2 0.9 2.6
2007.7726 -7.53119 -16.209 10.2 1.3 0.9 2.7
2007.7753 -7.88264 -15.4319 9.3 1.2 0.9 2.7
2007.7781 -9.69012 -16.098 11.2 1.1 0.9 2.5
2007.7808 -7.58139 -15.2099 6.7 1.1 0.9 2.5
2007.7836 -6.62744 -15.876 10.3 1.1 0.9 2.5
2007.7863 -10.2926 -16.7642 11.1 1.2 0.9 2.6
2007.7890 -10.8449 -15.765 7.9 1.1 0.9 2.5
2007.7918 -8.93701 -16.098 11.5 1.1 0.9 2.5
2007.7945 -9.84075 -17.2082 11.1 1.1 0.9 2.5
2007.7973 -9.89096 -15.987 10.6 1.2 0.9 2.6
2007.8000 -10.4935 -16.3201 15.5 1.3 0.9 2.6
2007.8027 -9.58971 -15.6539 10.8 1.2 0.9 2.5
2007.8055 -9.38888 -16.098 9.9 1.1 0.9 2.5
2007.8082 -8.93701 -15.4319 10.6 1.1 0.9 2.5
2007.8110 -10.9955 -15.0988 9.6 1.2 0.9 2.6
2007.8137 -9.74033 -14.3217 11.7 1.1 0.9 2.5
2007.8164 -7.83243 -16.7642 5.4 1.3 0.9 2.6
2007.8192 -10.2926 -17.0972 9.7 1.2 0.9 2.7
2007.8219 -10.0416 -16.9862 13.8 1.2 0.9 2.6
2007.8247 -10.7445 -18.0964 9.6 1.1 0.9 2.5
2007.8274 -10.9453 -16.209 10.5 1.1 0.9 2.5
2007.8301 -11.4976 -17.2082 13.5 1.1 0.9 2.5
2007.8329 -9.18805 -17.2082 11.9 1.1 0.9 2.5
2007.8356 -9.48929 -16.209 13.5 1.1 0.8 2.5
2007.8384 -10.2926 -17.0972 9.1 1.1 0.9 2.5
2007.8411 -9.74033 -17.7633 8.9 1.1 0.8 2.5
2007.8438 -8.98721 -17.7633 8.2 1.1 0.8 2.5
2007.8466 -8.53534 -17.2082 7.3 1.1 0.9 2.5
2007.8493 -8.8868 -16.9862 8.1 1.1 0.8 2.5
2007.8521 -10.9955 -17.0972 8.7 1.1 0.8 2.5
2007.8548 -11.0959 -18.4295 7.2 1.1 0.9 2.6
2007.8575 -9.79054 -18.4295 9.5 1.1 0.9 2.5
2007.8603 -11.0457 -18.6515 15.5 1.1 0.8 2.5
2007.8630 -10.5939 -18.4295 12.1 1.1 0.8 2.5
2007.8658 -8.13368 -18.3184 11.6 1.1 0.8 2.5
2007.8685 -10.5437 -18.4295 7.2 1.2 0.9 2.5
2007.8712 -10.5437 -18.4295 6.9 1.1 0.8 2.5
2007.8740 -9.89096 -17.9854 3.5 1.1 0.8 2.5
2007.8767 -9.84075 -18.2074 7.2 1.1 0.8 2.5
2007.8795 -9.28846 -18.9846 3.4 1.1 0.8 2.5
2007.8822 -9.5395 -19.9838 2.4 1.1 0.8 2.5
2007.8849 -8.03326 -19.4287 -2.4 1.1 0.8 2.5
2007.8877 -7.17973 -18.9846 3.8 1.6 1.0 3.0
2007.8904 -10.8449 -20.0948 7.6 1.2 0.9 2.6
2007.8932 -9.43909 -20.5389 1.7 1.1 0.8 2.5
2007.8959 -7.33035 -21.094 6.8 1.1 0.9 2.6
2007.8986 -6.67765 -20.5389 5.9 1.1 0.9 2.6
2007.9014 -9.5395 -21.094 -2.8 1.1 0.8 2.5
2007.9041 -9.69012 -18.8735 -0.9 1.1 0.8 2.5
2007.9068 -11.2466 -21.8711 -2.5 1.1 0.9 2.5
2007.9096 -8.03326 -24.2026 -7.7 1.1 0.8 2.5
2007.9123 -10.3428 -22.4262 -13.8 1.1 0.8 2.5
2007.9151 -7.12952 -22.3152 -11.9 1.1 0.8 2.5
2007.9178 -8.18389 -21.7601 -11.2 1.1 0.9 2.5
2007.9205 -8.43493 -20.2058 -1.3 1.1 0.9 2.5
2007.9233 -10.393 -19.5397 -1.9 1.1 0.9 2.6
2007.9260 -10.3428 -23.3144 -11.3 1.1 0.9 2.5
2007.9288 -13.7068 -24.6466 -10.2 1.1 0.9 2.5
2007.9315 -10.9955 -23.3144 -13.4 1.1 0.9 2.5
2007.9342 -11.8491 -22.0932 -3.6 1.1 0.9 2.5
2007.9370 -7.73202 -20.3168 -1.6 1.1 0.9 2.5
2007.9397 -9.03742 -22.5372 -1.9 1.1 0.9 2.5
2007.9425 -7.02911 -20.5389 -4.3 1.2 0.9 2.5
2007.9452 -5.62328 -20.5389 7.8 1.2 0.9 2.6
2007.9479 -9.84075 -21.9821 -5 1.2 0.9 2.6
2007.9507 -8.33451 -20.8719 1 1.1 0.9 2.5
2007.9534 -11.6984 -21.205 -3.4 1.1 0.8 2.5
2007.9562 -7.58139 -19.2066 1.7 1.1 0.8 2.5
2007.9589 -9.5395 -21.5381 -0.9 1.1 0.8 2.5
2007.9616 -5.52287 -21.8711 -2.3 1.3 0.9 2.8
2007.9644 -8.38472 -20.4278 -2.4 1.4 0.9 2.6
2007.9671 -12.3009 -23.2034 -4.5 1.1 0.9 2.6
2007.9699 -13.5059 -22.8703 -2.4 1.1 0.9 2.5
2007.9726 -10.0918 -22.7593 -6.2 1.1 0.9 2.5
2007.9753 -12.803 -24.6466 -9.1 1.1 0.9 2.6
2007.9781 -8.93701 -22.5372 4.3 1.1 0.9 2.6
2007.9808 -9.13784 -24.0915 3.6 1.1 0.9 2.6
2007.9836 -9.69012 -23.2034 -5.3 1.1 0.9 2.6
2007.9863 -9.5395 -21.5381 -8.1 1.1 0.9 2.5
2007.9890 -10.6943 -21.8711 -5.7 1.4 1.1 3.0
2008.1288 -20.535 -24.0915 -3 3.8 2.0 6.1
2008.1315 -16.9201 -23.0923 -5.4 2.5 1.4 4.3
2008.1342 -19.8823 -24.0915 -5.9 2.4 1.4 4.3
2008.1370 -9.23825 -24.4246 6.5 1.2 0.9 2.6
2008.1397 -10.2926 -23.0923 9.3 1.1 0.8 2.5
2008.1425 -10.7445 -24.2026 8 1.1 0.8 2.5
2008.1452 -9.5395 -24.3136 3.2 1.1 0.8 2.5
2008.1479 -8.8868 -24.0915 -1 1.1 0.8 2.5
2008.1507 -8.63576 -23.3144 1.1 1.1 0.8 2.5
2008.1534 -10.1922 -23.5364 1.3 1.1 0.8 2.5
2008.1562 -9.48929 -24.3136 -3.4 1.1 0.8 2.5
2008.1589 -9.84075 -24.4246 0.8 1.1 0.8 2.5
2008.1616 -9.13784 -24.0915 -4.4 1.2 0.9 2.6
2008.1644 -7.12952 -22.9813 -5.4 1.3 1.0 2.6
2008.1671 -10.7947 -23.5364 -0.9 1.2 0.9 2.6
2008.1699 -7.68181 -24.9797 2.5 1.1 0.9 2.5
2008.1726 -10.0918 -23.8695 0.5 1.1 0.9 2.5
2008.1753 -8.98721 -26.2009 0.1 1.1 0.9 2.5
2008.1781 -10.5437 -24.6466 -2.9 1.3 1.0 2.6
2008.1808 -10.2424 -23.7585 6.1 1.1 0.9 2.5
2008.1836 -9.69012 -24.5356 8 1.1 0.8 2.5
2008.1863 -10.0918 -24.7577 3.5 1.2 0.9 2.6
2008.1890 -10.4935 -26.534 1.9 1.4 1.0 2.9
2008.1918 -12.5018 -27.2001 -0.3 1.1 0.8 2.5
2008.1945 -11.0959 -24.2026 -1 1.2 0.9 2.6
2008.1973 -12.6524 -25.6458 -0.7 1.1 0.8 2.5
2008.2000 -11.5478 -24.3136 -2.3 1.1 0.9 2.5
2008.2027 -10.393 -26.423 -1.3 1.1 0.8 2.5
2008.2055 -11.4474 -25.0907 -5.3 1.2 0.9 2.6
2008.2082 -10.6943 -24.6466 0.5 1.1 0.8 2.5
2008.2110 -10.7947 -24.9797 -0.9 1.1 0.9 2.6
2008.2137 -11.1964 -25.6458 2.5 1.2 0.9 2.6
2008.2164 -11.4474 -25.0907 -2.9 1.2 0.9 2.6
2008.2192 -10.3428 -25.9789 1.5 1.2 0.9 2.6
2008.2219 -9.99137 -26.3119 2.2 1.1 0.9 2.5
2008.2247 -11.9495 -27.0891 -3.2 1.1 0.9 2.5
2008.2274 -10.9453 -27.2001 1.6 1.1 0.9 2.5
2008.2301 -11.6482 -26.3119 1.4 1.1 0.9 2.5
2008.2329 -12.1001 -27.0891 0.5 1.2 0.9 2.6
2008.2356 -11.7486 -25.9789 -2.3 1.3 0.9 2.6
2008.2384 -12.3511 -27.4222 -1.8 1.4 1.0 2.8
2008.2411 -12.6524 -27.0891 -0.8 1.3 1.0 2.7
2008.2438 -10.4432 -27.8662 -1.4 1.1 0.9 2.6
2008.2466 -10.7445 -26.0899 0.1 1.2 0.9 2.5
2008.2493 -10.2424 -26.645 1.4 1.1 0.9 2.6
2008.2521 -9.74033 -26.3119 1.3 1.1 0.8 2.5
2008.2548 -10.393 -26.756 5.6 1.2 0.9 2.6
2008.2575 -12.0499 -23.6474 0.7 1.1 0.9 2.5
2008.2603 -11.5478 -25.5348 4.7 1.2 0.9 2.6
2008.2630 -13.0541 -25.4238 4.4 1.3 0.9 2.6
2008.2658 -10.8951 -26.9781 1.9 1.4 1.0 2.7
2008.2685 -12.6524 -24.9797 0.5 1.1 0.8 2.5
2008.2712 -11.0457 -25.8679 1.1 1.2 0.9 2.5
2008.2740 -12.1001 -26.3119 4.6 1.2 0.9 2.6
2008.2767 -12.4516 -25.8679 2.9 1.2 0.9 2.5
2008.2795 -9.58971 -26.8671 4.2 1.2 0.9 2.5
2008.2822 -10.0416 -25.7568 4.1 1.2 0.9 2.6
2008.2849 -11.7989 -24.9797 3.2 1.1 0.8 2.5
2008.2877 -11.8993 -25.9789 8.4 1.1 0.8 2.5
2008.2904 -12.4516 -24.6466 3.5 1.2 0.9 2.6
2008.2932 -12.4014 -26.534 1.9 1.3 0.9 2.7
2008.2959 -11.8993 -27.6442 -1 1.1 0.8 2.5
2008.2986 -11.7989 -27.0891 -5.9 1.1 0.8 2.5
2008.3014 -11.347 -26.3119 -5.7 1.1 0.8 2.5
2008.3041 -9.13784 -27.7552 -1.2 1.1 0.8 2.5
2008.3068 -10.9955 -26.645 -4 1.1 0.9 2.5
2008.3096 -8.48514 -27.5332 2.8 1.2 0.8 2.5
2008.3123 -7.83243 -27.8662 -0.9 1.5 1.1 2.9
2008.3151 -9.43909 -26.0899 0.6 1.4 1.0 2.7
2008.3178 -8.48514 -27.3111 5 1.1 0.8 2.5
2008.3205 -11.2466 -28.1993 4.3 1.2 0.9 2.6
2008.3233 -8.83659 -25.9789 8.1 1.2 0.9 2.6
2008.3260 -12.7026 -27.5332 3.9 1.3 0.9 2.6
2008.3288 -11.8993 -25.4238 5.9 1.2 0.9 2.6
2008.3315 -5.27183 -25.5348 -7.3 1.2 0.8 2.5
2008.3342 -10.5437 -25.5348 2.1 1.2 0.9 2.5
2008.3370 -12.1001 -27.8662 1.3 1.2 0.8 2.5
2008.3397 -9.08763 -28.8654 -5.6 1.2 0.9 2.6
2008.3425 -12.9536 -28.0883 6 1.2 0.8 2.5
2008.3452 -11.2466 -28.4213 6.1 1.2 0.8 2.5
2008.3479 -10.393 -27.6442 0.5 1.2 0.9 2.6
2008.3507 -11.8491 -27.0891 0.5 1.1 0.8 2.5
2008.3534 -13.4557 -27.4222 5.9 1.2 0.8 2.5
2008.3562 -10.4935 -29.9756 8.2 1.2 0.8 2.5
2008.5671 -8.93701 -28.7544 -27.7 1.4 1.0 3.1
