2000.4082 0 0 0 1.6 1.1 3.3
2000.4110 -3.12603 -1.44351 1.1 1.9 1.2 3.7
2002.3452 -7.03358 -21.8746 32.8 1.6 1.1 3.5
2002.3479 -6.41953 -20.9863 40.1 1.6 1.1 3.3
2002.3507 -7.20104 -22.3188 40 1.5 1.1 3.2
2002.3534 -9.93632 -21.7636 42.1 1.4 1.0 3.2
2002.3562 -5.86131 -20.7643 36 2.5 1.9 5.1
2003.5781 -26.9062 -19.7649 73.8 1.8 1.1 3.1
2003.5808 -23.222 -20.8753 60.8 1.9 1.3 3.6
2003.5836 -26.0689 -22.985 74.3 1.7 1.1 3.1
2003.5863 -27.1295 -20.098 76.7 1.6 1.0 3.1
2003.5890 -23.8918 -17.8773 73.3 2.7 1.8 4.7
2004.4795 -34.3306 -31.535 87.2 1.4 0.9 2.9
2004.4822 -31.5395 -31.8681 81.3 1.3 0.9 2.8
2004.4849 -35.0562 -30.4246 85.5 1.4 1.1 3.3
2005.7315 -52.696 -44.5266 116.6 1.2 0.9 2.6
2005.7342 -42.5922 -45.4149 115.8 1.3 0.9 2.7
2006.7534 -53.0868 -49.4123 145.7 1.2 0.9 2.6
2006.7562 -52.3052 -49.9675 145.8 1.2 0.9 2.6
2006.7589 -59.0597 -53.2986 134.4 1.2 0.9 2.7
2007.4575 -65.0885 -56.4077 131.8 1.2 0.8 2.4
2007.4603 -62.2416 -57.185 139.4 1.2 0.8 2.4
2007.4630 -58.8364 -57.8512 131.7 1.2 0.8 2.4
2007.4658 -58.0549 -58.5175 141.6 1.2 0.8 2.4
2008.4685 -66.3724 -69.5103 161.5 1.2 0.9 2.5
2008.4712 -71.6197 -66.9564 173.1 1.2 0.8 2.4
2010.3945 -83.7889 -89.7194 203.8 1.2 0.8 2.6
2010.3973 -86.1892 -88.8311 199.8 1.2 0.9 2.6
2010.4000 -87.6406 -90.0525 206.9 1.1 0.8 2.5
2010.4027 -86.1892 -88.72 203 1.1 0.8 2.5
2010.4055 -86.9149 -89.3863 202.8 1.1 0.8 2.5
2010.4082 -89.9851 -89.7194 200.5 1.6 1.1 3.1
2010.4110 -84.068 -87.7207 204.7 1.2 0.9 2.6
2010.4137 -85.4635 -87.8317 203.5 1.2 0.9 2.5
2010.4164 -85.631 -89.4973 207.2 1.1 0.8 2.5
2010.4192 -90.3759 -87.1655 206 1.1 0.8 2.5
2010.4219 -88.7012 -86.9434 210.3 1.2 0.9 2.6
2011.4219 -98.6934 -97.0479 235.6 1.2 0.9 2.7
2011.4247 -90.4317 -96.4927 214.8 1.1 0.8 2.4
2011.4274 -99.1399 -96.9369 223.9 1.2 0.9 2.6
2011.4301 -99.9773 -96.6038 224.5 1.2 0.8 2.5
2011.4329 -97.6327 -97.6031 227.8 1.1 0.8 2.4
2011.4356 -97.9119 -98.0473 235.2 1.1 0.8 2.5
2011.4384 -95.1208 -98.9356 232.6 1.1 0.8 2.5
2011.4411 -96.6279 -96.9369 228.7 1.2 0.8 2.5
2011.4438 -99.3632 -97.7142 232.7 1.3 0.8 2.6
2013.4877 -114.491 -121.365 241.8 1.1 0.8 2.5
2013.4904 -112.091 -123.364 240.2 1.3 0.9 2.6
2015.4712 -123.813 -144.35 281.5 1.1 0.8 2.5
2015.4740 -124.706 -142.019 279.7 1.5 1.0 2.8
2016.5370 -150.887 -150.68 347.7 1.2 0.8 2.5
2016.5397 -152.673 -151.235 354.5 1.3 1.0 2.8
2017.3452 -136.987 -174.442 384.8 1.1 0.8 2.5
2017.3479 -139.499 -175.997 390.9 1.1 0.8 2.5
2017.3507 -134.754 -175.552 385.3 1.1 0.8 2.5
2017.3534 -136.206 -175.774 389.1 1.1 0.8 2.5
2017.3562 -136.262 -179.217 386.3 1.6 1.0 3.1
2021.5123 -185.999 -217.969 475.5 1.3 1.0 2.9
2021.5151 -181.924 -213.083 475.5 1.2 0.9 2.8
2021.5178 -181.366 -216.082 483.2 1.4 1.2 3.3
