1995.4548 0 0 0 3.6 2.4 6.8
2001.6603 -130.607 37.7506 70.4 2.0 1.4 4.4
2001.6630 -135.1 39.194 56.2 2.0 1.4 4.1
2001.6658 -131.677 36.8623 70 2.3 1.4 4.6
2002.5507 -150.77 47.5213 62.5 2.0 1.5 4.4
2002.5534 -152.535 47.2993 50.9 1.7 1.4 4.0
2003.4493 -185.321 106.701 76.4 1.6 1.2 3.4
2003.4521 -189.546 113.807 64 1.5 1.3 3.3
2003.4548 -185.855 110.92 68.9 1.4 1.2 3.2
2004.4000 -208.96 126.687 87.3 1.4 1.1 3.2
2004.4027 -209.281 127.686 99.2 1.3 1.1 3.0
2004.7945 -212.062 132.46 131 1.3 1.1 3.1
2004.7973 -212.009 135.236 117.6 1.3 1.1 3.0
2005.8110 -245.169 143.008 137.6 1.5 1.1 3.2
2005.8137 -243.671 142.12 143.6 1.4 1.1 3.1
2005.8164 -244.848 146.45 136.8 1.5 1.2 3.1
2006.5205 -258.219 153.445 134.9 1.8 1.1 3.6
2006.5233 -258.914 149.004 139.9 1.7 1.2 3.5
2006.5260 -258.165 149.337 139.1 1.6 1.1 3.4
2006.5288 -261.642 150.225 137 2.0 1.3 4.0
2007.5534 -280.201 168.989 141.5 2.2 1.5 4.6
2007.5671 -281.965 166.547 138.2 2.0 1.4 4.0
2008.6685 -308.493 177.317 141.4 1.7 1.3 3.5
2008.6712 -302.503 174.985 158.2 1.6 1.2 3.4
2008.6740 -309.456 174.097 147.6 1.7 1.2 3.5
2008.6767 -326.143 160.884 158.8 2.6 1.7 5.3
2009.6493 -328.389 185.311 177.8 1.8 1.3 3.8
2009.6521 -325.876 184.645 170.4 1.6 1.2 3.6
2009.6548 -329.138 186.532 163.6 1.9 1.4 4.4
2010.6795 -355.666 197.968 166.4 1.3 1.1 2.9
2010.6822 -350.852 201.299 162.1 1.3 1.1 2.9
2010.6849 -351.548 194.749 168.6 1.5 1.3 3.3
2012.6247 -380.536 213.513 177.2 3.6 2.0 5.7
2012.6274 -394.174 209.849 188 1.4 1.0 2.9
2012.6301 -389.254 210.071 187.7 1.3 1.0 2.9
2012.6329 -389.414 210.293 185 3.3 2.6 6.6
2013.7370 -427.708 218.398 207.3 2.6 2.5 6.3
2013.7397 -426.746 220.619 200.7 1.3 1.0 2.9
2013.7425 -426.639 223.617 203.3 1.3 1.0 3.0
2013.7452 -424.446 221.729 203.1 1.3 1.1 3.0
2013.7479 -426.799 221.729 199.4 1.3 1.0 2.9
2013.7507 -427.173 223.395 198.8 1.3 1.0 2.9
2013.7534 -428.243 220.397 191.6 1.6 1.2 3.3
2014.7808 -446.588 225.504 202.9 1.4 1.1 2.9
2014.7836 -449.316 234.609 210.5 1.3 1.1 2.9
2014.7863 -446.855 233.165 211 1.4 1.1 2.9
2014.7890 -446.748 230.501 211.9 1.3 1.1 2.9
2014.7918 -449.048 228.613 216.6 1.4 1.2 3.2
2015.5781 -469.051 233.165 211.6 1.5 1.2 3.4
2015.5808 -464.612 235.83 215.5 1.4 1.1 3.1
2015.5836 -460.066 234.72 218.7 1.4 1.0 3.1
2016.4986 -473.062 249.376 204.9 1.4 1.1 3.1
2016.5014 -473.383 248.599 207.9 1.3 1.0 3.0
2016.5041 -478.09 248.932 210.2 1.4 1.0 3.1
2016.5068 -480.069 248.377 202.6 1.4 1.0 3.1
2016.5096 -476.485 248.377 210.6 1.4 1.0 3.1
2016.5123 -475.737 247.044 205.4 1.3 1.0 3.0
2017.6274 -516.919 249.931 231.7 1.6 1.2 3.6
2017.6301 -523.123 254.927 250 1.5 1.1 3.2
2017.6329 -527.241 255.705 239.5 1.5 1.0 3.2
2017.6356 -523.765 255.261 239.5 2.5 1.7 4.9
2018.7151 -544.784 252.374 269.6 1.3 1.0 3.0
2018.7178 -544.73 250.819 268 1.3 1.0 2.9
2018.7205 -545.105 249.931 274.7 1.5 1.2 3.4
2019.6137 -566.926 258.48 284.2 1.3 1.0 3.0
2019.6164 -570.295 255.261 283.4 1.3 1.1 3.0
2019.6192 -567.728 256.704 284.6 1.3 1.0 2.9
2019.6219 -565.268 258.036 278.6 1.3 1.1 3.0
2020.5315 -597.679 266.142 275.3 1.7 1.4 4.0
2020.5342 -599.284 265.142 285.5 1.6 1.3 3.6
