2004.7479 0 0 0 1.3 0.9 2.6
2004.7507 -0.441319 1.33244 -1.6 1.3 0.9 2.6
2004.7534 -3.36506 0 4.4 1.3 0.9 2.6
2004.7562 -1.48945 -2.55384 -5.3 1.4 1.0 2.8
2005.4493 -3.47539 -4.33043 -7.6 2.0 1.2 3.1
2005.4521 -4.85451 -5.32976 -6.4 1.3 0.9 2.6
2005.4548 -8.44023 -3.22006 -10.6 1.6 1.2 3.1
2006.7205 -17.8183 -25.0943 2.3 1.2 0.9 2.6
2006.7233 -24.1622 -26.9819 6.1 1.3 0.9 2.7
2006.7260 -21.2937 -25.0943 9.5 1.3 1.0 2.9
2012.5836 -94.3872 -108.594 -5.1 3.5 1.9 5.6
2012.5863 -86.3331 -115.7 -8.6 1.1 0.8 2.5
2012.5890 -92.5667 -112.036 -3.3 1.2 0.8 2.5
2012.5918 -87.4364 -111.592 1.5 1.2 0.9 2.7
2013.4822 -103.71 -134.576 9.9 1.1 0.8 2.6
2013.4849 -107.02 -138.352 -0.1 1.1 0.8 2.6
2013.4877 -111.543 -134.243 -19.7 1.1 0.8 2.6
2013.4904 -105.696 -139.018 -14.8 1.4 1.0 2.8
2013.4932 -101.559 -135.909 -16 1.7 1.4 3.7
2013.4959 -109.282 -135.354 -17.6 3.5 2.2 6.8
2016.5342 -147.014 -179.102 -15.7 1.3 0.9 2.6
2016.5370 -143.594 -179.213 -32.8 1.2 0.9 2.6
2016.5397 -141.774 -179.546 -26.3 1.4 1.0 3.0
2017.5589 -170.46 -197.09 -10.1 1.3 0.9 2.6
2017.5616 -167.315 -195.313 -9.5 1.3 0.9 2.6
2017.5644 -166.433 -193.981 -9.6 1.4 1.0 3.0
2018.5315 -182.872 -204.307 7.7 1.4 1.0 2.9
2018.5342 -180.72 -202.198 17.4 1.2 0.9 2.7
2018.5370 -180.831 -202.975 10.9 1.2 0.9 2.7
2018.5397 -181.106 -200.976 12.7 1.4 0.9 2.8
2018.5425 -176.859 -201.754 14.9 1.6 1.2 3.4
2019.4904 -188.112 -213.968 -2.7 1.3 0.9 2.8
2019.4932 -192.801 -211.636 -1.1 1.3 0.9 2.7
2019.4959 -190.981 -211.525 1.8 1.3 0.9 2.7
2019.4986 -189.657 -214.301 15 1.7 1.2 3.5
2021.6658 -201.573 -243.725 19.2 4.1 2.8 7.2
2021.6685 -213.378 -241.061 29.9 1.4 0.9 3.1
2021.6712 -215.915 -242.171 38.4 1.4 1.0 3.2
