1997.6712 0 0 0 1.5 1.1 3.6
1997.6740 -0.971054 0.222065 -0.7 1.5 1.1 3.5
1997.6767 0.593421 18.9866 18.1 22.7 16.2 30.2
1998.4356 -9.00922 -10.6591 7.8 1.4 1.2 3.5
1998.4384 -4.47763 -11.6584 -2.9 1.4 1.1 3.5
1998.4411 -9.92632 -12.3246 -2.6 1.6 1.3 3.8
1998.7342 -22.8737 8.66054 -3 6.1 5.6 11.0
1998.7370 -17.3171 -14.1011 34.1 1.7 1.2 3.7
1998.7397 -23.3592 -13.657 23.3 1.9 1.2 3.8
1999.4548 -21.3092 -32.4215 7.9 3.7 2.2 7.9
1999.4575 -28.5921 -35.9746 4.5 1.6 1.2 3.8
1999.4603 -28.1605 -37.0849 14.7 1.5 1.2 3.8
1999.4630 -28.4303 -40.4159 2.1 1.6 1.1 3.6
1999.4658 -24.3303 -35.8635 4.9 1.6 1.4 4.1
2000.8110 -44.8842 -63.2886 24.3 1.9 1.4 4.6
2001.4932 -49.9553 -63.2886 32.8 1.8 1.2 3.9
2001.4959 -56.375 -62.5114 32.8 1.6 1.2 3.8
2001.4986 -51.25 -64.621 26.7 1.5 1.1 3.4
2001.5014 -53.9474 -61.9562 28.5 1.4 1.1 3.4
2002.4110 -42.9961 -80.3876 46.2 13.3 6.8 12.6
2002.4137 -65.4382 -70.3947 38.2 1.5 1.3 4.1
2002.4164 -65.9777 -71.2829 34.7 1.5 1.3 4.4
2002.4192 -70.3474 -70.5057 34.3 1.7 1.6 4.5
2002.8658 -86.4777 -75.8353 38.9 19.7 7.0 23.1
2002.8685 -91.4408 -83.1634 31.7 1.3 1.1 3.3
2002.8712 -91.1711 -82.2752 22.5 1.5 1.3 4.1
2003.4986 -103.363 -84.8289 34.5 1.2 1.0 3.2
2003.5014 -108.111 -84.7179 27.2 1.3 1.0 3.4
2006.4493 -161.95 -106.48 49.8 1.3 0.9 3.0
2006.4521 -161.518 -104.926 51.5 1.3 0.9 3.0
2006.4548 -161.195 -105.703 55.8 1.5 1.0 3.4
2009.4466 -209.046 -137.458 66.6 1.5 1.2 3.6
2009.4493 -213.146 -137.347 73.5 1.4 1.0 3.0
2009.4521 -208.776 -135.793 83.2 3.3 2.0 6.0
2012.6110 -264.072 -162.441 82.9 1.2 0.9 2.9
2012.6137 -266.23 -162.33 95.7 1.2 0.9 2.9
2012.6164 -271.032 -163.107 96.7 1.2 0.9 2.9
2012.6192 -263.911 -160.886 100 1.3 1.0 3.1
2013.7726 -289.697 -178.651 111.5 1.5 1.0 3.4
2013.7753 -291.694 -177.097 114.5 1.1 0.9 3.0
2013.7781 -286.137 -178.763 102.9 1.1 0.9 3.0
2013.7808 -288.403 -180.761 117.4 1.1 0.9 3.0
2014.3863 -299.462 -179.873 118.2 2.7 1.9 5.9
2014.3890 -299.354 -179.762 103.9 1.2 0.9 3.1
2014.3918 -298.545 -175.098 116.6 1.2 1.0 3.1
2014.3945 -299.408 -180.761 110.9 1.2 0.9 3.1
2014.3973 -296.765 -181.982 101.7 1.6 1.2 4.0
2015.3589 -322.659 -186.424 121.6 1.4 1.0 3.3
2015.3616 -313.38 -189.422 119.7 1.3 1.1 3.3
2015.3644 -312.301 -186.313 124 1.3 1.1 3.3
2015.3671 -323.253 -201.302 127.6 2.3 2.1 5.9
2016.7123 -340.57 -195.306 130.4 1.1 1.0 3.1
2016.7151 -344.076 -195.417 131.1 1.1 0.9 2.9
2016.7178 -343.321 -194.751 130.6 1.1 0.9 3.0
2016.7205 -345.101 -195.751 135.7 1.1 0.9 2.9
2019.4219 -398.617 -224.064 112.6 1.2 0.9 3.0
2019.4247 -395.38 -222.731 131.7 1.3 1.0 3.2
2020.5479 -424.296 -243.383 142.1 2.2 2.2 5.9
2021.4740 -427.317 -237.055 154.9 1.6 1.4 4.1
2021.4767 -425.915 -236.722 154.3 1.2 1.0 3.4
2021.4795 -420.736 -235.944 152.9 1.7 1.4 4.4
