1995.5863 0 0 0 2.2 2.0 6.1
1995.5890 1.16242 -1.22141 12.6 1.6 1.2 3.9
1995.5918 -3.59796 -1.55452 8.9 1.5 1.2 3.8
1995.5945 -9.57611 -0.333112 20 1.6 1.2 3.8
1995.5973 -6.36562 -5.32979 12.1 1.6 1.1 3.8
1995.6000 -8.08157 -5.44083 6.8 1.6 1.2 3.7
1995.6027 -6.8638 -3.22008 9 1.7 1.2 4.0
1995.6055 -7.41733 -2.22075 17.8 1.6 1.2 3.9
1995.6082 -7.30663 -0.999336 7.3 1.6 1.3 4.1
1997.3863 -35.3707 17.988 27.6 2.6 1.8 7.0
1997.3890 -32.7138 17.4328 40.1 2.8 1.8 7.0
1997.3918 -33.8762 20.5419 33.3 2.5 1.6 6.7
1998.4274 -62.4385 23.873 30.4 1.8 1.3 4.6
1998.4301 -53.0284 26.3158 35.7 1.7 1.2 4.5
1998.4329 -60.2797 26.871 25.9 1.8 1.3 4.7
1998.4356 -54.4122 24.2061 43.3 2.1 1.5 5.3
1998.7616 -60.335 37.0864 44.5 11.8 9.9 22.5
1998.7644 -65.4275 26.0938 52.7 1.8 1.0 3.6
1998.7671 -58.453 20.764 62.3 2.1 1.2 4.1
1998.7699 -69.6897 22.5406 48.3 2.2 1.2 4.0
1999.4384 -66.7007 37.3085 78.5 19.2 5.6 18.9
1999.4411 -65.9811 35.9761 49 1.8 1.2 3.7
1999.4438 -65.9811 32.645 43.7 1.8 1.3 3.9
1999.4466 -69.413 33.8664 45.8 1.8 1.1 3.7
1999.4493 -67.1435 32.9781 50.2 1.8 1.2 3.9
1999.4521 -67.4756 31.3125 38.4 2.3 1.5 4.8
2000.6712 -95.8718 41.3059 40 6.0 3.6 10.5
2000.6740 -92.772 42.6383 46.1 2.3 1.3 4.2
2000.6767 -95.8718 38.0858 58.1 1.7 1.1 3.8
2000.6795 -99.1376 40.0844 67.6 1.8 1.1 3.8
2000.6822 -95.9825 39.0851 49.9 1.9 1.2 4.1
2000.6849 -92.4953 44.4149 65.5 2.7 1.6 5.6
2001.5014 -97.6431 50.744 57.3 5.6 2.0 8.4
2001.5041 -111.039 48.1902 42.3 1.8 1.2 3.9
2001.5068 -109.987 50.5219 50.8 1.7 1.1 3.8
2001.5096 -109.599 52.8537 53.1 1.8 1.4 4.3
2002.4137 -127.866 60.1822 53.2 1.8 1.2 4.5
2002.4164 -128.752 61.1815 56.5 1.8 1.2 4.5
2002.4192 -128.309 59.1829 54.3 1.8 1.2 4.3
2002.4219 -127.091 62.736 53.2 1.8 1.3 4.4
2002.8685 -148.236 55.5186 40.3 3.6 2.1 7.4
2002.8712 -148.236 58.1835 43.5 1.5 1.0 3.6
2002.8740 -148.015 57.5173 42.8 1.9 1.3 4.6
2003.7151 -159.694 71.508 64 1.8 1.1 3.9
2003.7178 -160.801 67.9548 60.2 2.0 1.2 4.0
2003.7205 -162.849 68.3989 66.6 2.2 1.3 4.7
2006.4356 -218.977 93.9375 80.1 2.0 1.1 3.8
2006.4384 -215.601 92.8271 81.5 3.2 1.7 6.3
2008.4000 -263.869 107.817 78.5 1.6 1.0 3.5
2008.4027 -266.249 109.261 78.6 1.7 1.0 3.5
2009.6329 -288.999 111.592 94.6 1.8 1.1 3.6
2009.6356 -285.014 111.148 104.6 1.7 1.1 3.7
2012.6164 -346.622 133.023 105 1.7 1.0 3.4
2012.6192 -345.515 134.466 106.5 1.4 0.9 3.0
2012.6219 -346.954 132.801 107.7 1.4 0.9 3.0
2012.6247 -345.183 133.245 118 1.6 1.0 3.3
2012.6986 -346.954 138.686 109.1 1.6 1.0 3.2
2012.7014 -351.493 145.126 99.3 1.5 0.9 3.0
2012.7041 -350.386 138.463 108.1 1.5 0.9 3.0
2012.7068 -351.991 137.575 107 1.5 0.9 3.1
2013.3945 -367.878 146.347 81.6 1.5 1.0 3.2
2013.3973 -364.667 142.794 84.7 1.5 1.0 3.2
2013.4000 -366.383 144.348 93.1 1.7 1.1 3.5
2014.4411 -392.178 158.117 90.5 1.5 0.9 3.1
2014.4438 -388.026 155.23 101.4 1.5 0.9 3.1
2014.4466 -386.587 154.786 100.5 1.6 0.9 3.2
2014.4493 -392.399 156.785 91.6 1.6 0.9 3.2
2014.4521 -387.694 155.563 99 1.5 0.9 3.2
