2021.6329 0 0 0 1.3 1.0 3.0
2021.6384 3.16263 -5.99704 6.7 1.3 1.0 2.9
2021.6411 5.10886 -1.11056 -4.9 1.3 1.0 2.8
2021.6438 -0.547379 -1.55479 -3.3 1.3 1.0 2.8
2021.6466 -0.486558 -4.3312 -3.7 1.3 0.9 2.7
2021.6493 4.74394 -1.44373 -1.9 1.3 0.9 2.7
2021.6521 -2.37197 -1.66585 -1.6 1.3 0.9 2.7
2021.6548 1.27722 -0.777394 -0.1 1.3 0.9 2.7
2021.6575 2.37197 -5.10859 -12.3 1.3 0.9 2.7
2021.6603 3.89247 -7.885 5.4 1.3 0.9 2.7
2021.6630 -1.15558 -3.5538 -1.2 1.3 0.9 2.7
2021.6658 -0.304099 -5.33071 -5.7 1.3 0.9 2.7
2021.6685 1.94623 -8.32923 -2.3 1.3 0.9 2.7
2021.6712 0.364918 -7.99606 1.3 1.3 1.0 2.8
2021.6740 2.67607 -8.55134 -5.9 1.4 1.0 3.0
2021.6767 0.304099 -10.5504 -1.6 1.5 1.0 3.0
2021.6795 3.28427 -9.21768 -2.6 1.3 1.0 2.8
2021.6822 -4.19657 -9.77296 -1 1.3 0.9 2.7
2021.6849 -1.70296 -10.5504 2.8 1.3 0.9 2.7
2021.6877 0.790658 -9.21768 1.2 1.3 0.9 2.7
2021.6904 3.34509 -12.9936 -1.6 1.3 0.9 2.7
2021.6932 -4.50067 -12.9936 -2.6 1.3 0.9 2.7
2021.6959 -0.851477 -12.1051 -2 1.3 0.9 2.7
2021.6986 3.71001 -11.2167 -1.3 1.3 0.9 2.7
2021.7014 3.46673 -13.882 4.4 1.3 0.9 2.7
2021.7041 6.62936 -15.2147 -3.1 1.3 0.9 2.7
2021.7068 1.70295 -13.2157 3.3 1.3 0.9 2.7
2021.7096 -0.425739 -14.9926 2.4 1.3 0.9 2.7
2021.7123 1.70295 -11.1056 -7.6 1.3 0.9 2.7
2021.7151 -0.425739 -14.8816 -0.7 1.3 0.9 2.7
2021.7178 5.5346 -13.771 -3.8 1.3 0.9 2.7
2021.7205 1.58131 -14.1042 3.4 1.3 0.9 2.7
2021.7233 2.67607 -15.5479 4 1.3 0.9 2.7
2021.7260 3.89247 -16.9916 -1.4 1.2 0.9 2.7
2021.7288 0 -17.1027 -5.3 1.2 0.9 2.7
2021.7315 -0.12164 -14.3263 -3.8 1.3 1.0 2.9
2021.7342 3.34509 -16.5474 -0.9 1.2 0.9 2.7
2021.7370 3.52755 -16.8806 -3.8 1.2 0.9 2.7
2021.7397 5.2305 -18.7685 -0.2 1.3 0.9 2.7
2021.7425 2.31115 -19.768 -0.1 1.2 0.9 2.7
2021.7452 1.15558 -17.658 -0.3 1.2 0.9 2.7
2021.7479 5.2305 -21.4339 -6.5 1.2 0.9 2.7
2021.7507 3.58837 -19.1017 -2.7 1.2 0.9 2.7
2021.7534 9.79199 -21.7671 4.7 1.2 0.9 2.7
2021.7562 4.56148 -19.2128 -5.8 1.2 0.9 2.7
2021.7589 5.59542 -18.1022 -5.2 1.2 0.9 2.7
2021.7616 2.98017 -19.1017 -5.8 1.2 0.9 2.7
2021.7644 2.55443 -20.9897 -2.4 1.2 0.9 2.7
2021.7671 3.89247 -21.4339 -0.5 1.2 0.9 2.7
2021.7699 2.67607 -19.1017 -5.1 1.2 0.9 2.7
2021.7726 1.94623 -26.2093 -1.9 1.2 0.9 2.7
2021.7753 3.34509 -21.2118 -10.4 1.2 0.9 2.7
2021.7781 -0.24328 -21.4339 -3.3 1.2 0.9 2.7
2021.7808 10.1569 -23.2108 -12.5 1.2 0.9 2.7
2021.7836 4.98722 -25.7651 -3 1.2 0.9 2.7
2021.7863 3.71001 -25.2098 -8.6 1.2 0.9 2.7
2021.7890 -0.0608209 -24.5435 -12.9 1.2 0.9 2.7
2021.7918 3.58837 -24.8766 -5.9 1.2 0.9 2.7
2021.7945 4.9264 -25.4319 -6.2 1.2 0.9 2.7
2021.7973 1.15558 -27.4309 -7.8 1.2 0.9 2.7
2021.8000 2.00705 -27.4309 -11.9 1.2 0.9 2.7
2021.8027 4.50066 -27.0978 -12.7 1.3 1.0 2.7
2021.8055 2.43279 -28.3194 -7.9 1.3 1.0 2.8
2021.8082 0.912296 -27.3199 -9.2 1.3 0.9 2.7
2021.8110 1.03394 -27.7641 -9.2 1.3 0.9 2.7
2021.8137 4.07493 -28.5415 -9 1.3 0.9 2.8
2021.8164 3.95329 -30.8737 -9.9 1.2 0.9 2.7
2021.8192 1.82459 -30.3184 -11 1.2 0.9 2.7
2021.8219 2.98017 -28.2083 -7.6 1.3 0.9 2.8
2021.8247 1.45968 -30.2073 -11.8 1.3 0.9 2.8
2021.8274 2.49361 -28.0973 -9.2 1.3 0.9 2.9
2021.8301 1.52049 -28.6525 -7 1.3 0.9 2.8
2021.8329 6.1428 -29.0968 -9.6 1.3 0.9 2.8
2021.8356 -0.486558 -28.4304 -6.8 1.3 0.9 2.8
2021.8384 1.82459 -30.0963 -5.2 1.3 0.9 2.9
2021.8411 2.25033 -29.541 -14.1 1.3 0.9 2.9
2021.8438 3.64919 -31.429 -15.6 1.4 1.0 2.9
2021.8466 1.33804 -31.3179 -14.9 1.3 0.9 2.8
2021.8493 3.28427 -30.8737 -7.3 1.3 0.9 2.8
2021.8521 -0.12164 -32.7616 -5.1 1.3 0.9 2.9
2021.8548 2.91935 -30.9847 -7.6 1.3 0.9 2.8
2021.8575 3.28427 -31.6511 -5.7 1.3 0.9 2.8
2021.8603 2.98017 -31.2068 -2.8 1.3 0.9 2.8
2021.8630 2.00705 -31.3179 -8.5 1.3 0.9 2.7
2021.8658 0.182459 -32.9837 -3.2 1.4 1.0 2.8
2021.8685 1.45968 -29.7631 -12.5 1.4 1.0 2.9
2021.8712 3.10181 -30.2073 -6.7 1.4 1.0 2.9
2021.8740 1.03394 -31.9842 -4.5 1.3 1.0 2.8
2021.8767 3.40591 -32.5395 -3 1.3 1.0 2.9
2021.8795 7.42001 -35.7602 -0.6 1.3 0.9 2.7
2021.8822 2.79771 -33.9833 -8.8 1.3 1.0 2.8
2021.8849 2.61525 -33.3169 -7.6 1.3 1.0 2.8
2021.8877 6.69018 -31.7621 -7.8 1.3 1.0 2.7
2021.8904 4.68312 -32.4285 -12.6 1.3 1.0 2.8
2021.8932 4.86558 -32.9837 -12.3 1.2 1.0 2.7
2021.8959 4.80476 -30.7626 -9.2 1.3 1.0 2.7
2021.8986 3.04099 -32.8727 -8 1.3 1.0 2.8
2021.9014 5.35214 -32.8727 -11.4 1.3 1.0 2.7
2021.9041 6.50772 -33.428 -8.3 1.2 1.0 2.8
2021.9068 3.40591 -32.0953 -2.9 1.2 1.0 2.7
2021.9096 6.08198 -34.5385 -2.4 1.2 1.0 2.7
2021.9123 6.69018 -34.9828 -3.7 1.2 1.0 2.8
2021.9151 5.04804 -36.2044 -10.9 1.2 1.0 2.7
2021.9178 6.87264 -35.538 -12 1.2 1.0 2.7
2021.9205 14.1102 -39.0918 -3.8 1.3 1.0 2.8
2021.9233 2.00705 -37.0928 -0.6 1.4 1.0 2.9
2021.9260 3.34509 -35.7602 -5.1 1.3 1.0 2.8
2021.9288 6.69018 -36.0933 -6.1 1.3 1.0 2.8
2021.9315 5.2305 -38.0923 -6.3 1.3 1.0 2.8
2021.9342 2.73689 -37.5371 -2.6 1.3 1.0 2.9
2021.9370 6.4469 -34.8717 -2.6 1.3 1.0 2.9
2021.9397 -2.18951 -37.8702 -7.5 1.3 1.0 2.9
2021.9425 -1.64213 -35.3159 -2.2 1.4 1.0 3.0
2021.9452 7.60247 -37.0928 -2.1 1.3 1.0 2.8
2021.9479 16.8471 -32.5395 -5.4 1.3 1.0 2.8
2021.9507 5.5346 -34.4275 7.2 1.3 1.0 2.8
2021.9534 4.3182 -36.2044 -5.4 1.3 0.9 2.8
2021.9562 4.37903 -38.2034 -7.6 1.3 1.0 2.9
2021.9589 2.61525 -37.5371 -8.4 1.3 1.0 2.9
2021.9616 2.49361 -37.8702 0.9 1.3 1.0 2.9
2021.9644 7.72411 -39.2029 -6.7 1.3 1.0 2.9
2021.9671 5.89952 -37.6481 -3.3 1.3 1.0 2.9
2021.9699 7.42001 -38.7587 -4.3 1.3 1.0 2.9
2021.9726 9.12297 -38.9808 -8.4 1.3 1.0 2.9
2021.9753 7.11591 -38.3145 -8.9 1.3 1.0 2.9
2021.9781 0.790658 -39.425 0.1 1.3 1.0 2.9
2021.9808 1.45968 -34.9828 -6.3 1.3 1.0 2.9
2021.9836 -0.24328 -37.6481 -13.1 1.3 1.0 2.9
2021.9863 3.16263 -37.5371 -7.5 1.3 1.0 2.9
2021.9890 2.61525 -38.0923 -6 1.2 1.0 2.8
2021.9918 3.83165 -37.7592 -13.1 1.2 0.9 2.8
2021.9945 3.71001 -38.0923 -14.2 1.2 0.9 2.8
2021.9973 3.04099 -37.8702 -8.3 1.2 0.9 2.8
2022.0000 1.94623 -39.2029 -13.7 1.2 0.9 2.8
2022.0027 5.96034 -42.9788 -2.7 1.2 0.9 2.8
2022.0055 12.4072 -53.4181 30 1.2 0.9 2.8
2022.0082 9.67035 -44.3115 1.2 1.2 0.9 2.8
2022.0110 6.69018 -39.8692 -9.5 1.2 0.9 2.8
2022.0137 5.89952 -40.8688 -12.9 1.2 0.9 2.8
2022.0164 6.26444 -39.9803 -10.9 1.2 0.9 2.7
2022.0192 3.52755 -40.0914 -7.7 1.2 0.9 2.7
2022.0219 7.48083 -40.6466 -9.9 1.2 0.9 2.7
2022.0247 7.96739 -39.8692 -5.7 1.3 1.0 3.0
2022.0274 6.81182 -42.8678 -3.6 1.2 0.9 2.8
2022.0301 5.16968 -41.7572 -7.9 1.2 0.9 2.8
2022.0329 6.4469 -41.5351 -11.4 1.2 0.9 2.7
2022.0356 1.82459 -44.3115 -13.5 1.2 0.9 2.8
2022.0384 4.25739 -41.2019 -8 1.2 0.9 2.8
2022.0411 8.39313 -41.313 -10.8 1.2 0.9 2.8
2022.0438 4.37903 -41.424 -5.7 1.2 0.9 2.8
2022.0466 2.00705 -42.3125 -6.8 1.2 0.9 2.8
2022.0493 0.182459 -42.0904 -10.2 1.2 0.9 2.8
2022.0521 3.22345 -43.7562 -3.8 1.2 0.9 2.8
2022.0548 2.79771 -43.0899 -4.5 1.2 0.9 2.8
2022.0575 5.96034 -43.5341 -9.8 1.2 0.9 2.8
2022.0603 5.10886 -44.2004 -4.1 1.2 0.9 2.8
2022.0630 4.50066 -44.8668 -7.2 1.2 0.9 2.7
2022.0658 3.16263 -44.4226 -5.1 1.2 0.9 2.8
2022.0685 2.18951 -44.2004 -3.1 1.2 0.9 2.8
2022.0712 2.91935 -41.8683 -9.2 1.2 0.9 2.8
2022.0740 2.73689 -43.312 -8.9 1.2 0.9 2.7
2022.0767 2.18951 -44.0894 -11.2 1.2 0.9 2.7
2022.0795 2.49361 -44.9778 -3.2 1.2 0.9 2.7
2022.0822 4.19656 -45.6442 -4.8 1.2 0.9 2.7
2022.0849 2.31115 -45.2 -7.4 1.2 0.9 2.7
2022.0877 5.65624 -45.4221 -9.1 1.2 0.9 2.7
2022.0904 5.89952 -44.5336 -6.1 1.2 0.9 2.7
2022.0932 2.31115 -44.3115 -7.9 1.2 0.9 2.7
2022.0959 4.43984 -46.5326 -13.8 1.2 0.9 2.7
2022.0986 4.50066 -44.9778 -13.5 1.2 0.9 2.7
2022.1014 5.89952 -47.31 -8.8 1.3 0.9 2.8
2022.1041 7.23755 -45.0889 -7.8 1.3 0.9 2.8
2022.1068 3.64919 -45.7552 -5.5 1.3 0.9 2.8
2022.1096 3.16263 -45.9773 -6.4 1.3 0.9 2.8
2022.1123 4.43984 -44.2004 -6.3 1.3 0.9 2.7
2022.1151 6.38608 -44.5336 -7.3 1.2 0.9 2.7
2022.1178 6.56854 -43.423 -6.9 1.2 0.9 2.7
2022.1205 4.43984 -45.6442 -5.7 1.3 0.9 2.7
2022.1233 6.20362 -43.8673 -5.5 1.3 0.9 2.7
2022.1260 6.26444 -43.423 -11.4 1.3 0.9 2.7
2022.1288 3.83165 -42.0904 -14.6 1.3 0.9 2.7
2022.1315 6.02116 -45.8663 -8.3 1.3 0.9 2.7
2022.1342 6.56854 -46.5326 -10.7 1.3 0.9 2.7
2022.1370 7.72411 -44.6447 2.7 1.3 0.9 2.7
2022.1397 5.35214 -45.0889 -3.4 1.3 0.9 2.7
2022.1425 -0.425739 -50.1975 -2.8 1.3 0.9 2.7
2022.1452 2.67607 -49.0869 -12.1 1.3 0.9 2.7
2022.1479 4.68312 -45.7552 -9.4 1.3 0.9 2.8
2022.1507 3.04099 -48.4206 -9.8 1.4 0.9 2.9
2022.1534 2.37197 -48.3095 -12.9 1.5 1.0 2.9
2022.1562 5.65624 -49.198 -10 1.3 0.9 2.7
2022.1589 5.35214 -46.9769 -11 1.3 0.9 2.7
2022.1616 2.55443 -46.3105 -11.9 1.3 0.9 2.7
2022.1644 5.04804 -48.9759 -4 1.3 0.9 2.7
2022.1671 5.2305 -48.4206 -6.6 1.3 0.9 2.7
2022.1699 8.51477 -49.0869 -2.9 1.3 0.9 2.7
2022.1726 8.81887 -47.6432 -2.3 1.3 0.9 2.7
2022.1753 5.96034 -47.199 -9.8 1.3 0.9 2.7
2022.1781 4.19656 -49.6422 -12.4 1.3 0.9 2.7
2022.1808 9.06215 -47.7542 -15.3 1.3 0.9 2.7
2022.1836 5.2305 -47.199 -7.3 1.3 0.9 2.7
2022.1863 6.02116 -48.4206 -9.2 1.3 0.9 2.7
2022.1890 4.98722 -47.199 -14.5 1.4 0.9 2.8
2022.1918 7.23755 -48.7538 -11.2 1.4 0.9 2.8
2022.1945 8.14985 -50.1975 -13.8 1.3 0.9 2.8
2022.1973 6.93346 -48.6427 -8.9 1.3 0.9 2.8
2022.2000 6.62936 -48.9759 -7.1 1.3 0.9 2.7
2022.2027 5.96034 -49.7533 -10.1 1.3 0.9 2.7
2022.2055 8.69723 -49.7533 -8.8 1.3 0.9 2.7
2022.2082 8.81887 -49.7533 -7.5 1.3 0.9 2.9
2022.2110 9.06215 -50.9749 -6.7 1.3 0.9 2.9
2022.2137 8.57559 -50.8638 -5.9 1.3 0.9 2.7
2022.2164 8.02821 -50.0864 -11.1 1.3 0.9 2.7
2022.2192 9.91362 -50.7528 -3.5 1.3 0.9 2.7
2022.2219 10.5826 -50.6417 -4.4 1.3 0.9 2.8
2022.2247 10.2177 -52.3076 -6.7 1.3 0.9 2.8
2022.2274 7.90657 -51.4191 -4.4 1.3 0.9 2.8
2022.2301 12.4681 -50.6417 -4.6 1.3 0.9 2.8
2022.2329 10.1569 -51.197 -6.7 1.3 0.9 2.7
2022.2356 8.27149 -53.4181 -5.3 1.3 0.9 2.8
2022.2384 9.97445 -52.6407 -9.9 1.3 0.9 2.8
2022.2411 7.29837 -52.5297 -13.2 1.3 0.9 2.7
2022.2438 5.47378 -52.3076 -13 1.3 0.9 2.8
2022.2466 8.02821 -52.1965 -13.7 1.3 0.9 2.7
2022.2493 11.3733 -52.8628 -13 1.3 0.9 2.7
2022.2521 4.6223 -51.8633 -9.1 1.3 0.9 2.7
2022.2548 5.47378 -53.5292 -13.5 1.3 0.9 2.7
2022.2575 8.27149 -53.3071 -9.1 1.3 0.9 2.7
2022.2603 5.59542 -52.4186 -12.2 1.3 0.9 2.7
2022.2630 7.0551 -53.6402 -11.2 1.3 0.9 2.7
2022.2658 6.32526 -54.4176 -7.1 1.3 0.9 2.7
2022.2685 7.84575 -54.6397 -19.6 1.3 0.9 2.8
2022.2712 7.17674 -51.0859 -6.5 1.3 0.9 2.7
2022.2740 6.56854 -53.5292 -5.1 1.3 0.9 2.8
2022.2767 6.87264 -50.9749 -9.2 1.3 1.0 2.8
2022.2795 5.65624 -53.5292 -9.8 1.3 0.9 2.7
2022.2822 5.77788 -52.3076 -11.5 1.3 0.9 2.7
2022.2849 5.71706 -53.8623 -11.1 1.3 0.9 2.7
2022.2877 5.04804 -53.3071 -9.4 1.3 0.9 2.8
2022.2904 3.77083 -53.8623 -7.9 1.3 0.9 2.8
2022.2932 6.751 -53.7513 -8.8 1.3 0.9 2.7
2022.2959 9.06215 -55.084 -10.3 1.3 0.9 2.7
2022.2986 6.50772 -54.4176 -14.6 1.3 0.9 2.7
2022.3014 7.42001 -55.3061 -14.6 1.3 0.9 2.7
2022.3041 6.20362 -56.6388 -7.3 1.3 0.9 2.8
2022.3068 3.10181 -57.4162 -12.8 1.3 0.9 2.8
2022.3096 5.5346 -56.3056 -13.2 1.3 0.9 2.7
2022.3123 5.35214 -57.6383 -9.3 1.3 0.9 2.7
2022.3151 4.6223 -55.4171 -11.9 1.3 0.9 2.8
2022.3178 9.12297 -56.9719 -5.7 1.3 0.9 2.7
2022.3205 3.34509 -56.5277 -8.3 1.3 1.0 2.9
2022.3233 4.25739 -57.083 -11.2 1.3 1.0 2.9
2022.3260 4.80476 -56.9719 -6.2 1.2 0.9 2.7
2022.3288 8.69723 -57.4162 -11.7 1.2 0.9 2.8
2022.3315 7.35919 -58.1935 -9.8 1.2 0.9 2.7
2022.3342 5.29132 -58.1935 -11.3 1.3 0.9 2.7
2022.3370 7.29837 -57.7493 -15.1 1.3 1.0 2.8
2022.3397 6.62936 -58.9709 -9.7 1.3 1.0 2.8
2022.3425 5.35214 -58.8599 -12.1 1.2 0.9 2.7
2022.3452 5.71706 -58.8599 -13.6 1.2 0.9 2.7
2022.3479 4.37903 -58.4157 -10.4 1.2 0.9 2.7
2022.3507 3.77083 -57.8604 -10 1.2 0.9 2.7
2022.3534 0.0608191 -56.1945 -3.8 1.2 0.9 2.7
2022.3562 10.1569 -58.8599 -5.5 1.2 0.9 2.7
2022.3589 8.63641 -56.4166 -9.7 1.2 0.9 2.7
2022.3616 3.40591 -60.7478 -9 1.2 0.9 2.7
2022.3644 12.3464 -60.4147 4 1.2 0.9 2.7
2022.3671 4.86558 -54.4176 -4.9 1.2 0.9 2.7
2022.3699 1.88541 -60.97 -9.2 1.2 0.9 2.7
2022.3726 5.10886 -59.9705 -7.9 1.2 0.9 2.7
2022.3753 7.29837 -62.7469 1.2 1.2 0.9 2.7
2022.3781 6.38608 -63.08 -8.5 1.2 0.9 2.7
2022.3808 3.64919 -61.7474 -14.1 1.2 0.9 2.7
2022.3836 6.81182 -61.081 -10.9 1.3 0.9 2.7
2022.3863 3.52755 -61.081 -10.2 1.2 0.9 2.7
2022.3890 4.86558 -62.0805 -7.3 1.2 0.9 2.7
2022.3918 3.34509 -61.4142 -11.4 1.2 0.9 2.7
2022.3945 3.58837 -61.7474 -8 1.2 0.9 2.7
2022.3973 3.89247 -60.5257 -9.3 1.2 0.9 2.8
2022.4000 5.04804 -60.4147 -11.4 1.2 0.9 2.9
2022.4027 1.82459 -64.8569 -10.6 1.2 0.9 2.8
2022.4055 5.04804 -63.4132 -6.3 1.2 0.9 2.7
2022.4082 2.91935 -62.969 -4.9 1.2 0.9 2.7
2022.4110 6.1428 -61.6363 -4.7 1.2 0.9 2.8
2022.4137 7.23755 -62.1916 -6 1.2 0.9 2.8
2022.4164 4.74394 -63.8574 -9.2 1.2 0.9 2.7
2022.4192 7.66329 -62.0805 -5.4 1.2 0.9 2.8
2022.4219 6.50772 -64.4127 -4.4 1.3 0.9 2.8
2022.4247 1.39885 -63.3021 -7.8 1.2 0.9 2.7
2022.4274 7.29837 -63.7464 -6.2 1.2 0.9 2.7
2022.4301 3.58837 -64.5238 -8.8 1.2 0.9 2.7
2022.4329 3.10181 -63.08 -7.8 1.2 0.9 2.8
2022.4356 2.61525 -64.4127 -7.3 1.2 0.9 2.8
2022.4384 4.43984 -62.969 -9 1.2 0.9 2.7
2022.4411 4.68312 -63.5243 -4.3 1.2 0.9 2.7
2022.4438 3.77083 -62.3026 -5.3 1.2 0.9 2.7
2022.4466 5.5346 -65.1901 -9.3 1.2 0.9 2.8
2022.4493 6.4469 -65.079 -10.1 1.2 1.0 2.8
2022.4521 7.11591 -63.3021 -3.1 1.2 0.9 2.7
2022.4548 4.68312 -63.9685 -3.8 1.2 0.9 2.7
2022.4575 4.19656 -64.3017 -4.2 1.2 0.9 2.7
2022.4603 -0.182459 -63.1911 -7.5 1.2 0.9 2.7
2022.4630 5.29132 -67.1891 -6.6 1.2 0.9 2.7
2022.4658 6.32526 -63.9685 -8.8 1.2 0.9 2.7
2022.4685 4.68312 -64.0795 -8.4 1.2 0.9 2.7
2022.4712 4.68312 -66.5228 1 1.2 0.9 2.7
2022.4740 5.5346 -65.3012 -7.6 1.2 0.9 2.7
2022.4767 3.40591 -64.3017 0 1.2 0.9 2.7
2022.4795 4.86558 -65.7454 -9.3 1.3 0.9 2.8
2022.4822 3.64919 -65.4122 -2.6 1.2 0.9 2.7
2022.4849 1.88541 -67.6333 -6 1.2 0.9 2.7
2022.4877 5.5346 -64.4127 -7.2 1.2 0.9 2.7
2022.4904 3.77083 -66.4117 -9.6 1.2 0.9 2.7
2022.4932 4.6223 -64.4127 -17.2 1.2 0.9 2.7
2022.4959 0.790658 -65.5233 -6.6 1.2 0.9 2.8
2022.4986 6.93346 -67.5223 -10.3 1.2 0.9 2.7
2022.5014 5.47378 -68.0776 -8.1 1.2 0.9 2.7
2022.5041 6.4469 -66.0786 -9.5 1.2 0.9 2.8
2022.5068 4.19656 -65.9675 -16 1.3 0.9 2.9
2022.5096 5.5346 -67.4112 -7.5 1.3 0.9 2.9
2022.5123 4.74394 -67.3002 -10.1 1.2 0.9 2.8
2022.5151 2.91935 -69.2992 -16 1.2 0.9 2.7
2022.5178 6.32526 -68.4107 -8 1.2 0.9 2.8
2022.5205 6.20362 -67.8555 -10.7 1.2 0.9 2.7
2022.5233 3.64919 -67.1891 -7.8 1.2 0.9 2.7
2022.5260 3.04099 -68.0776 -11.3 1.2 0.9 2.7
2022.5288 1.03394 -67.0781 -11.7 1.2 0.9 2.7
2022.5315 3.22345 -66.7449 -10.4 1.2 0.9 2.7
2022.5342 -0.669018 -66.1896 -8.6 1.2 1.0 2.8
2022.5370 3.34509 -68.4107 -10.6 1.2 1.0 2.8
2022.5397 3.64919 -68.7439 -11.5 1.2 0.9 2.7
2022.5425 3.77083 -66.7449 -16.8 1.2 0.9 2.7
2022.5452 10.3394 -69.8545 -16.1 1.2 0.9 2.7
2022.5479 -2.73689 -70.7429 -9.8 1.2 0.9 2.8
2022.5507 6.32526 -67.7444 -12 1.2 0.9 2.7
2022.5534 2.79771 -68.5218 -13.8 1.2 0.9 2.7
2022.5562 3.16263 -68.7439 -10.5 1.2 0.9 2.7
2022.5589 5.65624 -69.1881 -11.3 1.2 0.9 2.7
2022.5616 3.28427 -69.0771 -13.4 1.2 0.9 2.7
2022.5644 6.08198 -71.7424 -15.4 1.2 0.9 2.7
2022.5671 2.12869 -69.7434 -10.2 1.2 0.9 2.7
2022.5699 3.71001 -67.7444 -13.3 1.2 0.9 2.7
2022.5726 2.73689 -68.855 -7.5 1.2 0.9 2.7
2022.5753 2.73689 -67.6333 -7.5 1.2 0.9 2.7
2022.5781 3.95329 -68.966 -23.9 1.2 0.9 2.7
2022.5808 4.43984 -70.965 -9 1.2 0.9 2.7
