2009.6685 0 0 0 1.6 1.0 3.0
2009.6712 1.24696 2.6648 7.7 1.9 1.1 3.6
2010.5918 -7.86128 -1.55447 2.7 1.6 1.1 2.9
2010.5945 -4.01196 3.77514 12.1 1.4 0.9 2.8
2010.5973 -8.72873 -3.44204 15.8 1.4 0.9 2.8
2010.6000 -11.4395 -2.88687 10.1 1.4 0.9 2.8
2010.6027 -10.5178 -3.55307 6.3 1.6 1.1 3.2
2011.5425 -19.6803 -5.99581 22.3 1.5 0.9 2.7
2011.5452 -22.8248 -6.66201 22.1 1.5 0.9 2.8
2011.5479 -20.2767 -4.21927 22.6 1.5 0.9 2.8
2011.5507 -21.5236 -4.55237 21.4 1.5 0.9 2.8
2011.5534 -21.3068 -4.21927 25.1 1.5 0.9 2.7
2011.5562 -23.2585 -4.33031 26.5 1.5 0.9 2.7
2011.5589 -22.12 -5.55168 27.8 1.6 1.0 3.1
2012.5288 -33.8306 -8.99371 39.1 4.0 1.9 5.7
2012.5315 -34.3728 -8.10545 33.7 1.4 0.9 2.8
2012.5342 -35.4571 -7.55028 33.3 1.4 0.9 2.7
2012.5370 -39.3606 -7.43924 32.4 1.4 0.9 2.9
