2002.8575 0 0 0 1.8 1.3 4.8
2002.8603 3.95214 3.88585 -37.1 2.0 1.4 4.6
2002.8630 6.0052 0.999218 -11.2 2.2 1.6 4.9
2002.8658 -6.36449 5.32917 3.6 2.0 1.5 4.5
2002.8685 -11.4458 -7.66068 10.6 2.3 1.5 4.8
2002.8712 -5.18398 -1.66537 11.2 1.6 1.2 4.1
2002.8740 -4.2601 4.44097 4.5 1.8 1.3 4.5
2002.8767 -12.0617 2.55356 32.2 1.8 1.4 4.5
2002.8795 -10.214 9.21502 44.4 1.6 1.2 4.4
2002.8822 -13.2936 16.7647 26.7 1.9 1.3 4.3
2002.8849 -9.75204 13.4339 25.4 1.7 1.3 4.2
2002.8877 -14.1148 14.8773 37.1 1.8 1.3 4.4
2002.8904 -25.4066 10.2142 49.2 3.2 2.2 6.2
2002.8932 -12.3697 18.5411 3.1 1.7 1.3 4.5
2002.8959 -2.82296 17.5418 9.2 1.9 1.3 4.6
2002.8986 -16.4245 11.6576 8.9 1.9 1.4 4.7
2002.9014 -5.03 17.9859 27.2 1.7 1.3 4.4
2002.9041 -13.5502 20.0954 15 1.8 1.3 4.5
2002.9068 -11.0352 29.5325 0.2 2.9 1.8 6.4
2002.9096 -6.41581 30.6427 -13.6 2.2 1.6 5.6
2002.9123 -5.74857 25.5356 -47.9 2.1 1.5 5.4
2002.9151 -11.7538 34.6396 -35.7 2.1 1.5 5.4
2002.9178 -14.0121 33.6404 -30 2.3 1.6 5.3
2002.9205 -18.0669 27.6451 13.9 1.8 1.3 4.5
2002.9233 -16.2705 26.2017 2 1.7 1.3 4.5
2002.9260 -11.4971 26.6458 13.3 1.9 1.3 4.6
2002.9288 -5.85122 25.0915 4.1 1.9 1.3 4.7
2002.9315 -9.44408 31.5309 -1.9 2.2 1.6 5.1
2003.3699 -23.4049 86.932 21.8 2.6 1.7 6.7
2003.3726 -22.5323 87.7092 -42.3 2.3 1.6 6.2
2003.3753 -27.819 76.0516 -24 2.3 1.6 6.4
2003.3781 -29.1021 75.8296 -3.2 2.1 1.4 5.3
2003.3808 -16.9378 77.606 -11.9 2.2 1.5 5.5
2003.3890 -17.5023 82.38 1.2 2.4 1.7 5.5
2003.7397 -60.206 95.5919 21.7 1.9 1.3 4.8
2003.7425 -47.1691 104.252 -15.1 2.3 1.6 6.1
2003.7452 -42.601 100.477 33.3 2.4 1.6 5.8
2003.7479 -28.6402 92.4832 14.3 2.4 1.6 6.0
2003.7507 -35.3126 91.0399 23.6 2.6 1.6 6.2
2003.7534 -57.2804 94.5927 46.3 2.5 1.5 5.9
2004.4630 -35.9799 116.464 -18.3 2.8 1.5 6.9
2004.4658 -20.9412 112.801 -82.8 3.2 1.6 7.1
2004.4685 -25.5093 117.575 -61.8 2.8 1.6 6.7
2004.4712 -37.5197 122.682 -76.4 3.1 1.7 7.3
2004.4740 -49.5814 121.683 -49 2.9 1.7 7.1
2004.4767 -35.9286 126.346 -48.4 3.5 1.9 8.0
