2002.2301 0 0 0 1.5 0.9 3.0
2002.2329 -3.4597 2.11224 -5.6 1.5 0.9 3.1
2002.2356 -0.778434 -1.1117 -7.1 1.6 0.9 3.3
2002.2384 3.20022 -2.00107 -8.3 1.8 0.9 3.6
2002.2411 0.691938 -1.55638 6.2 1.5 0.9 3.0
2002.2438 2.76776 -2.77926 14 1.5 0.8 3.1
2002.2466 2.24881 0.333511 11.5 1.6 0.9 3.2
2002.2493 4.49761 -1.55638 4.9 1.6 0.9 3.4
2002.2521 1.81634 -3.55745 9 1.7 0.9 3.1
2002.2548 -5.18955 -4.78032 -6.3 1.9 1.0 3.5
2002.2575 5.53552 -4.00213 -2.9 1.8 1.0 3.5
2002.2603 -4.93007 -1.33404 -10.1 1.9 1.0 3.4
2002.2630 0.951417 -0.889363 -6.6 1.6 0.9 3.0
2002.2658 0 -3.44628 5.9 1.5 0.9 3.0
2002.2685 0.172983 -3.0016 -7 2.0 1.0 3.6
2002.2712 8.38977 -4.89149 19.2 1.5 0.9 3.2
2002.2740 0.951417 1.77873 -14.1 1.5 0.9 3.1
2002.2767 1.38388 1.8899 3.3 1.5 0.9 3.0
2002.2795 7.17888 -2.55692 2.9 1.4 0.9 3.0
2002.2822 3.20022 0.333511 2.2 1.5 0.9 2.9
2002.2849 6.83291 -3.22394 0.6 1.5 0.9 3.0
2002.2877 8.56276 -5.66969 -0.6 1.5 0.9 3.0
2002.2904 3.02724 -3.55745 6 1.6 0.9 3.0
2002.2932 3.71918 -1.8899 7.8 1.5 0.9 3.0
2002.2959 4.84358 -1.22287 4.1 1.6 0.9 3.2
2002.2986 1.1244 0.222341 5 1.5 0.9 3.0
2002.3014 -0.605446 -1.8899 7 1.5 0.9 3.3
2002.3041 0.605446 -4.66915 7.2 1.5 0.9 3.1
2002.3068 0.605446 -3.89096 0.2 1.5 0.9 3.1
2002.3096 1.81634 -2.22341 6 1.4 0.9 3.0
2002.3123 1.1244 -1.77872 5.6 1.5 0.9 3.0
2002.3151 2.3353 -1.8899 3.8 1.7 0.9 3.1
2002.3178 -0.951417 -2.44575 7.9 1.5 0.9 3.1
2002.3205 -2.50828 -1.77872 1.3 1.5 0.8 2.9
2002.3233 0.864926 -4.66915 20.2 1.5 0.8 2.9
2002.3260 -0.0864916 -2.00107 9 1.5 0.9 3.1
2002.3288 0.345971 -3.55745 6.7 1.8 0.9 3.2
2002.3315 0.345971 -3.66862 5.6 2.1 1.0 3.5
2002.3342 0.864926 -3.44628 0.3 1.5 0.8 3.0
2002.3370 1.2109 -0.333511 5.4 1.6 0.9 3.0
2002.3397 0.778434 -0.333511 1.5 1.4 0.8 2.9
2002.3425 -2.85425 1.1117 2.9 1.5 0.8 3.0
2002.3452 -2.3353 -0.11117 5.2 1.5 0.9 3.2
2002.3479 -2.07582 -0.222341 10.2 1.5 0.9 3.1
2002.3507 -1.1244 -2.00107 11.2 1.5 0.8 3.0
2002.3534 0.25948 -1.00053 -1.5 1.5 0.8 2.9
2002.3562 -1.72985 -2.11224 5.7 1.5 0.8 2.9
2002.3589 -6.22746 0.889363 -0.5 1.5 0.8 3.0
2002.3616 -1.90283 -6.0032 18.8 1.5 0.8 2.9
2002.3644 -1.03791 -1.55638 22.9 1.5 0.8 3.0
2002.3671 -5.10306 -1.00053 7.2 1.4 0.8 2.9
2002.3699 -2.3353 -0.444681 5 1.5 0.9 3.0
2002.3726 -0.951417 0.222341 6.3 1.5 0.8 2.9
2002.3753 1.2109 1.33404 13.3 1.5 0.8 3.0
2002.3781 1.03791 0.667022 7.2 1.5 0.9 3.0
2002.3808 -2.07582 -1.8899 7 1.5 0.8 2.9
2002.3836 2.42179 0 -3.6 1.5 0.8 3.0
2002.3863 -2.85425 0 1.8 1.5 0.8 2.9
2002.3890 -3.71918 -1.8899 6.7 1.5 0.8 2.9
2002.3918 -1.29739 -2.00107 4.3 1.5 0.8 3.0
2002.3945 -3.11373 0.555852 8.6 1.5 0.8 2.9
2002.3973 -7.35186 0 2 1.5 0.8 2.9
2002.4000 -0.345971 -4.1133 7.8 1.5 0.8 2.9
2002.4027 -3.97866 -5.11383 3.1 1.5 0.8 2.9
2002.4055 2.59478 1.8899 12.9 1.5 0.8 2.9
2002.4082 -3.89216 -0.667022 9.8 1.6 0.8 3.0
2002.4110 -0.172983 3.77979 -1.2 1.5 0.8 2.9
2002.4137 2.76776 -1.44521 17.1 1.6 0.9 3.1
2002.4164 -1.81634 0.778193 8.8 1.5 0.9 3.1
2002.4192 -5.795 1.44521 13.5 1.5 0.8 2.9
2002.4219 -2.42179 0.333511 13.6 1.5 0.8 2.9
2002.4247 2.16231 0.778193 14.6 1.5 0.8 3.0
2002.4274 10.2061 -3.33511 22.1 1.6 0.9 3.0
2002.4301 3.11373 2.89043 11.1 1.6 0.8 3.0
2002.4329 -3.80567 0 9.3 1.7 0.9 3.1
2002.4356 2.24881 -2.77926 13.5 1.6 0.8 3.0
2002.4384 -0.0864916 -0.555851 9.1 1.6 0.8 3.0
2002.4411 -5.96798 -1.55638 2.4 1.6 0.9 3.2
2002.4438 -0.951417 -0.555851 8.5 1.6 0.9 3.1
2002.4466 -0.25948 -0.11117 -0.5 1.6 0.9 3.1
2002.4493 0.778434 0.222341 19.6 1.7 0.9 3.3
2002.4521 2.07582 -1.55638 18.4 1.6 0.9 3.2
2002.4548 9.34119 -4.22447 20.5 1.7 0.9 3.2
2002.4575 -4.5841 2.66809 2 1.6 0.8 3.0
2002.4603 2.42179 1.8899 6.6 1.6 0.9 3.0
2002.4630 -0.605446 -1.00053 8.1 1.6 0.9 3.1
2002.4658 -0.432463 4.22447 -5.2 1.6 0.9 3.1
2002.4685 -1.03791 0.778193 3.2 1.6 0.9 3.1
2002.4712 2.3353 3.22394 3.3 1.6 0.9 3.1
2002.4740 -1.72985 1.55638 16 1.6 0.8 3.0
2002.4767 1.2109 -0.778192 12.4 1.6 0.8 2.9
2002.4795 -2.24881 -2.33458 4.2 1.6 0.8 3.0
2002.4822 -1.38388 1.55638 4.9 1.5 0.8 3.0
2002.4849 9.16821 0.889363 11.2 1.6 0.9 3.2
2002.4877 -1.2109 -1.00053 15.1 1.6 0.9 3.1
2002.4904 3.71918 2.11224 12 1.5 0.8 2.9
2002.4932 -1.98933 -0.667022 11.8 1.6 0.9 3.0
2002.4959 5.795 -1.8899 9.5 1.6 0.9 3.0
2002.4986 5.01657 -1.1117 10.4 1.6 0.9 3.0
2002.5014 4.75709 -0.11117 -1.3 1.6 0.8 2.9
2002.5041 -1.81634 -1.00053 23.8 1.5 0.8 3.0
2002.5068 -2.59478 -2.33458 3.5 1.6 0.9 3.1
2002.5096 2.3353 -4.44681 31.2 1.5 0.8 3.0
2002.5123 1.38388 0.444681 8.4 1.5 0.8 2.8
2002.5151 0.432463 -2.22341 5.1 1.5 0.8 2.9
2002.5178 -2.68127 -3.55745 8.4 1.5 0.8 2.8
2002.5205 2.85425 -1.44521 20.2 1.6 0.9 3.1
2002.5233 -6.05448 -1.22287 0.8 1.6 0.9 3.1
2002.5260 -1.03791 0 12.8 1.5 0.8 2.9
2002.5288 1.38388 -1.00053 11.5 1.6 0.8 3.0
2002.5315 -0.605446 -2.89043 10 1.5 0.8 2.9
2002.5342 -3.20022 -2.44575 16.6 1.5 0.8 2.9
2002.5370 0.518954 1.8899 7.9 1.7 0.9 3.1
2002.5397 -0.864926 -2.66809 1.2 1.5 0.8 2.8
2002.5425 3.80567 -0.889363 5.7 1.5 0.8 2.9
2002.5452 -2.3353 -0.667022 6.7 1.9 1.0 3.3
2002.5479 -0.864926 -1.66755 16.3 1.5 0.8 2.9
2002.5507 -3.37321 -2.89043 13.3 1.5 0.8 2.9
2002.5534 1.72985 -0.11117 13.5 1.5 0.8 3.0
2002.5562 -9.16821 -2.33458 16.2 1.5 0.8 2.9
2002.5589 3.20022 -2.00107 20.7 1.5 0.8 3.0
2002.5616 -2.16231 0.333511 16.5 2.9 1.5 4.1
2002.5644 -3.89216 5.11384 7.3 1.6 0.9 3.1
2002.5671 -3.37321 0.444681 2.1 2.0 1.2 3.5
2002.5699 0.345971 -2.00107 7.1 2.4 1.2 3.8
2002.5726 -3.80567 -1.33404 9.2 1.5 0.9 3.0
2002.5753 3.02724 0.222341 17.4 1.6 0.9 3.0
2002.5781 1.38388 -1.33404 9.9 1.5 0.9 2.9
2002.5808 -0.25948 1.77873 8.2 1.5 0.9 3.0
2002.5836 0.172983 0.111171 5.8 1.5 0.9 2.9
2002.5863 -0.864926 2.55692 7.1 1.6 0.9 3.1
2002.5890 -11.5035 -2.44575 21.7 2.3 1.2 3.6
2002.5918 -15.6551 2.89043 23.1 3.4 1.6 4.6
2002.5945 -10.2926 -4.89149 25 2.9 1.3 4.4
2002.5973 2.24881 0.778193 14.8 3.0 1.1 3.7
2002.6000 -4.5841 -0.333511 11 3.1 1.6 4.8
2002.6027 -5.53552 -0.333511 2.5 3.9 1.4 4.2
2002.6055 3.11373 1.44521 10.8 2.2 1.2 3.5
2002.6082 2.16231 2.00107 5.6 2.5 1.4 3.7
2002.6110 -2.16231 -1.44521 12.8 2.0 1.1 3.4
2002.6137 -0.0864916 6.44788 14.2 2.0 1.2 3.5
2002.6164 -4.93007 -0.222341 4.9 1.5 1.0 3.2
2002.6192 0.345971 -0.11117 14.8 1.6 0.9 3.1
2002.6219 -3.11373 -1.55638 19.2 1.5 0.9 3.1
2002.6247 3.54619 -1.44521 9.6 1.7 0.9 3.1
2002.6274 -2.85425 0.444681 20.2 1.8 1.2 3.7
2002.6301 0.518954 -2.89043 20.1 1.6 1.0 3.2
2002.6329 -4.49761 -1.33404 17.8 2.0 1.0 3.2
2002.6356 -11.417 -2.66809 13 1.9 1.0 3.4
2002.6411 -1.1244 3.89096 4.3 2.3 1.6 5.2
2002.6438 1.47037 -2.44575 15.5 1.5 0.9 3.0
2002.6466 0.345971 -0.333511 4.5 1.5 0.9 3.0
2002.6493 -1.1244 0.889363 1.2 2.0 1.0 3.6
2002.6521 -11.59 4.78032 0.1 3.4 1.4 4.2
2002.6548 -6.40045 4.89149 6.4 1.6 1.0 3.2
2002.6575 -1.98933 1.55638 14.4 1.7 1.0 3.2
2002.6603 -0.25948 1.00053 -4.9 2.1 1.1 3.5
2002.6630 -3.80567 1.55638 -4.1 1.7 1.0 3.3
2002.6658 5.53552 0.778193 0.2 2.4 1.1 4.0
2002.6685 -9.86014 3.66862 -10 4.4 2.0 5.6
2002.6712 -5.36254 3.33511 -12.5 3.5 1.5 4.5
2002.6740 -0.778434 2.77926 -12.6 5.2 1.9 5.8
2002.6767 -18.5094 6.55905 -27 2.1 1.1 3.6
2002.6795 1.1244 1.44521 3.3 4.0 1.7 4.9
2002.6822 -6.40045 1.55638 3.5 2.3 1.2 3.6
2002.6849 -8.1303 1.1117 0.8 1.4 0.9 3.0
2002.6877 -4.06515 2.11224 -0.5 1.5 0.9 3.0
2002.6904 0.0864916 2.00107 3.2 1.7 0.9 3.2
2002.6932 5.7085 1.44521 8.1 1.7 0.9 3.1
2002.6959 -8.21679 2.11224 -5.1 1.4 0.8 2.8
2002.6986 -3.37321 1.77873 0.9 1.4 0.8 2.8
2002.7014 -1.72985 0.333511 -1.1 1.7 1.0 3.4
2002.7041 -5.88149 5.55852 -8 1.5 0.9 3.0
2002.7068 -0.25948 1.66756 2.9 1.4 0.9 3.0
2002.7096 -4.93007 -0.555851 4.5 1.4 0.9 3.0
2002.7123 -3.28671 -1.22287 -2.4 1.4 0.8 2.8
2002.7151 -4.49761 -0.444681 3.7 1.4 0.8 2.9
2002.7178 -1.98933 0.333511 -9.5 1.4 0.8 2.9
2002.7205 -2.76776 -1.66755 1.1 2.1 1.3 4.2
2002.7233 -8.73574 2.00107 -0.7 6.2 2.9 6.4
2002.7260 -2.16231 1.66756 8.1 4.0 1.8 4.7
2002.7288 -4.49761 2.11224 15.3 2.5 1.6 4.2
2002.7315 -2.16231 -0.444681 7.6 2.3 1.5 4.5
2002.7342 -0.605446 3.0016 -8.6 4.0 2.0 5.4
2002.7370 27.6776 5.55852 -14.8 3.5 1.6 4.3
2002.7397 0.172983 -1.66755 -5.5 2.2 1.3 4.1
2002.7425 8.56276 -11.0059 7.8 2.8 1.7 5.6
2002.7452 -1.2109 1.33404 -3.3 2.7 1.3 4.2
2002.7479 8.30328 -1.66755 -3.8 3.4 1.5 4.4
2002.7507 -7.52485 3.44628 3.9 2.9 1.4 3.9
2002.7534 -14.2713 4.55798 -11.7 2.5 1.2 3.7
2002.7562 -6.31395 1.66756 -9.9 3.1 1.6 4.7
2002.7589 -9.60067 2.77926 -2.4 2.8 1.4 4.0
2002.7616 -2.68127 -2.22341 24.7 2.3 1.4 4.3
2002.7644 0.172983 -2.00107 5.9 4.5 1.8 4.9
2002.7671 -12.8009 1.1117 -12.7 2.1 1.2 3.5
2002.7699 -16.1741 2.89043 -1.6 4.2 1.9 4.8
2002.7726 -4.06515 0.778193 -12.2 2.6 1.6 4.4
2002.7753 -3.89216 -0.333511 3.6 1.5 0.9 3.1
2002.7781 -6.05448 0 -2.3 1.6 1.0 3.3
2002.7808 -6.22746 -0.222341 4 2.2 1.2 3.9
2002.7836 -7.78433 0.222341 -2.8 1.8 1.0 3.2
2002.7863 -7.00589 -7.33724 -2.8 2.6 1.6 4.8
2002.7890 -3.97866 1.55638 2.4 2.0 1.1 3.7
2002.7918 -0.691943 3.55745 0.8 2.1 1.2 3.6
2002.7945 -15.8281 -4.66915 -10.9 2.1 1.0 3.3
2002.7973 -10.7251 -1.00053 -1.6 1.5 0.9 3.0
2002.8000 -7.52485 -0.333511 -7.8 2.0 1.2 3.7
2002.8027 -7.69783 1.00053 -4.1 2.0 1.1 3.3
2002.8055 -8.47626 -1.66755 -7.1 2.0 1.0 3.3
2002.8082 -9.51418 0.667022 -5.7 1.7 1.0 3.1
2002.8110 -11.244 -1.22287 -1.3 1.6 0.9 3.2
2002.8137 3.54619 -4.44681 13.1 2.3 1.5 4.4
2002.8164 -8.99522 -0.333511 -20.9 4.9 1.6 5.8
2002.8192 -11.59 -0.11117 -1 1.6 0.9 3.3
2002.8219 -10.3791 -0.333511 -10.4 1.6 1.0 3.4
2002.8247 -18.9419 0.333511 0 1.7 1.0 3.6
2002.8274 -13.4928 -0.333511 -4.7 1.6 1.0 3.3
2002.8301 -5.62201 -0.222341 3.2 1.5 1.0 3.2
2002.8329 -10.2061 -1.00053 -4.7 1.6 0.9 3.3
2002.8356 -11.5035 -1.22287 4.3 1.6 0.9 3.2
2002.8384 -11.417 -2.89043 -6.4 1.6 1.0 3.4
2002.8411 -10.2926 -3.33511 -0.9 1.6 1.0 3.5
2002.8438 -14.2713 -1.44521 -2 1.6 0.9 3.3
2002.8466 -9.68716 0.333511 0.6 1.6 0.9 3.3
2002.8493 -3.4597 -0.444681 -2.4 1.6 1.0 3.5
2002.8521 -11.244 -0.555851 -4 1.6 1.0 3.5
2002.8548 -11.5035 -1.66755 -9.6 1.8 1.0 3.6
2002.8575 -13.0604 -4.1133 -1.6 1.7 1.0 3.6
2002.8603 -9.42768 -3.55745 2.6 1.6 0.9 3.3
2002.8630 -16.5201 -1.55638 1.2 1.7 1.0 3.6
2002.8658 -5.7085 0.111171 3.9 1.7 1.0 3.7
2002.8685 -3.71918 -2.33458 -6 1.6 1.0 3.5
2002.8712 -12.4549 -1.44521 -4.4 1.6 0.9 3.3
2002.8740 -12.8874 3.66862 2.8 1.6 0.9 3.4
2002.8767 -16.6931 3.22394 -4.9 1.7 1.0 3.6
2002.8795 -9.42768 0.778193 -1 1.7 1.0 3.5
2002.8822 -14.8767 1.22287 -12.9 1.6 0.9 3.1
2002.8849 -10.1196 3.11277 -2.3 1.6 0.9 3.3
2002.8877 -14.7037 -0.444681 7.3 1.8 1.0 3.4
2002.8904 -7.00589 1.55638 -0.7 1.7 1.0 3.5
2002.8932 -7.52485 0.555852 -2.9 1.7 1.0 3.5
2002.8959 -13.9253 0.778193 9.7 1.7 1.0 3.4
2002.8986 -7.43836 2.00107 3 1.6 0.9 3.3
2002.9014 -9.94664 3.22394 -3.2 1.7 1.0 3.5
2002.9041 -10.4656 4.00213 2.1 1.7 1.0 3.5
2002.9068 -9.16821 2.00107 -7.5 1.7 1.0 3.4
2002.9096 -10.9845 0.111171 -7.2 1.6 1.0 3.5
2002.9123 -6.9194 -0.333511 -4.3 1.7 1.0 3.5
2002.9151 -12.7144 0.889363 9.3 1.6 0.9 3.4
2002.9178 -6.57343 -1.22287 17 1.6 1.0 3.4
2002.9205 -17.1255 1.22287 4.7 1.7 1.0 3.6
2002.9233 -16.3471 0.444681 0.3 1.7 1.0 3.5
2002.9260 -10.2061 -1.00053 -9.7 1.8 1.0 3.7
2002.9288 -14.3578 -0.555851 -1.1 1.7 0.9 3.4
2002.9315 -12.2819 -0.778192 -9.4 1.6 1.0 3.2
2002.9342 -11.417 -6.33671 -4.7 1.6 0.9 3.4
2002.9370 -12.0225 1.00053 -4.1 1.7 1.0 3.6
2002.9397 -6.40045 -2.77926 -6.6 1.7 0.9 3.4
2002.9425 -8.47626 -2.11224 -10.9 1.7 1.0 3.6
2002.9452 -11.8495 -1.44521 -3.9 1.6 1.0 3.5
2002.9479 -4.49761 1.55638 -3.8 1.7 0.9 3.4
2002.9507 -3.20022 -2.00107 3.2 1.6 0.9 3.4
2002.9534 -5.795 0.222341 -0.6 1.7 1.0 3.5
2002.9562 -9.34119 1.77873 8 1.7 1.0 3.7
2002.9589 -5.44903 2.00107 -2.7 1.8 1.0 3.9
2002.9616 -5.62201 -2.44575 -2.4 1.7 0.9 3.5
2002.9644 -2.24881 -3.89096 7 1.8 1.0 3.5
2002.9671 -5.01657 -1.33404 5 1.8 1.0 3.7
2002.9699 -8.56276 0.333511 7.1 1.7 1.0 3.8
2002.9726 -7.26537 -3.22394 9.2 1.6 0.9 3.3
2002.9753 -7.78433 -1.00053 6.2 1.7 1.0 3.5
2002.9781 -11.6765 3.11277 -1.4 1.7 1.0 3.4
2002.9808 -6.05448 -2.00107 -1.7 1.7 1.0 3.7
2002.9836 5.7085 3.89096 15.1 1.9 1.0 3.5
2002.9863 -10.8116 -1.44521 0.6 1.7 1.0 3.5
2002.9890 -7.95731 -3.55745 0.4 1.7 1.0 3.8
2002.9918 -9.94664 -1.55638 -5.6 1.7 1.0 3.7
2002.9945 -5.10306 -1.22287 -1.2 1.7 1.0 3.6
2002.9973 -5.36254 -0.222341 -3.1 1.7 1.0 3.6
2003.0000 -4.41112 -1.22287 6.4 1.7 1.0 3.4
2003.0027 -2.24881 0.889363 5.9 1.7 1.0 3.7
2003.0055 -3.71918 -3.55745 13.4 1.7 1.0 3.6
2003.0082 9.34119 -2.33458 12.9 1.7 1.0 3.5
2003.0110 3.71918 1.8899 17.6 1.7 1.0 3.6
2003.0137 -2.68127 -3.11277 9.3 1.7 1.0 3.5
2003.0164 -15.6551 3.22394 -1.8 1.7 1.0 3.4
2003.0192 -7.95731 -0.667022 5 1.7 1.0 3.7
2003.0219 -4.23813 -0.667022 1.5 1.8 1.0 3.6
2003.0247 -8.30328 -1.1117 9 1.7 1.0 3.6
2003.0274 -1.1244 -0.11117 12.7 1.7 1.0 3.5
2003.0301 -7.43836 2.11224 -2.4 1.6 1.0 3.6
2003.0329 -5.44903 1.22287 4.9 1.7 1.0 3.6
2003.0356 -14.0118 0.222341 -3.5 1.7 1.0 3.7
2003.0384 -11.3305 0.555852 1.6 1.7 1.0 3.7
2003.0411 -7.87082 1.00053 3.4 1.7 1.0 3.5
2003.0438 -12.9739 2.77926 -2.1 1.7 1.0 3.6
2003.0466 -11.417 1.66756 1.6 1.7 1.0 3.6
2003.0493 1.38388 1.33404 3 1.7 1.0 3.7
2003.0521 -14.9632 2.44575 -2.7 1.7 1.0 3.5
2003.0548 -4.23813 2.44575 1.6 1.6 1.0 3.5
2003.0575 -7.00589 1.77873 2.2 1.7 1.0 3.7
2003.0603 -4.32462 2.55692 -1.8 1.6 1.0 3.5
2003.0630 -12.3684 4.33564 -2.3 1.9 1.1 3.7
2003.0658 -12.8009 3.0016 -6.1 1.8 1.0 3.8
2003.0685 0.951417 -4.00213 1.2 1.7 1.0 3.8
2003.0712 -5.44903 3.0016 0.3 1.7 1.0 3.7
2003.0740 -16.6931 5.89203 -11.8 1.7 1.1 3.7
2003.0767 -23.007 8.00426 -16.7 1.7 1.1 3.8
2003.0795 -4.5841 1.66756 -3.3 1.7 1.0 3.7
2003.0822 -18.7689 7.00373 -15.7 1.7 1.0 3.8
2003.0849 -11.5035 6.33671 -0.6 1.7 1.0 3.5
2003.0877 -8.21679 0.222341 -5.5 1.7 1.0 3.6
2003.0904 -7.17888 0.444681 0.5 1.7 1.0 3.5
2003.0932 -1.72985 2.55692 2.2 1.8 1.0 3.6
2003.0959 -5.18955 1.00053 10.4 1.7 1.0 3.7
2003.0986 -8.47626 3.66862 2.8 1.7 1.0 3.6
2003.1014 -9.68716 4.89149 10.2 1.7 1.0 3.7
2003.1041 0 -1.00053 20.3 1.5 0.9 3.1
2003.1068 -7.95731 -4.1133 11.9 1.5 0.9 3.2
2003.1123 -7.09238 -2.44575 4 2.9 2.1 6.7
2003.1151 -10.7251 4.00213 -5.2 1.7 1.0 3.8
2003.1178 -11.3305 4.00213 -5.8 1.7 1.0 3.7
2003.1205 -8.21679 4.78032 3 1.8 1.0 3.8
2003.1233 -11.936 4.33564 -5.4 1.7 1.0 3.7
2003.1260 -9.60067 0.333511 0 1.6 0.9 3.5
2003.1288 -10.5521 2.11224 -11.9 1.6 0.9 3.5
2003.1315 -21.7096 1.55638 -11.6 1.7 1.0 3.6
2003.1342 -21.1042 2.66809 -12.1 1.7 1.0 3.6
2003.1370 -6.40045 2.33458 5.4 1.7 1.0 3.6
2003.1397 -16.2606 4.89149 -7.9 1.6 0.9 3.4
2003.1425 -10.2061 3.77979 -5.3 1.6 0.9 3.4
2003.1452 -6.05448 2.33458 10 1.6 1.0 3.6
2003.1479 -4.32462 2.11224 -1.1 1.7 1.0 3.5
2003.1507 -7.00589 2.77926 -2.2 1.7 1.0 3.5
2003.1534 -10.2926 4.22447 -6.5 1.6 0.9 3.4
2003.1562 -8.1303 4.1133 -5.4 1.6 0.9 3.3
2003.1589 -11.1575 6.78139 -13.2 1.8 1.0 3.5
2003.1616 -8.90873 -1.55638 -15.3 1.5 0.9 3.1
2003.1644 -8.30328 2.22341 -5.7 1.7 1.0 3.7
2003.1671 -12.3684 -0.222341 -6.6 1.7 1.0 3.6
2003.1699 -8.99522 2.33458 -3.6 1.7 0.9 3.5
2003.1726 -9.16821 2.00107 -6.3 1.6 0.9 3.5
2003.1753 -7.35186 1.77873 -8.2 1.7 1.0 3.4
2003.1781 -8.64925 3.11277 0.6 1.6 1.0 3.5
2003.1808 -10.0331 3.11277 -2.4 1.6 0.9 3.5
2003.1836 -11.936 2.89043 -5.2 1.7 1.0 3.6
2003.1863 -9.42768 2.55692 6.8 1.6 0.9 3.3
2003.1890 -10.8116 2.44575 -6.8 1.7 1.0 3.5
2003.1918 -9.86014 2.44575 -9.2 1.6 0.9 3.4
2003.1945 -8.56276 -0.778192 -12.9 1.7 1.0 3.6
2003.1973 -8.56276 2.77926 -10.2 1.9 1.0 3.8
2003.2000 -10.3791 4.33564 -11.7 1.7 1.0 3.6
2003.2027 -11.59 5.00266 -11.4 1.7 1.0 3.5
2003.2055 -8.47626 0.778193 -1 1.8 0.9 3.7
2003.2082 -12.109 4.55798 -5.7 1.7 1.0 3.6
2003.2110 -11.936 4.1133 -0.4 1.7 1.0 3.6
2003.2137 -4.93007 3.55745 -1.2 1.7 1.0 3.4
2003.2164 -10.9845 3.44628 -0.2 1.7 1.0 3.5
2003.2192 -0.951417 1.8899 -2.1 1.7 0.9 3.5
2003.2219 -15.5687 2.22341 -20.7 1.7 1.0 3.7
2003.2247 -4.41112 -0.333511 1.6 1.6 0.9 3.4
2003.2274 -4.15164 2.33458 1.6 1.7 1.0 3.5
2003.2301 -10.7251 1.44521 -11.1 1.9 1.0 3.8
2003.2329 -13.7523 2.44575 -8 1.7 0.9 3.5
2003.2356 -10.8116 2.89043 -10 1.8 1.0 3.6
2003.2384 -19.4608 2.66809 -8.6 1.7 1.0 3.4
2003.2411 -16.2606 3.33511 -5.5 1.8 1.0 3.6
2003.2438 -10.7251 1.44521 -2.9 1.8 0.9 3.5
2003.2466 -16.6066 3.0016 -15.4 1.7 0.9 3.4
2003.2493 -12.9739 1.00053 -10.6 1.7 0.9 3.5
2003.2521 -13.3198 2.44575 -11.1 1.8 0.9 3.4
2003.2548 -17.385 6.22554 -6.2 1.8 1.0 3.5
2003.2575 -12.9739 4.22447 -7.9 1.8 1.0 3.5
2003.2603 -7.87082 2.77926 -1.1 1.8 0.9 3.5
2003.2630 -12.5414 1.33404 -6.2 1.8 0.9 3.6
2003.2658 -3.54619 1.66756 1.9 1.7 0.9 3.4
2003.2685 -9.08171 3.66862 -10 1.7 0.9 3.5
2003.2712 -10.3791 2.22341 -7 1.7 1.0 3.4
2003.2740 -11.244 1.44521 -3.5 1.7 1.0 3.6
2003.2767 -13.5793 0.111171 -7.9 1.7 0.9 3.4
2003.2795 -11.5035 0.667022 -0.3 1.7 0.9 3.3
2003.2822 -12.1954 3.66862 -0.7 1.7 0.9 3.3
2003.2849 -16.6931 2.89043 -8.8 1.8 0.9 3.3
2003.2877 -15.7416 1.00053 -7.7 1.8 0.9 3.5
2003.2904 -14.3578 3.55745 3.9 1.7 0.9 3.3
2003.2932 -15.2227 1.66756 -5.4 1.8 0.9 3.4
2003.2959 -11.6765 3.77979 -4 1.7 0.9 3.4
2003.2986 -13.7523 2.22341 -4.5 1.7 0.9 3.2
2003.3014 -15.1362 0.667022 -5.1 1.7 0.9 3.3
2003.3041 -13.4928 1.1117 -3.9 1.7 0.9 3.3
2003.3068 -15.2227 0.778193 2.6 1.8 1.0 3.7
2003.3096 -13.2334 0.667022 3.3 1.7 0.9 3.3
2003.3123 -13.4063 1.22287 -3.2 1.8 0.9 3.4
2003.3151 -9.2547 1.8899 3.3 1.8 0.9 3.2
2003.3178 -8.38977 1.44521 -3.4 1.8 0.9 3.5
2003.3205 -14.0983 2.55692 1.9 1.7 0.9 3.3
2003.3233 -13.6658 2.89043 -4.1 1.9 0.9 3.5
2003.3260 -16.4336 2.44575 -2.9 1.7 0.9 3.2
2003.3288 -15.3092 3.77979 -1.2 1.9 0.9 3.4
2003.3315 -13.4063 1.44521 7.6 2.0 1.0 3.7
2003.3342 -13.8388 3.89096 6.4 1.8 0.9 3.2
2003.3370 -16.4336 4.55798 8.2 1.8 0.9 3.4
2003.3397 -10.3791 -1.8899 19.3 1.7 0.9 3.2
2003.3425 -7.61134 1.77873 6.9 1.8 0.9 3.1
2003.3452 -14.8767 3.0016 5 1.7 0.9 3.3
2003.3479 -15.3092 1.77873 5.7 1.7 0.9 3.2
2003.3507 -14.5307 5.55852 -12.6 1.8 1.0 3.6
2003.3534 -12.2819 4.00213 0.5 1.7 1.0 3.5
2003.3562 -14.7902 1.22287 9.2 1.7 0.9 3.1
2003.3589 -19.2013 0.333511 -1.5 1.7 0.9 3.3
2003.3616 -14.7902 0.222341 8.4 1.7 0.9 3.3
2003.3644 -16.6931 1.55638 -9.4 1.7 0.9 3.2
2003.3671 -13.3198 0.444681 -2 1.8 0.9 3.3
2003.3699 -14.8767 0.667022 2 1.7 0.9 3.3
2003.3726 -13.2334 2.22341 -5.9 1.7 0.9 3.1
2003.3753 -11.936 3.77979 3.5 1.7 0.9 3.3
2003.3781 -12.109 2.77926 5.4 1.7 0.9 3.3
2003.3808 -13.2334 2.77926 -3.1 1.7 0.9 3.3
2003.3836 -14.0983 -1.22287 -5.4 1.7 0.9 3.2
2003.3863 -18.2499 2.66809 -10.7 1.7 0.9 3.2
2003.3890 -14.5307 4.89149 -4.3 1.7 0.9 3.3
2003.3918 -12.9739 3.66862 -5.1 1.7 0.9 3.3
2003.3945 -13.4928 2.22341 -8.6 1.7 0.9 3.2
2003.3973 -18.6824 3.22394 -6.2 1.7 0.9 3.4
2003.4000 -9.51418 4.66915 -5.9 1.7 0.9 3.3
2003.4027 -14.9632 4.33564 -5.9 1.8 0.9 3.4
2003.4055 -14.3578 0.333511 4.6 1.8 0.9 3.2
2003.4082 -14.9632 2.66809 -3.2 2.0 1.0 3.8
2003.4110 -12.0225 3.33511 5 1.9 0.9 3.5
2003.4137 -12.109 1.44521 -1.4 1.8 0.9 3.2
2003.4164 -13.7523 1.44521 -6.3 1.7 0.9 3.3
2003.4192 -14.9632 1.1117 -0.6 1.9 1.0 3.4
2003.4219 -12.9739 1.44521 1.8 1.9 0.9 3.3
2003.4247 -3.63269 -2.00107 19.6 1.9 0.9 3.3
2003.4274 -10.8981 3.22394 -4.1 1.9 0.9 3.3
2003.4301 -12.3684 2.11224 -0.7 1.9 0.9 3.4
2003.4329 -9.16821 2.11224 -0.7 1.9 0.9 3.5
2003.4356 -16.5201 1.44521 -3.2 2.0 0.9 3.4
2003.4384 -13.4928 1.44521 1 1.9 0.9 3.3
2003.4411 -12.8874 3.89096 6.1 1.8 0.9 3.2
2003.4438 -9.2547 0.555852 0.5 1.8 0.9 3.2
2003.4466 -9.16821 4.66915 -1 2.1 1.0 3.5
2003.4493 -5.62201 0.333511 3.9 2.0 1.0 3.5
2003.4521 -13.8388 2.00107 -0.4 1.7 0.9 3.3
2003.4548 -11.59 2.77926 3.5 1.8 0.9 3.3
2003.4575 -11.244 4.33564 4.8 1.7 0.9 3.2
2003.4603 -6.9194 1.33404 -6.9 1.9 1.0 3.5
2003.4630 -8.38977 1.8899 5.8 2.0 0.9 3.3
2003.4658 -11.59 1.00053 8.2 1.7 0.9 3.3
2003.4685 -11.8495 3.77979 -10.4 1.9 0.9 3.3
2003.4712 -9.94664 0.889363 -6.6 1.8 0.9 3.3
2003.4740 -12.8009 1.66756 -7.7 1.7 0.9 3.2
2003.4767 -8.64925 1.00053 -5.5 1.7 0.9 3.2
2003.4795 -12.109 2.66809 0.6 1.7 0.9 3.1
2003.4822 -15.4822 -1.44521 -1.6 1.8 0.9 3.3
2003.4849 -18.3364 0.555852 1 1.8 0.9 3.4
2003.4877 -13.8388 1.44521 12.3 1.7 0.9 3.4
2003.4904 -16.866 4.22447 -2.7 1.7 0.9 3.3
2003.4932 -9.60067 -0.444681 -2.5 1.8 0.9 3.4
2003.4959 -13.5793 2.66809 6 1.8 0.9 3.4
2003.4986 -5.62201 0.333511 13.9 1.8 0.9 3.3
2003.5014 -14.0983 1.8899 -1.2 1.7 0.9 3.2
2003.5041 -9.51418 -0.444681 14.4 1.8 0.9 3.6
2003.5068 -10.2926 1.44521 0.9 1.9 1.0 3.6
2003.5096 -14.5307 3.22394 -1.3 1.8 0.9 3.4
2003.5123 -6.22746 1.44521 10.5 1.8 0.9 3.4
2003.5151 -14.7037 3.0016 7 1.8 0.9 3.3
2003.5178 -10.2061 1.1117 10.3 1.7 0.9 3.4
2003.5205 -7.69783 1.66756 14.8 1.7 0.9 3.3
2003.5233 -11.417 2.66809 -1.1 1.7 0.9 3.4
2003.5260 -8.90873 3.22394 5.2 1.8 0.9 3.5
2003.5288 -14.1848 2.33458 -1.2 1.7 0.9 3.3
2003.5315 -17.9904 2.00107 -2.8 1.6 0.9 3.2
2003.5342 -16.3471 2.00107 -8.7 1.8 0.9 3.5
2003.5370 -12.109 -0.222341 2.7 1.7 0.9 3.4
2003.5397 -18.2499 2.89043 -6.2 1.7 0.9 3.4
2003.5425 -14.0983 4.1133 -6.8 1.9 0.9 3.7
2003.5452 -14.3578 1.1117 -3.6 1.7 0.9 3.3
2003.5479 -17.212 1.33404 -1.2 1.7 0.9 3.4
2003.5507 -12.8874 1.33404 5.5 1.7 0.9 3.3
2003.5534 -17.558 2.11224 6.6 1.7 1.0 3.4
2003.5562 -19.8933 3.22394 -1.8 1.7 0.9 3.4
2003.5589 -14.8767 3.0016 -3.3 1.7 0.9 3.3
2003.5616 -11.3305 7.22607 1.6 1.6 0.9 3.4
2003.5644 -20.4987 2.44575 -7.1 1.7 0.9 3.4
2003.5671 -19.6338 -0.667022 -2.8 1.6 0.9 3.5
2003.5699 -21.4501 4.1133 -1.4 1.7 0.9 3.5
2003.5726 -22.7475 3.44628 10.7 1.7 0.9 3.5
2003.5753 -14.6172 2.66809 7.3 1.7 1.0 3.6
2003.5781 -15.1362 7.44841 -12.9 1.7 0.9 3.5
2003.5808 -19.1148 6.33671 -7.5 1.7 0.9 3.6
2003.5836 -17.039 4.89149 6.5 1.7 0.9 3.5
2003.5863 -15.3957 3.77979 -0.1 1.7 0.9 3.3
2003.5890 -17.904 4.33564 -9.2 1.7 0.9 3.5
2003.5918 -18.6824 2.77926 -9 1.7 0.9 3.4
2003.5945 -13.9253 2.00107 1.1 1.7 0.9 3.4
2003.5973 -14.5307 4.89149 4.5 1.6 0.9 3.3
2003.6000 -14.8767 4.89149 -3.3 1.7 0.9 3.3
2003.6027 -17.731 0.778193 4.2 1.6 0.9 3.3
2003.6055 -12.7144 2.44575 6.8 1.7 0.9 3.4
2003.6082 -13.6658 3.66862 -5.1 1.7 0.9 3.3
2003.6110 -3.80567 4.33564 -10.7 1.7 0.9 3.4
2003.6137 0.691938 1.77873 -19.8 1.7 0.9 3.4
2003.6164 -8.82224 4.89149 -9 1.7 0.9 3.4
2003.6192 -18.7689 3.0016 -6.6 1.7 0.9 3.5
2003.6219 -12.6279 7.44841 -13.8 1.7 0.9 3.4
2003.6247 -19.7203 3.0016 2.6 1.7 0.9 3.5
2003.6274 -9.2547 6.11437 -5.1 1.7 0.9 3.4
2003.6301 -14.5307 3.44628 -3.4 1.7 0.9 3.5
2003.6329 -12.1954 4.1133 -2.4 1.7 0.9 3.4
2003.6356 -8.56276 4.66915 -13.4 1.6 0.9 3.4
2003.6384 -16.6066 4.89149 2.6 1.7 0.9 3.4
2003.6411 -16.2606 4.44681 -9.9 1.7 0.9 3.4
2003.6438 -12.7144 6.55905 -15.7 1.6 0.9 3.4
2003.6466 -15.6551 4.00213 -19 1.7 0.9 3.4
2003.6493 -16.0011 3.55745 -8 1.7 0.9 3.4
2003.6521 -17.385 0.222341 -4 1.7 0.9 3.3
2003.6548 -17.1255 2.33458 4 1.6 0.9 3.4
2003.6575 -18.6824 4.33564 -14.8 1.7 0.9 3.7
2003.6603 -7.87082 4.22447 -3.5 1.6 0.9 3.4
2003.6630 -15.6551 4.66915 -9.6 1.8 0.9 3.5
2003.6658 -18.6824 2.44575 -13.1 1.6 0.9 3.4
2003.6685 -15.9146 3.77979 -10.9 1.7 0.9 3.6
2003.6712 -17.2985 3.55745 -1.9 1.6 0.9 3.5
2003.6740 -17.731 2.55692 0 1.6 0.9 3.5
2003.6767 -14.3578 3.11277 12.9 1.7 1.0 3.5
2003.6795 -18.5094 3.44628 -14.3 1.6 0.9 3.6
2003.6822 -17.2985 3.77979 -7.5 1.7 0.9 3.4
2003.6849 -18.5094 4.78032 -12.3 1.6 0.9 3.5
2003.6877 -12.8874 1.66756 -12.8 1.6 0.9 3.5
2003.6904 -16.0876 3.55745 -12.4 1.6 0.9 3.5
2003.6932 -12.8874 2.11224 -6.4 1.6 0.9 3.5
2003.6959 -15.4822 3.33511 -8.4 1.6 0.9 3.5
2003.6986 -16.866 5.11384 -8.8 1.6 0.9 3.4
2003.7014 -18.5959 2.44575 -8.1 1.6 0.9 3.5
2003.7041 -16.7795 5.00266 2.2 1.6 0.9 3.5
2003.7068 -13.8388 2.89043 10 1.6 0.9 3.6
2003.7096 -16.0876 2.66809 -11.5 1.6 0.9 3.6
2003.7123 -21.6231 2.55692 -9.6 1.6 0.9 3.5
2003.7151 -11.59 3.55745 -3.7 1.6 0.9 3.5
2003.7178 -15.5687 3.77979 -4.6 1.7 0.9 3.4
2003.7205 -15.4822 5.78086 -7.1 1.6 1.0 3.5
2003.7233 -21.7961 4.66915 -13.3 1.8 0.9 3.4
2003.7260 -17.8175 1.44521 0.3 1.7 0.9 3.6
2003.7288 -20.3257 2.55692 6.4 1.8 1.0 3.6
2003.7315 -19.8933 1.8899 -7.5 1.7 1.0 3.5
2003.7342 -21.5366 0.222341 -5.1 1.7 1.0 3.7
2003.7370 -19.2878 1.55638 -11.7 1.8 1.0 3.5
2003.7397 -23.6125 1.00053 -9.7 1.8 0.9 3.5
2003.7425 -15.3092 3.11277 6.9 1.8 0.9 3.6
2003.7452 -19.8933 2.33458 -7.3 1.8 1.0 3.6
2003.7479 -20.1528 5.33618 -14.6 1.7 1.0 3.7
2003.7507 -22.3151 3.11277 -15.1 1.8 1.0 3.7
2003.7534 -22.2286 3.77979 -3.4 1.7 0.9 3.5
2003.7562 -21.7096 2.11224 -13.7 1.8 0.9 3.5
2003.7589 -22.661 3.22394 -6.4 1.8 0.9 3.5
2003.7616 -18.8554 1.22287 -3.3 1.8 1.0 3.6
2003.7644 -20.3257 2.11224 -11.6 1.8 1.0 3.7
2003.7671 -19.9798 1.77873 -12.9 1.8 1.1 3.9
2003.7699 -18.9419 5.55852 -13.4 1.8 1.0 3.6
2003.7726 -22.3151 3.66862 -6.5 1.8 1.0 3.7
2003.7753 -23.353 0.222341 -14.8 1.8 1.0 3.7
2003.7781 -24.9098 -0.444681 -11.9 1.8 1.0 3.7
2003.7808 -19.7203 -4.66915 0 1.8 1.0 3.7
2003.7836 -21.9691 -0.778192 4.7 1.8 1.0 3.7
2003.7863 -22.4016 2.66809 -8.6 1.8 1.0 3.8
2003.7890 -19.8933 0.444681 -12.8 1.7 1.0 3.6
2003.7918 -19.6338 -0.778192 -7.4 1.7 0.9 3.5
2003.7945 -19.8933 0.889363 -8.3 1.7 1.0 3.5
2003.7973 -22.5745 4.33564 -8.3 1.7 1.0 3.6
2003.8000 -23.9584 3.89096 -12.3 1.7 1.0 3.6
2003.8027 -19.5473 2.77926 -7.4 1.7 1.0 3.7
2003.8055 -22.0556 1.8899 0.6 1.7 0.9 3.8
2003.8082 -24.6504 2.77926 3.8 1.8 1.0 3.7
2003.8110 -19.6338 2.66809 -4.6 1.7 0.9 3.5
2003.8137 -23.7854 2.22341 -9.6 1.8 1.0 3.8
2003.8164 -23.18 3.33511 -6.7 1.7 0.9 3.6
2003.8192 -22.488 4.55798 -9.5 1.7 0.9 3.5
2003.8219 -21.1042 3.44628 -16 1.7 0.9 3.5
2003.8247 -20.6717 -0.555851 -8.8 1.7 0.9 3.5
2003.8274 -11.763 3.11277 -14.5 2.0 1.2 4.2
2003.8301 -17.904 2.66809 -6.9 2.0 1.2 4.4
2003.8329 -21.6231 2.66809 -6.8 1.8 1.1 4.1
2003.8356 -23.0935 1.8899 -5.8 1.7 1.0 3.7
2003.8384 -21.5366 1.55638 -9 1.8 1.0 3.7
2003.8411 -18.5959 3.44628 -12.5 1.7 1.0 3.6
2003.8438 -21.0177 3.11277 -12.3 1.8 1.0 3.7
2003.8466 -24.9098 2.55692 5.2 1.8 0.9 3.7
2003.8493 -15.9146 1.22287 7.2 1.8 1.0 3.7
2003.8521 -24.3044 4.89149 -5.1 1.8 1.0 3.6
2003.8548 -22.7475 2.22341 -4.6 1.8 1.0 3.7
2003.8575 -22.661 3.89096 -9.7 1.7 0.9 3.6
2003.8603 -20.5852 2.77926 -17.6 1.8 1.0 3.7
2003.8630 -21.6231 0.111171 -6.4 1.7 1.0 3.8
2003.8658 -21.5366 2.22341 -6.4 1.7 1.0 3.7
2003.8685 -19.1148 3.11277 10 1.8 1.0 3.9
2003.8712 -18.9419 2.00107 7 1.9 1.0 3.9
2003.8740 -23.2665 4.00213 -7.3 1.8 1.0 3.7
2003.8767 -20.1528 3.0016 -13.9 1.8 1.0 3.8
2003.8795 -20.2392 3.22394 -17.4 1.7 1.0 3.7
2003.8822 -21.0177 3.33511 -9.5 1.8 1.0 3.9
2003.8849 -18.9419 3.44628 -7.1 1.7 0.9 3.8
2003.8877 -20.3257 2.66809 -6.5 1.9 1.2 4.7
2003.8904 -22.5745 2.77926 -5.7 1.8 1.1 3.9
2003.8932 -19.3743 0.333511 -22.9 1.8 1.0 3.8
2003.8959 -28.283 9.44948 -5.7 1.8 1.0 3.8
2003.8986 -20.7582 5.00266 -4.1 1.7 1.0 3.9
2003.9014 -18.4229 -0.222341 -6.7 1.8 1.0 4.0
2003.9041 -21.5366 3.11277 -16.7 1.8 0.9 3.5
2003.9068 -23.4395 5.00266 -9.6 1.6 0.9 3.7
2003.9096 -24.0449 3.33511 -10.7 1.8 1.0 3.7
2003.9123 -23.18 3.44628 -2 1.7 1.0 3.6
2003.9151 -23.8719 2.55692 -13.2 1.8 1.0 3.6
2003.9178 -27.6776 4.66915 -10.6 1.7 1.0 3.6
2003.9205 -23.353 5.11384 -12.8 1.9 1.0 3.8
2003.9233 -15.3957 3.11277 -11.4 1.8 1.0 3.7
2003.9260 -19.3743 3.0016 -6 1.7 1.0 3.6
2003.9288 -22.834 6.0032 8.3 1.8 1.0 3.8
2003.9315 -15.0497 5.33618 -16.9 1.7 1.0 3.5
2003.9342 -16.0011 2.77926 -14.1 1.7 1.0 3.7
2003.9370 -21.1907 1.77873 -9.7 1.7 1.0 3.6
2003.9397 -20.9312 3.44628 -7 1.7 1.0 3.7
2003.9425 -21.6231 7.33724 -9.2 1.7 1.0 3.7
2003.9452 -19.2013 1.77873 -17.6 1.7 1.0 3.6
2003.9479 -16.6931 -0.11117 -8.1 1.7 1.0 3.7
2003.9507 -20.4987 4.55798 -12.1 1.7 1.0 3.5
2003.9534 -24.3044 5.55852 -0.8 2.3 1.2 4.6
2003.9562 -23.8719 7.1149 -15.6 2.4 1.2 4.8
2003.9589 -22.661 2.33458 -1.9 1.9 1.0 3.7
2003.9616 -21.7096 3.44628 -8 1.8 1.0 3.7
2003.9644 -19.7203 0.667022 -7.4 1.7 1.0 3.8
2003.9671 -14.0983 1.00053 -5.7 1.8 1.0 3.8
2003.9699 -18.3364 5.66969 1.7 1.7 0.9 3.5
2003.9726 -12.0225 1.55638 -5.4 1.8 1.0 3.8
2003.9753 -21.1042 4.33564 -3.8 1.8 1.0 3.7
2003.9781 -21.3636 2.00107 -1.3 1.7 0.9 3.6
2003.9808 -20.8447 2.77926 6.9 1.8 1.0 3.8
2003.9836 -17.558 -0.555851 4.9 1.8 0.9 3.6
2003.9863 -16.7795 1.77873 -4.5 1.8 1.0 3.8
2003.9890 -21.5366 3.11277 -9.7 1.8 1.0 3.8
2003.9918 -11.5035 4.55798 -8 1.8 1.0 3.8
2003.9945 -17.558 3.77979 -0.6 1.8 1.0 3.7
2003.9973 -17.9904 4.33564 -8.3 1.7 0.9 3.6
2004.0000 -19.6338 5.66969 -8.6 1.8 1.0 3.7
2004.0027 -20.2392 3.89096 -12.3 1.8 1.0 3.9
2004.0055 -21.7961 1.77873 -12.6 2.0 1.0 3.9
2004.0082 -16.6931 1.1117 -6.9 1.8 1.0 4.0
2004.0110 -16.3471 4.00213 6.9 2.0 1.0 4.0
2004.0137 -21.2772 2.33458 -5.2 1.9 1.0 3.7
2004.0164 -24.2179 5.66969 -15.5 2.1 1.0 4.0
2004.0192 -20.9312 6.11437 -1.7 1.8 1.1 4.0
2004.0219 -17.8175 4.44681 -5.2 1.8 1.0 3.9
2004.0247 -21.1907 7.44841 -14.7 1.8 1.0 4.0
2004.0274 -21.3636 7.67075 -13.5 1.9 1.1 3.8
2004.0301 -23.6989 5.89203 -9.9 2.0 1.0 3.9
2004.0329 -25.0828 4.33564 -2.8 1.9 1.0 3.8
2004.0356 -23.18 8.11543 -13.1 1.8 1.0 3.7
2004.0384 -26.4667 6.22554 -6.5 1.8 1.0 3.6
2004.0411 -23.2665 4.78032 0.8 1.7 1.0 3.7
2004.0438 -24.9963 5.66969 -12.6 1.9 1.0 3.8
2004.0466 -29.6669 8.44894 -10.7 1.8 1.0 3.9
2004.0493 -23.8719 3.55745 -11.4 1.9 1.1 4.2
2004.0521 -22.2286 4.33564 -6.7 1.9 1.0 3.6
2004.0548 -23.0935 1.44521 -2.7 1.8 1.0 3.8
2004.0575 -26.2072 6.55905 -6.8 1.8 1.0 3.8
2004.0603 -15.4822 0.889363 -4 1.8 1.0 3.8
2004.0630 -28.8885 7.33724 -8.6 1.9 1.0 4.0
2004.0658 -30.2724 6.78139 -3.4 1.9 1.0 3.9
2004.0685 -34.77 7.33724 -20.2 1.8 1.1 3.9
2004.0712 -25.9478 6.0032 -8.1 1.8 1.0 3.8
2004.0740 -34.3375 7.89309 -5.2 1.8 1.0 3.9
2004.0767 -24.3044 6.67022 -6.5 1.9 1.0 3.9
2004.0795 -33.2131 5.55852 -20 1.9 1.0 4.0
2004.0822 -16.866 -0.11117 -7.2 1.8 1.0 4.1
2004.0849 -20.2392 5.33618 3 1.8 1.0 4.1
2004.0877 -27.8506 10.45 -14 1.9 1.0 3.9
2004.0904 -23.526 6.22554 -8.8 1.8 1.0 3.8
2004.0932 -18.8554 4.66915 -11.7 1.8 1.1 4.2
2004.0959 -25.7748 8.89363 -7.6 1.8 1.1 4.0
2004.0986 -23.007 8.33777 -9.6 1.8 1.0 3.8
2004.1014 -21.0177 1.22287 -12.2 1.8 1.0 4.0
2004.1041 -22.9205 8.11543 -7.5 1.7 1.0 3.8
2004.1068 -30.1859 10.0053 -9.4 1.7 1.0 3.8
2004.1096 -26.6397 8.89363 -16.2 1.8 1.0 3.9
2004.1123 -23.8719 7.67075 -8.1 1.7 1.0 3.6
2004.1151 -21.1907 6.78139 -8.8 1.7 1.0 3.5
2004.1178 -21.6231 6.33671 -9.3 1.7 1.0 3.7
2004.1205 -22.5745 5.00266 -10.5 1.7 1.0 3.6
2004.1233 -21.1907 6.78139 -3.3 1.7 1.0 3.6
2004.1260 -24.7369 4.66915 -6.6 1.7 1.0 3.7
2004.1288 -24.9098 7.78192 -14.6 1.7 1.0 3.8
2004.1315 -22.488 7.00373 -11.7 1.7 1.0 3.5
2004.1342 -25.9478 6.22554 -11.6 1.7 1.0 3.5
2004.1370 -18.8554 5.22501 -8.5 1.8 1.0 3.9
2004.1397 -20.4122 5.78086 -5.5 1.8 1.1 4.0
2004.1425 -22.3151 7.1149 1.1 1.8 1.0 3.9
2004.1452 -24.7369 5.55852 -17.3 1.8 1.0 4.0
2004.1479 -23.0935 7.78192 -12.8 1.9 1.0 4.2
2004.1507 -21.7096 7.78192 -8.2 1.8 1.1 4.2
2004.1534 -22.661 5.78086 -18.2 1.9 1.1 4.1
2004.1562 -23.6125 8.78246 -17.1 1.8 1.1 4.1
2004.1589 -22.4016 6.55905 -12.4 1.9 1.1 4.1
2004.1616 -23.6125 6.89256 -19 1.8 1.1 4.0
2004.1644 -21.9691 6.11437 -4.8 1.9 1.1 4.2
2004.1671 -26.3802 7.00373 -2.3 1.9 1.1 4.2
2004.1699 -26.2072 8.2266 -9.5 1.9 1.1 4.2
2004.1726 -23.7854 7.33724 -16.9 1.9 1.1 4.2
2004.1753 -21.3636 8.11543 -2.5 2.1 1.1 4.5
2004.1781 -25.0828 5.22501 -7.5 2.1 1.1 4.2
2004.1808 -28.802 8.78246 -11.5 1.9 1.1 4.1
2004.1836 -28.456 10.6724 -13.5 2.0 1.1 4.3
2004.1863 -21.0177 7.22607 -8.6 1.8 1.1 4.0
2004.1890 -25.4288 6.89256 -7.5 1.9 1.1 4.4
2004.1918 -25.2558 3.77979 -15.2 1.9 1.1 4.1
2004.1945 -21.1907 2.66809 -6.9 1.9 1.1 4.2
2004.1973 -22.9205 3.89096 -15.1 2.0 1.1 4.2
2004.2000 -25.3423 7.67075 -14.5 2.1 1.2 4.3
2004.2027 -15.9146 6.33671 -14.1 2.0 1.1 4.2
2004.2055 -17.9904 4.89149 -2.3 2.0 1.1 4.2
2004.2082 -22.1421 4.89149 3.2 2.0 1.1 4.2
2004.2110 -44.8031 8.2266 -27.2 2.3 1.2 4.5
2004.2137 -26.6397 7.00373 -15.3 2.2 1.1 4.5
2004.2164 -25.6883 7.44841 -19.8 2.0 1.1 4.2
2004.2192 -35.2889 7.55958 -12.7 2.1 1.1 4.1
2004.2219 -30.9643 6.0032 -1.9 2.1 1.2 4.4
2004.2247 -25.7748 6.67022 -12.2 2.1 1.2 4.2
2004.2274 -33.4726 7.44841 -25.7 2.1 1.1 4.4
2004.2301 -15.6551 4.44681 -13.6 2.1 1.1 4.3
2004.2329 -29.9264 7.67075 -13.3 2.1 1.2 4.5
2004.2356 -28.8885 6.44788 -5.3 2.2 1.2 4.6
2004.2384 -24.8233 9.0048 -19.4 2.2 1.2 4.4
2004.2411 -27.8506 7.44841 -15.1 2.3 1.2 4.7
2004.2438 -27.0722 7.00373 -13.2 2.1 1.1 4.4
2004.2466 -23.6125 4.89149 -11.7 2.1 1.1 4.6
2004.2493 -24.0449 4.33564 -5.6 2.1 1.1 4.4
2004.2521 -25.6018 6.67022 -2.4 2.4 1.2 5.1
2004.2548 -23.7854 5.00266 -8.2 2.4 1.2 4.5
2004.2575 -30.9643 5.78086 -8.8 2.2 1.2 4.8
2004.2603 -27.5911 5.78086 -7.2 2.1 1.1 4.6
2004.2630 -28.1966 3.44628 -3.9 2.1 1.1 4.5
2004.2658 -29.321 4.89149 -0.8 2.1 1.1 4.3
2004.2685 -29.9264 6.67022 -8.9 2.1 1.1 4.5
2004.2712 -27.7641 4.66915 -4.7 2.1 1.1 4.4
2004.2740 -28.283 7.1149 -4.4 2.1 1.2 4.5
2004.2767 -27.3316 6.0032 -0.2 2.0 1.1 4.3
2004.2795 -26.1207 6.0032 2.3 2.2 1.1 4.5
2004.2822 -26.1207 5.89203 -2.1 2.0 1.1 4.6
2004.2849 -25.6018 6.67022 -8.5 2.3 1.2 4.6
2004.2877 -25.9478 7.67075 -0.6 2.3 1.2 4.8
2004.2904 -27.5046 7.22607 -6.7 2.1 1.1 4.5
2004.2932 -27.8506 5.55852 -5.3 2.2 1.1 4.6
2004.2959 -25.5153 4.33564 -3.3 2.1 1.2 4.7
2004.2986 -28.283 5.78086 -14.2 2.2 1.1 4.7
2004.3014 -32.6942 6.22554 -14 2.2 1.1 4.5
2004.3041 -22.7475 2.55692 -2.3 2.1 1.1 4.7
2004.3068 -30.6183 3.22394 -2.5 2.0 1.1 4.4
2004.3096 -30.0994 4.22447 -2.2 2.1 1.1 4.7
2004.3123 -28.8885 5.66969 -13.2 2.1 1.1 4.5
2004.3151 -27.4181 9.22714 -9 2.2 1.1 4.4
2004.3178 -27.5911 5.66969 0.2 2.1 1.1 4.5
2004.3205 -27.0722 7.67075 -16.3 2.1 1.1 4.6
2004.3233 -27.9371 3.66862 -5.1 2.1 1.1 4.6
2004.3260 -27.5911 5.00266 -2.1 2.3 1.1 4.8
2004.3288 -29.4074 5.33618 2.7 2.3 1.2 4.9
2004.3315 -30.1859 4.33564 -1.3 2.2 1.2 4.7
2004.3342 -26.2937 8.00426 8.4 2.3 1.1 4.8
2004.3370 -27.8506 6.0032 13.7 2.0 1.1 4.7
2004.3397 -22.7475 5.55852 2.6 2.1 1.2 4.8
2004.3425 -29.9264 4.22447 -10.9 2.2 1.2 4.8
2004.3452 -27.5046 4.44681 -1.5 2.4 1.2 4.8
2004.3479 -29.0615 4.22447 -1.7 2.2 1.2 5.0
2004.3507 -24.9098 12.5622 -3.9 2.2 1.2 5.1
2004.3534 -21.7961 6.33671 3 2.5 1.3 5.4
2004.3562 -20.9312 6.67022 -4.2 2.6 1.3 5.6
2004.3589 -27.7641 6.78139 2.1 2.3 1.3 5.4
2004.3616 -22.5745 9.67182 -2.6 2.5 1.3 5.4
2004.3644 -20.8447 10.1165 3.8 2.4 1.2 5.1
2004.3671 -27.6776 7.22607 -9.3 2.4 1.2 5.2
2004.3699 -25.8613 8.44894 3.3 2.3 1.2 5.0
2004.3726 -26.1207 7.78192 -8.3 2.3 1.2 5.1
2004.3753 -28.1101 8.33777 -10.7 2.2 1.2 5.1
2004.3781 -23.8719 7.33724 -11.9 2.3 1.2 4.8
2004.3808 -28.629 4.78032 -4.9 2.4 1.2 5.1
2004.3836 -26.8992 7.78192 7.2 2.5 1.1 5.1
2004.3863 -26.9857 5.78086 -6.2 2.4 1.2 5.2
2004.3890 -31.1373 3.66862 -2 2.7 1.4 5.9
2004.3918 -25.7748 7.00373 5.8 2.6 1.3 5.3
2004.3945 -24.9963 6.44788 10 2.5 1.3 5.5
2004.3973 -22.661 6.55905 11 2.4 1.2 5.2
2004.4000 -26.2072 9.22714 -7.8 2.5 1.2 5.6
2004.4027 -25.0828 8.33777 11.7 2.5 1.3 5.5
2004.4055 -18.1634 3.55745 14.3 2.5 1.3 5.7
2004.4082 -24.0449 4.1133 -4 2.4 1.3 5.8
2004.4110 -20.5852 1.8899 4.8 2.3 1.3 5.4
2004.4137 -26.6397 5.22501 -11.5 2.9 1.4 6.3
2004.4164 -26.5532 2.44575 13.3 3.0 1.5 7.2
2004.4192 -26.8992 3.77979 11.2 3.2 1.6 7.0
2004.4219 -17.2985 2.11224 15.6 2.4 1.3 5.5
2004.4247 -31.6563 6.78139 -4.2 1.6 0.8 2.8
2004.4274 -27.1586 4.89149 9.2 1.6 0.8 2.9
2004.4301 -23.7854 7.00373 -9 1.6 0.8 2.8
2004.4329 -28.975 5.22501 6 1.5 0.8 2.8
2004.4356 -21.1042 5.55852 -0.1 1.6 0.8 2.8
2004.4384 -22.0556 6.55905 0.3 1.6 0.8 2.8
2004.4411 -27.7641 5.66969 -0.3 1.5 0.8 2.8
2004.4438 -21.0177 6.0032 1.6 1.5 0.8 2.8
2004.4466 -27.9371 6.55905 7.4 1.5 0.8 2.8
2004.4493 -28.456 7.00373 1.5 1.5 0.8 2.8
2004.4521 -25.3423 6.11437 0.1 1.5 0.8 2.8
2004.4548 -27.0722 7.00373 6.8 1.5 0.8 2.9
2004.4575 -31.0508 3.55745 4.4 1.6 0.8 2.9
2004.4603 -27.3316 5.33618 11.6 1.6 0.8 3.0
2004.4630 -25.3423 2.22341 12.5 1.6 0.9 2.9
2004.4658 -32.5212 7.22607 7.5 1.8 0.9 3.2
2004.4685 -27.5911 8.67128 9.1 2.4 1.3 5.3
2004.4712 -31.7427 5.89203 1.7 2.8 1.4 6.5
2004.4740 -29.6669 5.78086 -2.2 2.9 1.6 6.6
2004.4767 -28.629 7.00373 24.3 2.6 1.2 4.8
2004.4795 -30.8778 7.33724 -1.4 2.0 1.0 3.4
2004.4822 -26.2937 11.0059 7 2.0 1.0 3.5
2004.4849 -26.6397 6.78139 8.6 2.1 1.1 3.6
2004.4877 -20.4987 3.66862 5.5 2.0 1.0 3.5
2004.4904 -29.148 5.44735 -4.8 1.6 0.9 2.9
