2018.3726 0 0 0 1.0 0.9 2.9
2018.3753 -5.79315 -0.221967 3.3 1.4 1.0 3.2
2018.3781 -3.16313 -3.66244 6 1.1 0.9 3.0
2018.3808 -1.9192 1.55376 11.6 1.1 0.9 2.9
2018.3836 -2.77218 0.332948 11.1 1.1 0.9 3.0
2018.3863 -0.710816 0.998847 2.1 1.1 0.9 2.9
2018.3890 -5.89978 -0.332948 6 1.4 1.1 3.1
2018.3918 -3.87395 2.66359 9.1 1.3 1.1 3.3
2018.3945 -4.54922 -0.110983 5.6 1.1 0.9 2.9
2018.3973 -1.13731 1.88671 3.8 1.1 0.9 2.9
2018.4000 -2.94989 -0.554915 1.8 1.1 0.9 3.0
2018.4027 -1.20839 -0.554915 0.2 1.1 0.9 3.0
2018.4055 -3.483 0.665897 8 1.2 0.9 3.0
2018.4082 0.177704 -1.77573 3.2 1.0 0.8 2.9
2018.4110 1.49271 -1.3318 -1.8 1.0 0.8 2.9
2018.4137 -1.35055 -3.77342 3 1.3 1.0 3.1
2018.4164 -0.959602 -1.77573 -3.9 1.7 1.2 3.7
2018.4192 1.10177 0.665897 1 1.6 1.3 3.6
2018.4219 -4.54922 1.55376 4.3 1.3 1.0 3.2
2018.4247 -6.46843 1.66474 -3 1.1 0.9 3.0
2018.4274 -4.19382 2.21966 10.3 1.1 0.9 3.0
2018.4301 4.33598 -4.5503 4.4 1.1 0.9 2.9
2018.4329 -2.55894 -0.554915 1.5 1.0 0.9 2.9
2018.4356 -0.924061 -2.21966 5.9 1.0 0.8 2.8
2018.4384 0.284327 -1.3318 -2.2 1.1 0.9 2.9
2018.4411 -6.64613 -2.55261 -1.5 1.0 0.8 2.8
2018.4438 -0.817438 -0.998847 -5 1.1 0.9 2.9
2018.4466 -0.390949 -3.10752 0.3 1.0 0.8 2.8
2018.4493 0.284327 -2.10868 0 1.0 0.8 2.8
2018.4521 -1.13731 -0.332948 -2.5 1.2 0.9 2.9
2018.4548 -5.26004 0.221965 8.9 1.1 0.8 2.9
2018.4575 -1.13731 -2.77457 4.7 1.0 0.8 2.7
2018.4603 -2.02583 -3.66244 7.6 1.1 0.9 2.9
2018.4630 -3.62516 1.10983 11.5 1.4 1.1 3.2
2018.4658 0.568653 1.55376 -1.5 1.1 0.9 3.1
2018.4685 -2.66556 2.66359 -4.6 1.1 0.9 3.0
2018.4712 -4.05165 -0.443932 1.1 1.1 0.9 2.9
2018.4740 -3.51854 -1.88671 -4.9 1.0 0.9 2.9
2018.4767 -7.99668 -0.554915 0.6 1.3 1.1 3.3
2018.4795 -0.639734 0.110983 0.5 1.2 0.9 3.2
2018.4822 0.888521 -1.66474 -0.2 1.3 1.0 3.2
2018.4849 -2.16799 -1.88671 9 1.5 1.4 3.4
2018.4877 -2.59448 1.55376 -2.5 1.2 0.9 3.0
2018.4904 -1.52826 -1.44278 4.6 1.1 0.8 2.9
2018.4932 -7.39249 2.10868 6.7 1.0 0.8 2.8
2018.4959 -4.40706 0.77688 7 1.1 0.9 3.0
2018.4986 -0.0710809 -2.77457 8.1 1.0 0.9 2.9
2018.5014 -3.16313 -0.221967 -0.9 1.0 0.8 2.8
2018.5041 -5.01126 -0.887864 1.8 1.0 0.8 2.8
2018.5068 -7.99668 2.10868 -0.6 1.1 0.9 2.8
2018.5096 -1.9192 -1.55376 -0.3 1.2 1.0 3.1
2018.5123 0.213246 -2.33064 2.3 1.1 0.9 2.8
2018.5151 -10.4845 1.10983 -5.7 1.1 0.9 2.9
2018.5178 -4.62031 0.554915 -1.8 1.1 0.9 2.9
2018.5205 -3.37638 -2.88556 3.3 1.1 0.9 3.0
2018.5233 -1.63488 0.554915 -1.7 1.1 0.9 3.0
2018.5260 -2.06137 -3.44047 5.8 1.1 0.9 2.9
2018.5288 -4.54922 -5.66013 6.2 1.1 0.9 3.0
2018.5315 -0.177703 -1.3318 0.1 1.1 0.9 2.9
2018.5342 -0.85298 -5.2162 -2.8 1.1 0.9 3.0
2018.5370 -3.80287 -1.66474 -2.3 1.2 0.9 2.9
2018.5397 -2.20353 -3.21851 4.3 1.4 1.1 3.4
2018.5425 -4.05165 -0.887864 0.7 1.0 0.9 2.9
2018.5452 -5.54437 -0.887864 4.7 0.9 0.8 2.8
2018.5479 -3.19867 0.998847 -7.3 1.1 0.9 3.0
2018.5507 -1.42163 -5.66013 -1.8 1.1 0.9 2.9
2018.5534 4.62031 -2.55261 -1.1 1.4 1.1 3.3
2018.5562 -4.15828 -4.32834 2.7 1.1 0.9 2.9
2018.5589 -1.70596 1.3318 0 1.0 0.9 2.8
2018.5616 -1.38609 -0.77688 12.2 1.5 1.1 3.4
2018.5644 -0.639734 0.887864 -5.4 1.3 1.1 3.3
2018.5671 -2.20353 -5.77111 -1.5 1.0 0.9 2.9
2018.5699 -3.83841 0.998847 -2 0.9 0.8 2.8
2018.5726 -8.42318 -2.88556 -4 1.1 0.9 2.9
2018.5753 -3.23421 -3.77342 6.1 1.4 1.1 3.2
2018.5781 -1.67042 -3.8844 1.8 1.0 0.9 3.0
2018.5808 -1.70596 -6.54799 -1.9 1.0 0.9 3.0
2018.5836 -3.90949 -3.44047 5.8 1.0 0.9 2.9
2018.5863 -13.7898 -7.32487 16.1 1.2 0.9 3.0
2018.5890 -7.78344 -1.3318 11.4 1.1 0.9 2.9
2018.5918 -9.02737 2.55261 2.5 1.1 0.9 2.9
2018.5945 -2.23907 -2.10868 6.8 1.0 0.9 2.9
2018.5973 -1.45717 -3.8844 6.1 1.0 0.9 2.9
2018.6000 -1.52826 -4.77227 5.9 1.1 0.9 2.9
2018.6027 -5.08234 -3.99539 6.1 1.2 0.9 3.0
2018.6055 -7.28587 -3.32949 6.4 1.1 0.9 3.0
2018.6082 -3.98057 -3.32949 -0.7 1.0 0.9 2.8
2018.6110 -3.58962 -5.54915 0 1.2 1.0 3.0
2018.6137 -0.995143 -3.10752 6.5 1.0 0.9 2.9
2018.6164 -2.7011 -3.99539 9.6 1.1 0.9 3.0
2018.6192 -3.26976 -2.33064 7.2 1.0 0.9 2.9
2018.6219 -3.44746 -3.66244 5.2 1.3 1.0 3.2
2018.6247 -7.53465 -1.22081 8.8 1.4 1.2 3.3
2018.6274 -1.52826 -2.44162 8.5 1.4 1.2 3.5
2018.6301 -6.64613 -4.88325 5.9 1.5 1.2 3.4
2018.6329 -4.69139 -1.55376 3.8 1.1 1.0 3.0
2018.6356 -7.89006 -3.55145 -6.1 1.2 1.1 3.3
2018.6384 -6.39735 -2.77457 9.4 1.0 0.9 3.0
2018.6411 -0.924061 -2.77457 -1.2 1.2 0.9 3.1
2018.6438 -4.86909 -4.66128 -3 1.2 1.0 3.1
2018.6466 -0.710816 -5.43817 2.5 1.1 1.0 3.0
2018.6493 -3.41192 -2.88556 -1.7 1.0 0.9 2.9
2018.6521 -8.10331 -3.8844 7.1 1.8 1.4 3.7
2018.6548 -8.03223 -5.8821 5.1 1.5 1.2 3.3
2018.6575 0.0355415 -4.32834 -5.4 1.2 1.0 3.1
2018.6603 -5.0468 -3.77342 7.6 1.1 0.9 3.0
2018.6630 -1.9192 -5.2162 -1.1 1.1 0.9 3.0
2018.6658 -4.83355 -0.443932 3 1.1 0.9 3.0
2018.6685 -7.07262 0.221965 0.6 1.0 0.8 2.8
2018.6712 -1.5638 -4.99423 0.7 1.0 0.9 2.8
2018.6740 -2.59448 -3.10752 -0.7 1.1 0.9 2.9
2018.6767 -3.3053 -0.77688 3.7 1.2 1.0 3.1
2018.6795 -2.45232 1.3318 -10.3 1.4 1.1 3.2
2018.6822 -4.72693 -1.88671 -1.1 1.2 1.0 3.1
2018.6849 -2.87881 -3.44047 1.7 1.0 0.9 2.9
2018.6877 -0.959602 -3.32949 0.7 1.0 0.9 2.8
2018.6904 -1.9192 -4.10637 8.8 1.0 0.9 2.8
2018.6932 -5.29558 -2.55261 -7.7 1.3 1.2 3.5
2018.6959 -4.37152 -5.10522 -0.1 1.7 1.2 3.5
2018.6986 -8.95629 3.55145 -11.6 1.1 0.9 2.9
2018.7014 5.65099 -1.88671 -3.9 1.5 1.2 3.3
2018.7041 -4.90463 -1.77573 -1.4 1.5 1.2 3.3
2018.7068 -1.13731 -3.21851 6.7 1.2 1.0 3.2
2018.7096 0.462031 -4.5503 -10 1.1 0.9 3.0
2018.7123 -1.63488 -2.99654 4.6 1.3 1.1 3.1
2018.7151 0.888521 -7.65782 -2.7 1.2 1.0 3.1
2018.7178 -2.59448 -5.10522 -5.4 1.1 0.9 3.0
2018.7205 -1.63488 -2.44162 2.7 1.1 0.9 2.9
2018.7233 0.497572 -3.99539 -1.7 1.0 0.9 2.8
2018.7260 -3.37638 -0.77688 10.4 1.9 1.3 3.8
2018.7288 -6.25518 -4.66128 13.9 1.8 1.3 3.7
2018.7315 -1.20839 -3.55145 4.3 1.2 1.0 3.0
2018.7342 -2.48786 -3.66244 0.6 1.2 1.0 3.0
2018.7370 -5.29558 -7.43586 -1.1 1.3 1.1 3.3
2018.7397 -5.18896 -4.43932 -3.5 1.1 0.9 3.0
2018.7425 -6.21964 -2.55261 5.2 1.1 0.9 2.9
2018.7452 -3.483 -2.10868 2.7 1.3 1.1 3.0
2018.7479 -3.58962 -5.66013 -3.3 1.1 0.9 2.9
2018.7507 -5.33112 -4.10637 4.5 1.3 1.1 3.3
2018.7534 -3.16313 -5.10522 -0.8 1.3 1.1 3.4
2018.7863 -6.75276 -7.54684 -8 1.7 1.3 3.8
2018.7890 -1.42163 -4.32834 -11.1 1.2 1.0 3.0
2018.7918 -4.22936 -2.10868 -5.6 1.1 0.9 2.9
2018.7945 -5.97086 -2.55261 -3.9 1.0 0.9 2.8
2018.7973 -4.37152 -3.44047 4.8 1.0 0.9 2.8
2018.8000 -4.54922 -1.44278 0.2 1.1 0.9 2.8
2018.8027 -4.37152 -5.99308 -3.6 1.0 0.9 2.8
2018.8055 -5.33112 -3.44047 -7.2 1.1 0.9 2.9
2018.8082 -4.01611 -1.10983 -8.4 1.2 1.0 3.1
2018.8110 -1.88366 -4.5503 -2.2 1.5 1.4 3.9
2018.8137 -2.80772 -5.10522 -1 1.1 0.9 3.0
2018.8164 -6.25518 -2.99654 -2.5 1.1 0.9 2.9
2018.8192 -2.87881 -4.21735 -2.8 1.1 0.9 2.9
2018.8219 -4.01611 -7.43586 2.8 1.1 0.9 2.9
2018.8247 -3.05651 -6.21505 -3.7 1.0 0.8 2.8
2018.8274 -2.45232 -6.88094 -4.6 1.1 0.9 2.8
2018.8301 -4.05165 -5.43817 -6.3 1.0 0.8 2.8
2018.8329 -7.35695 2.88556 -5.5 1.9 1.9 5.4
2018.8356 -3.83841 -3.77342 -5.6 1.1 0.9 2.9
2018.8384 -5.01126 -4.43932 -1.5 1.1 0.9 2.9
2018.8411 -2.31015 -6.10406 -1.6 1.0 0.9 2.8
2018.8438 -3.09205 -4.66128 -5.3 1.2 1.1 3.3
2018.8466 -5.36666 -6.88094 -6.3 1.6 1.3 3.7
2018.8493 -1.5638 -8.76765 -8.5 1.2 0.9 2.9
2018.8521 -3.94503 -6.88094 -13.4 1.2 1.0 3.0
2018.8548 -3.80287 -5.66013 -0.6 1.1 0.9 2.9
2018.8575 -1.70596 -2.33064 -9.8 1.4 1.2 3.5
2018.8603 -3.98057 -4.21735 -5.5 1.2 0.9 3.0
2018.8630 -4.72693 -9.1006 -9.4 1.2 0.9 3.0
2018.8658 -4.69139 -6.21505 -4.1 1.3 1.0 3.3
2018.8685 -7.35695 -3.55145 2.4 1.0 0.9 2.8
2018.8712 -4.94017 -4.10637 1.7 1.1 0.8 2.9
2018.8740 -2.16799 -0.110983 -11.3 2.1 2.0 5.5
2018.8767 -2.7011 -5.10522 -6.3 1.0 0.8 2.9
2018.8795 -5.97086 -5.8821 -2.1 1.0 0.8 2.9
2018.8822 -9.16953 -2.10868 -5.7 1.1 0.9 2.9
2018.8849 -7.28587 -6.21505 -1.3 1.3 1.0 3.1
2018.8877 -2.84327 -3.21851 -7.1 1.2 0.9 3.0
2018.8904 -3.87395 -4.5503 -5.9 1.2 0.9 3.2
2018.8932 -4.30044 -6.43701 0.9 1.0 0.9 2.9
2018.8959 -4.05165 -4.21735 -10.4 2.1 1.6 4.8
2018.8986 -6.71722 -4.43932 -3 1.1 0.9 2.9
2018.9014 -6.36181 -4.10637 -4.9 1.1 0.9 3.0
2018.9041 -7.89006 -9.1006 -13.6 3.2 2.8 7.8
2018.9726 -15.709 -1.88671 -11.3 1.0 0.9 2.8
2018.9753 -15.8867 -5.99308 -11.1 1.0 0.8 2.8
2018.9781 -16.4199 -4.5503 -14.2 1.0 0.9 2.7
2018.9808 -21.7154 -1.66474 -8.9 1.0 0.8 2.7
2018.9836 -19.3697 -3.32949 -7.4 1.0 0.9 2.8
2018.9863 -18.4101 -0.443932 -3.1 1.1 1.0 3.0
2018.9890 -13.932 -1.22081 -10.3 1.0 0.9 2.8
2018.9918 -18.73 1.3318 -2.2 1.5 1.2 3.4
2018.9945 -19.2276 -2.88556 -10 1.2 1.0 3.2
2018.9973 -18.7656 -1.10983 -1.1 1.2 1.1 3.2
2019.0000 -17.2728 -0.443932 2.5 1.1 0.9 3.1
2019.0027 -20.2938 -1.44278 3.2 1.1 0.9 3.1
2019.0055 -20.2938 -0.77688 -2.6 1.0 0.8 2.9
2019.0082 -18.8366 -0.665899 0.3 1.0 0.9 2.8
2019.0110 -20.436 -1.55376 -13.8 1.3 1.1 3.3
2019.0137 -21.5022 -0.332948 -5.2 1.2 1.0 3.1
2019.0164 -18.6945 -1.22081 -9.6 1.2 1.0 3.0
2019.0192 -20.0095 -1.88671 -2.4 1.1 0.9 2.9
2019.0219 -18.6234 -5.54915 -9.1 1.1 0.9 2.9
2019.0247 -17.6638 -1.88671 -3.1 1.1 0.9 2.9
2019.0274 -22.7106 -5.10522 -4 1.1 1.0 3.0
2019.0301 -24.0967 -4.10637 -5.3 1.1 1.0 3.1
2019.0329 -22.8527 -7.10291 -4.7 1.0 0.9 2.9
2019.0356 -21.1823 -5.99308 0.8 1.0 0.9 2.9
2019.0384 -21.4667 -5.43817 9.7 1.1 1.0 3.1
2019.0411 -21.751 -6.21505 -1.9 1.0 0.9 2.9
2019.0438 -20.9335 -7.21389 2.4 1.1 0.9 2.9
2019.0466 -19.7962 -2.99654 -3.2 1.0 0.9 2.9
2019.0493 -21.2534 -8.10175 2.9 1.0 0.9 2.9
2019.0521 -21.0046 -7.21389 -2.3 1.1 0.9 2.9
2019.0548 -17.6993 -5.10522 -0.1 1.2 1.0 3.2
2019.0575 -19.7252 -7.43586 2.3 1.1 0.9 3.0
2019.0603 -19.3342 -5.66013 0.3 1.0 0.9 2.9
2019.0630 -19.3697 -8.32372 0.9 1.4 1.1 3.3
2019.0658 -19.583 -8.21274 6.8 1.5 1.2 3.4
2019.0685 -18.4457 -9.1006 3.9 1.3 1.1 3.2
2019.0712 -16.1711 -6.10406 5 1.1 0.9 3.0
2019.0740 -18.9788 -9.87748 -4.7 1.0 0.9 3.0
2019.0767 -19.0854 -10.4324 2.6 1.0 0.9 2.8
2019.0795 -18.5879 -11.0983 -5.7 1.0 0.9 2.8
2019.0822 -19.9384 -11.0983 1.4 1.0 0.8 2.8
2019.0849 -19.0854 -7.43586 -3.2 1.4 1.2 3.6
2019.0877 -23.3503 -12.5411 -1.3 1.6 1.4 3.7
2019.0904 -19.0143 -10.3214 0.2 1.3 1.2 3.3
2019.0932 -17.0951 -10.0994 3.5 1.4 1.1 3.3
2019.0959 -21.5022 -11.6532 -7 1.1 1.0 3.0
2019.0986 -18.5523 -10.9873 1.3 1.0 0.9 2.9
2019.1014 -20.9335 -9.98847 1.4 1.1 1.0 3.0
2019.1041 -18.0903 -8.98962 2.7 1.0 0.9 2.8
2019.1068 -17.4861 -12.0971 -2.5 1.1 0.9 2.9
2019.1096 -18.268 -13.8729 -4.4 1.1 1.0 3.0
2019.1123 -18.5523 -11.5422 -0.2 1.0 0.9 2.8
2019.1151 -15.3181 -7.65782 -4.2 1.3 1.1 3.3
2019.1178 -20.6492 -9.98847 -5 1.1 0.9 3.0
2019.1205 -22.1775 -10.3214 -10.5 1.2 1.2 3.3
2019.1233 -17.1307 -12.5411 -18.1 1.1 0.9 2.9
2019.1260 -19.0499 -9.98847 -8.6 1.0 0.9 2.8
2019.1288 -18.3391 -10.8763 -15.6 1.0 1.0 3.0
2019.1315 -17.5927 -9.98847 1.8 1.0 0.9 2.9
2019.1342 -23.528 -8.98962 -2 1.2 1.1 3.1
2019.1370 -17.4861 -15.0937 -14.2 1.1 0.9 3.0
2019.1397 -19.4053 -11.4312 -12.4 1.3 1.2 3.4
2019.1425 -18.4812 -10.7653 -10.1 1.1 0.9 2.9
2019.1452 -19.2276 -11.0983 -16.1 1.0 0.9 2.9
2019.1479 -18.1614 -12.0971 -11.3 1.0 0.9 2.8
2019.1507 -18.9788 -12.763 -15 1.0 0.9 2.8
2019.1534 -16.953 -12.0971 -17 1.0 0.9 2.8
2019.1562 -16.5976 -10.2104 -6.6 1.0 0.9 2.9
2019.1589 -16.7042 -12.0971 -3.4 1.2 1.0 3.0
2019.1616 -14.2874 -10.0994 -1.3 1.6 1.3 3.5
2019.1644 -19.9739 -6.32603 -22.8 1.6 1.4 3.5
2019.1671 -19.192 -11.7642 -13.9 1.5 1.3 3.5
2019.1699 -15.4603 -10.0994 -12.8 1.1 1.0 3.0
2019.1726 -20.8625 -11.9862 -15.1 1.2 1.2 3.3
2019.1753 -15.1759 -8.87864 -7.3 1.0 0.9 3.0
2019.1781 -16.1 -6.21505 -7.5 1.0 0.9 2.9
2019.1808 -14.9982 -11.6532 -10.3 1.1 0.9 3.0
2019.1836 -16.7042 -10.0994 -2.3 1.0 0.9 2.8
2019.1863 -18.8011 -9.7665 -8.6 1.0 1.0 2.9
2019.1890 -18.73 -11.5422 -1.6 1.1 1.0 3.0
2019.1918 -18.1258 -10.2104 -5.8 1.0 0.9 3.0
2019.1945 -16.7753 -9.1006 -9.8 1.1 1.0 3.2
2019.1973 -18.2324 -9.43355 -6.7 1.1 0.9 3.0
2019.2000 -23.5636 -11.4312 0.6 1.3 1.1 3.3
2019.2027 -18.1969 -9.54453 -0.3 1.0 0.9 2.9
2019.2055 -23.066 -11.4312 1.5 1.5 1.2 3.4
2019.2082 -22.1775 -10.0994 -1.9 1.5 1.3 3.7
2019.2110 -15.247 -11.6532 -5.7 1.0 0.8 2.8
2019.2137 -21.6088 -12.5411 -7.4 1.1 0.9 2.9
2019.2164 -22.1064 -11.0983 -9.9 1.0 0.9 2.8
2019.2192 -20.3649 -8.10175 -4.1 1.0 0.9 2.9
2019.2219 -18.5168 -9.7665 1.2 1.1 1.0 3.1
2019.2247 -19.7962 -12.0971 4.1 1.0 0.9 2.9
2019.2274 -17.3439 -11.9862 -3 1.0 0.9 2.8
2019.2301 -23.1015 -12.6521 -3.9 1.1 0.9 2.9
2019.2329 -21.1823 -8.10175 7.7 1.0 0.9 2.8
2019.2356 -25.234 -13.5399 -11.1 1.1 1.0 2.9
2019.2384 -21.4311 -12.763 -8 1.2 1.0 3.0
2019.2411 -15.5669 -12.874 -3.1 1.1 1.0 3.1
2019.2438 -21.289 -11.9862 -4.4 1.0 0.9 2.9
2019.2466 -21.3956 -10.9873 -4.6 1.4 1.1 3.3
2019.2493 -15.638 -13.6509 -1.8 1.5 1.2 3.8
2019.2521 -17.7349 -12.2081 -9.7 1.1 0.9 2.8
2019.2548 -18.6589 -9.98847 -14.4 1.3 1.2 3.4
2019.2575 -19.0854 -12.5411 -7.6 1.4 1.1 3.5
2019.2603 -19.2276 -12.3191 5.4 1.5 1.2 3.5
2019.2630 -17.9481 -8.65667 -11.8 1.2 1.0 3.2
2019.2658 -19.6541 -8.98962 -2.9 1.2 1.0 3.2
2019.2685 -17.9126 -10.7653 -3.2 1.4 1.1 3.3
2019.2712 -15.7801 -10.5434 -7.2 1.5 1.2 3.4
2019.2740 -17.6282 -16.2035 1.3 1.4 1.1 3.5
2019.2767 -17.806 -10.5434 0.8 1.1 1.0 3.1
2019.2795 -23.6346 -10.5434 2.4 2.4 1.7 5.2
2019.2822 -19.9029 -11.8752 -1.1 1.2 0.9 3.0
2019.2849 -17.6638 -12.763 -16.2 1.1 0.9 2.9
2019.2877 -16.8108 -12.5411 -9.5 1.2 1.0 3.0
2019.2904 -14.9982 -12.6521 -2.1 1.2 1.0 3.2
2019.2932 -18.5523 -11.6532 -8.3 1.0 0.8 2.8
2019.2959 -16.953 -14.2058 -2.9 1.0 0.8 2.8
2019.2986 -18.0547 -11.5422 -6.1 1.1 0.9 2.9
2019.3014 -18.3391 -12.6521 -3 1.1 0.9 3.0
2019.3041 -24.6653 -21.8636 -3.2 1.1 1.0 2.9
2019.3068 -15.7446 -12.5411 -0.8 1.0 0.9 2.8
2019.3096 -20.5781 -13.8729 4.8 1.1 0.9 2.9
2019.3123 -20.2227 -12.2081 -1.3 1.1 0.9 3.0
2019.3151 -20.0806 -12.985 -11.8 1.1 0.9 3.0
2019.3178 -17.3795 -14.7607 2.9 1.1 0.9 3.0
2019.3205 -19.583 -14.6497 2 1.1 0.9 3.0
2019.3233 -20.4004 -13.5399 1 1.2 1.0 3.1
2019.3260 -15.6024 -13.8729 4.8 1.1 0.9 3.0
2019.3288 -18.7656 -15.6486 -1.5 1.2 1.0 3.0
2019.3315 -18.3746 -13.9839 14 1.4 1.1 3.3
2019.3342 -18.3391 -13.318 -6.1 1.4 1.2 3.4
2019.3370 -18.8366 -12.6521 -1.6 1.4 1.2 3.4
2019.3397 -18.1258 -14.4278 6.2 1.2 1.0 3.1
2019.3425 -16.0645 -14.0948 0.3 1.0 0.9 2.9
2019.3452 -20.2227 -15.6486 4.2 1.1 0.9 2.9
2019.3479 -17.2018 -14.8717 3.8 1.1 0.9 2.9
2019.3507 -18.4457 -14.6497 -1.7 1.0 0.8 2.9
2019.3534 -18.4101 -14.3168 0.4 1.1 0.9 3.0
2019.3562 -15.0693 -13.318 2.5 1.2 1.0 3.2
2019.3589 -21.36 -14.7607 4.8 1.7 1.6 3.8
2019.3616 -19.8673 -11.6532 2.8 1.1 0.9 2.9
2019.3644 -17.1307 -15.2047 -2.2 1.1 0.9 2.9
2019.3671 -19.9384 -11.4312 -1.2 1.4 1.2 3.4
2019.3699 -17.2728 -14.9827 -4.2 0.9 0.8 2.8
2019.3726 -17.415 -12.6521 -1.5 1.0 0.9 2.9
2019.3753 -20.045 -14.4278 7.1 1.1 0.9 2.9
2019.3781 -17.1662 -13.9839 1 1.2 1.0 3.1
2019.3808 -18.6234 -13.4289 -3.3 1.1 0.8 2.8
2019.3836 -17.3084 -13.5399 -0.1 1.0 0.9 2.9
2019.3863 -16.4554 -14.5388 -2.8 1.1 0.9 2.9
2019.3890 -18.4812 -14.8717 -2.2 1.1 0.9 2.9
2019.3918 -16.4199 -16.2035 1.4 1.1 0.9 2.9
2019.3945 -18.3391 -13.318 -2.3 1.1 0.9 2.8
2019.3973 -14.9627 -17.5353 -2.8 1.0 0.8 2.9
2019.4000 -18.0192 -16.8694 -6.7 1.0 0.9 2.9
2019.4027 -18.9788 -14.6497 8.8 1.3 1.0 3.2
2019.4055 -18.6234 -12.0971 5.7 1.2 0.9 2.9
2019.4082 -18.3035 -13.207 2.7 1.2 1.1 3.3
2019.4110 -17.5927 -15.6486 -4.2 1.1 0.9 2.9
2019.4137 -19.2631 -15.7596 -4.6 1.2 0.9 3.0
2019.4164 -18.8722 -15.3156 -4.4 1.0 0.9 2.9
2019.4192 -20.045 -14.5388 -9.6 1.0 0.9 2.9
2019.4219 -17.415 -15.2047 -3.7 1.1 0.9 2.9
2019.4247 -20.0806 -15.9815 -4.7 1.3 1.1 3.3
2019.4274 -14.8205 -17.8683 -5.6 1.0 0.9 2.8
2019.4301 -21.0046 -14.6497 0.2 1.0 0.8 2.9
2019.4329 -21.5022 -12.6521 -8.7 1.1 0.9 3.0
2019.4356 -17.1662 -18.8671 -7.9 1.1 0.9 3.0
2019.4384 -18.3391 -15.5376 -8.6 1.2 0.9 3.0
2019.4411 -14.9627 -16.2035 -7.4 1.0 0.9 2.9
2019.4438 -16.0289 -13.207 5.1 1.0 0.9 3.0
2019.4466 -22.2841 -15.2047 -7.6 1.1 0.9 3.0
2019.4493 -20.8625 -14.5388 10.5 1.2 0.9 3.1
2019.4521 -21.2534 -13.5399 -5.3 1.3 1.0 3.4
2019.4548 -16.562 -14.5388 2.1 1.1 0.9 3.1
2019.4575 -15.0693 -13.8729 0 1.0 0.9 2.9
2019.4603 -19.2987 -12.3191 -3.7 1.1 0.9 3.1
2019.4630 -19.2987 -13.318 -8.7 1.0 0.9 2.9
2019.4658 -18.5523 -15.8706 -0.3 1.1 0.9 3.1
2019.4685 -22.8883 -22.7515 -16.8 1.3 0.9 3.2
2019.4712 -12.0483 -24.8602 -4.4 1.2 0.9 3.1
2019.4740 -20.5426 -13.4289 -13.1 1.0 0.9 2.9
2019.4767 -14.2519 -12.0971 -2 1.1 0.9 3.0
2019.4795 -18.0547 -13.7619 -3.5 1.1 0.9 3.0
2019.4822 -16.8819 -14.6497 -10.2 1.1 0.9 2.9
2019.4849 -20.3649 -14.7607 -10.4 1.2 1.0 3.1
2019.4877 -19.7252 -16.2035 -9.3 1.0 0.9 2.9
2019.4904 -14.6073 -15.6486 -9.4 1.1 0.9 3.0
2019.4932 -18.1258 -14.3168 -12.1 1.0 0.8 2.8
2019.4959 -18.73 -17.0914 -1.1 1.0 0.9 2.9
2019.4986 -17.4861 -12.4301 -6.9 1.3 1.0 3.2
2019.5014 -19.6896 -16.8694 -5.5 1.3 1.0 3.2
2019.5041 -18.3746 -12.763 2.9 1.1 0.9 3.0
2019.5068 -17.2373 -15.7596 -15.8 1.0 0.9 2.9
2019.5096 -19.0854 -14.6497 -9.5 1.1 0.9 2.9
2019.5123 -15.247 -16.2035 -8.4 1.0 0.8 2.8
2019.5151 -17.4861 -17.4243 -3.5 1.1 0.9 3.1
2019.5178 -18.6945 -17.7573 -0.8 1.3 1.1 3.2
2019.5205 -19.192 -10.2104 -11.4 1.5 1.1 3.3
2019.5233 -15.638 -14.6497 -2 1.4 1.1 3.3
2019.5260 -17.3795 -14.2058 -10.6 1.2 1.0 3.0
2019.5288 -20.5781 -14.2058 -0.3 1.2 0.9 3.2
2019.5315 -19.6896 -18.6451 -1.2 1.2 1.0 3.2
2019.5342 -17.5927 -15.2047 -4.1 1.1 0.9 3.0
2019.5370 -16.7397 -14.0948 -19 1.2 1.0 3.1
2019.5397 -17.0241 -11.0983 -5.3 1.2 0.9 3.0
2019.5425 -16.562 -14.7607 -5 1.2 0.9 3.1
2019.5452 -20.0806 -16.6474 -6.3 1.0 0.9 2.9
2019.5479 -17.3795 -15.9815 -5.6 1.1 0.9 3.1
2019.5507 -16.8464 -14.7607 -10.5 1.1 0.9 2.9
2019.5534 -20.1161 -12.874 -2.3 1.1 0.9 3.0
2019.5562 -19.3697 -13.8729 2.4 1.2 1.0 3.1
2019.5589 -15.4958 -18.2012 -3.8 1.1 0.9 3.0
2019.5616 -19.3697 -12.763 -3.2 1.0 0.9 3.0
2019.5644 -18.0547 -16.4255 -13.5 1.0 0.9 2.9
2019.5671 -19.8673 -11.8752 -13.9 1.0 0.9 2.9
2019.5699 -18.1258 -14.2058 -5.7 1.0 0.9 2.9
2019.5726 -18.2324 -16.7584 -1.2 1.1 0.9 2.9
2019.5753 -20.3649 -13.7619 -15.4 1.1 0.9 2.9
2019.5781 -15.6735 -14.8717 -4.8 1.1 1.0 2.9
2019.5808 -16.6686 -19.0891 -1.9 1.5 1.3 3.9
2019.6247 -9.38278 -15.5376 -33.7 4.0 3.0 7.6
2019.6274 -17.5927 -17.3133 -18.5 1.1 0.9 2.9
2019.6301 -16.7753 -15.3156 -9 1.1 0.9 2.9
2019.6329 -15.1759 -15.6486 -18.7 1.0 0.9 2.9
2019.6356 -17.9481 -17.7573 -4.5 1.1 0.9 2.8
2019.6384 -15.3536 -15.5376 -9.6 1.0 0.9 2.8
2019.6411 -17.6282 -16.7584 -8 1.1 0.9 2.9
2019.6438 -17.0596 -14.5388 -5.6 1.1 0.9 3.0
2019.6466 -18.6589 -16.9804 -20.7 1.0 0.9 2.9
2019.6493 -16.3488 -13.9839 -20.6 1.1 0.9 2.9
2019.6521 -16.562 -14.9827 -3.6 1.1 0.9 3.0
2019.6548 -18.6234 -16.0925 -16.8 1.1 1.0 3.0
2019.6575 -12.617 -17.2024 -11.3 1.0 0.9 3.0
2019.6603 -18.6234 -18.7561 -18.9 1.1 1.0 2.9
2019.6630 -20.436 -21.5307 -15.4 1.2 1.1 3.1
2019.6658 -10.6622 -13.207 -13.6 2.1 1.4 3.8
2019.6685 -24.0611 -20.9758 5.4 2.1 1.3 3.9
2019.6712 -18.3746 -17.8683 -6.6 1.8 1.4 3.6
2019.6740 -15.1759 -16.3145 1.9 1.2 1.0 3.0
2019.6767 -16.1355 -17.2024 -9.4 1.2 1.0 3.1
2019.6795 -18.9077 -15.8706 -4.5 1.4 1.1 3.4
2019.6822 -15.6735 -16.0925 -1.6 1.3 1.1 3.1
2019.6849 -20.8625 -16.8694 -13.3 1.1 1.0 3.0
2019.6877 -13.0435 -14.4278 -6.5 1.2 1.1 3.2
2019.6904 -13.3989 -14.7607 -18.7 1.5 1.2 3.5
2019.6932 -18.5523 -15.9815 -15.4 1.1 1.0 3.0
2019.6959 -15.6024 -16.7584 -8.2 1.1 1.0 3.1
2019.6986 -18.8011 -14.4278 -6 1.1 1.0 3.0
2019.7014 -21.0046 -14.2058 -2 1.1 0.9 2.9
2019.7041 -17.0596 -16.0925 -9.1 1.1 1.0 3.0
2019.7068 -22.7817 -12.5411 -8.2 1.3 1.0 3.0
2019.7096 -20.4715 -13.096 -12 1.1 0.9 3.0
2019.7123 -20.045 -15.2047 -12.6 1.0 0.9 2.9
2019.7151 -22.3196 -8.10175 -5.9 1.2 1.0 3.1
2019.7178 -18.8722 -16.6474 -13.1 1.0 0.9 2.8
2019.7205 -20.9335 -12.4301 -5.3 1.2 0.9 3.1
2019.7233 -21.1112 -13.8729 -1.4 1.4 1.0 3.3
2019.7260 -20.6492 -7.65782 -5.3 1.0 0.8 2.8
2019.7288 -20.6848 -8.76765 -4.3 1.0 0.9 2.9
2019.7315 -20.7203 -15.6486 -1.5 1.4 1.1 3.2
2019.7342 -16.8108 -14.6497 -11 1.1 0.9 3.0
2019.7370 -19.583 -12.2081 -12.5 1.0 0.9 2.8
2019.7397 -16.3488 -17.0914 -8.9 1.3 1.2 3.4
2019.7425 -19.6541 -16.9804 -11.9 1.7 1.3 3.6
2019.7452 -21.6088 -17.9792 -7.7 1.3 1.1 3.3
2019.7479 -14.323 -13.5399 -9.3 1.6 1.2 3.5
2019.7507 -16.7042 -15.4266 -9.5 1.4 1.2 3.4
2019.7534 -20.1516 -14.9827 -17.6 1.1 1.0 3.0
2019.7562 -20.5426 -13.8729 -2.3 1.2 1.0 3.0
2019.7589 -21.6799 -16.8694 -0.5 1.2 1.0 3.1
2019.7616 -23.1726 -14.9827 -18.7 1.2 1.0 3.1
2019.7644 -15.3181 -15.3156 -15.9 1.2 1.0 3.1
2019.7671 -18.5168 -17.0914 -9.9 1.2 1.0 3.1
2019.7699 -20.2583 -17.7573 -10.9 1.2 1.0 3.0
2019.7726 -23.1371 -12.4301 -13.5 1.2 1.0 3.0
2019.7753 -18.4457 -21.0868 -5.9 1.2 1.0 3.2
2019.7781 -17.4505 -17.7573 -10.5 1.2 1.0 3.0
2019.7808 -20.2583 -20.4209 -14.2 1.1 0.9 2.9
2019.7836 -17.5927 -19.422 -17.3 1.0 0.8 2.7
2019.7863 -17.7349 -18.8671 -16.9 1.0 0.9 2.8
2019.7890 -17.5216 -17.6463 -14.4 0.9 0.8 2.7
2019.7918 -18.5523 -18.2012 -7.8 1.2 0.9 2.9
2019.7945 -21.3245 -17.2024 -16.9 1.1 0.9 2.9
2019.7973 -22.3552 -14.6497 -12.5 1.2 0.9 3.0
2019.8000 -21.0757 -14.9827 -13.2 1.2 1.0 2.9
2019.8027 -21.3245 -16.7584 -18.6 1.1 1.0 3.0
2019.8055 -20.4715 -14.8717 -9.4 1.1 0.9 2.9
2019.8082 -20.4715 -18.8671 -12.6 1.1 0.9 2.9
2019.8110 -21.1823 -19.2001 -12 1.0 0.9 2.8
2019.8137 -19.7252 -17.3133 -15.7 1.3 1.0 3.1
2019.8164 -19.9029 -20.3099 -10.1 1.7 1.3 3.8
2019.8192 -17.4505 -19.422 -11 1.8 1.4 4.0
2019.8219 -17.3084 -20.3099 -7.5 1.5 1.1 3.3
2019.8247 -21.1468 -16.0925 -2.5 1.4 1.1 3.3
2019.8274 -18.1614 -19.422 -17.4 1.3 1.0 3.2
2019.8301 -17.2018 -14.5388 -11.6 1.3 1.1 3.1
2019.8329 -20.0095 -19.311 -4.8 1.0 0.9 2.9
2019.8356 -17.806 -19.755 -10.3 1.0 0.9 2.8
2019.8384 -17.1307 -20.3099 -18.9 1.0 0.8 2.8
2019.8411 -18.0192 -20.0879 -10.6 1.0 0.8 2.7
2019.8438 -20.5071 -19.644 -11.7 1.0 0.8 2.8
2019.8466 -19.8318 -18.0902 -6.5 1.0 0.9 3.0
2019.8493 -19.6896 -18.3122 -3.3 1.1 0.9 2.9
2019.8521 -19.2987 -17.9792 -7 1.1 0.9 2.9
2019.8548 -20.0806 -21.7527 -9 1.0 0.9 2.8
2019.8575 -23.7768 -17.4243 -7.6 1.0 0.9 2.8
2019.8603 -19.583 -18.2012 -5.3 1.1 0.9 2.8
2019.8630 -18.1258 -19.311 -6.3 1.3 1.0 3.2
2019.8658 -21.7154 -19.422 1.7 1.1 0.8 2.8
2019.8685 -15.3181 -20.7538 -15.8 1.0 0.8 2.8
2019.8712 -19.7962 -20.1989 -6.3 1.0 0.9 2.8
2019.8740 -20.2938 -19.755 0.7 1.0 0.8 2.8
2019.8767 -19.4764 -21.4197 -12 1.1 0.9 2.8
2019.8795 -23.066 -19.311 -5.8 1.1 0.9 2.9
2019.8822 -21.0046 -18.9781 -13.7 1.1 0.9 2.9
2019.8849 -16.9174 -19.9769 -10.9 1.0 0.8 2.8
2019.8877 -20.2938 -17.0914 -4.5 1.0 0.9 2.9
2019.8904 -17.9837 -16.8694 -14 1.4 1.1 3.1
2019.8932 -18.1614 -15.0937 -5.4 1.3 1.0 3.1
2019.8959 -24.8075 -18.4232 3.6 1.3 1.0 3.2
2019.8986 -20.7558 -20.1989 -10.7 1.2 1.0 3.0
2019.9014 -21.2179 -19.533 -13.2 1.2 0.9 3.0
2019.9041 -19.4408 -18.9781 -13.1 1.0 0.8 2.8
2019.9068 -16.1711 -20.0879 -13.9 1.2 1.0 3.1
2019.9096 -21.3245 -19.644 -14.1 1.0 0.8 2.9
2019.9123 -20.6848 -23.0845 -8.5 1.1 0.9 3.0
2019.9151 -19.6541 -19.644 -7 1.0 0.8 2.8
2019.9178 -20.0806 -20.1989 -12.4 1.0 0.9 2.9
2019.9205 -23.4925 -19.533 -4.4 1.0 0.9 2.9
2019.9233 -23.3503 -19.422 -16.4 1.0 0.9 3.0
2019.9260 -19.5119 -19.8659 -15.2 1.1 0.9 3.1
2019.9288 -20.1161 -19.2001 -17.5 1.0 0.9 2.9
2019.9315 -20.2227 -18.9781 -10.1 1.1 0.9 2.9
2019.9342 -18.268 -18.9781 -6.2 1.0 0.8 2.9
2019.9370 -20.898 -18.2012 -3.9 1.0 0.9 2.9
2019.9397 -20.2583 -18.7561 -9.9 1.0 0.8 2.8
2019.9425 -21.1823 -18.8671 -2.3 1.0 0.9 2.9
2019.9452 -21.4311 -18.0902 -4.5 1.1 0.9 3.0
2019.9479 -18.5523 -19.0891 -1.7 1.0 0.8 2.9
2019.9507 -22.604 -18.7561 -10.2 1.0 0.9 3.0
2019.9534 -22.604 -19.0891 -16.6 1.0 0.9 3.0
2019.9562 -24.5587 -17.3133 -17.3 1.0 0.8 2.8
2019.9589 -19.8318 -17.4243 -20 1.0 0.8 2.8
2019.9616 -21.5733 -17.2024 -7 1.0 0.9 2.8
2019.9644 -23.5991 -16.8694 -14.8 1.2 1.0 3.2
2019.9671 -22.8883 -17.2024 -8.1 1.2 1.1 3.3
2019.9699 -20.3649 -18.0902 -14 1.1 1.0 3.2
2019.9726 -22.7817 -17.4243 -13.4 1.1 1.0 3.1
2019.9753 -24.3455 -18.0902 -25.2 1.1 0.9 3.1
2019.9781 -21.0046 -18.2012 -5.1 1.0 0.9 3.1
2019.9808 -22.6395 -20.4209 -21.7 1.0 0.9 3.1
2019.9836 -23.7057 -21.6417 -16.4 1.0 0.9 3.0
2019.9863 -26.1225 -19.8659 -20.3 1.1 0.9 3.0
2019.9890 -27.5441 -21.7527 -14.9 1.0 0.9 3.0
2019.9918 -25.8737 -19.9769 -13.3 1.1 0.9 3.0
2019.9945 -22.6395 -22.1966 -2.4 1.1 0.9 3.1
2019.9973 -16.5976 -27.7457 -19.3 1.0 0.9 3.0
2020.0000 -25.8382 -21.1977 -13.3 1.1 1.0 3.2
2020.0027 -25.8382 -18.8671 -5.6 1.1 0.9 3.1
2020.0055 -22.3552 -22.3076 -10.3 1.1 0.9 3.0
2020.0082 -23.0305 -19.9769 -1.1 1.2 1.0 3.3
2020.0110 -26.087 -21.6417 -7.6 1.3 1.1 3.4
2020.0137 -24.4165 -21.5307 -12 1.3 1.0 3.2
2020.0164 -23.4925 -24.0833 -15.3 1.0 0.9 3.0
2020.0192 -27.1532 -23.1954 -9.6 1.1 0.9 3.1
2020.0219 -20.7914 -20.6428 -22.6 1.2 1.0 3.2
2020.0247 -25.4472 -24.9712 -11.2 1.6 1.3 3.8
2020.0274 -27.1532 -24.7492 -7.5 1.3 1.1 3.4
2020.0301 -25.2695 -26.192 -18.1 1.2 1.0 3.1
2020.0329 -24.4521 -28.7446 -11.8 1.0 0.9 2.9
2020.0356 -23.4569 -25.1931 -12.9 1.1 0.9 3.1
2020.0384 -22.7106 -24.5272 -22.4 1.2 1.0 3.3
2020.0411 -24.1678 -25.4151 -3.8 1.1 0.9 3.1
2020.0438 -22.1064 -22.4186 -6.7 1.1 1.0 3.2
2020.0466 -23.066 -24.3053 -4.4 1.1 0.9 3.0
2020.0493 -23.9901 -27.1908 -4.4 1.1 0.9 3.1
2020.0521 -28.7525 -21.4197 -6.1 1.1 0.9 3.0
2020.0548 -27.0821 -23.3064 -1.1 1.1 0.9 3.0
2020.0575 -28.1839 -22.6405 -8.9 1.1 1.0 3.0
2020.0603 -20.9691 -23.4174 -16.8 1.1 1.0 3.2
2020.0630 -28.2905 -26.303 -10.8 1.1 0.9 3.0
2020.0658 -26.1936 -25.748 -11 1.1 0.9 3.2
2020.0685 -24.6298 -21.8636 -16.3 1.0 0.9 3.0
2020.0712 -24.9497 -24.7492 -6.1 1.0 0.9 2.9
2020.0740 -22.6395 -23.9723 -6.7 1.0 0.9 3.0
2020.0767 -23.3148 -21.8636 -2.6 1.1 0.9 3.0
2020.0795 -26.7978 -22.8625 -5.5 1.3 1.2 3.2
2020.0822 -29.8898 -25.859 -0.7 1.5 1.2 3.6
2020.0849 -22.3196 -26.303 -3.9 1.3 1.1 3.2
2020.0877 -28.255 -25.97 -6.4 1.2 1.1 3.2
2020.0904 -24.3455 -26.303 -10.4 1.0 0.9 2.9
2020.0932 -26.4424 -26.6359 -12 1.1 1.0 3.2
2020.0959 -25.8382 -24.4162 -0.7 1.1 1.0 3.2
2020.0986 -26.549 -25.3041 -6.5 1.1 1.0 3.2
2020.1014 -25.9803 -26.5249 4.1 1.2 1.1 3.2
2020.1041 -22.8172 -28.0787 -10.2 1.3 1.2 3.5
2020.1068 -22.4263 -25.859 -6 1.1 0.9 3.1
2020.1096 -22.6395 -25.6371 4.2 1.1 1.0 3.1
2020.1123 -26.3002 -28.5226 -3.2 1.1 1.0 3.2
2020.1151 -21.9642 -28.1897 -11.2 1.1 1.0 3.0
2020.1178 -26.5135 -25.0821 5.7 1.1 1.0 3.1
2020.1205 -23.1726 -27.9677 -1.5 1.1 0.9 3.0
2020.1233 -23.3503 -26.6359 -7.9 1.0 0.9 3.0
2020.1260 -21.5022 -27.0798 -2.7 1.1 1.0 3.2
2020.1288 -23.9545 -29.1885 -1 1.1 0.9 3.1
2020.1315 -24.3455 -27.8567 0.1 1.1 1.0 3.1
2020.1342 -26.0514 -29.7434 15.7 1.9 1.6 4.6
2020.1370 -22.1064 -28.9666 1.9 1.2 1.1 3.4
2020.1397 -20.0095 -27.5238 -4.4 1.2 1.1 3.1
2020.1425 -25.1274 -28.6336 6.5 1.5 1.1 3.5
2020.1452 -22.7817 -27.9677 3.6 1.2 1.0 3.1
2020.1479 -24.8786 -28.6336 0.2 1.1 0.9 3.0
2020.1507 -26.6556 -28.8556 2.1 1.0 0.9 2.9
2020.1534 -23.7768 -28.6336 -8.3 1.1 0.9 3.0
2020.1562 -24.1678 -27.7457 -4 1.0 0.9 2.9
2020.1589 -26.8689 -29.2995 -4.5 1.1 1.0 3.2
2020.1616 -26.6912 -29.9654 -8.1 1.1 0.9 3.0
2020.1644 -28.326 -28.0787 -13.8 1.3 1.2 3.5
2020.1671 -26.1936 -29.8544 -5.1 1.2 1.1 3.3
2020.1699 -29.3567 -27.7457 -3.9 1.2 1.0 3.2
2020.1726 -26.6201 -28.1897 -11.1 1.2 1.1 3.2
2020.1753 -26.5135 -28.9666 -9 1.3 1.1 3.3
2020.1781 -23.9545 -30.5203 -12.5 1.1 1.0 3.1
2020.1808 -24.0611 -23.3064 -5.4 1.1 1.0 3.2
2020.1836 -27.3664 -29.8544 -9.2 1.1 1.0 3.2
2020.1863 -26.158 -31.1862 -8.7 1.2 1.0 3.0
2020.1890 -26.8333 -30.7423 4 1.1 1.0 3.1
2020.1918 -26.2291 -27.5238 -4 1.2 1.0 3.2
2020.1945 -27.0466 -30.5203 -6.5 1.0 0.9 3.0
2020.1973 -27.5441 -32.407 -0.6 1.3 1.1 3.2
2020.2000 -24.4165 -32.518 -8.9 1.1 1.0 3.2
2020.2027 -24.381 -32.629 -7 1.1 0.9 3.1
2020.2055 -26.3002 -32.407 -13.5 1.0 0.9 3.1
2020.2082 -21.0046 -32.0741 -0.1 1.4 1.2 3.5
2020.2110 -21.4311 -31.7411 2 1.1 1.0 3.0
2020.2137 -22.9594 -32.1851 -5 1.3 1.0 3.2
2020.2164 -26.2647 -31.5192 -3.8 1.5 1.2 3.7
2020.2192 -27.8285 -34.5157 -4.2 1.3 1.1 3.4
2020.2219 -26.1225 -32.407 -8.3 1.2 1.0 3.3
2020.2247 -25.234 -30.2983 -9.6 1.1 0.9 3.1
2020.2274 -24.3099 -31.0752 -13.8 1.3 1.0 3.2
2020.2301 -27.0466 -30.9642 -13.1 1.1 1.0 3.2
2020.2329 -24.4521 -31.4082 -8.3 1.1 0.9 3.0
2020.2356 -25.5183 -33.1839 -15.8 1.1 1.0 3.2
2020.2384 -26.2291 -32.0741 -6.8 1.2 1.0 3.4
2020.2411 -25.0918 -28.9666 -5.9 1.1 1.0 3.2
2020.2438 -22.4973 -31.8521 -9.3 1.3 1.1 3.5
2020.2466 -25.8382 -33.0729 -6 1.5 1.1 3.6
2020.2493 -24.1678 -33.4059 -2.2 1.5 1.2 3.6
2020.2521 -24.5232 -35.0706 -4.8 1.3 1.1 3.3
2020.2548 -23.919 -31.6301 -1.6 1.4 1.1 3.6
2020.2575 -23.4569 -33.7388 2.2 1.4 1.0 3.3
2020.2603 -23.2437 -33.4059 -3.5 1.1 1.0 3.2
2020.2630 -22.8172 -32.407 4 1.2 0.9 3.2
2020.2658 -24.5942 -34.1827 -1.3 1.1 1.0 3.1
2020.2685 -27.7218 -34.5157 4.3 1.1 0.9 3.0
2020.2712 -21.751 -33.8498 1 1.6 1.2 3.8
2020.2740 -25.6605 -34.7377 -3.8 1.2 1.0 3.1
2020.2767 -22.4618 -33.7388 -3.4 1.2 1.0 3.2
2020.2795 -21.1112 -35.9585 0.3 1.3 1.0 3.3
2020.2822 -27.7574 -35.4036 2.7 1.4 1.2 3.4
2020.2849 -24.8786 -32.851 5.1 1.2 1.0 3.2
2020.2877 -22.0353 -32.1851 -3.4 1.2 1.0 3.3
2020.2904 -25.0918 -32.518 -0.8 1.3 1.1 3.4
2020.2932 -23.8479 -33.2949 -4.5 1.3 1.1 3.2
2020.2959 -19.9384 -32.74 6.4 1.2 1.0 3.3
2020.2986 -24.0256 -32.407 -2.1 1.2 1.0 3.2
2020.3014 -24.1678 -32.1851 -0.8 1.1 0.9 3.1
2020.3041 -22.0709 -33.7388 2.4 1.3 1.0 3.4
2020.3068 -22.0709 -33.9608 -8.3 1.3 1.0 3.2
2020.3096 -21.6444 -35.5145 1.2 1.3 1.0 3.2
2020.3123 -22.0353 -32.851 2.6 1.0 0.9 3.0
2020.3151 -24.772 -34.2937 -1.9 1.2 1.0 3.2
2020.3178 -23.6702 -32.407 3.9 1.1 1.0 3.1
2020.3205 -28.8591 -31.5192 5.3 1.5 1.1 3.4
2020.3233 -21.7865 -32.518 0.4 1.6 1.1 3.4
2020.3260 -21.2179 -34.5157 17.4 1.3 1.0 3.2
2020.3288 -25.0918 -33.8498 0.3 1.1 0.9 3.0
2020.3315 -23.4925 -32.629 -4.7 1.1 1.0 3.1
2020.3342 -24.8075 -32.629 0.5 1.2 1.0 3.4
2020.3370 -23.2082 -34.0718 -1.7 1.2 1.0 3.2
2020.3397 -23.528 -36.7354 -5.9 1.1 0.9 3.0
2020.3425 -24.7364 -32.851 1.3 1.2 0.9 3.1
2020.3452 -23.2082 -33.4059 -5.8 1.3 1.0 3.2
2020.3479 -23.9545 -32.518 2 1.2 1.0 3.2
2020.3507 -22.7461 -36.0695 -5.9 1.2 1.0 3.1
2020.3534 -16.9174 -37.8452 -0.1 1.2 1.0 3.2
2020.3562 -18.73 -35.1816 0.1 1.0 0.9 3.1
2020.3589 -19.6185 -34.9596 2 1.1 0.9 3.1
2020.3616 -23.8124 -35.5145 0.6 1.2 1.0 3.2
2020.3644 -22.604 -35.4036 0.9 1.1 0.9 3.1
2020.3671 -21.7865 -35.7365 1.6 1.1 0.9 3.1
2020.3699 -19.3342 -36.6244 1.2 1.1 0.9 3.0
2020.3726 -23.4569 -35.2926 6.5 1.1 0.9 3.1
2020.3753 -21.6799 -36.8463 -0.9 1.2 1.0 3.2
2020.3781 -23.2082 -35.0706 -4.6 1.1 0.9 3.1
2020.3808 -21.8931 -35.9585 -4.9 1.1 0.9 3.1
2020.3836 -21.9642 -36.8463 0.6 1.2 1.0 3.2
2020.3863 -23.1726 -37.4013 -4 1.1 0.9 3.0
2020.3890 -26.0159 -34.9596 7.5 1.2 1.0 3.2
2020.3918 -24.7364 -35.7365 -1.9 1.2 1.0 3.2
2020.3945 -23.9901 -33.5169 0.1 1.1 0.9 3.2
2020.3973 -21.8221 -36.1804 -3.2 1.1 1.0 3.2
2020.4000 -24.0611 -36.0695 4 1.2 0.9 3.1
2020.4027 -20.8625 -36.5134 -4.8 1.2 0.9 3.2
2020.4055 -20.2227 -36.6244 -5.7 1.1 0.9 3.1
2020.4082 -19.8673 -35.6255 2.7 1.3 1.0 3.4
2020.4110 -21.5022 -35.8475 -3.7 1.1 0.9 3.2
2020.4137 -22.4618 -36.8463 0.4 1.3 1.0 3.4
2020.4164 -21.0402 -37.1793 -3.2 1.1 0.9 3.1
2020.4192 -21.3245 -37.0683 -3.3 1.1 1.0 3.2
2020.4219 -23.1015 -34.9596 -1 1.4 1.2 3.8
2020.4247 -23.528 -35.7365 -0.2 1.1 0.9 3.2
2020.4274 -21.289 -36.1804 -8 1.1 1.0 3.3
2020.4301 -19.5119 -37.8452 -14.7 1.2 1.0 3.3
2020.4329 -24.5587 -37.4013 -12.1 1.2 0.9 3.2
2020.4356 -20.1872 -36.9573 2.1 1.2 0.9 3.3
2020.4384 -21.1468 -37.2903 -5.8 1.1 0.9 3.1
2020.4411 -21.9642 -38.2891 0.8 1.1 0.9 3.1
2020.4438 -24.1322 -35.6255 -4.1 1.3 1.0 3.4
2020.4466 -21.1112 -36.2914 -11.4 1.1 0.9 3.2
2020.4493 -20.1161 -39.6209 -8.1 1.1 0.9 3.2
2020.4521 -22.7817 -34.8486 -0.1 1.1 0.9 3.1
2020.4548 -18.6945 -38.4001 -0.9 1.1 0.9 3.2
2020.4575 -22.8172 -37.5122 -2 1.2 1.0 3.3
2020.4603 -21.289 -35.0706 1.2 1.3 1.0 3.3
2020.4630 -21.7865 -35.9585 -7.1 1.2 1.0 3.4
2020.4658 -20.8269 -36.9573 -4.4 1.3 1.0 3.4
2020.4685 -24.9141 -37.9562 4.4 1.2 1.0 3.4
2020.4712 -26.5135 -38.5111 -4.2 1.3 1.0 3.6
2020.4740 -26.4779 -35.6255 3.7 1.2 1.0 3.4
2020.4767 -18.4101 -34.6267 -14.4 1.2 1.0 3.3
2020.4795 -24.5942 -37.5122 -9.7 1.2 1.0 3.3
2020.4822 -24.6653 -35.1816 -1.1 1.3 1.0 3.4
2020.4849 -25.7671 -38.0672 -8.4 1.1 0.9 3.3
2020.4877 -21.1468 -37.0683 -11.4 1.2 1.0 3.6
2020.4904 -23.1015 -38.6221 6.9 1.3 1.0 3.6
2020.4932 -25.234 -39.066 -13.9 1.3 1.0 3.6
2020.4959 -22.4973 -38.4001 -4.9 1.1 0.9 3.3
2020.4986 -23.4569 -37.1793 -13.1 1.2 1.0 3.5
2020.5014 -22.7461 -36.4024 -10.9 1.3 1.0 3.5
2020.5041 -22.4618 -39.8429 -14.6 1.2 1.0 3.4
2020.5068 -23.3148 -36.5134 -6.8 1.3 1.0 3.6
2020.5096 -22.213 -39.066 -0.1 1.2 1.0 3.4
2020.5123 -21.4667 -38.844 -11.4 1.7 1.2 3.8
2020.5151 -27.7574 -36.6244 5.9 1.3 1.1 3.5
2020.5178 -21.289 -36.5134 -5.8 1.3 1.0 3.4
2020.5205 -19.0143 -37.2903 -8.2 1.2 1.0 3.4
2020.5233 -20.2938 -35.7365 0.4 1.4 1.1 3.6
2020.5260 -26.2291 -37.7342 4.6 1.2 1.0 3.3
2020.5288 -23.3148 -37.8452 -4.4 1.2 1.0 3.3
2020.5315 -21.6799 -37.9562 3.3 1.2 1.0 3.4
2020.5342 -22.5684 -34.2937 0.1 1.2 1.0 3.5
2020.5370 -26.4779 -38.844 -8.3 1.5 1.3 4.0
2020.5397 -25.3761 -34.4047 2 1.3 1.1 3.5
2020.5425 -20.3294 -37.6232 -9.1 1.4 1.1 3.7
2020.5452 -20.6848 -38.7331 -6.5 1.2 1.0 3.4
2020.5479 -18.6945 -38.2891 3.5 1.2 1.1 3.5
2020.5507 -28.255 -30.4093 24.3 1.3 1.1 3.6
2020.5534 -21.6444 -38.5111 -4.9 1.1 1.0 3.3
2020.5562 -21.9642 -38.0672 -12.5 1.1 1.0 3.2
2020.5589 -22.1775 -37.0683 -19.2 1.2 1.0 3.4
2020.5616 -23.9545 -33.8498 -1.4 1.2 1.0 3.4
2020.5644 -24.4876 -35.5145 -14 1.7 1.4 3.9
2020.5671 -23.8124 -36.8463 -0.5 1.5 1.2 3.9
2020.5699 -22.9949 -35.2926 -9.8 1.1 0.9 3.3
2020.5726 -25.6605 -33.9608 -7.1 1.1 1.0 3.3
2020.5753 -18.3035 -37.1793 -20.7 1.3 1.1 3.7
2020.5781 -21.5377 -35.1816 -18.4 1.2 1.0 3.5
2020.5808 -22.0709 -34.8486 -18.2 1.3 1.1 3.5
2020.5836 -19.5119 -35.2926 -20.1 1.3 1.1 3.5
2020.5863 -22.675 -33.0729 -17.9 1.2 1.1 3.5
2020.5890 -23.8834 -38.0672 -21.8 1.3 1.2 3.8
2020.5918 -23.1371 -31.9631 1.1 1.8 1.3 3.9
2020.5945 -20.3294 -35.8475 -4.9 1.4 1.1 3.6
2020.5973 -19.9384 -36.1804 -10.6 1.2 1.0 3.4
2020.6000 -20.436 -35.7365 -13.7 1.2 1.1 3.4
2020.6027 -22.0709 -33.5169 -5.5 1.1 1.0 3.3
2020.6055 -18.4457 -35.0706 -9 1.4 1.1 3.5
2020.6082 -19.5475 -34.8486 -2.1 1.2 1.1 3.5
2020.6110 -20.2227 -34.8486 -17.8 1.1 1.0 3.3
2020.6137 -19.9739 -35.1816 -17.3 1.2 1.1 3.4
2020.6164 -21.6799 -36.8463 -19 1.2 1.0 3.3
2020.6192 -21.751 -40.2868 -20.3 1.2 1.1 3.4
2020.6219 -17.3795 -36.6244 -15 1.1 1.0 3.2
2020.6247 -18.5168 -35.9585 -10.2 1.1 1.0 3.2
2020.6274 -18.6234 -34.0718 -13.7 1.1 1.0 3.2
2020.6301 -16.8464 -34.9596 -11.5 1.2 1.0 3.3
2020.6329 -22.2486 -32.74 -19.7 1.3 1.1 3.6
2020.6356 -21.8221 -37.0683 -12.6 1.2 1.0 3.3
2020.6384 -16.4909 -33.0729 -18.9 1.2 1.1 3.3
2020.6411 -19.7962 -40.2868 2.9 1.2 1.1 3.4
2020.6438 -18.268 -34.5157 -16.6 1.4 1.2 3.6
2020.6466 -22.8527 -30.9642 -24.9 1.2 1.1 3.4
2020.6493 -19.5119 -39.3989 -9.2 1.2 1.1 3.4
2020.6521 -18.0547 -36.6244 -15.3 1.2 1.0 3.3
2020.6548 -24.4876 -33.8498 -18.6 1.2 1.1 3.4
2020.6575 -19.5475 -30.7423 -19.7 1.4 1.1 3.6
2020.6603 -21.9642 -32.407 -18.6 1.4 1.2 3.6
2020.6630 -23.8124 -30.8533 -12.1 1.4 1.2 3.8
2020.6658 -13.2567 -35.7365 -22.1 1.4 1.2 3.5
2020.6685 -25.1984 -29.9654 3.3 1.8 1.4 4.1
2020.6712 -20.6848 -33.8498 -7.6 1.7 1.5 4.2
2020.6740 -22.4263 -34.5157 -16.8 1.6 1.3 4.0
2020.6767 -21.6088 -33.9608 -6.6 1.2 1.0 3.3
2020.6795 -23.5991 -29.8544 -13.8 1.6 1.4 4.0
2020.6822 -18.6945 -35.7365 -11.2 1.3 1.1 3.5
2020.6849 -21.2179 -34.9596 -22.4 1.2 1.0 3.3
2020.6877 -24.2033 -34.1827 -19.3 1.4 1.2 3.6
2020.6904 -21.36 -34.2937 -12.8 1.2 1.0 3.3
2020.6932 -22.2486 -39.288 -16.5 1.1 1.0 3.4
2020.6959 -22.5329 -37.7342 -15 1.2 1.0 3.4
2020.6986 -20.6848 -34.1827 -13.5 1.4 1.2 3.6
2020.7014 -20.6492 -37.2903 -16.2 1.4 1.2 3.7
2020.7041 -23.1371 -36.0695 -21.5 1.3 1.1 3.5
2020.7068 -17.7349 -33.9608 -12.2 1.5 1.2 3.7
2020.7096 -14.6428 -36.9573 -20.4 1.5 1.2 3.7
2020.7123 -17.9126 -34.5157 -15.8 1.4 1.1 3.6
2020.7151 -26.5135 -30.6313 -16.5 1.3 1.1 3.5
2020.7178 -23.4214 -35.7365 -19.6 1.2 1.1 3.4
2020.7205 -19.9029 -29.5215 -6.3 1.4 1.1 3.4
2020.7233 -19.9384 -39.5099 -13.5 1.3 1.1 3.6
2020.7260 -26.0159 -32.851 -15.3 1.2 1.0 3.2
2020.7288 -24.7364 -35.1816 -19.1 1.4 1.2 3.7
2020.7315 -21.5733 -37.1793 -20.3 1.6 1.3 3.7
2020.7342 -21.8931 -31.6301 -13.5 1.6 1.3 4.0
2020.7370 -25.8382 -34.0718 -20.4 1.7 1.3 3.8
2020.7397 -23.3503 -38.6221 -13.3 1.9 1.5 4.1
2020.7425 -27.9706 -36.2914 -13.4 2.4 2.0 4.4
2020.7452 -30.4585 -39.7319 -0.3 2.9 2.0 4.9
2020.7479 -24.8786 -41.1747 -14.3 1.6 1.2 3.8
2020.7507 -27.1532 -33.7388 -7.3 1.7 1.3 4.0
2020.7534 -27.2954 -34.0718 -15.1 1.3 1.1 3.4
2020.7562 -24.8786 -29.5215 -14.9 1.6 1.2 3.7
2020.7589 -26.4068 -31.7411 -8.2 1.4 1.1 3.5
2020.7616 -22.4618 -34.6267 -13.8 1.2 1.0 3.4
2020.7644 -24.0256 -36.6244 -15.2 1.6 1.3 3.8
2020.7671 -13.3278 -39.5099 -20.1 1.4 1.1 3.7
2020.7699 -18.6234 -39.288 -17.2 1.1 1.0 3.3
2020.7726 -21.9998 -34.2937 -17.6 1.3 1.0 3.3
2020.7753 -27.5797 -36.2914 -4.9 1.1 0.9 3.2
2020.7781 -24.4876 -35.2926 -16 1.2 1.0 3.3
2020.7808 -25.234 -35.2926 -15.8 1.1 0.9 3.0
2020.7836 -24.9141 -39.288 -14.5 1.1 1.0 3.1
2020.7863 -23.919 -37.8452 -21.9 1.1 0.9 3.1
2020.7890 -26.549 -38.5111 -25.2 1.1 0.9 3.1
2020.7918 -23.1726 -45.281 -6.8 1.1 1.0 3.2
2020.7945 -27.3664 -41.9516 2.7 1.1 0.9 3.1
2020.7973 -22.8883 -41.9516 -13.1 1.4 1.2 3.6
2020.8000 -24.7364 -39.288 -9.6 1.1 0.9 3.1
2020.8027 -22.1775 -36.9573 -12 1.3 1.1 3.4
2020.8055 -21.6088 -39.066 -10.4 1.2 1.0 3.2
2020.8082 -22.8172 -38.0672 -12.7 1.3 1.1 3.4
2020.8110 -21.0402 -36.2914 -9.9 1.1 1.0 3.2
2020.8137 -20.4715 -34.8486 -7.2 1.3 1.3 3.5
2020.8164 -27.7574 -38.844 -10.2 1.8 1.5 4.0
2020.8192 -23.9545 -35.6255 -6.8 1.6 1.3 3.9
2020.8219 -24.4165 -37.8452 -3 1.6 1.4 3.9
2020.8247 -24.1322 -38.4001 -24.9 1.3 1.0 3.4
2020.8274 -26.7267 -40.5088 -15.9 1.6 1.4 3.6
2020.8301 -27.8995 -47.6117 -6.5 1.4 1.2 3.6
2020.8329 -26.0159 -39.177 -19 1.2 1.0 3.3
2020.8356 -22.6395 -39.177 -15.5 1.4 1.1 3.6
2020.8384 -23.4925 -36.0695 -25.1 1.3 1.2 3.5
2020.8411 -23.9901 -39.6209 -16.8 1.1 0.9 3.0
2020.8438 -23.2792 -41.2857 -19.6 1.1 1.0 3.1
2020.8466 -25.8026 -36.7354 -15.1 1.2 1.0 3.3
2020.8493 -20.1872 -40.2868 -10.6 1.2 1.0 3.4
2020.8521 -23.919 -38.844 -18.1 1.4 1.2 3.5
2020.8548 -21.6444 -40.2868 -22.2 1.2 1.0 3.1
2020.8575 -24.381 -39.066 -20.3 1.2 1.0 3.2
2020.8603 -27.1532 -38.2891 -17.1 1.2 0.9 3.2
2020.8630 -24.6653 -39.066 -18.7 1.1 0.9 3.2
2020.8658 -26.5845 -37.4013 -14.5 1.3 1.0 3.4
2020.8685 -18.2324 -36.9573 -18.9 1.4 1.1 3.6
2020.8712 -29.4989 -39.9539 -21.3 1.3 1.0 3.4
2020.8740 -26.1936 -39.6209 -19 1.1 0.9 3.2
2020.8767 -27.3664 -39.6209 -20.2 1.1 1.0 3.2
2020.8795 -24.9141 -40.0648 -19.8 1.2 1.0 3.3
2020.8822 -21.9998 -38.955 -23.1 1.2 1.0 3.4
2020.8849 -27.8285 -38.5111 -19.2 1.3 1.1 3.5
2020.8877 -37.2112 -38.955 -11.7 1.3 1.0 3.4
2020.8904 -39.166 -31.0752 -24.5 1.7 1.3 3.9
2020.8932 -28.717 -36.4024 -12.5 1.4 1.2 3.6
2020.8959 -31.738 -31.4082 -27.2 1.9 1.7 4.2
2020.8986 -31.1693 -29.7434 -17.1 1.3 1.1 3.6
2020.9014 -31.9157 -31.1862 -8.8 1.2 1.0 3.3
2020.9041 -29.6766 -28.9666 -24.4 1.7 1.5 4.1
2020.9068 -31.4181 -33.6278 -14.4 1.4 1.1 3.6
2020.9096 -29.0724 -33.4059 -13.6 1.3 1.1 3.6
2020.9123 -25.9448 -34.0718 -27 1.3 1.1 3.5
2020.9151 -26.9399 -35.2926 -11.2 1.4 1.1 3.8
2020.9178 -27.1532 -34.4047 -7 1.3 1.1 3.6
2020.9205 -29.57 -38.7331 -17.4 1.1 0.9 3.2
2020.9233 -26.0514 -39.9539 -18.4 1.2 1.0 3.3
2020.9260 -24.6298 -40.3978 -22.3 1.2 1.1 3.5
2020.9288 -27.9351 -40.2868 -18.1 1.1 0.9 3.2
2020.9315 -29.0369 -43.6163 -15.5 1.2 1.0 3.4
2020.9342 -27.2243 -40.6198 -19.8 1.3 1.1 3.5
2020.9370 -26.1225 -40.9527 -18 1.2 1.0 3.4
2020.9397 -27.864 -40.2868 -13.2 1.2 1.0 3.4
2020.9425 -25.8026 -41.2857 -18.8 1.3 1.1 3.5
2020.9452 -28.7525 -44.2822 -23.3 1.3 1.0 3.4
2020.9479 -28.3616 -44.9481 -22.5 1.3 1.1 3.4
2020.9507 -28.6459 -43.1724 -22.3 1.1 1.0 3.3
2020.9534 -28.4327 -44.6151 -24.9 1.1 1.0 3.3
2020.9562 -27.5797 -44.1712 -16.7 1.2 1.0 3.4
2020.9589 -21.8576 -38.6221 -26.6 1.2 1.0 3.3
2020.9616 -27.1887 -44.9481 -19.8 1.2 1.0 3.4
2020.9644 -30.3163 -43.6163 -18.6 1.2 1.0 3.4
2020.9671 -28.8236 -43.5053 -18 1.2 1.1 3.5
2020.9699 -26.9755 -43.3943 -12.7 1.4 1.2 3.8
2020.9726 -29.4633 -42.7284 -14.6 1.2 1.1 3.5
2020.9753 -36.2872 -50.7192 4.4 1.4 1.1 3.7
2020.9781 -30.7428 -42.6175 -10.1 1.5 1.2 3.8
2020.9808 -31.2759 -43.7273 -9.2 1.4 1.1 3.6
2020.9836 -37.4245 -48.7215 2.9 1.5 1.2 4.0
2020.9863 -27.7574 -44.8371 -16.4 1.3 1.1 3.6
2020.9890 -27.7574 -43.1724 -17.7 1.1 1.0 3.3
2020.9918 -29.57 -44.5042 -20.1 1.4 1.2 3.7
2020.9945 -26.549 -44.1712 -9.6 1.4 1.1 3.5
2020.9973 -25.0563 -47.2787 -10.4 1.3 1.1 3.5
2021.0000 -29.641 -43.6163 -12.9 1.3 1.0 3.4
2021.0027 -28.7881 -44.1712 -12.2 1.2 1.0 3.3
2021.0027 -28.0773 -46.9458 -17.2 1.2 1.0 3.4
2021.0055 -31.3825 -46.6128 4.8 1.2 0.9 3.2
2021.0082 -29.8188 -43.6163 -11.1 1.2 1.0 3.2
2021.0110 -32.4488 -46.5019 -9.1 1.2 1.1 3.4
2021.0137 -31.0271 -46.9458 17.2 1.3 1.1 3.7
2021.0164 -29.1435 -43.0614 -8.5 1.5 1.2 3.6
2021.0192 -27.9706 -42.8394 -5.2 1.3 1.0 3.4
2021.0219 -30.5296 -47.0568 -5.1 1.2 1.0 3.3
2021.0247 -32.0578 -47.1678 -3.7 1.3 1.2 3.6
2021.0274 -28.5748 -46.3909 -12 1.2 1.2 3.5
2021.0301 -33.1951 -50.7192 30.1 1.5 1.3 4.1
2021.0329 -27.7218 -45.9469 -7.9 1.3 1.1 3.5
2021.0356 -30.5296 -44.3932 -3.8 1.2 1.1 3.5
2021.0384 -35.1854 -34.8486 -56.6 1.2 1.0 3.4
2021.0411 -31.347 -45.1701 -14.4 1.2 1.0 3.4
2021.0438 -29.5344 -44.0602 -10.3 1.2 1.0 3.3
2021.0466 -25.8026 -46.2799 -19.7 1.1 1.0 3.3
2021.0493 -27.1176 -46.1689 -10.7 1.2 1.0 3.4
2021.0521 -30.6362 -44.9481 -10.5 1.2 1.1 3.5
2021.0548 -30.9561 -43.7273 -26.4 1.4 1.2 3.9
2021.0575 -26.9399 -48.4995 -20.5 1.2 1.1 3.4
2021.0603 -28.6814 -47.5007 -18.3 1.2 1.1 3.4
2021.0630 -27.864 -51.2741 -16.3 1.3 1.1 3.5
2021.0658 -31.4892 -47.9446 -8.7 1.2 1.1 3.5
2021.0685 -26.8333 -48.3886 -25.6 1.8 1.4 4.4
2021.0712 -30.494 -46.6128 -22.2 1.8 1.4 4.0
2021.0740 -29.6055 -44.2822 -19.4 1.4 1.3 3.8
2021.0767 -28.5037 -46.5019 -21.2 1.2 1.0 3.5
2021.0795 -30.9561 -46.5019 -10.1 1.2 1.0 3.4
2021.0822 -32.7331 -45.614 -13.3 1.2 1.1 3.4
2021.0849 -28.5393 -46.9458 -16.6 1.1 0.9 3.1
2021.0877 -29.3923 -46.3909 -11.5 1.3 1.0 3.4
2021.0904 -29.9965 -47.7227 -5.8 1.6 1.3 4.0
2021.0932 -30.2452 -46.0579 -18.6 1.4 1.1 3.5
2021.0959 -26.2291 -45.9469 -9 1.4 1.2 3.6
2021.0986 -29.0013 -45.9469 -15.3 1.2 1.1 3.4
2021.1014 -26.6556 -45.614 -13.1 1.4 1.1 3.6
2021.1041 -30.8139 -49.2764 -14.6 1.4 1.2 3.6
2021.1068 -29.8188 -49.0545 -21.1 1.3 1.1 3.4
2021.1096 -28.2905 -49.0545 -16.3 1.2 1.0 3.3
2021.1123 -27.8995 -51.6071 -12.9 1.3 1.1 3.4
2021.1151 -27.0466 -46.0579 -10.6 1.2 1.0 3.4
2021.1178 -28.5393 -48.9435 -8.8 1.3 1.1 3.4
2021.1205 -28.4327 -48.8325 -7.2 1.4 1.2 3.7
2021.1233 -29.0369 -47.9446 -11.3 1.2 1.0 3.2
2021.1260 -30.7784 -45.9469 -16.1 1.4 1.1 3.5
2021.1288 -30.3874 -48.2776 -14.6 1.7 1.3 4.0
2021.1315 -30.1386 -46.1689 3.3 1.5 1.2 3.8
2021.1342 -30.885 -46.3909 -16.8 1.3 1.1 3.5
2021.1370 -29.57 -46.6128 -10 2.0 1.4 4.5
2021.1397 -25.1984 -43.9492 -7 2.0 1.6 4.4
2021.1425 -27.3664 -36.6244 -8.7 1.5 1.3 3.8
2021.1452 -29.7832 -42.5065 -13.7 1.6 1.3 3.8
2021.1479 -36.1095 -42.3955 -16.1 1.6 1.2 4.0
2021.1507 -35.1854 -45.503 -18.1 1.9 1.5 4.5
2021.1534 -32.0934 -47.1678 -23.8 1.5 1.2 3.9
2021.1562 -31.4536 -45.392 -17.9 1.3 1.1 3.4
2021.1589 -27.7574 -47.0568 -13.9 1.4 1.1 3.6
2021.1616 -29.5344 -45.281 -4.4 1.3 1.0 3.5
2021.1644 -29.6766 -46.2799 -13.8 1.5 1.3 3.8
2021.1671 -33.8349 -44.9481 -19.7 1.8 1.4 4.0
2021.1699 -31.738 -44.3932 -9.6 1.6 1.4 4.2
2021.1726 -30.9561 -48.6105 -10.5 1.4 1.1 3.5
2021.1753 -32.4132 -44.9481 3.7 1.5 1.2 3.9
2021.1781 -29.6055 -43.7273 4 1.5 1.4 3.9
2021.1808 -27.9706 -47.7227 -6.3 1.3 1.0 3.6
2021.1836 -28.8947 -47.6117 -4.4 1.4 1.0 3.6
2021.1863 -29.8543 -50.8302 -1.3 1.3 1.0 3.4
2021.1890 -26.158 -53.9377 -9.7 1.1 0.9 3.2
2021.1918 -25.3406 -53.1608 -8.1 1.2 1.0 3.3
2021.1945 -27.3664 -54.1597 -5.5 1.8 1.4 4.1
2021.1973 -25.3406 -55.1585 -16.3 1.6 1.3 3.8
2021.2000 -33.6927 -49.2764 -5.1 2.5 1.6 5.0
2021.2027 -28.5748 -51.94 -7 1.3 1.0 3.6
2021.2055 -28.4327 -53.3828 -7.5 1.3 1.0 3.5
2021.2082 -31.5603 -54.6036 -11.4 1.4 1.0 3.6
2021.2110 -26.8689 -52.7169 -7.6 1.3 1.0 3.6
2021.2137 -28.8236 -49.2764 -2.2 1.8 1.3 4.4
2021.2164 -32.9108 -54.0487 -3.2 1.8 1.2 4.1
2021.2192 -23.4569 -55.2695 -8.5 1.8 1.2 3.8
2021.2219 -24.772 -51.7181 -8.6 1.5 1.2 3.9
2021.2247 -26.0159 -54.4926 -5.5 1.8 1.2 4.0
2021.2274 -29.0369 -52.051 -7.2 1.5 1.2 3.9
2021.2301 -29.6766 -50.2753 -5.8 1.6 1.2 4.1
2021.2329 -26.9755 -53.8267 -14.5 1.9 1.5 4.6
2021.2356 -27.864 -54.1597 -12.6 1.3 1.0 3.5
2021.2384 -25.1984 -52.7169 -7.9 1.2 1.0 3.6
2021.2411 -24.0611 -53.3828 -12.9 1.4 1.1 3.6
2021.2438 -27.2243 -52.384 -5.2 1.2 1.0 3.5
2021.2466 -32.7686 -50.9412 0.7 1.6 1.2 4.2
2021.2493 -26.4779 -52.384 -2.8 1.5 1.1 3.8
2021.2521 -28.1839 -51.829 -8.3 1.5 1.2 3.9
2021.2548 -28.326 -51.829 -7.2 1.3 1.1 3.6
2021.2575 -26.8689 -53.4938 1.2 1.3 1.1 3.7
2021.2603 -26.1936 -55.3805 -6.8 1.2 0.9 3.4
2021.2630 -26.7267 -57.7111 -10.9 1.1 0.9 3.3
2021.2658 -21.7865 -56.0464 -4.3 1.6 1.2 4.1
2021.2685 -25.9093 -54.4926 -8.2 1.3 1.0 3.6
2021.2712 -29.9254 -56.4903 5.3 1.3 1.0 3.7
2021.2740 -28.5037 -55.8244 -5.4 1.4 1.1 3.5
2021.2767 -24.5232 -53.1608 7 1.4 1.1 3.9
2021.2795 -24.0256 -56.4903 0.8 1.5 1.2 4.0
2021.2822 -28.3971 -53.2718 -6 1.4 1.1 3.9
2021.2849 -26.9755 -54.2707 -3 1.3 1.0 3.5
2021.2877 -39.166 -53.3828 -3.8 1.2 1.0 3.5
2021.2904 -41.2984 -60.3747 28.9 1.8 1.4 4.2
2021.2932 -17.6993 -56.4903 9.2 2.0 1.5 4.5
2021.2959 -25.9093 -50.2753 -18.8 1.8 1.3 4.3
2021.2986 -17.0241 -46.6128 -18.8 2.1 1.5 4.3
2021.3014 -24.381 -51.94 -8 1.8 1.4 4.2
2021.3041 -32.5199 -49.0545 -0.7 1.4 1.1 3.8
2021.3068 -24.0967 -52.9389 -8.5 1.6 1.1 4.1
2021.3096 -21.7865 -53.3828 -12.7 1.6 1.2 4.1
2021.3123 -25.8382 -53.0499 -5.8 1.5 1.4 4.1
2021.3151 -29.0013 -53.6048 -6 1.7 1.4 4.2
2021.3178 -25.1984 -54.0487 -2.9 1.5 1.1 3.7
2021.3205 -15.4247 -52.9389 0.6 1.6 1.3 4.2
2021.3233 -24.381 -55.3805 -13.9 1.4 1.0 3.7
2021.3260 -22.9238 -53.7157 -5.7 1.4 1.1 3.6
2021.3288 -27.864 -52.7169 -13 1.2 1.0 3.3
2021.3315 -28.4682 -55.2695 -11.1 1.2 1.0 3.4
2021.3342 -26.4424 -55.4915 -0.1 1.6 1.2 4.0
2021.3370 -24.1322 -56.9343 -14.4 1.4 1.0 3.7
2021.3397 -22.8172 -55.2695 -11.7 1.2 1.0 3.4
2021.3425 -24.3455 -58.599 -14.3 1.1 0.9 3.3
2021.3452 -27.864 -58.1551 -15.7 1.3 1.0 3.5
2021.3479 -32.2711 -54.4926 -8.3 1.2 0.9 3.3
2021.3507 -24.7364 -54.2707 -10.2 1.3 1.0 3.6
2021.3534 -24.1322 -56.6013 -28.2 1.1 0.9 3.3
2021.3562 -27.2954 -57.0452 -16.9 1.5 1.1 3.9
2021.3589 -26.3713 -56.6013 -10.3 1.1 1.0 3.4
2021.3616 -30.9916 -60.3747 -11.7 1.5 1.2 3.9
2021.3644 -27.011 -59.3759 -12.6 1.3 1.1 3.5
2021.3671 -27.3664 -55.6025 -17.9 1.2 1.0 3.4
2021.3699 -24.0967 -55.4915 -13.9 1.3 1.0 3.5
2021.3726 -24.4165 -57.7111 -14.3 1.3 1.0 3.4
2021.3753 -28.326 -57.3782 -11.7 1.5 1.1 3.6
2021.3781 -21.4667 -59.1539 -14.7 1.6 1.2 3.8
2021.3808 -24.8786 -55.7134 -11.3 1.2 1.0 3.4
2021.3836 -26.2647 -53.1608 -9.7 2.0 1.7 4.6
2021.3863 -24.3455 -54.0487 -8.7 1.5 1.2 3.8
2021.3890 -24.4876 -58.9319 -5.2 1.2 1.0 3.6
2021.3918 -26.9755 -60.3747 -4.9 1.4 1.1 3.6
2021.3945 -25.8026 -59.8198 -7.4 1.2 1.0 3.4
2021.3973 -24.8075 -58.1551 -11.1 1.2 1.0 3.4
2021.4000 -28.326 -55.8244 -15.2 1.2 1.0 3.4
2021.4027 -22.5684 -58.0441 -6.4 1.6 1.2 3.8
2021.4055 -24.6653 -56.2684 -11.2 1.2 1.0 3.4
2021.4082 -23.7768 -57.8221 -8.9 1.2 1.1 3.5
2021.4110 -26.7622 -55.4915 2.7 1.1 1.0 3.3
2021.4137 -26.0159 -56.9343 -16 1.2 1.0 3.4
2021.4164 -27.3664 -56.0464 -10.4 1.1 1.0 3.4
2021.4192 -28.8591 -55.6025 -10.4 1.2 1.0 3.4
2021.4219 -25.5539 -57.0452 -4.5 1.2 1.0 3.6
2021.4247 -29.8898 -55.3805 -15.4 1.2 1.0 3.5
2021.4274 -27.4731 -54.7146 -9.6 1.2 1.0 3.4
2021.4301 -28.7525 -56.0464 -14.7 1.2 1.0 3.4
2021.4329 -29.3567 -57.3782 -6.2 1.2 1.0 3.5
2021.4356 -33.6572 -57.9331 -12.6 1.2 1.0 3.4
2021.4384 -23.9545 -58.377 -23.1 1.2 1.0 3.4
2021.4411 -25.2695 -55.2695 -12.4 1.2 1.1 3.6
2021.4438 -26.2647 -52.6059 -8.3 1.9 1.5 4.4
2021.4466 -23.8834 -59.8198 -19.8 1.3 1.2 3.9
2021.4493 -24.7364 -57.0452 -16.7 1.1 1.0 3.5
2021.4521 -25.9448 -56.2684 -24.4 1.2 1.0 3.5
2021.4548 -26.6912 -56.8233 -3.4 1.4 1.1 3.9
2021.4575 -28.0417 -57.1562 -8.2 1.8 1.4 4.2
2021.4603 -27.7929 -57.9331 -13 1.6 1.2 3.7
2021.4630 -26.5845 -57.6002 -11.7 1.6 1.2 3.9
2021.4658 -27.0821 -60.2637 -22.3 1.3 1.1 3.6
2021.4685 -30.3519 -58.377 -3 1.2 1.0 3.4
2021.4712 -26.9399 -60.0418 -11.6 1.3 1.0 3.6
2021.4740 -29.179 -57.9331 3.8 1.5 1.2 3.9
2021.4767 -28.255 -53.3828 -12.2 1.2 1.0 3.5
2021.4795 -23.7413 -58.9319 -10.2 1.2 1.0 3.3
2021.4822 -21.1468 -58.1551 -13.6 1.3 1.1 3.4
2021.4849 -26.9755 -53.9377 -3.6 1.2 1.0 3.4
2021.4877 -28.0417 -58.1551 -9.6 1.2 1.0 3.3
2021.4904 -27.864 -53.1608 -15.5 1.2 1.0 3.2
2021.4932 -29.0369 -58.821 -17.6 1.2 1.0 3.2
2021.4959 -24.0611 -56.7123 -16.3 1.4 1.2 3.5
2021.4986 -29.7477 -56.7123 -23.3 1.1 1.0 3.3
2021.5014 -26.5135 -58.2661 -13.1 1.2 1.0 3.3
2021.5041 -28.5393 -58.9319 -5.9 1.2 1.1 3.3
2021.5068 -25.9803 -52.051 -13.8 1.1 0.9 3.2
2021.5096 -28.326 -55.7134 -3.1 1.3 1.1 3.4
2021.5123 -26.7622 -58.71 -11.7 1.3 1.1 3.4
2021.5151 -29.1079 -56.9343 -23.8 1.3 1.1 3.4
2021.5178 -27.3664 -56.3793 -8.2 1.1 1.0 3.2
2021.5205 -32.5554 -55.1585 -11.7 1.3 1.1 3.5
2021.5233 -27.0466 -54.1597 -9.6 1.1 1.0 3.2
2021.5260 -18.7656 -55.6025 -14.2 1.1 1.0 3.2
2021.5288 -31.5958 -56.0464 -7.6 1.3 1.1 3.4
2021.5315 -29.8543 -56.1574 -18.1 1.2 1.0 3.4
2021.5342 -35.3631 -57.7111 -21 1.7 1.3 3.8
2021.5370 -20.2227 -52.162 -24.9 1.7 1.4 4.0
2021.5397 -27.3309 -57.7111 -26.9 1.2 1.1 3.5
2021.5425 -24.772 -54.2707 -12.2 1.2 1.1 3.5
2021.5452 -30.8139 -56.7123 -9.2 1.3 1.1 3.5
2021.5479 -23.4925 -58.0441 -25.2 1.3 1.0 3.3
2021.5507 -27.2954 -52.7169 -17.1 1.3 1.1 3.3
2021.5534 -28.8236 -52.7169 -19.5 1.4 1.2 3.5
2021.5562 -23.7413 -56.6013 -24.5 1.5 1.3 3.8
2021.5589 -22.9949 -53.6048 -15 1.2 1.1 3.3
2021.5616 -25.696 -57.6002 -12.7 1.3 1.1 3.4
2021.5644 -24.4521 -56.9343 -9.8 1.2 1.0 3.3
2021.5671 -26.3002 -51.2741 -10.8 1.1 1.0 3.3
2021.5699 -29.4278 -56.2684 -18.8 1.2 1.0 3.2
2021.5726 -25.4472 -56.9343 -18.5 1.4 1.2 3.7
2021.5753 -25.6249 -52.273 -9.6 1.5 1.2 3.6
2021.5781 -31.738 -57.4892 -13.2 1.3 1.0 3.3
2021.5808 -26.6201 -55.4915 -16.1 1.3 1.0 3.3
2021.5836 -27.4375 -54.3816 -16 1.2 1.0 3.3
2021.5863 -31.3115 -57.7111 -12.7 1.5 1.3 3.9
2021.5890 -24.4165 -56.6013 -1.2 1.7 1.2 3.7
2021.5918 -31.5247 -55.8244 -12.2 1.3 1.0 3.3
2021.5945 -25.8382 -55.4915 -22.7 1.1 1.0 3.2
2021.5973 -27.7574 -54.0487 -10.6 1.5 1.1 3.6
2021.6000 -26.4424 -58.488 -20.4 1.7 1.3 3.9
2021.6027 -27.3664 -55.6025 -19.2 1.2 1.0 3.3
2021.6055 -31.347 -55.3805 -9.2 1.3 1.1 3.4
2021.6082 -28.9658 -59.7088 -10.9 1.2 1.0 3.3
2021.6110 -26.8689 -54.3816 -24 1.3 1.1 3.3
2021.6137 -26.4779 -52.7169 -9.3 1.2 1.0 3.2
2021.6164 -27.5797 -55.8244 -24.7 1.2 1.0 3.3
2021.6192 -30.5296 -51.0522 -6.3 1.2 1.0 3.2
2021.6219 -25.0918 -56.8233 -24.1 1.5 1.2 3.4
2021.6247 -27.0466 -51.94 -21.8 1.4 1.1 3.4
2021.6274 -27.7929 -53.7157 -23.7 1.3 1.0 3.4
2021.6301 -28.4682 -52.384 -26.9 1.4 1.1 3.4
2021.6329 -34.7234 -55.9354 -4.3 1.5 1.2 3.7
2021.6356 -31.0627 -55.3805 -14.8 1.7 1.3 3.9
2021.6384 -27.8995 -59.3759 -16.5 1.3 1.0 3.5
2021.6411 -28.4327 -54.1597 -10.3 1.2 1.0 3.3
2021.6438 -28.326 -56.3793 -25.8 1.3 1.0 3.3
2021.6466 -29.8543 -56.6013 -21.7 1.3 1.0 3.4
2021.6493 -32.7331 -56.2684 -5.6 1.7 1.3 3.6
2021.6521 -26.9755 -49.2764 -14.8 1.4 1.2 3.5
2021.6548 -32.3777 -56.3793 -10.3 1.8 1.4 4.5
2021.6575 -53.7022 -60.7077 8.4 5.2 4.0 8.1
2021.6630 -34.83 -52.384 -16.6 7.0 5.5 10.5
2021.6658 -18.0192 -44.6151 -5.1 7.0 3.7 8.9
2021.6712 -14.785 -56.0464 -32.5 4.7 3.5 7.2
2021.6740 -29.1435 -53.0499 -14.7 1.8 1.2 4.1
2021.6767 -27.0821 -55.4915 -17.6 1.5 1.2 3.9
2021.6795 -30.032 -56.3793 -16.9 1.5 1.1 3.6
2021.6822 -30.885 -57.3782 -1.3 1.4 1.1 3.5
2021.6904 -28.3616 -59.9308 -25.1 1.4 1.1 3.5
2021.6932 -29.3212 -61.2626 -13.7 1.4 1.1 3.4
2021.6986 -26.3357 -53.2718 -22.6 1.4 1.1 3.6
2021.7014 -31.0627 -57.1562 -21.2 1.5 1.2 3.7
2021.7041 -26.7267 -57.3782 -21.5 1.5 1.1 3.6
2021.7068 -29.1435 -56.1574 -19.3 1.5 1.2 3.6
2021.7096 -29.1435 -59.4869 -11.1 1.2 0.9 3.2
2021.7123 -27.9351 -54.9366 -15.1 1.6 1.2 3.8
2021.7151 -31.6313 -57.8221 -16.9 1.4 1.1 3.4
2021.7178 -27.8285 -58.1551 -25.3 1.2 0.9 3.2
2021.7205 -26.9044 -59.2649 -22.5 1.2 1.0 3.2
2021.7233 -26.7622 -62.2614 -19 1.2 1.0 3.3
2021.7260 -26.1936 -60.4857 -19.9 2.0 1.4 4.1
2021.7288 -32.8397 -60.4857 -16.4 1.4 1.1 3.6
2021.7315 -28.326 -59.4869 -23.7 1.3 1.1 3.5
2021.7342 -29.8543 -55.7134 -21 1.3 1.0 3.3
2021.7370 -28.9658 -58.1551 -21.8 1.2 0.9 3.2
2021.7397 -27.4375 -60.7077 -24.7 1.4 1.1 3.5
2021.7425 -26.7978 -59.1539 -18.7 1.3 1.1 3.5
2021.7452 -27.4375 -57.0452 -22.7 1.3 1.1 3.5
2021.7479 -23.9901 -59.9308 -17.4 1.3 1.1 3.4
2021.7507 -28.4327 -57.3782 -23.3 1.5 1.2 3.8
2021.7534 -28.5748 -59.1539 -12.9 1.4 1.1 3.6
2021.7562 -25.9448 -58.2661 -18.2 1.4 1.1 3.5
2021.7589 -28.0417 -59.7088 -14.8 1.4 1.2 3.6
2021.7616 -24.5232 -58.599 -6.2 1.3 1.1 3.5
2021.7644 -24.1678 -61.8175 -14 1.4 1.2 3.8
2021.7671 -27.1532 -59.1539 -13.3 1.3 1.1 3.5
2021.7699 -25.6249 -61.0406 -22.6 1.3 1.1 3.5
2021.7726 -26.4779 -63.5932 -20.4 1.3 1.1 3.4
2021.7753 -25.234 -60.7077 -16.1 1.3 1.1 3.5
2021.7781 -30.1742 -60.1528 -17.6 1.5 1.2 3.6
2021.7863 -27.8995 -60.8187 -14.9 1.6 1.3 3.8
2021.7890 -27.8285 -58.821 -27.5 1.3 1.1 3.4
2021.7918 -28.6104 -60.9296 -19.1 1.2 1.0 3.3
2021.7945 -29.9609 -60.8187 -7.8 1.6 1.3 4.2
2021.7973 -28.9658 -62.2614 -14.7 1.8 1.3 3.8
2021.8000 -28.0417 -65.4799 -7.7 1.7 1.5 4.0
2021.8027 -28.6104 -62.5944 -20.3 1.1 1.0 3.2
2021.8055 -24.2388 -62.3724 -23.2 1.3 1.1 3.3
2021.8082 -27.8995 -68.4765 -7.3 1.3 1.0 3.4
2021.8110 -28.1839 -59.1539 -10.8 1.2 1.0 3.1
2021.8137 -30.2097 -63.7042 -19.3 1.2 1.0 3.4
2021.8164 -29.4989 -63.7042 -11.6 1.3 1.0 3.3
2021.8192 -29.8898 -61.1516 -11.3 1.2 1.0 3.2
2021.8219 -27.2243 -63.0383 -11.5 1.2 1.0 3.3
2021.8247 -23.6702 -69.4753 -14.1 1.2 0.9 3.1
2021.8274 -30.2808 -68.5875 -17.1 1.1 0.9 3.1
2021.8301 -25.9448 -59.5978 -9.7 1.5 1.2 3.5
2021.8329 -28.7881 -61.2626 -19.2 1.5 1.4 3.5
2021.8356 -26.7267 -65.258 -6.3 1.4 1.1 3.4
2021.8384 -27.402 -62.1505 -15.6 1.5 1.3 3.5
2021.8411 -28.0417 -63.4822 -25.9 1.4 1.1 3.4
2021.8438 -28.717 -64.814 -20.8 1.7 1.5 4.3
2021.8466 -28.0773 -62.3724 -11.6 1.3 1.1 3.4
2021.8493 -29.3567 -60.7077 -14.3 1.5 1.3 3.6
2021.8521 -41.8315 -71.584 -9.1 1.2 1.0 3.2
2021.8548 -30.2097 -65.7019 -14.8 1.1 1.0 3.2
2021.8575 -24.7009 -61.3736 -28.3 1.3 1.1 3.4
2021.8603 -27.0821 -59.8198 -11.2 1.3 1.1 3.4
2021.8630 -26.3002 -60.7077 -32.8 1.2 1.1 3.3
2021.8658 -28.5393 -64.2591 -19.9 1.2 1.0 3.3
2021.8685 -28.2905 -61.4846 -24.8 1.2 1.1 3.5
2021.8712 -23.7413 -62.0395 -32.4 1.2 1.1 3.5
2021.8740 -28.6104 -63.0383 -31.3 1.4 1.1 3.4
2021.8767 -38.1353 -69.5863 -32.8 1.4 1.3 3.5
2021.8795 -22.8527 -62.3724 -28.7 1.4 1.2 3.5
2021.8822 -28.6459 -64.925 -26.8 1.2 1.1 3.3
2021.8849 -26.8333 -55.6025 -37.8 1.2 1.1 3.3
2021.8877 -27.8285 -62.7054 -27 1.4 1.1 3.6
2021.8904 -30.3519 -60.4857 -20.9 1.4 1.2 3.6
2021.8932 -30.494 -62.2614 -21.8 1.1 1.0 3.2
2021.8959 -28.8236 -59.8198 -19.5 1.4 1.2 3.4
2021.8986 -31.5603 -59.8198 -21.5 1.2 1.1 3.3
2021.9014 -29.9254 -59.2649 -24.2 1.2 1.1 3.3
2021.9041 -29.3567 -58.71 -17.5 1.2 1.0 3.3
2021.9068 -28.5393 -64.3701 -21.2 1.1 1.0 3.2
2021.9096 -31.6313 -63.4822 -11.4 1.2 1.1 3.3
2021.9123 -29.3567 -61.5955 -20.3 1.3 1.2 3.4
2021.9151 -32.9463 -63.1493 -26.5 1.2 1.1 3.3
2021.9178 -34.7945 -59.9308 -11.5 2.3 1.9 4.3
2021.9205 -28.6104 -61.5955 -23.9 1.5 1.3 3.6
2021.9233 -31.4892 -65.036 -12.1 1.4 1.2 3.7
2021.9260 -34.7234 -63.9262 -12.6 1.3 1.1 3.4
2021.9288 -31.2759 -63.7042 -9.2 1.3 1.1 3.4
2021.9315 -30.3519 -65.9239 -9.7 1.4 1.1 3.5
2021.9342 -29.0013 -65.4799 -13.6 1.2 1.0 3.3
2021.9370 -28.1483 -63.7042 -15.7 1.2 1.0 3.3
2021.9397 -30.4585 -64.3701 -17.9 1.1 1.0 3.2
2021.9425 -29.3923 -64.7031 -19.7 1.3 1.1 3.4
2021.9452 -31.2404 -63.8152 -25.3 1.2 1.1 3.4
2021.9479 -33.2307 -63.7042 -24.1 1.2 1.0 3.3
2021.9507 -32.0934 -64.814 -19.3 1.3 1.1 3.3
2021.9534 -37.1402 -64.2591 -19.4 1.3 1.2 3.5
2021.9562 -34.8655 -64.7031 -13.6 1.4 1.2 3.6
2021.9589 -36.8203 -62.8164 -14.8 1.4 1.2 3.7
2021.9616 -34.6878 -63.8152 -20.1 1.2 1.0 3.3
2021.9644 -30.9916 -65.4799 -15.4 1.2 1.0 3.3
2021.9671 -31.809 -63.2603 -21 1.5 1.2 3.6
2021.9699 -31.2048 -65.5909 -18 1.4 1.2 3.4
2021.9726 -31.9512 -69.4753 -34.4 1.2 1.1 3.4
2021.9753 -34.6523 -66.0349 -24 1.5 1.2 3.6
2021.9781 -33.6927 -67.4776 -22.3 1.1 1.0 3.2
2021.9808 -34.0836 -64.5921 -24.8 1.2 1.0 3.2
2021.9836 -36.145 -66.4788 -43.1 1.4 1.2 3.5
2021.9863 -29.6766 -67.2557 -15.7 1.1 1.0 3.2
2021.9890 -32.7686 -69.0314 -25.4 1.3 1.2 3.5
2021.9918 -31.4181 -67.0337 -22.7 1.5 1.2 3.7
2021.9945 -34.6168 -66.7008 -18.1 1.3 1.2 3.4
2021.9973 -36.7137 -66.9227 -19.4 1.2 1.0 3.2
2022.0000 -37.1402 -66.5898 -18.8 1.2 1.1 3.2
2022.0027 -34.83 -67.3667 -15.2 1.5 1.2 3.4
2022.0055 -31.2404 -69.0314 -17.2 1.2 1.0 3.3
2022.0082 -33.2662 -70.0302 -20.7 1.5 1.2 3.6
2022.0110 -35.1499 -69.9193 -15.9 1.2 1.0 3.3
2022.0137 -31.2759 -67.4776 -12.5 1.1 1.0 3.2
2022.0164 -32.1644 -69.6973 -20.6 1.1 0.9 3.2
2022.0192 -31.6669 -69.5863 -10.7 1.1 1.0 3.2
2022.0219 -33.9059 -63.8152 -16 1.4 1.2 3.6
2022.0247 -30.7784 -68.1435 -10.5 1.5 1.2 3.8
2022.0274 -33.3728 -69.1424 -11.8 1.2 1.0 3.3
2022.0301 -30.5296 -66.0349 -6.1 1.2 1.1 3.3
2022.0329 -31.738 -68.9204 -17.4 1.2 1.0 3.3
2022.0356 -32.3421 -68.2545 -8.8 1.2 1.0 3.3
2022.0384 -31.6313 -66.3678 -8.3 1.5 1.2 3.8
2022.0411 -31.347 -72.8048 -6.4 1.8 1.3 3.7
2022.0438 -33.4439 -69.8083 -20.1 1.6 1.3 3.7
2022.0466 -35.5053 -71.362 -18.8 1.5 1.1 3.5
2022.0493 -39.2015 -71.806 -13.9 1.9 1.4 3.9
2022.0521 -31.3825 -71.806 -9.3 1.5 1.3 4.1
2022.0548 -32.8397 -71.695 -11.5 1.2 1.0 3.2
2022.0575 -31.7735 -70.2522 -10.7 1.3 1.1 3.3
2022.0603 -33.2307 -67.2557 -6.1 1.6 1.3 3.9
2022.0630 -34.9722 -68.0325 -10.5 1.3 1.1 3.6
2022.0658 -31.347 -68.2545 -5.8 1.2 1.1 3.4
2022.0685 -31.4181 -69.6973 -5.8 2.0 1.7 4.1
2022.0712 -36.3583 -72.9158 -13.4 1.3 1.1 3.4
2022.0740 -33.6927 -72.4719 -8.3 1.3 1.1 3.5
2022.0767 -35.9673 -70.4742 -16.6 1.3 1.1 3.4
2022.0795 -34.83 -71.1401 -18.7 1.5 1.2 3.8
2022.0822 -35.5764 -72.2499 -14.1 1.3 1.1 3.5
2022.0849 -32.9463 -73.1378 -2.7 2.1 1.6 4.3
2022.0877 -33.6216 -70.8071 -13.4 1.1 1.0 3.2
2022.0904 -33.6572 -70.1412 -6.7 1.4 1.1 3.5
2022.0932 -37.1757 -69.4753 -14 1.7 1.4 4.3
2022.0959 -39.4859 -71.362 -7.3 2.3 2.3 5.1
2022.0986 -37.1402 -70.2522 -9.1 1.6 1.4 3.8
2022.1014 -34.0481 -72.1389 -9.2 1.5 1.2 3.7
2022.1041 -32.9463 -68.0325 -5.9 1.3 1.1 3.5
2022.1068 -35.0433 -69.6973 -6.6 1.4 1.2 3.6
2022.1096 -36.7848 -71.695 -10.9 1.2 1.0 3.3
2022.1123 -36.0384 -71.584 -8.6 1.8 1.4 4.1
2022.1151 -35.683 -70.3632 -5.1 1.6 1.3 3.5
2022.1178 -35.9673 -69.3643 -11.6 1.5 1.2 3.4
2022.1205 -36.4649 -69.0314 -8.7 1.6 1.2 3.7
2022.1233 -36.6426 -68.9204 -16.9 1.5 1.2 3.6
2022.1260 -27.1176 -70.3632 -13.9 1.3 1.0 3.3
2022.1288 -37.46 -69.6973 -18.1 1.8 1.3 3.6
2022.1315 -34.0126 -70.6961 -16.9 1.2 1.0 3.1
2022.1342 -35.1143 -72.6938 -12.1 1.6 1.2 3.5
2022.1370 -38.6684 -73.0268 -8.8 1.8 1.3 4.0
2022.1397 -31.738 -73.5817 -18.6 1.5 1.1 3.4
2022.1425 -30.6717 -75.9123 -14.1 1.4 1.0 3.3
2022.1452 -35.5764 -70.9181 -7.2 1.6 1.2 3.6
2022.1479 -39.4859 -75.9123 -14.7 1.6 1.1 3.7
2022.1507 -26.8333 -71.806 0.8 1.5 1.1 3.5
2022.1534 -30.1386 -70.9181 -10.1 1.5 1.1 3.6
2022.1562 -31.8801 -75.1355 -11.8 1.1 0.9 3.1
2022.1589 -35.3631 -73.3597 -6.1 1.3 1.1 3.4
2022.1616 -31.7024 -72.3609 -14.5 1.4 1.1 3.3
2022.1644 -31.0982 -71.695 -7.6 1.4 1.1 3.4
2022.1671 -32.4843 -71.473 -18.5 1.2 1.0 3.2
2022.1699 -29.8188 -73.5817 -14.1 1.2 1.0 3.1
2022.1726 -29.2146 -74.9135 -13 1.7 1.1 3.5
2022.1753 -40.8009 -73.3597 -16.4 2.4 1.5 4.1
2022.1781 -33.6572 -72.6938 -20.2 1.4 1.2 3.7
2022.1808 -29.57 -73.8037 -22.2 1.9 1.3 3.7
2022.1836 -32.2711 -72.5829 -15.5 1.4 1.0 3.3
2022.1863 -35.5053 -72.4719 -17.2 1.2 1.0 3.2
2022.1890 -35.0077 -72.4719 -14.4 2.0 1.5 4.0
2022.1918 -31.5603 -77.0222 -13.5 1.6 1.3 3.6
2022.1945 -32.8397 -72.3609 -11.9 1.3 1.0 3.5
2022.1973 -32.8397 -71.695 -13.7 1.7 1.2 3.8
2022.2000 -32.2 -73.3597 -8.6 1.2 0.9 3.1
2022.2027 -31.5247 -74.4696 -13.4 1.4 1.0 3.3
2022.2055 -31.4181 -76.3563 -12.1 1.3 0.9 3.2
2022.2082 -35.0077 -73.3597 -7.7 1.3 1.0 3.4
2022.2110 -34.6878 -72.4719 -12.3 1.3 1.0 3.4
2022.2137 -30.9561 -73.6927 -11.7 1.2 1.0 3.3
2022.2164 -31.2048 -73.1378 -12.8 1.4 1.1 3.5
2022.2192 -29.7477 -74.5805 -14.8 1.2 1.0 3.2
2022.2219 -31.9867 -75.5794 -7.2 1.4 1.2 3.5
2022.2247 -30.7073 -72.1389 -10.4 1.3 1.0 3.3
2022.2274 -35.8252 -73.0268 -12.5 1.3 1.0 3.3
2022.2301 -28.4327 -75.4684 -19.1 1.7 1.2 3.8
2022.2329 -29.0724 -71.695 -11.5 1.4 1.1 3.4
2022.2356 -30.4229 -75.1355 -3.3 1.6 1.2 3.6
2022.2384 -31.3115 -74.0256 -8.8 1.3 1.1 3.5
2022.2411 -35.1854 -75.1355 -2.9 1.3 1.0 3.1
2022.2438 -30.6717 -73.1378 -5.8 1.3 1.0 3.2
2022.2466 -31.0627 -75.1355 -15.5 1.5 1.3 3.6
2022.2493 -26.087 -75.8014 -9.7 1.6 1.3 3.9
2022.2521 -34.6168 -75.0245 -10.3 1.7 1.5 4.0
2022.2548 -31.2759 -74.8025 -10 1.3 1.0 3.3
2022.2575 -37.7444 -72.9158 -0.8 1.6 1.3 3.8
2022.2603 -33.3728 -73.8037 -5.4 1.3 1.1 3.3
2022.2630 -32.5909 -77.4661 -14.8 1.4 1.0 3.3
2022.2658 -27.9351 -73.5817 -7.3 1.7 1.3 3.9
2022.2685 -30.8494 -80.3517 -11.4 1.4 1.0 3.4
2022.2712 -30.7073 -78.243 -19 1.7 1.4 4.1
2022.2740 -31.0982 -75.1355 -20.2 1.6 1.3 3.6
2022.2767 -28.4682 -76.8002 -19.9 1.5 1.3 3.6
2022.2795 -28.2194 -78.354 -13.2 1.4 1.0 3.4
2022.2822 -28.1483 -79.0199 -20.9 1.4 1.2 3.8
2022.2849 -40.7653 -75.8014 -21.4 2.2 1.7 4.5
2022.2877 -34.5457 -76.3563 -7 1.4 1.1 3.6
2022.2904 -31.7735 -78.021 -12.4 1.3 1.0 3.2
2022.2932 -30.3519 -77.91 -14 1.3 1.0 3.3
2022.2959 -30.885 -76.4673 -19.2 1.4 1.1 3.4
2022.2986 -31.7024 -76.8002 -22.5 1.3 1.0 3.3
2022.3014 -32.8753 -75.1355 -20.8 1.2 1.0 3.2
2022.3041 -35.3631 -75.8014 -20.2 1.5 1.2 3.7
2022.3068 -33.053 -79.1308 -9.2 1.4 1.0 3.3
2022.3096 -31.0271 -78.132 -15.2 1.3 1.0 3.3
2022.3123 -30.5651 -79.2418 -22 1.2 0.9 3.1
2022.3151 -31.7024 -78.354 -14.6 1.2 0.9 3.2
2022.3178 -32.0934 -78.4649 -16.4 1.1 0.9 3.1
2022.3205 -33.2662 -79.7967 -7.1 1.6 1.2 3.7
2022.3233 -31.1338 -78.4649 -11.7 2.1 1.8 4.0
2022.3260 -33.5505 -75.9123 -12.8 1.8 1.3 3.8
2022.3288 -34.4035 -78.6869 -13.3 1.6 1.2 3.7
2022.3315 -29.8188 -76.9112 -10.9 1.3 1.1 3.4
2022.3342 -31.7024 -80.0187 -12.5 1.1 0.9 3.1
2022.3370 -30.0675 -78.132 -2.7 1.3 1.1 3.4
2022.3397 -30.2097 -79.3528 -14.1 1.5 1.2 3.6
2022.3425 -32.9108 -80.6846 -13.3 1.2 1.0 3.3
2022.3452 -30.1386 -79.3528 -12.3 1.3 1.0 3.2
2022.3479 -27.4375 -79.0199 -23.3 1.2 1.0 3.1
2022.3507 -31.347 -78.5759 -4 1.4 1.1 3.4
2022.3534 -30.6006 -79.4638 -14 1.2 1.1 3.4
2022.3562 -33.3728 -80.2407 -14 1.1 0.9 3.0
2022.3589 -34.2969 -78.6869 -12.7 1.5 1.2 3.5
2022.3616 -31.1693 -77.91 -15 1.4 1.1 3.5
2022.3644 -30.3519 -82.1274 -15.2 1.4 1.1 3.5
2022.3671 -31.2404 -81.5725 -17.4 1.2 1.0 3.2
2022.3699 -34.2258 -81.6835 -15.3 1.3 1.1 3.4
2022.3726 -33.6927 -79.0199 -12.9 1.3 1.1 3.4
2022.3753 -30.7073 -79.7967 -12.3 1.4 1.2 3.4
2022.3781 -29.7477 -80.3517 -28.6 1.2 0.9 3.1
2022.3808 -31.2759 -82.6823 -22.5 1.3 1.0 3.3
2022.3836 -29.9965 -81.3505 -21.7 1.4 1.1 3.4
2022.3863 -28.0773 -84.1251 -17.4 1.9 1.4 3.9
2022.3890 -28.5748 -81.4615 -11.4 1.4 1.2 3.8
2022.3918 -29.9965 -80.3517 -12.9 1.2 0.9 3.1
2022.3945 -30.6717 -82.2384 -14.5 1.2 0.9 3.2
2022.3973 -29.2146 -79.1308 -12 1.2 1.0 3.2
2022.4000 -26.549 -80.6846 -13.9 1.3 1.0 3.4
2022.4027 -32.9108 -83.5702 -11.7 1.5 1.2 3.7
2022.4055 -31.347 -81.3505 -15.9 1.4 1.2 3.9
2022.4082 -31.7024 -81.9054 -19.3 2.2 1.4 3.9
2022.4110 -29.8188 -79.6858 -28.9 1.6 1.3 3.7
2022.4137 -29.179 -82.1274 -14.9 2.1 1.5 4.1
2022.4164 -29.0013 -82.1274 -25.2 1.2 1.0 3.3
2022.4192 -26.5135 -81.7944 -21.8 1.2 1.0 3.3
2022.4219 -27.5086 -82.6823 -7.9 1.4 1.0 3.5
2022.4247 -33.7993 -80.7956 -19.2 1.2 0.9 3.2
2022.4274 -31.9512 -78.9089 -11.6 1.4 1.0 3.4
2022.4301 -30.5651 -79.2418 -6.3 1.5 1.1 3.6
2022.4329 -30.8494 -81.6835 -21.2 1.9 1.4 4.1
2022.4356 -31.3825 -81.2395 -5.8 1.2 1.0 3.3
2022.4384 -34.9366 -82.7933 -17.1 1.2 1.0 3.3
2022.4411 -32.8753 -81.1285 -21.5 1.2 1.0 3.3
2022.4438 -33.8349 -79.4638 -13.9 1.3 1.0 3.4
2022.4466 -31.4892 -79.1308 -9.8 1.5 1.2 3.4
2022.4493 -30.7073 -80.0187 -13.8 1.3 1.0 3.4
2022.4521 -29.7121 -81.3505 -13.7 1.3 1.0 3.2
2022.4548 -28.5037 -80.2407 -15.8 1.6 1.2 3.8
2022.4575 -31.8801 -77.5771 -10.8 1.3 1.1 3.3
2022.4603 -35.6474 -77.5771 -16.7 1.4 1.1 3.4
2022.4630 -29.1079 -81.7944 -6 1.2 1.0 3.3
2022.4658 -37.7799 -79.6858 -19.5 1.6 1.3 3.5
2022.4685 -28.7881 -79.9077 -25.9 1.5 1.2 3.7
2022.4712 -34.4746 -78.354 -6.2 1.3 1.0 3.3
2022.4740 -29.57 -80.0187 -12.6 1.7 1.1 3.7
2022.4767 -32.9108 -77.2441 -6.9 1.3 1.0 3.3
2022.4795 -31.0271 -78.9089 -26.5 1.2 0.9 3.3
2022.4822 -20.9691 -80.1297 -24.9 3.0 2.2 5.0
2022.4849 -31.0982 -77.4661 -10.3 1.5 1.2 3.6
2022.4877 -33.515 -78.021 -7.3 1.3 1.1 3.4
2022.4904 -31.5603 -79.7967 -9 1.3 1.0 3.4
2022.4932 -30.9205 -79.3528 -15 1.2 1.0 3.3
2022.4959 -29.3567 -80.3517 -23.5 1.2 1.0 3.4
2022.4986 -31.5247 -77.5771 -17.8 1.2 1.0 3.2
2022.5014 -33.7638 -80.6846 -6.2 1.9 1.5 4.3
2022.5041 -33.6216 -84.458 -16.3 1.1 0.9 3.1
2022.5068 -24.3099 -81.2395 -18.3 1.6 1.2 3.7
2022.5096 -30.885 -79.9077 -18.2 1.2 1.0 3.4
2022.5123 -31.8801 -83.1262 -18.9 1.3 1.0 3.5
2022.5151 -33.5505 -86.2338 -3.1 1.6 1.2 4.1
2022.5178 -36.3938 -82.2384 -8 1.3 1.1 3.5
2022.5205 -31.8801 -82.0164 -13.1 1.1 0.9 3.1
2022.5233 -28.5037 -80.3517 -10.8 1.2 1.0 3.2
2022.5260 -30.3163 -83.0152 -26.3 1.2 1.0 3.3
2022.5288 -25.4828 -77.2441 -17.2 1.8 1.3 3.8
2022.5315 -31.3115 -79.4638 -16.4 1.3 1.0 3.3
2022.5342 -32.5554 -79.5748 -20.8 1.2 1.0 3.3
2022.5370 -32.0934 -77.799 -8.5 1.5 1.2 3.6
2022.5397 -30.4585 -79.6858 -23.8 1.4 1.1 3.4
2022.5425 -31.4536 -79.2418 -6.1 1.3 1.0 3.4
2022.5452 -32.6265 -79.1308 -9 1.3 1.0 3.3
2022.5479 -38.704 -80.4626 -17.5 2.0 1.4 4.2
2022.5507 -36.607 -81.2395 -10.6 1.3 1.0 3.3
2022.5534 -36.7848 -81.3505 -20.3 1.4 1.1 3.5
2022.5562 -31.5247 -78.5759 -11.9 1.4 1.0 3.4
2022.5589 -35.4342 -82.4603 0.5 1.6 1.2 3.6
2022.5616 -32.662 -79.6858 -11 1.5 1.2 3.6
2022.5644 -34.6878 -79.7967 -18 1.2 1.0 3.2
2022.5671 -35.292 -77.5771 -3.1 1.4 1.1 3.4
2022.5699 -35.4697 -73.5817 -25.5 1.4 1.1 3.3
2022.5726 -33.4439 -75.8014 -14.6 1.4 1.1 3.4
2022.5753 -30.9916 -78.354 -15.9 1.2 1.0 3.2
2022.5781 -29.0369 -76.0233 -20.5 1.4 1.0 3.3
2022.5808 -36.5004 -83.2372 -11.1 1.3 1.0 3.3
2022.5836 -34.0836 -80.0187 -14.2 1.3 1.0 3.3
2022.5863 -29.7121 -79.4638 -21.6 1.3 1.1 3.4
2022.5890 -32.4488 -82.9043 -27 1.5 1.3 3.6
2022.5918 -30.9561 -79.3528 -14.3 1.4 1.1 3.6
2022.5945 -36.2872 -79.9077 -18.9 1.2 1.0 3.2
2022.5973 -34.5812 -79.0199 -20.1 1.2 1.0 3.2
2022.6000 -39.2371 -80.9066 -1.8 1.9 1.4 4.1
2022.6027 -30.1742 -82.6823 -16.3 1.8 1.5 4.1
2022.6055 -38.5618 -82.2384 -8.1 2.0 1.5 4.1
2022.6082 -35.3276 -79.1308 -11.3 1.4 1.1 3.4
2022.6110 -38.8817 -73.3597 -10.7 2.2 1.6 4.2
2022.6137 -30.8139 -80.1297 -14.3 1.3 1.1 3.4
2022.6164 -38.6684 -73.8037 -9.7 1.5 1.2 3.5
2022.6192 -33.3018 -81.1285 -19 1.4 1.0 3.3
2022.6219 -30.9205 -70.6961 -11.4 1.3 1.0 3.3
2022.6247 -33.4795 -74.5805 -11.7 1.3 1.0 3.3
2022.6274 -33.4795 -76.1343 -19.5 1.5 1.2 3.6
2022.6301 -38.0642 -78.6869 -11.5 1.5 1.1 3.5
2022.6329 -39.5569 -78.132 -23.8 1.8 1.3 3.7
2022.6356 -37.1402 -80.3517 -26 1.4 1.1 3.4
2022.6384 -38.775 -78.9089 -14.1 1.6 1.2 3.8
2022.6411 -36.607 -82.5713 -17.3 1.4 1.0 3.3
2022.6438 -31.3825 -73.5817 -8.7 1.5 1.1 3.6
2022.6466 -31.4892 -79.2418 -16.9 1.3 1.1 3.4
2022.6493 -36.2161 -76.9112 -11.1 1.2 1.0 3.2
2022.6521 -37.1046 -78.021 -26.1 1.2 1.0 3.2
2022.6548 -35.4342 -74.9135 -22 1.6 1.1 3.8
2022.6575 -33.2662 -75.1355 -18.9 1.3 1.0 3.3
2022.6603 -33.7993 -82.5713 -22.5 1.6 1.1 3.5
2022.6630 -33.2307 -79.2418 -21.2 1.7 1.2 3.7
2022.6658 -39.4859 -76.0233 -18.8 1.6 1.1 3.4
2022.6685 -31.8801 -80.5736 -25.4 1.4 1.1 3.3
2022.6712 -37.0691 -77.3551 -14.3 1.3 1.0 3.3
2022.6740 -29.4278 -83.3482 -15.6 2.0 1.5 4.1
2022.6767 -35.5408 -89.2303 1.7 3.2 2.4 5.6
2022.6795 -30.6362 -78.4649 -23.4 2.2 1.6 4.2
2022.6822 -33.7282 -81.0176 -19.5 2.0 1.4 3.9
2022.6849 -29.8543 -81.9054 -9.7 1.6 1.2 3.7
2022.6877 -35.2565 -81.0176 -22.9 1.8 1.4 4.1
2022.6904 -31.0271 -78.6869 -27.4 1.4 1.0 3.4
2022.6932 -29.0013 -79.6858 -16.5 1.7 1.2 3.8
2022.6959 -35.1499 -81.4615 -22.4 1.4 1.1 3.4
2022.6986 -28.9658 -80.6846 -28.5 1.6 1.2 3.8
2022.7014 -34.0126 -80.1297 -21.5 1.3 1.0 3.3
2022.7041 -33.4795 -79.7967 -19.3 1.3 1.0 3.5
2022.7068 -32.3066 -77.2441 -14.7 1.2 1.0 3.3
2022.7096 -33.1951 -77.4661 -18.3 1.1 0.9 3.0
2022.7123 -33.515 -78.021 -18.9 1.3 1.0 3.5
2022.7151 -34.83 -75.0245 -32.9 1.4 1.1 3.4
2022.7178 -33.1596 -82.0164 -17 1.4 1.1 3.6
2022.7205 -30.032 -82.3493 -27.2 1.4 1.0 3.3
2022.7233 -30.3874 -80.5736 -21.6 1.3 0.9 3.2
2022.7260 -35.1143 -78.7979 -16.1 1.2 1.0 3.3
2022.7288 -30.8494 -76.0233 -17.5 1.4 1.1 3.8
2022.7315 -35.6119 -83.3482 -16.2 1.8 1.5 4.5
2022.7342 -32.2355 -81.6835 -23.1 1.3 1.0 3.4
2022.7370 -31.9157 -82.2384 -13.5 1.2 1.0 3.3
2022.7397 -33.1596 -84.0141 -22.6 1.4 1.0 3.4
2022.7425 -36.1806 -83.4592 -22.2 1.1 1.0 3.2
2022.7452 -37.4245 -82.6823 -7.3 1.6 1.2 3.7
2022.7479 -34.368 -81.4615 -10.6 1.5 1.2 3.9
2022.7507 -30.1742 -79.4638 -24.3 1.3 1.0 3.4
2022.7534 -33.2307 -85.5679 -12.6 1.5 1.1 3.8
2022.7562 -32.4843 -80.2407 -32.5 1.9 1.5 3.8
2022.7589 -34.1903 -80.6846 -32.6 1.5 1.2 3.7
2022.7616 -33.053 -80.9066 -24.8 1.9 1.5 3.9
2022.7644 -31.738 -81.2395 -24.8 2.0 1.4 4.2
2022.7671 -32.8397 -84.347 -23.6 1.7 1.1 3.8
2022.7699 -36.3938 -84.791 -25 1.8 1.3 4.0
2022.7726 -35.7541 -84.791 -24.8 2.2 1.6 4.7
2022.7753 -30.032 -85.9008 -26.4 1.3 1.0 3.5
2022.7781 -32.6265 -82.2384 -35.7 1.3 1.0 3.3
2022.7808 -31.347 -83.3482 -22.3 1.4 1.0 3.6
2022.7836 -29.7121 -82.3493 -35.6 1.6 1.3 3.8
2022.7863 -28.8236 -83.4592 -26.1 1.8 1.3 4.0
2022.7890 -38.5263 -81.3505 -35.3 1.5 1.2 3.4
2022.7918 -26.549 -83.1262 -38.1 1.6 1.2 3.7
2022.7945 -36.4293 -80.3517 -22.3 1.2 1.0 3.1
2022.7973 -35.5408 -82.4603 -18.3 1.5 1.1 3.7
2022.8000 -32.4843 -80.3517 -11.7 1.7 1.2 4.0
2022.8027 -31.2759 -82.4603 -23.9 1.5 1.1 3.8
2022.8055 -39.9834 -79.3528 -34.2 1.4 1.1 3.5
2022.8082 -40.019 -79.6858 -21.2 2.0 1.5 4.4
2022.8110 -33.2662 -83.0152 -21.7 1.6 1.2 3.6
2022.8137 -36.0384 -84.458 -21.4 1.5 1.1 3.5
2022.8164 -29.3923 -84.347 -19.9 1.3 1.0 3.3
2022.8192 -35.3631 -84.0141 -25.9 1.5 1.2 3.8
2022.8219 -39.3792 -82.6823 -9.7 1.6 1.3 4.1
2022.8247 -36.8558 -83.6811 -30.8 2.0 1.5 4.1
2022.8274 -32.2711 -82.7933 -21.3 2.3 1.6 4.6
2022.8301 -38.5263 -79.3528 -8.9 3.2 2.6 7.5
2022.8329 -35.8962 -83.1262 -15.5 2.1 1.7 4.4
2022.8356 -32.0934 -85.4569 -29.4 1.5 1.1 3.5
2022.8384 -37.7444 -80.1297 -17.1 2.4 2.0 4.9
2022.8411 -30.9561 -81.7944 -20.9 2.3 1.8 5.3
2022.8438 -34.368 -79.3528 -25.6 2.0 1.5 4.1
2022.8466 -25.3406 -83.2372 -34 1.6 1.3 3.7
2022.8493 -36.3938 -85.9008 -26.2 1.4 1.1 3.4
2022.8521 -35.7185 -84.458 -26.6 1.6 1.4 4.2
2022.8548 -39.6991 -82.0164 -23.9 2.1 1.7 4.3
2022.8575 -30.8494 -83.4592 -26.8 1.6 1.2 3.8
2022.8603 -32.3777 -85.6788 -30.7 1.2 1.0 3.3
2022.8630 -34.6878 -86.4557 -27.7 1.7 1.5 4.0
2022.8658 -32.2355 -82.2384 -28.3 1.4 1.1 3.5
2022.8685 -31.0627 -82.6823 -34.3 1.3 1.1 3.5
2022.8712 -34.9011 -83.7921 -25.6 1.3 1.1 3.4
2022.8740 -33.977 -86.6777 -33.1 1.2 1.0 3.3
2022.8767 -32.4843 -86.1228 -42.6 1.3 1.0 3.3
2022.8795 -35.3987 -87.8985 -32.2 1.2 0.9 3.2
2022.8822 -36.8558 -87.8985 -37 1.3 1.1 3.4
2022.8849 -37.3534 -86.0118 -27.2 1.3 1.1 3.5
2022.8877 -33.7638 -84.0141 -24.7 1.4 1.2 3.6
2022.8904 -36.0739 -84.791 -25.2 1.5 1.2 3.6
2022.8932 -35.8607 -86.0118 -22.9 1.3 1.0 3.4
2022.8959 -30.5296 -86.1228 -21.5 1.2 1.0 3.4
2022.8986 -35.7896 -86.7887 -22.4 1.3 1.0 3.4
2022.9014 -33.7993 -84.902 -18.4 2.0 1.7 4.5
2022.9041 -38.2775 -82.2384 -33.1 1.7 1.3 4.1
2022.9068 -36.3227 -86.1228 -36.6 1.6 1.3 3.9
2022.9096 -34.0481 -85.9008 -37.5 1.9 1.4 4.1
2022.9123 -41.9026 -82.7933 -28.4 1.7 1.4 4.0
2022.9151 -34.83 -84.2361 -34.9 1.6 1.3 3.8
2022.9178 -32.0223 -84.2361 -25.6 2.3 1.8 4.5
2022.9205 -35.7896 -84.68 -17.6 2.1 1.5 4.2
2022.9233 -34.6523 -86.5667 -23.7 1.6 1.3 3.8
2022.9260 -36.0739 -83.7921 -24 1.7 1.4 4.3
2022.9288 -35.5408 -85.5679 -20.4 1.6 1.3 3.8
2022.9315 -34.4391 -87.8985 -29.2 1.2 1.0 3.3
2022.9342 -35.8607 -84.347 -23.8 1.5 1.3 4.0
2022.9370 -36.536 -87.6765 -28.6 1.4 1.1 3.4
2022.9397 -36.3583 -91.117 -27.1 1.3 1.1 3.4
2022.9425 -37.5667 -85.1239 -36.9 1.3 1.1 3.4
2022.9452 -35.7541 -87.8985 -24.6 1.8 1.5 4.3
2022.9479 -34.7589 -90.2291 -24.2 1.2 1.0 3.3
2022.9507 -34.8655 -89.0083 -29.8 1.2 1.0 3.4
2022.9534 -36.4649 -92.4488 -37.6 1.3 1.0 3.3
2022.9562 -44.0706 -96.4442 -16.6 1.5 1.3 3.7
2022.9589 -36.4293 -90.3401 -34.1 1.4 1.1 3.6
2022.9616 -35.2565 -89.8962 -31.1 1.2 1.1 3.4
2022.9644 -36.6426 -88.1205 -27.4 1.2 1.1 3.4
2022.9671 -39.2015 -91.117 -25 1.9 1.5 4.0
2022.9699 -36.8558 -89.3413 -24 1.4 1.1 3.5
2022.9726 -37.9576 -91.339 -29.3 1.5 1.3 3.9
2022.9753 -36.9625 -90.3401 -26.7 1.6 1.3 4.2
2022.9781 -35.3276 -86.1228 -14.9 1.8 1.5 4.2
2022.9808 -40.1611 -91.006 -8.4 1.9 1.4 3.9
2022.9836 -41.0497 -91.5609 -16.6 1.5 1.1 3.5
2022.9863 -43.2532 -88.4534 -5.6 1.6 1.4 4.1
2022.9890 -28.1128 -80.3517 -3.7 5.4 5.0 9.2
2022.9918 -39.4859 -92.1159 -15.7 1.2 1.0 3.4
2022.9945 -44.3549 -91.228 -11.1 1.7 1.3 3.8
2022.9973 -47.4825 -89.8962 -14.2 2.7 1.9 4.9
2023.0000 -31.5958 -77.0222 -26.8 2.0 1.5 4.2
2023.0027 -37.0335 -92.0049 -16.9 1.9 1.3 3.9
2023.0055 -37.6022 -88.7864 -14.9 1.3 1.1 3.5
2023.0082 -37.7799 -89.3413 -20 1.4 1.2 3.5
2023.0110 -37.8154 -93.5586 -11.6 1.7 1.3 3.9
2023.0137 -42.1514 -93.0037 -18.8 1.7 1.4 3.8
2023.0164 -39.0594 -89.2303 -18.8 1.3 1.1 3.5
2023.0192 -36.5004 -89.2303 -20.3 1.3 1.0 3.3
2023.0411 -22.2486 -79.0199 -0.3 5.2 4.0 8.4
2023.0438 -40.1967 -92.0049 -28.8 1.3 1.1 3.4
2023.0466 -41.7249 -91.5609 -15 1.2 1.0 3.3
2023.0493 -38.1708 -92.0049 -4.9 2.1 1.6 4.0
2023.0521 -43.4664 -92.1159 -22.1 1.7 1.4 3.9
2023.0548 -40.1611 -89.5632 -21.5 1.5 1.2 3.6
2023.0575 -39.0949 -93.1147 -20.8 2.1 1.6 4.4
2023.0603 -37.9576 -91.7829 -19.6 2.0 1.6 4.7
2023.0630 -43.0044 -90.0072 -10.5 1.8 1.4 4.1
2023.0658 -40.2322 -91.45 -7.6 1.3 1.1 3.3
2023.0685 -41.0852 -91.117 -20.2 1.5 1.2 3.7
2023.0712 -40.09 -88.8973 -10.8 1.6 1.3 3.8
2023.0740 -43.3243 -94.8904 -15 1.7 1.2 3.8
2023.0767 -40.9075 -92.7817 -24.6 1.5 1.2 3.5
2023.0795 -40.2678 -94.6685 -17.5 1.3 1.1 3.4
2023.0822 -42.7201 -91.8939 -15.4 1.3 1.0 3.3
2023.0849 -43.3953 -89.4523 1.5 2.1 1.7 4.4
2023.0877 -38.6684 -94.3355 -13.8 1.4 1.1 3.5
2023.0904 -42.3647 -89.8962 -13.9 1.4 1.1 3.5
2023.0932 -36.6781 -90.4511 -21 1.5 1.1 3.7
2023.0959 -43.0399 -90.7841 -6.9 1.5 1.2 3.7
2023.0986 -42.1159 -93.6696 -19.6 1.4 1.2 3.4
2023.1014 -42.6845 -82.1274 -5.1 1.9 1.7 4.3
2023.1041 -40.5165 -87.8985 -17.1 2.9 2.0 4.9
2023.1068 -42.5424 -88.2314 -10.8 2.3 2.0 4.6
2023.1096 -44.426 -86.1228 -20.2 2.5 1.8 4.5
2023.1123 -44.4971 -85.7898 -5.3 2.9 2.2 5.5
2023.1178 -40.9786 -87.0106 -5.4 2.1 1.6 4.2
2023.1205 -44.9947 -91.8939 -24.1 1.5 1.1 3.6
2023.1233 -44.6393 -92.8927 -23.3 1.6 1.3 3.9
2023.1260 -49.9349 -92.0049 -15.7 3.4 2.4 6.0
2023.1288 -42.4713 -98.4419 -20.3 2.0 1.4 4.5
2023.1315 -46.9139 -93.6696 -24.9 1.5 1.1 3.5
2023.1342 -52.8847 -90.5621 13.2 1.6 1.1 3.5
2023.1370 -45.7055 -94.5575 -11 1.6 1.2 3.7
2023.1397 -46.3808 -92.4488 -13.1 1.9 1.3 4.0
2023.1425 -33.4084 -100.218 -26.1 1.5 1.2 3.8
2023.1452 -50.5391 -93.0037 -22.8 1.6 1.2 3.7
2023.1479 -44.7814 -96.1112 -16.8 3.1 2.1 4.8
2023.1507 -40.09 -96.4442 -13.1 1.4 1.0 3.3
2023.1534 -42.7201 -100.329 -21.5 2.0 1.6 4.4
2023.1562 -36.4293 -90.1182 -23.4 1.9 1.4 4.0
2023.1589 -40.7298 -103.214 -7.2 4.3 4.4 8.2
2023.1616 -38.6329 -92.6708 -18.4 2.2 1.6 4.2
2023.1644 -41.2984 -92.0049 -11.5 1.6 1.1 3.5
2023.1671 -40.8009 -90.5621 -15.7 2.1 1.5 4.5
2023.1699 -46.3452 -95.1124 -17.6 2.6 1.8 4.8
2023.1726 -45.5278 -94.2245 -15.3 2.4 1.8 4.6
2023.1753 -44.6037 -90.2291 -16.2 3.2 2.0 5.7
2023.1781 -40.5165 -91.6719 -17.4 2.4 1.6 4.3
2023.1808 -40.0545 -93.8916 -16.5 1.7 1.3 4.1
2023.1836 -40.9075 -98.7748 -10.1 2.1 1.5 4.2
2023.1863 -38.0642 -95.2234 -11.2 2.4 1.9 5.0
2023.1890 -44.0706 -97.776 -18.6 1.7 1.3 4.0
2023.1918 -37.0691 -95.4453 -17.3 1.5 1.3 3.6
2023.1945 -35.5053 -89.4523 -22.9 1.5 1.2 3.8
2023.1973 -39.4503 -91.228 -12.9 1.3 1.0 3.4
2023.2000 -40.4099 -90.1182 -15.9 2.4 1.9 4.6
2023.2027 -40.8009 -94.7794 -7.7 2.1 1.8 4.8
2023.2055 -39.5925 -94.2245 -17.4 1.4 1.1 3.6
2023.2082 -33.7993 -89.7852 -22.4 1.6 1.2 3.8
2023.2110 -42.4713 -89.4523 -11.3 1.6 1.2 3.6
2023.2137 -37.1402 -91.7829 -1.8 1.8 1.3 3.8
2023.2164 -37.0691 -92.4488 -21.9 1.6 1.2 3.8
2023.2192 -40.2678 -98.9968 -24.2 2.6 1.6 5.0
2023.2219 -36.8558 -94.6685 -25.3 1.9 1.5 4.3
2023.2247 -33.7638 -91.6719 -20.6 2.1 1.5 4.3
2023.2274 -37.1046 -97.443 -17.1 2.3 2.0 4.7
2023.2301 -40.6587 -93.0037 -16.6 2.0 1.4 4.3
2023.2329 -39.2371 -93.4476 -21.4 1.7 1.2 3.5
2023.2356 -37.9576 -96.0003 -23.2 1.4 1.1 3.4
2023.2384 -36.5004 -92.5598 -27.3 2.0 1.4 4.2
2023.2411 -33.6927 -91.8939 -29.1 1.9 1.4 3.9
2023.2438 -44.426 -86.7887 -25.2 2.5 1.9 4.9
2023.2466 -36.9269 -88.1205 -27.4 2.2 1.7 4.7
2023.2493 -43.3598 -93.6696 -26.5 1.7 1.2 3.6
2023.2521 -39.4503 -95.5563 -30.1 1.4 1.3 3.6
2023.2548 -33.977 -88.6754 -27.9 2.6 1.9 4.6
2023.2575 -40.4455 -92.6708 -20.9 1.6 1.3 4.1
2023.2603 -40.4455 -92.7817 -31.7 2.0 1.4 4.1
2023.2630 -38.775 -93.2257 -27.6 1.6 1.3 3.6
2023.2658 -40.019 -94.8904 -21.7 1.6 1.4 4.1
2023.2685 -39.0949 -95.2234 -21.2 1.4 1.1 3.6
2023.2712 -38.0287 -92.2268 -27.9 1.5 1.2 3.6
2023.2740 -44.4616 -92.6708 -11.5 1.4 1.2 3.9
2023.2767 -39.3792 -95.2234 -28.1 1.5 1.1 3.7
2023.2795 -42.8622 -96.4442 -24.8 1.4 1.1 3.4
2023.2822 -38.8106 -96.0003 -25.3 1.3 1.1 3.3
2023.2849 -38.3841 -93.7806 -14 1.7 1.3 4.0
2023.2877 -39.0594 -94.6685 -25.4 1.8 1.4 3.8
2023.2904 -40.5165 -95.8893 -31 1.5 1.2 3.8
2023.2932 -42.9689 -93.7806 -28.3 1.4 1.1 3.5
2023.2959 -38.775 -98.2199 -22.6 1.3 1.1 3.3
2023.2986 -39.8413 -97.887 -27.1 1.4 1.2 3.7
2023.3014 -38.1353 -98.5529 -20.1 1.1 1.0 3.2
2023.3041 -29.57 -96.9991 -39.8 2.4 1.6 5.1
2023.3068 -41.5828 -99.3297 -26.1 1.8 1.3 3.7
2023.3096 -39.9479 -94.6685 -18.5 3.6 2.4 5.2
2023.3123 -34.1192 -102.104 -23.9 1.6 1.3 4.0
2023.3151 -39.4859 -96.8881 -18.6 1.4 1.1 3.3
2023.3178 -37.1402 -96.3332 -24.5 1.9 1.7 4.2
2023.3205 -37.4956 -97.443 -18.7 1.7 1.5 4.3
2023.3233 -42.0448 -94.2245 -15.4 2.1 1.7 4.5
2023.3260 -37.1757 -99.1078 -19.9 2.3 1.9 4.3
2023.3288 -40.3744 -99.3297 -18.4 1.4 1.2 3.6
2023.3315 -38.1708 -95.6673 -10.1 1.8 1.3 3.6
2023.3342 -35.7896 -98.1089 -28.3 1.4 1.1 3.5
2023.3370 -40.8364 -97.554 -21.7 1.2 1.0 3.2
2023.3397 -38.8106 -97.9979 -26.3 1.4 1.2 3.6
2023.3425 -35.8607 -98.9968 -24.3 1.2 1.1 3.4
2023.3452 -39.9123 -97.887 -22.5 1.7 1.4 3.9
2023.3479 -35.6119 -96.3332 -31.1 1.3 1.1 3.4
2023.3507 -41.0141 -96.4442 -29.8 1.3 1.1 3.5
2023.3534 -38.6329 -99.8847 -24.5 1.7 1.5 3.9
2023.3562 -37.5311 -97.332 -23 1.6 1.2 3.7
2023.3589 -39.0238 -99.3297 -27.3 1.4 1.2 3.4
2023.3616 -37.1757 -96.8881 -25.3 1.6 1.3 3.7
2023.3644 -35.5764 -98.3309 -25.9 1.2 1.0 3.3
2023.3671 -39.2371 -101.327 -25.4 1.3 1.1 3.4
2023.3699 -38.9172 -99.2188 -24.9 1.2 1.0 3.2
2023.3726 -37.8865 -99.8847 -29.1 1.3 1.1 3.4
2023.3753 -41.1563 -99.3297 -25.4 1.1 1.0 3.2
2023.3781 -39.4503 -100.329 -22.3 1.3 1.1 3.4
2023.3808 -35.6474 -101.66 -19.8 1.3 1.1 3.4
2023.3836 -36.2872 -98.2199 -19.4 1.6 1.3 4.4
2023.3863 -29.1435 -100.662 -25 2.7 1.8 4.9
2023.3890 -35.8962 -97.1101 -15.9 1.9 1.6 4.6
2023.3918 -39.0949 -101.882 -20.9 1.6 1.3 3.8
2023.3945 -40.7298 -99.8847 -28.7 1.6 1.2 3.6
2023.3973 -39.628 -100.994 -19.1 1.9 1.4 4.0
2023.4000 -39.8768 -99.4407 -27.5 1.4 1.2 3.5
2023.4027 -37.8865 -98.3309 -25.7 1.2 1.1 3.3
