2007.4932 0 0 0 2.6 2.4 5.5
2007.4959 18.0397 -4.32971 10.7 1.3 0.9 2.7
2007.4986 15.9696 4.66276 6.4 2.3 1.4 4.1
2007.5014 9.46346 -3.88563 27.9 1.5 1.0 3.1
2008.4630 7.34404 -26.7554 23.6 1.3 0.9 2.8
2008.4658 0.739334 -20.4273 15.5 1.4 1.0 2.9
2008.4685 6.94973 -20.8714 16.1 1.3 0.9 2.7
2009.4603 -6.40755 -45.4064 30.6 1.3 0.9 2.8
2009.4630 -11.5336 -41.9648 20.2 1.2 0.9 2.6
2009.4658 -10.9421 -43.7411 20.8 1.2 0.9 2.6
2009.4685 -13.7516 -42.853 27.6 1.2 0.9 2.7
2010.4603 -8.18195 -62.0591 32.1 1.2 0.9 2.7
2010.4630 -11.1886 -55.7311 9.3 2.2 1.7 5.1
2011.5753 -29.0804 -82.3754 7.2 4.8 2.0 6.4
2011.5781 -33.8122 -87.5933 32.4 1.2 0.9 2.6
2011.5808 -31.0027 -85.484 12.2 1.2 0.9 2.6
2011.5836 -37.3117 -85.928 19.5 1.2 0.9 2.6
2012.6712 -52.4434 -110.019 23.4 3.5 2.4 6.2
2012.6740 -48.3524 -106.022 29.5 1.6 1.0 2.9
2012.6767 -55.6964 -120.122 14.1 2.6 1.5 4.0
2013.6603 -60.576 -125.228 32.9 1.3 0.9 2.7
2013.6630 -58.0623 -125.895 29 1.2 0.8 2.6
2013.6658 -62.0054 -125.228 30.7 1.5 0.9 2.8
2013.6685 -51.8026 -124.895 32.8 1.3 0.9 2.7
2013.6712 -53.7742 -126.783 33.6 1.3 0.9 2.7
2013.6740 -70.8774 -135.22 21.5 1.3 0.9 2.7
2013.6767 -77.3835 -135.442 45.2 2.7 1.4 4.6
2014.6767 -56.485 -145.878 29.8 1.3 0.9 2.8
2014.6795 -63.8291 -147.099 37 1.3 0.9 2.7
2014.6822 -61.2661 -143.991 23.1 1.3 0.9 2.7
2014.6849 -68.5608 -146.322 28.9 1.2 0.9 2.7
2015.6849 -75.2641 -160.643 21.9 1.8 1.2 3.3
2015.6877 -81.3266 -164.085 38.4 1.2 0.9 2.8
2015.6904 -69.8916 -164.085 43.6 2.3 1.6 4.3
2016.7014 -87.3399 -191.95 60.3 1.1 0.8 2.6
2016.7041 -85.9105 -186.955 54.1 1.2 0.9 2.7
2016.7068 -84.3825 -184.956 50.7 1.4 1.0 3.1
2018.4685 -107.4 -221.814 51.9 1.3 0.9 2.8
2018.4712 -114.35 -223.702 48.4 1.2 0.9 2.8
2018.4740 -111.787 -223.924 45.5 1.2 0.9 2.8
2018.4767 -105.922 -223.813 42.8 1.5 0.9 2.8
2021.6110 -152.549 -283.318 58.7 14.0 4.1 17.4
