1995.7068 0 0 0 2.0 1.6 4.3
1995.7096 -8.67738 -2.66605 -2 2.0 1.3 3.8
1995.7589 -8.60906 0.222171 5.6 2.0 1.6 4.4
1995.7616 -17.9697 -5.33211 3.1 2.0 1.2 3.7
1995.7726 -7.72082 -4.77668 3.3 2.0 1.6 4.4
1995.7753 -3.9629 -1.88846 7.8 2.0 1.2 3.8
2002.4137 -114.172 -66.8735 7.3 2.1 1.4 4.2
2002.4164 -110.756 -65.9848 -0.3 1.8 1.2 3.5
2002.4219 -100.781 -63.4299 7 2.0 1.5 3.9
2002.4247 -113.558 -67.8733 -5.2 1.9 1.2 3.6
2002.4329 -109.39 -69.4285 4.7 2.1 1.5 4.0
2002.4356 -111.371 -71.428 -2.4 1.9 1.1 3.5
2006.4575 -176.281 -109.197 -2.4 2.9 2.0 5.1
2006.4603 -169.448 -107.753 8.6 1.3 1.0 2.9
2006.4658 -173.138 -114.863 0.8 2.2 2.0 4.6
2006.4685 -172.659 -105.865 -3.1 2.1 1.7 4.8
2006.4767 -164.734 -108.642 -7.5 2.2 1.9 4.4
2006.4795 -175.939 -109.197 -7.7 1.6 1.0 3.2
2011.4493 -250.414 -142.412 1 1.6 1.2 3.4
2011.4521 -253.899 -141.412 -16.1 1.7 1.2 3.6
2011.4685 -252.532 -155.187 -11.7 1.6 1.2 3.5
