1999.4329 0 0 0 2.6 1.6 4.7
1999.4356 3.84018 -4.2217 -0.7 1.4 1.0 2.7
1999.4384 -0.995602 -4.1106 -4.4 1.4 0.9 2.7
1999.4411 -0.213343 -4.1106 -9.4 1.6 1.1 3.3
1999.4438 78.9371 -24.2192 10.6 6.7 2.9 7.3
1999.4466 -13.0851 -7.77681 -14.9 1.7 1.2 3.5
1999.4548 0.0711158 -5.55487 -3.6 1.6 1.0 3.2
1999.4575 63.6475 16.4424 -37.4 5.7 2.8 6.9
1999.4603 18.0631 -9.55437 -13.3 1.6 1.1 3.3
1999.4630 -3.69795 -8.99888 3.1 1.4 1.0 2.9
1999.4658 4.83578 -5.22157 -7 1.7 1.1 3.3
1999.4712 3.62684 -5.55487 7.8 2.3 1.7 4.6
1999.4740 -6.75588 -3.9995 -4.5 1.7 1.1 3.6
2002.4493 -38.9707 -31.6627 21.7 2.1 1.7 4.4
2002.4521 -41.7442 -35.1068 7.7 1.4 0.9 2.9
2002.4548 -41.3886 -33.9958 7.1 1.3 0.9 2.7
2002.4575 -44.8021 -31.2183 -7.7 1.7 1.1 3.5
2006.4932 -91.4532 -79.7679 21.1 2.8 1.7 4.8
2006.4959 -94.8667 -80.8788 17.3 1.3 0.8 2.6
2006.4986 -93.8 -80.4345 15.4 1.3 0.8 2.6
2006.5014 -93.8711 -79.6568 17.8 1.4 0.9 2.9
2011.4795 -162.71 -131.539 15.9 1.6 1.2 3.5
2011.4822 -162.852 -127.984 14.7 1.6 1.2 3.6
2011.4904 -165.341 -133.317 24.9 1.6 1.2 3.6
