2001.7753 0 0 0 2.7 2.1 6.4
2001.7781 6.72909 -5.10611 3.4 1.9 1.4 4.2
2001.7808 -10.0936 -2.44205 8.1 1.8 1.4 4.4
2001.7836 7.77778 -7.77017 -3.8 2.8 2.0 6.3
2001.7863 12.4532 10.2122 -21.6 2.2 1.7 5.3
2001.7890 24.9938 -5.88313 -19.2 1.6 1.2 3.8
2001.7918 -3.84519 7.88117 -15 1.6 1.2 4.1
2001.7945 11.6667 -5.43912 -4.6 2.1 1.7 5.6
2004.4356 -5.6367 -78.8117 -49.6 2.5 2.0 4.6
2004.4466 -5.28714 -88.6909 -16.2 2.0 1.6 4.5
2014.6959 -74.8939 -411.042 309.4 1.6 1.1 3.3
2014.6986 -70.6991 -408.822 315 2.0 1.2 3.2
2014.7014 -73.1024 -409.599 311 1.1 0.9 2.7
2014.7041 -72.9276 -408.489 305.5 1.0 0.8 2.6
