2003.3781 0 0 0 3.9 2.6 8.9
2003.4247 -21.378 -0.777126 -21.6 3.6 2.0 7.5
2003.4274 -23.0528 -7.54923 4.7 2.8 1.7 6.6
2003.4384 -21.378 5.5509 7 3.2 1.8 7.3
2004.3726 -36.3524 -23.8689 9 2.2 1.3 4.7
2004.3753 -44.3322 -28.5316 6.1 2.6 1.5 5.6
2006.4740 -40.1453 -59.6167 16.2 3.7 1.9 7.6
2006.4767 -35.318 -58.1734 -3.4 3.7 2.3 9.2
2006.4795 -22.4124 -60.9489 4.2 3.4 2.0 7.8
2007.4712 -52.9031 -84.5957 65.4 2.5 1.5 5.1
2007.4740 -57.1886 -86.039 44.9 2.6 1.3 4.6
2007.4767 -61.9173 -80.266 33.2 3.3 1.9 6.9
2008.7836 -81.4728 -105.578 41.4 2.2 1.3 4.3
2008.7863 -80.5369 -100.138 43.8 2.6 1.5 5.4
2009.4027 -88.763 -116.236 39.7 2.9 1.5 5.6
2009.4055 -83.6401 -125.783 55.4 3.1 1.9 6.9
2009.4082 -92.9991 -119.677 38.9 2.7 1.8 6.3
2009.4110 -108.072 -123.119 18.7 3.0 1.9 6.9
2010.4466 -90.9796 -131.445 52.9 4.2 2.1 8.2
2010.4493 -90.0929 -139.772 40.2 2.8 1.6 6.4
2010.4521 -105.314 -142.547 38.2 2.5 1.5 6.0
2010.4548 -95.7083 -134.332 51 2.7 1.6 6.5
2010.4575 -113.047 -135.109 39.8 3.4 2.0 7.4
2012.3397 -118.071 -181.848 24.4 2.0 1.1 3.9
2012.3425 -130.977 -191.839 43.4 2.1 1.2 4.3
2012.3452 -114.18 -183.624 46.3 2.4 1.3 4.6
2013.3644 -133.489 -195.836 55.4 2.2 1.4 5.0
2013.3671 -133.44 -193.282 36.8 2.5 1.6 5.0
2013.3699 -139.646 -192.505 31.9 2.6 1.6 5.5
2013.6767 -142.109 -213.821 103.7 3.4 2.2 7.1
2013.6795 -130.14 -216.929 73.2 2.8 1.4 5.3
2013.6822 -104.87 -204.162 49 3.4 1.8 6.5
2013.6849 -119.352 -207.604 68.9 2.8 1.4 5.7
2013.6877 -124.623 -208.936 71.8 4.8 2.1 8.2
2014.4329 -133.637 -207.937 50.6 3.1 1.6 6.0
2014.4356 -142.306 -209.602 71.7 3.1 1.8 6.3
2014.4384 -135.607 -211.489 65.4 2.8 1.5 5.6
2015.4438 -139.351 -230.362 60.2 3.5 1.8 7.1
2015.4466 -175.95 -240.354 41.7 3.1 1.5 5.9
2015.4493 -141.371 -226.699 42.7 2.8 1.5 5.9
2016.3863 -147.331 -257.229 24.9 4.1 2.3 9.8
2016.3890 -172.896 -247.015 36.3 3.8 2.2 8.6
2016.3918 -155.261 -255.23 72.6 3.9 2.0 8.4
2016.3945 -165.507 -259.56 87.5 3.6 2.0 8.7
2016.6986 -151.813 -260.337 88.3 3.1 1.7 6.2
2016.7014 -163.586 -269.996 110.4 3.7 1.9 7.3
2016.7041 -146.247 -266.443 78.7 3.6 2.1 8.5
2016.7068 -170.728 -262.225 32.9 3.7 2.0 7.8
2017.3863 -167.083 -265.222 81.6 2.8 1.6 6.1
2017.3890 -151.074 -266.332 123.6 3.1 1.6 6.3
2017.3918 -164.374 -267.442 93.4 2.9 1.7 6.8
2017.3945 -177.427 -266.998 89.7 3.3 1.9 7.0
2018.4356 -175.802 -286.76 92.9 3.3 1.7 6.6
2018.4384 -170.236 -290.423 97.3 3.1 1.6 6.4
2018.4411 -177.378 -290.09 76 3.4 1.7 7.3
2018.4438 -155.705 -287.093 63 3.8 1.8 7.6
2019.4329 -194.372 -310.295 71.2 3.9 2.2 7.9
2019.4356 -189.052 -318.289 77.2 3.3 1.8 7.2
2019.4384 -183.831 -303.856 65.9 3.3 2.0 7.9
2019.4411 -189.89 -303.745 71.6 3.6 1.8 7.5
