1995.5945 0 0 0 3.9 2.6 9.4
1995.5973 0.659523 -3.22004 13.4 4.0 2.6 7.9
1995.6000 11.7615 -3.55315 -1.1 4.4 2.7 7.3
1997.3726 4.23194 -48.3006 15.8 3.0 2.8 8.0
1997.3781 1.48393 -46.5241 42.7 3.5 2.6 7.9
1998.4192 6.32043 -88.9398 29.9 4.3 3.2 11.1
1998.4219 5.38611 -91.7157 41 3.3 2.6 8.8
1999.4767 -9.94781 -127.358 64.7 4.4 2.3 7.9
1999.4795 6.70516 -120.585 110.8 7.3 2.4 11.8
2002.6192 -8.18908 -222.294 77.5 1.6 1.1 3.6
2002.6219 0.494642 -218.63 81 1.4 1.0 3.3
2002.6247 -1.09921 -220.184 79.7 1.4 1.0 3.3
2012.5425 -97.5545 -485.671 162.2 2.8 1.7 4.5
2013.7753 -105.689 -513.208 166.1 1.2 1.0 2.9
2013.7781 -107.777 -514.207 176.4 1.2 1.0 2.9
2013.7808 -106.128 -515.762 168.3 1.2 1.0 2.9
2013.7836 -102.281 -519.648 177.9 1.2 1.0 2.9
2013.7863 -111.35 -510.876 179.4 1.4 1.1 3.4
2014.3918 -117.34 -533.861 172 1.2 1.0 2.9
2014.3945 -119.484 -533.75 162.3 1.2 1.0 2.9
2014.3973 -117.175 -531.64 161.5 1.2 1.0 2.9
2014.4000 -115.032 -529.975 151.9 1.5 1.2 3.6
2015.4904 -116.021 -553.958 195.7 1.4 1.0 3.1
2015.4932 -117.89 -554.18 195.1 1.2 0.9 2.9
2015.4959 -113.053 -554.847 181.6 1.3 1.0 3.0
2015.4986 -115.362 -551.738 189.1 1.3 0.9 3.0
2015.5014 -113.658 -558.067 188.7 1.4 1.0 3.3
2016.7151 -116.901 -593.376 198 1.3 1.1 3.4
2016.7178 -124.265 -586.159 200 1.2 1.0 3.1
2016.7205 -128.717 -583.494 207.2 1.4 1.2 3.6
2018.6356 -148.668 -635.57 209.9 1.4 1.1 3.4
2018.6384 -149.822 -638.124 213.4 1.3 1.1 3.1
2020.5507 -169.717 -681.428 238.5 1.5 1.2 3.7
2020.5534 -171.311 -679.762 244.7 1.6 1.2 3.8
2021.4849 -185.546 -687.312 272.9 1.3 1.1 3.3
2021.4877 -186.096 -687.979 269.7 1.3 1.0 3.1
2021.4904 -189.723 -690.088 267.8 1.3 1.1 3.1
