1999.5123 0 0 0 52.6 40.4 65.6
1999.5151 -18.244 -76.872 -61.8 1.5 0.9 2.9
1999.5178 -19.8901 -60.7644 -76.7 3.9 3.0 7.9
1999.5315 -6.72148 -86.9809 -50.4 1.7 1.2 3.2
2005.6438 -72.496 -155.966 -16.1 1.3 0.8 2.6
2005.6466 -69.8897 -156.854 -11.1 1.3 0.8 2.6
2005.6493 -69.4781 -161.187 0.3 1.3 0.8 2.6
2005.6521 -76.5426 -159.298 -8.5 1.3 0.8 2.6
2005.6548 -70.0268 -159.632 -14 1.3 0.8 2.6
2005.6575 -71.1928 -158.187 -22.7 1.3 0.8 2.6
2005.6603 -78.463 -158.41 -13.4 1.3 0.8 2.5
2005.6630 -77.7085 -158.521 -11.7 1.3 0.8 2.6
2005.6712 -74.2106 -152.855 -21.4 1.3 0.9 2.7
2005.6740 -85.596 -160.742 -3.5 1.3 0.8 2.5
2012.4603 -147.187 -232.06 17.5 1.4 0.8 2.5
2012.4630 -142.591 -231.727 10.6 1.3 0.8 2.4
2012.4658 -147.461 -232.171 20.2 1.3 0.8 2.4
2012.4685 -145.541 -231.838 22.8 1.3 0.8 2.4
2012.4712 -146.981 -232.06 23.1 1.3 0.8 2.4
