2008.6301 0 0 0 1.1 0.9 2.5
2008.6329 -3.35915 -0.888224 5.2 1.2 1.0 2.6
2008.6356 -1.15471 0.999251 5.7 1.3 1.0 2.8
2010.5918 -23.6715 -23.982 0.2 3.7 2.3 5.9
2010.5945 -20.9422 -24.7592 15.4 1.1 0.8 2.5
2010.5973 -23.5665 -22.5387 12.9 1.1 0.8 2.5
2010.6000 -22.1494 -22.7607 11.2 1.1 0.8 2.5
2010.6027 -24.0914 -22.9828 13.7 1.1 0.8 2.5
2010.6055 -26.4533 -22.0946 10.7 1.1 0.8 2.5
2010.6082 -23.3041 -22.4276 6.7 1.1 0.8 2.5
2010.6110 -24.7212 -21.6504 11.1 1.1 0.9 2.5
2011.5452 -32.9616 -32.0871 12.4 1.1 0.8 2.5
2011.5479 -32.8042 -33.3084 17.5 1.1 0.9 2.5
2011.5507 -33.8539 -31.5319 18 1.1 0.8 2.4
2011.5534 -32.3843 -33.3084 15.1 1.1 0.8 2.4
2011.5562 -33.1191 -33.7525 16.3 1.1 0.8 2.4
2011.5589 -36.1633 -32.9753 18.5 1.1 0.8 2.5
2012.5205 -43.7739 -48.0751 23.6 1.1 0.8 2.4
2012.5233 -43.9838 -45.9656 18.6 1.4 0.9 2.7
2012.5260 -43.5114 -46.6317 1 1.3 1.0 2.9
