2002.4767 0 0 0 5.0 2.3 6.8
2002.4822 0.489456 4.21929 -8.7 2.6 1.6 5.0
2002.4849 -8.26634 0 5 1.4 1.0 3.0
2002.4877 -8.37511 3.44206 -0.6 1.4 1.1 3.4
2006.5123 -46.0631 -55.295 1.9 2.0 1.6 4.4
2006.5151 -48.2385 -51.6308 15.1 1.2 0.9 2.7
2006.5178 -46.7157 -50.1874 10.3 1.2 0.9 2.7
2006.5205 -46.2263 -49.6322 4.7 1.2 0.9 2.7
2006.5233 -42.9632 -54.9619 5 1.6 1.1 3.2
2011.5096 -103.438 -115.586 22.1 1.6 1.2 3.6
2011.5151 -90.114 -115.92 38 1.6 1.2 3.7
2011.5178 -99.2505 -114.92 36.8 1.6 1.2 3.6
