1995.4630 0 0 0 6.0 3.5 10.0
1995.4712 -1.88491 -0.666225 -3 1.5 1.1 3.0
1995.4740 -1.77403 -1.22141 -6.1 1.6 1.1 3.0
1995.4767 -4.43508 -2.88698 -6.8 1.4 1.1 2.8
1995.4795 -2.77192 -0.999338 -7.9 1.4 1.0 2.8
2005.5342 -326.366 175.439 99.5 1.5 1.0 3.1
2005.5370 -324.814 174.329 92.4 1.8 1.3 3.7
2007.5397 -383.8 207.64 103.4 1.2 0.8 2.4
2007.5425 -389.677 206.308 107.8 1.2 0.8 2.4
2007.5452 -385.519 207.529 106.1 1.2 0.8 2.4
2007.5479 -382.47 205.753 103.5 1.3 0.9 2.6
2008.5781 -420.445 227.96 107.5 3.4 2.9 5.5
2008.5808 -416.066 225.961 111.7 1.1 0.9 2.4
2008.5836 -421.887 225.961 111.6 1.1 0.9 2.3
2008.5863 -421.388 224.74 114.8 1.1 0.9 2.4
2008.5890 -420.224 224.851 114.8 1.1 0.9 2.3
2008.5918 -420.445 224.518 106.3 1.2 0.9 2.4
2008.5945 -421.942 226.85 106.7 1.5 1.0 3.0
