1995.5178 0 0 0 1.4 1.2 3.3
1995.5205 -3.73157 -1.22163 -2.1 1.3 1.0 2.9
1995.5233 -0.550559 -1.33269 8.4 1.3 1.0 3.0
1995.5260 0.795253 1.77692 -0.1 1.4 1.1 3.3
1995.5288 -4.28213 -1.33269 -10.9 2.3 1.8 5.1
2016.4466 -343.427 -214.897 11.1 1.2 0.8 2.4
2016.4493 -343.304 -217.007 7.3 1.2 0.8 2.5
2021.6301 -348.81 -712.435 -77.3 1.3 1.0 2.8
2021.6329 -352.174 -711.325 -72.3 1.4 1.0 2.9
2021.6329 -351.257 -712.213 -71.9 1.3 1.1 3.0
2021.6356 -352.664 -710.325 -81.4 1.2 0.9 2.7
2021.6384 -353.214 -717.544 -75.6 1.3 1.0 2.9
2021.6411 -349.789 -715.989 -88.1 1.3 1.0 2.8
2021.6438 -351.563 -713.435 -78.8 1.3 1.0 2.8
2021.6466 -349.789 -716.1 -76.8 1.3 0.9 2.7
2021.6493 -348.565 -714.434 -75.8 1.3 0.9 2.7
2021.6521 -352.052 -715.212 -78.7 1.3 0.9 2.7
2021.6548 -355.478 -712.768 -74.5 1.3 0.9 2.7
2021.6575 -351.93 -719.876 -81.2 1.3 0.9 2.7
2021.6603 -349.789 -719.099 -77.3 1.3 0.9 2.7
2021.6630 -356.64 -716.988 -73.2 1.3 0.9 2.7
2021.6658 -355.294 -720.431 -79.5 1.3 0.9 2.7
2021.6685 -348.993 -723.763 -77.1 1.3 0.9 2.7
2021.6712 -350.033 -723.097 -72.7 1.3 1.0 2.8
2021.6740 -348.443 -721.209 -82 1.4 1.0 2.9
2021.6767 -352.358 -724.429 -77.6 1.5 1.0 2.9
2021.6795 -350.033 -725.207 -79.3 1.3 1.0 2.8
2021.6822 -354.377 -726.762 -79.6 1.3 0.9 2.7
2021.6849 -352.236 -724.651 -71.6 1.3 0.9 2.7
2021.6877 -349.36 -723.43 -74.3 1.3 0.9 2.7
2021.6904 -348.015 -726.65 -75.2 1.3 0.9 2.7
2021.6932 -354.254 -728.538 -71.7 1.3 0.9 2.7
2021.6959 -347.648 -725.207 -77.9 1.3 0.9 2.7
2021.6986 -347.953 -725.762 -73.4 1.3 0.9 2.7
2021.7014 -350.89 -727.65 -76.8 1.3 0.9 2.7
2021.7041 -349.055 -727.539 -76.3 1.3 0.9 2.7
2021.7068 -348.198 -728.538 -79 1.3 0.9 2.7
2021.7096 -352.113 -728.538 -76.9 1.3 0.9 2.7
2021.7123 -349.666 -729.316 -74.2 1.3 0.9 2.7
2021.7151 -351.257 -729.205 -77.8 1.3 0.9 2.7
2021.7178 -349.238 -731.537 -77.2 1.3 0.9 2.7
2021.7205 -347.892 -732.648 -77.4 1.3 0.9 2.7
2021.7233 -346.852 -733.98 -74.1 1.3 0.9 2.7
2021.7260 -347.77 -732.537 -76.7 1.2 0.9 2.7
2021.7288 -349.605 -732.981 -73.7 1.2 0.9 2.7
2021.7315 -347.158 -731.648 -80.2 1.3 1.0 2.9
2021.7342 -348.382 -733.203 -76.4 1.3 0.9 2.7
2021.7370 -346.914 -735.424 -78 1.2 0.9 2.7
2021.7397 -345.262 -734.98 -79.2 1.2 0.9 2.7
2021.7425 -346.424 -736.535 -70.2 1.2 0.9 2.7
2021.7452 -348.688 -734.091 -73 1.2 0.9 2.7
2021.7479 -344.405 -735.979 -85 1.3 0.9 2.7
2021.7507 -350.339 -737.534 -71.5 1.2 0.9 2.7
2021.7534 -344.038 -734.425 -76.4 1.2 0.9 2.7
2021.7562 -342.631 -735.313 -82.1 1.2 0.9 2.7
2021.7589 -347.77 -735.535 -74.6 1.2 0.9 2.7
2021.7616 -345.139 -736.535 -78.2 1.2 0.9 2.7
2021.7644 -345.69 -736.979 -72.3 1.3 0.9 2.7
2021.7671 -355.784 -736.201 -71.5 1.3 0.9 2.7
2021.7699 -349.911 -735.202 -87.4 1.2 0.9 2.7
2021.7726 -345.812 -740.311 -85.2 1.2 0.9 2.7
2021.7753 -350.523 -739.977 -77.1 1.2 0.9 2.7
2021.7781 -345.507 -738.312 -83.5 1.2 0.9 2.7
2021.7808 -342.631 -745.641 -86.8 1.3 0.9 2.7
2021.7836 -339.573 -742.31 -93.2 1.2 0.9 2.7
2021.7863 -340.796 -740.977 -90 1.2 0.9 2.7
2021.7890 -347.281 -743.642 -87.8 1.2 0.9 2.6
2021.7918 -340.368 -745.752 -81.4 1.2 0.9 2.7
2021.7945 -339.573 -742.31 -90.4 1.2 0.9 2.7
2021.7973 -340.062 -746.641 -83.9 1.3 0.9 2.7
2021.8000 -343.06 -744.531 -89.2 1.3 0.9 2.7
2021.8027 -343.06 -746.086 -89.2 1.3 1.0 2.8
2021.8055 -343.733 -746.197 -87.9 1.3 1.0 2.8
2021.8082 -339.267 -744.531 -87.1 1.3 0.9 2.7
2021.8110 -343.855 -747.307 -89.5 1.3 0.9 2.7
2021.8137 -340.429 -748.418 -84.8 1.3 1.0 2.8
2021.8164 -340.796 -748.751 -87.5 1.3 0.9 2.7
2021.8192 -343.121 -749.639 -86.2 1.2 0.9 2.7
2021.8219 -343.365 -749.75 -91.2 1.3 0.9 2.8
2021.8247 -343.365 -748.64 -90.1 1.3 0.9 2.8
2021.8274 -344.283 -747.529 -83.8 1.3 0.9 2.8
2021.8301 -342.081 -747.974 -85.8 1.3 0.9 2.9
2021.8329 -340.429 -749.084 -85.8 1.3 0.9 2.8
2021.8356 -341.775 -748.862 -84.7 1.3 0.9 2.8
2021.8384 -341.102 -748.64 -83.1 1.3 0.9 2.8
2021.8411 -340.001 -748.751 -92.8 1.3 0.9 2.8
2021.8438 -341.653 -749.528 -90.1 1.4 1.0 2.9
2021.8466 -343.182 -751.861 -85.2 1.3 0.9 2.8
2021.8493 -341.53 -751.527 -88.5 1.3 0.9 2.8
2021.8521 -344.65 -751.638 -84 1.3 0.9 2.8
2021.8548 -342.754 -752.971 -81.8 1.3 0.9 2.8
2021.8575 -339.695 -752.083 -83.9 1.3 0.9 2.7
2021.8603 -341.53 -750.417 -84.2 1.3 0.9 2.7
2021.8630 -343.06 -752.527 -85.7 1.3 0.9 2.8
2021.8658 -340.919 -757.636 -89 1.4 1.0 2.8
2021.8685 -347.525 -752.86 -91.6 1.4 1.0 2.8
2021.8712 -339.389 -752.416 -83.4 1.4 1.0 2.9
2021.8740 -342.264 -751.75 -86.1 1.3 1.0 2.8
2021.8767 -339.022 -753.86 -84.7 1.3 1.0 2.8
2021.8795 -344.589 -755.748 -76 1.3 1.0 2.8
2021.8822 -340.429 -755.748 -88.4 1.3 1.0 2.8
2021.8849 -341.897 -754.415 -85.3 1.3 0.9 2.7
2021.8877 -340.674 -755.637 -79.7 1.3 1.0 2.7
2021.8904 -338.9 -755.637 -87.7 1.3 0.9 2.8
2021.8932 -337.065 -753.86 -85.4 1.3 1.0 2.7
2021.8959 -340.49 -752.971 -89.8 1.3 1.0 2.7
2021.8986 -340.98 -754.415 -87.6 1.2 1.0 2.8
2021.9014 -340.551 -755.748 -83.5 1.3 1.0 2.7
2021.9041 -343.121 -753.86 -91.6 1.3 1.0 2.8
2021.9068 -339.267 -753.86 -84.4 1.2 1.0 2.7
2021.9096 -339.512 -755.303 -86 1.2 1.0 2.7
2021.9123 -338.166 -755.859 -83.4 1.2 1.0 2.7
2021.9151 -339.083 -759.079 -87.6 1.2 1.0 2.7
2021.9178 -340.368 -756.969 -93.4 1.2 1.0 2.7
2021.9205 -339.817 -753.638 -94.6 1.3 1.0 2.8
2021.9233 -340.98 -757.525 -77.6 1.4 1.0 2.9
2021.9260 -341.408 -757.302 -87.6 1.3 1.0 2.8
2021.9288 -338.594 -756.636 -85.8 1.3 1.0 2.8
2021.9315 -339.573 -758.746 -83.7 1.3 1.0 2.8
2021.9342 -337.921 -755.748 -83.4 1.3 1.0 2.9
2021.9370 -340.307 -755.637 -86.3 1.3 1.0 2.9
2021.9397 -340.246 -755.414 -90.3 1.3 1.0 2.9
2021.9425 -340.613 -760.634 -85.8 1.4 1.0 3.0
2021.9452 -335.841 -757.858 -87.6 1.3 1.0 2.8
2021.9479 -335.107 -753.86 -75.9 1.3 1.0 2.8
2021.9507 -340.857 -757.413 -75.5 1.3 1.0 2.9
2021.9534 -341.836 -757.413 -80.3 1.3 1.0 2.9
2021.9562 -340.857 -757.525 -86.5 1.3 1.0 2.9
2021.9589 -341.347 -758.524 -89.7 1.3 1.0 2.9
2021.9616 -340.062 -760.301 -78.6 1.3 1.0 2.9
2021.9644 -341.224 -760.523 -89.3 1.3 1.0 2.9
2021.9671 -339.145 -759.746 -83.7 1.3 1.0 2.9
2021.9699 -334.495 -759.19 -78.1 1.3 1.0 2.9
2021.9726 -340.307 -758.302 -94.3 1.3 1.0 2.9
2021.9753 -337.982 -761.189 -85.6 1.3 1.0 2.9
2021.9781 -340.062 -766.409 -73.9 1.3 1.0 2.9
2021.9808 -341.836 -759.968 -80.8 1.3 1.0 2.9
2021.9836 -342.326 -758.191 -87.6 1.3 1.0 2.9
2021.9863 -334.373 -756.747 -87.2 1.3 1.0 2.9
2021.9890 -339.45 -762.411 -86.1 1.3 1.0 2.8
2021.9918 -343.977 -757.636 -85.6 1.2 0.9 2.8
2021.9945 -340.857 -760.079 -85.6 1.2 0.9 2.8
2021.9973 -340.429 -759.524 -91 1.2 0.9 2.8
2022.0000 -343.304 -759.968 -94.8 1.2 0.9 2.8
2022.0027 -337.003 -763.744 -87.8 1.2 0.9 2.8
2022.0055 -334.128 -770.407 -83.1 1.2 0.9 2.7
2022.0082 -337.432 -766.076 -85 1.2 0.9 2.8
2022.0110 -337.065 -763.522 -88 1.2 0.9 2.8
2022.0137 -338.716 -761.523 -90.9 1.2 0.9 2.8
2022.0164 -336.575 -761.412 -89 1.2 0.9 2.7
2022.0192 -339.756 -762.522 -88.3 1.2 0.9 2.7
2022.0219 -337.86 -762.078 -85.8 1.2 0.9 2.7
2022.0247 -337.309 -760.967 -82.6 1.3 1.0 3.0
2022.0274 -336.453 -765.854 -82.9 1.2 0.9 2.8
2022.0301 -337.309 -762.078 -87.1 1.2 0.9 2.8
2022.0329 -336.086 -761.412 -90.5 1.2 0.9 2.8
2022.0356 -340.062 -766.853 -86.2 1.2 0.9 2.8
2022.0384 -338.9 -763.522 -84.8 1.2 0.9 2.8
2022.0411 -336.392 -764.41 -86.8 1.2 0.9 2.8
2022.0438 -337.799 -763.633 -84.5 1.2 0.9 2.8
2022.0466 -340.919 -763.744 -84.4 1.2 0.9 2.8
2022.0493 -341.714 -763.966 -83.7 1.2 0.9 2.8
2022.0521 -338.961 -765.854 -79.5 1.2 0.9 2.7
2022.0548 -340.123 -765.965 -82 1.2 0.9 2.8
2022.0575 -337.554 -764.854 -90.2 1.2 0.9 2.8
2022.0603 -338.349 -765.965 -88.2 1.2 0.9 2.7
2022.0630 -336.636 -763.411 -85.3 1.2 0.9 2.8
2022.0658 -338.655 -766.853 -82.2 1.2 0.9 2.8
2022.0685 -341.591 -768.741 -77.2 1.2 0.9 2.8
2022.0712 -340.98 -766.631 -85.1 1.2 0.9 2.8
2022.0740 -343.549 -768.519 -88.4 1.2 0.9 2.7
2022.0767 -340.551 -768.741 -84.9 1.2 0.9 2.7
2022.0795 -342.081 -767.631 -89.7 1.2 0.9 2.7
2022.0822 -340.246 -770.296 -86.7 1.2 0.9 2.7
2022.0849 -338.716 -770.407 -92 1.2 0.9 2.7
2022.0877 -337.432 -766.964 -92.1 1.2 0.9 2.7
2022.0904 -337.37 -767.742 -85.5 1.2 0.9 2.7
2022.0932 -340.062 -768.297 -88.9 1.2 0.9 2.7
2022.0959 -337.126 -768.186 -92 1.3 0.9 2.7
2022.0986 -336.636 -766.298 -94 1.2 0.9 2.7
2022.1014 -338.839 -770.963 -84.8 1.3 1.0 2.8
2022.1041 -337.065 -768.519 -90.6 1.3 0.9 2.8
2022.1068 -339.083 -769.63 -87.3 1.3 0.9 2.8
2022.1096 -340.184 -770.74 -86.3 1.3 0.9 2.8
2022.1123 -339.879 -768.963 -82.6 1.3 0.9 2.7
2022.1151 -338.716 -767.631 -90.3 1.3 0.9 2.7
2022.1178 -339.145 -764.632 -95 1.3 0.9 2.7
2022.1205 -339.328 -768.63 -82.4 1.3 0.9 2.7
2022.1233 -335.841 -767.187 -91.1 1.3 0.9 2.7
2022.1260 -336.698 -766.52 -91.6 1.3 0.9 2.7
2022.1288 -336.086 -761.745 -88.9 1.3 0.9 2.7
2022.1315 -337.86 -767.964 -88.3 1.3 0.9 2.7
2022.1342 -336.575 -767.964 -90.1 1.3 0.9 2.7
2022.1370 -340.857 -769.186 -80.8 1.3 0.9 2.7
2022.1397 -337.309 -767.187 -84.7 1.3 0.9 2.7
2022.1425 -342.142 -770.74 -82.2 1.3 0.9 2.7
2022.1452 -342.631 -770.629 -90.4 1.3 0.9 2.8
2022.1479 -340.674 -766.853 -88.5 1.3 0.9 2.7
2022.1507 -338.9 -769.186 -91.5 1.4 0.9 2.9
2022.1534 -340.368 -770.185 -92.7 1.5 1.0 3.0
2022.1562 -333.822 -766.853 -89.2 1.3 0.9 2.7
2022.1589 -337.493 -769.297 -91.8 1.3 0.9 2.7
2022.1616 -339.756 -768.408 -88.3 1.3 0.9 2.7
2022.1644 -337.493 -771.185 -80.1 1.3 0.9 2.7
2022.1671 -336.331 -770.296 -83.4 1.3 0.9 2.7
2022.1699 -332.966 -769.852 -81.9 1.3 0.9 2.7
2022.1726 -331.314 -768.852 -84 1.3 0.9 2.7
2022.1753 -337.921 -770.74 -85.4 1.3 0.9 2.7
2022.1781 -337.921 -772.406 -83.5 1.3 0.9 2.7
2022.1808 -335.474 -767.742 -91.5 1.3 0.9 2.7
2022.1836 -335.291 -771.629 -87.9 1.3 0.9 2.7
2022.1863 -335.229 -770.851 -81.1 1.3 0.9 2.7
2022.1890 -335.658 -769.63 -94.8 1.4 0.9 2.8
2022.1918 -334.557 -770.629 -90.3 1.4 0.9 2.8
2022.1945 -333.027 -771.518 -94.1 1.3 0.9 2.7
2022.1973 -336.82 -771.74 -85.2 1.3 0.9 2.8
2022.2000 -336.147 -772.739 -83.8 1.3 0.9 2.8
2022.2027 -336.269 -773.739 -85 1.3 0.9 2.7
2022.2055 -335.596 -773.85 -86 1.3 0.9 2.7
2022.2082 -334.74 -773.184 -89.2 1.3 0.9 2.9
2022.2110 -333.7 -773.85 -84.1 1.3 0.9 2.8
2022.2137 -334.679 -775.294 -82.4 1.3 0.9 2.8
2022.2164 -332.415 -775.405 -83.9 1.3 0.9 2.7
2022.2192 -333.517 -777.626 -80.6 1.3 0.9 2.7
2022.2219 -332.048 -773.739 -80.2 1.3 0.9 2.8
2022.2247 -331.865 -775.405 -85.4 1.3 0.9 2.8
2022.2274 -332.477 -774.183 -84.5 1.3 0.9 2.8
2022.2301 -330.703 -776.738 -84.5 1.3 0.9 2.8
2022.2329 -332.538 -774.516 -83.8 1.3 0.9 2.7
2022.2356 -334.985 -773.184 -82.2 1.3 0.9 2.8
2022.2384 -333.7 -774.294 -89.4 1.3 0.9 2.8
2022.2411 -335.046 -775.738 -91.2 1.3 0.9 2.8
2022.2438 -332.721 -772.628 -91.5 1.3 0.9 2.7
2022.2466 -334.495 -774.85 -93 1.3 0.9 2.7
2022.2493 -333.211 -776.96 -92.2 1.3 0.9 2.7
2022.2521 -337.432 -775.96 -88.4 1.3 0.9 2.7
2022.2548 -336.453 -777.182 -89.1 1.3 0.9 2.7
2022.2575 -333.822 -776.182 -91.9 1.3 0.9 2.7
2022.2603 -332.415 -775.516 -93.5 1.3 0.9 2.7
2022.2630 -334.495 -777.182 -88.8 1.3 0.9 2.7
2022.2658 -336.759 -778.403 -88.4 1.3 0.9 2.7
2022.2685 -336.086 -780.291 -96.4 1.3 0.9 2.8
2022.2712 -335.474 -777.404 -85.7 1.3 0.9 2.7
2022.2740 -337.126 -777.848 -87.8 1.3 0.9 2.7
2022.2767 -335.535 -775.516 -93.8 1.3 1.0 2.8
2022.2795 -336.208 -776.515 -96.6 1.3 0.9 2.7
2022.2822 -334.924 -776.293 -85.7 1.3 0.9 2.7
2022.2849 -335.229 -776.626 -93.1 1.3 0.9 2.7
2022.2877 -334.679 -776.182 -88.6 1.3 0.9 2.8
2022.2904 -336.147 -777.848 -90.3 1.3 0.9 2.9
2022.2932 -334.189 -778.07 -87.1 1.3 0.9 2.7
2022.2959 -334.434 -776.738 -82.3 1.3 0.9 2.7
2022.2986 -335.658 -779.514 -85.3 1.3 0.9 2.7
2022.3014 -334.862 -780.18 -87.8 1.3 0.9 2.7
2022.3041 -336.025 -779.958 -85.1 1.3 0.9 2.8
2022.3068 -337.065 -782.401 -91.9 1.3 0.9 2.8
2022.3096 -338.655 -780.847 -88.6 1.3 0.9 2.7
2022.3123 -336.331 -781.735 -87.4 1.3 0.9 2.7
2022.3151 -332.048 -779.625 -83.7 1.3 0.9 2.8
2022.3178 -333.578 -781.846 -84.5 1.3 0.9 2.7
2022.3205 -337.126 -780.736 -85.9 1.3 1.0 2.9
2022.3233 -338.105 -780.736 -91.9 1.3 1.0 2.9
2022.3260 -336.147 -779.514 -84.3 1.3 0.9 2.7
2022.3288 -333.027 -780.847 -88.4 1.2 0.9 2.7
2022.3315 -334.006 -782.401 -84.9 1.2 0.9 2.7
2022.3342 -336.82 -782.624 -91.7 1.3 0.9 2.8
2022.3370 -334.679 -783.734 -92.3 1.3 1.0 2.8
2022.3397 -335.658 -785.844 -88.3 1.3 1.0 2.8
2022.3425 -337.554 -782.735 -88 1.2 0.9 2.7
2022.3452 -335.413 -783.845 -92.9 1.2 0.9 2.7
2022.3479 -335.658 -784.178 -84 1.2 0.9 2.7
2022.3507 -336.698 -783.845 -83.3 1.2 0.9 2.8
2022.3534 -340.246 -780.513 -82.4 1.2 0.9 2.7
2022.3562 -342.876 -782.957 -87.4 1.2 0.9 2.7
2022.3589 -336.575 -783.956 -83.4 1.2 0.9 2.7
2022.3616 -336.269 -786.622 -83 1.2 0.9 2.7
2022.3644 -337.799 -781.735 -82 1.2 0.9 2.7
2022.3671 -333.272 -783.623 -90.3 1.2 0.9 2.7
2022.3699 -338.594 -787.954 -92.8 1.2 0.9 2.7
2022.3726 -337.738 -785.289 -83.8 1.2 0.9 2.7
2022.3753 -334.434 -787.621 -79.3 1.2 0.9 2.7
2022.3781 -335.168 -788.954 -88 1.2 0.9 2.7
2022.3808 -336.331 -787.177 -91.1 1.2 0.9 2.7
2022.3836 -338.227 -786.4 -88.8 1.2 0.9 2.7
2022.3863 -337.248 -785.511 -90.9 1.2 0.9 2.7
2022.3890 -335.719 -785.844 -89.1 1.2 0.9 2.7
2022.3918 -336.331 -788.954 -87 1.2 0.9 2.7
2022.3945 -336.82 -786.955 -91.5 1.2 0.9 2.7
2022.3973 -337.554 -786.288 -90.2 1.2 0.9 2.7
2022.4000 -338.043 -785.955 -91 1.3 0.9 2.9
2022.4027 -339.389 -788.843 -92.1 1.2 0.9 2.8
2022.4055 -335.168 -789.287 -88 1.2 0.9 2.7
2022.4082 -336.698 -787.732 -85.9 1.2 0.9 2.7
2022.4110 -334.924 -789.398 -89.7 1.2 0.9 2.8
2022.4137 -337.37 -789.953 -85.3 1.2 0.9 2.8
2022.4164 -334.189 -789.065 -92.3 1.2 0.9 2.7
2022.4192 -334.679 -787.399 -88.9 1.2 0.9 2.8
2022.4219 -336.82 -789.065 -84.5 1.2 0.9 2.8
2022.4247 -336.208 -787.288 -84.3 1.2 0.9 2.7
2022.4274 -335.658 -788.732 -94.9 1.2 0.9 2.7
2022.4301 -335.658 -788.843 -84.7 1.2 0.9 2.7
2022.4329 -338.105 -788.288 -86.3 1.2 0.9 2.8
2022.4356 -337.921 -791.397 -79.5 1.2 0.9 2.8
2022.4384 -335.229 -789.509 -84.2 1.2 0.9 2.7
2022.4411 -336.636 -787.843 -84.6 1.2 0.9 2.7
2022.4438 -338.41 -786.177 -88.9 1.2 0.9 2.7
2022.4466 -333.211 -789.287 -88.3 1.2 1.0 2.9
2022.4493 -334.128 -790.953 -83.3 1.2 0.9 2.7
2022.4521 -333.761 -790.953 -81.8 1.2 0.9 2.7
2022.4548 -336.575 -790.064 -81.2 1.2 0.9 2.7
2022.4575 -334.801 -788.732 -83.6 1.2 0.9 2.7
2022.4603 -334.251 -791.397 -86.6 1.2 0.9 2.7
2022.4630 -332.11 -792.508 -85.5 1.2 0.9 2.7
2022.4658 -334.067 -790.731 -88.3 1.2 0.9 2.7
2022.4685 -335.841 -791.952 -86 1.2 0.9 2.7
2022.4712 -337.738 -790.953 -81.2 1.2 0.9 2.7
2022.4740 -334.924 -792.286 -86.5 1.2 0.9 2.7
2022.4767 -335.596 -792.619 -78.1 1.2 0.9 2.7
2022.4795 -336.514 -791.841 -89 1.3 0.9 2.8
2022.4822 -336.514 -789.509 -87.4 1.2 0.9 2.7
2022.4849 -335.291 -787.621 -82.3 1.2 0.9 2.7
2022.4877 -335.168 -791.397 -89.2 1.2 0.9 2.7
2022.4904 -333.272 -792.619 -82 1.2 0.9 2.7
2022.4932 -335.168 -791.286 -90.9 1.2 0.9 2.7
2022.4959 -336.881 -793.174 -83.5 1.2 0.9 2.8
2022.4986 -333.455 -793.285 -87.8 1.2 0.9 2.7
2022.5014 -334.434 -793.396 -87.3 1.2 0.9 2.7
2022.5041 -335.291 -793.063 -84 1.2 0.9 2.7
2022.5068 -331.376 -792.73 -89.9 1.3 0.9 2.9
2022.5096 -336.086 -794.951 -83.6 1.3 0.9 2.9
2022.5123 -331.314 -792.175 -94 1.3 0.9 2.8
2022.5151 -335.964 -794.729 -89.7 1.2 0.9 2.7
2022.5178 -333.15 -795.284 -89.2 1.2 0.9 2.7
2022.5205 -335.046 -794.285 -82.4 1.2 0.9 2.7
2022.5233 -335.78 -794.507 -80.4 1.2 0.9 2.7
2022.5260 -335.046 -794.174 -85.4 1.2 0.9 2.7
2022.5288 -334.006 -793.174 -91 1.2 0.9 2.7
2022.5315 -332.599 -794.507 -88.2 1.2 0.9 2.7
2022.5342 -338.41 -793.285 -91.9 1.2 1.0 2.8
2022.5370 -335.841 -795.062 -89.7 1.2 1.0 2.8
2022.5397 -335.719 -795.284 -87.1 1.2 0.9 2.7
2022.5425 -335.291 -796.284 -91.8 1.2 0.9 2.7
2022.5452 -337.126 -794.174 -81.9 1.2 0.9 2.7
2022.5479 -339.206 -797.616 -85.1 1.2 0.9 2.7
2022.5507 -331.681 -795.062 -93.9 1.2 0.9 2.7
2022.5534 -334.557 -794.84 -90.4 1.2 0.9 2.7
2022.5562 -336.269 -795.617 -85.2 1.2 0.9 2.7
2022.5589 -331.314 -794.729 -89.1 1.2 0.9 2.7
2022.5616 -335.352 -796.839 -87 1.2 0.9 2.7
2022.5644 -333.333 -793.729 -98.4 1.2 0.9 2.7
2022.5671 -334.067 -794.84 -89.6 1.2 0.9 2.7
2022.5699 -336.698 -796.062 -89.9 1.2 0.9 2.7
2022.5726 -335.107 -795.062 -88.4 1.2 0.9 2.7
2022.5753 -333.15 -796.617 -86.5 1.2 0.9 2.7
2022.5781 -335.596 -796.173 -90.3 1.2 0.9 2.7
2022.5808 -331.131 -795.395 -84.8 1.2 0.9 2.7
2022.5836 -334.679 -799.504 -92.8 1.2 0.9 2.7
2022.5863 -335.535 -793.174 -88.7 1.3 1.0 2.9
2022.5890 -335.168 -798.505 -89.7 1.3 0.9 2.8
2022.5918 -334.189 -795.284 -94.3 1.3 1.0 2.8
2022.5945 -337.86 -797.172 -92 1.3 0.9 2.7
2022.5973 -334.373 -793.951 -86.1 1.3 0.9 2.8
2022.6000 -333.639 -797.283 -80.3 1.2 0.9 2.7
2022.6027 -337.799 -796.062 -87.3 1.2 0.9 2.7
2022.6055 -334.128 -795.95 -87.6 1.3 0.9 2.7
2022.6082 -334.434 -795.95 -78.3 1.3 0.9 2.7
2022.6110 -335.964 -797.172 -89.3 1.3 1.0 2.8
2022.6137 -334.801 -798.505 -88.2 1.3 1.0 2.8
2022.6164 -334.801 -795.173 -92.7 1.3 0.9 2.7
2022.6192 -331.62 -797.95 -86.4 1.3 0.9 2.7
2022.6219 -336.575 -799.06 -87.1 1.3 0.9 2.7
2022.6247 -336.086 -800.06 -84.4 1.3 0.9 2.7
2022.6274 -337.86 -800.948 -89.9 1.3 0.9 2.8
2022.6301 -334.128 -796.284 -87.4 1.3 0.9 2.8
2022.6329 -332.966 -800.06 -97.2 1.3 0.9 2.7
2022.6356 -336.331 -797.394 -90.3 1.3 0.9 2.7
2022.6384 -339.328 -795.617 -86.5 1.3 0.9 2.7
2022.6411 -335.352 -800.726 -91.8 1.3 0.9 2.7
2022.6438 -332.782 -799.615 -92.3 1.5 1.0 3.1
2022.6466 -332.11 -798.505 -86 1.5 1.0 3.0
2022.6493 -336.881 -801.059 -84.6 1.3 1.0 2.8
2022.6521 -336.453 -796.617 -86.7 1.3 1.0 2.7
2022.6548 -334.801 -800.171 -85.8 1.3 1.0 2.7
2022.6575 -336.575 -802.059 -84.8 1.3 1.0 2.8
2022.6603 -331.865 -802.392 -86.4 1.3 0.9 2.7
2022.6630 -332.905 -797.95 -78 1.3 0.9 2.7
2022.6658 -331.253 -801.614 -82.2 1.3 0.9 2.7
2022.6685 -334.557 -800.726 -84.9 1.3 0.9 2.7
2022.6712 -337.37 -800.837 -86.2 1.3 0.9 2.7
2022.6740 -334.434 -805.168 -88 1.3 0.9 2.7
2022.6767 -335.841 -802.059 -80.1 1.3 0.9 2.7
2022.6795 -334.189 -802.836 -87.3 1.3 0.9 2.7
2022.6822 -337.065 -799.393 -86.7 1.3 0.9 2.7
2022.6849 -335.168 -799.838 -90.3 1.3 0.9 2.7
2022.6877 -333.517 -800.837 -87.4 1.3 0.9 2.7
2022.6904 -332.966 -798.616 -90.5 1.3 0.9 2.7
2022.6932 -333.394 -801.059 -86.8 1.3 0.9 2.7
2022.6959 -331.376 -801.059 -93.6 1.3 0.9 2.7
2022.6986 -335.964 -797.95 -93.2 1.3 0.9 2.7
2022.7014 -332.66 -802.836 -90.4 1.3 0.9 2.7
2022.7041 -338.533 -801.503 -87.5 1.3 0.9 2.8
2022.7068 -331.376 -801.059 -80.7 1.3 0.9 2.8
2022.7096 -323.912 -802.059 -78.1 1.3 0.9 2.7
2022.7123 -334.067 -799.282 -87.6 1.3 0.9 2.7
2022.7151 -334.067 -801.17 -86.7 1.2 0.9 2.7
2022.7178 -332.354 -804.058 -88.7 1.3 0.9 2.7
2022.7205 -332.721 -804.502 -87.1 1.3 0.9 2.7
2022.7233 -335.291 -803.947 -84.7 1.3 0.9 2.7
2022.7260 -334.251 -802.836 -88.6 1.3 0.9 2.7
2022.7288 -337.493 -803.28 -84.8 1.3 0.9 2.7
2022.7315 -334.495 -802.947 -86.7 1.3 0.9 2.7
2022.7342 -332.293 -803.947 -91.1 1.3 0.9 2.7
2022.7370 -333.333 -804.502 -92.2 1.3 0.9 2.7
2022.7397 -331.804 -803.947 -87.1 1.3 0.9 2.7
2022.7425 -334.74 -803.391 -93.3 1.3 0.9 2.8
2022.7452 -339.145 -805.168 -82.8 1.3 1.0 2.8
2022.7479 -330.825 -802.725 -86.7 1.3 0.9 2.7
2022.7507 -331.008 -806.057 -89.4 1.3 0.9 2.7
2022.7534 -333.761 -804.169 -92.5 1.3 0.9 2.7
2022.7562 -333.455 -801.614 -88.5 1.3 0.9 2.7
2022.7589 -335.107 -803.28 -93.1 1.3 0.9 2.7
2022.7616 -337.003 -805.613 -90.7 1.3 0.9 2.7
2022.7644 -333.211 -805.39 -90.4 1.4 0.9 2.8
2022.7671 -331.376 -805.057 -86.4 1.4 0.9 2.8
2022.7699 -341.041 -804.28 -95.1 1.3 0.9 2.7
2022.7726 -339.022 -808.722 -93.7 1.3 0.9 2.7
2022.7753 -334.862 -804.613 -84.7 1.3 0.9 2.7
2022.7781 -332.966 -804.946 -89.2 1.3 0.9 2.8
2022.7808 -333.333 -806.501 -85.6 1.4 0.9 2.9
2022.7836 -331.253 -806.39 -85.8 1.4 0.9 2.8
2022.7863 -333.394 -804.835 -83.4 1.3 0.9 2.8
2022.7890 -336.575 -806.168 -89.1 1.3 0.9 2.7
2022.7918 -335.78 -806.834 -91.8 1.3 0.9 2.7
2022.7945 -334.862 -806.39 -86.3 1.3 0.9 2.7
2022.7973 -334.679 -808.056 -88 1.4 1.0 2.9
2022.8000 -332.415 -807.723 -79.8 1.5 1.0 3.0
2022.8027 -333.7 -806.168 -82.3 1.3 0.9 2.8
2022.8055 -338.166 -805.279 -91 1.3 1.0 2.8
2022.8082 -338.166 -808.278 -90.9 1.4 0.9 2.7
2022.8110 -340.796 -810.166 -85.6 1.3 0.9 2.7
2022.8137 -340.919 -805.39 -87.8 1.3 0.9 2.7
2022.8164 -333.517 -809.277 -83.7 1.3 0.9 2.7
2022.8192 -340.613 -810.832 -80.7 1.4 1.0 2.8
2022.8219 -336.636 -807.278 -80.2 1.4 1.0 2.8
2022.8247 -330.213 -807.834 -84.7 1.3 0.9 2.8
2022.8274 -340.123 -811.054 -86.8 1.3 0.9 2.7
2022.8301 -339.634 -806.501 -83.5 1.3 0.9 2.7
2022.8329 -330.03 -809.166 -81.7 1.3 0.9 2.8
2022.8356 -333.394 -809.055 -82.5 1.3 0.9 2.7
2022.8384 -334.618 -805.279 -98.7 1.3 0.9 2.8
2022.8411 -336.147 -810.277 -90.7 1.4 1.0 2.9
2022.8438 -337.676 -810.61 -83 1.4 0.9 2.8
2022.8466 -329.969 -806.501 -78 1.3 0.9 2.7
2022.8493 -337.86 -808.167 -75.6 1.3 0.9 2.7
2022.8521 -333.578 -807.945 -84.4 1.4 1.0 2.8
2022.8548 -337.065 -810.499 -90.1 1.3 0.9 2.7
2022.8575 -337.065 -812.276 -90.2 1.3 0.9 2.7
2022.8603 -331.559 -809.166 -85.4 1.3 1.0 2.8
2022.8630 -330.519 -807.612 -86 1.3 0.9 2.7
2022.8658 -332.966 -809.277 -91.8 1.3 0.9 2.7
2022.8685 -332.232 -807.389 -86.4 1.3 0.9 2.7
2022.8712 -336.086 -804.28 -88.6 1.3 0.9 2.7
2022.8740 -338.594 -807.945 -78.2 1.3 0.9 2.7
2022.8767 -337.126 -808.833 -87 1.3 0.9 2.7
2022.8795 -336.025 -807.167 -86.8 1.3 0.9 2.7
2022.8822 -340.735 -807.612 -83.2 1.3 0.9 2.7
2022.8849 -337.309 -809.5 -88.4 1.3 0.9 2.7
2022.8877 -334.128 -810.721 -91 1.3 0.9 2.7
2022.8904 -335.902 -808.833 -85.9 1.3 0.9 2.8
2022.8932 -333.884 -811.832 -84 1.3 0.9 2.7
2022.8959 -333.639 -811.61 -81.8 1.3 0.9 2.7
2022.8986 -334.251 -813.498 -74.3 1.3 0.9 2.7
2022.9014 -338.9 -808.611 -91.5 1.3 1.0 2.8
2022.9041 -336.086 -807.612 -82.5 1.3 1.0 2.8
2022.9068 -333.884 -810.61 -84.6 1.3 0.9 2.7
2022.9096 -336.942 -808.5 -86.3 1.3 0.9 2.8
2022.9123 -336.636 -810.721 -85.1 1.3 0.9 2.7
2022.9151 -332.11 -806.945 -84.7 1.3 0.9 2.7
2022.9178 -332.844 -812.72 -81 1.3 0.9 2.7
2022.9205 -334.679 -811.276 -78.4 1.3 0.9 2.7
2022.9233 -333.945 -810.388 -82.2 1.3 0.9 2.7
2022.9260 -332.66 -809.388 -87.5 1.3 0.9 2.7
2022.9288 -332.415 -810.166 -86.3 1.3 0.9 2.7
2022.9315 -336.636 -810.166 -85 1.3 0.9 2.7
2022.9342 -336.269 -812.054 -76.7 1.2 0.9 2.7
2022.9370 -335.474 -813.831 -80.5 1.3 0.9 2.7
2022.9397 -330.641 -816.163 -80.3 1.3 0.9 2.7
2022.9425 -336.636 -812.72 -82.4 1.2 0.9 2.7
2022.9452 -333.761 -815.608 -86.2 1.3 0.9 2.7
2022.9479 -333.822 -813.942 -91.4 1.2 0.9 2.7
2022.9507 -334.679 -813.831 -90.1 1.2 0.9 2.7
2022.9534 -334.067 -812.831 -89.8 1.2 0.9 2.7
2022.9562 -336.147 -811.943 -85.9 1.3 0.9 2.7
2022.9589 -335.168 -812.054 -87.3 1.2 0.9 2.7
2022.9616 -335.841 -810.721 -87.4 1.3 0.9 2.7
2022.9644 -335.78 -811.61 -82.7 1.2 0.9 2.7
2022.9671 -335.841 -811.499 -81.4 1.2 0.9 2.7
2022.9699 -335.658 -810.388 -83.9 1.3 0.9 2.7
2022.9726 -334.251 -811.832 -82 1.3 0.9 2.7
2022.9753 -336.82 -813.275 -85.2 1.2 0.9 2.7
2022.9781 -336.392 -813.387 -87.1 1.2 0.9 2.7
2022.9808 -335.413 -814.83 -88 1.2 0.9 2.7
2022.9836 -331.498 -814.941 -90 1.2 0.9 2.7
2022.9863 -338.105 -816.829 -84.4 1.2 0.9 2.7
2022.9890 -337.309 -814.941 -89.3 1.3 0.9 2.8
2022.9918 -336.514 -816.052 -88 1.3 1.0 2.8
2022.9945 -337.37 -815.497 -96.5 1.2 0.9 2.7
2022.9973 -334.985 -814.608 -89.6 1.2 0.9 2.7
2023.0000 -334.985 -814.053 -88.1 1.2 0.9 2.7
2023.0027 -336.636 -815.386 -95.9 1.2 0.9 2.7
2023.0055 -335.474 -813.72 -91.8 1.2 0.9 2.7
2023.0082 -333.822 -813.387 -88.3 1.2 0.9 2.6
2023.0110 -336.759 -814.608 -91.7 1.2 0.9 2.7
2023.0137 -337.248 -812.387 -90.5 1.2 0.9 2.7
2023.0164 -335.413 -814.941 -89.4 1.2 0.9 2.7
2023.0192 -334.801 -813.053 -88 1.3 0.9 2.7
2023.0411 -339.145 -816.607 -91 1.3 0.9 2.7
2023.0438 -336.392 -814.941 -89.8 1.3 0.9 2.7
2023.0466 -339.512 -816.829 -83.4 1.3 0.9 2.7
2023.0493 -340.368 -815.275 -90.4 1.3 0.9 2.6
2023.0521 -337.738 -817.94 -95.2 1.3 0.9 2.7
2023.0548 -337.738 -817.385 -87.5 1.3 0.9 2.7
2023.0575 -340.919 -817.051 -93.4 1.3 0.9 2.7
2023.0603 -337.248 -817.163 -86.9 1.3 1.0 2.8
2023.0630 -336.82 -814.83 -87.7 1.3 1.0 2.8
2023.0658 -338.9 -815.497 -88.9 1.3 1.0 2.7
2023.0685 -338.533 -815.386 -86.5 1.4 1.0 2.8
2023.0712 -336.514 -815.275 -82 1.4 1.0 2.9
2023.0740 -337.676 -816.274 -85.9 1.4 1.0 2.8
2023.0767 -339.512 -816.163 -82.5 1.3 1.0 2.7
2023.0795 -337.554 -816.94 -90.2 1.3 1.0 2.7
2023.0822 -336.453 -816.163 -86.7 1.3 1.0 2.8
2023.0849 -336.698 -816.163 -84.4 1.3 1.0 2.8
2023.0877 -339.022 -818.162 -77.8 1.3 1.0 2.8
2023.0904 -338.961 -816.052 -78 1.4 1.0 2.8
2023.0932 -338.655 -817.829 -85.9 1.4 0.9 2.7
2023.0959 -338.9 -816.496 -91.4 1.3 0.9 2.7
2023.0986 -340.49 -819.606 -86.9 1.3 1.0 2.7
2023.1014 -336.392 -816.829 -87.6 1.3 0.9 2.7
2023.1041 -339.94 -817.496 -86.3 1.4 0.9 2.7
2023.1068 -339.695 -816.94 -77.1 1.4 0.9 2.7
2023.1096 -341.041 -816.94 -79.8 1.4 1.0 2.8
2023.1123 -341.469 -816.829 -85 1.4 0.9 2.7
2023.1151 -339.634 -817.607 -82.2 1.4 0.9 2.7
2023.1178 -342.754 -818.384 -81.5 1.4 0.9 2.7
2023.1205 -338.9 -818.051 -82.9 1.4 1.0 2.8
2023.1233 -338.594 -819.606 -83 1.5 1.0 2.8
2023.1260 -336.453 -820.161 -75.6 1.6 1.0 2.9
2023.1288 -336.759 -816.94 -78.4 1.5 1.0 2.9
2023.1315 -336.942 -817.274 -90.6 1.4 1.0 2.9
2023.1342 -337.309 -815.941 -85.6 1.4 0.9 2.7
2023.1370 -340.49 -819.384 -85.8 1.4 0.9 2.7
2023.1397 -337.37 -817.496 -80.6 1.4 0.9 2.8
2023.1425 -337.003 -816.94 -84.6 1.5 0.9 2.8
2023.1452 -335.596 -818.384 -80.6 1.4 0.9 2.7
2023.1479 -336.331 -820.716 -77.6 1.4 0.9 2.7
2023.1507 -337.738 -819.384 -88.1 1.4 0.9 2.7
2023.1534 -339.879 -818.384 -79.6 1.4 0.9 2.7
2023.1562 -332.477 -824.159 -81.5 1.4 0.9 2.8
2023.1589 -341.591 -821.716 -78.6 1.7 1.0 2.9
2023.1616 -335.046 -820.161 -84.7 1.4 1.0 2.8
2023.1644 -336.147 -819.717 -83.4 1.4 0.9 2.7
2023.1671 -331.865 -819.273 -82.1 1.4 0.9 2.7
2023.1699 -334.862 -819.05 -77.4 1.4 0.9 2.7
2023.1726 -338.839 -819.273 -77.1 1.3 0.9 2.7
2023.1753 -336.698 -819.162 -74.2 1.5 0.9 2.8
2023.1781 -336.759 -815.052 -84.6 1.4 0.9 2.8
2023.1808 -335.107 -817.496 -85.5 1.4 0.9 2.8
2023.1836 -337.676 -820.605 -80.6 1.4 0.9 2.7
2023.1863 -334.801 -819.05 -84.8 1.4 1.0 2.9
2023.1890 -336.392 -820.383 -82.3 1.4 1.0 2.9
2023.1918 -337.676 -819.384 -80.6 1.3 0.9 2.7
2023.1945 -332.721 -818.273 -82.6 1.4 0.9 2.7
2023.1973 -343.06 -818.606 -88.8 1.3 0.9 2.7
2023.2000 -333.517 -821.161 -81.2 1.4 0.9 2.8
2023.2027 -336.759 -820.605 -88.2 1.4 0.9 2.8
2023.2055 -337.309 -820.494 -84.8 1.3 0.9 2.7
2023.2082 -333.7 -821.272 -86.9 1.3 0.9 2.7
2023.2110 -333.394 -819.939 -86.9 1.3 0.9 2.8
2023.2137 -332.11 -820.494 -85.8 1.3 0.9 2.7
2023.2164 -332.721 -819.162 -82.7 1.3 0.9 2.8
2023.2192 -335.107 -819.828 -85.8 1.3 0.9 2.7
2023.2219 -337.126 -824.159 -92.5 1.3 0.9 2.7
2023.2247 -337.982 -820.272 -92.1 1.6 1.0 3.0
2023.2274 -339.328 -820.605 -91 1.5 1.0 3.0
2023.2301 -331.498 -819.05 -78.7 1.4 0.9 2.8
2023.2329 -333.578 -818.939 -82.7 1.3 0.9 2.8
2023.2356 -335.902 -818.495 -88.4 1.3 0.9 2.8
2023.2384 -331.987 -819.939 -88.5 1.3 0.9 2.8
2023.2411 -334.862 -818.495 -92.2 1.4 1.0 2.9
2023.2438 -334.74 -821.938 -87.3 1.5 1.0 3.0
2023.2466 -334.862 -819.717 -96.8 1.3 1.0 2.8
2023.2493 -334.006 -821.938 -77.9 1.3 1.0 2.8
2023.2521 -335.535 -820.272 -89.5 1.3 0.9 2.8
2023.2548 -335.902 -821.161 -86.2 1.4 1.0 2.9
2023.2575 -334.495 -820.605 -88.3 1.4 1.0 2.9
2023.2603 -337.615 -824.492 -93.6 1.3 1.0 2.8
2023.2630 -337.615 -822.493 -83.1 1.3 1.0 2.9
2023.2658 -341.041 -821.716 -86.3 1.3 1.0 2.8
2023.2685 -338.41 -824.381 -85.4 1.3 0.9 2.8
2023.2712 -340.49 -822.826 -92.9 1.3 1.0 2.7
2023.2740 -337.921 -824.825 -89.6 1.3 1.0 2.8
2023.2767 -336.759 -822.715 -87 1.3 1.0 2.8
2023.2795 -336.269 -823.493 -94.7 1.3 1.0 2.8
2023.2822 -339.083 -821.05 -90.5 1.3 1.0 2.9
2023.2849 -341.53 -826.269 -90.2 1.5 1.0 3.0
2023.2877 -339.267 -824.048 -86 1.4 1.0 2.9
2023.2904 -334.067 -824.048 -84.2 1.3 1.0 2.8
2023.2932 -335.902 -822.382 -86.3 1.3 1.0 2.8
2023.2959 -344.834 -826.936 -76.2 1.3 0.9 2.8
2023.2986 -338.41 -827.269 -89.7 1.3 0.9 2.8
2023.3014 -338.043 -824.937 -84.3 1.3 0.9 2.7
2023.3041 -339.817 -825.381 -80.9 1.3 0.9 2.7
2023.3068 -335.046 -826.936 -87.9 1.3 1.0 2.7
2023.3096 -330.947 -826.936 -81.8 1.4 1.0 2.8
2023.3123 -340.735 -827.824 -86.3 1.4 1.1 2.9
2023.3151 -337.982 -825.492 -85.2 1.3 0.9 2.7
2023.3178 -337.676 -824.381 -84 1.3 0.9 2.7
2023.3205 -337.187 -826.491 -86.5 1.3 1.0 2.8
2023.3233 -336.881 -821.716 -88.1 1.3 1.0 2.7
2023.3260 -337.37 -824.048 -85 1.3 1.0 2.8
2023.3288 -337.86 -825.27 -89.5 1.3 1.0 2.8
2023.3315 -336.82 -821.05 -86.7 1.3 0.9 2.7
2023.3342 -339.389 -827.047 -86.1 1.3 0.9 2.7
2023.3370 -337.003 -826.38 -86.6 1.3 1.0 2.7
2023.3397 -338.227 -827.158 -93.2 1.3 1.0 2.8
2023.3425 -338.594 -826.269 -89.1 1.3 0.9 2.8
2023.3452 -337.554 -825.159 -84.5 1.4 1.0 2.8
2023.3479 -337.738 -826.825 -83 1.3 1.0 2.7
2023.3507 -336.575 -826.158 -84.4 1.2 1.0 2.7
2023.3534 -338.9 -826.047 -91.9 1.3 1.0 2.8
2023.3562 -338.105 -827.158 -87.3 1.3 1.0 2.8
2023.3589 -340.062 -827.491 -88.3 1.3 1.0 2.8
2023.3616 -337.738 -826.158 -83.9 1.3 1.0 2.7
2023.3644 -336.453 -826.269 -82.6 1.2 1.0 2.8
2023.3671 -338.472 -824.492 -86.7 1.3 1.0 2.8
2023.3699 -336.636 -825.159 -88.1 1.2 1.0 2.8
2023.3726 -337.126 -822.938 -96.4 1.3 1.0 2.8
2023.3753 -337.309 -824.937 -84.6 1.2 0.9 2.8
2023.3781 -335.168 -824.937 -87.9 1.3 1.0 2.8
2023.3808 -334.924 -823.826 -82.7 1.3 1.0 2.9
2023.3836 -337.309 -827.158 -86.8 1.3 1.1 2.9
2023.3863 -335.352 -825.27 -86.1 1.3 1.0 2.9
2023.3890 -336.942 -824.381 -90.7 1.3 1.0 2.9
2023.3918 -334.128 -824.714 -87.6 1.3 1.0 2.7
2023.3945 -335.046 -826.825 -87.2 1.3 1.0 2.8
2023.3973 -336.453 -826.269 -91.8 1.3 1.0 2.8
2023.4000 -335.046 -826.047 -91 1.3 1.0 2.8
2023.4027 -334.862 -827.491 -90.2 1.3 1.0 2.8
