1999.6877 0 0 0 1.8 1.1 3.3
1999.6904 5.72073 3.2201 2.5 1.5 1.0 2.9
1999.6932 1.49961 6.4402 3.9 2.2 1.4 4.3
2000.6740 -9.71969 22.6517 -1.3 1.9 1.2 3.5
2000.6767 -8.60887 17.0998 6.3 1.4 1.0 3.0
2001.5014 -26.5486 34.0886 -8 1.5 1.0 3.2
2001.5041 -26.9374 34.1997 -18.3 1.6 1.1 3.4
2001.5068 -24.7158 33.9776 -10.9 1.6 1.0 3.3
2001.5096 -24.327 33.5334 -11.2 1.5 1.1 3.5
2002.4137 -39.823 43.971 8.8 6.8 3.0 8.4
2002.4164 -46.6545 45.1924 -6.9 1.2 1.0 2.9
2002.4192 -45.4326 41.5282 -19.9 1.4 1.2 3.3
2007.5918 -153.793 112.926 52 2.2 1.2 3.6
2007.5945 -149.35 113.37 54.6 1.8 1.1 3.3
2007.5973 -154.071 119.144 42.3 2.2 1.3 4.0
2008.6000 -182.23 122.142 46.8 1.5 1.0 2.9
2008.6027 -183.174 121.142 43.3 1.6 1.1 2.9
2008.6055 -189.117 123.918 35.7 1.5 1.0 2.9
2008.6082 -186.229 121.92 41.5 1.7 1.1 3.4
2012.7014 -237.216 168.778 57.8 1.9 1.1 3.4
2012.7041 -246.269 169.444 64.9 1.7 1.0 3.1
2014.4411 -303.699 187.543 82.8 1.9 1.0 3.4
2014.4438 -300.977 186.211 74.6 1.7 1.0 3.2
2014.4466 -304.365 188.098 75.7 1.8 1.1 3.3
2014.4493 -291.146 186.655 80.3 2.1 1.1 3.5
2014.4521 -297.534 192.762 78.2 1.8 1.1 3.4
2014.4548 -307.698 186.766 82 2.1 1.2 3.8
