2008.6274 0 0 0 2.7 2.5 5.5
2008.6301 -0.36931 -2.10955 -5.7 1.2 0.9 2.6
2008.6329 3.74585 -1.33235 -2.6 1.2 1.0 2.7
2008.6356 -0.949653 -3.66395 1.2 1.4 1.0 2.8
2010.5918 -25.2186 -24.9815 3.5 3.3 2.7 6.3
2010.5945 -19.3624 -24.4263 15.3 1.2 0.9 2.7
2010.5973 -20.7341 -26.98 18.2 1.2 0.9 2.7
2010.6000 -30.7054 -37.8608 6.4 1.2 0.9 2.7
2010.6027 -18.9403 -23.6491 16.2 1.1 0.9 2.7
2010.6055 -18.8875 -21.9837 14.9 1.2 0.9 2.7
2010.6082 -17.8851 -23.205 19.8 1.2 0.9 2.7
2010.6110 -19.5734 -24.5374 10.1 1.6 1.1 3.5
2011.5452 -11.5013 -36.0844 2.5 1.1 0.8 2.4
2011.5479 -21.0506 -33.4197 13.7 1.1 0.8 2.5
2011.5507 -26.6958 -36.4174 8.3 1.1 0.8 2.5
2011.5534 -24.3217 -36.6395 20.1 1.1 0.8 2.5
2012.5205 -31.3385 -46.188 17.4 1.1 0.8 2.4
2012.5233 -33.0268 -47.0762 16.8 1.4 0.9 2.8
2012.5260 -32.1827 -44.7446 7.8 1.4 1.0 3.0
