1998.4712 0 0 0 3.0 2.0 6.1
1998.4740 -4.6083 -5.43993 -11.8 1.8 1.3 3.8
1998.4767 -0.247757 -5.21789 -8.1 1.2 0.9 2.8
1998.4795 -3.02265 -4.66279 -5.8 1.7 1.2 3.2
1998.4822 -8.32467 -3.55261 -15.8 1.8 1.4 3.5
1998.4849 -4.7074 2.3314 -13.6 4.3 2.9 5.7
2000.6466 -10.7031 -66.7224 -5.8 1.5 1.1 3.3
2000.6493 -13.0321 -69.3868 -7 1.5 1.2 3.2
2000.6521 -12.6852 -68.2766 -11 1.4 1.1 3.1
2002.6411 -26.6588 -121.566 1.1 1.3 0.9 2.8
2002.6438 -28.4922 -121.899 0.6 1.5 1.0 3.2
2003.5753 -56.4393 -161.088 -23 1.7 1.2 3.6
2003.5781 -56.2906 -162.865 -19.9 1.4 1.0 2.8
2003.5808 -60.998 -162.532 -23.8 1.4 1.1 3.0
2003.5836 -55.1014 -162.421 -17.9 1.4 1.0 2.9
2004.4219 -66.6964 -186.401 -13.6 1.3 0.9 2.9
2004.4247 -61.989 -182.848 -21 1.1 0.8 2.6
2004.4274 -59.9574 -183.07 -15.2 1.1 0.8 2.6
2006.4740 -78.1924 -238.025 -18.2 1.2 0.9 2.6
2006.4767 -85.2783 -238.136 -13 1.2 0.9 2.6
2006.4795 -83.2962 -240.023 -25.2 1.2 0.9 2.5
2006.4822 -80.224 -242.021 -16.3 1.2 0.9 2.6
2006.4849 -78.8861 -239.69 -28.6 2.0 1.4 4.3
2007.4877 -90.283 -270.886 -21.5 1.1 0.8 2.5
2007.4904 -94.4453 -274.217 -15.2 1.2 0.9 2.5
2007.4932 -90.2334 -269.11 -18.7 1.2 0.8 2.5
2008.4630 -95.3373 -298.974 -18.9 1.1 0.8 2.5
2008.4658 -94.2967 -299.529 -15.1 1.1 0.8 2.5
2008.4685 -96.5761 -296.309 -24.1 1.2 0.9 2.6
2009.4603 -106.486 -323.62 -15.2 1.1 0.8 2.4
2009.4630 -107.923 -326.729 -18.3 1.1 0.8 2.4
2009.4658 -108.617 -327.839 -15.7 1.1 0.8 2.5
2009.4685 -106.536 -324.73 -11.1 1.2 0.9 2.8
2010.4603 -114.811 -352.707 -9.1 1.2 0.9 2.6
2010.4630 -115.703 -352.374 -16.8 1.1 0.9 2.6
2010.4658 -114.96 -350.487 -9.9 1.1 0.8 2.5
2010.4685 -115.703 -349.71 -12.8 1.1 0.8 2.4
2010.4712 -115.059 -348.821 -14.3 1.1 0.8 2.5
2010.4740 -111.887 -350.82 -12.9 1.2 0.9 2.7
2011.5781 -132.055 -379.907 -7.9 1.1 0.8 2.4
2011.5808 -130.023 -378.13 -10.1 1.1 0.8 2.4
2011.5836 -123.879 -384.903 -14.5 2.2 1.6 4.6
2012.6740 -130.172 -412.879 -13.5 1.4 0.9 2.7
2012.6767 -131.609 -410.437 -10.2 3.3 1.6 4.0
2013.6603 -145.186 -434.861 -10.5 1.1 0.8 2.5
2013.6630 -144.294 -436.193 -8.6 1.1 0.8 2.5
2013.6658 -144.096 -437.081 -16.9 1.3 0.9 2.6
2013.6685 -150.538 -439.635 -16.4 1.2 0.8 2.5
2013.6712 -145.583 -437.525 -14.3 1.1 0.8 2.5
2013.6740 -144.542 -438.081 3.3 2.2 1.2 4.0
2014.6767 -152.222 -461.506 -2.1 1.2 0.8 2.5
2014.6795 -150.141 -461.284 -7.1 1.2 0.8 2.5
2014.6822 -149.993 -462.394 -10.3 1.2 0.8 2.5
2014.6849 -150.29 -463.171 -8.4 1.2 0.9 2.7
2015.6849 -161.092 -484.486 1.1 1.5 1.0 2.9
2015.6877 -160.448 -487.373 3.5 1.1 0.9 2.6
2015.6904 -156.484 -486.485 -4.1 3.6 2.0 5.3
2016.7014 -166.989 -515.683 -6.6 1.0 0.8 2.5
2016.7041 -171.944 -517.237 -10 1.1 0.8 2.5
2016.7068 -169.219 -514.573 -7.7 1.1 0.8 2.5
2017.6959 -173.579 -548.433 -32.3 1.1 0.8 2.5
2017.6986 -167.138 -546.435 -25.3 1.1 0.8 2.6
2017.7014 -171.944 -545.769 -16.5 1.3 0.9 3.0
2018.4685 -179.03 -572.747 -18.4 1.1 0.8 2.5
2018.4712 -182.697 -574.634 -11.3 1.1 0.8 2.5
2018.4740 -176.404 -574.856 -18.9 1.1 0.8 2.5
2018.4767 -177.94 -577.853 -12.5 1.5 1.0 2.9
2021.6082 -174.075 -716.072 -46.4 6.4 2.4 7.7
