2021.5534 0 0 0 1.5 1.4 5.4
2021.5562 -3.83746 -1.11026 19.1 1.8 1.6 5.3
2021.5589 1.7113 1.22129 -15.7 1.9 1.6 5.7
2021.5616 3.26702 -0.888207 -0.7 1.5 1.4 5.1
2021.5644 4.40789 0.777182 -4.3 1.7 1.4 5.5
2021.5671 7.05262 -0.333077 0.2 1.6 1.5 5.4
2021.5699 2.59288 -2.9977 -8 1.6 1.4 5.4
2021.5726 1.50387 -3.4418 -10.5 1.6 1.4 5.3
2021.5753 3.16331 0.777182 7 1.6 1.4 5.2
2021.5781 2.48916 -6.77258 -18.9 1.6 1.5 5.6
2021.5808 6.53405 0.444104 -9.2 1.5 1.4 5.2
2021.5836 2.85216 -0.333077 -12 1.5 1.4 5.0
2021.5863 -4.25232 -0.333077 9 1.7 1.4 5.2
2021.5890 0.41486 -1.11026 -7.2 1.7 1.5 5.5
2021.5918 -1.50387 -2.44257 10.7 1.6 1.4 5.4
2021.5945 4.45975 -2.66462 -23.6 1.6 1.4 5.2
2021.5973 2.02244 5.44027 -2.6 1.6 1.4 5.4
2021.6000 2.69659 0.222052 -14.4 1.7 1.6 5.6
2021.6027 -4.30417 -3.21975 -23.5 1.6 1.5 5.5
2021.6055 -2.90402 -1.99847 -9.1 1.6 1.5 5.5
2021.6082 2.17802 -0.222051 -6 1.6 1.5 5.8
2021.6110 3.7856 -1.77641 3.3 1.7 1.5 5.6
2021.6137 1.60758 1.11026 -9.1 1.7 1.5 5.5
2021.6164 2.74845 -2.22052 -7.4 1.7 1.5 5.4
2021.6192 -1.7113 -2.33154 -0.8 1.6 1.4 5.5
2021.6219 2.0743 2.66462 -12.3 1.6 1.5 5.5
2021.6247 -0.570433 2.44257 3.8 1.6 1.5 5.6
2021.6274 0.933436 7.21669 3.5 1.7 1.5 5.4
2021.6301 1.60758 2.9977 -0.2 1.6 1.5 5.5
2021.6329 2.80031 -6.55053 -0.8 1.7 1.5 5.6
2021.6356 1.60758 3.33078 -6.7 1.8 1.5 5.2
2021.6384 0.570433 1.99847 3 1.8 1.6 6.1
2021.6411 3.83746 1.66539 3.7 1.7 1.5 5.4
2021.6438 1.50387 -0.111026 4.9 1.7 1.4 5.4
2021.6466 -0.051857 -0.222051 -1.5 1.7 1.5 5.2
2021.6493 2.54102 -2.5536 -13.2 1.9 1.6 5.6
2021.6521 1.40015 0.777182 5.4 1.7 1.5 5.4
2021.6548 0.933436 -0.444103 3.9 1.7 1.5 5.4
2021.6575 2.0743 1.88744 -6.6 1.8 1.5 5.9
2021.6603 3.4226 0.222052 0.4 1.7 1.4 5.4
2021.6630 1.24458 2.10949 6.8 1.7 1.4 5.5
2021.6658 -6.37848 -0.666155 5.8 1.7 1.4 5.3
2021.6685 -0.674148 1.99847 -26 1.7 1.4 5.3
2021.6712 -0.881577 -2.77565 -14 1.8 1.5 5.6
2021.6740 3.47445 -0.444103 -10.1 2.1 1.5 5.9
2021.6767 2.85216 -0.555129 1.3 2.1 1.5 5.8
2021.6795 4.09674 0.111026 7.2 1.8 1.5 5.6
2021.6822 -0.466717 2.22052 9.7 1.7 1.4 5.2
2021.6849 0.777863 0 5 1.8 1.4 5.4
2021.6877 1.45201 -0.777181 1.8 1.8 1.5 5.6
2021.6904 0.622291 -1.77641 1.3 1.7 1.4 5.3
2021.6932 0.933436 2.88667 15.6 1.7 1.4 5.4
2021.6959 -1.97059 -3.55283 17 1.5 1.1 3.5
2021.6986 -5.96361 -1.44334 34.8 1.5 1.1 3.5
2021.7014 -9.17878 -5.21822 24.8 1.5 1.2 3.5
2021.7041 -5.23761 -4.33001 23.4 1.5 1.2 3.5
2021.7068 -3.47445 2.44257 16.1 1.7 1.5 5.4
2021.7096 -1.08901 4.99617 23.2 1.6 1.4 5.6
2021.7123 1.14087 3.55283 16.8 1.9 1.6 5.6
2021.7151 -10.2159 2.22052 13.5 1.8 1.5 5.8
2021.7178 1.65944 3.88591 11.5 1.9 1.5 5.6
2021.7205 3.73374 2.5536 2.5 1.7 1.5 5.7
2021.7233 -1.29644 5.21822 24.6 1.9 1.5 5.5
2021.7260 2.33359 -2.9977 -3.9 2.0 1.6 6.6
2021.7288 -2.02244 4.21899 27 1.7 1.3 4.1
2021.7315 5.39318 2.9977 38.2 1.7 1.3 4.0
2021.7342 -1.19272 2.5536 0.6 1.9 1.5 5.8
2021.7370 1.50387 3.33078 9.7 1.8 1.5 5.6
2021.7397 3.21517 -1.33231 -1 1.8 1.5 5.7
2021.7425 0.466717 2.33155 15.9 1.7 1.4 5.4
2021.7452 -0.363003 2.5536 13.7 1.9 1.5 5.8
2021.7479 1.91873 0.777182 17.2 1.7 1.4 5.2
2021.7507 4.82275 0.55513 17.8 1.7 1.4 4.6
2021.7534 -7.26005 5.77335 21.7 1.9 1.6 5.9
2021.7562 0.363003 3.10873 19.3 1.7 1.5 5.5
2021.7589 2.28173 5.10719 18.1 1.7 1.4 5.5
2021.7616 -1.3483 -0.555129 5.6 1.7 1.4 5.7
2021.7644 -3.88931 2.44257 17.7 1.8 1.5 5.6
2021.7671 4.30417 2.66462 12.2 1.7 1.5 5.4
2021.7699 -2.54102 2.44257 14 1.8 1.4 5.6
2021.7726 -5.13389 -2.10949 4.9 1.6 1.4 5.4
2021.7753 -3.68188 -0.666155 9.5 1.8 1.4 5.3
2021.7781 -8.81578 3.88591 -0.7 1.9 1.5 5.8
2021.7808 -1.03715 5.10719 24.4 2.6 2.0 7.3
2021.7836 -0.155572 1.99847 13.9 1.7 1.4 5.4
2021.7863 -4.30417 4.10796 14.9 1.6 1.4 5.2
2021.7890 -5.23761 2.66462 16.6 1.7 1.4 5.3
2021.7918 1.24458 1.33231 18.4 1.7 1.4 5.5
2021.7945 -1.91873 -1.11026 22.5 1.7 1.4 5.6
2021.7973 -2.48916 3.44181 30 1.7 1.5 5.5
2021.8000 -5.60061 1.88744 24.9 1.8 1.4 5.7
2021.8027 -4.77089 -1.99847 18 1.8 1.5 5.6
2021.8055 -5.03018 0.55513 15.7 1.9 1.5 5.6
2021.8082 -3.88931 2.44257 16.6 1.9 1.5 6.0
2021.8110 -6.01547 0.777182 12 1.7 1.3 4.6
2021.8137 -2.80031 1.22129 23.5 1.9 1.5 6.2
2021.8164 -3.26702 0 15.6 1.8 1.5 5.5
2021.8192 -6.2229 2.66462 20.3 1.7 1.4 4.5
2021.8219 -3.11145 1.55436 14.2 2.0 1.5 6.2
2021.8247 -2.4373 -0.222051 9.5 2.0 1.5 5.9
2021.8274 -6.63776 1.66539 17.6 1.9 1.5 6.0
2021.8301 -2.69659 4.10796 24.7 1.9 1.5 6.0
2021.8329 -3.31888 2.66462 19.3 2.0 1.6 6.1
2021.8356 -4.40789 -2.88667 11.8 1.9 1.5 6.0
2021.8384 -5.96361 0.55513 12.1 1.8 1.5 5.7
2021.8411 -5.65247 1.33231 14.3 1.9 1.5 6.0
2021.8438 -6.01547 3.33078 12.8 2.7 2.1 7.5
2021.8466 -3.31888 2.33155 20.3 2.0 1.6 6.4
2021.8493 -4.87461 3.77488 16.4 2.2 1.6 6.2
2021.8521 -3.31888 1.99847 8 2.0 1.5 6.3
2021.8548 -7.26005 0.999234 11.6 1.8 1.4 5.7
2021.8575 -6.17104 4.66309 26.8 1.9 1.5 6.1
2021.8603 -2.95588 3.10873 17.2 1.8 1.5 6.0
2021.8630 -2.12616 3.66386 17.5 2.0 1.5 6.0
2021.8658 -11.1494 1.22129 20.4 2.0 1.6 6.3
2021.8685 -3.83746 2.5536 18.6 2.0 1.6 6.0
2021.8712 -5.91176 -0.555129 2 2.1 1.7 6.7
2021.8740 -4.97832 2.66462 12.1 2.0 1.6 6.7
2021.8767 0.777863 6.21745 17.3 1.9 1.5 5.3
2021.8795 -2.74845 3.10873 16 1.8 1.5 5.2
2021.8822 -4.35603 0.222052 8.9 1.8 1.5 5.6
2021.8849 -5.03018 1.77642 14 1.9 1.5 6.2
2021.8877 -4.1486 1.77642 -8.9 1.9 1.6 7.0
2021.8904 -0.259288 6.21745 26.2 2.0 1.6 6.1
2021.8932 -0.363003 -1.11026 1.2 1.9 1.5 5.6
2021.8959 0.518576 3.66386 15.1 1.8 1.4 5.2
2021.8986 -0.933436 0.55513 4.7 1.9 1.5 5.8
2021.9014 -1.14087 -0.222051 20.3 1.9 1.5 5.7
2021.9041 -2.4373 1.44334 10.8 1.7 1.5 5.1
2021.9068 -2.90402 1.77642 28.4 1.8 1.5 5.4
2021.9096 -2.33359 -0.111026 21.6 1.8 1.5 5.5
2021.9123 0.933436 3.33078 22.2 1.8 1.5 5.3
2021.9151 -1.97059 1.22129 24.9 1.7 1.4 4.9
2021.9178 -5.75618 -0.999233 24.7 1.8 1.5 5.1
2021.9205 -4.56346 2.10949 25.8 1.7 1.5 5.3
2021.9233 -6.79334 -0.555129 18 1.9 1.5 5.8
2021.9260 -3.11145 -1.77641 -7.7 1.9 1.5 5.6
2021.9288 -4.56346 -1.77641 4 1.8 1.5 5.6
2021.9315 -7.77863 -2.5536 7.3 1.8 1.5 6.0
2021.9342 -9.95664 0.111026 -0.5 1.9 1.6 6.0
2021.9370 -8.81578 0.999234 -14.5 2.0 1.7 6.8
2021.9397 -6.89705 -1.11026 2.7 2.0 1.7 6.5
2021.9425 -10.0085 1.33231 30.7 1.9 1.7 7.2
2021.9452 -10.2678 -0.555129 12.3 1.8 1.6 6.1
2021.9479 -6.74148 -0.444103 -18.9 2.1 1.7 7.0
2021.9507 -4.66718 4.55206 -2.4 2.0 1.6 6.8
2021.9534 -4.92646 4.10796 6.9 1.8 1.6 6.4
2021.9562 -6.79334 0.222052 2.1 1.9 1.5 6.0
2021.9589 -7.77863 3.55283 3 1.8 1.6 6.0
2021.9616 -11.0975 -1.66539 1.5 1.7 1.5 6.0
2021.9644 -5.44504 4.44104 8.7 2.0 1.5 6.1
2021.9671 -5.4969 0.55513 10.1 1.8 1.5 5.8
2021.9699 -2.95588 -1.66539 11.9 1.9 1.5 5.9
2021.9726 -8.86764 -0.777181 27.6 1.8 1.5 5.6
2021.9753 -4.09674 0.666156 8.9 2.0 1.6 6.4
2021.9781 -5.28947 0.999234 29.7 1.8 1.5 5.7
2021.9808 -2.90402 0.999234 21.3 2.0 1.6 6.4
2021.9836 -5.23761 -0.888207 8.6 1.8 1.5 6.0
2021.9863 4.40789 -4.99617 2.9 1.7 1.4 5.5
2021.9890 3.26702 -0.555129 15.8 1.9 1.5 5.7
2021.9918 -1.29644 -0.777181 26.3 1.9 1.5 5.3
2021.9945 -6.01547 -3.10873 21 1.7 1.4 5.4
2021.9973 -4.25232 -2.22052 18.9 1.9 1.5 5.9
2022.0000 -12.1865 -0.999233 24.2 1.7 1.5 5.7
2022.0027 -5.75618 -0.333077 9.6 1.8 1.5 5.6
2022.0055 -3.68188 6.77258 2.2 2.0 1.6 6.6
2022.0082 2.85216 6.77258 -28.8 2.2 1.9 8.0
2022.0110 -6.53405 2.33155 -36.2 2.0 1.8 7.7
2022.0137 -1.29644 8.77105 -0.2 2.2 1.9 7.9
2022.0164 -0.259288 1.33231 -19.5 2.0 1.7 7.1
2022.0192 -6.89705 2.5536 -18.5 2.0 1.7 7.0
2022.0219 -4.61532 10.2144 5.1 2.0 1.6 6.6
2022.0247 -7.15634 5.44027 -7.9 2.3 2.1 8.7
2022.0274 -8.55649 1.99847 -2.3 1.7 1.5 5.7
2022.0301 -8.34906 6.66156 21.4 1.7 1.4 5.1
2022.0329 -3.7856 5.10719 17.8 1.7 1.4 5.4
2022.0356 -5.70433 4.44104 11.1 1.7 1.5 5.5
2022.0384 -6.5859 2.44257 24 1.7 1.4 5.1
2022.0411 -1.81501 0.777182 -0.6 1.7 1.5 5.7
2022.0438 -5.44504 3.10873 16.3 1.7 1.4 5.4
2022.0466 -7.2082 2.77565 10.4 1.7 1.4 5.4
2022.0493 -9.43807 3.21975 15.8 1.6 1.4 5.4
2022.0521 -6.68962 4.55206 32.4 1.8 1.5 5.5
2022.0548 -6.01547 1.33231 10.7 2.0 1.6 6.7
2022.0575 -3.94117 -4.44104 10.2 1.7 1.5 6.0
2022.0603 -11.0457 1.55436 54 1.8 1.4 5.0
2022.0630 -9.07507 -0.777181 17.9 1.7 1.4 5.3
2022.0658 -11.0457 2.88667 7.3 1.7 1.5 5.6
2022.0685 -8.71206 -1.33231 3.6 1.8 1.5 5.8
2022.0712 -11.6679 3.66386 17.5 1.8 1.5 6.2
2022.0740 -7.31191 -0.111026 30.5 1.6 1.4 5.4
2022.0767 -2.95588 -2.22052 31.4 1.7 1.4 5.3
2022.0795 -6.53405 -1.77641 38.3 2.0 1.5 5.7
2022.0822 -7.83048 -3.99693 26 1.8 1.5 5.5
2022.0849 -9.54178 -4.21899 14.2 2.0 1.6 5.9
2022.0877 -6.32662 1.33231 27.7 2.0 1.6 6.1
2022.0904 -3.83746 -4.99617 24.4 1.9 1.6 6.2
2022.0932 1.08901 -0.444103 17.2 2.0 1.8 6.0
2022.0986 -9.95664 -4.99617 3.9 1.9 1.6 6.2
2022.1014 -8.03792 -5.66232 9.6 1.8 1.7 7.0
2022.1041 -6.68962 0.777182 42.9 1.9 1.5 5.6
2022.1068 -5.4969 -1.77641 18.7 1.8 1.6 6.4
2022.1096 -2.12616 -7.66079 21.3 1.7 1.5 5.8
2022.1123 -5.23761 -3.99693 3.6 2.0 1.6 5.8
2022.1151 -4.97832 -10.9916 4.3 1.7 1.4 5.1
2022.1178 -5.44504 -8.10489 13.2 1.7 1.4 5.2
2022.1205 -12.3421 -6.4395 22.9 1.7 1.4 5.3
2022.1233 -6.06733 -3.66386 13.1 1.7 1.4 5.4
2022.1260 -4.97832 -1.55436 6.9 1.8 1.5 5.5
2022.1288 -10.6826 0.111026 11.5 1.7 1.4 4.7
2022.1315 -4.97832 0.222052 22 1.7 1.4 4.8
2022.1342 -6.32662 -2.5536 32.3 1.9 1.5 5.8
2022.1370 -3.00774 2.66462 25.7 1.9 1.5 5.5
2022.1397 -5.8599 0.111026 10.1 1.9 1.5 5.6
2022.1425 -5.96361 1.33231 14.9 2.0 1.5 5.9
2022.1452 -2.22987 1.11026 0.2 2.0 1.5 5.9
2022.1479 -5.08204 -4.99617 -22 1.9 1.4 5.6
2022.1507 -9.12692 -6.32848 -6.8 2.4 1.7 6.9
2022.1534 -14.0015 -6.4395 -3.3 2.2 1.5 6.0
2022.1562 -2.64473 -6.99463 -5.3 2.0 1.5 5.9
2022.1589 -2.90402 -5.5513 13.5 2.1 1.5 5.6
2022.1616 -6.68962 -4.77412 22.8 1.8 1.4 4.8
2022.1644 -8.91949 -2.77565 22.1 1.7 1.3 4.7
2022.1671 -2.22987 -3.99693 12.3 1.8 1.4 4.9
2022.1699 -3.47445 -4.77412 15.1 1.8 1.4 5.5
2022.1726 -1.29644 -4.88514 2.4 2.2 1.7 6.7
2022.1753 -6.27476 -3.88591 -6 2.3 1.6 5.7
2022.1781 -5.23761 -5.5513 -7.5 1.9 1.5 6.0
2022.1808 -4.61532 -5.5513 -26.6 2.1 1.6 6.3
2022.1836 5.23761 -5.88437 -27.2 2.3 1.8 7.0
2022.1863 -4.61532 -2.77565 -12.5 2.0 1.6 6.6
2022.1890 -3.05959 -5.32925 0.8 1.9 1.5 5.3
2022.1918 -9.43807 -6.88361 5.7 1.8 1.5 5.2
2022.1945 -2.17802 -5.44027 7.7 1.9 1.5 5.6
2022.1973 -0.363003 -2.88667 4.8 2.2 1.5 5.8
2022.2000 -3.31888 -5.10719 10.9 2.0 1.5 5.7
2022.2027 -2.4373 -3.99693 28.2 1.9 1.5 5.9
2022.2055 -3.88931 -1.11026 6 1.7 1.4 5.3
2022.2082 7.10448 -1.55436 28.9 1.9 1.5 5.6
2022.2110 -5.96361 -3.88591 33 1.9 1.5 5.7
2022.2137 -5.96361 0.999234 25.1 1.9 1.5 5.8
2022.2164 -7.36377 -2.10949 14.3 1.9 1.6 6.1
2022.2192 1.40015 -2.22052 4.8 2.0 1.6 6.0
2022.2219 -6.06733 -0.555129 15.6 2.0 1.7 6.9
2022.2247 -6.79334 0.888208 22.6 2.1 1.6 6.5
2022.2274 -6.37848 -0.999233 12.5 2.1 1.7 6.5
2022.2301 -8.2972 -6.55053 7.3 2.0 1.6 6.4
2022.2329 -3.57817 -5.88437 13.3 1.9 1.6 5.9
2022.2356 -6.79334 -9.54823 12.3 2.1 1.6 5.6
2022.2384 -6.79334 -9.54823 -1.5 1.8 1.5 5.8
2022.2411 -1.55573 -6.4395 16.5 1.8 1.5 5.6
2022.2438 -5.75618 -12.879 -4.7 1.9 1.5 5.7
2022.2466 1.97059 -10.2144 0.2 2.0 1.7 6.1
2022.2493 -13.5348 -2.66462 -2.4 2.1 1.6 5.9
2022.2521 -8.08977 -12.768 5.1 1.9 1.6 6.3
2022.2548 -4.04489 -13.9893 7.8 1.8 1.5 5.8
2022.2575 -3.47445 -14.4334 6.2 1.8 1.6 5.8
2022.2603 -3.16331 -7.10566 26.3 1.8 1.5 5.3
2022.2630 -5.03018 -11.5467 -2.3 2.0 1.6 6.3
2022.2658 -1.55573 -9.21515 23.9 2.0 1.7 6.7
2022.2685 -10.6308 -13.1011 5.7 1.8 1.6 6.1
2022.2712 -2.85216 -11.2136 10.9 2.0 1.6 6.2
2022.2740 -14.4682 -15.2106 -16 2.2 1.9 7.5
2022.2767 -5.13389 -12.4349 -16.3 2.1 1.8 6.5
2022.2795 -6.5859 -13.2121 -22.4 1.9 1.7 6.7
2022.2822 -6.79334 -17.8752 -5.5 1.9 1.6 6.1
2022.2849 -6.94891 -18.4303 -2.5 2.5 1.8 6.6
2022.2877 -8.03792 -11.5467 -14.3 2.0 1.6 6.1
2022.2904 -5.75618 -12.657 5.3 2.0 1.6 6.3
2022.2932 -11.0975 -14.9885 1.6 1.9 1.6 6.2
2022.2959 -9.07507 -15.8767 -1.8 1.9 1.6 6.3
2022.2986 -8.81578 -11.2136 -2.1 1.9 1.5 6.2
2022.3014 -8.14163 -9.54823 5.3 1.9 1.5 6.1
2022.3041 -3.4226 -11.7688 0.1 2.2 1.6 6.4
2022.3068 -17.7353 -6.4395 18.5 1.8 1.6 6.4
2022.3096 -16.6981 -10.4364 9.8 1.9 1.5 5.5
2022.3123 -8.2972 -14.9885 -18.2 1.8 1.5 6.2
2022.3151 -3.00774 -9.10413 12.1 1.9 1.5 5.9
2022.3178 -7.26005 -13.2121 1.5 1.8 1.5 5.7
2022.3205 -4.5116 -5.88437 2.1 2.1 1.8 7.0
2022.3233 -14.6238 -5.66232 9.4 1.8 1.7 6.0
2022.3260 -8.81578 -8.66002 8.9 1.8 1.5 5.8
2022.3288 -13.3274 -9.65926 -1.2 1.8 1.5 5.9
2022.3315 -7.67491 -8.66002 10.1 1.8 1.5 5.9
2022.3342 -15.4017 -9.77028 -3.6 2.1 1.7 6.5
2022.3370 -9.59364 -15.7657 -2.6 2.1 1.8 6.5
2022.3397 -9.17878 -12.657 24.9 2.1 1.7 6.0
2022.3425 -11.3568 -9.32618 11.9 1.8 1.5 5.6
2022.3452 -8.66021 -11.7688 -2 1.8 1.6 6.0
2022.3479 -12.8607 -10.1034 1.8 1.9 1.6 5.8
2022.3507 -7.9342 -9.21515 -0.9 1.8 1.5 6.0
2022.3534 -10.5789 -6.77258 -10.2 1.8 1.5 5.9
2022.3562 -10.0604 -10.9916 -11.1 1.9 1.5 6.2
2022.3589 -10.3196 -6.4395 -5.8 1.8 1.6 6.1
2022.3616 -11.7717 -3.99693 8.9 1.8 1.5 6.1
2022.3644 -18.2538 -2.88667 19.7 1.8 1.5 5.7
2022.3671 -16.75 -3.4418 8.2 1.7 1.5 5.7
2022.3699 -14.935 -10.5475 -14.5 1.8 1.5 5.6
2022.3726 -13.0681 -4.66309 16.1 1.7 1.5 5.6
2022.3753 -23.647 -2.5536 6 1.8 1.5 5.8
2022.3781 -15.0387 -8.9931 -11.4 1.7 1.6 6.2
2022.3808 -8.14163 -7.99387 -6.9 1.8 1.5 5.5
2022.3836 -3.11145 -20.3177 -27.9 1.8 1.5 5.8
2022.3863 -10.1641 -8.9931 -1 1.8 1.4 5.4
2022.3890 -15.9203 -6.99463 13.1 1.7 1.4 5.4
2022.3918 -17.6834 -6.10643 13.1 1.7 1.5 5.5
2022.3945 -7.62306 -1.44334 11.7 1.7 1.3 4.5
2022.3973 -11.7717 -7.10566 8.2 1.7 1.4 5.6
2022.4000 -2.80031 -6.21745 -15.6 1.9 1.5 6.3
2022.4027 -14.209 -11.8798 -5.4 2.0 1.5 6.0
2022.4055 -18.8243 -8.9931 -3.9 2.0 1.5 5.7
2022.4082 -17.1648 -5.44027 -11.3 1.8 1.4 5.3
2022.4110 -15.0387 -5.9954 2.2 1.8 1.5 5.5
2022.4137 -27.0178 -4.77412 55.5 1.9 1.6 5.6
2022.4164 -14.5201 -12.99 1.3 1.8 1.5 5.7
2022.4192 -9.17878 -6.55053 -2.3 1.9 1.5 5.7
2022.4219 -16.0758 -6.77258 9.9 1.8 1.5 5.5
2022.4247 -17.0093 -4.55206 24.9 1.7 1.4 5.1
2022.4274 -14.0015 -10.9916 7.6 1.7 1.4 5.4
2022.4301 -28.8846 -6.88361 26 1.6 1.4 5.2
2022.4329 -18.5131 -7.21669 -8.1 1.8 1.4 5.8
2022.4356 -10.8901 -6.88361 7.5 1.8 1.5 5.7
2022.4384 -12.7569 -6.10643 -22 1.8 1.5 5.8
2022.4411 -8.24535 -6.99463 -6.6 1.8 1.5 5.7
2022.4438 -14.0534 -7.43874 -3 1.9 1.5 5.9
2022.4466 -17.5797 -12.4349 27.6 1.7 1.4 4.8
2022.4493 -18.2538 -8.32695 20.8 1.6 1.2 3.8
2022.4521 -16.1277 -12.3239 31 1.6 1.1 3.7
2022.4548 -14.3127 -9.32618 22.5 1.7 1.2 3.7
2022.4575 -15.7647 -6.10643 22.5 1.5 1.2 3.7
2022.4603 -21.7283 -12.5459 22 1.5 1.2 3.6
2022.4630 -15.9721 -7.88284 -2.9 1.7 1.4 5.5
2022.4658 -13.2755 -3.77488 16.5 1.8 1.4 5.5
2022.4685 -19.0836 -6.21745 11.2 1.9 1.5 5.9
2022.4712 -15.6091 -4.44104 2 1.7 1.4 5.4
2022.4740 -16.5944 -4.21899 9.2 1.8 1.5 5.4
2022.4767 -14.5201 -5.88437 1.6 1.7 1.4 5.0
2022.4795 -16.5944 -4.21899 26 1.9 1.5 5.5
2022.4822 -14.7275 -10.1034 18 1.9 1.5 5.7
2022.4849 -26.0843 -6.4395 -14.7 1.8 1.5 5.3
2022.4877 -15.0905 -7.88284 8 1.7 1.5 5.0
2022.4904 -2.38545 -10.2144 9.8 1.7 1.5 5.3
2022.4932 -17.9427 -7.43874 11.7 1.8 1.5 5.3
2022.4959 -13.3792 -6.66156 10.7 1.8 1.4 5.0
2022.4986 -13.7941 -12.3239 12.6 1.9 1.4 5.8
2022.5014 -10.4234 -6.32848 12.8 1.8 1.4 5.4
2022.5041 -18.0983 -6.77258 33 1.7 1.4 5.0
2022.5068 -13.1718 -5.21822 8.5 2.0 1.5 6.0
2022.5096 -29.9218 0.333078 24.3 1.9 1.5 5.8
2022.5123 -17.6316 8.88208 41.8 1.9 1.5 5.5
2022.5151 -14.6757 -6.10643 -17.8 2.2 1.7 6.3
2022.5178 -15.5573 -5.21822 14.8 1.9 1.5 5.7
2022.5205 -15.0387 -6.32848 5.7 1.6 1.4 5.1
2022.5233 -16.1277 -6.55053 17.9 1.8 1.4 5.2
2022.5260 -9.12692 -6.55053 27.3 1.8 1.3 4.4
2022.5288 -29.1958 0.333078 47.8 1.6 1.2 3.8
2022.5315 -10.7345 -8.21592 30.4 1.4 1.2 3.6
2022.5342 -15.9203 -7.32771 17.9 1.4 1.2 3.7
2022.5370 -15.661 -8.549 25.7 1.6 1.3 3.9
2022.5397 -19.8614 -3.21975 16.8 1.7 1.4 5.3
2022.5425 -11.9791 -7.99387 -3.9 1.8 1.4 5.6
2022.5452 -12.8607 -8.10489 -1.6 1.8 1.5 5.8
2022.5479 -18.8761 -6.99463 13.1 2.2 1.6 6.1
2022.5507 -10.7864 -8.10489 2 1.8 1.6 5.6
2022.5534 -19.0836 -6.77258 12.2 1.8 1.5 5.3
2022.5562 -22.9729 -5.44027 5.2 1.9 1.5 6.0
2022.5589 -14.4164 -3.88591 4.1 1.8 1.6 5.9
2022.5616 -16.5425 -7.21669 18.8 1.7 1.5 5.6
2022.5644 -11.8754 -11.2136 -5.7 1.7 1.5 5.7
2022.5671 -24.373 -1.55436 21.4 1.7 1.5 5.6
2022.5699 -4.1486 -6.32848 -3.9 1.7 1.5 5.7
2022.5726 -26.1362 2.5536 11.2 1.8 1.5 5.9
2022.5753 -15.2461 -7.32771 20.1 1.7 1.5 5.4
2022.5781 -12.2384 -4.99617 19.9 1.7 1.5 5.5
2022.5808 -13.0681 -5.88437 8.4 1.8 1.5 5.3
2022.5836 -10.1641 -7.32771 1.3 1.7 1.5 5.4
2022.5863 -10.5271 -8.88208 -6.2 1.9 1.6 6.1
2022.5890 -7.9342 -11.1026 2.8 1.8 1.5 5.8
2022.5918 -4.45975 -2.77565 -15.1 1.8 1.5 6.0
2022.5945 -17.476 -5.77335 10.1 1.7 1.5 5.7
2022.5973 -23.8545 -11.3246 -10.1 1.7 1.5 5.3
2022.6000 -21.0023 -8.549 2.5 2.2 1.7 6.5
2022.6027 -16.8537 3.10873 23.1 2.2 1.6 6.6
2022.6055 -20.3281 -1.99847 13.8 2.0 1.6 6.1
2022.6082 -12.4458 -2.66462 21.8 1.8 1.5 6.1
2022.6110 -15.9203 -1.55436 21.6 2.1 1.7 6.3
2022.6137 -7.10448 -0.999233 -0.2 2.1 1.6 6.2
2022.6164 -13.6385 -6.88361 18.9 1.7 1.5 5.5
2022.6192 -11.6161 -6.99463 37.4 1.8 1.4 5.7
2022.6219 -14.4164 -1.66539 15.8 1.8 1.5 5.7
2022.6247 -14.7275 -6.21745 16.2 1.8 1.5 5.8
2022.6274 -15.298 -6.10643 -3.3 1.9 1.5 5.5
2022.6301 -17.476 -0.555129 8.8 2.2 1.6 5.7
2022.6329 -24.0619 -6.21745 32 1.6 1.2 3.8
2022.6356 -14.935 -5.32925 26.4 1.7 1.4 4.9
2022.6384 -13.846 -3.10873 6.4 1.7 1.4 5.6
2022.6411 -20.5356 -5.9954 31.7 1.6 1.2 3.5
2022.6438 -15.4535 -4.99617 15.2 2.0 1.5 5.1
2022.6466 -12.2902 -4.33001 0.5 2.3 1.7 6.5
2022.6493 -16.75 -4.44104 7.5 1.9 1.6 6.6
2022.6521 -20.6911 -4.44104 6.5 1.9 1.6 6.5
2022.6548 -19.654 -4.77412 1.8 2.1 1.7 6.5
2022.6575 -21.0023 -7.32771 15.9 1.8 1.5 5.7
2022.6603 -19.1873 -4.21899 8.4 2.0 1.6 6.4
2022.6630 -18.202 -5.5513 15.8 1.8 1.6 6.0
2022.6658 -19.6021 -7.77182 6.7 1.8 1.5 5.8
2022.6685 -19.1354 -3.55283 15.4 1.9 1.6 6.2
2022.6712 -22.2469 -3.21975 15.8 1.9 1.5 6.0
2022.6740 -18.1501 -7.10566 3.7 1.8 1.5 5.4
2022.6767 -15.1943 -2.22052 36.1 3.1 1.8 7.2
2022.6795 -23.5433 -2.88667 9.7 1.9 1.6 6.1
2022.6822 -18.6687 -10.7695 30.2 1.7 1.3 3.9
2022.6849 -21.106 -6.55053 36.3 1.6 1.2 3.7
2022.6877 -17.1648 -9.10413 17.2 1.6 1.2 3.6
2022.6904 -19.3429 -4.55206 31.3 1.5 1.2 3.6
2022.6932 -18.4094 -1.77641 18.9 1.9 1.6 6.2
2022.6959 -20.6911 -2.5536 3.7 1.8 1.5 5.8
2022.6986 -11.4605 -4.10796 8.1 2.0 1.6 6.4
2022.7014 -20.6393 -0.222051 18.4 1.8 1.5 6.0
2022.7041 -24.6323 -0.444103 39.1 1.9 1.6 6.8
2022.7068 -18.565 -1.44334 23.3 1.9 1.6 6.3
2022.7096 -19.6021 -2.88667 18.1 1.9 1.6 6.5
2022.7123 -6.11919 -4.10796 66.1 1.8 1.5 6.2
2022.7151 -24.5805 -5.66232 32.2 1.7 1.5 5.2
2022.7178 -21.5209 -3.10873 25.8 1.7 1.5 5.3
2022.7205 -22.8692 -2.66462 23.9 1.7 1.5 5.6
2022.7233 -18.4094 -1.77641 16.1 1.7 1.6 5.9
2022.7260 -25.3583 0.222052 33.1 2.0 1.6 5.8
2022.7288 -29.5588 -3.66386 38.2 1.8 1.6 5.9
2022.7315 -27.3289 -1.99847 36.3 1.7 1.5 5.6
2022.7342 -25.099 -2.9977 31.9 1.6 1.5 5.7
2022.7370 -20.5356 -1.55436 19.2 1.8 1.5 6.1
2022.7397 -16.4388 -3.4418 12.3 2.0 1.6 6.1
2022.7425 -16.8537 -6.32848 -0.2 1.9 1.6 6.4
2022.7452 -28.8846 -8.21592 -7 2.0 1.7 6.3
2022.7479 -20.6911 -11.4357 7.5 2.0 1.6 6.2
2022.7507 -20.6911 -4.99617 1.7 1.9 1.6 6.2
2022.7534 -15.0387 -5.10719 9.4 2.0 1.6 6.6
2022.7562 -18.4613 -6.4395 30.6 1.5 1.2 3.6
2022.7589 -24.2175 -5.32925 20.6 1.6 1.2 3.9
2022.7616 -22.558 -9.10413 18.7 1.5 1.2 3.7
2022.7644 -26.7066 -6.66156 -0.3 2.0 1.7 6.6
2022.7671 -27.1215 -2.22052 19 2.0 1.6 6.4
2022.7699 -25.8769 -5.44027 3.8 1.9 1.6 6.0
2022.7726 -26.1362 -4.44104 15.5 2.1 1.6 5.9
2022.7753 -19.7059 -2.9977 15.1 1.8 1.5 6.2
2022.7781 -19.4466 -1.77641 22 1.9 1.6 6.3
2022.7808 -16.4388 -3.99693 27.3 2.0 1.6 6.2
2022.7836 -22.4024 -2.66462 35.1 2.0 1.6 6.0
2022.7863 -27.8475 -8.88208 17.2 2.2 1.7 6.6
2022.7890 -17.9427 -6.4395 22.6 2.2 1.6 6.0
2022.7918 -23.1803 -16.8759 17.8 2.1 1.6 5.9
2022.7945 -25.099 -14.1003 0.5 1.8 1.5 6.1
2022.7973 -32.1517 -3.4418 -26.7 2.0 1.7 6.4
2022.8000 -16.9056 -8.21592 9.9 2.2 1.7 7.1
2022.8027 -17.2167 -7.32771 -4.7 2.1 1.6 6.5
2022.8055 -22.2469 -16.2098 5.2 1.9 1.6 5.5
2022.8082 -21.469 -7.88284 -21.2 2.3 1.8 6.9
2022.8110 -29.0402 -7.43874 12.1 2.0 1.6 6.4
2022.8137 -22.921 -6.88361 -7.3 2.0 1.7 7.0
2022.8164 -26.4992 -6.99463 2.2 2.1 1.7 6.6
2022.8192 -31.0627 -9.21515 4.1 2.3 1.8 6.9
2022.8219 -26.9659 -10.1034 36.4 2.3 1.8 6.6
2022.8247 -11.7198 -8.32695 36.9 2.2 1.8 6.9
2022.8274 -35.0038 -6.10643 15.6 2.4 1.8 6.8
2022.8301 -22.195 -2.10949 -2.8 2.1 1.7 7.0
2022.8329 -23.3359 0.777182 24.3 2.0 1.7 6.7
2022.8356 -24.8916 -7.77182 6.9 2.1 1.7 6.7
2022.8384 -21.469 -2.88667 28.3 2.1 1.7 6.5
2022.8411 -20.5874 -8.21592 30.8 2.4 1.8 6.6
2022.8438 -29.4551 -6.32848 23.9 2.2 1.8 6.5
2022.8466 -16.0758 -5.44027 -17.8 2.1 1.8 7.4
2022.8493 -18.928 -5.66232 -22.5 2.3 1.9 7.3
2022.8521 -25.3065 -9.99233 -16.5 2.5 2.2 8.1
2022.8548 -18.5131 -10.2144 -2.6 2.0 1.6 6.3
2022.8575 -19.1873 1.66539 23.5 1.9 1.5 5.6
2022.8603 -17.839 -7.32771 22.9 1.7 1.4 5.1
2022.8630 -25.4102 -7.32771 32.5 2.0 1.5 5.5
2022.8658 -19.1354 -6.55053 17.6 1.7 1.4 5.0
2022.8685 -17.2686 -6.99463 15.5 1.9 1.5 5.9
2022.8712 -16.5944 -0.999233 15.1 1.9 1.6 5.7
2022.8740 -11.5124 2.5536 10.9 2.0 1.6 6.4
2022.8767 -14.7275 -2.33154 11.6 2.0 1.7 6.1
2022.8795 -18.7206 -1.22129 14.4 2.0 1.7 6.3
2022.8822 -22.4024 -0.444103 21.5 2.0 1.6 5.9
2022.8849 -21.4172 -0.444103 19.7 1.9 1.5 5.7
2022.8877 -22.0394 0.55513 26.9 1.9 1.5 5.7
2022.8904 -18.8243 -1.88744 31.6 1.8 1.5 5.5
2022.8932 -19.3429 -2.66462 38.7 1.8 1.5 5.4
2022.8959 -18.9799 -5.66232 30.1 1.8 1.5 5.4
2022.8986 -20.38 -5.88437 21.2 1.7 1.5 5.7
2022.9014 -19.2391 -3.10873 9 2.0 1.6 5.8
2022.9041 -22.7136 -5.66232 4.8 1.9 1.6 5.8
2022.9068 -20.38 -2.77565 5.6 2.0 1.6 6.0
2022.9096 -14.9868 -1.33231 5 2.0 1.7 7.2
2022.9123 -19.3429 -2.44257 -7.5 2.3 1.8 8.3
2022.9151 -11.9272 -1.77641 16.3 2.1 1.7 7.1
2022.9178 -20.6393 -0.333077 17.3 2.0 1.6 6.9
2022.9205 -21.3134 -3.55283 11.5 2.0 1.6 6.6
2022.9233 -20.5874 -1.33231 10.5 1.8 1.5 6.3
2022.9260 -21.9876 -5.21822 23.1 1.8 1.5 5.7
2022.9288 -20.9504 -11.1026 35.2 1.5 1.2 3.7
2022.9315 -20.017 -8.21592 32.4 1.5 1.2 3.6
2022.9342 -20.743 -8.77105 43.9 1.6 1.3 3.6
2022.9370 -21.2097 -12.4349 42.7 1.5 1.2 3.5
2022.9397 -27.5882 -10.2144 37.4 1.5 1.3 3.6
2022.9425 -17.5797 -4.21899 25.3 2.0 1.7 6.5
2022.9452 -21.9876 -9.10413 19.1 1.9 1.6 6.5
2022.9479 -20.9504 -3.21975 7.4 1.9 1.5 5.2
2022.9507 -24.2693 -10.3254 -16.8 1.8 1.6 6.0
2022.9534 -25.9806 -11.8798 2.9 1.9 1.6 6.2
2022.9562 -20.5356 -6.21745 32.8 1.9 1.6 6.1
2022.9589 -34.2778 -10.2144 9.9 2.3 1.8 7.2
2022.9616 -27.5363 -4.33001 21.1 2.2 1.8 7.0
2022.9644 -26.1362 -9.21515 13.6 2.1 1.8 7.5
2022.9671 -27.8993 -7.66079 8.7 2.1 1.9 7.3
2022.9699 -22.4024 -6.77258 8.6 2.0 1.8 6.7
2022.9726 -21.3134 -4.33001 21.9 2.1 1.8 7.2
2022.9753 -30.9589 -7.54976 28.8 2.0 1.8 6.9
2022.9781 -29.4032 -7.66079 -5.6 2.3 1.9 8.0
2022.9808 -20.38 -3.77488 1.9 2.2 1.8 7.4
2022.9836 -13.0162 -3.21975 13.2 1.9 1.6 5.9
2022.9863 -17.2167 -4.77412 22.7 1.9 1.7 6.0
2022.9890 -18.2538 -3.99693 23 2.0 1.8 6.6
2022.9918 -28.8328 -10.2144 21.2 1.9 1.5 5.4
2022.9945 -19.1873 -4.66309 5.6 1.8 1.5 5.6
2022.9973 -22.2469 -1.44334 25.9 1.8 1.6 5.6
2023.0000 -19.654 -4.44104 19 1.6 1.4 5.0
2023.0027 -15.1943 -2.44257 22.8 1.6 1.5 5.3
2023.0055 -22.7136 -1.33231 32.3 1.6 1.4 5.1
2023.0082 -22.7654 -0.999233 30.3 1.7 1.4 5.1
2023.0110 -24.7879 -5.21822 11.1 1.7 1.6 5.9
2023.0137 -22.558 -2.33154 28.1 1.9 1.6 6.0
2023.0164 -19.8096 -5.32925 22.1 1.9 1.5 5.6
2023.0192 -19.6021 -1.66539 20.1 1.9 1.6 6.2
2023.0411 -19.291 -3.55283 26 2.2 1.7 6.2
2023.0438 -21.3653 -2.10949 35.4 1.8 1.6 5.5
2023.0466 -22.4024 -5.21822 24.3 1.8 1.6 5.6
2023.0493 -24.2693 -6.99463 15.8 1.9 1.5 5.8
2023.0521 -22.7136 -3.33078 20.6 1.8 1.6 5.2
2023.0548 -25.2028 -2.9977 25.5 1.8 1.6 5.5
2023.0575 -26.1362 -5.9954 23.8 1.8 1.6 5.6
2023.0603 -25.5139 -4.66309 47 1.8 1.6 5.6
2023.0630 -20.6393 -3.10873 46.8 1.8 1.5 5.3
2023.0658 -27.2771 -2.10949 32.7 1.7 1.6 5.3
2023.0685 -22.4543 -10.8805 20.6 1.9 1.8 6.0
2023.0712 -27.9512 -11.8798 10.7 1.9 1.8 6.4
2023.0740 -23.9582 -14.1003 -5.7 2.0 1.8 7.0
2023.0767 -26.6548 -12.4349 4.1 1.9 1.7 6.5
2023.0795 -25.825 -14.1003 -6.1 2.0 1.7 6.3
2023.0822 -23.647 -9.21515 7.6 1.8 1.7 6.1
2023.0849 -26.8622 -9.10413 10.6 1.7 1.6 5.3
2023.0877 -20.3281 -8.43797 5.2 1.8 1.6 5.6
2023.0904 -25.6176 -9.43721 20.1 1.9 1.6 5.4
2023.0932 -27.3289 -12.657 14.3 1.7 1.5 5.2
2023.0959 -20.743 -9.43721 20.5 1.9 1.5 5.2
2023.0986 -25.3583 -8.21592 42.7 1.9 1.5 5.2
2023.1014 -28.0031 -6.10643 48.2 1.8 1.6 5.2
2023.1041 -24.736 -12.4349 12.1 1.9 1.5 5.5
2023.1068 -26.7066 -10.1034 18.9 1.8 1.5 5.3
2023.1096 -25.0472 -12.1018 11.7 1.8 1.6 5.6
2023.1123 -29.4032 -12.99 8.5 1.9 1.6 5.7
2023.1151 -28.3661 -9.99233 14 2.0 1.6 5.4
2023.1178 -22.5062 -7.66079 18.1 1.8 1.5 5.4
2023.1205 -21.5209 -13.1011 12.2 1.9 1.5 5.4
2023.1233 -21.2097 -13.5452 4.5 1.8 1.7 5.7
2023.1260 -26.9659 -15.4326 13.2 2.4 1.9 6.0
2023.1288 -28.0549 -16.5429 18.7 2.2 1.7 5.7
2023.1315 -25.2028 -8.77105 28.4 1.8 1.5 5.3
2023.1342 -27.2771 -12.768 11.6 1.7 1.4 4.8
2023.1370 -28.4698 -12.879 18.5 1.7 1.5 5.1
2023.1397 -29.4032 -11.2136 34.6 1.8 1.5 5.0
2023.1425 -21.6246 -11.3246 14.2 2.0 1.7 5.9
2023.1452 -23.4915 -10.1034 17.4 1.9 1.5 5.3
2023.1479 -27.3808 -9.21515 31.4 1.8 1.5 5.1
2023.1507 -24.1656 -12.5459 29.4 1.7 1.4 4.8
2023.1534 -28.7809 -18.7634 22.5 1.9 1.5 5.2
2023.1562 -22.5062 -21.539 5.4 1.8 1.6 5.5
2023.1589 -35.4705 -18.8744 14.8 3.1 2.5 8.5
2023.1616 -23.5433 -8.43797 -2.2 2.7 1.9 7.3
2023.1644 -20.4837 -9.43721 25.3 1.9 1.7 6.3
2023.1671 -23.0247 -7.43874 9.3 2.1 1.6 5.9
2023.1699 -32.2035 -13.6562 -8.7 2.3 1.8 7.1
2023.1726 -31.5812 -9.99233 -10.9 2.2 1.9 7.6
2023.1753 -26.9659 -8.32695 0.7 2.2 1.8 6.8
2023.1781 -27.7956 -12.768 -19.3 2.1 1.7 6.7
2023.1808 -27.3808 -9.88131 -3.7 2.0 1.6 6.1
2023.1836 -28.3661 -9.21515 7.6 1.9 1.5 5.8
2023.1863 -24.9953 -11.8798 -1.6 2.1 1.7 5.7
2023.1890 -29.4551 -10.3254 1.2 2.0 1.7 6.5
2023.1918 -24.3212 -6.10643 14.1 2.0 1.6 6.4
2023.1945 -26.1362 -7.10566 2.5 2.2 1.8 6.6
2023.1973 -24.3212 -3.21975 8.3 2.0 1.7 6.7
2023.2000 -26.6029 -10.7695 -3.5 2.1 1.7 6.4
2023.2027 -19.4984 -0.777181 24 2.3 1.9 7.3
2023.2055 -24.0619 -3.66386 18.5 2.0 1.7 6.7
2023.2082 -18.6168 -4.88514 15.2 1.9 1.6 5.7
2023.2110 -27.8993 -9.32618 3.9 1.8 1.6 5.4
2023.2137 -19.1354 -12.657 9.4 1.9 1.6 5.5
2023.2164 -26.6029 -8.43797 14 1.9 1.6 6.0
2023.2192 -19.1354 -7.77182 3.3 2.0 1.6 6.1
2023.2219 -20.8986 7.99387 14.2 2.0 1.6 5.8
2023.2247 -30.7515 -7.32771 -2.4 2.4 1.9 6.8
2023.2274 -26.0843 -8.10489 6 2.2 2.0 7.0
2023.2301 -18.7724 -8.10489 -3.4 2.0 1.7 6.9
2023.2329 -27.1733 -7.21669 -1.8 2.1 1.7 6.7
2023.2356 -41.5897 -4.33001 -3 1.8 1.6 6.3
2023.2384 -25.3583 -7.43874 -1.6 1.9 1.6 6.1
2023.2411 -24.2693 -11.8798 -9.2 2.0 1.7 6.2
2023.2438 -26.2918 -7.32771 4.6 2.1 1.7 5.7
2023.2466 -29.6625 -5.9954 13.5 2.0 1.6 6.0
2023.2493 -31.6849 -7.77182 9 1.9 1.6 6.1
2023.2521 -27.2771 -7.99387 15.2 2.0 1.7 7.2
2023.2548 -27.7438 -8.88208 7.2 2.1 1.7 6.9
2023.2575 -23.5433 -7.32771 3.4 2.1 1.7 6.5
2023.2603 -24.9953 -7.88284 12.2 1.9 1.5 5.8
2023.2630 -30.3885 -11.5467 23.6 1.7 1.5 5.6
2023.2658 -25.3583 -9.10413 -4.9 1.9 1.5 5.8
2023.2685 -28.1068 -9.43721 28.7 1.9 1.5 5.7
2023.2712 -29.5588 -9.88131 20.6 1.8 1.5 5.5
2023.2740 -26.7585 -8.77105 17.7 2.1 1.8 6.7
2023.2767 -25.9288 -10.4364 15.3 2.0 1.6 6.3
2023.2795 -30.7515 -7.21669 3.8 1.9 1.6 5.9
2023.2822 -28.7291 -8.43797 5.9 2.0 1.7 6.1
2023.2849 -32.5147 -9.99233 22.1 2.2 1.8 6.6
2023.2877 -24.373 -13.8782 21.6 2.2 1.7 5.6
2023.2904 -20.1726 -12.657 19.2 1.9 1.6 5.9
2023.2932 -23.3877 -12.657 8.6 1.8 1.6 5.9
2023.2959 -24.1137 -9.10413 10.4 1.9 1.6 6.3
2023.2986 -28.4698 -11.6577 15.3 2.2 1.8 6.9
2023.3014 -25.2028 -12.1018 7.4 1.9 1.6 6.0
2023.3041 -27.3289 -9.77028 20.5 1.8 1.6 5.8
2023.3068 -24.373 -14.5444 3.5 1.8 1.6 5.5
2023.3096 -41.9527 -12.5459 5.4 2.7 1.9 6.9
2023.3123 -29.0402 -14.6554 12.2 2.2 1.8 5.7
2023.3151 -28.0031 -15.8767 18.9 1.5 1.2 3.7
2023.3178 -31.4257 -19.6516 17.3 1.5 1.3 3.7
2023.3205 -26.8622 -18.4303 23.9 1.8 1.3 3.6
2023.3233 -28.3142 -15.9877 25.5 1.6 1.3 3.9
2023.3260 -28.7291 -11.3246 15.8 1.8 1.6 5.3
2023.3288 -26.1362 -15.6547 19 1.5 1.4 4.4
2023.3315 -26.3955 -12.657 24.2 1.7 1.6 5.4
2023.3342 -22.8173 -12.3239 13.8 1.7 1.5 5.0
2023.3370 -28.8846 -9.77028 31.9 1.7 1.5 5.1
2023.3397 -28.0549 -8.77105 27.2 1.6 1.5 5.1
2023.3425 -27.5363 -6.21745 45.9 1.7 1.5 5.4
2023.3452 -29.2995 -6.4395 50.5 1.8 1.8 5.7
2023.3479 -28.7809 -14.8775 14.6 1.6 1.5 4.9
2023.3507 -25.2028 -6.32848 15.9 1.8 1.5 5.0
2023.3534 -32.2035 -0.999233 11.8 1.7 1.4 4.8
2023.3562 -27.1733 -8.549 22.2 1.7 1.5 4.9
2023.3589 -23.5952 -11.1026 28 1.5 1.5 5.1
2023.3616 -23.5952 -7.54976 37.6 1.8 1.5 5.0
2023.3644 -25.462 -11.1026 20.3 1.6 1.4 4.7
2023.3671 -29.2995 -8.10489 24.1 1.7 1.5 5.4
2023.3699 -27.6919 -12.879 18.2 1.6 1.5 4.8
2023.3726 -23.9063 -8.32695 4 1.8 1.5 5.1
2023.3753 -24.1137 -9.99233 19.7 1.8 1.5 6.0
2023.3781 -25.8769 -9.54823 18.5 1.9 1.5 5.5
2023.3808 -26.7585 -10.6585 20.8 1.8 1.5 5.6
2023.3836 -16.2833 -14.4334 26.6 2.1 1.6 6.0
2023.3863 -24.6323 -10.4364 11.9 1.9 1.5 6.1
2023.3890 -27.5882 -10.8805 11.1 1.8 1.6 5.8
2023.3918 -20.5874 -5.77335 2.4 1.8 1.5 5.6
2023.3945 -24.2693 -10.1034 15.3 1.8 1.4 5.2
2023.3973 -23.4396 -11.5467 10.1 1.8 1.5 5.7
2023.4000 -24.6842 -9.32618 15.4 1.8 1.5 5.3
2023.4027 -21.106 -8.43797 23.4 1.9 1.5 5.7
