2021.5589 0 0 0 1.5 1.1 3.5
2021.5616 -0.203618 -4.3299 6.3 1.3 1.0 3.4
2021.5644 -2.49431 -2.44251 -4.4 1.3 1.0 3.5
2021.5671 -2.23979 -4.55194 -3.2 1.3 1.0 3.4
2021.5699 0.865371 -1.22125 -5 1.3 1.0 3.5
2021.5726 -1.2217 -4.55194 1.1 1.3 1.0 3.4
2021.5753 -5.14133 -4.21887 6.7 1.3 1.0 3.4
2021.5781 3.20696 -2.22046 0.3 1.3 1.0 3.5
2021.5808 -6.0067 -3.77478 -1.4 1.4 1.0 3.4
2021.5836 -2.13798 -5.7732 3.3 1.3 1.0 3.4
2021.5863 -0.0509051 -2.99762 0.9 1.3 1.0 3.4
2021.5890 -4.02143 -3.21967 8 1.4 1.0 3.5
2021.5918 -4.37776 -4.88501 -5 1.3 1.0 3.5
2021.5945 1.32351 -3.55274 0.1 1.3 1.0 3.4
2021.5973 -5.19223 -3.33069 -13.4 1.4 1.0 3.6
2021.6000 -2.69792 -4.3299 -5.7 1.6 1.2 3.6
2021.6027 -7.63563 -4.88501 7.5 1.3 1.0 3.4
2021.6055 -3.97053 -1.11023 -2.1 1.3 1.0 3.4
2021.6082 -4.22505 -5.88422 4.5 1.3 1.0 3.5
2021.6110 -4.8359 -6.43933 -1.8 1.3 1.0 3.4
2021.6137 -2.13798 -4.66297 1.8 1.3 1.0 3.4
2021.6164 -5.09042 -5.88422 4.6 1.3 1.0 3.4
2021.6192 -1.57803 -7.99366 10.9 1.3 1.0 3.4
2021.6219 -2.59611 -4.88501 -0.3 1.3 1.0 3.4
2021.6247 -6.26122 -4.3299 10 1.3 1.0 3.4
2021.6274 -2.4434 -4.10785 1.5 1.3 1.0 3.4
2021.6301 -2.90154 -4.88501 -14.3 1.3 1.0 3.4
2021.6329 -6.41393 -5.55115 -2.4 1.3 1.0 3.4
2021.6356 -6.92297 -4.10785 -3.9 1.4 1.1 3.5
2021.6384 1.32351 -3.21967 -7.1 1.4 1.1 3.5
2021.6411 -8.70462 -2.44251 -0.7 1.3 1.0 3.5
2021.6438 -5.09042 -8.88184 -10.3 1.3 1.0 3.5
2021.6466 -4.17415 -8.43775 -0.6 1.3 1.0 3.3
2021.6493 -3.41058 -6.7724 -2.4 1.4 1.0 3.5
2021.6521 -6.10851 -6.99445 9.4 1.3 1.0 3.4
2021.6548 -7.94106 -6.21729 7.3 1.5 1.1 3.7
2021.6575 -7.58473 -5.88422 -2.7 1.5 1.0 3.5
2021.6603 -9.31547 -5.44013 -3.6 1.4 1.0 3.4
2021.6630 -8.55191 -5.21808 -12.1 1.3 1.0 3.4
2021.6658 -9.6209 -5.3291 0.5 1.4 1.0 3.4
2021.6685 -8.39919 -5.99524 -4.7 1.4 1.0 3.5
2021.6712 -7.78834 -8.77082 -1.7 1.4 1.0 3.5
2021.6740 -1.67984 -4.88501 -5.5 1.7 1.1 3.8
2021.6767 -4.98861 -5.44013 5.1 1.6 1.0 3.7
2021.6795 -9.56999 -8.54877 9.1 1.4 1.0 3.5
2021.6822 -6.77026 -5.99524 6.5 1.3 1.0 3.4
2021.6849 -6.56664 -9.77002 -6.1 1.3 1.0 3.4
2021.6877 -13.9478 -10.6582 5.7 1.4 1.0 3.4
2021.6904 -7.78834 -5.66217 -4.5 1.3 1.0 3.3
2021.6932 -12.2679 -5.99524 -0.6 1.3 1.0 3.4
2021.6959 -8.85733 -8.2157 -8.2 1.3 1.0 3.4
2021.6986 -3.41058 -8.54877 -11.8 1.4 1.0 3.4
2021.7014 -9.01004 -10.6582 -6.8 1.4 1.0 3.5
2021.7041 -5.90489 -10.3251 -1.1 1.3 1.0 3.4
2021.7068 -6.10851 -7.77161 2.8 1.3 1.0 3.4
2021.7096 -8.14467 -8.88184 -4.5 1.3 1.0 3.3
2021.7123 -5.39585 -8.43775 -0.9 1.4 1.0 3.6
2021.7151 -11.4025 -10.8803 5.5 1.4 1.0 3.6
2021.7178 -5.54856 -8.99286 0.4 1.3 1.0 3.3
2021.7205 -10.2826 -9.10389 1.9 1.3 1.0 3.3
2021.7233 -7.07569 -7.66059 -1.1 1.3 1.0 3.3
2021.7260 -6.87207 -8.99286 2.3 1.3 1.0 3.3
2021.7288 -3.35968 -11.8795 0.2 1.3 1.0 3.3
2021.7315 -6.10851 -10.7692 1.6 1.4 1.1 3.6
2021.7342 -4.12324 -10.5472 -10.1 1.3 1.0 3.2
2021.7370 -6.41393 -11.7684 -11.5 1.3 1.0 3.3
2021.7397 -6.26122 -13.2117 -1.9 1.3 1.0 3.4
2021.7425 -3.86872 -9.659 -0.9 1.3 1.0 3.2
2021.7452 -4.53047 -10.5472 -3 1.3 0.9 3.2
2021.7479 -6.87207 -14.9881 -4.9 1.3 0.9 3.3
2021.7507 -5.65037 -10.3251 -2.8 1.5 1.1 3.5
2021.7534 -14.1514 -9.77002 13.3 1.5 1.1 3.5
2021.7562 -7.02478 -11.3243 -1.5 1.3 0.9 3.2
2021.7589 -4.22505 -11.9905 -0.1 1.3 1.0 3.4
2021.7616 -8.34829 -13.3228 -3.4 1.3 1.0 3.5
2021.7644 -2.13798 -13.7669 3.8 1.4 1.0 3.4
2021.7671 -4.42867 -11.7684 10.9 1.3 1.0 3.3
2021.7699 -9.31547 -11.2133 4.2 1.3 1.0 3.3
2021.7726 -4.8868 -16.6534 3.8 1.3 1.0 3.4
2021.7753 -2.59611 -15.8763 36.3 1.3 1.0 3.3
2021.7781 -8.34829 -14.7661 25.7 1.4 1.0 3.4
2021.7808 -2.79973 -12.7676 11.1 2.0 1.4 4.2
2021.7836 -7.48292 -16.3204 12.7 1.3 0.9 3.3
2021.7863 -2.13798 -10.3251 13.2 1.4 1.0 3.2
2021.7890 -6.15941 -12.4346 25.6 1.4 1.0 3.2
2021.7918 -8.34829 -13.5448 13.9 1.3 0.9 3.1
2021.7945 -5.95579 -10.7692 27.7 1.4 1.0 3.1
2021.7973 -8.04286 -13.1007 20.1 1.3 0.9 3.0
2021.8000 -8.29739 -12.7676 23.9 1.3 0.9 3.0
2021.8027 -3.6651 -13.6558 19.8 1.3 1.0 3.1
2021.8055 -5.70127 -12.7676 17.2 1.3 1.0 3.2
2021.8082 -8.19558 -14.7661 23.5 1.4 1.0 3.2
2021.8110 -5.70127 -12.8787 29.7 1.3 0.9 3.1
2021.8137 -2.79973 -17.2086 19.6 1.4 0.9 3.3
2021.8164 -4.73409 -18.3188 13.1 1.3 0.9 3.0
2021.8192 -5.49765 -18.7629 15.6 1.3 0.9 3.1
2021.8219 -3.71601 -19.207 14.6 1.3 0.9 3.2
2021.8247 -4.47957 -20.4282 8.9 1.4 0.9 3.2
2021.8274 -3.6651 -18.0967 -1.1 1.3 0.9 3.2
2021.8301 -1.37441 -16.4314 11.2 1.3 0.9 3.2
2021.8329 -0.407234 -17.6527 11.1 1.4 1.0 3.3
2021.8356 -3.51239 -19.207 13.5 1.4 1.0 3.3
2021.8384 -6.10851 -17.4306 7.2 1.4 1.0 3.3
2021.8411 -4.22505 -18.8739 5 1.4 1.0 3.3
2021.8438 -3.81782 -17.0975 4.9 1.9 1.3 4.1
2021.8466 -2.95244 -16.3204 3.5 1.4 1.0 3.4
2021.8493 -6.10851 -17.5416 11.5 1.5 1.0 3.2
2021.8521 -5.24313 -15.4322 1.5 1.3 1.0 3.2
2021.8548 -7.17749 -16.5424 -1.2 1.4 0.9 3.2
2021.8575 -4.68319 -16.8755 5.6 1.3 0.9 3.0
2021.8603 -9.41728 -15.7653 12.7 1.3 0.9 3.1
2021.8630 -6.10851 -18.3188 17.8 1.3 0.9 3.0
2021.8658 -7.2284 -16.0983 5 1.4 1.0 3.2
2021.8685 -2.59611 -11.6574 -6.6 1.4 1.0 3.2
2021.8712 -4.27595 -11.5464 -13 1.4 1.0 3.2
2021.8740 -6.82116 -11.9905 -2.8 1.3 0.9 3.1
2021.8767 -5.14133 -12.3236 1.6 1.4 1.0 3.2
2021.8795 -4.27595 -12.9897 -1.1 1.3 0.9 3.1
2021.8822 -11.2498 -10.9913 -5.2 1.4 0.9 3.1
2021.8849 -7.73744 -13.8779 -9.4 1.3 0.9 3.1
2021.8877 -5.75218 -11.7684 -11.9 1.3 0.9 3.0
2021.8904 -7.33021 -15.2102 -9.1 1.4 1.0 3.1
2021.8932 -7.99196 -13.8779 -7.1 1.3 0.9 3.1
2021.8959 -8.04286 -10.9913 -6.1 1.3 0.9 3.1
2021.8986 -9.82451 -12.7676 -17.4 1.3 1.0 3.1
2021.9014 -6.26122 -15.0991 -7.7 1.4 0.9 3.2
2021.9041 -6.26122 -14.0999 -3.2 1.3 0.9 3.2
2021.9068 -8.90824 -14.0999 3.9 1.3 0.9 3.1
2021.9096 -5.90489 -13.3228 -2.2 1.3 1.0 3.1
2021.9123 -9.36637 -12.8787 -0.6 1.3 1.0 3.0
2021.9151 -4.98861 -13.7669 -8.5 1.3 0.9 3.1
2021.9178 -5.90489 -15.3212 2.6 1.4 1.0 3.2
2021.9205 -8.34829 -15.3212 -1.1 1.3 1.0 3.2
2021.9233 -8.19558 -12.2125 -7.3 1.4 1.0 3.3
2021.9260 -8.09377 -14.2109 -7.5 1.3 1.0 3.1
2021.9288 -7.73744 -14.7661 -11 1.3 1.0 3.1
2021.9315 -10.9444 -17.7637 4 1.3 1.0 3.2
2021.9342 -9.97722 -17.2086 8.4 1.3 1.0 3.2
2021.9370 -10.2317 -14.2109 0.6 1.4 1.0 3.2
2021.9397 -7.02478 -14.433 0.7 1.3 1.0 3.2
2021.9425 -8.75552 -16.2094 11.7 1.4 1.0 3.4
2021.9452 -11.3516 -16.8755 2.2 1.3 0.9 3.2
2021.9479 -10.639 -14.433 -4.8 1.3 0.9 3.2
2021.9507 -9.01004 -13.1007 -10.3 1.3 0.9 3.2
2021.9534 -8.55191 -13.3228 1.8 1.3 0.9 3.1
2021.9562 -3.56329 -12.9897 1.4 1.3 1.0 3.3
2021.9589 -8.04286 -14.544 4.5 1.3 1.0 3.3
2021.9616 -8.55191 -16.5424 12 1.3 1.0 3.2
2021.9644 -10.079 -17.0975 15.7 1.3 1.0 3.3
2021.9671 -7.48292 -15.6542 14.7 1.3 1.0 3.3
2021.9699 -8.60281 -17.0975 6.9 1.4 1.0 3.3
2021.9726 -9.87542 -17.2086 0.5 1.3 1.0 3.2
2021.9753 -13.1842 -15.0991 -10 1.3 1.0 3.3
2021.9781 -10.079 -13.7669 -5.4 1.3 1.0 3.3
2021.9808 -9.51909 -12.9897 -1.6 1.3 1.0 3.2
2021.9836 -9.92632 -15.4322 -2.6 1.3 1.0 3.3
2021.9863 -10.639 -15.2102 -4.7 1.3 1.0 3.3
2021.9890 -10.4354 -15.8763 -16.9 1.4 1.0 3.4
2021.9918 -6.51574 -15.8763 -5.7 1.4 1.0 3.4
2021.9945 -10.4354 -14.0999 -7.4 1.4 1.0 3.4
2021.9973 -12.7261 -15.2102 -8.8 1.3 1.0 3.3
2022.0000 -14.7622 -13.9889 -8.5 1.3 0.9 3.2
2022.0027 -15.6276 -12.6566 -23.1 1.4 1.0 3.3
2022.0055 -9.82451 -4.88501 -32.5 1.4 1.0 3.4
2022.0082 -5.34494 -5.21808 -12.4 1.4 1.0 3.4
2022.0110 -5.80308 -9.54798 -10.3 1.3 1.0 3.3
2022.0137 -7.53382 -9.54798 1.8 1.3 0.9 3.1
2022.0164 -4.68319 -8.10468 8.3 1.3 0.9 3.1
2022.0192 -8.29739 -8.77082 10 1.2 0.9 3.1
2022.0219 -6.46484 -10.4362 -0.6 1.3 0.9 3.2
2022.0247 -10.8426 -11.4354 -1.9 1.4 1.0 3.5
2022.0274 -8.501 -15.8763 0.4 1.3 0.9 3.2
2022.0301 -10.639 -15.4322 7.5 1.3 0.9 3.1
2022.0329 -11.7589 -10.9913 0.5 1.3 0.9 3.1
2022.0356 -9.41728 -14.433 0.4 1.3 0.9 3.1
2022.0384 -10.4354 -13.4338 3.8 1.4 1.0 3.2
2022.0411 -10.9444 -14.655 -3.6 1.3 1.0 3.2
2022.0438 -7.68653 -16.3204 3 1.3 1.0 3.2
2022.0466 -13.0824 -12.2125 0.5 1.3 1.0 3.2
2022.0493 -15.2204 -12.5456 1.3 1.3 0.9 3.1
2022.0521 -11.5553 -15.3212 8.8 1.3 1.0 3.2
2022.0548 -12.8788 -13.6558 6.1 1.2 0.9 3.1
2022.0575 -10.1299 -18.7629 4 1.2 1.0 3.1
2022.0603 -9.46818 -16.4314 15 1.3 1.0 3.1
2022.0630 -11.4534 -14.9881 14.3 1.3 1.0 3.1
2022.0658 -7.94106 -14.9881 11.5 1.2 0.9 3.1
2022.0685 -14.1005 -18.4298 12.1 1.3 1.0 3.2
2022.0712 -13.9987 -16.9865 2.3 1.3 1.0 3.2
2022.0740 -12.7261 -17.4306 12.2 1.3 0.9 3.1
2022.0767 -14.9149 -15.5432 16.6 1.3 0.9 3.1
2022.0795 -20.7689 -17.5416 3.1 1.3 1.0 3.1
2022.0822 -19.5981 -17.5416 -3.4 1.3 0.9 3.1
2022.0849 -21.0743 -15.2102 -22.3 1.3 1.0 3.1
2022.0877 -19.4963 -14.544 -13.5 1.2 0.9 3.1
2022.0904 -19.9035 -17.8747 -7 1.3 0.9 3.1
2022.0932 -19.9544 -15.3212 12.1 1.4 1.1 3.3
2022.0986 -16.0857 -12.9897 -10.1 1.3 0.9 3.1
2022.1014 -14.6604 -14.7661 2.1 1.3 1.0 3.1
2022.1041 -17.3583 -14.655 -2.7 1.3 1.0 3.2
2022.1068 -16.493 -16.9865 1.7 1.3 1.0 3.2
2022.1096 -15.8821 -16.8755 1.7 1.3 1.0 3.2
2022.1123 -12.6751 -17.6527 -10.3 1.5 1.0 3.3
2022.1151 -18.7837 -17.6527 -13.6 1.3 0.9 3.1
2022.1178 -17.002 -14.544 -10.3 1.3 1.0 3.2
2022.1205 -18.2237 -14.655 7.3 1.3 0.9 3.3
2022.1233 -15.2713 -13.4338 -6.4 1.3 0.9 3.2
2022.1260 -14.9149 -14.655 -4.4 1.3 0.9 3.2
2022.1288 -15.424 -16.2094 -4.8 1.3 1.0 3.3
2022.1315 -19.9035 -19.318 -25.5 1.4 1.0 3.4
2022.1342 -22.7542 -25.9794 -20.7 1.4 1.0 3.4
2022.1370 -33.9022 -24.7581 -32.5 1.4 1.0 3.3
2022.1397 -37.9236 -21.8715 -23.1 1.4 1.0 3.4
2022.1425 -41.3851 -22.5377 -13.7 1.4 1.0 3.3
2022.1452 -40.5197 -15.3212 -15.3 1.4 1.0 3.4
2022.1479 -17.7147 -15.4322 -11.2 1.3 0.9 3.3
2022.1507 -14.1514 -15.9873 2 1.4 1.0 3.4
2022.1534 -9.6718 -19.318 -6.9 1.5 1.0 3.5
2022.1562 -12.5224 -17.0975 5.1 1.3 0.9 3.2
2022.1589 -11.1989 -18.9849 -2.4 1.3 1.0 3.2
2022.1616 -15.2204 -15.4322 -10.6 1.3 0.9 3.2
2022.1644 -13.2351 -18.6519 -5.2 1.3 0.9 3.2
2022.1671 -12.3188 -18.4298 -4.9 1.3 0.9 3.1
2022.1699 -10.4354 -18.9849 -3.6 1.3 0.9 3.2
2022.1726 -15.3222 -16.9865 -2.9 1.4 0.9 3.2
2022.1753 -19.2927 -18.0967 -1.9 1.5 1.0 3.3
2022.1781 -17.7147 -17.5416 -6 1.4 1.0 3.3
2022.1808 -13.0824 -18.5408 -9.1 1.3 0.9 3.2
2022.1836 -15.1186 -17.6527 1.9 1.4 0.9 3.1
2022.1863 -13.795 -18.5408 12.1 1.3 0.9 3.1
2022.1890 -19.4454 -17.2086 1.7 1.3 1.0 3.2
2022.1918 -20.1581 -19.207 4.4 1.4 1.0 3.2
2022.1945 -19.5981 -18.6519 -1 1.3 1.0 3.2
2022.1973 -19.649 -17.0975 -12.4 1.6 1.0 3.4
2022.2000 -18.5291 -17.6527 -0.8 1.3 0.9 3.1
2022.2027 -19.6999 -19.318 -3.3 1.3 0.9 3.1
2022.2055 -16.0348 -23.4259 2.9 1.3 0.9 3.2
2022.2082 -8.04286 -24.5361 2.8 1.4 1.0 3.4
2022.2110 -10.3845 -22.5377 11.2 1.3 1.0 3.5
2022.2137 -10.8426 -25.0912 14.7 1.3 0.9 3.2
2022.2164 -5.44675 -22.7597 10.1 1.3 0.9 3.1
2022.2192 -11.5553 -24.7581 11.1 1.3 0.9 3.0
2022.2219 -11.6571 -25.6463 9.2 1.3 0.9 3.1
2022.2247 -13.4896 -21.0944 9 1.3 1.0 3.2
2022.2274 -13.286 -17.8747 -2.6 1.3 1.0 3.2
2022.2301 -8.501 -20.3172 -4.5 1.4 1.0 3.3
2022.2329 -10.0281 -19.207 9.6 1.3 0.9 3.2
2022.2356 -16.2384 -19.7621 1.9 1.3 0.9 3.2
2022.2384 -16.5948 -17.2086 -0.4 1.3 0.9 3.2
2022.2411 -17.8674 -17.2086 -2.2 1.3 0.9 3.2
2022.2438 -15.7294 -17.2086 -8.8 1.3 0.9 3.2
2022.2466 -19.5472 -17.7637 -2.9 1.4 1.0 3.3
2022.2493 -10.9953 -15.6542 -2.7 1.4 1.0 3.3
2022.2521 -18.5291 -17.0975 -7.5 1.4 1.0 3.3
2022.2548 -16.7984 -18.7629 -15.9 1.3 0.9 3.1
2022.2575 -16.2893 -18.5408 2.7 1.3 1.0 3.3
2022.2603 -18.6309 -16.4314 -2.8 1.3 0.9 3.2
2022.2630 -14.2023 -19.429 -6.4 1.3 0.9 3.2
2022.2658 -16.6966 -17.9857 -1.9 1.3 1.0 3.2
2022.2685 -16.6966 -19.6511 -5.2 1.3 1.0 3.3
2022.2712 -16.493 -16.9865 -15 1.3 0.9 3.1
2022.2740 -15.0676 -18.8739 -12.6 1.5 1.1 3.4
2022.2767 -12.5224 -17.0975 -16.4 1.4 1.0 3.2
2022.2795 -14.355 -17.0975 -7.8 1.3 0.9 3.2
2022.2822 -12.5224 -18.3188 -11.1 1.3 0.9 3.1
2022.2849 -18.0201 -14.655 -18.4 2.0 1.1 3.7
2022.2877 -13.0824 -17.4306 -22.8 1.5 1.0 3.3
2022.2904 -9.41728 -16.6534 -17.3 1.3 0.9 3.3
2022.2932 -17.1038 -15.3212 -13.5 1.4 1.0 3.3
2022.2959 -18.3764 -16.2094 -7.1 1.3 0.9 3.2
2022.2986 -19.649 -14.655 -13.1 1.3 0.9 3.3
2022.3014 -15.0167 -16.7645 -13.2 1.3 0.9 3.1
2022.3041 -21.3798 -15.3212 0 1.5 1.0 3.5
2022.3068 -20.3617 -15.5432 -9.6 1.4 0.9 3.3
2022.3096 -14.9149 -13.8779 -14.1 1.4 1.0 3.3
2022.3123 -20.1581 -12.1015 -14.5 1.3 0.9 3.3
2022.3151 -14.355 -14.544 -3.9 1.3 0.9 3.3
2022.3178 -17.1547 -12.4346 -23.6 1.3 0.9 3.3
2022.3205 -16.5948 -13.8779 -28.5 1.5 1.1 3.5
2022.3233 -16.1875 -12.9897 -23.6 1.4 1.0 3.6
2022.3260 -23.8232 -15.3212 -10.7 1.4 1.0 3.4
2022.3288 -22.2451 -15.6542 -9.1 1.4 1.0 3.3
2022.3315 -14.6095 -12.4346 -7.8 1.4 0.9 3.3
2022.3342 -19.2418 -13.8779 -13 1.3 1.0 3.3
2022.3370 -14.864 -15.8763 -20.5 1.4 1.0 3.5
2022.3397 -18.8346 -14.8771 -9.7 1.4 1.0 3.4
2022.3425 -21.3289 -14.0999 -18.3 1.3 1.0 3.3
2022.3452 -18.6309 -16.2094 -16.5 1.3 0.9 3.3
2022.3479 -17.6129 -13.7669 -15.6 1.3 0.9 3.2
2022.3507 -18.4273 -13.7669 -13.6 1.3 0.9 3.3
2022.3534 -20.8707 -16.2094 -11.3 1.3 0.9 3.3
2022.3562 -22.0415 -13.1007 -17.2 1.3 0.9 3.3
2022.3589 -19.4454 -12.4346 -14.9 1.3 0.9 3.4
2022.3616 -17.7656 -11.4354 -17.9 1.3 0.9 3.4
2022.3644 -17.8674 -13.9889 -19.1 1.3 0.9 3.3
2022.3671 -20.3617 -15.4322 -10.9 1.3 0.9 3.3
2022.3699 -22.9578 -11.4354 -19.3 1.3 0.9 3.4
2022.3726 -21.4307 -12.7676 -14.9 1.3 0.9 3.3
2022.3753 -16.5948 -12.6566 -3.6 1.3 0.9 3.3
2022.3781 -18.071 -16.4314 -16.8 1.2 0.9 3.3
2022.3808 -19.0382 -16.9865 -21 1.3 0.9 3.3
2022.3836 -18.6309 -14.433 -18.6 1.3 0.9 3.3
2022.3863 -17.8165 -15.0991 -14.6 1.2 0.9 3.3
2022.3890 -18.58 -13.7669 -12.6 1.3 1.0 3.5
2022.3918 -14.2532 -12.1015 -13.8 1.3 0.9 3.3
2022.3945 -18.6818 -13.7669 -14.2 1.3 0.9 3.2
2022.3973 -10.3336 -7.77161 -3.7 1.3 1.0 3.3
2022.4000 -15.5767 -14.0999 -11.4 1.3 0.9 3.5
2022.4027 -17.3583 -13.9889 -12.2 1.4 1.0 3.6
2022.4055 -16.3912 -14.655 -12.8 1.5 1.0 3.6
2022.4082 -21.5325 -12.2125 -15.9 1.5 1.0 3.4
2022.4110 -9.36637 -13.5448 -18.6 1.3 1.0 3.3
2022.4137 -14.2532 -14.8771 -13.2 1.3 1.0 3.5
2022.4164 -12.5224 -10.6582 -12.6 1.3 0.9 3.4
2022.4192 -14.6095 -11.8795 -5 1.3 1.0 3.4
2022.4219 -17.9692 -9.10389 -5.2 1.3 1.0 3.5
2022.4247 -18.7327 -10.8803 -13.1 1.3 0.9 3.4
2022.4274 -12.3697 -11.8795 -15.4 1.3 1.0 3.4
2022.4301 -18.8346 -8.65979 -6.4 1.3 1.0 3.5
2022.4329 -16.6457 -7.32752 -9.2 1.5 1.0 3.6
2022.4356 -23.6705 -9.77002 -21.7 1.3 1.0 3.4
2022.4384 -17.2565 -8.65979 -5.4 1.4 1.0 3.5
2022.4411 -15.2713 -11.8795 -5.2 1.3 1.0 3.4
2022.4438 -12.4206 -9.99207 -3.7 1.3 1.0 3.4
2022.4466 -10.9953 -10.9913 3.3 1.3 1.0 3.5
2022.4493 -17.3074 -11.4354 -0.1 1.3 1.0 3.3
2022.4521 -15.4749 -8.77082 -2.8 1.3 1.0 3.5
2022.4548 -27.8955 -10.7692 5.5 1.4 1.1 3.5
2022.4575 -17.7147 -10.3251 -3.8 1.5 1.0 3.6
2022.4603 -17.1547 -11.6574 -15 1.3 1.0 3.3
2022.4630 -16.2893 -12.1015 -6.9 1.3 1.0 3.4
2022.4658 -17.9692 -7.77161 3.5 1.3 1.0 3.3
2022.4685 -19.8017 -11.6574 -6 1.4 1.0 3.5
2022.4712 -17.8165 -7.2165 -5 1.4 1.0 3.4
2022.4740 -17.4601 -7.77161 -7.8 1.3 1.0 3.4
2022.4767 -21.3289 -9.88105 7.6 1.3 1.0 3.4
2022.4795 -15.3731 -11.3243 -17.1 1.4 1.0 3.6
2022.4822 -13.286 -8.10468 -0.7 1.4 1.0 3.5
2022.4849 -14.2532 -13.3228 7.3 1.5 1.0 3.5
2022.4877 -20.7689 -8.10468 -6.8 1.3 1.0 3.4
2022.4904 -17.0529 -11.8795 -4.5 1.4 1.0 3.5
2022.4932 -12.6751 -12.6566 -15.3 1.4 1.0 3.5
2022.4959 -20.2599 -12.5456 -3 1.4 1.0 3.5
2022.4986 -18.3255 -7.66059 -11 1.4 1.0 3.6
2022.5014 -17.4092 -13.4338 -1.7 1.6 1.0 3.6
2022.5041 -18.9873 -10.2141 -3.5 1.3 1.0 3.5
2022.5068 -19.2927 -8.2157 3.5 1.4 1.0 3.7
2022.5096 -25.503 -13.9889 -11.8 1.7 1.1 3.8
2022.5123 -23.925 -9.43695 -12.7 1.4 1.0 3.6
2022.5151 -16.5439 -13.1007 -2.2 1.7 1.1 4.0
2022.5178 -17.9692 -7.54956 -3.3 1.4 1.0 3.5
2022.5205 -18.2237 -8.65979 0 1.3 1.0 3.5
2022.5233 -15.2713 -8.65979 4 1.3 1.0 3.5
2022.5260 -22.7033 -11.4354 -4 1.4 1.0 3.6
2022.5288 -20.5653 -8.43775 3.9 1.4 1.0 3.5
2022.5315 -17.0529 -10.7692 -3.2 1.4 1.0 3.6
2022.5342 -15.0167 -13.2117 -1 1.4 1.0 3.5
2022.5370 -18.1728 -12.5456 -1.1 1.4 1.0 3.5
2022.5397 -18.3255 -11.5464 -7.6 1.4 1.0 3.5
2022.5425 -19.8017 -14.2109 -5.4 1.4 1.0 3.6
2022.5452 -19.5981 -11.7684 -5.8 1.3 1.0 3.6
2022.5479 -13.1842 -10.4362 4.4 1.7 1.2 3.8
2022.5507 -15.8821 -13.2117 -15.4 1.4 1.0 3.5
2022.5534 -18.071 -11.3243 -1.3 1.4 1.0 3.6
2022.5562 -17.1547 -13.3228 6.2 1.4 1.0 3.5
2022.5589 -21.0234 -13.8779 -9.1 1.4 1.0 3.6
2022.5616 -17.8674 -11.3243 0.2 1.3 1.0 3.4
2022.5644 -18.58 -12.8787 -20.7 1.4 1.0 3.6
2022.5671 -26.4702 -11.2133 -0.3 1.5 1.0 3.7
2022.5699 -22.9578 -13.6558 -6.6 1.3 1.0 3.4
2022.5726 -27.7428 -0.888184 1 1.4 1.0 3.5
2022.5753 -22.4997 -7.66059 -4.3 1.3 1.0 3.5
2022.5781 -21.9397 -10.5472 6.1 1.3 1.0 3.4
2022.5808 -23.2632 -9.21491 -17.7 1.4 1.0 3.7
2022.5836 -18.58 -11.7684 -12 1.4 1.0 3.4
2022.5863 -19.5981 -11.3243 -11.1 1.5 1.1 3.6
2022.5890 -17.7656 -13.7669 9.1 1.4 1.1 3.6
2022.5918 -19.3945 -10.1031 -7.9 1.4 1.0 3.6
2022.5945 -24.3831 -10.1031 1 1.3 1.0 3.4
2022.5973 -23.3141 -14.0999 -11.4 1.4 1.0 3.4
2022.6000 -27.5392 -11.6574 -5.5 1.6 1.2 3.8
2022.6027 -27.2338 -10.5472 -15.1 1.6 1.1 3.7
2022.6055 -26.9792 -15.3212 -2.3 1.5 1.1 3.5
2022.6082 -24.6376 -10.2141 -5.8 1.4 1.0 3.5
2022.6110 -26.7756 -11.7684 -5.2 1.5 1.1 3.6
2022.6137 -26.5211 -15.5432 -7.3 1.5 1.0 3.4
2022.6164 -19.4454 -9.659 -4.7 1.4 1.0 3.5
2022.6192 -20.4635 -13.2117 3.1 1.4 1.0 3.4
2022.6219 -27.2847 -12.2125 5.5 1.4 1.0 3.5
2022.6247 -23.2632 -15.2102 2.4 1.4 1.0 3.4
2022.6274 -24.0268 -12.1015 1.2 1.4 1.0 3.4
2022.6301 -25.4012 -14.8771 -15.1 1.7 1.1 3.7
2022.6329 -24.6376 -15.6542 -16 1.4 1.0 3.4
2022.6356 -24.5867 -13.1007 1.4 1.4 1.0 3.5
2022.6384 -22.1942 -12.4346 0 1.4 1.0 3.5
2022.6411 -23.2123 -14.9881 1.3 1.3 1.0 3.4
2022.6438 -20.8198 -15.0991 -0.3 1.6 1.1 3.8
2022.6466 -22.9069 -19.096 0.7 1.7 1.2 3.9
2022.6493 -28.2518 -16.7645 3.9 1.4 1.1 3.6
2022.6521 -26.8265 -15.2102 -7.5 1.4 1.0 3.6
2022.6548 -34.2585 -13.6558 -9.6 1.6 1.1 3.8
2022.6575 -26.6738 -12.9897 13.4 1.5 1.1 3.7
2022.6603 -26.1139 -14.544 -1.2 1.5 1.1 3.6
2022.6630 -20.3617 -17.0975 -0.7 1.4 1.0 3.5
2022.6658 -24.1286 -15.3212 -7.1 1.4 1.0 3.4
2022.6685 -24.7394 -14.2109 -11.7 1.3 1.0 3.3
2022.6712 -27.3356 -13.3228 -10.4 1.4 1.0 3.6
2022.6740 -27.4374 -16.3204 -2.5 1.6 1.1 3.5
2022.6767 -11.148 -14.0999 -3.5 2.4 1.2 4.2
2022.6795 -23.1614 -12.7676 -4.5 1.5 1.0 3.5
2022.6822 -30.2371 -16.3204 -2.1 1.4 1.0 3.4
2022.6849 -24.3831 -15.4322 -8.5 1.4 1.0 3.4
2022.6877 -19.2418 -20.9833 -1.2 1.4 1.0 3.4
2022.6904 -20.0563 -15.9873 -5.3 1.5 1.0 3.5
2022.6932 -25.8593 -12.9897 -0.3 1.4 1.0 3.5
2022.6959 -30.5425 -18.3188 -0.2 1.4 1.0 3.4
2022.6986 -21.3289 -15.5432 -6.3 1.4 1.0 3.4
2022.7014 -27.4374 -16.3204 -4.2 1.4 1.0 3.4
2022.7041 -23.1614 -15.7653 4.3 1.4 1.0 3.4
2022.7068 -22.1942 -13.9889 6.7 1.5 1.0 3.5
2022.7096 -21.4307 -14.8771 6.4 1.4 1.0 3.4
2022.7123 -23.0596 -15.9873 7.1 1.4 1.0 3.5
2022.7151 -29.4226 -15.7653 -15.4 1.5 1.0 3.5
2022.7178 -23.3141 -17.6527 7.5 1.4 1.0 3.4
2022.7205 -29.4735 -16.6534 -17.8 1.4 0.9 3.3
2022.7233 -22.296 -15.4322 10.1 1.4 1.0 3.4
2022.7260 -23.1614 -19.318 1.9 1.4 1.0 3.4
2022.7288 -24.5358 -18.5408 3 1.5 1.0 3.4
2022.7315 -23.5177 -15.0991 -2.2 1.4 1.0 3.4
2022.7342 -22.856 -17.4306 -6.6 1.4 1.0 3.4
2022.7370 -23.7214 -19.207 3 1.3 0.9 3.3
2022.7397 -23.2123 -22.8707 0.6 1.6 1.0 3.5
2022.7425 -21.3798 -17.7637 8.4 1.4 1.0 3.3
2022.7452 -29.0154 -15.7653 -9.4 1.5 1.1 3.4
2022.7479 -23.5686 -18.2078 8 1.4 1.0 3.3
2022.7507 -22.6524 -18.0967 -1.8 1.4 1.0 3.3
2022.7534 -26.6229 -20.4282 -3.9 1.4 0.9 3.2
2022.7562 -28.2518 -21.5385 -3.4 1.4 1.0 3.2
2022.7589 -21.0743 -21.4274 -10.4 1.5 1.0 3.4
2022.7616 -21.2271 -16.9865 -5 1.4 0.9 3.3
2022.7644 -22.7033 -20.0952 -0.7 1.4 1.0 3.5
2022.7671 -26.012 -18.0967 -2 1.6 1.0 3.5
2022.7699 -28.2518 -21.4274 -3 1.4 0.9 3.3
2022.7726 -39.8071 -26.8676 -9.6 1.5 1.0 3.4
2022.7753 -22.9069 -20.7613 2.5 1.4 1.0 3.3
2022.7781 -23.365 -19.9841 -5.5 1.4 1.0 3.4
2022.7808 -25.4521 -21.5385 4 1.5 1.0 3.4
2022.7836 -22.8051 -19.8731 -7 1.5 1.0 3.4
2022.7863 -30.4407 -22.7597 -5.3 1.6 1.0 3.4
2022.7890 -35.582 -23.0928 -9.4 1.5 1.0 3.3
2022.7918 -42.4032 -22.7597 -14.4 1.5 1.0 3.4
2022.7945 -34.8694 -25.7573 -9.2 1.5 1.0 3.4
2022.7973 -13.1333 -13.8779 17.1 1.7 1.1 3.7
2022.8000 -22.9069 -18.6519 10.1 1.5 1.1 3.8
2022.8027 -22.3469 -19.9841 -3.8 1.4 1.0 3.3
2022.8055 -25.8084 -21.7605 -0.1 1.4 1.0 3.3
2022.8082 -26.7247 -18.5408 1 1.6 1.2 3.7
2022.8110 -25.4521 -22.6487 1.8 1.4 0.9 3.2
2022.8137 -27.6919 -19.429 -3.7 1.3 0.9 3.1
2022.8164 -24.434 -19.318 -3.1 1.3 0.9 3.1
2022.8192 -30.0335 -21.4274 1.9 1.5 1.0 3.3
2022.8219 -31.9678 -16.9865 -10.4 1.5 1.0 3.3
2022.8247 -25.7575 -18.7629 -4.6 1.4 1.0 3.2
2022.8274 -25.1976 -18.9849 -4.2 1.6 1.0 3.2
2022.8301 -29.1681 -20.2062 -6.5 1.4 0.9 3.2
2022.8329 -27.1828 -22.2046 1.3 1.4 1.0 3.3
2022.8356 -22.7542 -21.9826 -7.4 1.3 0.9 3.1
2022.8384 -26.4193 -17.8747 -3 1.4 0.9 3.2
2022.8411 -28.5064 -18.0967 -2.1 1.7 1.1 3.6
2022.8438 -30.7461 -20.8723 -2.6 1.4 0.9 3.2
2022.8466 -26.9283 -20.4282 -1.9 1.4 0.9 3.1
2022.8493 -28.2518 -22.0936 1.8 1.3 0.9 3.1
2022.8521 -31.0007 -17.2086 -10.9 1.5 1.2 3.5
2022.8548 -23.0596 -20.5393 -2.2 1.4 0.9 3.1
2022.8575 -32.3751 -20.6503 -3.2 1.4 0.9 3.1
2022.8603 -24.7394 -21.2054 7.8 1.4 0.9 3.1
2022.8630 -26.9792 -23.6479 8.1 1.5 1.0 3.2
2022.8658 -20.4126 -22.8707 24.2 1.4 0.9 3.1
2022.8685 -24.6376 -20.5393 18.2 1.4 0.9 3.1
2022.8712 -31.6624 -21.7605 14.8 1.3 1.0 3.2
2022.8740 -31.5606 -20.8723 -4.8 1.3 0.9 3.1
2022.8767 -27.7428 -20.9833 -1.7 1.3 0.9 3.1
2022.8795 -26.3684 -22.4266 4.7 1.3 0.9 3.0
2022.8822 -29.9317 -21.7605 5 1.3 0.9 3.0
2022.8849 -29.9317 -19.54 5.7 1.3 0.9 3.0
2022.8877 -30.4916 -21.0944 8.7 1.3 0.9 3.0
2022.8904 -31.7133 -21.6495 -0.7 1.3 0.9 3.0
2022.8932 -28.5064 -22.2046 6.7 1.3 0.9 3.0
2022.8959 -28.4555 -21.3164 14.2 1.3 0.9 3.0
2022.8986 -29.0154 -21.7605 18.3 1.3 0.9 3.1
2022.9014 -28.6591 -20.2062 9.5 1.4 1.0 3.1
2022.9041 -33.4441 -19.8731 -5.1 1.4 1.0 3.2
2022.9068 -29.3208 -19.096 -11.9 1.4 0.9 3.2
2022.9096 -27.0301 -16.0983 -0.7 1.4 1.0 3.2
2022.9123 -27.4883 -18.6519 8.1 1.4 1.0 3.2
2022.9151 -24.3322 -17.3196 8 1.3 1.0 3.1
2022.9178 -31.357 -20.3172 6.3 1.4 1.0 3.1
2022.9205 -32.1715 -20.7613 3.4 1.3 0.9 3.1
2022.9233 -31.2043 -22.6487 12.1 1.3 0.9 3.1
2022.9260 -30.2371 -21.4274 6.2 1.3 0.9 3.1
2022.9288 -31.6115 -21.0944 21.4 1.3 0.9 3.0
2022.9315 -26.5211 -22.6487 30.1 1.3 0.9 3.1
2022.9342 -31.866 -22.6487 18.9 1.5 1.1 3.2
2022.9370 -33.0368 -24.8692 13.6 1.3 0.9 3.0
2022.9397 -30.1353 -24.9802 18.5 1.3 0.9 3.0
2022.9425 -30.288 -23.5369 25.2 1.3 0.9 3.0
2022.9452 -33.6986 -22.3156 19.7 1.3 0.9 3.0
2022.9479 -28.4555 -23.8699 10.4 1.2 0.9 3.0
2022.9507 -32.2733 -25.2022 -6.2 1.3 0.9 3.1
2022.9534 -35.0221 -22.0936 -3.6 1.2 0.9 3.0
2022.9562 -32.2733 -22.8707 -1.8 1.3 0.9 3.1
2022.9589 -30.5934 -21.4274 -11.8 1.3 0.9 3.1
2022.9616 -26.7247 -18.2078 -11.9 1.2 0.9 3.0
2022.9644 -26.012 -17.3196 -9.2 1.2 0.9 3.0
2022.9671 -22.856 -19.429 -16.4 1.3 0.9 3.0
2022.9699 -25.8084 -17.2086 -17.7 1.3 1.0 3.1
2022.9726 -26.6738 -17.5416 -11.6 1.4 1.0 3.2
2022.9753 -28.15 -17.6527 -2.7 1.3 0.9 3.1
2022.9781 -31.2552 -18.4298 -10.5 1.4 1.0 3.3
2022.9808 -25.6048 -19.6511 3.1 1.3 1.0 3.1
2022.9836 -21.278 -17.5416 -3.3 1.2 0.9 3.0
2022.9863 -28.2518 -16.8755 10.1 1.4 1.0 3.2
2022.9890 -23.4668 -16.5424 19.2 1.5 1.2 3.5
2022.9918 -24.3831 -18.9849 6.1 1.3 1.0 3.3
2022.9945 -25.7066 -20.2062 -2.1 1.2 0.9 3.0
2022.9973 -26.3175 -18.5408 5.2 1.3 1.0 3.1
2023.0000 -23.7723 -19.207 5.4 1.3 0.9 3.0
2023.0027 -23.365 -19.54 12 1.2 0.9 3.0
2023.0055 -23.5686 -21.2054 10.4 1.2 0.9 3.0
2023.0082 -21.6343 -16.6534 5.3 1.2 0.9 3.0
2023.0110 -23.0596 -20.5393 6.6 1.3 1.0 3.1
2023.0137 -25.7575 -21.0944 10.5 1.2 0.9 3.0
2023.0164 -20.6162 -20.5393 5.1 1.2 0.9 3.0
2023.0192 -21.278 -19.6511 10.6 1.2 0.9 3.0
2023.0411 -23.9759 -18.8739 -2.1 1.5 1.1 3.2
2023.0438 -28.2009 -19.54 4.9 1.2 1.0 3.0
2023.0466 -25.4521 -21.9826 13.1 1.2 1.0 3.0
2023.0493 -27.1319 -21.0944 7.8 1.3 1.0 3.0
2023.0521 -23.2123 -22.5377 2.3 1.3 1.0 3.0
2023.0548 -27.641 -20.5393 7.4 1.4 1.0 3.1
2023.0575 -23.8741 -22.3156 7.9 1.3 1.0 3.0
2023.0603 -30.4407 -23.2038 16.5 1.3 1.0 3.2
2023.0630 -27.4883 -23.981 23.1 1.3 1.0 3.1
2023.0658 -34.0549 -20.9833 11.4 1.2 1.0 3.1
2023.0685 -32.7823 -20.8723 11.5 1.3 1.1 3.2
2023.0712 -31.2552 -21.5385 4.5 1.3 1.1 3.6
2023.0740 -34.7167 -28.3109 0.3 1.3 1.1 3.4
2023.0767 -37.0074 -26.9786 10 1.3 1.0 3.2
2023.0795 -33.9022 -28.5329 6.3 1.3 1.0 3.3
2023.0822 -37.6182 -23.981 10.6 1.3 1.0 3.3
2023.0849 -36.2947 -22.6487 2.8 1.3 1.0 3.3
2023.0877 -39.5017 -21.8715 4.7 1.3 1.0 3.2
2023.0904 -39.8071 -24.314 15.4 1.3 1.0 3.2
2023.0932 -38.9926 -25.6463 14.2 1.3 1.0 3.2
2023.0959 -37.3637 -23.6479 11.7 1.3 1.0 3.2
2023.0986 -38.8908 -23.2038 4.3 1.3 1.0 3.2
2023.1014 -33.8004 -24.5361 6.4 1.3 1.0 3.2
2023.1041 -39.4508 -24.314 6.6 1.3 1.1 3.3
2023.1068 -36.8546 -25.0912 11.3 1.4 1.0 3.2
2023.1096 -39.9089 -24.203 6.6 1.4 1.0 3.2
2023.1123 -39.4508 -25.4243 2.2 1.3 1.0 3.3
2023.1151 -37.8218 -26.8676 14 1.4 1.1 3.4
2023.1178 -40.8761 -25.0912 12.9 1.3 1.0 3.2
2023.1205 -35.3784 -24.314 8.2 1.3 1.0 3.4
2023.1233 -35.6329 -25.7573 10.4 1.4 1.1 3.4
2023.1260 -38.0254 -23.8699 8.2 1.8 1.2 3.7
2023.1288 -34.3094 -21.7605 -3.3 1.7 1.2 3.8
2023.1315 -34.8694 -23.2038 -5.5 1.3 1.0 3.4
2023.1342 -38.28 -26.8676 2.6 1.3 1.0 3.3
2023.1370 -39.6544 -23.981 -7.3 1.3 1.0 3.3
2023.1397 -39.9089 -25.6463 -1.4 1.4 1.0 3.2
2023.1425 -40.5707 -27.6447 -12.5 1.5 1.1 3.6
2023.1452 -35.5311 -25.2022 -3.4 1.3 1.0 3.3
2023.1479 -38.3309 -26.7565 10.5 1.3 1.0 3.2
2023.1507 -35.8366 -26.7565 -4.9 1.3 1.0 3.3
2023.1534 -38.7381 -27.5337 4.6 1.5 1.0 3.4
2023.1562 -40.5707 -30.1983 -0.7 1.4 1.0 3.4
2023.1589 -53.2458 -30.5313 0.8 2.1 1.4 4.4
2023.1616 -34.7167 -28.755 -9.3 1.4 1.1 3.4
2023.1644 -33.5968 -30.4203 -7.9 1.3 1.0 3.3
2023.1671 -35.2766 -26.2014 -19.2 1.4 1.0 3.4
2023.1699 -35.0221 -25.4243 -27.4 1.5 1.1 3.5
2023.1726 -24.0268 -17.4306 -5.2 1.3 1.0 3.3
2023.1753 -25.4012 -18.4298 -5.9 1.5 1.0 3.3
2023.1781 -30.5934 -18.9849 -6.7 1.4 1.0 3.3
2023.1808 -29.9826 -20.7613 -6.4 1.4 1.0 3.4
2023.1836 -33.3423 -23.2038 0.3 1.3 1.0 3.3
2023.1863 -36.5492 -24.9802 0.3 1.6 1.1 3.5
2023.1890 -36.8546 -22.6487 3.1 1.4 1.0 3.3
2023.1918 -26.3684 -24.314 0.6 1.3 0.9 3.1
2023.1945 -29.779 -22.8707 -3.2 1.4 1.0 3.2
2023.1973 -31.8151 -19.8731 -0.3 1.3 1.0 3.1
2023.2000 -31.6624 -21.3164 -4.4 1.5 1.0 3.3
2023.2027 -33.9531 -23.8699 3.6 1.5 1.1 3.4
2023.2055 -30.9498 -23.4259 12.3 1.3 0.9 3.1
2023.2082 -21.6852 -25.2022 4.8 1.3 1.0 3.2
2023.2110 -30.8989 -20.6503 11.9 1.4 1.0 3.2
2023.2137 -32.2224 -25.3132 4.8 1.4 1.0 3.4
2023.2164 -30.6443 -23.4259 -2.4 1.3 1.0 3.3
2023.2192 -32.935 -25.7573 8.6 1.3 1.0 3.2
2023.2219 -29.4735 -24.8692 12.7 1.3 1.0 3.2
2023.2247 -29.3208 -22.6487 0.9 1.8 1.1 3.7
2023.2274 -32.6805 -22.2046 -4.5 1.6 1.3 3.9
2023.2301 -29.5244 -23.981 6.5 1.4 1.1 3.3
2023.2329 -31.1025 -22.5377 0.1 1.3 1.0 3.2
2023.2356 -29.1172 -22.7597 6.6 1.3 1.0 3.2
2023.2384 -27.7937 -23.6479 -7.8 1.3 1.0 3.2
2023.2411 -32.8332 -21.6495 -7.2 1.3 1.1 3.3
2023.2438 -31.0007 -17.8747 -4.6 1.9 1.2 3.6
2023.2466 -32.2733 -20.8723 -0.9 1.4 1.0 3.4
2023.2493 -32.2224 -25.9794 7.7 1.4 1.0 3.3
2023.2521 -30.4407 -25.3132 -1.9 1.4 1.0 3.3
2023.2548 -32.935 -22.7597 -2.7 1.5 1.0 3.3
2023.2575 -34.4621 -24.4251 -7.8 1.4 1.0 3.4
2023.2603 -35.9384 -21.2054 3.6 1.4 1.0 3.2
2023.2630 -32.0187 -21.7605 12 1.4 1.0 3.4
2023.2658 -34.3603 -21.7605 12.8 1.3 1.0 3.1
2023.2685 -34.0549 -22.8707 10.6 1.3 1.0 3.1
2023.2712 -36.4474 -22.2046 -5.2 1.3 1.0 3.2
2023.2740 -40.9779 -23.2038 -5.8 1.5 1.0 3.3
2023.2767 -38.789 -22.8707 -9.2 1.3 1.0 3.2
2023.2795 -37.211 -20.3172 1.3 1.3 1.0 3.2
2023.2822 -32.5787 -21.7605 7 1.4 1.0 3.4
2023.2849 -34.1567 -23.5369 -5.5 1.5 1.1 3.5
2023.2877 -37.5673 -21.4274 -13.7 1.6 1.1 3.6
2023.2904 -31.6115 -21.6495 -13.7 1.4 1.1 3.5
2023.2932 -35.582 -23.6479 -4.5 1.3 1.0 3.3
2023.2959 -35.073 -22.3156 -5.2 1.4 1.0 3.3
2023.2986 -34.004 -21.4274 -13 1.7 1.1 3.4
2023.3014 -28.0482 -23.6479 -11.5 1.3 1.0 3.3
2023.3041 -36.4474 -22.9818 -9 1.4 1.0 3.2
2023.3068 -35.582 -22.5377 -5.4 1.4 1.0 3.3
2023.3096 -22.6015 -22.2046 -12.5 2.0 1.3 4.0
2023.3123 -35.7348 -26.6455 -10.3 1.7 1.2 3.8
2023.3151 -36.4474 -21.5385 -4.3 1.3 1.0 3.1
2023.3178 -38.5854 -23.6479 0.6 1.3 1.0 3.2
2023.3205 -45.3047 -24.6471 -7 1.5 1.1 3.5
2023.3233 -36.4474 -25.9794 1.7 1.4 1.0 3.4
2023.3260 -29.3208 -26.0904 -9.5 1.4 1.0 3.3
2023.3288 -36.8037 -25.5353 -9.2 1.4 1.0 3.4
2023.3315 -33.6477 -23.5369 7.3 1.3 1.0 3.4
2023.3342 -40.3161 -28.977 -8.6 1.3 1.0 3.4
2023.3370 -35.0221 -24.4251 6.5 1.3 1.0 3.3
2023.3397 -35.7348 -26.7565 -9.8 1.3 1.0 3.4
2023.3425 -32.5787 -23.8699 -3.5 1.3 1.0 3.3
2023.3452 -35.4802 -21.7605 -1.8 1.5 1.2 3.7
2023.3479 -37.6182 -25.0912 -0.9 1.3 1.0 3.3
2023.3507 -34.564 -21.2054 -11.3 1.4 1.1 3.4
2023.3534 -34.7167 -22.3156 -2.4 1.3 1.0 3.5
2023.3562 -31.9678 -25.5353 -9.9 1.4 1.0 3.3
2023.3589 -37.8727 -22.6487 -4.5 1.3 1.0 3.4
2023.3616 -35.4802 -20.6503 -6.5 1.4 1.0 3.4
2023.3644 -38.6363 -22.8707 -9.2 1.4 1.1 3.5
2023.3671 -36.2947 -21.6495 -13.8 1.3 1.0 3.4
2023.3699 -33.6477 -19.096 -11.1 1.3 1.0 3.5
2023.3726 -37.1092 -20.9833 -5.3 1.3 1.0 3.5
2023.3753 -34.8185 -21.7605 -7.9 1.3 1.0 3.3
2023.3781 -37.6691 -18.9849 -22.6 1.4 1.0 3.5
2023.3808 -31.5606 -19.318 -9.4 1.5 1.1 3.6
2023.3836 -32.2733 -18.5408 -2.1 1.7 1.2 3.9
2023.3863 -30.8989 -20.3172 -1 1.4 1.0 3.6
2023.3890 -27.7428 -20.7613 36.3 1.5 1.1 3.5
2023.3918 -34.3603 -20.5393 -1 1.3 1.0 3.3
2023.3945 -31.866 -18.7629 -1.2 1.3 1.0 3.4
2023.3973 -33.5459 -20.8723 -5.6 1.4 1.0 3.4
2023.4000 -33.9022 -20.7613 -6.2 1.4 1.0 3.5
2023.4027 -40.6725 -22.6487 -12.7 1.4 1.0 3.4
