2019.8082 0 0 0 1.2 0.8 2.7
2019.8110 -3.3339 0 -6.7 1.2 0.8 2.7
2019.8137 -7.60545 0.66616 -9.2 1.2 0.8 2.7
2019.8164 -3.80273 0.222053 -8 1.3 0.9 2.9
2019.8192 -4.37574 1.6654 -15.8 1.3 0.9 2.7
2019.8219 -5.62595 0.33308 -13.2 1.2 0.9 2.7
2019.8247 -6.40733 0.888214 -3.5 1.2 0.8 2.7
2019.8274 -4.79248 -1.88745 -11 1.2 0.9 2.7
2019.8301 -5.9385 -0.33308 -8.4 1.2 0.8 2.7
2019.8329 -5.73014 0.66616 -13.2 1.3 0.9 2.7
2019.8356 -6.30315 -0.888214 -15.6 1.3 0.9 2.7
2019.8384 -5.78223 -0.66616 -16.3 1.2 0.8 2.7
2019.8411 -8.12638 0.888214 -18.7 1.2 0.8 2.6
2019.8438 -7.03244 1.33232 -16.3 1.2 0.8 2.6
2019.8466 -5.57386 1.11027 -14.3 1.2 0.8 2.7
2019.8493 -3.49017 0.66616 -13.9 1.1 0.8 2.6
2019.8521 -2.81298 0.66616 -14 1.2 0.8 2.6
2019.8548 -8.12638 2.55361 -16 1.2 0.8 2.6
2019.8575 -9.2724 0.444107 -17.6 1.2 0.8 2.6
2019.8603 -5.9906 1.11027 -13.4 1.2 0.8 2.6
2019.8630 -5.15712 1.33232 -12.3 1.1 0.8 2.6
2019.8658 -8.43893 1.33232 -11.2 1.2 0.8 2.6
2019.8685 -6.77198 0.66616 -6.6 1.2 0.9 2.6
2019.8712 -4.47992 0.33308 2.4 1.2 0.8 2.6
2019.8740 -5.83432 -0.888214 -7.9 1.2 0.8 2.6
2019.8767 -7.9701 1.33232 2.7 1.2 0.8 2.6
2019.8795 -8.95985 1.6654 -4.4 1.2 0.8 2.6
2019.8822 -9.53286 0.111026 -8 1.1 0.8 2.5
2019.8849 -8.54311 2.66464 0.5 1.2 0.8 2.6
2019.8877 -1.3023 3.21977 0.6 1.2 0.8 2.7
2019.8904 -6.98035 -0.999241 -7 1.2 0.9 2.7
2019.8932 -4.79248 -2.22053 -0.4 1.2 0.8 2.6
2019.8959 -8.95985 0.33308 -7.2 1.2 0.8 2.6
2019.8986 -10.0538 1.33232 -11.2 1.2 0.8 2.6
2019.9014 -10.2622 1.33232 -17.2 1.1 0.8 2.5
2019.9041 -10.5226 -0.222053 -19.4 1.2 0.8 2.6
2019.9068 -11.9812 -4.88517 -19.9 1.1 0.8 2.5
2019.9096 -3.90691 2.22053 -13.9 1.2 0.8 2.7
2019.9123 -8.54311 -1.6654 -9 1.2 0.8 2.6
2019.9151 -11.1477 -1.77643 -10.7 1.2 0.8 2.6
2019.9178 -9.3245 -0.444107 -7.7 1.2 0.8 2.6
2019.9205 -9.74123 -0.111027 -5.9 1.1 0.8 2.6
2019.9233 -8.95985 0.33308 -5.3 1.2 0.8 2.6
2019.9260 -11.5645 2.44259 -5.1 1.2 0.8 2.6
2019.9288 -7.44918 1.77643 -3.4 1.2 0.8 2.6
2019.9315 -9.84542 1.6654 -5.3 1.1 0.8 2.6
2019.9342 -8.33474 -0.33308 -1.2 1.1 0.8 2.5
2019.9370 -4.21946 2.66464 12 1.2 0.8 2.6
2019.9397 -4.47992 -1.33232 -2.8 1.1 0.8 2.5
2019.9425 -8.54311 -1.88745 -10.4 1.1 0.8 2.6
2019.9452 -9.11613 -3.77491 -5.5 1.2 0.8 2.6
2019.9479 -11.8249 -3.3308 -7.7 1.2 0.8 2.5
2019.9507 -9.42868 -4.10799 -7.2 1.1 0.8 2.5
2019.9534 -8.49102 -4.21901 -11.7 1.2 0.9 2.6
2019.9562 -8.23056 -3.10875 -12.6 1.1 0.8 2.6
2019.9589 -8.90776 -4.44107 -3.5 1.2 0.8 2.6
2019.9616 -7.91801 -5.32928 -7.9 1.1 0.8 2.5
2019.9644 -10.9914 -4.55209 -4 1.2 0.8 2.5
2019.9671 -9.58496 -2.55361 0.4 1.1 0.8 2.6
2019.9699 -8.28265 -2.88669 -5.9 1.2 0.8 2.6
2019.9726 -9.74123 -4.10799 -5.9 1.1 0.8 2.6
2019.9753 -8.12638 -3.55285 -5.2 1.1 0.8 2.5
2019.9781 -7.44918 -3.77491 -2.9 1.2 0.8 2.6
2019.9808 -11.4603 -5.10723 6.1 1.1 0.8 2.5
2019.9836 -11.9291 -1.6654 1.6 1.1 0.8 2.6
2019.9863 -12.8147 -3.44183 4.9 1.1 0.8 2.6
2019.9890 -12.1896 -1.88745 5.1 1.1 0.8 2.5
2019.9918 -9.22031 -4.9962 -4.6 1.1 0.8 2.5
2019.9945 -10.158 -2.88669 -10 1.1 0.8 2.5
2019.9973 -4.84457 -8.10495 23.9 1.3 0.9 2.9
2020.0000 -10.0017 -0.66616 12.9 1.2 0.8 2.7
2020.0055 -13.8565 -3.55285 -13 1.1 0.8 2.5
2020.0082 -13.9086 -0.66616 -7.9 1.2 0.8 2.6
2020.0110 -14.117 -1.77643 -11 1.1 0.8 2.6
2020.0137 -12.8147 -1.6654 -9.9 1.1 0.8 2.6
2020.0164 -12.5542 -0.222053 -14.7 1.2 0.8 2.6
2020.0192 -13.0751 -0.444107 -16.7 1.1 0.8 2.6
2020.0219 -8.6473 -0.888214 -15.7 1.1 0.8 2.5
2020.0247 -10.4705 -2.22053 -11.9 1.4 0.9 2.8
2020.0438 -13.5961 -3.3308 -14.6 3.0 2.7 7.1
2020.0466 -13.2835 -0.222053 -10.3 1.1 0.8 2.6
2020.0493 -10.8873 -1.55437 -9.5 1.1 0.8 2.6
2020.0521 -13.5961 -1.44335 -7.4 1.1 0.8 2.6
2020.0548 -9.01194 -2.22053 -5.2 1.1 0.8 2.6
2020.0575 -15.0546 -2.88669 -3 1.1 0.8 2.6
2020.0603 -13.1793 -0.888214 -8.6 1.1 0.8 2.5
2020.0630 -12.9709 -0.888214 -3.5 1.1 0.8 2.5
2020.0658 -13.1272 -1.22129 -2.5 1.1 0.8 2.5
2020.0685 -15.0546 -1.77643 -5.8 1.1 0.8 2.6
2020.0712 -11.7207 -3.44183 -3.3 1.1 0.8 2.6
2020.0740 -12.8668 -2.10951 0.6 1.1 0.8 2.5
2020.0767 -11.3561 -1.55437 4.3 1.1 0.8 2.5
2020.0795 -12.0854 -0.888214 10.8 1.1 0.8 2.5
2020.0822 -12.8147 -1.22129 11.4 1.1 0.8 2.5
2020.0849 -13.2314 -1.6654 7.1 1.1 0.8 2.5
2020.0877 -9.37659 -1.33232 6.7 1.1 0.8 2.5
2020.0904 -15.0025 -1.22129 0.6 1.1 0.8 2.5
2020.0932 -12.0333 -0.555134 5.3 1.1 0.8 2.5
2020.0959 -11.5645 -1.6654 11.4 1.1 0.8 2.5
2020.0986 -8.90776 -2.99772 -3.7 1.1 0.8 2.6
2020.1014 -11.9291 -1.88745 -6 1.1 0.8 2.6
2020.1041 -10.8352 -1.99848 -1.3 1.1 0.8 2.5
2020.1068 -11.8249 -1.6654 -3.5 1.1 0.8 2.5
2020.1096 -10.0538 0.33308 2.9 1.1 0.8 2.5
2020.1123 -15.2109 -1.99848 -14.6 1.1 0.8 2.5
2020.1151 -12.45 -1.99848 -9.6 1.1 0.8 2.6
2020.1178 -11.4082 -2.66464 -2.1 1.1 0.8 2.5
2020.1205 -12.1375 -5.32928 -10.1 1.1 0.8 2.6
2020.1233 -10.1059 -2.88669 -9.4 1.1 0.9 2.6
2020.1260 -6.40733 -3.10875 -3.8 1.1 0.8 2.5
2020.1288 -9.3245 -4.88517 -8.1 1.1 0.8 2.5
2020.1315 -9.74123 -4.44107 -8.7 1.1 0.8 2.6
2020.1342 -8.95985 -4.66312 -2.3 1.1 0.9 2.6
2020.1370 -14.4816 -2.44259 -3.2 1.1 0.8 2.6
2020.1397 -15.4193 -1.33232 -7 1.1 0.9 2.6
2020.1425 -12.0333 -3.3308 -1.5 1.1 0.9 2.6
2020.1452 -14.2212 -2.66464 -7.9 1.1 0.8 2.5
2020.1479 -14.0128 -2.66464 -10.8 1.1 0.8 2.6
2020.1507 -17.4509 -0.777187 -11.2 1.1 0.8 2.5
2020.1534 -15.2109 -2.22053 -7.6 1.1 0.8 2.5
2020.1562 -13.0751 -2.44259 -6.4 1.1 0.8 2.5
2020.1589 -12.6584 -4.21901 -10.4 1.1 0.8 2.5
2020.1616 -13.8044 -4.21901 -10.1 1.1 0.8 2.5
2020.1644 -14.7942 -2.77567 -10.9 1.1 0.8 2.5
2020.1671 -14.2212 -1.99848 -2.6 1.1 0.8 2.5
2020.1699 -14.7942 -3.77491 -4.8 1.1 0.8 2.5
2020.1726 -11.7207 -3.66388 -5.9 1.1 0.8 2.5
2020.1753 -14.3253 -5.77339 -14.1 1.1 0.8 2.6
2020.1781 -14.5337 -1.88745 -7 1.1 0.8 2.5
2020.1808 -15.836 -1.55437 -5.5 1.1 0.8 2.5
2020.1836 -15.5756 -3.21977 -10.7 1.1 0.8 2.5
2020.1863 -15.5235 -3.55285 1.1 1.1 0.8 2.5
2020.1890 -12.1375 -4.88517 -4.2 1.1 0.8 2.5
2020.1918 -12.45 -4.66312 -5.9 1.1 0.8 2.5
2020.1945 -16.8779 -4.10799 -15 1.1 0.8 2.5
2020.1973 -17.5551 -3.99696 -21.7 1.1 0.8 2.5
2020.2000 -17.2425 -5.66236 -19.7 1.1 0.8 2.5
2020.2027 -17.8676 -5.10723 -18.9 1.1 0.8 2.5
2020.2055 -17.9718 -5.99544 -17.7 1.1 0.8 2.5
2020.2082 -15.9402 -7.10571 -20.2 1.1 0.8 2.6
2020.2110 -15.6797 -5.66236 -11.1 1.1 0.8 2.5
2020.2137 -15.3151 -2.99772 -9.1 1.1 0.8 2.5
2020.2164 -14.1691 -4.21901 -5.3 1.3 0.9 2.8
2020.2192 -17.9718 -3.77491 -10.8 1.2 0.9 2.7
2020.2219 -15.6797 -4.44107 -9.7 1.1 0.9 2.6
2020.2247 -17.0862 -3.10875 -17.8 1.1 0.8 2.6
2020.2274 -15.4193 -1.88745 -15.8 1.1 0.8 2.6
2020.2301 -15.4193 -1.55437 -14.8 1.1 0.8 2.6
2020.2329 -17.9718 -3.66388 -9.9 1.1 0.8 2.6
2020.2356 -18.9615 -2.44259 -10.8 1.1 0.8 2.6
2020.2384 -16.7737 -3.88593 -12.9 1.1 0.8 2.6
2020.2411 -15.5235 -3.21977 -10.2 1.1 0.8 2.6
2020.2438 -14.7942 -2.22053 -4.5 1.1 0.8 2.7
2020.2466 -18.3885 -3.77491 -9.5 1.1 0.8 2.6
2020.2493 -17.3467 -4.66312 -13.8 1.2 0.8 2.6
2020.2521 -14.3253 -4.9962 -18 1.2 0.8 2.7
2020.2548 -15.6276 -4.66312 -13 1.2 0.8 2.6
2020.2575 -17.3988 -0.555134 -2.3 1.2 0.8 2.7
2020.2603 -14.4816 -3.77491 -6.6 1.2 0.8 2.6
2020.2630 -14.0128 -5.77339 -9.8 1.2 0.8 2.7
2020.2658 -16.3048 -3.55285 -9.9 1.2 0.8 2.7
2020.2685 -16.982 -2.99772 -9.7 1.2 0.8 2.6
2020.2712 -16.5132 -2.33156 -7.3 1.2 0.8 2.6
2020.2740 -16.3569 -3.88593 -10.7 1.2 0.8 2.6
2020.2767 -15.8881 -4.33004 -17.1 1.2 0.8 2.6
2020.2795 -17.0341 -3.21977 -14.6 1.2 0.8 2.7
2020.2822 -16.6695 -2.99772 -14.2 1.2 0.9 2.7
2020.2849 -16.5132 -2.66464 -11.9 1.2 0.9 2.7
2020.2877 -16.6695 -0.999241 -15.6 1.2 0.8 2.7
2020.2904 -15.6276 -1.44335 -15.3 1.2 0.8 2.7
2020.2932 -16.0444 -3.3308 -16.7 1.2 0.8 2.6
2020.2959 -15.263 -0.111027 -16 1.2 0.8 2.7
2020.2986 -16.3569 -1.6654 -18.6 1.2 0.8 2.7
2020.3014 -17.7113 -2.66464 -11.7 1.2 0.9 2.7
2020.3041 -17.3467 -2.22053 -11.1 1.5 1.0 2.9
2020.3068 -15.1067 -1.55437 -8.6 1.2 0.9 2.8
2020.3096 -16.3569 -1.88745 -16.3 1.2 0.9 2.8
2020.3123 -14.0649 -1.55437 -16.5 1.2 0.9 2.8
2020.3151 -17.503 -2.22053 -15.8 1.2 0.9 2.8
2020.3178 -17.1383 -2.77567 -18.9 1.2 0.9 2.8
2020.3205 -20.1076 -1.33232 -8.6 1.2 0.9 2.7
2020.3233 -15.263 -1.77643 -13.9 1.2 0.9 2.7
2020.3260 -17.1383 -2.22053 -15.4 1.2 0.9 2.7
2020.3288 -16.2007 -1.44335 -12.5 1.2 0.9 2.7
2020.3315 -19.8992 -2.44259 -15.8 1.2 0.9 2.7
2020.3342 -16.5653 -2.44259 -16.2 1.2 0.9 2.8
2020.3370 -12.0333 -1.11027 -14.3 1.2 0.9 2.7
2020.3397 -13.8044 -1.11027 -13.1 1.2 0.9 2.7
2020.3425 -14.0128 -0.888214 -16.2 1.2 0.9 2.7
2020.3452 -14.5337 -2.55361 -14.5 1.2 0.9 2.8
2020.3479 -16.0444 -1.33232 -18.9 1.2 0.8 2.7
2020.3507 -15.4714 -3.3308 -15.7 1.2 0.8 2.7
2020.3534 -15.0025 -3.21977 -17.2 1.2 0.9 2.9
2020.3562 -13.4398 -1.6654 -20.7 1.2 0.8 2.8
2020.3589 -16.7737 -2.33156 -8.9 1.2 0.9 2.8
2020.3616 -17.503 -3.88593 -9 1.2 0.8 2.7
2020.3644 -13.3356 -2.66464 -11.6 1.2 0.8 2.8
2020.3671 -19.7429 1.11027 -12.3 1.2 0.8 2.7
2020.3699 -22.8685 -2.22053 -19.2 1.2 0.8 2.7
2020.3726 -15.263 0.111026 -18.7 1.2 0.8 2.7
2020.3753 -21.5141 -1.44335 -16.3 1.2 0.8 2.7
2020.3781 -13.9086 -3.99696 -14 1.2 0.9 2.7
2020.3808 -18.5448 -0.111027 -19 1.2 0.8 2.7
2020.3836 -18.3364 -0.444107 -10.5 1.2 0.8 2.7
2020.3863 -17.2425 -3.88593 -20.6 1.2 0.8 2.7
2020.3890 -18.9615 -3.44183 -12.3 1.2 0.8 2.7
2020.3918 -19.8992 -3.88593 -13.8 1.2 0.9 2.8
2020.3945 -20.0555 -1.22129 -17.7 1.2 0.9 2.8
2020.3973 -20.6806 -1.99848 -12.1 1.2 0.8 2.7
2020.4000 -22.6601 -1.88745 -14.3 1.2 0.8 2.7
2020.4027 -20.4722 -2.10951 -16.5 1.2 0.9 2.7
2020.4055 -17.6071 -1.6654 -13.7 1.2 0.9 2.7
2020.4082 -20.4722 -1.55437 -14.4 1.2 0.9 2.8
2020.4110 -17.2946 0.777186 -12.8 1.2 0.9 2.7
2020.4137 -19.0136 0.555133 -19.4 1.3 0.9 2.8
2020.4164 -22.1913 -0.222053 -17.9 1.2 0.9 2.7
2020.4192 -20.368 -4.33004 -12.8 1.2 0.9 2.7
2020.4219 -21.8266 -1.77643 -9.3 1.2 0.9 2.7
2020.4247 -18.7532 -0.555134 -13.8 1.2 0.9 2.7
2020.4274 -21.8787 -1.88745 -12.7 1.3 0.9 2.9
2020.4301 -19.3783 -2.88669 -14.6 1.3 0.9 2.9
2020.4329 -15.8881 -3.10875 -20.4 1.2 0.9 2.7
2020.4356 -20.368 -3.3308 -14.2 1.2 0.9 2.7
2020.4384 -20.6806 -1.88745 -14.8 1.2 0.9 2.8
2020.4411 -21.4099 -2.33156 -16.9 1.2 0.9 2.7
2020.4438 -18.8574 -3.77491 -24.5 1.2 0.9 2.8
2020.4466 -20.941 -7.21673 -12.3 1.2 0.9 2.8
2020.4493 -15.7318 -4.88517 -17.6 1.2 0.9 2.8
2020.4521 -14.3253 0 -15.8 1.2 0.9 2.7
2020.4548 -23.181 -0.999241 -14.5 1.2 0.9 2.7
2020.4575 -23.0247 -0.888214 -18.6 1.2 0.9 2.7
2020.4603 -17.7113 -1.11027 -11.2 1.2 0.9 2.8
2020.4630 -18.9095 -2.77567 -6 1.2 0.9 2.8
2020.4658 -22.035 -3.21977 -17.6 1.2 0.9 2.8
2020.4685 -17.6592 -0.999241 -26.2 1.2 0.9 2.8
2020.4712 -27.14 -3.99696 -16.6 1.2 0.9 2.9
2020.4740 -26.8795 -2.99772 -18.2 1.2 0.9 2.8
2020.4767 -22.608 -1.55437 -18.8 1.2 0.9 2.8
2020.4795 -22.9205 -4.44107 -7.1 1.2 0.9 2.8
2020.4822 -18.1281 -2.10951 -22.9 1.2 0.9 2.9
2020.4849 -20.4201 -2.99772 -17 1.2 0.9 2.8
2020.4877 -21.8266 -2.22053 -21.6 1.2 0.9 2.9
2020.4904 -21.0452 -1.44335 -10.5 1.3 0.9 2.9
2020.4932 -27.0879 -3.88593 -11.1 1.3 0.9 2.9
2020.4959 -18.2843 -2.88669 -13.4 1.2 0.9 2.9
2020.4986 -26.9316 -2.77567 -29.4 1.3 0.9 2.9
2020.5014 -14.3253 -0.777187 -21.8 1.2 0.9 2.8
2020.5041 -19.222 -2.77567 -19 1.2 0.9 2.8
2020.5068 -17.3467 -1.77643 -13 1.2 0.9 2.8
2020.5096 -18.8053 -2.44259 -29.8 1.2 0.9 2.8
2020.5123 -23.0768 -0.555134 -27.9 1.2 0.9 2.8
2020.5151 -21.6182 -2.22053 -15.4 1.2 0.9 2.8
2020.5178 -17.0862 -3.88593 -15.8 1.2 0.9 2.8
2020.5205 -17.8155 -3.3308 -10.4 1.2 0.9 2.8
2020.5233 -21.3057 -3.99696 -8.3 1.3 0.9 2.9
2020.5260 -20.5764 -5.32928 -12.1 1.2 1.0 2.9
2020.5288 -21.5141 -1.88745 -15.9 1.7 1.4 4.0
2020.5507 -15.8881 4.9962 -8.8 3.6 2.4 6.8
2020.5534 -25.6293 -1.99848 -23.9 3.5 2.0 5.7
2020.5781 -17.4509 0.222053 -15.3 3.3 2.1 6.2
2020.5808 -22.5559 -2.33156 -20.3 1.3 0.9 2.9
2020.6082 -20.5764 -4.21901 -10.9 5.0 2.2 7.3
2020.6110 -23.2331 -0.33308 -8 3.8 2.6 7.1
2020.6137 -18.4927 -1.6654 -13.8 2.9 1.7 5.9
2020.6164 -24.6917 2.99772 -10.5 3.2 2.4 6.9
2020.6329 -14.2732 -2.99772 -18.6 2.8 1.8 5.6
2020.6356 -11.1998 3.99696 -30.7 3.5 2.6 6.6
2020.6384 -20.7327 -3.3308 -5.2 2.9 1.8 5.7
2020.6411 -22.5038 -1.11027 -18 3.0 2.8 7.0
2020.6822 -23.4415 -1.6654 -15.5 1.3 0.9 2.9
2020.6849 -24.0145 -2.22053 -11.9 1.3 0.9 2.9
2020.6877 -25.0563 -5.66236 -14.4 1.3 0.9 2.9
2020.6904 -28.7028 -2.44259 -3.2 1.3 0.9 2.9
2020.6932 -29.7446 -3.3308 -6.1 1.3 0.9 2.8
2020.6959 -22.3475 -3.55285 -8 1.3 1.0 2.9
2020.6986 -24.2229 -3.21977 -14 1.3 1.0 3.0
2020.7014 -25.994 -2.33156 -7.8 1.3 1.0 2.9
2020.7041 -28.2339 -2.55361 -9.7 1.5 1.1 3.4
2020.7068 -29.4321 -2.66464 -4.7 1.3 0.9 2.8
2020.7096 -23.9624 -3.77491 -12.6 1.4 0.9 3.1
2020.7123 -25.7856 0 -9.5 1.5 0.9 3.1
2020.7151 -26.0461 -3.10875 -6.3 1.4 0.9 3.0
2020.7178 -28.286 -2.44259 -5.9 1.3 0.9 2.9
2020.7205 -31.0469 -3.66388 -8.3 1.3 0.9 2.9
2020.7233 -25.8377 -4.21901 -3.6 1.3 0.9 2.9
2020.7260 -26.7754 -3.55285 -6.3 1.3 0.9 2.9
2020.7288 -25.994 -3.10875 -7.5 1.3 0.9 3.0
2020.7315 -25.8898 -4.21901 4.2 1.4 1.0 3.0
2020.7342 -27.5047 -4.10799 -5.2 1.3 0.9 2.9
2020.7370 -23.8061 -3.99696 -9.4 1.3 0.9 2.8
2020.7397 -25.421 -2.77567 -7.5 1.4 1.0 2.9
2020.7425 -23.9624 -3.55285 2.4 1.3 0.9 2.9
2020.7452 -21.5662 -2.77567 -1.4 1.3 0.9 2.9
2020.7479 -26.6191 -3.21977 2.8 1.3 0.9 2.8
2020.7507 -22.1392 -2.77567 -4.5 1.3 0.9 2.9
2020.7534 -22.608 -1.44335 -3.7 1.3 0.9 2.9
2020.7562 -18.7532 -4.9962 2.4 1.3 0.9 2.9
2020.7589 -22.608 0.111026 7.8 1.4 0.9 3.0
2020.7616 -25.7335 -4.88517 3.6 1.2 0.9 2.8
2020.7644 -25.8898 -3.44183 -6.8 1.2 0.9 2.8
2020.7671 -22.3996 -3.66388 -8.2 1.3 0.9 2.8
2020.7699 -22.1913 -2.22053 -6 1.3 0.9 2.8
2020.7726 -22.608 -3.3308 -2.4 1.3 0.9 3.0
2020.7753 -24.6396 -1.6654 5 1.2 0.9 2.8
2020.7781 -26.6191 -2.77567 3.5 1.2 0.9 2.7
2020.7808 -25.1084 -3.10875 0 1.2 0.9 2.8
2020.7836 -23.7019 -2.22053 -5.6 1.2 0.9 2.8
2020.7863 -25.7856 -3.21977 -4.4 1.2 0.9 2.8
2020.7890 -27.14 -2.22053 -0.2 1.2 0.9 2.8
2020.7918 -21.2015 -2.99772 5.5 1.2 0.9 2.7
2020.7945 -23.6498 -1.99848 2.6 1.2 0.9 2.8
2020.7973 -23.9624 -5.10723 -8.4 1.3 0.9 2.9
2020.8000 -26.9316 -3.66388 -1.4 1.2 0.9 2.8
2020.8027 -26.3586 -4.55209 3.8 1.2 0.9 2.7
2020.8055 -27.1921 -4.88517 7.5 1.2 0.9 2.8
2020.8082 -24.2749 -3.55285 1.9 1.2 0.9 2.7
2020.8110 -26.3586 -3.10875 -4.9 1.2 0.9 2.8
2020.8137 -27.5047 -4.9962 -6.7 1.3 0.9 2.9
2020.8164 -25.3168 -4.10799 -4.7 1.2 0.9 2.7
2020.8192 -28.4944 -4.9962 -4.3 1.2 0.9 2.7
2020.8219 -27.9735 -5.32928 1.9 1.3 0.9 2.8
2020.8247 -36.7771 -8.88213 57.1 1.3 0.9 2.8
2020.8274 -26.567 -1.99848 -3.6 1.2 0.9 2.8
2020.8301 -26.2024 -2.66464 -7.6 1.3 0.9 2.8
2020.8329 -25.1084 -2.22053 -0.2 1.3 0.9 2.7
2020.8356 -25.5772 -3.10875 0.5 1.2 0.9 2.8
2020.8384 -26.9837 -1.44335 -3.7 1.3 0.9 2.8
2020.8411 -27.9214 -4.44107 -3.9 1.3 0.9 2.8
2020.8438 -29.6404 -3.55285 1.2 1.3 0.9 2.7
2020.8466 -24.4312 -2.55361 -1.3 1.3 0.9 2.9
2020.8493 -26.0461 -1.6654 -3.8 1.2 0.9 2.8
2020.8521 -28.807 -2.77567 -8.4 1.2 0.8 2.7
2020.8548 -31.0469 -1.77643 -8.1 1.2 0.9 2.7
2020.8575 -24.2749 1.11027 10.4 1.2 0.9 2.8
2020.8603 -26.4107 -1.55437 4.5 1.3 0.9 2.9
2020.8630 -26.1503 -2.66464 2.9 1.2 0.9 2.7
2020.8658 -24.0666 -3.44183 9.7 1.3 0.9 2.7
2020.8685 -27.0879 -2.22053 16 1.3 0.9 2.8
2020.8712 -28.5986 0.33308 8 1.3 0.9 2.9
2020.8740 -26.9316 -1.99848 5.6 1.2 0.9 2.7
2020.8767 -27.2442 -1.6654 5.9 1.2 0.9 2.7
2020.8795 -30.1093 -1.88745 6.2 1.2 0.9 2.8
2020.8822 -26.6712 -1.88745 3.3 1.2 0.9 2.8
2020.8849 -25.994 -3.21977 7.2 1.3 0.9 2.9
2020.8877 -26.4628 -2.44259 2.7 1.2 0.9 2.8
2020.8904 -28.5986 -1.55437 3.6 1.3 0.9 2.9
2020.8932 -26.0982 -1.99848 0.7 1.3 0.9 2.9
2020.8959 -27.4005 -3.55285 10.2 1.4 0.9 2.8
2020.8986 -29.6925 -2.77567 12.3 1.3 0.9 2.9
2020.9014 -24.6917 -2.44259 9.4 1.3 0.9 2.9
2020.9041 -30.1093 -2.44259 8.4 1.2 0.9 2.8
2020.9068 -28.4944 -1.33232 10.9 1.3 0.9 2.8
2020.9096 -27.5567 -0.555134 20.5 1.3 0.9 2.8
2020.9123 -26.9316 -2.55361 14.4 1.3 0.9 2.8
2020.9151 -30.3697 -2.88669 19.1 1.3 0.9 2.9
2020.9178 -28.8591 -3.44183 14.7 1.3 0.9 2.8
2020.9205 -27.0879 -0.777187 21.6 1.2 0.9 2.8
2020.9233 -25.8898 -2.99772 5 1.3 0.9 2.8
2020.9260 -29.1716 -6.2175 4.9 1.3 0.9 2.9
2020.9288 -28.5465 -5.10723 -5.5 1.2 0.9 2.8
2020.9315 -29.2237 -4.44107 -5.4 1.2 0.9 2.8
2020.9342 -27.8172 -3.44183 -6.4 1.2 0.9 2.8
2020.9370 -26.2024 -3.21977 -4.4 1.2 0.9 2.8
2020.9397 -30.5781 -3.99696 -6.1 1.2 0.9 2.7
2020.9425 -29.4842 -3.88593 -4 1.2 0.9 2.8
2020.9452 -28.807 -3.66388 -12.6 1.2 0.9 2.8
2020.9479 -28.9111 -3.10875 -9.2 1.2 0.9 2.8
2020.9507 -27.9214 -2.99772 -11.4 1.2 0.9 2.8
2020.9534 -27.0358 -3.21977 -5.9 1.2 0.9 2.8
2020.9562 -30.4218 -4.21901 0.7 1.2 0.9 2.8
2020.9589 -28.5986 -3.55285 -4.7 1.2 0.9 2.8
2020.9616 -28.3902 -3.99696 0.4 1.2 0.9 2.8
2020.9644 -28.7028 -3.3308 1.4 1.2 0.9 2.7
2020.9671 -27.2963 -1.99848 8.2 1.2 0.9 2.8
2020.9699 -28.4423 -3.21977 11.4 1.2 0.9 2.8
2020.9726 -26.7754 -3.21977 13.6 1.2 0.9 2.8
2020.9753 -28.0256 -5.10723 6.6 1.2 0.9 2.8
2020.9781 -29.3279 -3.88593 3.2 1.3 0.9 2.9
2020.9808 -26.8795 1.33232 27.5 1.3 0.9 2.9
2020.9836 -29.4842 -1.88745 26.1 1.3 0.9 2.9
2020.9863 -24.2229 -6.88366 23.8 1.2 0.9 2.8
2020.9890 -25.2126 -8.99316 15 1.2 0.9 2.8
2020.9918 -26.6191 -10.2145 16.8 1.2 0.9 2.8
2020.9945 -24.327 -8.88213 12.8 1.2 0.9 2.8
2020.9973 -28.0256 -9.5483 4.4 1.2 0.9 2.8
2021.0000 -28.3381 -7.99392 9.7 1.2 0.9 2.7
2021.0027 -23.8582 -7.21673 10.9 1.2 0.9 2.8
2021.0027 -24.6917 -9.32624 14 1.2 0.9 2.8
2021.0055 -24.6396 -10.2145 17.9 1.2 0.9 2.8
2021.0082 -23.754 -7.66084 13.4 1.2 0.9 2.8
2021.0110 -28.3381 -9.10419 13.7 1.2 0.9 2.7
2021.0137 -27.5567 -8.21597 18.7 1.2 0.9 2.7
2021.0164 -27.14 -6.6616 16.9 1.2 0.9 2.8
2021.0192 -25.421 -9.21522 18.5 1.2 0.9 2.8
2021.0219 -24.7959 -8.10495 16.5 1.2 0.9 2.8
2021.0247 -26.8795 -6.77263 11.2 1.2 0.9 2.7
2021.0274 -26.0982 -8.99316 14.6 1.2 0.9 2.7
2021.0301 -26.4107 -9.88138 17.7 1.2 0.9 2.7
2021.0329 -29.1716 -9.9924 14.7 1.2 0.9 2.7
2021.0356 -30.0051 -8.77111 23.4 1.2 0.9 2.7
2021.0384 -27.1921 -6.43955 5.2 1.2 0.9 2.7
2021.0411 -29.5362 -7.32776 13.9 1.2 0.9 2.7
2021.0438 -29.5883 -8.99316 10.2 1.2 0.9 2.7
2021.0466 -25.421 -10.6586 16 1.2 0.9 2.8
2021.0493 -27.5567 -9.21522 12.8 1.2 0.9 2.8
2021.0521 -30.0572 -8.21597 14.5 1.2 0.9 2.8
2021.0548 -29.1195 -7.21673 -7.1 1.3 0.9 3.0
2021.0575 -26.4107 -7.10571 -3.1 1.2 0.9 2.8
2021.0603 -27.8693 -7.10571 -2.1 1.2 0.9 2.7
2021.0630 -27.8172 -6.6616 -2 1.2 0.9 2.7
2021.0658 -30.1614 -5.88441 -3.3 1.2 0.9 2.7
2021.0685 -31.672 -5.55133 -3 1.2 0.9 2.7
2021.0712 -32.0367 -4.77415 -3.2 1.2 0.9 2.7
2021.0740 -29.6925 -6.2175 -4.7 1.2 0.9 2.8
2021.0767 -30.9948 -5.88441 0.5 1.2 0.9 2.8
2021.0795 -30.526 -5.88441 3.3 1.2 0.9 2.7
2021.0822 -30.7344 -4.66312 0.1 1.2 0.9 2.7
2021.0849 -33.339 -5.10723 -1.2 1.2 0.9 2.7
2021.0877 -31.1511 -3.66388 -1.6 1.2 0.9 2.8
2021.0904 -32.8181 -4.77415 -3.2 1.2 0.9 2.8
2021.0932 -33.5473 -5.77339 -0.6 1.2 0.9 2.8
2021.0959 -32.0888 -4.21901 2.9 1.2 0.9 2.8
2021.0986 -32.7139 -4.9962 -1.1 1.2 0.9 2.8
2021.1014 -34.9017 -3.77491 1.3 1.1 0.9 2.8
2021.1041 -35.8394 -3.55285 5.6 1.2 0.9 2.8
2021.1068 -32.1929 -4.21901 6.2 1.1 0.9 2.8
2021.1096 -32.0367 -4.77415 -4.1 1.2 0.9 2.8
2021.1123 -33.7036 -4.66312 4.6 1.1 0.9 2.7
2021.1151 -33.7557 -4.10799 4.3 1.1 0.9 2.7
2021.1178 -35.631 -4.44107 10.1 1.2 0.9 2.8
2021.1205 -36.152 -5.66236 16.1 1.2 0.9 2.8
2021.1233 -34.3287 -5.10723 14.8 1.2 0.9 2.7
2021.1260 -34.485 -7.10571 18.5 1.5 1.0 3.1
2021.1288 -38.0273 -4.10799 11.8 1.2 1.0 2.8
2021.1315 -35.5789 -4.77415 18 1.1 0.9 2.7
2021.1342 -34.2245 -6.32852 19 1.2 0.9 2.9
2021.1370 -32.9222 -5.66236 20.8 1.3 1.0 3.0
2021.1397 -32.5055 -5.88441 17.6 1.2 0.9 2.9
2021.1425 -37.1938 -3.99696 19.5 1.2 1.0 2.7
2021.1452 -33.6515 -4.33004 17 1.1 0.9 2.7
2021.1507 -34.8496 -5.44031 13.3 1.2 0.9 2.7
2021.1534 -32.0367 -6.10647 7.8 1.2 0.9 2.8
2021.1562 -30.1093 -3.3308 17.8 1.2 0.9 2.8
2021.1589 -28.5986 -3.99696 19.4 1.2 1.0 2.9
2021.1616 -32.6097 -1.22129 16.1 1.2 0.9 2.8
2021.1644 -32.6618 -2.77567 14.8 1.3 1.0 2.8
2021.1671 -34.0162 -3.10875 8 1.2 0.9 2.8
2021.1699 -31.5158 -5.66236 8.1 1.2 0.9 2.8
2021.1726 -32.7139 -6.55057 3.2 1.2 0.9 2.7
2021.1753 -31.9846 -4.9962 9.3 1.2 0.9 2.8
2021.1781 -35.6831 -3.10875 12.3 1.3 0.9 2.8
2021.1808 -37.5584 0 3 1.2 0.9 2.9
2021.1836 -36.8292 -2.22053 6.1 1.3 0.9 3.0
2021.1863 -32.9743 -5.44031 -1.1 1.2 0.9 2.7
2021.1890 -30.7344 -5.10723 3.4 1.2 0.9 2.7
2021.1918 -32.4013 -4.10799 8.2 1.2 0.9 2.8
2021.1945 -31.4637 -1.55437 1.8 1.2 0.9 2.8
2021.1973 -31.7762 -1.55437 -1.5 1.2 0.9 2.7
2021.2000 -36.0478 -1.44335 -1.5 1.2 0.9 2.8
2021.2027 -33.3911 -3.10875 -6.2 1.2 0.9 2.7
2021.2055 -34.5892 -6.77263 -3.4 1.2 0.9 2.7
2021.2082 -37.3501 -5.44031 -3.9 1.2 0.9 2.7
2021.2110 -35.2143 -5.77339 -4.4 1.2 0.9 2.8
2021.2137 -33.7036 -6.43955 -15.5 1.2 0.9 2.8
2021.2164 -34.9017 -4.77415 -12.6 1.3 1.0 2.8
2021.2192 -30.3176 -7.54981 -4.9 1.2 0.9 2.7
2021.2219 -34.0683 -7.54981 -3 1.2 0.9 2.7
2021.2247 -34.7455 -6.6616 -10.1 1.2 0.9 2.7
2021.2274 -34.3287 -7.8829 -1.5 1.2 0.9 2.7
2021.2301 -33.912 -5.55133 -5.6 1.2 0.9 2.8
2021.2329 -35.3706 -6.10647 -15.4 1.2 0.9 2.8
2021.2356 -33.7036 -4.9962 -7 1.2 0.9 2.8
2021.2384 -33.2869 -6.10647 -10.7 1.2 0.9 2.7
2021.2411 -32.9743 -7.43879 -6.9 1.2 0.9 2.8
2021.2438 -34.0683 -6.2175 -6.9 1.2 0.9 2.8
2021.2466 -38.8087 -5.77339 -7.5 1.2 0.9 2.8
2021.2493 -36.5166 -3.21977 -2.2 1.3 0.9 2.9
2021.2521 -34.1204 -4.33004 -6.7 1.2 0.9 2.7
2021.2548 -32.2971 -7.43879 -3.3 1.2 0.9 2.8
2021.2575 -36.725 -6.43955 -7.9 1.2 0.9 2.9
2021.2603 -31.672 -4.66312 -10.4 1.2 0.9 2.8
2021.2630 -36.2561 -5.66236 -10.8 1.2 0.9 2.8
2021.2658 -34.2766 -5.55133 -11.9 1.4 0.9 2.8
2021.2685 -33.7036 -6.43955 -6.2 1.2 0.9 2.8
2021.2712 -36.6729 -6.88366 -12 1.2 0.9 2.8
2021.2740 -34.1725 -6.2175 -16.6 1.2 0.9 2.7
2021.2767 -31.3595 -4.66312 -10.9 1.2 0.9 2.7
2021.2795 -31.2553 -5.77339 -10.2 1.3 0.9 2.9
2021.2822 -33.7557 -7.66084 -4.2 1.3 0.9 2.9
2021.2849 -33.4432 -7.32776 -6.4 1.3 0.9 2.9
2021.2877 -34.2245 -3.21977 -15.1 1.2 0.9 2.9
2021.2904 -34.9017 -1.88745 2.2 1.3 1.0 3.0
2021.2932 -31.8283 -5.88441 -17.4 1.4 1.1 3.1
2021.2959 -31.1511 -4.33004 -13.7 1.4 1.0 3.1
2021.2986 -34.6934 -5.77339 -10.5 1.4 1.1 3.1
2021.3014 -38.2356 -0.777187 -9.9 1.3 1.0 3.1
2021.3041 -37.298 -2.44259 -10.3 1.3 1.0 3.1
2021.3068 -35.2664 -2.44259 -12 1.3 1.0 3.2
2021.3096 -35.1101 -2.88669 -17.8 1.3 0.9 3.1
2021.3123 -36.3082 -4.66312 -10.6 1.3 0.9 2.9
2021.3151 -39.8505 -5.99544 -18.6 1.2 0.9 2.9
2021.3178 -39.7984 -3.88593 -11 1.3 0.9 3.0
2021.3205 -40.9965 -5.99544 -10.7 1.3 0.9 3.0
2021.3233 -36.9333 -5.66236 -13.8 1.2 0.9 3.0
2021.3260 -33.339 -5.44031 -6.6 1.3 0.9 3.0
2021.3288 -40.4756 -5.21825 -12.9 1.2 0.9 2.8
2021.3315 -35.8394 -4.88517 -14.9 1.2 0.9 2.9
2021.3342 -37.0375 -3.44183 -10.1 1.2 0.9 3.0
2021.3370 -37.1417 -4.44107 -14.8 1.2 0.9 2.9
2021.3397 -35.8394 -6.32852 -8.1 1.2 0.9 2.9
2021.3425 -39.7463 -4.77415 -13.7 1.2 0.9 2.9
2021.3452 -37.3501 -4.10799 -10.6 1.3 0.9 2.9
2021.3479 -38.9128 -5.10723 -9 1.2 0.9 2.9
2021.3507 -37.6105 -4.55209 -11.4 1.2 0.9 2.9
2021.3534 -38.6003 -6.2175 -17.7 1.3 0.9 2.9
2021.3562 -39.6942 -5.88441 -10 1.2 0.9 2.9
2021.3589 -36.0478 -5.99544 -10 1.2 0.9 2.9
2021.3616 -42.4551 -9.88138 -9.1 1.4 1.0 3.1
2021.3644 -41.257 -5.99544 -17.4 1.2 0.9 2.9
2021.3671 -42.8718 -5.21825 -12.4 1.3 0.9 3.0
2021.3699 -40.0068 -6.99468 -10.4 1.2 0.9 3.0
2021.3726 -40.4756 -6.2175 -9 1.2 0.9 3.0
2021.3753 -38.9128 -6.43955 -7.4 1.2 0.9 2.9
2021.3781 -35.9436 -7.43879 -7.1 1.2 0.9 2.9
2021.3808 -40.7882 -5.21825 -14.1 1.3 1.0 3.0
2021.3836 -44.2783 -4.66312 -20.8 1.6 1.1 3.4
2021.3863 -39.3817 -6.55057 -17.3 1.3 1.0 3.3
2021.3890 -40.3714 -7.54981 -14 1.2 0.9 3.0
2021.3918 -42.2988 -6.32852 -7.8 1.2 0.9 3.0
2021.3945 -38.3398 -4.21901 -14.3 1.2 0.9 3.0
2021.3973 -40.0068 -4.9962 -13.4 1.2 0.9 3.0
2021.4000 -43.1323 -8.21597 -14.6 1.2 0.9 3.0
2021.4027 -44.9034 -6.88366 -6.5 1.3 0.9 3.0
2021.4055 -39.7984 -7.10571 -4.4 1.2 0.9 3.1
2021.4082 -39.59 -3.99696 -7 1.2 0.9 3.0
2021.4110 -37.8189 -5.32928 -2.1 1.2 0.9 3.1
2021.4137 -38.6003 -4.9962 -14.6 1.2 0.9 3.0
2021.4164 -39.7463 -8.327 -11 1.2 1.0 3.1
2021.4192 -39.1212 -7.54981 -3.7 1.2 0.9 3.0
2021.4219 -40.9444 -5.99544 1.3 1.2 0.9 3.0
2021.4247 -37.7147 -6.10647 -7.2 1.2 0.9 3.0
2021.4274 -39.9547 -5.21825 -17.5 1.2 0.9 3.1
2021.4301 -44.07 -8.10495 -16.1 1.2 0.9 3.1
2021.4329 -38.0794 -5.77339 -13.5 1.2 0.9 3.1
2021.4356 -41.1528 -3.99696 -11.9 1.2 0.9 3.0
2021.4384 -37.298 -5.77339 -4.9 1.2 0.9 3.0
2021.4411 -37.7668 -3.99696 -6.9 1.3 1.0 3.1
2021.4438 -41.9863 -6.77263 -15.9 1.3 1.0 3.1
2021.4466 -38.8607 -6.99468 -14.7 1.2 1.0 3.1
2021.4493 -39.2775 -4.44107 -9.1 1.2 1.0 3.0
2021.4521 -37.8189 -2.99772 -18.9 1.2 0.9 3.1
2021.4548 -39.7984 -8.10495 -7.7 1.3 0.9 3.1
2021.4575 -41.7258 -5.32928 -16.3 1.2 0.9 3.1
2021.4603 -39.1733 -8.66008 -11.9 1.2 0.9 3.0
2021.4630 -41.5695 -4.66312 -12.6 1.2 0.9 3.0
2021.4658 -43.1323 -5.32928 -16 1.2 0.9 3.0
2021.4685 -42.6635 -6.77263 -6.4 1.2 0.9 3.1
2021.4712 -42.1946 -5.44031 -11.8 1.2 0.9 3.1
2021.4740 -38.8607 -4.9962 -8.1 1.2 1.0 3.1
2021.4767 -38.6003 -7.10571 -13 1.2 1.0 3.1
2021.4795 -42.0384 -5.99544 -7.5 1.3 1.0 3.2
2021.4822 -41.5174 -7.32776 -11.6 1.2 1.0 3.2
2021.4849 -41.1007 -7.43879 -12.1 1.2 1.0 3.2
2021.4877 -34.7455 -5.77339 -9.1 1.2 1.0 3.1
2021.4904 -42.7677 -8.10495 -12.2 1.3 1.0 3.2
2021.4932 -42.976 -5.55133 -9.3 1.2 1.0 3.2
2021.4959 -40.3193 -5.88441 -13.8 1.2 1.0 3.1
2021.4986 -37.871 -6.10647 -16.1 1.2 1.0 3.2
2021.5014 -43.8616 -7.66084 -10.4 1.3 1.0 3.2
2021.5041 -37.0896 -7.10571 -12.1 1.2 1.0 3.2
2021.5068 -41.257 -5.32928 -16.1 1.2 1.0 3.1
2021.5096 -44.2783 -3.66388 -7.3 1.2 1.0 3.1
2021.5123 -43.8095 -5.66236 -18.6 1.2 1.0 3.1
2021.5151 -44.1221 -5.21825 -12.7 1.3 1.0 3.2
2021.5178 -42.2467 -7.54981 -7.5 1.2 1.0 3.1
2021.5205 -41.6216 -6.88366 -6.5 1.3 1.0 3.2
2021.5233 -39.4338 -5.21825 -14.8 1.3 1.0 3.1
2021.5260 -42.3509 -6.55057 -14.3 1.2 1.0 3.1
2021.5288 -37.3501 -5.32928 -8.3 1.2 1.0 3.1
2021.5315 -41.2049 -3.88593 -20.5 1.2 1.0 3.1
2021.5342 -42.3509 -9.5483 -12.8 1.2 1.0 3.1
2021.5370 -42.7677 -6.88366 -16.3 1.3 1.0 3.2
2021.5397 -38.2356 -7.43879 -3 1.4 1.1 3.4
2021.5425 -45.1118 -6.88366 -3.7 1.3 1.0 3.2
2021.5452 -51.8838 -7.10571 -14.8 1.3 1.0 3.3
2021.5479 -42.7677 -6.88366 -18.3 1.2 1.0 3.1
2021.5507 -38.3919 -5.55133 -11 1.2 1.0 3.1
2021.5534 -45.4244 -7.21673 -10.9 1.2 1.0 3.2
2021.5562 -43.8095 -10.8806 -3.2 1.4 1.1 3.3
2021.5589 -47.1434 -8.54906 -6.8 1.3 1.0 3.2
2021.5616 -43.7574 -6.88366 -13 1.2 1.0 3.1
2021.5644 -39.5379 -5.77339 -8.3 1.2 1.0 3.1
2021.5671 -39.1733 -6.88366 -7.6 1.3 1.0 3.2
2021.5699 -44.7472 -7.32776 -17.9 1.3 1.0 3.1
2021.5726 -42.8197 -6.88366 -13.4 1.2 1.0 3.1
2021.5753 -41.3612 -5.55133 -6.9 1.2 1.0 3.1
2021.5781 -40.6319 -7.32776 -6.5 1.2 1.0 3.2
2021.5808 -35.8915 -4.21901 -0.8 1.2 1.0 3.2
2021.5836 -41.7258 -7.10571 -9.3 1.2 1.0 3.1
2021.5863 -43.4969 -6.32852 -2.4 1.2 1.0 3.1
2021.5890 -51.3629 -5.32928 -17.1 1.2 1.0 3.1
2021.5918 -41.3091 -4.10799 -3.7 1.2 1.0 3.1
2021.5945 -35.7873 -3.77491 -7.2 1.2 1.0 3.1
2021.5973 -40.8402 -7.66084 -1 1.3 1.0 3.3
2021.6000 -44.4867 -4.55209 -9.2 1.3 1.0 3.2
2021.6027 -50.321 -7.10571 -4.9 1.3 1.0 3.2
2021.6055 -41.5695 -6.43955 -8.1 1.2 1.0 3.1
2021.6082 -42.8197 -6.88366 -3.4 1.3 1.0 3.2
2021.6110 -42.7677 -7.43879 -4.2 1.3 1.0 3.1
2021.6137 -38.6003 -9.21522 -9.8 1.3 1.0 3.2
2021.6164 -45.9453 -7.54981 -16.8 1.2 1.0 3.1
2021.6192 -40.8402 -3.88593 -11.4 1.2 1.0 3.1
2021.6219 -40.4756 -4.44107 -5.9 1.2 1.0 3.1
2021.6247 -42.6635 -6.2175 -2.2 1.3 1.0 3.2
2021.6274 -41.7779 -4.77415 -3.9 1.3 1.0 3.2
2021.6301 -44.643 -4.66312 -1.7 1.3 1.0 3.1
2021.6329 -42.8718 -7.10571 -7.7 1.3 1.0 3.1
2021.6356 -46.5183 -3.3308 -13.6 1.3 1.0 3.2
2021.6384 -44.9555 -7.32776 -11.6 1.4 1.1 3.4
2021.6411 -39.2775 -3.88593 -8.2 1.3 1.0 3.1
2021.6438 -43.8616 -8.10495 -5.8 1.3 1.1 3.5
2021.6466 -40.8402 -9.77035 -12.5 1.3 1.0 3.1
2021.6493 -39.6942 -6.32852 -11.1 1.3 1.0 3.2
2021.6521 -42.0905 -4.33004 -1.1 1.3 1.0 3.2
2021.6548 -44.8513 -5.44031 0.3 1.3 1.0 3.2
2021.6575 -40.4235 -7.21673 -2.9 1.3 1.0 3.3
2021.6603 -43.3928 -6.43955 -9 1.4 1.0 3.2
2021.6630 -46.7267 -4.33004 -6.6 1.3 1.0 3.2
2021.6658 -45.2681 -4.66312 -6.5 1.3 1.0 3.2
2021.6685 -45.2681 -6.43955 -6.8 1.4 1.0 3.2
2021.6712 -43.6532 -6.55057 1.8 1.3 1.0 3.3
2021.6740 -38.3919 -3.77491 -8 1.5 1.0 3.4
2021.6767 -42.4551 -5.88441 -3.6 1.5 1.0 3.4
2021.6795 -46.8829 -5.32928 -3.4 1.3 1.0 3.2
2021.6822 -45.9453 -6.55057 -0.9 1.3 1.0 3.3
2021.6849 -46.2057 -5.77339 -4.3 1.3 0.9 3.1
2021.6877 -40.7361 -7.32776 4 1.3 1.0 3.2
2021.6904 -41.257 -9.21522 -2.1 1.3 1.0 3.1
2021.6932 -44.6951 -6.10647 0.6 1.3 0.9 3.1
2021.6959 -42.5593 -7.10571 2.8 1.3 1.0 3.2
2021.6986 -43.1844 -7.43879 8.2 1.3 0.9 3.1
2021.7014 -39.9547 -8.21597 11.2 1.3 0.9 3.1
2021.7041 -43.6011 -7.77187 -4.9 1.3 1.0 3.2
2021.7068 -44.9555 -8.88213 -2 1.3 1.0 3.2
2021.7096 -44.8513 -6.88366 1.8 1.3 1.0 3.1
2021.7123 -42.5593 -5.88441 5.7 1.3 1.0 3.2
2021.7151 -43.6011 -6.88366 4 1.3 0.9 3.1
2021.7178 -39.0691 -6.55057 4.5 1.3 0.9 3.1
2021.7205 -42.6114 -9.10419 3.8 1.3 0.9 3.1
2021.7233 -45.1118 -9.10419 4.5 1.3 0.9 3.1
2021.7260 -40.8402 -6.99468 7.2 1.3 0.9 3.1
2021.7288 -44.7472 -7.99392 4.1 1.3 0.9 3.0
2021.7315 -42.1426 -6.43955 26.9 1.3 1.0 3.2
2021.7342 -42.3509 -6.10647 1.8 1.2 0.9 3.0
2021.7370 -42.7677 -7.8829 -4.2 1.2 0.9 3.0
2021.7397 -39.59 -7.8829 -2.5 1.2 0.9 3.1
2021.7425 -41.5695 -6.10647 9.1 1.3 0.9 3.1
2021.7452 -42.5072 -6.32852 7 1.2 0.9 3.0
2021.7479 -38.8607 -6.77263 8.9 1.2 0.9 3.0
2021.7507 -40.6319 -4.21901 13.4 1.3 0.9 3.1
2021.7534 -45.6848 -6.43955 11.9 1.3 0.9 3.0
2021.7562 -41.3612 -5.99544 2.8 1.3 0.9 3.0
2021.7589 -40.4235 -6.77263 1.8 1.3 0.9 3.0
2021.7616 -39.5379 -8.21597 2.5 1.3 0.9 3.0
2021.7644 -42.6114 -7.77187 7.8 1.3 0.9 3.0
2021.7671 -41.5174 -6.99468 5.2 1.2 0.9 3.1
2021.7699 -44.07 -7.77187 6.6 1.3 0.9 3.0
2021.7726 -45.2681 -8.54906 6.9 1.2 0.9 3.1
2021.7753 -41.83 -7.21673 -0.3 1.3 0.9 3.1
2021.7781 -46.8829 -7.66084 4.9 1.3 0.9 3.1
2021.7808 -42.1946 -6.88366 8.7 1.8 1.1 3.5
2021.7836 -43.1323 -9.32624 4.2 1.2 0.9 3.0
2021.7863 -43.9137 -5.77339 7.9 1.2 0.9 3.0
2021.7890 -45.6327 -6.55057 6.3 1.3 0.9 2.9
2021.7918 -44.5388 -8.10495 5.8 1.2 0.9 3.0
2021.7945 -44.07 -8.66008 4.1 1.3 0.9 3.0
2021.7973 -42.3509 -7.66084 7.6 1.3 1.0 3.0
2021.8000 -47.0392 -9.77035 9.3 1.2 0.9 2.9
2021.8027 -43.1844 -10.7696 9.8 1.3 1.0 3.0
2021.8055 -42.3509 -8.66008 6.5 1.3 1.0 3.0
2021.8082 -44.4346 -6.88366 6.9 1.3 0.9 3.0
2021.8110 -43.9658 -6.88366 10.2 1.3 0.9 3.0
2021.8137 -42.2467 -9.5483 4 1.3 0.9 3.1
2021.8164 -44.643 -10.5475 11 1.3 0.9 3.0
2021.8192 -45.789 -8.10495 12.4 1.2 0.9 2.9
2021.8219 -43.9137 -8.43803 11.1 1.3 0.9 3.1
2021.8247 -45.5806 -8.327 2.8 1.3 0.9 3.1
2021.8274 -43.9137 -7.66084 5.6 1.3 0.9 3.0
2021.8301 -42.4551 -5.66236 5.2 1.3 0.9 3.1
2021.8329 -42.0905 -12.9901 11.8 1.4 1.0 3.2
2021.8356 -44.07 -6.32852 11.6 1.3 0.9 3.1
2021.8384 -44.9034 -8.10495 4.4 1.3 0.9 3.1
2021.8411 -45.4764 -8.99316 2.3 1.3 0.9 3.1
2021.8438 -46.4662 -8.66008 4.3 1.8 1.2 3.8
2021.8466 -43.3928 -9.5483 10.4 1.4 0.9 3.1
2021.8493 -43.2365 -9.21522 5.4 1.4 0.9 3.1
2021.8521 -47.508 -7.43879 4.6 1.4 0.9 3.1
2021.8548 -43.4969 -8.43803 -2.3 1.3 0.9 3.1
2021.8575 -43.0281 -8.327 1.2 1.3 0.9 3.0
2021.8603 -44.8513 -7.77187 9.7 1.3 0.9 2.9
2021.8630 -43.0802 -8.21597 8.8 1.3 0.9 3.0
2021.8658 -43.3407 -9.32624 7.9 1.4 0.9 3.0
2021.8685 -44.2262 -8.10495 7 1.4 1.0 3.2
2021.8712 -42.4551 -9.9924 -0.1 1.4 1.0 3.1
2021.8740 -42.7677 -9.21522 2.1 1.3 1.0 3.1
2021.8767 -42.8718 -8.88213 10.9 1.3 1.0 3.1
2021.8795 -43.4969 -7.99392 7.7 1.4 1.0 3.0
2021.8822 -43.8616 -9.65932 13 1.3 0.9 3.0
2021.8849 -41.8821 -8.43803 3.3 1.3 0.9 3.0
2021.8877 -39.6942 -8.43803 7 1.3 1.0 3.0
2021.8904 -44.4867 -10.1034 13.3 1.3 1.0 3.1
2021.8932 -46.1016 -8.327 16.5 1.3 0.9 3.0
2021.8959 -42.7156 -9.43727 19 1.3 0.9 2.9
2021.8986 -43.9137 -8.54906 10.2 1.3 0.9 3.0
2021.9014 -47.7164 -9.77035 11.5 1.3 0.9 3.0
2021.9041 -43.1323 -9.5483 9.9 1.3 1.0 3.1
2021.9068 -43.9658 -8.88213 15.5 1.3 1.0 3.0
2021.9096 -43.0802 -9.77035 18.1 1.3 0.9 2.9
2021.9123 -45.6327 -8.77111 21.6 1.3 0.9 3.0
2021.9151 -46.4141 -7.77187 14.9 1.4 1.0 3.0
2021.9178 -43.3407 -9.77035 16 1.4 1.0 3.0
2021.9205 -47.2997 -10.1034 21.9 1.3 1.0 3.0
2021.9233 -48.1331 -9.21522 20.6 1.5 1.0 3.2
2021.9260 -43.4969 -8.327 13.6 1.4 1.0 3.0
2021.9288 -44.5909 -10.7696 17.4 1.3 0.9 3.0
2021.9315 -48.8624 -11.4357 25.3 1.3 1.0 3.1
2021.9342 -45.7369 -12.546 13.6 1.4 1.0 3.2
2021.9370 -46.5704 -11.6578 3.8 1.4 1.0 3.2
2021.9397 -44.4346 -9.5483 5.9 1.3 1.0 3.1
2021.9425 -49.6959 -9.10419 7.9 1.3 1.0 3.1
2021.9452 -48.0811 -10.5475 9.1 1.3 0.9 3.1
2021.9479 -46.5704 -9.10419 1.5 1.3 0.9 3.1
2021.9507 -48.5499 -9.9924 3.1 1.3 0.9 3.1
2021.9534 -47.9769 -8.10495 10.4 1.3 0.9 3.1
2021.9562 -45.9453 -6.55057 -1.1 1.3 1.0 3.2
2021.9589 -50.894 -9.21522 5.9 1.3 1.0 3.1
2021.9616 -48.602 -9.21522 14.5 1.3 1.0 3.2
2021.9644 -47.3518 -8.10495 13.3 1.3 1.0 3.2
2021.9671 -47.9769 -9.9924 16.2 1.3 1.0 3.2
2021.9699 -45.9974 -8.54906 12.2 1.3 1.0 3.1
2021.9726 -48.9145 -10.8806 -0.3 1.3 0.9 3.1
2021.9753 -47.5601 -11.1027 -2.9 1.3 1.0 3.1
2021.9781 -50.9461 -9.9924 -3.4 1.4 1.0 3.2
2021.9808 -49.5917 -9.21522 1.1 1.3 1.0 3.2
2021.9836 -47.2997 -10.5475 0.5 1.3 1.0 3.1
2021.9863 -44.9034 -8.99316 -9.3 1.3 1.0 3.1
2021.9890 -44.5388 -12.657 -4.1 1.3 0.9 3.1
2021.9918 -46.3099 -11.3247 -2.7 1.3 0.9 3.1
2021.9945 -45.8932 -10.2145 3.3 1.2 0.9 3.1
2021.9973 -45.9974 -9.43727 5.9 1.3 0.9 3.0
2022.0000 -49.4355 -10.2145 4.7 1.2 0.9 3.0
2022.0027 -48.5499 -9.77035 4.1 1.2 0.9 3.0
2022.0055 -47.7164 -9.88138 6.6 1.2 0.9 3.1
2022.0082 -45.7369 -9.5483 -0.5 1.3 1.0 3.2
2022.0110 -48.1852 -8.43803 1.6 1.2 0.9 3.1
2022.0137 -46.7267 -7.43879 -1.3 1.2 0.9 3.0
2022.0164 -47.5601 -7.99392 3.1 1.2 0.9 3.0
2022.0192 -49.1229 -8.66008 1.7 1.2 0.9 3.1
2022.0219 -49.175 -8.43803 6.8 1.2 1.0 3.1
2022.0247 -47.7685 -6.55057 11.3 1.4 1.0 3.4
2022.0274 -50.321 -10.4365 5 1.2 1.0 3.1
2022.0301 -50.5294 -5.55133 12.4 1.2 0.9 3.0
2022.0329 -48.2894 -8.88213 4.7 1.2 0.9 2.9
2022.0356 -47.4559 -11.6578 6.5 1.2 0.9 3.0
2022.0384 -48.8624 -12.435 10.2 1.2 0.9 3.1
2022.0411 -45.216 -11.6578 5.4 1.3 1.0 3.1
2022.0438 -45.8411 -10.6586 -1.9 1.2 0.9 3.0
2022.0466 -49.1229 -10.4365 -0.6 1.2 0.9 2.9
2022.0493 -50.9461 -10.6586 -1.4 1.2 0.9 3.0
2022.0521 -49.4355 -11.7688 2 1.2 0.9 3.1
2022.0548 -46.3099 -12.324 2.3 1.2 0.9 3.1
2022.0575 -47.3518 -13.2122 -7.2 1.2 0.9 3.1
2022.0603 -47.2997 -5.10723 39.8 1.3 1.0 3.3
2022.0630 -50.5294 -9.32624 2.3 1.2 0.9 3.1
2022.0658 -47.8727 -11.7688 4.4 1.2 1.0 3.1
2022.0685 -51.5712 -11.6578 -4.8 1.3 1.0 3.1
2022.0712 -50.0085 -8.88213 -4.6 1.2 0.9 3.0
2022.0740 -47.6122 -9.43727 2.4 1.2 0.9 2.9
2022.0767 -51.467 -11.1027 1.1 1.2 0.9 2.9
2022.0795 -51.6754 -8.99316 -6.1 1.2 0.9 2.9
2022.0822 -51.988 -10.2145 -4 1.2 0.9 3.0
2022.0849 -50.2168 -10.9916 -12.2 1.2 0.9 3.0
2022.0877 -49.4355 -10.9916 -4.9 1.2 0.9 3.0
2022.0904 -49.8001 -11.9909 -3 1.2 0.9 3.0
2022.0932 -51.1545 -8.88213 -7 1.3 1.0 3.0
2022.0959 -46.4141 -9.10419 -2.5 1.5 1.1 3.3
2022.0986 -47.9769 -12.657 -2.8 1.2 0.9 3.0
2022.1014 -46.6746 -12.7681 -1.9 1.3 0.9 3.1
2022.1041 -48.2894 -10.9916 -5.5 1.3 0.9 3.0
2022.1068 -48.4457 -11.7688 -3.1 1.2 0.9 3.0
2022.1096 -52.3526 -8.99316 -2 1.3 1.0 3.2
2022.1123 -52.3526 -10.3255 -10.6 1.4 0.9 3.0
2022.1151 -49.0708 -8.43803 -14.4 1.2 0.9 3.0
2022.1178 -51.3629 -8.99316 -9.2 1.2 0.9 3.0
2022.1205 -54.853 -9.77035 -5.7 1.2 0.9 3.0
2022.1233 -51.7796 -8.327 -8.6 1.2 0.9 3.0
2022.1260 -49.2271 -8.99316 -7 1.2 0.9 3.0
2022.1288 -47.6643 -9.21522 -3.3 1.3 0.9 3.0
2022.1315 -54.9572 -3.44183 7.9 1.3 0.9 3.0
2022.1342 -29.5883 -0.66616 70.6 1.3 1.0 3.2
2022.1370 -43.6532 -7.66084 62.2 1.3 0.9 3.1
2022.1397 -50.0606 -14.5445 29.2 1.2 0.9 3.0
2022.1425 -51.9359 -19.3186 32.9 1.3 0.9 3.0
2022.1452 -56.6763 -19.7628 44 1.3 1.0 3.1
2022.1479 -62.8231 -14.7665 63.3 1.3 0.9 3.0
2022.1507 -54.8009 -20.5399 34.1 1.4 0.9 3.2
2022.1534 -58.4474 -14.8776 38.2 1.4 1.0 3.3
2022.1562 -49.6959 -10.4365 -1.7 1.3 0.9 3.0
2022.1589 -46.5183 -9.77035 -3.6 1.3 0.9 3.0
2022.1616 -49.9043 -9.65932 3.4 1.3 0.9 3.0
2022.1644 -47.508 -9.5483 3.3 1.3 0.9 3.0
2022.1671 -48.7062 -7.54981 5.7 1.3 0.9 3.0
2022.1699 -46.8829 -9.43727 8.9 1.3 0.9 3.0
2022.1726 -46.0495 -8.21597 1.6 1.3 0.9 3.0
2022.1753 -51.6754 -8.54906 -4.6 1.4 0.9 3.1
2022.1781 -49.9043 -9.77035 -3 1.3 0.9 3.0
2022.1808 -48.9145 -6.99468 -12.1 1.3 0.9 2.9
2022.1836 -48.3936 -8.54906 -9.7 1.2 0.9 2.9
2022.1863 -49.0708 -8.43803 -6.7 1.3 0.9 3.0
2022.1890 -49.4355 -8.99316 -3.5 1.3 0.9 3.0
2022.1918 -50.4252 -7.54981 10.2 1.3 0.9 3.0
2022.1945 -48.3415 -3.10875 24.7 1.3 0.9 3.0
2022.1973 -47.2476 -6.88366 15.2 1.5 0.9 3.0
2022.2000 -48.3936 -6.99468 14.9 1.3 0.9 3.0
2022.2027 -49.5396 -6.77263 19.8 1.2 0.9 3.0
2022.2055 -49.5396 -9.9924 14.9 1.3 0.9 2.9
2022.2082 -51.6754 -10.6586 27.4 1.3 0.9 3.1
2022.2110 -48.9666 -7.77187 0 1.3 0.9 3.1
2022.2137 -50.9461 -9.65932 -0.7 1.3 0.9 3.0
2022.2164 -49.4355 -7.99392 -8.1 1.3 0.9 3.0
2022.2192 -53.134 -11.2137 -2.7 1.2 0.9 3.0
2022.2219 -49.3313 -8.99316 -3.4 1.3 0.9 3.0
2022.2247 -49.748 -8.99316 -6.3 1.3 0.9 3.0
2022.2274 -49.3313 -9.43727 -5.7 1.3 0.9 3.0
2022.2301 -46.1016 -10.9916 2.4 1.3 0.9 3.1
2022.2329 -48.1331 -8.327 -2.9 1.3 0.9 3.0
2022.2356 -50.1126 -7.66084 -1.9 1.3 0.9 3.0
2022.2384 -49.175 -10.5475 -5.4 1.3 0.9 3.1
2022.2411 -49.2271 -10.1034 -2 1.3 0.9 3.0
2022.2438 -49.748 -11.7688 -10.2 1.3 0.9 3.0
2022.2466 -51.3108 -11.1027 -5 1.4 1.0 3.1
2022.2493 -49.5396 -10.9916 -0.8 1.3 1.0 3.1
2022.2521 -53.5507 -9.9924 -2.8 1.3 1.0 3.1
2022.2548 -50.2168 -8.43803 -4.5 1.3 0.9 3.0
2022.2575 -51.0503 -12.2129 -4.9 1.3 0.9 3.0
2022.2603 -48.4457 -12.324 1.9 1.3 0.9 3.0
2022.2630 -51.467 -8.66008 -7.9 1.3 0.9 3.1
2022.2658 -55.3219 -11.4357 -5.1 1.3 0.9 3.1
2022.2685 -51.5712 -10.4365 -14.8 1.3 0.9 3.1
2022.2712 -51.8838 -8.327 -3.8 1.3 0.9 3.0
2022.2740 -50.5815 -14.1004 -6.1 1.4 1.0 3.2
2022.2767 -49.8522 -12.9901 -7.6 1.3 1.0 3.1
2022.2795 -51.6233 -10.9916 -11.1 1.3 0.9 3.1
2022.2822 -51.1545 -9.5483 -18.6 1.3 0.9 3.0
2022.2849 -48.9666 -9.32624 -10.1 1.8 1.1 3.5
2022.2877 -50.5294 -11.4357 -5.7 1.3 0.9 3.1
2022.2904 -52.9256 -9.77035 -5.1 1.3 0.9 3.2
2022.2932 -52.7693 -10.2145 -3.7 1.3 0.9 3.0
2022.2959 -49.5917 -10.8806 -2.6 1.3 0.9 3.0
2022.2986 -50.5294 -10.1034 -8.4 1.3 0.9 3.0
2022.3014 -50.1126 -11.4357 -5 1.3 0.9 3.0
2022.3041 -54.1237 -12.1019 -1.7 1.4 0.9 3.2
2022.3068 -53.4465 -10.2145 1.6 1.3 0.9 3.1
2022.3096 -52.5089 -10.3255 -6.7 1.3 0.9 3.1
2022.3123 -51.6233 -10.7696 -3.5 1.3 0.9 3.1
2022.3151 -50.4252 -11.9909 -4.2 1.3 0.9 3.0
2022.3178 -51.415 -12.1019 -9.7 1.3 0.9 3.0
2022.3205 -51.8317 -8.99316 -15 1.5 1.0 3.3
2022.3233 -55.426 -10.7696 -7.8 1.3 1.0 3.2
2022.3260 -52.4047 -9.10419 -6 1.3 0.9 3.1
2022.3288 -53.6028 -11.8799 -9 1.4 1.0 3.1
2022.3315 -50.6857 -11.2137 -0.1 1.2 0.9 3.0
2022.3342 -52.6131 -11.3247 -2.1 1.3 0.9 3.1
2022.3370 -50.2689 -11.9909 -1.6 1.4 1.0 3.2
2022.3397 -50.894 -12.2129 -3.4 1.4 1.0 3.2
2022.3425 -50.9461 -11.6578 -10.5 1.3 0.9 3.2
2022.3452 -51.8838 -8.99316 0 1.2 0.9 3.1
2022.3479 -50.6857 -9.9924 -9.6 1.2 0.9 3.1
2022.3507 -52.3526 -8.88213 -2.2 1.2 0.9 3.1
2022.3534 -56.9888 -11.2137 0.5 1.3 0.9 3.1
2022.3562 -52.9256 -8.99316 -8.2 1.2 0.9 3.1
2022.3589 -53.8112 -8.66008 -9.1 1.2 0.9 3.0
2022.3616 -51.2066 -9.5483 -4.4 1.3 0.9 3.1
2022.3644 -54.9572 -8.88213 -4.2 1.2 0.9 3.1
2022.3671 -51.8838 -10.6586 -4.9 1.2 0.9 3.2
2022.3699 -54.853 -11.3247 -14.1 1.2 0.9 3.1
2022.3726 -54.5405 -9.65932 -8.1 1.2 0.9 3.1
2022.3753 -54.853 -11.2137 0.9 1.2 0.9 3.1
2022.3781 -51.8317 -12.657 -13.8 1.2 0.9 3.1
2022.3808 -54.5405 -11.3247 -13.2 1.2 0.9 3.1
2022.3836 -55.2698 -12.657 -10.6 1.2 0.9 3.1
2022.3863 -55.6865 -10.6586 -17.8 1.2 0.9 3.1
2022.3890 -53.9675 -9.65932 -11.7 1.2 0.9 3.0
2022.3918 -59.0725 -7.8829 -4.6 1.3 0.9 3.1
2022.3945 -53.3424 -12.546 -7.7 1.2 0.9 3.1
2022.3973 -52.7173 -10.4365 -12.2 1.2 0.9 3.1
2022.4000 -54.8009 -10.4365 -13.7 1.2 0.9 3.2
2022.4027 -54.853 -11.7688 -8.3 1.3 0.9 3.4
2022.4055 -52.7173 -10.3255 -9.5 1.3 0.9 3.1
2022.4082 -56.2595 -11.7688 -17.1 1.4 0.9 3.1
2022.4110 -55.5823 -12.7681 -7.9 1.3 0.9 3.1
2022.4137 -59.5413 -13.7673 -11.4 1.2 0.9 3.1
2022.4164 -55.4781 -14.3224 -13 1.2 0.9 3.1
2022.4192 -55.2177 -11.4357 -14.3 1.3 0.9 3.2
2022.4219 -56.9367 -9.9924 -15.6 1.3 0.9 3.2
2022.4247 -58.5516 -10.3255 -18.9 1.3 0.9 3.1
2022.4274 -53.2382 -11.8799 -9.2 1.2 0.9 3.2
2022.4301 -54.8009 -12.546 -12.5 1.2 0.9 3.2
2022.4329 -62.1459 -13.7673 -6.3 1.4 1.0 3.2
2022.4356 -58.7079 -12.657 -11.2 1.6 1.2 4.0
2022.4384 -56.2074 -11.5468 -1.8 1.2 0.9 3.1
2022.4411 -52.7173 -12.8791 -9 1.3 0.9 3.2
2022.4438 -57.666 -11.1027 -1.2 1.3 0.9 3.1
2022.4466 -50.2689 -13.2122 -3 1.3 1.0 3.2
2022.4493 -55.3219 -10.8806 -14.6 1.3 0.9 3.1
2022.4521 -55.6865 -10.6586 -9.3 1.3 0.9 3.1
2022.4548 -57.0409 -11.4357 -1.5 1.3 1.0 3.2
2022.4575 -57.1451 -11.3247 -18.5 1.2 0.9 3.1
2022.4603 -55.374 -13.8783 -11.9 1.3 1.0 3.1
2022.4630 -58.4474 -13.8783 1.7 1.3 0.9 3.1
2022.4658 -58.1348 -10.8806 -1 1.3 0.9 3.2
2022.4685 -54.9572 -11.8799 -5 1.2 1.0 3.2
2022.4712 -57.1451 -9.88138 0 1.2 1.0 3.2
2022.4740 -56.6763 -11.9909 4.8 1.2 1.0 3.2
2022.4767 -57.5097 -13.5453 -12 1.2 0.9 3.1
2022.4795 -54.9051 -10.3255 -8.6 1.3 1.0 3.3
2022.4822 -57.5618 -9.10419 -5.8 1.3 1.0 3.2
2022.4849 -54.1758 -8.99316 -1 1.3 1.0 3.2
2022.4877 -57.5618 -10.9916 -1.2 1.2 1.0 3.2
2022.4904 -59.906 -13.5453 -16 1.2 0.9 3.1
2022.4932 -57.3535 -15.4327 -10.1 1.2 1.0 3.1
2022.4959 -55.0093 -10.4365 0.3 1.3 1.0 3.1
2022.4986 -53.6028 -14.6555 -8.8 1.2 0.9 3.1
2022.5014 -55.1135 -12.9901 -8.2 1.3 1.0 3.3
2022.5041 -54.2279 -10.5475 -2 1.2 1.0 3.2
2022.5068 -60.1143 -12.324 -1.3 1.4 1.0 3.5
2022.5096 -58.8641 -10.5475 4.6 1.3 1.0 3.5
2022.5123 -58.0827 -9.5483 -6.3 1.3 1.0 3.4
2022.5151 -56.8325 -12.546 -12 1.4 1.0 3.4
2022.5178 -54.4884 -12.546 -7 1.3 1.0 3.4
2022.5205 -58.5516 -11.9909 3.3 1.2 0.9 3.1
2022.5233 -55.1135 -11.5468 2.1 1.2 1.0 3.2
2022.5260 -59.8018 -10.3255 -4 1.3 0.9 3.2
2022.5288 -58.4995 -12.546 6.5 1.3 1.0 3.3
2022.5315 -57.2493 -12.8791 3 1.2 0.9 3.2
2022.5342 -55.5823 -10.8806 -1 1.3 1.0 3.3
2022.5370 -58.9683 -13.2122 -3.6 1.3 1.0 3.3
2022.5397 -59.8539 -10.7696 2.4 1.3 1.0 3.3
2022.5425 -51.3629 -12.8791 -3.7 1.3 1.0 3.3
2022.5452 -56.8325 -11.3247 7 1.3 1.0 3.3
2022.5479 -60.4269 -14.2114 7 1.5 1.1 3.5
2022.5507 -56.8325 -12.324 -11.1 1.3 1.0 3.3
2022.5534 -60.3227 -12.657 6 1.3 1.0 3.3
2022.5562 -59.7497 -12.435 -1.9 1.2 0.9 3.2
2022.5589 -59.8539 -13.5453 -3.9 1.2 1.0 3.1
2022.5616 -57.3535 -12.8791 3.8 1.2 1.0 3.2
2022.5644 -59.0725 -14.1004 -13.6 1.3 1.0 3.2
2022.5671 -59.3851 -3.77491 3.6 1.3 1.0 3.2
2022.5699 -58.239 -10.9916 -5.5 1.2 1.0 3.2
2022.5726 -61.1562 -8.88213 -5.2 1.2 1.0 3.2
2022.5753 -58.812 -8.88213 -9 1.2 1.0 3.1
2022.5781 -60.1664 -11.1027 -1.1 1.3 1.0 3.2
2022.5808 -55.2698 -13.2122 -7 1.3 1.0 3.2
2022.5836 -62.0938 -15.0996 -4.5 1.3 1.0 3.1
2022.5863 -54.3842 -12.657 -6.6 1.3 1.0 3.3
2022.5890 -60.479 -13.1011 -7.5 1.3 1.0 3.2
2022.5918 -61.7292 -9.5483 -11.5 1.3 1.0 3.2
2022.5945 -61.9376 -10.1034 -4.5 1.2 1.0 3.2
2022.5973 -61.7813 -11.5468 -4 1.3 1.0 3.1
2022.6000 -61.052 -12.1019 -4.8 1.4 1.0 3.2
2022.6027 -63.292 -13.1011 3.8 1.4 1.0 3.3
2022.6055 -63.292 -12.435 1.1 1.4 1.0 3.2
2022.6082 -63.1357 -10.5475 8.8 1.3 1.0 3.1
2022.6110 -63.1357 -11.9909 -8.4 1.5 1.0 3.2
2022.6137 -55.1135 -11.9909 -10.6 1.4 1.0 3.2
2022.6164 -64.9068 -9.5483 12.7 1.3 1.0 3.1
2022.6192 -66.1049 -15.3217 3.3 1.3 1.0 3.2
2022.6219 -61.7813 -9.10419 6.3 1.3 1.0 3.2
2022.6247 -60.6353 -12.2129 9 1.3 1.0 3.2
2022.6274 -59.333 -13.8783 5.1 1.3 1.0 3.1
2022.6301 -63.5524 -13.2122 7.2 1.5 1.0 3.4
2022.6329 -66.678 -13.7673 7.1 1.4 1.0 3.3
2022.6356 -60.0623 -9.65932 1.7 1.3 1.0 3.2
2022.6384 -59.1246 -11.9909 -3.3 1.3 1.0 3.1
2022.6411 -63.8129 -11.1027 -1.2 1.4 1.0 3.2
2022.6438 -60.9478 -14.1004 5.9 1.5 1.0 3.5
2022.6466 -59.906 -11.5468 6.8 1.5 1.1 3.6
2022.6493 -60.6353 -12.8791 9 1.3 1.0 3.3
2022.6521 -67.6156 -9.88138 10.4 1.4 1.0 3.3
2022.6548 -62.9273 -7.54981 6.8 1.5 1.0 3.3
2022.6575 -61.7292 -12.8791 7.3 1.4 1.0 3.3
2022.6603 -64.7505 -10.2145 1.7 1.3 1.0 3.4
2022.6630 -58.9162 -12.2129 9.9 1.3 0.9 3.1
2022.6658 -62.9794 -11.8799 9.6 1.3 0.9 3.2
2022.6685 -61.052 -11.1027 13.9 1.3 0.9 3.1
2022.6712 -65.8966 -9.43727 6.7 1.3 0.9 3.1
2022.6740 -59.3851 -12.546 4 1.4 1.0 3.2
2022.6767 -65.4277 -9.21522 4.2 1.8 1.1 3.7
2022.6795 -58.9683 -12.657 6.8 1.4 1.0 3.2
2022.6822 -62.198 -13.1011 9 1.3 0.9 3.1
2022.6849 -66.9384 -11.8799 -0.4 1.3 0.9 3.1
2022.6877 -65.4798 -12.1019 2.7 1.3 0.9 3.1
2022.6904 -55.0614 -11.1027 0.4 1.4 1.0 3.2
2022.6932 -62.0938 -13.1011 -0.1 1.3 0.9 3.0
2022.6959 -64.2296 -12.8791 3.4 1.3 0.9 3.1
2022.6986 -59.9581 -12.324 -1.1 1.3 0.9 3.1
2022.7014 -68.5533 -12.435 3.6 1.3 0.9 3.0
2022.7041 -64.4901 -12.324 2.5 1.3 0.9 3.1
2022.7068 -61.6771 -10.7696 9.8 1.3 0.9 3.2
2022.7096 -61.1041 -11.8799 8.9 1.3 0.9 3.0
2022.7123 -58.6037 -11.9909 3.4 1.3 0.9 3.1
2022.7151 -65.3236 -12.8791 -3.3 1.3 0.9 3.0
2022.7178 -66.1049 -11.4357 6.2 1.2 0.9 3.0
2022.7205 -63.4482 -10.7696 14.3 1.3 0.9 3.1
2022.7233 -58.7599 -12.546 5.6 1.3 0.9 3.0
2022.7260 -62.4064 -11.2137 2.8 1.4 0.9 3.1
2022.7288 -65.2194 -12.1019 7.3 1.3 0.9 3.1
2022.7315 -65.7924 -11.7688 1 1.3 0.9 3.1
2022.7342 -63.3961 -10.7696 8.4 1.3 0.9 3.1
2022.7370 -62.0938 -11.6578 7 1.3 0.9 3.0
2022.7397 -63.5524 -12.546 6.1 1.3 0.9 3.1
2022.7425 -60.3748 -12.324 1.2 1.3 1.0 3.1
