2023.1315 0 0 0 1.6 1.3 4.2
2023.1342 0.0998266 -4.66047 5.7 1.6 1.3 4.2
2023.1370 -0.549046 -3.88373 5.5 1.7 1.6 4.4
2023.1397 -2.39584 -4.21662 9.3 1.7 1.4 4.2
2023.1425 -0.973309 -2.99602 17 1.8 1.5 4.2
2023.1562 4.79168 1.33156 5.7 2.5 2.3 5.0
2023.1589 -1.09809 -5.21529 -14 2.4 2.8 5.8
2023.1616 0.499133 0.443855 11.9 2.0 2.0 5.5
2023.1644 3.71854 -4.10565 -0.4 1.3 1.2 4.0
2023.1671 -2.79514 -0.443855 5.3 2.0 2.0 4.6
2023.1699 -6.76325 -3.99469 14 3.6 3.1 6.7
2023.1726 -1.27279 -5.77011 14 2.3 1.9 5.2
2023.1753 -0.798613 3.6618 6.4 4.8 4.0 7.9
2023.1781 1.64714 -0.332891 11.5 3.2 2.5 5.8
2023.1808 -0.798613 -1.33156 30.9 2.8 2.6 5.2
2023.1836 -7.46204 -1.66445 17.9 2.6 1.9 5.2
2023.1863 2.29601 0.443855 5.4 3.9 2.8 8.1
2023.1890 0 2.99602 -1.2 1.7 1.6 4.4
2023.1918 -7.73656 -5.10433 12.6 1.6 1.3 4.3
2023.1945 -3.84332 -3.43987 22.6 2.0 2.0 4.8
2023.1973 1.27279 -3.21794 5.5 1.5 1.2 3.9
2023.2000 -2.04645 1.44253 19.6 3.3 3.1 6.3
2023.2027 2.34593 -2.4412 17.5 2.5 2.4 5.8
2023.2055 -1.79688 -4.32758 4.3 1.4 1.2 3.9
2023.2082 -4.91646 -4.99336 12 2.2 2.0 4.5
2023.2110 3.54384 -5.65915 12.7 2.1 1.5 4.7
2023.2137 0.823569 -0.332891 12.7 1.9 1.6 4.5
2023.2164 -1.92166 -2.55216 9.5 1.7 1.5 4.4
2023.2192 -2.22114 -1.66445 13 1.9 1.6 5.1
2023.2219 -1.4974 0.110964 12.1 2.1 1.7 5.2
2023.2247 -2.34593 1.88638 6.2 2.3 1.8 5.6
2023.2274 -4.76672 -3.55084 8.9 1.3 1.1 4.0
2023.2301 1.74697 0.443855 14.8 2.4 2.1 5.2
2023.2329 -1.6721 -2.99602 11.8 1.5 1.2 4.1
2023.2356 -2.49567 -2.21927 8.8 1.3 1.2 3.9
2023.2384 -2.69532 -1.33156 6.4 1.8 1.6 4.4
2023.2411 -3.54384 -0.554819 3 1.6 1.3 4.4
2023.2438 -2.67036 -2.99602 5.8 3.3 2.6 5.8
2023.2466 -1.74697 -3.6618 8.2 3.0 2.8 6.1
2023.2493 1.04818 -0.998673 2.8 1.6 1.4 4.2
2023.2521 -5.86481 -1.88638 3.9 1.6 1.3 4.2
2023.2548 1.84679 0.110964 9.5 2.2 2.0 4.6
2023.2575 -2.0714 -3.6618 6.1 1.5 1.3 4.1
2023.2603 0.14974 -2.10831 7.6 1.6 1.4 4.4
2023.2630 -4.41733 -6.87975 7.2 1.5 1.3 4.1
2023.2658 -0.399306 -6.21396 7 1.2 1.1 3.8
2023.2685 -2.47071 -2.99602 0.7 1.3 1.1 3.8
2023.2712 -5.34072 0 9.1 1.4 1.1 4.0
2023.2740 -1.89671 0.332891 9.7 1.6 1.4 4.4
2023.2767 -2.0714 -4.54951 9.2 1.6 1.3 4.0
2023.2795 -3.46897 -2.4412 1.6 1.2 1.1 3.6
2023.2822 -1.42253 -1.33156 -0.3 1.3 1.1 4.0
2023.2849 -2.29601 -1.77542 9.2 1.5 1.3 4.5
2023.2877 -1.59723 0.110964 2.5 2.1 1.9 4.8
2023.2904 -0.698786 -1.44253 10.5 1.5 1.3 4.1
2023.2932 -1.02322 -0.887709 1.5 1.2 1.1 3.8
2023.2959 -2.77019 2.4412 10.7 1.1 1.0 3.7
2023.2986 -0.424263 8.65516 1 1.6 1.3 4.1
2023.3014 -0.648873 1.77542 9.6 1.2 1.0 3.6
2023.3041 0.249567 2.55216 9.9 1.4 1.2 4.0
2023.3068 -1.52236 -1.77542 0.7 1.2 1.1 3.7
2023.3096 -1.84679 0.443855 9.5 1.6 1.6 4.9
2023.3123 -2.69532 -2.55216 12.2 1.7 1.3 4.5
2023.3151 -4.19272 0 -3.6 1.4 1.3 4.5
2023.3178 -5.09116 0.998673 12.5 1.5 1.6 4.4
2023.3205 -3.3941 -1.44253 8.6 2.0 1.9 5.1
2023.3233 -0.923396 -0.887709 -10.3 1.6 1.6 4.3
2023.3260 1.27279 -3.10698 17.1 2.0 2.0 5.2
2023.3288 -0.0998266 3.43987 8 1.1 1.1 3.7
2023.3315 -1.22288 2.10831 -1.2 1.5 1.4 4.3
2023.3342 1.14801 1.33156 9 1.3 1.1 3.7
2023.3370 -0.499133 -1.10964 2.2 1.1 1.1 3.6
2023.3397 0.07487 0.221928 5.8 1.2 1.1 3.6
2023.3425 1.52236 0.554819 7 1.2 1.1 3.8
2023.3452 -2.22114 2.55216 4.1 1.8 1.7 4.4
2023.3479 -0.998266 -0.221927 1 1.2 1.1 3.7
2023.3507 1.62218 -0.221927 12.5 1.9 1.6 4.3
2023.3534 0.0249567 0.665783 2.1 1.3 1.3 4.0
2023.3562 3.91819 -3.10698 6.1 1.7 1.4 4.8
2023.3589 -2.87001 -2.77409 -1.8 1.6 1.5 4.4
2023.3616 1.62218 1.10964 4.9 1.4 1.2 4.0
2023.3644 -1.64714 -1.33156 8.3 1.2 1.1 3.8
2023.3671 -6.01455 1.77542 -2.7 1.3 1.1 3.8
2023.3699 0.52409 0.887709 9.8 1.1 1.1 3.6
2023.3726 -2.2461 -0.443855 10.4 1.6 1.4 4.1
2023.3753 -1.19792 -0.110964 6.3 1.1 1.0 3.5
2023.3781 -3.44402 1.33156 6.1 1.1 1.1 3.6
2023.3808 -2.12132 -3.99469 0.8 1.2 1.2 3.7
2023.3836 -1.12305 -2.4412 5.4 1.9 1.6 4.7
