2003.7918 0 0 0 1.9 1.7 4.8
2012.6712 -166.53 -113.466 -37.6 1.7 1.3 3.7
2012.6740 -168.523 -113.577 -38.5 1.8 1.1 3.5
2012.6767 -154.88 -114.021 -34.8 3.8 1.9 5.2
2013.7397 -181.962 -140.334 -39.1 1.1 0.8 2.6
2013.7425 -184.108 -139.224 -40.4 1.1 0.8 2.6
2013.7452 -182.984 -138.113 -40.5 1.1 0.9 2.6
2013.7479 -180.633 -136.781 -37.8 1.1 0.8 2.6
2013.7507 -182.371 -138.557 -37.5 1.1 0.9 2.6
2013.7534 -176.29 -141.444 -34.6 2.9 1.6 4.6
2014.7808 -190.597 -153.213 -33.4 1.3 1.0 3.1
2014.7836 -189.218 -152.879 -25.9 1.3 1.0 3.1
2014.7863 -188.554 -155.211 -19.3 1.4 1.0 3.1
2014.7890 -188.349 -152.324 -19.3 1.3 1.0 3.1
2014.7918 -187.991 -152.991 -25.4 1.2 1.0 3.0
2014.7945 -183.955 -150.992 -27.4 3.6 2.3 7.5
2015.5699 -211.752 -171.309 -24.9 2.9 2.1 6.5
2015.5726 -212.11 -166.646 -42 1.4 1.0 3.2
2015.5753 -210.526 -163.871 -37.7 1.4 1.0 3.1
2015.5781 -209.759 -167.202 -37.4 1.3 0.9 3.1
2015.5808 -205.825 -165.425 -30.5 1.5 1.0 3.4
2016.4986 -225.855 -176.861 -15.6 2.0 1.3 4.0
2016.5014 -242.769 -182.856 -10.2 1.6 1.2 3.6
2016.5041 -241.185 -177.971 1.7 1.4 1.0 3.1
2016.5068 -228.666 -182.412 -7.4 1.4 1.0 3.3
2017.4986 -240.163 -193.514 57 1.9 1.3 4.2
2017.5014 -253.5 -179.969 59.3 2.0 1.2 4.0
2017.8027 -242.718 -200.287 -0.1 1.2 0.9 2.7
2017.8055 -239.141 -200.287 0.5 1.1 0.8 2.6
2017.8082 -238.63 -200.62 -0.2 1.1 0.8 2.6
2017.8110 -239.499 -199.287 -5.8 1.1 0.8 2.6
2017.8137 -237.148 -204.061 -1.9 1.5 1.4 3.8
2018.4000 -251.66 -212.388 25 1.2 0.9 2.9
2018.4027 -252.938 -213.054 19.5 1.1 0.9 2.6
2018.4055 -250.383 -214.053 18.3 1.1 0.9 2.7
2018.4082 -247.828 -212.943 20.2 1.3 1.1 3.1
