1999.3836 0 0 0 3.0 2.5 6.8
1999.3863 0.108137 -4.21925 2.5 2.8 2.1 5.9
1999.3890 2.21681 -1.22136 -11.9 2.1 1.5 4.2
2000.4027 -17.6804 -8.10541 -28.6 2.7 2.3 6.0
2002.6192 -21.0326 -36.3078 -3.7 4.9 4.0 10.4
2002.6219 -23.8982 -29.8679 -14.1 1.6 1.1 3.6
2002.6247 -23.5197 -30.312 -7.7 1.6 1.1 3.4
2004.7288 -45.5797 -57.9592 25.4 1.4 1.0 3.0
2004.7315 -42.9303 -55.1834 40.9 1.3 1.0 2.9
2005.4658 -50.3917 -69.2846 10.8 1.4 1.0 3.1
2005.4685 -55.2038 -68.2853 12.4 1.5 1.0 3.2
2006.7096 -70.0726 -87.2719 24.1 1.3 0.9 3.0
2006.7123 -66.3419 -87.8271 26.1 1.4 1.0 3.1
2006.7151 -70.9918 -87.8271 26.2 1.6 1.1 3.2
2006.7178 -68.5046 -87.7161 42.3 1.7 1.1 3.6
2008.6219 -79.1021 -99.0414 44.3 1.4 1.0 3.1
2008.6247 -84.1845 -99.9297 34.9 1.4 1.0 3.0
2010.6192 -113.327 -130.131 46.7 1.3 1.0 3.2
2010.6219 -115.328 -133.573 50.4 1.4 1.0 3.3
2011.5205 -112.03 -147.008 37.9 1.2 0.9 2.8
2011.5233 -110.408 -146.23 24.7 1.3 0.9 2.8
2011.7233 -112.949 -136.238 64.4 1.6 1.0 3.2
2011.7260 -126.142 -143.788 44.5 1.6 1.0 3.1
2011.7288 -113.49 -141.123 49 1.5 1.1 3.2
2012.5342 -120.14 -153.448 48.4 3.2 2.0 6.2
2012.5370 -120.086 -157.889 47.8 1.3 0.9 2.9
2012.5397 -109.272 -155.557 47.6 2.8 1.5 4.5
2012.5425 -122.411 -148.784 48.3 2.2 1.6 4.2
2013.6411 -141.01 -167.438 60.4 4.2 2.2 7.3
2013.6438 -134.576 -173.767 86.6 1.8 1.1 3.5
2013.6466 -134.306 -173.1 69.2 1.7 1.0 3.4
2013.6493 -136.739 -173.878 58.4 1.8 1.1 3.5
2013.6521 -128.845 -176.32 70 1.8 1.1 3.7
2015.6137 -162.8 -201.636 95.1 2.0 1.2 4.2
2015.6164 -141.93 -199.415 61.2 2.0 1.2 4.3
2015.6192 -149.175 -200.081 63.2 1.8 1.1 3.9
2015.6219 -157.717 -202.08 72.7 2.4 1.3 4.7
2015.6247 -158.42 -200.415 52 3.9 3.0 7.5
2016.5342 -149.337 -215.737 44.6 1.7 1.0 3.5
2016.5370 -145.282 -213.739 52.4 1.7 1.0 3.5
2016.5397 -139.172 -212.85 54.1 1.8 1.1 3.8
2017.5507 -179.399 -214.738 45.6 2.3 1.3 4.3
2017.5534 -174.479 -212.961 58.2 2.1 1.3 4.5
2017.5562 -174.641 -217.403 59.7 2.3 1.3 4.5
2017.5589 -175.614 -216.959 67.6 2.5 1.4 4.9
2021.5205 -210.164 -258.929 212.4 2.0 1.3 4.3
2021.7452 -220.437 -265.258 121.2 1.4 1.0 3.3
2021.7479 -215.354 -267.923 119.6 1.5 1.1 3.6
2021.7507 -219.41 -266.257 118.5 1.6 1.2 4.0
