2004.3781 0 0 0 1.1 0.9 2.8
2004.3808 -2.36106 2.22042 1.2 1.1 0.9 2.7
2004.7863 -16.3265 2.77552 0 3.7 2.5 7.7
2004.7890 -21.7016 -3.44165 5.5 1.5 1.2 3.4
2004.7918 -17.0298 -4.66288 18.3 1.3 1.0 3.0
2004.7945 -18.9889 -4.44084 9.1 1.3 1.0 3.0
2006.6082 -62.141 -36.859 -9.2 1.1 0.9 2.7
2006.6110 -61.3373 -39.7455 -12.2 1.2 0.9 2.8
2009.4055 -134.43 -82.1555 14.8 1.5 1.1 3.6
2009.4082 -133.827 -82.3776 23.4 1.4 1.0 3.3
2009.4110 -134.178 -82.8216 10.9 1.6 1.1 3.9
2012.6685 -187.126 -137.888 27.1 1.1 0.8 2.6
2012.6712 -186.574 -136.112 21.5 1.3 0.9 2.7
2012.6740 -193.908 -137.111 24.2 1.7 1.0 3.1
2013.5781 -211.39 -147.214 15.5 1.4 1.2 3.3
2013.5808 -209.833 -155.096 36.3 1.2 0.9 2.7
2013.5836 -213.5 -151.1 34.2 1.2 0.9 2.7
2013.5863 -208.376 -150.211 30.5 1.2 0.9 2.8
2013.5890 -207.472 -153.542 30.7 1.4 1.0 3.1
2014.4438 -231.987 -167.198 29.9 1.2 0.9 2.8
2014.4466 -231.183 -166.865 38.5 1.2 0.9 2.8
2014.4493 -230.982 -166.531 40.8 1.4 1.0 3.2
2015.6685 -251.528 -188.292 39.9 1.3 1.0 3.0
2015.6712 -254.241 -186.848 44.6 1.2 0.9 2.7
2015.6740 -252.282 -183.407 46.1 1.1 0.9 2.8
2015.6767 -252.03 -188.181 29.6 1.6 1.1 3.2
2015.6795 -251.428 -184.517 16.8 1.2 0.9 2.8
2016.4795 -271.17 -193.843 31.9 1.3 0.9 3.0
2016.4822 -264.79 -195.841 38 1.5 1.0 3.1
2016.4849 -266.448 -198.505 27.3 1.2 0.9 3.0
2016.4877 -267.051 -196.174 26.9 1.3 0.9 3.0
2016.4904 -268.357 -196.063 23 1.3 0.9 3.0
2018.4658 -308.595 -227.593 38.9 1.3 0.9 3.0
2018.4685 -312.715 -229.924 40.3 1.2 0.9 2.9
2018.4712 -314.473 -228.703 38.9 1.3 0.9 3.0
2018.4740 -309.851 -229.702 46.5 1.3 1.0 3.0
2019.4356 -324.319 -242.47 54.3 1.3 0.9 3.0
2019.4384 -322.36 -241.804 60.8 1.2 0.9 2.9
2019.4411 -326.328 -242.803 58.3 1.3 0.9 3.0
