2005.5178 0 0 0 1.4 0.9 2.9
2005.5205 1.60608 1.22141 -1.4 1.6 1.0 3.0
2006.5479 -20.7682 8.66091 12.7 2.3 2.2 5.5
2006.5507 -23.205 15.9894 7.5 1.3 0.9 2.7
2006.5534 -25.3095 22.3185 1 1.3 0.9 2.7
2006.5562 -22.3743 17.766 8.1 1.3 0.9 2.7
2006.5589 -23.2604 16.5446 -4 1.3 0.9 2.7
2006.5616 -19.9929 21.4302 1.9 1.3 0.9 2.7
2006.5644 -20.879 18.3212 -0.4 1.3 0.9 2.7
2006.5671 -24.5342 16.2115 12.4 1.3 0.9 2.7
2006.5699 -22.762 17.4329 11.4 1.3 0.9 2.7
2007.6055 -61.6401 31.8677 8 1.3 0.9 2.6
2007.6082 -59.5355 32.2008 5.8 1.3 0.9 2.6
2008.5014 -82.2975 54.9635 23.2 1.4 0.9 2.7
2008.5041 -88.8326 54.9635 27.5 1.3 0.9 2.6
2008.5068 -83.5159 52.8538 30.7 1.3 0.9 2.6
2008.5096 -87.3926 54.1862 30.1 1.3 0.9 2.6
2008.5123 -85.9527 55.8518 34.6 1.3 0.9 2.6
2008.5151 -82.9067 52.9648 29 1.3 0.9 2.6
2008.5178 -88.168 52.5207 28.1 1.3 0.9 2.6
2008.5205 -87.5588 55.2966 30.8 1.3 0.9 2.6
2008.5233 -94.26 53.1869 40.2 1.3 0.9 2.6
2008.5260 -87.0604 55.6297 28.7 1.4 0.9 2.6
2008.5288 -86.8942 52.7427 33.1 1.4 1.0 2.6
2008.5315 -87.1711 55.9628 32.6 1.4 0.9 2.6
