2002.4904 0 0 0 1.8 1.4 4.1
2002.4932 5.54286 0.555121 -7.3 1.4 1.1 2.9
2002.4959 8.67354 1.33229 0.1 1.8 1.2 3.5
2002.4986 3.48995 -1.22127 -2.8 1.5 1.2 3.1
2002.5014 0.92381 -1.99844 -6.5 2.2 1.3 3.7
2006.5260 -61.7413 -44.5207 24.9 1.9 1.6 4.1
2006.5288 -60.7148 -44.0766 25.9 1.3 1.0 2.8
2006.5315 -62.819 -41.5231 17.1 1.4 1.0 2.8
2006.5342 -63.8455 -43.8546 19.4 1.5 1.0 2.8
2006.5370 -62.7677 -47.9625 26.5 2.5 1.7 4.4
2011.5151 -147.809 -97.3683 56.9 1.6 1.3 3.7
2011.5178 -148.99 -97.2573 54.2 1.5 1.3 3.6
2011.5205 -143.755 -96.7022 57.6 1.7 1.4 3.9
