1995.6795 0 0 0 3.8 2.5 7.6
1995.6822 -0.619733 -1.44353 13.7 1.8 1.4 4.2
1995.6849 0.450715 -2.10977 9.3 1.8 1.4 4.4
1995.6877 -0.112679 -3.33122 10 1.7 1.5 4.8
1995.6904 -3.60572 -2.44289 6.7 1.7 1.4 4.2
1995.6932 -1.07045 -1.99873 21 1.6 1.3 4.1
1995.6959 -1.97188 -5.44099 17.7 1.7 1.5 4.6
1995.7068 0.676072 -0.777284 17.6 2.2 2.2 6.0
1996.6137 -31.3247 22.4302 36.9 9.1 3.8 11.8
1996.6164 -28.8458 24.54 32.6 1.4 1.0 3.0
1996.6192 -24.9584 25.3173 39.7 1.3 1.0 3.0
1996.6219 -30.1979 25.4283 34.9 1.4 1.1 3.1
1996.6247 -30.1979 24.2068 30.5 1.4 1.2 3.3
1998.6274 -148.173 90.4981 -114.2 28.3 14.8 28.7
1998.6301 -89.9177 79.9492 -138.6 1.4 1.1 3.5
1998.6329 -85.5796 81.5038 -133.5 1.6 1.1 3.4
1998.6356 -91.0445 82.059 -136.5 2.1 1.7 4.9
1999.6329 -140.511 167.449 145.9 63.0 43.1 87.6
1999.6356 -111.327 100.27 80.3 7.0 4.2 9.8
1999.7890 -142.201 121.034 62.2 9.8 5.8 15.9
1999.7918 -140.567 101.935 88.6 1.7 1.1 3.0
1999.7945 -132.454 101.935 83.3 1.9 1.3 3.2
1999.7973 -141.356 103.157 88.6 1.5 1.0 2.8
1999.8000 -137.017 98.1599 101.7 1.6 1.1 3.1
1999.8027 -135.44 101.602 94.5 1.4 1.0 2.8
1999.8055 -137.243 101.935 82.8 1.7 1.2 3.2
2000.4795 -148.06 116.704 81 3.2 2.6 6.3
2000.4822 -153.412 111.596 88.5 2.8 2.3 5.7
2001.4329 -188.005 139.578 99.5 5.4 2.9 9.8
2001.4356 -183.723 138.69 87.4 1.5 1.0 3.2
2001.4384 -181.582 141.022 85.8 1.5 1.1 3.1
2001.4411 -186.765 139.911 86.5 1.5 1.1 3.1
2001.6027 -184.793 154.68 93.2 1.7 1.0 3.2
2001.6055 -188.793 152.57 90.2 1.8 1.1 3.4
2001.6082 -189.92 154.346 96.2 1.6 1.0 3.1
2001.6110 -187.723 150.793 88.2 1.6 1.1 3.1
2002.6301 -231.386 159.454 146.1 4.7 3.5 9.5
2002.6329 -229.301 178.22 119.8 1.4 1.0 2.8
2002.6356 -229.02 176.999 107.7 1.2 0.9 2.6
2002.6384 -236.118 191.545 104.4 23.7 12.9 19.3
2003.5863 -266.936 218.75 140.8 1.2 0.9 2.7
2003.5890 -266.598 216.529 139.3 1.3 0.9 2.8
2004.6822 -303.726 238.737 164.5 1.2 0.9 2.6
2004.6849 -306.655 239.403 163.8 1.2 0.9 2.6
2006.6137 -369.812 295.035 187.6 1.3 0.9 2.7
2006.6164 -373.361 295.923 188.5 1.3 0.9 2.7
2006.6192 -374.882 294.813 187.1 1.3 0.9 2.7
2007.4164 -390.263 316.91 170.9 1.2 0.8 2.4
2007.4192 -391.334 320.019 178.5 1.2 0.8 2.4
2007.4219 -390.432 320.019 179.7 1.2 0.8 2.4
2007.4247 -391.503 317.687 186.4 1.2 0.8 2.4
2007.4274 -392.235 319.131 191.9 1.3 0.9 2.6
2007.7507 -407.559 326.237 179.4 1.2 0.9 2.5
2007.7534 -404.573 325.016 179.3 1.2 1.0 2.7
2010.7068 -503.505 401.967 234.9 1.2 0.9 2.5
2010.7096 -501.421 404.41 238.9 1.1 0.8 2.4
2010.7123 -500.238 403.855 243.5 1.2 0.9 2.5
2012.7178 -567.901 454.822 240.7 2.8 1.9 5.2
2012.7205 -565.76 455.155 249.4 1.1 0.8 2.4
2012.7233 -569.761 453.823 237.5 1.2 0.9 2.5
2017.7671 -733.539 585.406 340.2 2.8 1.7 5.0
2017.7699 -734.272 582.186 347.6 1.1 0.8 2.4
2017.7726 -735.511 581.631 344.8 1.1 0.9 2.5
2019.4740 -795.287 622.938 388.9 1.1 0.8 2.5
2019.4767 -801.259 620.939 380.2 1.1 0.8 2.5
2019.4795 -801.09 622.049 392 1.2 0.9 2.6
