1995.6877 0 0 0 3.3 1.8 5.0
1995.6904 -3.75737 -3.11054 -4.6 2.1 1.3 3.8
1995.6959 -1.32204 -2.55509 -3.4 2.2 1.5 4.3
1995.6986 -14.1945 -4.44363 7.9 2.1 1.3 3.8
1995.7151 -4.10527 -1.77745 -4.3 2.2 1.6 4.6
1995.7178 -6.54061 -4.888 -6.8 2.1 1.3 3.8
1996.6795 -20.8047 -10.8869 12 2.2 1.5 4.5
1996.6822 -25.8841 -14.1085 -2.5 1.5 1.0 2.9
1996.6849 -23.5183 -11.8867 -6.9 1.5 1.0 2.9
1996.6877 -30.3373 -12.9976 0.2 2.0 1.3 3.7
2002.3890 -118.566 -45.1029 22.8 2.2 1.2 3.7
2002.3918 -121.975 -47.5469 8.7 2.2 1.2 3.7
2002.3945 -117.592 -48.88 11.6 2.4 1.4 4.3
2002.3973 -118.427 -49.9909 3.3 1.7 0.9 2.9
2002.5123 -120.723 -51.5461 16.1 1.8 1.6 3.8
2002.5151 -118.844 -48.7689 11.7 1.9 1.1 3.4
2006.4329 -182.163 -72.5423 -7.2 1.8 1.6 3.9
2006.4356 -180.702 -72.6534 -0.4 1.8 1.0 3.3
2006.4384 -181.258 -72.4312 -6.5 1.8 1.5 3.8
2006.4411 -183.554 -70.6538 -6 1.6 1.0 3.2
2006.5534 -192.322 -77.097 -2.4 2.1 1.4 3.9
2006.5562 -183.833 -76.2083 -1.1 1.5 1.0 3.0
2011.4301 -264.268 -104.425 -10.4 1.9 1.2 3.6
2011.4356 -265.938 -111.091 -13.7 1.9 1.2 3.6
2011.4384 -266.217 -110.313 -12.1 1.9 1.2 3.6
