1999.6904 0 0 0 1.7 1.3 4.6
1999.6932 -4.48089 2.66419 3.6 2.5 1.6 5.2
2000.6301 -7.91015 -24.8658 2.6 1.7 1.2 3.8
2000.6329 -6.447 -25.3098 8.5 1.5 1.2 4.0
2003.4356 -3.79504 -113.339 -6.7 2.2 1.4 3.9
2003.4384 -9.83053 -112.229 -9.9 1.6 1.1 3.6
2003.4411 -13.8999 -110.897 -8.7 1.6 1.3 3.5
2004.4356 -14.8601 -145.087 14.3 1.3 0.9 3.0
2004.4384 -18.6551 -143.644 -6.7 1.3 0.9 3.1
2004.4411 -16.2775 -141.424 14.3 1.6 1.0 3.3
2004.4438 -20.987 -143.644 14.6 1.2 0.9 3.0
2004.4466 -19.1124 -147.085 9.5 1.2 0.9 3.0
2005.6767 -20.164 -175.615 -2.4 1.7 1.3 3.7
2005.6795 -15.4088 -174.393 -9.3 1.4 1.0 3.3
2006.6055 -30.7719 -196.04 25.2 1.6 1.3 4.5
2006.6082 -29.2173 -198.482 31.1 1.5 1.3 4.6
2008.6356 -40.2366 -237.557 -25.8 1.5 1.3 3.7
2008.6384 -45.1747 -236.891 -22.7 1.1 0.9 2.6
2008.6411 -44.0316 -236.447 -23.4 1.1 0.9 2.6
2009.4000 -54.4566 -264.31 7.6 1.4 1.0 3.3
2009.4027 -54.4566 -264.532 15.8 1.3 0.9 3.0
2009.4055 -52.2161 -261.646 13.7 1.5 1.0 3.1
2009.4082 -56.377 -260.758 4.9 2.6 1.8 5.7
2012.3808 -70.094 -331.581 3.8 1.3 0.9 2.8
2012.3836 -71.2828 -332.469 -1.4 1.2 0.9 2.8
2012.3863 -74.4834 -332.136 -1 1.3 1.0 2.9
2012.3890 -71.1456 -331.248 1.3 1.4 1.0 3.1
2014.6959 -89.1149 -380.535 -4.5 1.6 1.1 3.4
2014.6986 -83.2623 -381.867 -8.8 2.0 1.2 3.7
2014.7014 -89.5264 -378.981 -2 1.3 0.9 2.9
2014.7041 -88.3376 -381.423 -7.1 1.2 0.9 2.9
2015.6055 -94.2817 -405.29 7.9 2.4 1.3 4.4
2016.4575 -101.597 -417.723 13.7 1.4 0.9 3.1
2016.4603 -99.7228 -417.501 11.3 1.1 0.8 2.7
2016.4630 -99.2655 -420.387 16.5 1.3 0.9 2.7
2016.4658 -102.512 -420.831 19.9 1.2 0.9 2.7
2016.4685 -102.329 -421.719 11.1 1.3 0.9 3.0
2017.6384 -111.931 -443.255 0.3 1.2 0.9 2.9
2017.6411 -112.48 -444.587 4.4 1.6 1.0 3.4
2017.6438 -119.612 -441.811 -1 2.2 1.3 4.2
2017.6466 -109.233 -442.144 4.7 1.6 1.0 3.5
2018.6384 -115.177 -467.787 21.2 1.2 0.9 3.0
2018.6411 -115.132 -466.899 25.5 1.3 0.9 3.2
2018.6438 -114.674 -468.231 16.1 1.5 1.1 3.8
2020.5096 -140.188 -513.745 -5.3 1.5 1.1 3.5
2020.5123 -137.902 -515.299 5.6 1.4 1.0 3.2
2020.5151 -144.897 -514.411 6.3 1.3 0.9 3.1
