2015.7918 0 0 0 1.3 1.0 3.0
2015.7945 -0.797659 -0.555151 0.7 1.4 1.0 3.1
2015.7973 -1.27625 -0.555151 4.7 1.6 1.1 3.5
2015.8000 -3.29699 1.77648 -8.2 1.4 1.0 3.1
2015.8027 -0.691304 1.88751 -6.9 1.4 1.0 3.1
2015.8055 -0.265886 -0.555151 1 1.4 1.0 3.1
2015.8082 2.3398 0.22206 6.8 1.3 1.0 3.0
2015.8110 0.0531767 0.999271 -4.1 1.4 1.0 3.1
2015.8137 -2.55251 0.22206 -1.2 1.3 1.0 3.0
2015.8164 -2.23344 3.10884 0.9 1.4 1.0 3.1
2015.8192 -2.02074 1.33236 -2.5 1.3 1.0 3.0
2015.8219 -3.61605 1.1103 2.2 1.3 1.0 3.0
2015.8247 -2.02074 0.22206 9.9 1.3 1.0 2.9
2015.8274 -2.97792 0 3.2 1.3 1.0 3.0
2015.8301 -2.07391 2.44266 0.6 1.3 1.0 3.0
2015.8329 -3.88194 0.33309 10.4 1.3 1.0 3.0
2015.8356 -6.48762 0.33309 4.5 1.4 1.0 3.0
2015.8384 -7.97658 -0.888241 3.4 1.3 0.9 2.8
2015.8411 -5.63679 -0.777211 -2.9 1.6 1.2 3.4
2015.8438 -2.12709 0.22206 -1.6 1.6 1.1 3.3
2015.8466 -6.16856 -0.999272 -3.3 1.3 0.9 2.9
2015.8493 -7.12575 -4.55224 7.1 1.3 1.0 3.0
2015.8521 -2.28662 -2.2206 4.4 2.0 1.3 3.7
2015.8548 -2.07391 -2.2206 5.5 1.3 1.0 2.9
2015.8575 -4.09465 -0.555151 8.1 1.5 1.1 3.3
2015.8603 -5.74314 -0.999272 7.2 1.4 1.1 3.1
2015.8630 -5.63679 -1.88751 4.7 1.3 1.0 2.9
2015.8658 -6.96622 -3.77502 10.1 1.3 0.9 2.8
2015.8685 -6.70033 -3.88605 9.8 1.4 1.0 2.9
2015.8712 -3.66923 -2.88678 9.5 1.2 0.9 2.8
2015.8740 -4.04147 -5.21842 13.1 1.2 0.9 2.8
2015.8767 -6.32809 -1.88751 6.5 1.3 1.0 2.8
2015.8795 -9.35919 -1.33236 3.8 1.3 0.9 2.8
2015.8822 -6.43444 -0.22206 5.5 1.3 1.0 2.9
2015.8849 -5.21137 -3.66399 12.4 1.2 0.9 2.9
2015.8877 -3.08428 -3.44193 16.9 1.3 1.0 3.0
2015.8904 -2.49933 -2.33163 19.7 1.4 1.0 3.2
2015.8932 -4.99866 -3.44193 10.6 1.3 1.0 3.0
2015.8959 -3.40334 -5.32945 11.5 1.3 0.9 2.8
2015.8986 -1.80803 -3.88605 8.2 1.3 0.9 2.9
2015.9014 -7.39163 -1.22133 4 1.4 1.0 3.2
2015.9041 -11.6458 -7.88314 11.1 1.4 1.0 3.2
2015.9068 -10.7418 -2.99781 -6.3 1.4 1.0 3.2
2015.9096 -9.14648 -6.55078 3.5 1.5 1.0 3.3
2015.9123 -10.1037 -6.77284 1.8 1.4 1.0 3.3
2015.9151 -11.0609 -5.55151 7 1.4 1.0 3.2
2015.9178 -11.4863 -5.44048 6.8 1.3 1.0 2.9
2015.9205 -12.1244 -5.8846 10.5 1.3 0.9 3.0
2015.9233 -9.35919 -5.21842 3.4 1.3 0.9 2.9
2015.9260 -8.402 -6.21769 6.1 1.3 0.9 2.8
2015.9288 -8.13611 -4.88533 -0.3 1.3 0.9 2.9
2015.9315 -8.72106 -2.33163 -2.3 1.3 0.9 2.9
2015.9342 -6.38127 -6.10666 14.8 1.4 1.0 2.9
2015.9370 -3.35017 -5.21842 9.8 1.3 0.9 2.8
2015.9397 -8.8806 -5.32945 3.9 1.3 0.9 2.8
2015.9425 -8.45518 -4.7743 4.6 1.3 0.9 2.9
2015.9452 -8.98695 -4.33018 2.5 1.4 1.0 2.9
2015.9479 -8.77424 -5.99563 6.6 1.3 0.9 2.8
2015.9507 -8.82742 -5.32945 3 1.3 0.9 2.8
2015.9534 -7.07257 -7.10593 10.6 1.3 0.9 2.8
2015.9562 -6.00903 -5.44048 2.8 1.3 0.9 2.8
2015.9589 -9.35919 -5.32945 0.2 1.3 0.9 2.8
2015.9616 -5.68996 -3.10884 -1.7 1.3 0.9 2.9
2015.9644 -6.96622 -3.44193 2.7 1.2 0.9 2.9
2015.9671 -7.65752 -5.66254 9.7 1.2 0.9 2.8
2015.9699 -5.3709 -6.88387 14.9 2.2 1.9 4.3
2015.9726 -9.99732 -6.21769 4.1 1.8 1.2 3.6
2015.9753 -10.6886 -4.88533 1.4 1.3 0.9 2.9
2015.9781 -10.4759 -3.55296 -3.1 1.2 0.9 2.7
2015.9808 -12.7625 -3.66399 -8 1.2 0.9 2.7
2015.9836 -8.66789 -6.32872 -0.8 1.2 0.9 2.7
2015.9863 -4.89231 -6.77284 6.3 1.2 0.9 2.8
2015.9890 -10.5823 -5.55151 0.7 1.2 0.9 2.8
2015.9918 -8.56153 -5.8846 6.2 2.0 1.5 4.0
2015.9945 -6.11538 -4.33018 10 2.4 1.5 4.0
2015.9973 -12.2308 -4.55224 14.1 2.1 1.3 3.8
2016.0000 -9.09331 -1.99854 5 2.9 1.5 4.7
2016.0027 -5.63679 -6.21769 -9.8 2.6 1.5 4.0
2016.0055 -9.5719 -1.99854 2.3 2.6 1.4 4.2
2016.0082 -4.52006 -3.99709 -7.5 2.3 1.4 3.9
2016.0110 -5.10501 -4.55224 7.4 1.9 1.2 3.4
2016.0137 -5.42408 -3.77502 6.4 2.0 1.2 3.5
2016.0164 -8.08294 -5.32945 3.3 1.9 1.3 3.6
2016.0192 -6.38127 -5.8846 4.1 3.3 2.1 5.8
2016.0219 -12.4966 -1.66545 -8.2 1.4 1.0 2.9
2016.0247 -10.0505 -5.10739 -0.4 1.3 0.9 2.8
2016.0274 -8.402 -4.66327 -3.9 1.3 0.9 2.8
2016.0301 -10.0505 -7.55005 6 1.3 0.9 2.7
2016.0329 -10.795 -7.10593 5.2 1.3 0.9 2.8
2016.2356 -11.2204 -6.77284 7.3 1.4 1.0 3.0
2016.2384 -13.0284 -5.66254 -0.9 1.4 1.0 3.0
2016.2411 -11.2736 -4.99636 9.9 1.4 1.0 3.0
2016.2438 -13.2943 -2.2206 -4.3 1.4 1.0 3.2
2016.2740 -12.1776 -5.77357 5.7 1.4 1.0 3.1
2016.2767 -11.4863 -4.88533 4.9 1.4 1.0 3.0
2016.2795 -11.0077 -6.66181 4.3 1.4 1.0 3.1
2016.2822 -13.188 -4.99636 3.2 1.4 1.0 3.1
2016.2849 -12.7625 -6.32872 2.1 1.4 1.0 3.3
2016.2877 -11.7522 -6.43975 8.7 1.5 1.1 3.2
2016.2904 -10.2632 -6.77284 5.9 1.4 1.0 3.0
2016.2932 -13.8793 -8.1052 -2 1.4 1.0 3.1
2016.2959 -15.7405 -5.99563 3.3 1.5 1.0 3.1
2016.2986 -16.4318 -6.66181 1.7 1.4 1.0 3.0
2016.3014 -13.8793 -8.1052 6.1 1.4 0.9 3.1
2016.3041 -15.7405 -8.1052 8.2 1.4 1.0 3.1
2016.3068 -12.7625 -8.32726 -0.5 1.4 0.9 3.0
2016.3096 -14.6237 -8.21623 6.6 1.4 0.9 3.0
2016.3123 -15.9532 -5.77357 1.9 1.3 0.9 3.0
2016.3151 -15.4214 -9.43756 5.9 1.4 1.0 3.1
2016.3178 -14.5174 -8.21623 6.5 1.4 1.0 3.0
2016.3205 -13.6665 -8.54932 5.8 1.4 0.9 3.0
2016.3233 -13.3475 -9.2155 2.9 1.3 0.9 3.0
2016.3260 -10.8482 -9.2155 10.2 1.3 0.9 3.0
2016.3288 -16.7508 -9.43756 6.9 1.3 1.0 2.9
2016.3315 -16.7508 -8.66035 6.4 1.4 1.0 3.0
2016.3699 -22.9194 -8.88241 -3.3 1.4 1.0 3.0
2016.3726 -16.4318 -9.32653 2.8 1.4 1.0 3.1
2016.3753 -17.0699 -10.1037 7.4 1.5 1.0 3.2
2016.3781 -18.0803 -11.214 1.3 1.4 1.0 3.2
2016.3808 -18.3461 -10.5479 4.4 1.4 1.0 3.1
2016.3836 -24.5679 -10.1037 0.8 1.5 1.0 3.3
2016.3863 -19.0906 -7.88314 -9.4 1.4 1.0 3.1
2016.3890 -15.6341 -11.103 1.5 1.5 1.0 3.2
2016.3918 -17.6017 -7.55005 -0.8 1.5 1.0 3.2
2016.3945 -20.7923 -10.5479 1.4 1.5 1.0 3.2
2016.3973 -19.0374 -10.4368 -5.8 1.5 1.0 3.3
2016.4000 -19.6756 -9.32653 -8.1 1.5 1.0 3.2
2016.4027 -20.3137 -8.66035 -4.1 1.4 1.0 3.1
2016.4055 -19.9946 -10.3258 -9.5 1.5 1.0 3.3
2016.4082 -23.2384 -13.1016 -1.6 1.5 1.0 3.3
2016.4110 -23.5575 -9.88168 -11 1.5 1.0 3.1
2016.4137 -17.389 -13.8788 3.2 1.5 1.0 3.3
2016.4164 -22.6003 -11.6582 -3.7 1.5 1.0 3.2
2016.4192 -23.6639 -10.4368 -1.1 1.5 1.0 3.2
2016.4219 -22.1749 -10.1037 -8.7 1.5 1.0 3.2
2016.4247 -22.6003 -12.5464 -7.4 1.5 1.0 3.3
2016.4274 -27.3331 -15.1001 -4.6 1.5 0.9 3.2
2016.4301 -19.7819 -14.9891 3.8 1.6 1.0 3.3
2016.4329 -26.8013 -15.6552 -3.9 1.7 1.1 3.4
2016.4356 -23.5575 -13.3236 -9.3 1.6 1.0 3.3
2016.4384 -25.9505 -16.0994 0.8 1.5 1.0 3.2
2016.4411 -26.0568 -14.9891 -1.6 1.5 1.0 3.2
2016.4438 -28.6625 -16.3214 0.1 1.5 1.0 3.3
2016.4466 -29.992 -13.2126 -5.6 1.5 1.0 3.2
2016.4493 -27.3863 -15.6552 2.3 1.5 1.0 3.3
2016.4521 -29.0879 -17.2097 -5.3 1.5 1.0 3.2
2016.4548 -19.8883 -12.6574 -0.8 1.5 1.0 3.3
2016.4575 -26.0568 -12.9905 -6.5 1.5 1.0 3.3
2016.4630 -27.7053 -12.3243 -3.8 1.5 1.0 3.2
2016.4658 -30.896 -13.2126 -12.2 1.5 1.0 3.2
2016.4685 -28.5562 -18.431 1.5 1.5 1.0 3.2
2016.4712 -29.0348 -15.3222 -12.4 1.5 1.0 3.3
2016.4740 -31.215 -15.5442 3.8 1.8 1.2 3.8
2016.4767 -28.8752 -14.878 -9.3 1.5 1.0 3.2
2016.4795 -30.2578 -14.878 -0.6 1.5 1.0 3.2
2016.4822 -27.4926 -13.3236 -1 1.6 1.0 3.3
2016.4849 -29.9388 -17.9869 -0.9 1.5 0.9 3.2
2016.4877 -31.4809 -16.7656 -4.2 1.5 1.0 3.3
2016.4904 -30.4174 -15.3222 -5.6 1.5 1.0 3.2
2016.4932 -30.5237 -12.6574 -6.2 1.5 1.0 3.2
2016.4959 -27.3863 -14.3229 0.2 1.5 1.0 3.3
2016.4986 -24.4083 -13.3236 -2 1.5 1.0 3.2
2016.5014 -31.0023 -15.7663 -8.1 1.5 1.0 3.2
2016.5041 -30.6301 -14.3229 -5.9 1.5 1.0 3.3
2016.5068 -33.0762 -14.767 1.4 1.5 1.0 3.3
2016.5096 -29.9388 -16.5435 3.1 1.5 1.0 3.3
2016.5123 -30.896 -16.8766 0.2 1.5 1.0 3.2
2016.5151 -31.9063 -13.4346 -5.8 1.5 1.0 3.2
2016.5178 -30.4174 -13.9898 -3.6 1.7 1.0 3.3
2016.5205 -32.119 -13.5457 -3.5 1.8 1.1 3.6
2016.5233 -33.5548 -17.0986 -7.8 1.6 1.0 3.2
2016.5260 -31.9063 -14.656 0 1.5 1.0 3.2
2016.5288 -33.0231 -15.5442 -0.2 1.5 1.0 3.2
2016.5315 -26.5886 -14.2119 4.8 1.6 1.0 3.2
2016.5342 -36.4796 -14.5449 -8.8 1.5 1.0 3.2
2016.5370 -29.4602 -15.9883 -15.4 1.5 0.9 3.2
2016.5397 -23.6639 -13.3236 -11.4 1.5 0.9 3.1
2016.5425 -32.5976 -13.3236 -3 1.5 0.9 3.2
2016.5452 -35.6287 -16.6545 -8.9 1.5 0.9 3.1
2016.5479 -37.0113 -16.6545 7.2 1.5 0.9 3.1
2016.5507 -30.4705 -14.2119 4.6 1.5 1.0 3.2
2016.5534 -28.8752 -14.3229 10.5 1.5 1.0 3.2
2016.5562 -34.8311 -14.2119 -0.8 1.5 1.0 3.2
2016.5589 -35.2033 -15.1001 -2.5 1.5 1.0 3.3
2016.5616 -36.4796 -15.7663 1.9 1.5 1.0 3.3
2016.5644 -38.7662 -15.1001 1.6 1.5 1.0 3.2
2016.5671 -30.311 -13.8788 0.8 1.9 1.1 3.5
2016.5699 -31.7468 -12.6574 -2.5 1.5 1.0 3.2
2016.5726 -37.5963 -16.6545 2.2 1.5 1.0 3.3
2016.5753 -28.9816 -16.5435 11.5 1.6 1.0 3.2
2016.5781 -31.9063 -14.656 2.5 1.6 1.0 3.3
2016.5808 -29.5665 -17.4317 5.9 1.5 0.9 3.1
2016.5836 -31.4809 -14.5449 9.2 1.5 1.0 3.1
2016.5863 -33.7675 -11.4361 3.7 1.5 1.0 3.1
2016.5890 -36.4796 -14.878 11.3 1.5 1.0 3.3
2016.5918 -31.5873 -16.8766 0.8 2.1 1.2 3.6
2016.5945 -42.2759 -19.0972 12.6 1.7 1.1 3.4
2016.5973 -40.9996 -15.4332 1.3 1.6 1.0 3.2
2016.6000 -37.5963 -15.7663 4 1.6 1.0 3.2
2016.6027 -31.2682 -13.8788 -0.1 1.5 1.0 3.3
2016.6055 -32.8635 -15.6552 10.1 1.5 1.0 3.3
2016.6082 -38.8194 -14.5449 -1.5 1.5 1.0 3.2
2016.6110 -38.1812 -15.6552 4.5 1.6 1.0 3.2
2016.6137 -38.2344 -15.4332 6.5 1.5 1.0 3.2
2016.6164 -33.0762 -14.1008 -3.7 1.5 1.0 3.2
2016.6192 -34.7247 -16.0994 7.2 1.5 1.0 3.2
2016.6219 -29.9388 -15.3222 -3.5 1.5 1.0 3.0
2016.6247 -35.8414 -18.431 3.4 1.5 1.0 3.2
2016.6274 -36.4264 -16.3214 0.1 1.7 1.1 3.3
2016.6301 -37.2241 -15.1001 8.6 1.5 1.0 3.1
2016.6329 -36.7455 -18.2089 0.4 1.5 1.0 3.1
2016.6356 -35.3629 -16.4325 14.4 1.7 1.0 3.2
2016.6384 -31.9595 -17.3207 4.1 1.5 1.0 3.1
2016.6411 -29.4602 -15.5442 10.9 1.4 1.0 3.2
2016.6438 -37.1177 -19.0972 1.9 1.5 1.0 3.1
2016.6466 -38.3408 -18.2089 8.4 1.5 1.0 3.3
2016.6493 -38.1812 -15.2111 -4 1.5 1.0 3.2
2016.6521 -35.3097 -13.8788 -4.9 1.5 1.0 3.2
2016.6548 -36.7455 -17.2097 -0.3 1.5 1.0 3.2
2016.6575 -33.7675 -14.2119 -0.8 1.5 1.0 3.2
2016.6603 -30.4174 -14.3229 -0.3 1.5 0.9 3.1
2016.6630 -37.5431 -11.9913 11.8 1.5 1.0 3.1
2016.6658 -27.4926 -18.431 15.8 1.5 1.0 3.2
2016.6685 -28.6093 -14.5449 14.5 1.5 1.0 3.1
2016.6712 -30.5237 -16.2104 9.1 1.7 1.0 3.4
2016.6740 -35.3629 -14.1008 9.3 1.5 1.1 3.3
2016.6767 -32.2786 -11.214 6.7 1.8 1.1 3.3
2016.6795 -31.9595 -13.9898 13.1 1.5 1.0 3.1
2016.6822 -30.311 -14.3229 17.4 1.4 0.9 3.0
2016.6849 -32.0127 -14.3229 14.4 1.4 0.9 3.0
2016.6877 -33.0231 -16.5435 16 1.5 1.0 3.2
2016.6904 -31.0023 -15.3222 12.9 1.6 1.1 3.3
2016.6932 -30.4174 -11.6582 14.6 1.5 1.0 3.1
2016.6959 -29.992 -11.103 10.2 1.4 0.9 3.0
2016.6986 -31.9595 -12.1023 4.9 1.4 1.0 3.0
2016.7014 -29.9388 -16.3214 28.5 1.4 0.9 3.1
2016.7041 -34.2461 -13.9898 19.3 1.5 1.0 3.1
2016.7068 -26.7481 -13.4346 22.5 1.4 1.0 3.1
2016.7096 -30.0983 -14.767 17.5 1.4 1.0 3.2
2016.7123 -21.6963 -13.8788 32.1 1.4 1.0 3.2
2016.7151 -29.1411 -17.2097 24.2 1.4 0.9 2.9
2016.7178 -30.2047 -15.5442 20.8 1.4 0.9 2.9
2016.7205 -26.8013 -12.4354 15 1.4 0.9 2.9
2016.7233 -29.3538 -15.1001 20.2 1.4 0.9 2.9
2016.7260 -28.7157 -15.5442 27.4 1.4 0.9 2.9
2016.7288 -29.1411 -14.878 24.4 1.5 0.9 3.0
2016.7315 -29.6729 -15.3222 25.7 1.5 0.9 3.0
2016.7342 -28.8221 -15.5442 17.3 1.4 0.9 2.9
2016.7370 -29.1411 -15.8773 19.4 1.4 0.9 3.0
2016.7397 -30.3642 -15.1001 19.1 1.5 1.0 3.0
2016.7425 -32.8103 -17.3207 21.9 1.5 1.0 3.2
2016.7452 -28.7157 -15.8773 21.1 1.4 0.9 3.0
2016.7479 -28.1839 -14.767 13 1.6 1.0 3.2
2016.7507 -27.8117 -14.3229 13.2 1.3 0.9 2.8
2016.7534 -25.2592 -13.8788 19.4 1.4 0.9 2.9
2016.7562 -29.1411 -15.2111 18.2 1.4 0.9 2.9
2016.7589 -26.695 -15.2111 27.5 1.4 0.9 2.9
2016.7616 -27.4394 -17.0986 25.4 1.5 1.0 2.9
2016.7644 -24.7806 -14.5449 18.4 1.3 0.9 2.9
2016.7671 -25.7378 -12.9905 17.7 1.3 0.9 2.8
2016.7699 -25.5251 -11.3251 17.8 1.3 0.9 2.7
2016.7726 -25.5251 -15.5442 22 1.3 0.9 2.8
2016.7753 -25.4719 -16.2104 28 1.3 0.9 2.8
2016.7781 -28.2371 -14.5449 24.3 1.3 0.9 2.8
2016.7808 -26.695 -14.767 25.7 1.3 0.9 2.8
2016.7836 -26.695 -15.1001 25.4 1.3 0.9 2.8
2016.7863 -30.4174 -11.103 20 1.7 1.2 3.4
2016.7890 -29.9388 -14.4339 21.8 1.5 0.9 2.9
2016.7918 -27.7053 -14.3229 29.5 1.3 0.9 2.7
2016.7945 -25.5251 -14.4339 30.7 1.2 0.9 2.7
2016.7973 -24.4615 -14.3229 26.5 1.3 0.9 2.7
2016.8000 -27.7585 -16.5435 30.3 1.3 0.9 2.6
2016.8027 -32.2254 -16.4325 25.5 1.2 0.9 2.7
2016.8055 -31.0023 -16.4325 27.8 1.2 0.9 2.7
2016.8082 -26.2164 -16.3214 25.5 1.2 0.9 2.7
2016.8110 -26.9077 -15.2111 27 1.3 0.9 2.7
2016.8137 -30.4705 -17.2097 23.6 1.3 0.9 2.6
2016.8164 -28.6093 -17.4317 30.7 1.2 0.9 2.6
2016.8192 -26.5354 -14.878 31.5 1.4 1.0 2.8
2016.8219 -28.2371 -14.656 32.4 1.3 0.9 2.7
2016.8247 -26.5886 -15.1001 32.3 1.2 0.9 2.6
2016.8274 -29.1943 -17.0986 31.5 1.2 0.9 2.6
2016.8301 -31.8532 -14.2119 20.9 1.4 1.0 2.9
2016.8329 -23.9297 -16.0994 34.2 1.4 0.9 2.8
2016.8356 -28.6093 -16.9876 32.1 1.3 0.9 2.7
2016.8384 -28.4498 -16.9876 35.9 1.3 0.9 2.7
2016.8411 -33.3421 -19.0972 35.3 1.2 0.9 2.7
2016.8438 -33.5548 -18.8751 28.6 1.4 1.0 2.8
2016.8466 -29.1411 -15.9883 37.5 1.2 0.9 2.7
2016.8493 -28.6093 -17.6538 37.4 1.2 0.9 2.7
2016.8521 -28.9284 -17.8759 30.6 1.2 0.9 2.7
2016.8548 -29.6729 -18.32 33.6 1.2 0.9 2.7
2016.8575 -31.0023 -18.8751 30.3 1.2 0.9 2.7
2016.8603 -25.8973 -16.3214 32.8 1.2 0.9 2.7
2016.8630 -26.9077 -17.5428 28.3 1.5 1.0 2.9
2016.8658 -28.9816 -15.6552 31.1 1.4 0.9 2.9
2016.8685 -26.9077 -17.5428 31.1 1.4 0.9 2.9
2016.8712 -24.5147 -18.431 31.3 1.3 0.9 2.8
2016.8740 -29.1411 -17.8759 27.1 1.3 0.9 2.7
2016.8767 -27.8649 -15.2111 28.7 1.2 0.9 2.7
2016.8795 -27.8649 -16.9876 24 1.2 0.9 2.7
2016.8822 -34.193 -15.5442 23.2 1.2 0.8 2.6
2016.8849 -30.9491 -18.0979 24.9 1.2 0.8 2.6
2016.8877 -33.1826 -18.431 32.5 1.2 0.8 2.6
2016.8904 -30.3642 -17.0986 27.1 1.2 0.8 2.6
2016.8932 -31.3214 -17.5428 25.1 1.2 0.8 2.6
2016.8959 -29.9388 -18.542 32.7 1.2 0.8 2.6
2016.8986 -28.0776 -19.5413 25.4 1.2 0.8 2.6
2016.9014 -27.918 -17.7648 25 1.3 0.9 2.7
2016.9041 -33.608 -17.0986 31.8 1.2 0.8 2.5
2016.9068 -30.896 -18.2089 32.1 1.2 0.8 2.6
2016.9096 -31.9595 -16.9876 26.6 1.2 0.9 2.6
2016.9123 -29.0348 -15.5442 29.9 1.2 0.8 2.6
2016.9151 -28.8221 -16.3214 32.7 1.2 0.8 2.6
2016.9178 -32.119 -20.9847 17.4 1.3 0.8 2.6
2016.9205 -29.5665 -21.0957 18 1.3 0.8 2.6
2016.9233 -32.0659 -19.5413 16.9 1.3 0.9 2.7
2016.9260 -33.6612 -18.9862 17 1.3 0.8 2.6
2017.0411 -31.3214 -17.0986 27.9 1.4 0.9 2.9
2017.0438 -31.9063 -18.0979 37.7 1.3 0.8 2.7
2017.0466 -34.193 -19.9854 29.2 1.3 0.9 2.7
2017.0493 -34.193 -17.7648 36.3 1.3 0.8 2.7
2017.0521 -34.7779 -18.0979 33.6 1.3 0.8 2.6
2017.0548 -34.3525 -17.5428 36.4 1.2 0.8 2.6
2017.0575 -36.4796 -17.5428 32 1.2 0.8 2.6
2017.0603 -35.6819 -16.0994 29.1 1.2 0.8 2.6
2017.0630 -34.2993 -18.542 32.2 1.2 0.8 2.6
2017.0658 -31.215 -19.6523 37 1.2 0.8 2.6
2017.0685 -35.1501 -19.8744 33.7 1.3 0.8 2.7
2017.0712 -31.5873 -19.9854 31.3 1.3 0.9 2.8
2017.0740 -31.5873 -18.431 29.2 1.3 0.9 2.9
2017.0767 -34.512 -18.9862 27.7 1.3 0.9 2.8
2017.0795 -35.6819 -20.4295 27.8 1.3 0.9 2.7
2017.0822 -33.6612 -20.4295 29.3 1.3 0.8 2.7
2017.0849 -34.512 -20.6516 28.3 1.3 0.9 2.7
2017.0877 -33.6612 -20.7626 21.9 1.3 0.9 2.8
2017.0904 -33.3421 -19.5413 23.1 1.3 0.8 2.7
2017.0932 -32.2254 -20.5406 38.5 1.2 0.8 2.6
2017.0959 -33.0762 -21.5398 31.4 1.3 0.8 2.7
2017.0986 -35.3097 -20.4295 23.9 1.2 0.8 2.6
2017.1014 -29.0879 -21.4288 34.9 1.2 0.8 2.7
2017.1041 -33.608 -19.9854 22.7 1.2 0.8 2.6
2017.1068 -33.6612 -21.4288 26 1.2 0.8 2.6
2017.1096 -33.3953 -21.6509 27.8 1.2 0.8 2.6
2017.1123 -36.6923 -22.5391 25.6 1.2 0.8 2.6
2017.1151 -37.7558 -22.3171 30.6 1.2 0.8 2.7
2017.1178 -35.5224 -21.8729 17.7 1.2 0.8 2.6
2017.1205 -25.3124 -23.0943 18.4 1.3 0.9 2.7
2017.1233 -34.1398 -17.9869 29.4 1.4 0.9 2.9
2017.1260 -34.0334 -19.3192 29.6 1.4 0.9 2.9
2017.1288 -31.4277 -19.8744 31.6 1.3 0.9 2.8
2017.1315 -37.9154 -20.8737 28.9 1.3 0.9 2.7
2017.1342 -36.4796 -20.6516 29.2 1.3 0.9 2.7
2017.1370 -35.0438 -17.9869 27.2 1.2 0.9 2.7
2017.1397 -37.9685 -19.0972 26.2 1.2 0.8 2.6
2017.1425 -32.2786 -19.7634 28.7 1.2 0.8 2.6
2017.1452 -31.7468 -20.2075 23.3 1.2 0.8 2.6
2017.1479 -33.608 -19.6523 26.5 1.3 0.9 2.7
2017.1507 -38.7662 -17.8759 19.7 1.2 0.8 2.7
2017.1534 -36.6391 -19.3192 30.4 1.2 0.8 2.7
2017.1562 -35.5224 -18.0979 24 1.2 0.9 2.7
2017.1589 -35.7883 -20.8737 29.7 1.3 0.9 2.8
2017.1616 -34.8843 -18.2089 30.5 1.2 0.9 2.7
2017.1644 -39.8297 -18.431 25.9 1.4 1.0 2.8
2017.1671 -37.8622 -19.3192 28.5 1.4 0.9 2.7
2017.1699 -33.5548 -18.8751 29.7 1.3 0.9 2.7
2017.1726 -37.4899 -20.6516 24.4 1.2 0.9 2.6
2017.1753 -35.6287 -19.3192 28.2 1.2 0.8 2.6
2017.1781 -33.1826 -23.9825 36.9 1.3 0.9 2.8
2017.1808 -35.6819 -16.2104 26.5 1.2 0.8 2.6
2017.1836 -35.8946 -16.7656 24.5 1.2 0.8 2.6
2017.1863 -33.2889 -18.9862 27.1 1.2 0.8 2.6
2017.1890 -34.9906 -19.0972 27.2 1.2 0.9 2.6
2017.1918 -33.1826 -20.0965 33.1 1.2 0.9 2.6
2017.1945 -34.6715 -19.3192 32.3 1.2 0.8 2.6
2017.1973 -33.2889 -18.542 32.1 1.2 0.9 2.7
2017.2000 -33.9271 -21.0957 31.6 1.2 0.8 2.6
2017.2027 -35.5756 -20.7626 34.9 1.2 0.8 2.6
2017.2055 -34.4588 -20.2075 32.8 1.2 0.9 2.7
2017.2082 -36.7986 -18.9862 24.1 1.2 0.8 2.6
2017.2110 -33.6612 -20.3185 30.4 1.2 0.8 2.6
2017.2137 -36.7455 -20.4295 27 1.2 0.8 2.6
2017.2164 -31.9595 -22.5391 30.9 1.2 0.8 2.6
2017.2192 -34.193 -21.0957 27.9 1.4 0.9 2.8
2017.2219 -35.416 -20.7626 24.4 1.3 0.9 2.7
2017.2247 -35.097 -19.4303 27.2 1.2 0.9 2.8
2017.2274 -37.2241 -18.9862 28.5 1.3 0.9 2.7
2017.2301 -37.4899 -19.0972 28.7 1.2 0.9 2.7
2017.2329 -34.1398 -19.5413 30.9 1.2 0.9 2.6
2017.2356 -29.8324 -20.4295 32.3 1.5 1.1 3.3
2017.2384 -38.9257 -22.3171 30.2 1.4 0.9 2.9
2017.2411 -38.8725 -20.5406 29.1 1.3 0.9 2.9
2017.2438 -36.4796 -21.3178 31.1 1.3 0.9 2.9
2017.2466 -41.3187 -21.6509 29.1 1.4 0.9 2.9
2017.2493 -38.1812 -21.6509 28.8 1.3 0.9 3.0
2017.2521 -37.9154 -19.3192 27.9 1.3 0.9 2.9
2017.2548 -37.809 -22.206 24.8 1.3 0.9 2.8
2017.2575 -36.8518 -21.2068 29 1.5 1.0 3.0
2017.2603 -38.4471 -21.0957 27.5 1.3 0.9 2.9
2017.2630 -40.202 -22.3171 25.6 1.3 0.9 3.0
2017.2658 -38.6067 -19.8744 26.9 1.3 0.9 2.8
2017.2685 -38.5535 -20.5406 29.1 1.3 0.9 2.9
2017.2712 -37.1709 -20.6516 25.8 1.3 0.9 2.9
2017.2740 -38.8725 -22.6501 26 1.3 0.9 2.9
2017.2767 -40.1488 -19.5413 22 1.4 0.9 2.9
2017.2795 -35.7883 -18.431 20.4 1.3 0.9 2.9
2017.2822 -40.2552 -19.6523 24.3 1.3 0.9 2.9
2017.2849 -40.8933 -19.5413 20.7 1.3 0.9 2.9
2017.2877 -37.0113 -20.2075 24 1.3 0.9 2.8
2017.2904 -38.5535 -21.2068 18.1 1.3 0.9 2.9
2017.2932 -41.4782 -17.0986 19.6 1.3 0.9 2.8
2017.2959 -43.5521 -19.0972 25.4 1.3 0.9 2.8
2017.2986 -38.2344 -18.2089 25.4 1.3 0.9 2.8
2017.3014 -39.1916 -21.2068 21.1 1.4 1.0 3.0
2017.3041 -43.2331 -21.0957 19.6 1.3 0.9 2.8
2017.3068 -41.3187 -18.8751 15.8 1.6 1.2 3.4
2017.3096 -41.9037 -22.206 27.2 1.5 1.1 3.1
2017.3123 -43.818 -21.6509 31.3 1.3 0.9 3.0
2017.3151 -39.1916 -22.206 29 1.3 0.9 2.9
2017.3178 -39.298 -20.7626 23.7 1.3 0.9 2.9
2017.3205 -43.2863 -20.3185 21.7 1.4 1.0 3.0
2017.3233 -42.7545 -19.6523 24.7 1.4 1.0 3.0
2017.3260 -45.4665 -18.8751 24.5 1.3 0.9 2.9
2017.3288 -41.9568 -19.7634 22.2 1.3 0.9 2.9
2017.3315 -41.1592 -20.5406 21.2 1.3 0.9 2.9
2017.3342 -39.9893 -19.8744 20.5 1.3 0.9 2.9
2017.3370 -43.5521 -21.8729 24.2 1.3 0.9 2.9
2017.3397 -43.3926 -18.8751 22.3 1.3 0.9 2.9
2017.3425 -42.3822 -18.7641 27.9 1.4 0.9 3.0
2017.3452 -42.914 -19.3192 17.2 1.3 0.9 3.0
2017.3479 -43.818 -19.8744 25.9 1.3 0.9 2.9
2017.3507 -40.3615 -19.4303 24.1 1.3 0.9 2.9
2017.3534 -41.8505 -21.7619 25.7 1.4 0.9 3.0
2017.3562 -40.1488 -20.6516 24 1.3 0.9 2.9
2017.3589 -39.0853 -17.4317 22.5 1.4 0.9 2.9
2017.3616 -42.3291 -20.4295 22.7 1.3 0.9 2.9
2017.3644 -43.0735 -21.984 27.2 1.4 0.9 3.0
2017.3671 -42.2227 -20.6516 28.3 1.4 0.9 3.0
2017.3699 -42.1695 -21.4288 33.5 1.3 0.9 2.9
2017.3726 -42.4886 -19.7634 21.6 1.4 0.9 2.9
2017.3753 -41.2123 -21.5398 22 1.4 0.9 2.9
2017.3781 -42.6481 -19.2082 16.6 1.4 0.9 3.0
2017.3808 -45.1475 -22.9832 27.3 1.5 0.9 3.1
2017.3836 -42.4886 -21.0957 27.1 1.5 1.0 3.1
2017.3863 -44.2966 -20.7626 26.6 1.4 0.9 2.9
2017.3890 -40.7338 -18.9862 22.8 1.3 0.9 2.9
2017.3918 -44.9879 -19.9854 19.2 1.3 0.9 2.9
2017.3945 -46.7428 -20.5406 19.1 1.3 0.9 2.9
2017.3973 -40.1488 -19.7634 24.3 1.3 0.9 3.0
2017.4000 -42.01 -20.2075 26.9 1.4 0.9 2.9
2017.4027 -44.403 -19.4303 11.7 1.4 0.9 3.0
2017.4055 -45.2006 -19.9854 13.3 1.9 1.2 3.7
2017.4082 -35.6287 -20.7626 26.6 1.4 0.9 3.0
2017.4110 -44.2966 -18.8751 22.4 1.4 0.9 3.0
2017.4137 -42.3291 -20.5406 28.3 1.3 0.9 2.9
2017.4164 -43.9244 -19.5413 21.7 1.4 0.9 3.0
2017.4192 -41.7441 -19.8744 25.2 1.4 0.9 3.1
2017.4219 -37.2241 -20.4295 30.3 1.4 0.9 3.1
2017.4247 -38.2876 -20.6516 22.2 1.4 0.9 3.1
2017.4274 -46.3174 -21.3178 21.3 1.4 0.9 3.0
2017.4301 -39.9893 -19.4303 23.3 1.4 0.9 3.0
2017.4329 -41.2655 -19.8744 24.7 1.4 0.9 3.1
2017.4356 -40.0424 -18.7641 20.1 1.4 0.9 3.1
2017.4384 -41.4251 -19.2082 16.6 1.4 0.9 3.1
2017.4411 -45.1475 -20.8737 28.8 1.4 0.9 3.1
2017.4438 -43.7117 -21.4288 23.2 1.5 0.9 3.1
2017.4466 -43.9244 -17.5428 14.5 1.5 0.9 3.1
2017.4493 -45.4133 -19.3192 28 1.5 0.9 3.2
2017.4521 -42.914 -18.2089 22.8 1.5 1.0 3.2
2017.4548 -43.0735 -19.4303 26.4 1.5 1.0 3.1
2017.4575 -46.2642 -18.431 22 1.7 1.0 3.2
2017.4603 -45.4133 -19.7634 24.1 1.5 0.9 3.2
2017.4630 -42.595 -19.9854 23.3 1.5 0.9 3.1
2017.4658 -46.211 -17.9869 18.2 1.5 0.9 3.2
2017.4685 -49.508 -20.6516 23.5 1.5 1.0 3.1
2017.4712 -50.0929 -19.8744 13.7 1.5 0.9 3.2
2017.4740 -49.2953 -21.3178 16.7 1.5 0.9 3.1
2017.4767 -45.4133 -16.6545 20.3 1.4 0.9 3.1
2017.4795 -44.9348 -18.0979 14.3 1.5 0.9 3.1
2017.4822 -45.8919 -16.2104 9.6 1.5 1.0 3.1
2017.4849 -47.2214 -17.4317 13.2 1.5 0.9 3.1
2017.4877 -48.5508 -20.9847 27.1 1.5 0.9 3.2
2017.4904 -51.6883 -18.7641 20.2 1.5 0.9 3.2
2017.4932 -45.7324 -17.7648 23.5 1.5 0.9 3.1
2017.4959 -41.2655 -20.0965 29.1 1.5 0.9 3.2
2017.4986 -50.1461 -18.431 23 1.5 0.9 3.1
2017.5014 -49.2421 -17.7648 22.1 1.6 1.0 3.2
2017.5041 -51.2628 -18.431 19.7 1.5 0.9 3.1
2017.5068 -45.8919 -20.5406 26.9 1.4 0.9 3.1
2017.5096 -44.9348 -18.542 23 1.5 0.9 3.1
2017.5123 -51.6351 -16.7656 20.5 1.5 1.0 3.2
2017.5151 -53.5495 -18.6531 26.3 1.5 1.0 3.1
2017.5178 -50.997 -18.2089 11.5 1.4 0.9 3.1
2017.5205 -49.7739 -20.8737 22.1 1.6 1.0 3.2
2017.5233 -50.6247 -19.9854 20.2 1.4 0.9 3.2
2017.5260 -53.0177 -18.9862 24.4 1.4 0.9 3.1
2017.5288 -49.3485 -19.8744 18.4 1.5 0.9 3.2
2017.5315 -46.5301 -21.2068 30.1 1.4 0.9 3.0
2017.5342 -51.5287 -15.8773 17.2 1.5 1.0 3.1
2017.5370 -56.8464 -23.4274 22.2 1.5 1.0 3.2
2017.5397 -47.3277 -16.6545 30.1 2.1 1.1 3.8
2017.5425 -50.8374 -15.6552 23.8 1.9 1.1 3.5
2017.5452 -52.22 -17.6538 26.2 1.5 1.0 3.1
2017.5479 -49.2953 -18.32 24.8 1.5 0.9 3.1
2017.5507 -53.4431 -21.984 32.8 1.5 1.0 3.1
2017.5534 -47.8595 -20.9847 26.9 1.5 1.0 3.1
2017.5562 -51.1565 -18.6531 23.7 1.5 0.9 3.1
2017.5589 -53.0177 -21.4288 26.1 1.5 1.0 3.1
2017.5616 -51.1565 -21.984 28.3 1.4 1.0 3.1
2017.5644 -53.124 -17.3207 28.9 1.5 1.0 3.1
2017.5671 -52.805 -20.6516 18.8 1.5 0.9 3.0
2017.5699 -51.3692 -22.7612 26.7 1.5 0.9 3.1
2017.5726 -55.198 -22.5391 31.2 1.4 0.9 3.1
2017.5753 -50.6779 -19.6523 30.8 1.5 0.9 3.1
2017.5781 -52.6454 -20.4295 24.1 1.5 1.0 3.1
2017.5808 -50.7842 -18.0979 19.9 1.4 0.9 3.0
2017.5836 -49.3485 -20.9847 25.1 1.5 0.9 3.1
2017.5863 -50.3588 -21.5398 25.3 1.4 1.0 3.1
2017.5890 -50.1993 -20.6516 31.6 1.5 1.0 3.2
2017.5918 -47.3277 -17.4317 19.6 2.0 1.2 3.8
2017.5945 -49.5612 -19.6523 23.9 1.5 1.0 3.1
2017.5973 -53.124 -19.5413 25.3 1.5 0.9 3.1
2017.6000 -53.3368 -22.5391 41.2 1.4 0.9 3.1
2017.6027 -53.8685 -20.0965 26.9 1.4 0.9 3.1
2017.6055 -54.5067 -22.206 29.5 1.4 0.9 3.1
2017.6082 -53.4963 -21.2068 25.2 1.5 1.0 3.1
2017.6110 -49.6675 -17.9869 22 1.5 1.0 3.2
2017.6137 -50.6247 -21.984 26.5 1.4 0.9 3.1
2017.6164 -54.0281 -21.5398 29.8 1.5 1.0 3.2
2017.6192 -55.4638 -23.5384 30.4 1.5 1.0 3.2
2017.6219 -48.9762 -19.9854 31 1.5 1.0 3.1
2017.6247 -54.3471 -19.8744 24 1.5 1.0 3.1
2017.6274 -56.2615 -21.0957 32.3 1.8 1.1 3.5
2017.6301 -57.6441 -21.5398 34.9 1.5 1.0 3.2
2017.6329 -55.5702 -23.0943 40.3 1.7 1.0 3.3
2017.6356 -59.6648 -20.2075 31 1.5 1.0 3.2
2017.6384 -51.9541 -20.7626 28 1.4 1.0 3.1
2017.6411 -55.198 -21.0957 31.5 1.6 1.0 3.3
2017.6438 -57.1123 -17.4317 36.3 1.9 1.1 3.6
2017.6466 -56.9528 -23.9825 35.3 1.5 1.0 3.2
2017.6493 -56.3679 -19.8744 36.8 1.5 1.0 3.2
2017.6521 -50.6779 -22.095 35.4 1.5 0.9 3.1
2017.6548 -58.5481 -19.8744 34.8 1.4 1.0 3.1
2017.6575 -52.8582 -20.5406 34.6 1.4 1.0 3.1
2017.6603 -54.9321 -21.5398 34.7 1.4 1.0 3.2
2017.6630 -53.4963 -24.6487 37 1.5 1.0 3.1
2017.6658 -61.1538 -20.9847 41.8 1.8 1.1 3.6
2017.6685 -55.4107 -20.2075 35.5 1.7 1.1 3.3
2017.6712 -51.7414 -21.5398 35.4 1.5 1.0 3.2
2017.6740 -56.421 -21.8729 24.9 1.4 0.9 3.1
2017.6767 -52.8582 -22.5391 32.2 1.4 1.0 3.1
2017.6795 -50.3057 -20.4295 30.3 1.5 1.0 3.1
2017.6822 -51.9541 -21.2068 37.2 1.5 1.0 3.2
2017.6849 -59.8244 -21.984 26.5 1.6 1.0 3.3
2017.6877 -56.4742 -25.0928 32.2 1.9 1.4 4.1
2017.6904 -51.1565 -19.4303 35.6 1.4 0.9 3.0
2017.6932 -55.0916 -18.431 37.3 1.4 1.0 3.0
2017.6959 -55.3043 -22.9832 32.8 1.4 1.0 3.1
2017.6986 -54.7725 -20.3185 30.4 1.5 1.0 3.1
2017.7014 -53.2836 -20.3185 29.1 1.5 1.0 3.1
2017.7041 -55.9424 -22.5391 27.6 1.5 1.0 3.2
2017.7068 -54.8789 -17.7648 35.3 1.5 1.0 3.1
2017.7096 -51.2628 -21.6509 34.4 1.5 1.0 3.1
2017.7123 -52.9645 -19.6523 23.3 1.4 1.0 3.0
2017.7151 -55.1448 -23.3163 37 1.5 0.9 3.1
2017.7178 -52.1137 -23.6494 40.2 1.4 0.9 3.0
2017.7205 -51.3692 -21.984 29.3 1.4 0.9 3.0
2017.7233 -51.5819 -21.6509 31.6 1.4 0.9 3.0
2017.7260 -55.3043 -20.4295 33.8 1.4 0.9 3.0
2017.7288 -53.7622 -20.6516 42.9 1.4 0.9 3.0
2017.7315 -52.3796 -18.8751 35.8 1.4 0.9 2.9
2017.7342 -52.1669 -20.5406 40.5 1.4 0.9 3.0
2017.7370 -50.8906 -19.6523 39.1 1.4 0.9 2.9
2017.7397 -47.5404 -18.431 38 1.5 1.0 3.2
2017.7425 -54.5598 -18.8751 41.1 1.7 1.0 3.3
2017.7452 -46.7428 -19.5413 37.5 1.4 0.9 3.0
2017.7479 -50.2525 -20.8737 34.9 1.4 0.9 3.0
2017.7507 -50.7311 -18.6531 35.3 1.3 0.9 2.9
2017.7534 -47.2745 -17.6538 37.9 1.3 0.9 2.9
2017.7562 -49.6143 -21.3178 46.6 1.4 0.9 3.0
2017.7589 -51.5287 -21.2068 40.6 1.4 1.0 3.1
2017.7616 -50.8374 -20.6516 50.5 1.3 0.9 2.9
2017.7644 -47.2214 -19.4303 47.7 1.3 0.9 2.9
2017.7671 -50.3588 -16.5435 32 1.3 0.9 2.9
2017.7699 -50.3588 -19.6523 40.1 1.4 0.9 2.9
2017.7726 -53.1772 -20.9847 34.2 1.3 0.9 3.0
2017.7753 -50.0929 -20.3185 41.7 1.3 0.9 2.9
2017.7781 -49.4016 -17.9869 38.7 1.5 0.9 3.0
2017.7808 -49.6143 -20.6516 44.5 1.5 1.0 3.1
2017.7836 -52.9645 -20.4295 37.6 1.4 1.1 3.2
2017.7863 -51.4756 -20.3185 40 1.5 1.0 3.1
2017.7890 -47.6468 -20.5406 45.9 1.4 0.9 3.0
2017.7918 -47.2214 -20.9847 48.2 1.3 0.9 2.8
2017.7945 -47.7531 -21.984 46.2 1.3 0.9 2.9
2017.7973 -47.1682 -19.0972 42.7 1.2 0.9 2.8
2017.8000 -48.8167 -20.6516 37.9 1.4 0.9 2.8
2017.8027 -49.508 -21.0957 40.6 1.3 0.9 2.8
2017.8055 -47.9127 -20.9847 47.3 1.2 0.9 2.7
2017.8082 -48.1786 -22.4281 46.9 1.2 0.9 2.7
2017.8110 -50.1993 -21.5398 42.3 1.2 0.9 2.8
2017.8137 -48.5508 -19.3192 39.5 1.3 0.9 2.8
2017.8164 -51.4756 -21.984 43.4 1.4 0.9 2.8
2017.8192 -47.0618 -17.8759 50.1 1.4 0.9 3.0
2017.8219 -48.4976 -22.3171 53.6 1.4 0.9 3.0
2017.8247 -49.2421 -20.2075 41.2 1.4 0.9 3.0
2017.8274 -47.3809 -20.8737 38.4 1.3 0.9 2.9
2017.8301 -49.8802 -18.542 35.8 1.4 0.9 3.0
2017.8329 -48.5508 -19.0972 34.6 1.4 0.9 3.0
2017.8356 -49.7207 -20.5406 32.5 1.4 0.9 2.9
2017.8384 -49.1358 -18.6531 32.9 1.4 0.9 3.0
2017.8411 -47.2214 -17.5428 33.9 1.3 0.9 2.9
2017.8438 -47.8595 -20.8737 33.6 1.3 0.9 2.9
2017.8466 -49.2421 -20.6516 42.5 1.3 0.9 2.8
2017.8493 -49.9866 -19.7634 33.9 1.3 0.9 2.7
2017.8521 -39.4043 -21.6509 46.3 1.5 1.0 3.2
2017.8548 -47.9659 -21.5398 50.4 1.6 1.0 3.0
2017.8575 -51.2097 -21.5398 47.7 1.3 0.9 2.7
2017.8603 -49.8271 -21.2068 46.3 1.4 0.9 2.8
2017.8630 -48.4444 -21.5398 39.2 1.3 0.9 2.7
2017.8658 -49.0294 -22.6501 49.1 1.2 0.8 2.6
2017.8685 -48.7103 -22.4281 47.7 1.2 0.8 2.6
2017.8712 -45.5729 -23.5384 43.3 1.3 0.9 2.7
2017.8740 -48.3913 -20.7626 42 1.3 0.9 2.8
2017.8767 -52.0605 -23.2053 47.3 1.2 0.8 2.7
2017.8795 -49.6143 -21.7619 48.7 1.2 0.8 2.6
2017.8822 -50.2525 -22.6501 36.8 1.2 0.8 2.6
2017.8849 -52.2732 -22.4281 43.1 1.2 0.8 2.6
2017.8877 -50.1461 -22.095 48 1.2 0.8 2.6
2017.8904 -48.8167 -23.0943 45.4 1.3 0.9 2.6
2017.8932 -51.7946 -22.3171 44.4 1.2 0.8 2.6
2017.8959 -49.508 -23.6494 48.4 1.2 0.8 2.6
2017.8986 -52.5391 -22.3171 46 1.2 0.8 2.6
2017.9014 -51.7414 -23.8715 40.3 1.2 0.8 2.6
2017.9041 -52.9113 -22.8722 43 1.2 0.8 2.6
2017.9068 -52.6454 -21.984 44.3 1.2 0.8 2.5
2017.9096 -54.4003 -22.6501 43.5 1.2 0.9 2.7
2017.9123 -53.0177 -25.4259 43.3 1.3 0.8 2.7
2017.9151 -57.0592 -24.8707 48.2 1.3 0.9 2.8
2017.9178 -51.901 -25.5369 44.9 1.3 0.9 2.7
2017.9205 -51.4224 -24.4266 39.9 1.3 0.9 2.7
2017.9233 -51.2628 -24.7597 36.4 1.3 0.8 2.7
2017.9260 -48.7635 -25.759 39 1.4 0.9 3.0
2017.9288 -48.5508 -19.0972 40.1 1.6 1.0 3.1
2017.9315 -54.9852 -23.8715 39.6 1.4 0.9 3.0
2017.9342 -54.3471 -25.4259 32.2 1.5 1.0 3.2
2017.9370 -51.3692 -19.3192 34.6 1.5 0.9 3.1
2017.9397 -51.6351 -21.5398 32.5 1.5 0.9 3.1
2017.9425 -51.2097 -20.8737 35.7 1.4 0.9 3.0
2017.9452 -50.2525 -23.8715 39.6 1.5 0.9 3.0
2017.9479 -51.1565 -18.32 32.6 1.4 0.9 2.9
2017.9507 -50.6779 -19.2082 33.4 1.4 0.9 2.9
2017.9534 -50.6247 -21.6509 30.7 1.5 0.9 3.2
2017.9562 -48.9762 -21.8729 44.1 1.4 0.9 2.9
2017.9589 -51.8478 -23.5384 38.1 1.4 0.9 2.8
2017.9616 -52.3264 -21.2068 44.7 1.4 0.9 2.9
2017.9644 -53.6558 -21.7619 36.3 1.3 0.9 2.7
2017.9671 -50.1993 -22.8722 33.1 1.3 0.9 2.7
2017.9699 -52.2732 -21.4288 37.8 1.3 0.8 2.7
2017.9726 -52.7518 -20.5406 37 1.3 0.9 2.7
2017.9753 -53.2836 -21.6509 32 1.3 0.8 2.6
2017.9781 -54.5067 -22.6501 30.9 1.2 0.8 2.6
2017.9808 -56.9528 -24.7597 32.8 1.6 1.1 3.2
2017.9836 -59.8775 -19.9854 25.7 2.9 2.7 6.1
2017.9863 -52.6986 -21.984 35.7 1.3 0.9 2.7
2017.9890 -52.22 -20.8737 35.6 1.2 0.8 2.6
2017.9918 -52.0073 -22.6501 33.8 1.2 0.8 2.6
2017.9945 -53.0709 -21.7619 34.2 1.2 0.8 2.7
2017.9973 -55.0384 -23.6494 35.1 1.5 1.1 3.0
2018.0000 -54.3471 -24.8707 35.3 2.7 2.4 5.7
2018.0027 -52.0073 -25.87 43.6 1.3 0.9 2.7
2018.0055 -51.3692 -23.9825 48.7 1.4 0.9 2.9
2018.0082 -51.3692 -23.6494 39.9 1.4 0.9 3.1
2018.0110 -50.3057 -22.5391 37.3 1.3 0.9 2.8
2018.0137 -53.4963 -23.7604 36.9 1.3 0.9 2.7
2018.0164 -49.8271 -26.2031 40.1 1.3 0.9 2.8
2018.0192 -52.0073 -23.9825 41.6 1.2 0.8 2.6
2018.0219 -54.613 -20.0965 35.6 1.8 1.1 3.5
2018.0274 -53.3899 -23.3163 35.6 1.5 1.1 3.2
2018.0411 -50.4652 -22.9832 37 2.1 1.4 3.9
2018.0630 -58.4418 -37.6392 46.6 2.8 2.7 6.3
2018.0658 -59.2394 -30.5333 36 2.0 1.3 4.0
2018.0712 -59.4521 -32.0877 43.7 1.4 0.9 2.9
2018.0740 -60.303 -30.3112 37.1 2.5 1.4 4.6
2018.0795 -54.5598 -31.7546 46.8 1.5 0.9 3.0
2018.0822 -53.3368 -33.7532 48.6 2.8 1.5 5.0
2018.0877 -57.91 -32.9759 37.3 1.2 0.8 2.6
2018.0904 -56.9528 -34.1973 36.6 1.2 0.9 2.7
2018.0932 -53.6026 -33.309 43 1.2 0.9 2.7
2018.0959 -53.9217 -33.9752 38 1.2 0.9 2.7
2018.0986 -54.7725 -33.9752 41.3 1.3 0.9 2.7
2018.1014 -57.5378 -31.8656 44.4 1.2 0.9 2.7
2018.1041 -53.3368 -34.3083 48.2 1.2 0.8 2.7
2018.1068 -52.805 -34.0863 45 1.3 0.9 2.8
2018.1096 -52.22 -33.8642 45.8 1.2 0.9 2.7
2018.1123 -53.4431 -33.198 42.3 1.2 0.9 2.7
2018.1151 -54.6662 -32.0877 38.2 1.2 0.9 2.7
2018.1178 -49.0294 -35.1966 47.2 1.3 0.9 2.8
2018.1205 -55.6765 -33.4201 46.1 1.4 0.9 3.0
2018.1233 -53.709 -34.6414 44.3 1.3 0.9 3.0
2018.1260 -55.4638 -36.0848 45.3 1.3 0.9 2.9
2018.1288 -54.7725 -34.0863 44.9 1.3 0.9 2.7
2018.1315 -56.1551 -31.8656 41.6 1.2 0.9 2.7
2018.1342 -57.3782 -34.1973 43.1 1.3 0.9 2.7
2018.1370 -54.7725 -36.5289 43.9 1.2 0.9 2.7
2018.1397 -57.325 -35.6407 44.8 1.2 0.9 2.7
2018.1425 -52.0073 -34.7524 42.4 1.2 0.9 2.7
2018.1452 -55.5702 -34.6414 44.5 1.2 0.9 2.7
2018.1479 -57.8036 -34.3083 40.4 1.3 0.9 2.9
2018.1507 -52.6986 -33.4201 41.5 1.2 0.9 2.8
2018.1534 -47.5404 -34.8635 46.5 1.1 0.8 2.6
2018.1562 -48.604 -33.309 44.2 1.2 0.8 2.6
2018.1589 -49.7739 -33.309 48.4 1.2 0.9 2.6
2018.1616 -48.019 -32.0877 46.6 1.2 0.8 2.6
2018.1644 -48.604 -32.8649 39.6 1.1 0.9 2.6
2018.1671 -47.8063 -35.0855 38.3 1.2 0.9 2.6
2018.1699 -47.9659 -34.8635 39.1 1.1 0.8 2.6
2018.1726 -48.4976 -33.087 45.1 1.1 0.8 2.6
2018.1753 -48.7635 -32.4208 45.5 1.2 0.8 2.6
2018.1781 -48.019 -32.3098 46.6 1.2 0.8 2.6
2018.1808 -48.019 -32.8649 46.1 1.1 0.8 2.5
2018.1836 -50.0398 -33.5311 48.1 1.1 0.9 2.6
2018.1863 -51.4224 -35.1966 48.1 1.1 0.9 2.6
2018.1890 -51.3692 -32.8649 42.6 1.2 0.8 2.6
2018.1918 -46.6896 -34.6414 40.5 1.1 0.8 2.5
2018.1945 -50.1993 -36.0848 44.1 1.1 0.8 2.5
2018.1973 -50.7842 -36.0848 46.9 1.1 0.8 2.5
2018.2000 -48.7635 -37.3061 38.9 1.1 0.8 2.5
2018.2027 -51.5287 -34.9745 36.1 1.2 0.8 2.7
2018.2055 -49.8802 -32.0877 43 1.2 0.8 2.6
2018.2082 -50.7842 -31.9767 42.2 1.2 0.8 2.6
2018.2110 -51.2097 -32.6429 40.1 1.2 0.8 2.5
2018.2137 -50.7311 -32.6429 35.9 1.2 0.8 2.6
2018.2164 -51.2097 -32.1987 38.1 1.1 0.8 2.5
2018.2192 -48.0722 -33.087 33.8 1.1 0.8 2.5
2018.2219 -50.997 -33.4201 43.6 1.1 0.8 2.5
2018.2247 -52.7518 -32.9759 40.3 1.1 0.8 2.5
2018.2274 -53.7622 -30.8664 41.9 1.1 0.8 2.5
2018.2301 -53.3899 -33.4201 39.3 1.2 0.8 2.6
2018.2329 -52.805 -33.6421 38.4 1.1 0.8 2.5
2018.2356 -53.6026 -33.8642 47 1.1 0.8 2.5
2018.2384 -53.5495 -33.309 38.2 1.1 0.8 2.5
2018.2411 -51.316 -32.0877 37.1 1.2 0.8 2.5
2018.2438 -52.4859 -32.9759 35 1.1 0.8 2.5
2018.2466 -52.0073 -31.7546 35.5 1.1 0.8 2.5
2018.2493 -54.0281 -34.3083 36.2 1.2 0.8 2.5
2018.2521 -57.1123 -34.8635 41.2 1.1 0.8 2.5
2018.2548 -53.9749 -33.8642 40.7 1.1 0.8 2.5
2018.2575 -56.3679 -33.4201 37.9 1.1 0.8 2.5
2018.2603 -54.1876 -34.5304 43.7 1.2 0.8 2.5
2018.2630 -52.2732 -36.1958 44.8 1.2 0.8 2.5
2018.2658 -54.6662 -34.9745 41.8 1.2 0.8 2.5
2018.2685 -57.325 -35.5296 42.8 1.2 0.8 2.5
2018.2712 -53.3368 -35.3076 45 1.2 0.8 2.6
2018.2740 -55.6765 -35.5296 42.4 1.2 0.9 2.6
2018.2767 -55.517 -33.9752 41.7 1.2 0.8 2.6
2018.2795 -56.1551 -33.4201 41.7 1.2 0.8 2.6
2018.2822 -54.5598 -34.3083 41 1.2 0.9 2.6
2018.2849 -54.5067 -32.5318 43.2 1.1 0.8 2.5
2018.2877 -58.4949 -30.5333 43.8 1.2 0.8 2.5
2018.2904 -56.7933 -32.9759 39.3 1.1 0.8 2.5
2018.2932 -59.6648 -34.5304 37.4 1.2 0.8 2.6
2018.2959 -56.7401 -34.3083 43.7 1.2 0.8 2.6
2018.2986 -57.1655 -34.7524 44.1 1.2 0.8 2.5
2018.3014 -57.9632 -36.0848 47.6 1.5 1.1 3.0
2018.3041 -61.2602 -34.1973 45.4 1.2 0.8 2.6
2018.3068 -58.2291 -33.8642 39.4 1.2 0.8 2.5
2018.3096 -57.2187 -34.7524 42.6 1.2 0.8 2.6
2018.3123 -58.0163 -35.9738 46.9 1.2 0.8 2.6
2018.3151 -57.325 -35.6407 57.7 1.2 0.8 2.6
2018.3178 -61.7388 -36.5289 45.9 1.2 0.8 2.6
2018.3205 -58.1227 -34.3083 44.4 1.2 0.8 2.6
2018.3233 -58.5481 -34.6414 44.1 1.1 0.8 2.5
2018.3260 -60.0903 -34.6414 38.7 1.2 0.8 2.6
2018.3288 -60.6752 -34.7524 42.8 1.2 0.8 2.6
2018.3315 -57.9632 -35.8627 40.4 1.2 0.8 2.6
2018.3342 -65.0889 -33.9752 47.5 1.2 0.8 2.5
2018.3370 -65.2484 -35.8627 39.6 1.2 0.8 2.6
2018.3397 -60.2498 -35.4186 47.3 1.3 0.8 2.6
2018.3425 -64.3976 -35.6407 51.8 1.3 0.8 2.6
2018.3452 -59.9307 -32.4208 38.2 1.2 0.8 2.6
2018.3479 -62.111 -33.6421 41.5 1.2 0.8 2.6
2018.3507 -61.6856 -34.7524 40.2 1.2 0.8 2.6
2018.3534 -64.2913 -33.5311 43.8 1.2 0.8 2.7
2018.3562 -59.7712 -34.9745 43.4 1.2 0.8 2.6
2018.3589 -60.8879 -33.087 47.1 1.2 0.8 2.6
2018.3616 -62.4832 -34.8635 45.1 1.2 0.8 2.6
2018.3644 -60.1434 -33.5311 40.4 1.2 0.8 2.7
2018.3671 -62.2705 -35.4186 42.9 1.2 0.8 2.6
2018.3699 -63.1745 -34.6414 45.8 1.2 0.8 2.6
2018.3726 -61.4197 -32.9759 42.8 1.2 0.8 2.6
2018.3753 -62.8023 -33.7532 40.5 1.2 0.8 2.6
2018.3781 -61.526 -35.4186 44.5 1.2 0.8 2.6
2018.3808 -64.6635 -36.0848 44.1 1.2 0.8 2.6
2018.3836 -65.1421 -34.6414 43.9 1.2 0.8 2.6
2018.3863 -63.015 -35.6407 50.5 1.2 0.8 2.6
2018.3890 -61.6856 -36.1958 43.7 1.2 0.8 2.5
2018.3918 -64.7699 -35.6407 48.2 1.3 0.8 2.6
2018.3945 -64.2913 -37.4172 42.2 1.2 0.8 2.5
2018.3973 -65.6739 -35.3076 40 1.2 0.8 2.6
2018.4000 -64.823 -36.0848 47.8 1.2 0.8 2.5
2018.4027 -63.6 -36.1958 38.2 1.2 0.8 2.6
2018.4055 -60.4625 -35.3076 38.7 1.3 0.9 2.8
2018.4082 -60.5157 -35.8627 38.8 1.1 0.8 2.5
2018.4110 -61.7919 -36.3069 42.6 1.1 0.8 2.5
2018.4137 -62.4832 -36.3069 38.7 1.1 0.8 2.5
2018.4164 -61.7919 -34.8635 36.5 1.3 0.9 2.6
2018.4192 -62.9618 -35.4186 45 1.2 0.8 2.5
2018.4219 -65.2484 -33.9752 38.6 1.2 0.8 2.5
2018.4247 -61.3665 -34.8635 44.1 1.2 0.8 2.5
2018.4274 -60.8879 -37.4172 43 1.1 0.8 2.5
2018.4301 -57.5909 -35.5296 44.1 1.1 0.8 2.5
2018.4329 -65.6739 -32.5318 43.6 1.2 0.9 2.5
2018.4356 -63.4936 -33.4201 34.5 1.2 0.8 2.5
2018.4384 -62.2705 -33.9752 38.3 1.2 0.8 2.5
2018.4411 -64.6635 -35.0855 37.5 1.1 0.8 2.5
2018.4438 -62.5364 -34.3083 40 1.1 0.8 2.5
2018.4466 -62.9618 -32.1987 36.8 1.2 0.8 2.5
2018.4493 -64.0254 -33.8642 42.5 1.1 0.8 2.5
2018.4521 -64.3444 -33.8642 33.5 1.2 0.8 2.5
2018.4548 -63.4404 -34.0863 37.5 1.1 0.8 2.5
2018.4575 -64.504 -34.4193 42 1.1 0.8 2.5
2018.4603 -66.4715 -35.4186 32.5 1.1 0.8 2.5
2018.4630 -60.622 -32.7539 41.9 1.3 0.9 2.6
2018.4658 -61.6856 -33.7532 34.7 1.2 0.8 2.5
2018.4685 -64.7167 -34.1973 37.1 1.2 0.8 2.5
2018.4712 -63.7063 -32.9759 36.7 1.1 0.8 2.5
2018.4740 -70.6193 -33.7532 36.7 1.2 0.8 2.6
2018.4767 -64.5571 -33.6421 40.7 1.2 0.8 2.5
2018.4795 -63.6531 -34.5304 46.3 1.2 0.8 2.5
2018.4822 -63.7063 -32.1987 39.5 1.2 0.8 2.5
2018.4849 -65.0357 -33.309 40.6 1.3 0.9 2.6
2018.4877 -63.7595 -35.0855 36.2 1.2 0.8 2.5
2018.4904 -68.0668 -34.6414 35.7 1.2 0.8 2.5
2018.4932 -65.3016 -36.3069 44.6 1.2 0.8 2.5
2018.4959 -64.4508 -35.5296 41.2 1.2 0.8 2.6
2018.4986 -63.0682 -34.4193 37.6 1.2 0.8 2.6
2018.5014 -63.4936 -33.6421 39.2 1.2 0.8 2.5
2018.5041 -66.8438 -33.8642 37.9 1.2 0.8 2.5
2018.5068 -68.2264 -35.4186 42.1 1.1 0.8 2.5
2018.5096 -68.4923 -33.5311 45.8 1.2 0.8 2.5
2018.5123 -65.3016 -35.3076 43.1 1.2 0.8 2.5
2018.5151 -64.2381 -33.7532 44.3 1.2 0.8 2.5
2018.5178 -64.1849 -35.4186 43.7 1.2 0.8 2.5
2018.5205 -64.7167 -36.5289 51.3 1.1 0.8 2.5
2018.5233 -62.6959 -34.0863 43.9 1.1 0.8 2.5
2018.5260 -67.6414 -36.4179 45 1.2 0.8 2.5
2018.5288 -65.4612 -36.6399 43.5 1.2 0.8 2.5
2018.5315 -66.7906 -36.6399 39.4 1.2 0.8 2.5
2018.5342 -65.0357 -39.0826 40 1.2 0.8 2.5
2018.5370 -64.6635 -37.3061 48.9 1.2 0.8 2.5
2018.5397 -64.7167 -38.3054 43.4 1.3 0.8 2.6
2018.5425 -67.7478 -36.973 50 1.2 0.8 2.5
2018.5452 -67.1097 -36.3069 43.7 1.2 0.8 2.5
2018.5479 -68.1732 -37.3061 43 1.2 0.8 2.5
2018.5507 -69.3431 -34.8635 41.7 1.1 0.8 2.5
2018.5534 -65.9398 -35.0855 41.1 1.2 0.8 2.5
2018.5562 -64.5571 -36.4179 44.9 1.1 0.8 2.5
2018.5589 -68.4391 -36.5289 47.3 1.2 0.8 2.5
2018.5616 -66.2588 -33.9752 47.8 1.2 0.8 2.6
2018.5644 -69.5558 -35.9738 41 1.1 0.8 2.5
2018.5671 -66.0993 -36.6399 50.8 1.1 0.8 2.5
2018.5699 -65.7802 -35.5296 47.3 1.1 0.8 2.5
2018.5726 -67.5882 -37.6392 39.7 1.1 0.8 2.5
2018.5753 -70.4066 -35.5296 45.4 1.2 0.8 2.6
2018.5781 -67.7478 -34.3083 39.6 1.2 0.9 2.6
2018.5808 -65.0357 -36.3069 35.6 1.2 0.8 2.7
2018.5836 -67.801 -35.0855 42.2 1.2 0.8 2.6
2018.5863 -64.0786 -37.5282 58.4 1.2 0.8 2.6
2018.5890 -68.4391 -35.3076 46.7 1.2 0.8 2.5
2018.5918 -64.7167 -36.1958 51.6 1.1 0.8 2.5
2018.5945 -66.7906 -36.1958 49.7 1.1 0.8 2.5
2018.5973 -65.5143 -35.3076 49.3 1.2 0.8 2.6
2018.6000 -64.8762 -35.4186 46.7 1.2 0.8 2.6
2018.6027 -69.2367 -36.0848 49.6 1.2 0.8 2.5
2018.6055 -70.7257 -37.5282 46.3 1.2 0.8 2.5
2018.6082 -69.1304 -35.0855 48.9 1.1 0.8 2.5
2018.6110 -65.3016 -36.751 45.5 1.2 0.8 2.5
2018.6137 -63.015 -37.0841 51.8 1.2 0.8 2.6
2018.6164 -63.1745 -35.3076 48.1 1.2 0.8 2.5
2018.6192 -68.6518 -38.0833 48.9 1.1 0.8 2.5
2018.6219 -68.5454 -36.4179 52.1 1.3 0.9 2.7
2018.6247 -65.9398 -35.7517 46 1.2 0.9 2.6
2018.6274 -69.4494 -35.4186 49.6 1.2 0.9 2.6
2018.6301 -73.5973 -35.6407 39.2 1.2 0.8 2.5
2018.6329 -68.2796 -37.0841 49.2 1.1 0.8 2.5
2018.6356 -66.8438 -39.7488 47 1.2 0.9 2.6
2018.6384 -65.2484 -34.7524 51 1.2 0.8 2.5
2018.6411 -65.1421 -34.1973 48.2 1.2 0.9 2.7
2018.6438 -65.408 -37.1951 45.6 1.2 0.9 2.7
2018.6466 -63.8658 -35.8627 47.9 1.1 0.8 2.5
2018.6493 -63.8658 -38.3054 47.9 1.2 0.8 2.5
2018.6521 -70.6725 -39.4157 48.3 2.1 1.3 3.7
2018.6548 -64.7699 -37.9723 41.8 1.4 0.9 2.7
2018.6575 -65.727 -35.8627 45.4 1.2 0.8 2.6
2018.6603 -68.2796 -36.973 46.4 1.1 0.8 2.5
2018.6630 -65.9929 -36.973 55.6 1.1 0.8 2.5
2018.6658 -67.0565 -35.0855 58.4 1.1 0.9 2.5
2018.6685 -65.8866 -36.973 50.4 1.2 0.8 2.5
2018.6712 -64.6635 -35.6407 45.6 1.1 0.8 2.5
2018.6740 -66.5247 -36.0848 48.6 1.1 0.8 2.5
2018.6767 -67.6414 -36.4179 44.7 1.1 0.8 2.5
2018.6795 -71.6829 -36.3069 47.8 1.2 0.8 2.5
2018.6822 -70.0344 -36.1958 50.7 1.2 0.9 2.6
2018.6849 -66.5247 -36.862 52.6 1.2 0.9 2.5
2018.6877 -66.6842 -35.5296 48.6 1.1 0.8 2.5
2018.6904 -66.2588 -34.9745 52.3 1.1 0.8 2.5
2018.6932 -66.7374 -37.1951 52.4 1.2 0.8 2.6
2018.6959 -71.3107 -36.4179 55.7 1.3 0.9 2.7
2018.6986 -68.8645 -36.6399 50.9 1.1 0.8 2.5
2018.7014 -67.9605 -36.0848 50.8 1.1 0.8 2.5
2018.7041 -66.9501 -36.5289 50.7 1.1 0.8 2.6
2018.7068 -68.3859 -36.6399 47.5 1.1 0.8 2.5
2018.7096 -67.8541 -36.6399 52.2 1.1 0.8 2.5
2018.7123 -70.0344 -36.751 54.4 1.1 0.8 2.5
2018.7151 -70.0344 -35.5296 50.1 1.1 0.8 2.5
2018.7178 -71.4702 -36.1958 46.1 1.1 0.8 2.5
2018.7205 -71.5765 -35.4186 52.4 1.1 0.8 2.5
2018.7233 -68.1732 -35.8627 52.9 1.1 0.8 2.5
2018.7260 -73.4377 -36.1958 62.1 1.3 0.9 2.6
2018.7288 -74.5013 -36.3069 57.7 1.1 0.8 2.5
2018.7315 -76.1498 -37.7502 56.8 1.1 0.8 2.5
2018.7342 -68.0137 -35.7517 55.7 1.1 0.8 2.5
2018.7370 -69.928 -34.7524 53.1 1.1 0.8 2.5
2018.7397 -72.4274 -35.1966 56.4 1.1 0.8 2.5
2018.7425 -73.0123 -35.4186 55.9 1.1 0.8 2.5
2018.7452 -69.3431 -36.862 48.8 1.1 0.8 2.5
2018.7479 -72.1615 -36.4179 56.9 1.1 0.8 2.5
2018.7507 -73.81 -34.8635 62 1.2 0.8 2.5
2018.7534 -71.8956 -34.8635 56.4 1.1 0.8 2.5
2018.7562 -74.6076 -36.1958 59.9 1.1 0.8 2.5
2018.7589 -72.7996 -36.4179 57.3 1.1 0.8 2.6
2018.7616 -73.3314 -36.973 61.2 1.1 0.8 2.5
2018.7644 -72.2678 -34.9745 59.5 1.1 0.8 2.5
2018.7671 -72.6401 -33.8642 58.5 1.1 0.9 2.5
2018.7699 -74.129 -32.4208 60.2 1.2 0.9 2.5
2018.7726 -76.0434 -34.6414 55.9 1.1 0.8 2.5
2018.7753 -70.8321 -39.9708 57 1.1 0.8 2.5
2018.7781 -76.4157 -37.0841 59.6 1.1 0.8 2.5
2018.7808 -72.4806 -35.3076 62.4 1.1 0.8 2.6
2018.7836 -72.2147 -30.8664 63.2 1.1 0.8 2.6
2018.7863 -76.3093 -33.6421 60.1 1.1 0.8 2.5
2018.7890 -72.002 -34.8635 58.1 1.1 0.8 2.5
2018.7918 -74.129 -36.0848 66.1 1.2 0.8 2.5
2018.7945 -77.5856 -36.751 60.5 1.2 0.8 2.5
2018.7973 -76.203 -33.7532 65.2 1.1 0.8 2.5
2018.8000 -71.5234 -33.309 56.9 1.1 0.8 2.5
2018.8027 -73.81 -36.5289 62.1 1.1 0.8 2.5
2018.8055 -72.4806 -37.3061 60.6 1.1 0.8 2.5
2018.8082 -75.3521 -36.3069 56.7 1.2 0.8 2.5
2018.8110 -74.3418 -37.9723 61.1 1.1 0.8 2.5
2018.8137 -74.3949 -36.3069 67.7 1.2 0.9 2.6
2018.8164 -72.6933 -34.5304 61.9 1.1 0.8 2.5
2018.8192 -72.002 -37.0841 61.7 1.1 0.8 2.5
2018.8219 -72.6401 -37.4172 61.2 1.1 0.8 2.5
2018.8247 -72.906 -36.1958 62.6 1.1 0.8 2.4
2018.8274 -75.4585 -36.6399 58.1 1.1 0.8 2.5
2018.8301 -73.3314 -37.8613 62 1.1 0.8 2.4
2018.8329 -72.5337 -37.1951 49.8 1.1 0.8 2.4
2018.8356 -73.0123 -37.0841 50.6 1.1 0.8 2.4
2018.8384 -72.1083 -38.6385 53 1.1 0.8 2.4
2018.8411 -73.1187 -37.8613 54.9 1.1 0.8 2.4
2018.8438 -74.3949 -37.6392 54.6 1.1 0.8 2.4
2018.8466 -71.8424 -36.3069 45.9 1.4 0.9 2.6
2018.8493 -71.5765 -38.4164 47.1 1.1 0.8 2.4
2018.8521 -72.321 -38.4164 46.2 1.1 0.8 2.4
2018.8548 -71.7892 -38.1944 53.6 1.1 0.8 2.4
2018.8575 -71.7892 -38.4164 54.2 1.1 0.8 2.4
2018.8603 -69.6622 -37.7502 51 1.1 0.8 2.5
2018.8630 -72.0551 -38.7495 47 1.1 0.8 2.4
2018.8658 -74.0759 -35.6407 55.6 1.2 0.8 2.5
2018.8685 -73.3846 -36.751 60 1.1 0.8 2.4
2018.8712 -74.3418 -35.1966 58.9 1.1 0.8 2.4
2018.8740 -73.4909 -36.1958 55.7 1.1 0.8 2.4
2018.8767 -71.6829 -34.6414 55.5 1.1 0.8 2.4
2018.8795 -72.6401 -35.0855 52.5 1.1 0.8 2.5
2018.8822 -72.2678 -35.0855 44.8 1.1 0.8 2.5
2018.8849 -75.9902 -35.4186 59.9 1.2 0.8 2.5
2018.8877 -74.2886 -35.4186 50.5 1.1 0.8 2.5
2018.8904 -73.5973 -36.5289 44.6 1.1 0.8 2.5
2018.8932 -73.6505 -35.1966 51.5 1.1 0.8 2.5
2018.8959 -75.5648 -36.1958 44.6 1.1 0.8 2.5
2018.8986 -75.0862 -36.751 45.4 1.1 0.8 2.5
2019.1890 -79.5531 -40.637 64.3 1.1 0.8 2.5
2019.1918 -80.5103 -40.3039 60.9 1.1 0.8 2.4
2019.1945 -78.9682 -41.3032 58.6 1.2 0.8 2.5
2019.1973 -79.1277 -40.0819 58.9 1.1 0.8 2.5
2019.2000 -77.2665 -39.1936 60.3 1.1 0.8 2.4
2019.2027 -79.1809 -42.9687 64.5 1.1 0.8 2.5
2019.2055 -78.5428 -41.0811 61.4 1.1 0.8 2.5
2019.2082 -81.627 -40.1929 57.7 1.1 0.8 2.5
2019.2110 -80.9357 -40.7481 62 1.1 0.8 2.5
2019.2137 -85.3494 -41.5253 53.4 1.1 0.8 2.5
2019.2164 -79.0745 -38.9716 53.7 1.1 0.8 2.5
2019.2192 -79.9785 -39.0826 57 1.1 0.8 2.5
2019.2219 -80.404 -37.4172 55.6 1.1 0.8 2.6
2019.2247 -81.7866 -37.4172 51.5 1.1 0.8 2.4
2019.2274 -83.8605 -37.9723 50.5 1.1 0.8 2.4
2019.2301 -82.8501 -37.0841 51.5 1.1 0.8 2.5
2019.2329 -81.627 -36.1958 53 1.1 0.8 2.5
2019.2356 -81.9993 -34.7524 49.2 1.1 0.8 2.4
2019.2384 -82.4779 -36.0848 48.6 1.1 0.8 2.5
2019.2411 -80.8294 -35.4186 48.4 1.1 0.8 2.4
2019.2438 -81.4675 -36.862 50.7 1.1 0.8 2.5
2019.2466 -82.212 -35.4186 50.9 1.1 0.8 2.5
2019.2493 -81.7866 -35.6407 48.7 1.1 0.9 2.5
2019.2521 -78.9682 -38.4164 51.7 1.1 0.8 2.5
2019.2548 -86.1471 -36.0848 51.7 1.1 0.8 2.5
2019.2575 -81.4675 -37.5282 51.6 1.1 0.8 2.5
2019.2603 -81.4675 -36.3069 58.7 1.1 0.8 2.4
2019.2630 -79.7658 -36.862 58.4 1.1 0.8 2.5
2019.2658 -80.8294 -35.1966 58.8 1.1 0.8 2.6
2019.2685 -83.3287 -38.0833 54.6 1.1 0.8 2.5
2019.2712 -84.4986 -40.3039 56.8 1.1 0.8 2.5
2019.2740 -80.723 -37.6392 54.7 1.2 0.9 2.5
2019.2767 -82.7438 -38.6385 58.4 1.1 0.8 2.5
2019.2795 -79.6063 -38.8605 57.5 1.1 0.8 2.5
2019.2822 -81.4143 -38.4164 58.8 1.1 0.8 2.5
2019.2849 -81.0421 -38.7495 51.5 1.1 0.8 2.4
2019.2877 -79.3404 -37.8613 54.8 1.1 0.8 2.4
2019.2904 -82.3715 -37.6392 56.6 1.1 0.8 2.4
2019.2932 -80.8826 -37.6392 57.3 1.1 0.8 2.5
2019.2959 -81.5739 -38.8605 59.1 1.1 0.8 2.5
2019.2986 -80.5103 -38.4164 51.3 1.1 0.8 2.6
2019.3014 -81.1484 -38.1944 54.6 1.1 0.8 2.5
2019.3041 -82.1588 -37.5282 58.8 1.1 0.8 2.5
2019.3068 -81.8929 -38.8605 58.3 1.1 0.8 2.5
2019.3096 -81.627 -39.0826 54.9 1.1 0.8 2.5
2019.3123 -84.8177 -37.7502 57.2 1.1 0.8 2.5
2019.3151 -83.4351 -38.5275 54.6 1.1 0.8 2.5
2019.3178 -78.4364 -37.9723 51 1.1 0.8 2.4
2019.3205 -80.404 -36.862 51.8 1.1 0.8 2.5
2019.3233 -81.4675 -37.9723 53.5 1.1 0.8 2.5
2019.3260 -81.3611 -38.0833 48.6 1.1 0.8 2.4
2019.3288 -83.116 -37.5282 56.8 1.1 0.8 2.5
2019.3315 -81.0421 -38.5275 51.4 1.1 0.8 2.5
2019.3342 -81.3611 -38.5275 54.5 1.2 0.8 2.5
2019.3370 -79.4468 -38.8605 49 1.1 0.8 2.6
2019.3397 -80.9889 -37.9723 50.3 1.2 0.8 2.5
2019.3425 -82.531 -37.0841 54.4 1.1 0.8 2.4
2019.3452 -82.7969 -38.0833 61.4 1.1 0.8 2.4
2019.3479 -81.627 -41.6363 58 1.1 0.8 2.5
2019.3507 -82.4247 -38.9716 59.1 1.1 0.8 2.5
2019.3534 -83.3819 -39.6378 55.7 1.1 0.8 2.5
2019.3562 -82.1056 -39.3047 49.5 1.1 0.8 2.5
2019.3589 -79.9254 -39.5267 56.2 1.2 0.9 2.5
2019.3616 -84.2327 -38.0833 55.1 1.1 0.8 2.5
2019.3644 -81.3611 -39.3047 48 1.1 0.8 2.5
2019.3671 -81.5207 -39.5267 56.2 1.3 1.0 2.9
2019.3699 -82.6906 -38.0833 55.1 1.1 0.8 2.5
2019.3726 -82.531 -37.5282 57.7 1.1 0.8 2.5
2019.3753 -83.2755 -37.4172 56.1 1.1 0.8 2.5
2019.3781 -81.308 -39.4157 49.7 1.1 0.8 2.5
2019.3808 -83.5946 -39.0826 57.8 1.1 0.8 2.5
2019.3836 -83.7009 -37.4172 52.4 1.1 0.8 2.5
2019.3863 -82.4247 -36.862 51.6 1.1 0.8 2.5
2019.3890 -80.9357 -38.8605 50.3 1.1 0.8 2.5
2019.3918 -83.5414 -39.7488 50.1 1.1 0.8 2.5
2019.3945 -78.8086 -41.1922 52.4 1.1 0.8 2.5
2019.3973 -81.4143 -39.4157 46.3 1.1 0.8 2.5
2019.4000 -77.7983 -38.5275 44.5 1.1 0.8 2.5
2019.4027 -82.3183 -38.6385 52.6 1.2 0.8 2.5
2019.4055 -80.0317 -37.6392 50.3 1.1 0.8 2.5
2019.4082 -83.6478 -37.4172 49.5 1.2 0.8 2.5
2019.4110 -81.0421 -38.0833 51.4 1.1 0.8 2.5
2019.4137 -79.9785 -38.5275 50.4 1.1 0.8 2.5
2019.4164 -78.011 -38.5275 51.6 1.2 0.8 2.5
2019.4192 -80.0317 -39.5267 52.8 1.1 0.8 2.5
2019.4219 -83.5946 -38.6385 45.4 1.2 0.8 2.5
2019.4247 -82.9565 -38.6385 45.7 1.2 0.8 2.5
2019.4274 -80.723 -40.3039 45.2 1.1 0.8 2.5
2019.4301 -78.6491 -38.5275 51.6 1.2 0.8 2.6
2019.4329 -84.9772 -36.862 43 1.2 0.8 2.5
2019.4356 -86.2003 -37.4172 41.1 1.2 0.8 2.5
2019.4384 -81.7866 -38.7495 48.8 1.2 0.8 2.5
2019.4411 -83.116 -39.1936 49.7 1.1 0.8 2.5
2019.4438 -80.2444 -38.1944 51 1.2 0.8 2.6
2019.4466 -81.3611 -36.6399 46 1.2 0.8 2.6
2019.4493 -81.9461 -39.6378 50.8 1.2 0.8 2.6
2019.4521 -82.3715 -39.3047 48.3 1.2 0.8 2.6
2019.4548 -80.5635 -37.7502 53.1 1.1 0.8 2.5
2019.4575 -78.1705 -38.3054 45.3 1.3 0.9 2.8
2019.4603 -79.9785 -39.0826 50.4 1.2 0.8 2.6
2019.4630 -82.4247 -38.6385 46.2 1.2 0.8 2.6
2019.4658 -85.5621 -38.4164 49 1.2 0.9 2.6
2019.4685 -88.0615 -39.4157 43.2 1.3 0.9 2.6
2019.4712 -76.3625 -48.076 45.2 1.2 0.8 2.6
2019.4740 -86.8916 -39.9708 51.6 1.2 0.8 2.6
2019.4767 -81.4675 -34.8635 48.8 1.1 0.8 2.6
2019.4795 -82.7969 -40.8591 53.5 1.1 0.8 2.5
2019.4822 -81.6802 -39.3047 45.2 1.2 0.8 2.6
2019.4849 -87.7956 -41.1922 39.6 1.1 0.8 2.5
2019.4877 -79.0745 -38.5275 48 1.1 0.8 2.5
2019.4904 -80.8826 -40.415 46.1 1.1 0.8 2.6
2019.4932 -83.8073 -37.5282 51.5 1.1 0.8 2.5
2019.4959 -84.8177 -37.8613 46.5 1.2 0.8 2.5
2019.4986 -83.0096 -39.9708 51.4 1.2 0.8 2.5
2019.5014 -85.1367 -41.4142 43.1 1.1 0.8 2.5
2019.5041 -84.2859 -41.0811 52.1 1.2 0.8 2.5
2019.5068 -83.7541 -41.4142 59.4 1.1 0.8 2.5
2019.5096 -83.9137 -39.1936 53.7 1.1 0.8 2.5
2019.5123 -81.9461 -40.637 48.7 1.1 0.8 2.5
2019.5151 -82.0525 -41.0811 56.5 1.1 0.8 2.5
2019.5178 -83.4351 -38.4164 63 1.1 0.8 2.5
2019.5205 -85.1367 -38.1944 53.1 1.2 0.8 2.6
2019.5233 -80.0849 -39.1936 56.3 1.3 0.8 2.7
2019.5260 -83.1692 -39.0826 59.8 1.2 0.8 2.5
2019.5288 -83.3819 -39.1936 59 1.1 0.8 2.5
2019.5315 -80.4571 -38.8605 54.9 1.2 0.8 2.6
2019.5342 -81.8929 -39.7488 57.8 1.2 0.8 2.6
2019.5370 -80.8826 -39.6378 57.5 1.2 0.8 2.6
2019.5397 -85.9344 -39.0826 55.9 1.2 0.8 2.6
2019.5425 -77.3729 -41.3032 51.1 1.2 0.8 2.6
2019.5452 -86.0939 -42.0804 58.2 1.2 0.8 2.6
2019.5479 -85.1899 -39.0826 53.3 1.2 0.8 2.7
2019.5507 -84.3922 -40.7481 61.9 1.1 0.8 2.5
2019.5534 -82.7438 -40.637 59.5 1.2 0.8 2.5
2019.5562 -82.1056 -37.1951 63.5 1.2 0.8 2.6
2019.5589 -82.3183 -36.0848 63 1.2 0.8 2.6
2019.5616 -84.8708 -37.3061 56.7 1.2 0.8 2.6
2019.5644 -84.9772 -39.7488 62.5 1.1 0.8 2.5
2019.5671 -84.605 -40.415 62.9 1.2 0.8 2.6
2019.5699 -87.2106 -37.5282 67.5 1.1 0.8 2.5
2019.5726 -84.02 -39.3047 59.3 1.1 0.8 2.5
2019.5753 -85.2963 -40.415 60 1.2 0.9 2.6
2019.5781 -85.5621 -39.1936 57.6 1.1 0.8 2.5
2019.5808 -88.221 -37.9723 60.7 1.1 0.8 2.5
2019.5836 -87.7956 -40.7481 65.3 1.1 0.8 2.5
2019.5863 -85.2963 -39.1936 55.4 1.2 0.8 2.6
2019.5890 -86.3598 -39.1936 58.6 1.1 0.8 2.5
2019.5918 -88.806 -39.5267 68.3 1.1 0.8 2.5
2019.5945 -86.7852 -36.751 65.5 1.5 0.9 2.8
2019.5973 -85.6685 -37.9723 65.8 1.1 0.8 2.5
2019.6000 -86.8384 -37.9723 63.7 1.2 0.9 2.6
2019.6027 -83.9137 -35.1966 61.3 1.2 0.9 2.6
2019.6055 -86.5193 -41.1922 63 1.1 0.8 2.5
2019.6082 -84.1795 -38.5275 55.9 1.1 0.8 2.6
2019.6110 -81.6802 -37.9723 64.4 1.2 0.8 2.6
2019.6137 -87.4765 -38.8605 59.1 1.1 0.8 2.5
2019.6164 -86.2003 -38.1944 62.5 1.1 0.8 2.5
2019.6192 -84.5518 -39.0826 71.7 1.1 0.8 2.5
2019.6219 -83.3287 -41.0811 64.8 1.1 0.8 2.5
2019.6247 -88.0083 -39.5267 64.9 1.1 0.8 2.5
2019.6274 -84.2859 -38.1944 62 1.1 0.8 2.5
2019.6301 -83.5414 -37.3061 76.8 1.1 0.8 2.5
2019.6329 -82.0525 -38.4164 66.1 1.1 0.8 2.5
2019.6356 -85.6685 -39.0826 67.1 1.1 0.8 2.5
2019.6384 -83.7009 -40.3039 70.8 1.1 0.8 2.5
2019.6411 -82.4779 -38.3054 66.8 1.1 0.8 2.5
2019.6438 -86.1471 -38.8605 60.3 1.1 0.8 2.5
2019.6466 -82.0525 -40.1929 66.7 1.1 0.8 2.5
2019.6493 -84.2859 -37.8613 69 1.1 0.8 2.5
2019.6521 -85.2431 -38.7495 67.4 1.1 0.8 2.5
2019.6548 -85.0304 -36.862 65 1.1 0.8 2.5
2019.6575 -86.732 -38.6385 55.6 1.1 0.8 2.5
2019.6603 -82.8501 -39.3047 63.5 1.1 0.8 2.5
2019.6630 -85.7217 -35.8627 61.6 1.1 0.8 2.5
2019.6658 -82.212 -38.7495 60.7 1.2 0.9 2.7
2019.6685 -83.4351 -39.9708 66.7 1.4 0.9 2.8
2019.6712 -87.9019 -41.0811 64.3 1.2 0.8 2.5
2019.6740 -87.5829 -40.9701 67.5 1.1 0.8 2.5
2019.6767 -86.5193 -38.5275 60.8 1.1 0.8 2.5
2019.6795 -90.0822 -39.4157 66.6 1.2 0.9 2.5
2019.6822 -88.9655 -39.7488 59.2 1.1 0.8 2.5
2019.6849 -84.0732 -38.9716 67.6 1.1 0.8 2.5
2019.6877 -85.1899 -38.4164 63.4 1.1 0.8 2.5
2019.6904 -86.3598 -38.7495 66.9 1.1 0.9 2.5
2019.6932 -87.1575 -40.0819 69.5 1.1 0.8 2.5
2019.6959 -84.5518 -38.5275 71.8 1.1 0.8 2.5
2019.6986 -86.5193 -39.4157 73.8 1.1 0.8 2.5
2019.7014 -88.1678 -40.1929 73.5 1.1 0.8 2.5
2019.7041 -86.5725 -38.3054 69.1 1.1 0.8 2.5
2019.7068 -84.2859 -36.4179 70.3 1.1 0.8 2.4
2019.7096 -86.8384 -37.0841 74.9 1.1 0.8 2.5
2019.7123 -88.9123 -37.6392 69.1 1.1 0.8 2.4
2019.7151 -86.4662 -38.0833 84.4 1.1 0.8 2.4
2019.7178 -90.0822 -37.7502 74.7 1.1 0.8 2.5
2019.7205 -86.0939 -39.3047 75.5 1.2 0.9 2.6
2019.7233 -88.221 -36.6399 80.9 1.2 0.9 2.7
2019.7260 -85.6153 -35.9738 73 1.1 0.8 2.5
2019.7288 -88.3274 -37.7502 72.5 1.1 0.8 2.5
2019.7315 -86.4662 -36.862 74.2 1.1 0.8 2.5
2019.7370 -91.0394 -35.5296 72.7 1.1 0.8 2.5
2019.7397 -88.9655 -34.3083 75.4 1.1 0.8 2.5
2019.7425 -89.4441 -35.3076 73.9 1.3 0.9 2.7
2019.7452 -86.1471 -38.1944 72.7 1.1 0.8 2.5
2019.7479 -85.9876 -39.0826 80.4 1.2 0.8 2.6
2019.7507 -88.5401 -38.6385 79.8 1.2 0.8 2.6
2019.7534 -90.0822 -38.1944 76.4 1.2 0.8 2.6
2019.7562 -89.125 -40.0819 83.2 1.2 0.9 2.6
2019.7589 -88.5401 -39.5267 79.9 1.1 0.8 2.5
2019.7616 -87.0511 -40.0819 78.2 1.1 0.8 2.5
2019.7644 -90.1354 -39.5267 76.4 1.1 0.8 2.5
2019.7671 -88.0615 -37.4172 81.4 1.1 0.8 2.5
2019.7699 -88.3274 -38.5275 78 1.1 0.8 2.5
2019.7726 -91.3053 -38.5275 78.2 1.2 0.8 2.5
2019.7753 -85.6153 -40.8591 82.5 1.2 0.9 2.6
2019.7781 -84.8708 -39.8598 81.7 1.1 0.8 2.6
2019.7808 -90.1886 -38.6385 75.9 1.1 0.8 2.5
2019.7836 -90.4545 -37.6392 74.5 1.1 0.8 2.5
2019.7863 -90.4013 -38.9716 77.8 1.1 0.8 2.5
2019.7890 -90.4013 -39.6378 81.1 1.1 0.8 2.5
2019.7918 -88.806 -37.3061 85.7 1.1 0.8 2.5
2019.7945 -90.5076 -39.8598 88.4 1.1 0.8 2.5
2019.7973 -90.3481 -38.5275 78.7 1.1 0.8 2.5
2019.8000 -88.2742 -40.8591 82.6 1.1 0.8 2.5
2019.8027 -91.4116 -39.7488 78.1 1.1 0.8 2.5
2019.8055 -90.4545 -40.8591 76.6 1.1 0.8 2.5
2019.8082 -89.2846 -42.8576 76.1 1.1 0.8 2.5
2019.8110 -89.7631 -39.4157 82.3 1.1 0.8 2.5
2019.8137 -92.6879 -38.3054 84.3 1.2 0.8 2.5
2019.8164 -90.8267 -38.4164 75 1.2 0.9 2.6
2019.8192 -91.2521 -38.0833 68.6 1.3 0.9 2.6
2019.8219 -91.1989 -41.6363 60.9 1.1 0.8 2.5
2019.8247 -88.3805 -40.8591 84.9 1.2 0.8 2.5
2019.8274 -89.1782 -39.9708 79.7 1.1 0.8 2.5
2019.8301 -91.3053 -40.637 79.8 1.1 0.8 2.5
2019.8329 -92.0498 -39.9708 75.7 1.2 0.8 2.5
2019.8356 -89.9759 -41.0811 75.8 1.2 0.8 2.5
2019.8384 -89.2846 -40.7481 72.1 1.1 0.8 2.5
2019.8411 -90.1354 -40.526 75.1 1.1 0.8 2.5
2019.8438 -89.7631 -38.6385 71.9 1.1 0.8 2.5
2019.8466 -89.4973 -40.1929 76.3 1.2 0.8 2.6
2019.8493 -91.6244 -41.3032 77.6 1.1 0.8 2.5
2019.8521 -90.1354 -39.8598 77.8 1.1 0.8 2.5
2019.8548 -89.8163 -40.526 77.3 1.2 0.8 2.5
2019.8575 -91.3585 -38.3054 74.7 1.1 0.8 2.5
2019.8603 -91.7307 -40.1929 76.9 1.1 0.8 2.5
2019.8630 -89.125 -40.3039 73.8 1.2 0.8 2.5
2019.8658 -93.2197 -39.6378 82.7 1.1 0.8 2.4
2019.8685 -91.8371 -40.1929 77.3 1.1 0.8 2.5
2019.8712 -92.1029 -41.6363 77 1.1 0.8 2.5
2019.8740 -89.2314 -41.0811 68.6 1.2 0.8 2.6
2019.8767 -92.3157 -40.637 66.7 1.1 0.8 2.5
2020.1699 -99.4946 -42.1915 82.7 1.1 0.8 2.5
2020.1726 -98.431 -40.7481 75 1.1 0.8 2.4
2020.1753 -101.568 -39.7488 78.4 1.1 0.8 2.4
2020.1781 -97.1548 -40.0819 79.4 1.1 0.8 2.4
2020.1808 -98.112 -40.7481 76.5 1.1 0.8 2.4
2020.1836 -101.037 -41.8584 73.8 1.1 0.8 2.4
2020.1863 -96.0381 -43.6348 74.8 1.1 0.8 2.5
2020.1890 -96.7825 -41.6363 75.6 1.1 0.8 2.5
2020.1918 -95.5595 -42.1915 74.9 1.1 0.8 2.5
2020.1945 -99.1755 -41.1922 76.1 1.1 0.8 2.5
2020.1973 -96.7294 -40.526 72.7 1.1 0.8 2.5
2020.2000 -99.7073 -43.6348 68.8 1.1 0.8 2.5
2020.2027 -97.9524 -40.526 67.4 1.1 0.8 2.5
2020.2055 -100.133 -40.8591 71.4 1.1 0.8 2.5
2020.2082 -95.7722 -40.9701 74.6 1.1 0.8 2.5
2020.2110 -96.9952 -41.6363 76.9 1.1 0.8 2.5
2020.2137 -99.0692 -40.0819 70 1.1 0.8 2.5
2020.2164 -96.7825 -42.6356 74.1 1.3 0.9 2.8
2020.2192 -97.8993 -39.8598 75.8 1.2 0.9 2.7
2020.2219 -97.2611 -41.0811 72.8 1.2 0.9 2.7
2020.2247 -98.6969 -39.7488 69.4 1.1 0.8 2.6
2020.2274 -99.6009 -40.637 72.2 1.1 0.8 2.6
2020.2301 -96.5698 -41.6363 76.7 1.1 0.8 2.6
2020.2329 -99.4414 -40.9701 74.4 1.1 0.8 2.6
2020.2356 -99.5478 -39.7488 70.2 1.1 0.8 2.6
2020.2384 -96.4103 -40.8591 69.4 1.1 0.8 2.6
2020.2411 -97.4207 -40.8591 77.4 1.2 0.8 2.5
2020.2438 -97.3143 -42.1915 79.1 1.1 0.8 2.5
2020.2466 -99.1755 -42.9687 76.9 1.1 0.8 2.5
2020.2493 -98.4842 -41.3032 72.4 1.2 0.8 2.6
2020.2521 -97.7929 -40.7481 76.3 1.1 0.8 2.6
2020.2548 -97.527 -41.9694 77.2 1.1 0.8 2.6
2020.2575 -98.0588 -41.4142 74.3 1.2 0.8 2.6
2020.2603 -96.4103 -44.19 79.3 1.1 0.8 2.6
2020.2630 -98.0588 -42.7466 78.7 1.1 0.8 2.6
2020.2658 -98.0588 -41.7473 76.4 1.1 0.8 2.6
2020.2685 -98.2715 -40.637 73.9 1.1 0.8 2.6
2020.2712 -98.9628 -40.1929 75.4 1.2 0.8 2.5
2020.2740 -99.4946 -43.0797 78.7 1.1 0.8 2.6
2020.2767 -96.8357 -44.079 74.7 1.1 0.8 2.5
2020.2795 -98.4842 -41.9694 76.1 1.1 0.8 2.6
2020.2822 -98.3779 -41.5253 70.9 1.2 0.9 2.6
2020.2849 -95.719 -40.0819 74.9 1.2 0.9 2.6
2020.2877 -96.7294 -40.3039 70.7 1.2 0.8 2.6
2020.2904 -97.1016 -42.6356 74.5 1.1 0.8 2.6
2020.2932 -98.5906 -44.19 79.4 1.1 0.8 2.6
2020.2959 -98.5374 -38.3054 67.7 1.2 0.8 2.6
2020.2986 -96.9421 -40.9701 69.6 1.2 0.8 2.6
2020.3014 -98.0056 -40.637 73 1.2 0.8 2.6
2020.3041 -96.623 -40.637 75.6 1.4 1.0 2.8
2020.3068 -98.3779 -40.3039 72.5 1.2 0.8 2.6
2020.3096 -99.1755 -41.5253 74.2 1.2 0.8 2.6
2020.3123 -96.9421 -39.6378 72.8 1.2 0.9 2.6
2020.3151 -98.5374 -42.9687 71.8 1.2 0.9 2.7
2020.3178 -97.3143 -40.637 68.2 1.2 0.8 2.6
2020.3205 -97.1016 -41.8584 73.6 1.2 0.8 2.6
2020.3233 -98.3247 -40.8591 80.3 1.2 0.8 2.6
2020.3260 -98.4842 -40.9701 73 1.2 0.8 2.6
2020.3288 -98.3247 -41.6363 74.5 1.2 0.8 2.6
2020.3315 -99.8136 -42.3025 74.6 1.2 0.8 2.6
2020.3342 -100.292 -42.1915 69.8 1.2 0.8 2.6
2020.3370 -99.7073 -39.1936 69.2 1.2 0.8 2.6
2020.3397 -99.1755 -39.6378 71.7 1.2 0.8 2.6
2020.3425 -99.8136 -40.0819 71.1 1.2 0.8 2.6
2020.3452 -100.664 -41.3032 70.5 1.2 0.9 2.6
2020.3479 -103.377 -41.1922 65.4 1.2 0.8 2.6
2020.3507 -101.834 -40.637 69.9 1.2 0.8 2.6
2020.3534 -100.93 -41.6363 69.4 1.2 0.8 2.7
2020.3562 -101.568 -41.3032 73.2 1.2 0.8 2.7
2020.3589 -101.143 -41.4142 76.5 1.2 0.8 2.7
2020.3616 -103.696 -43.3018 72.3 1.2 0.8 2.6
2020.3644 -100.718 -41.4142 69.5 1.2 0.8 2.6
2020.3671 -102.047 -39.5267 65.6 1.2 0.8 2.6
2020.3699 -99.92 -38.7495 69.2 1.2 0.8 2.6
2020.3726 -103.217 -39.0826 68.9 1.2 0.8 2.6
2020.3753 -102.473 -41.0811 76 1.2 0.8 2.6
2020.3781 -100.877 -41.6363 70 1.2 0.8 2.6
2020.3808 -99.7605 -39.5267 63.6 1.2 0.8 2.6
2020.3836 -101.09 -39.7488 68.6 1.2 0.8 2.6
2020.3863 -105.716 -41.6363 70.7 1.2 0.8 2.6
2020.3890 -100.824 -41.9694 68.1 1.2 0.8 2.6
2020.3918 -100.505 -43.9679 68.7 1.2 0.8 2.6
2020.3945 -101.834 -41.8584 71.6 1.2 0.8 2.6
2020.3973 -97.1548 -40.7481 70.8 1.2 0.8 2.6
2020.4000 -100.292 -42.1915 71.4 1.2 0.8 2.6
2020.4027 -102.313 -41.7473 71.9 1.2 0.8 2.6
2020.4055 -101.09 -41.7473 68.1 1.2 0.8 2.6
2020.4082 -99.2287 -42.3025 68.3 1.2 0.9 2.7
2020.4110 -100.505 -41.0811 68 1.2 0.8 2.6
2020.4137 -98.3247 -40.526 66.2 1.3 0.9 2.6
2020.4164 -100.718 -42.9687 71.4 1.2 0.8 2.6
2020.4192 -98.9096 -41.7473 69.8 1.2 0.8 2.6
2020.4219 -100.08 -42.4135 69.1 1.2 0.9 2.6
2020.4247 -102.473 -43.5238 68.9 1.2 0.8 2.6
2020.4274 -100.133 -42.0804 66.5 1.3 0.9 2.7
2020.4301 -100.026 -44.301 64.7 1.3 0.9 2.7
2020.4329 -102.526 -41.0811 69.1 1.2 0.9 2.7
2020.4356 -100.93 -42.0804 69.3 1.2 0.9 2.7
2020.4384 -99.5478 -43.1907 64.6 1.2 0.9 2.7
2020.4411 -100.984 -43.1907 66.1 1.2 0.9 2.7
2020.4438 -101.994 -41.5253 64.3 1.2 0.9 2.7
2020.4466 -103.217 -44.9672 65.3 1.2 0.9 2.7
2020.4493 -98.4842 -43.3018 79.7 1.2 0.9 2.6
2020.4521 -100.558 -41.7473 66.1 1.2 0.9 2.7
2020.4548 -103.961 -40.637 74.5 1.2 0.9 2.7
2020.4575 -97.3143 -39.7488 71 1.2 0.9 2.6
2020.4603 -102.685 -44.4121 74.2 1.2 0.8 2.6
2020.4630 -101.781 -42.6356 68 1.2 0.9 2.6
2020.4658 -99.2819 -42.4135 67 1.2 0.9 2.7
2020.4685 -100.239 -44.079 68.9 1.2 0.9 2.7
2020.4712 -101.09 -42.0804 65.5 1.2 0.9 2.6
2020.4740 -104.546 -45.4113 66.1 1.2 0.9 2.7
2020.4767 -100.93 -43.0797 68.4 1.2 0.9 2.7
2020.4795 -99.335 -43.7459 73.2 1.2 0.9 2.7
2020.4822 -99.6541 -43.0797 67.3 1.2 0.9 2.7
2020.4849 -101.622 -43.8569 70.6 1.2 0.9 2.7
2020.4877 -100.399 -43.6348 66.3 1.2 0.9 2.7
2020.4904 -106.461 -45.5224 74.2 1.2 0.9 2.7
2020.4932 -103.004 -44.8562 68.5 1.2 0.9 2.7
2020.4959 -97.527 -43.7459 70 1.2 0.9 2.7
2020.4986 -98.431 -42.3025 61.4 1.2 0.9 2.7
2020.5014 -99.2819 -43.0797 67.6 1.2 0.9 2.7
2020.5041 -100.08 -43.8569 67.9 1.2 0.9 2.7
2020.5068 -98.2183 -42.6356 70.9 1.2 0.9 2.7
2020.5096 -103.961 -45.3003 77.3 1.2 0.9 2.7
2020.5123 -96.8357 -43.5238 71.2 1.2 0.9 2.7
2020.5151 -99.1755 -41.1922 66.4 1.2 0.9 2.7
2020.5178 -98.9096 -43.8569 70 1.2 0.9 2.6
2020.5205 -96.4635 -46.4106 73.4 1.2 0.9 2.7
2020.5233 -98.112 -45.6334 67.4 1.3 0.9 2.8
2020.5260 -100.186 -43.8569 74 1.2 0.9 2.7
2020.5288 -97.7397 -44.6341 76.5 1.2 0.9 2.8
2020.5315 -102.26 -43.3018 79 1.2 0.9 2.7
2020.5342 -100.611 -43.8569 72 1.2 0.9 2.7
2020.5370 -102.579 -44.4121 76.8 1.3 0.9 2.8
2020.5397 -103.111 -44.7451 76 1.2 0.9 2.7
2020.5425 -92.6879 -41.7473 75.7 1.2 0.9 2.7
2020.5452 -100.984 -47.0768 76 1.2 0.9 2.8
2020.5479 -101.037 -43.3018 74 1.2 0.9 2.7
2020.5507 -103.696 -43.5238 73.6 1.2 0.9 2.8
2020.5534 -97.4738 -44.079 69 1.2 0.9 2.8
2020.5562 -98.5374 -43.3018 71.7 1.2 0.9 2.7
2020.5589 -98.3779 -45.4113 73.7 1.2 0.9 2.7
2020.5616 -99.1223 -45.1893 74 1.2 0.9 2.8
2020.5644 -104.546 -43.7459 78.6 1.3 0.9 2.8
2020.5671 -95.9849 -43.9679 80.1 1.2 0.9 2.8
2020.5699 -106.195 -46.5216 74.9 1.2 0.9 2.8
2020.5726 -99.92 -44.5231 70.4 1.2 0.9 2.7
2020.5753 -102.951 -45.8554 79.6 1.2 0.9 2.9
2020.5781 -100.292 -43.5238 69.3 1.2 0.9 2.7
2020.5808 -103.802 -44.6341 74.6 1.2 0.9 2.7
2020.5836 -105.982 -40.415 71.7 1.2 0.9 2.7
2020.5863 -100.026 -41.6363 81.4 1.2 0.9 2.8
2020.5890 -103.589 -44.4121 79.8 1.3 0.9 2.8
2020.5918 -106.727 -44.19 77.1 1.3 0.9 2.8
2020.5945 -104.334 -45.1893 77.1 1.2 0.9 2.7
2020.5973 -99.92 -44.4121 77.2 1.2 0.9 2.8
2020.6000 -101.994 -43.7459 77.1 1.3 0.9 2.8
2020.6027 -101.515 -43.1907 74.7 1.3 0.9 2.8
2020.6055 -102.579 -44.079 76.4 1.2 0.9 2.7
2020.6082 -101.675 -44.079 86.6 1.2 0.9 2.7
2020.6110 -103.855 -42.7466 74.3 1.2 0.9 2.8
2020.6137 -100.718 -44.8562 74.8 1.2 0.9 2.8
2020.6164 -100.877 -44.6341 73.4 1.2 0.9 2.8
2020.6192 -102.153 -44.6341 72.5 1.2 0.9 2.8
2020.6219 -99.7073 -44.5231 74.7 1.2 0.9 2.8
2020.6247 -102.951 -41.5253 74.5 1.2 0.9 2.8
2020.6274 -101.196 -43.4128 79.5 1.2 0.9 2.8
2020.6301 -100.664 -45.0782 79.7 1.2 0.9 2.7
2020.6329 -103.749 -41.5253 70.1 1.2 0.9 2.8
2020.6356 -102.1 -46.4106 71.6 1.2 0.9 2.8
2020.6384 -99.6541 -40.3039 72.4 1.2 0.9 2.8
2020.6411 -102.845 -44.9672 77.4 1.2 0.9 2.8
2020.6438 -104.334 -41.0811 75.5 1.2 0.9 2.8
2020.6466 -104.919 -41.8584 78.5 1.2 0.9 2.7
2020.6493 -101.834 -43.5238 74.9 1.2 0.9 2.7
2020.6521 -101.834 -44.8562 74.6 1.2 0.9 2.8
2020.6548 -98.8033 -44.5231 74.6 1.2 0.9 2.8
2020.6575 -101.675 -42.3025 70.6 1.2 0.9 2.8
2020.6603 -106.354 -42.9687 77.3 1.2 0.9 2.7
2020.6630 -104.653 -40.3039 71.8 1.2 0.9 2.7
2020.6658 -103.802 -44.9672 79.4 1.2 0.9 2.8
2020.6685 -104.493 -43.6348 90.3 1.2 0.9 2.8
2020.6712 -105.238 -42.6356 79.3 1.3 0.9 2.8
2020.6740 -104.44 -44.5231 79.3 1.2 0.9 2.7
2020.6767 -102.526 -43.8569 72.8 1.2 0.9 2.7
2020.6795 -104.015 -41.5253 76.5 1.3 0.9 2.8
2020.6822 -103.961 -42.4135 71.7 1.2 0.9 2.7
2020.6849 -106.408 -42.7466 72.9 1.2 0.9 2.7
2020.6877 -99.5478 -41.8584 77.6 1.2 0.9 2.7
2020.6904 -104.6 -41.5253 81.4 1.2 0.9 2.7
2020.6932 -103.111 -43.9679 74.1 1.3 0.9 2.8
2020.6959 -105.663 -45.0782 74.5 1.3 0.9 2.8
2020.6986 -105.397 -44.301 74.8 1.3 1.0 2.9
2020.7014 -105.823 -42.3025 79.4 1.3 0.9 2.8
2020.7041 -107.312 -41.9694 83.5 1.2 0.9 2.7
2020.7068 -105.769 -40.7481 79.7 1.3 0.9 2.8
2020.7096 -104.281 -41.8584 75.8 1.4 0.9 2.9
2020.7123 -106.195 -40.8591 83.1 1.4 0.9 2.9
2020.7151 -105.663 -43.4128 84.8 1.3 0.9 2.8
2020.7178 -105.823 -43.5238 87.1 1.3 0.9 2.8
2020.7205 -108.322 -43.8569 85.7 1.3 0.9 2.8
2020.7233 -104.44 -43.3018 84.3 1.2 0.9 2.7
2020.7260 -109.226 -44.9672 81.1 1.2 0.9 2.7
2020.7288 -108.162 -44.6341 85.9 1.3 0.9 2.8
2020.7315 -108.588 -45.0782 93.6 1.3 0.9 2.8
2020.7342 -107.312 -44.5231 89.5 1.3 0.9 2.8
2020.7370 -106.886 -41.8584 88.1 1.3 0.9 2.7
2020.7397 -108.641 -44.301 88.9 1.4 0.9 2.7
2020.7425 -107.418 -43.6348 87 1.2 0.9 2.7
2020.7452 -106.674 -44.9672 94 1.3 0.9 2.7
2020.7479 -115.129 -48.4091 86.6 2.9 2.7 6.7
2020.7507 -111.034 -45.4113 92.1 1.3 0.9 2.7
2020.7534 -113.214 -42.6356 93 1.2 0.9 2.7
2020.7562 -108.694 -43.3018 91.3 1.2 0.9 2.7
2020.7589 -111.353 -43.1907 94.1 1.2 0.9 2.7
2020.7616 -109.705 -44.5231 85.9 1.2 0.9 2.7
2020.7644 -110.768 -44.4121 89.2 1.2 0.9 2.7
2020.7671 -108.269 -44.19 89 1.2 0.9 2.7
2020.7699 -108.269 -43.5238 94.7 1.2 0.9 2.7
2020.7726 -108.056 -44.079 90.7 1.2 0.9 2.8
2020.7753 -109.013 -41.8584 90.9 1.2 0.9 2.7
2020.7781 -110.875 -43.7459 96.4 1.2 0.9 2.7
2020.7808 -108.322 -44.079 93.3 1.2 0.9 2.7
2020.7836 -109.226 -41.8584 99.6 1.2 0.9 2.7
2020.7863 -108.003 -40.637 91.8 1.2 0.9 2.6
2020.7890 -110.236 -42.5245 89 1.2 0.8 2.7
2020.7918 -109.173 -42.0804 91.2 1.2 0.9 2.7
2020.7945 -107.95 -42.9687 92 1.2 0.9 2.6
2020.7973 -107.737 -42.6356 89.6 1.2 0.9 2.7
2020.8000 -110.662 -44.6341 94.9 1.2 0.8 2.6
2020.8027 -110.609 -42.6356 86.6 1.2 0.8 2.6
2020.8055 -109.332 -43.0797 92.8 1.5 1.1 3.5
2020.8082 -110.609 -42.5245 90.4 1.2 0.8 2.6
2020.8110 -108.854 -43.5238 87.9 1.2 0.9 2.6
2020.8137 -108.535 -44.8562 85.4 1.2 0.9 2.6
2020.8164 -110.077 -42.8576 84.5 1.2 0.8 2.6
2020.8192 -110.396 -43.9679 82.4 1.2 0.8 2.6
2020.8219 -106.301 -47.4099 80.9 1.2 0.9 2.7
2020.8247 -110.555 -44.4121 91.1 1.2 0.9 2.7
2020.8274 -111.725 -43.0797 90.1 1.2 0.9 2.7
2020.8301 -110.821 -43.3018 82.6 1.2 0.9 2.7
2020.8329 -111.991 -42.3025 78.6 1.2 0.8 2.6
2020.8356 -109.758 -42.8576 81.8 1.2 0.9 2.6
2020.8384 -109.492 -43.5238 80.2 1.2 0.9 2.6
2020.8411 -110.236 -44.6341 85.2 1.2 0.8 2.6
2020.8438 -109.651 -44.4121 82.6 1.2 0.8 2.6
2020.8466 -113.108 -41.9694 79.5 1.2 0.8 2.7
2020.8493 -113.321 -43.5238 80.2 1.2 0.8 2.6
2020.8521 -109.598 -44.079 82.1 1.2 0.8 2.6
2020.8548 -111.725 -44.6341 85.2 1.2 0.8 2.6
2020.8575 -109.492 -45.4113 88.6 1.2 0.8 2.6
2020.8603 -109.439 -42.0804 91.5 1.3 0.9 2.7
2020.8630 -109.173 -42.6356 87.1 1.2 0.8 2.6
2020.8658 -110.502 -43.8569 90.4 1.2 0.8 2.6
2020.8685 -112.683 -43.0797 97.7 1.3 0.9 2.8
2020.8712 -113.374 -42.7466 93.1 1.3 0.9 2.7
2020.8740 -111.938 -43.9679 89.4 1.2 0.8 2.6
2020.8767 -114.703 -43.1907 86.9 1.2 0.9 2.6
2020.8795 -114.171 -42.8576 86.8 1.2 0.9 2.7
2020.8822 -113.852 -44.19 91.2 1.2 0.9 2.7
2020.8849 -112.789 -44.7451 96.1 1.2 0.9 2.7
2020.8877 -112.683 -45.7444 86.1 1.2 0.8 2.6
2020.8904 -114.437 -43.3018 85.8 1.3 0.9 2.8
2020.8932 -110.662 -44.7451 87.4 1.2 0.9 2.7
2020.8959 -111.619 -45.1893 93.7 1.4 0.9 2.8
2020.8986 -111.353 -42.6356 85.4 1.3 0.9 2.8
2020.9014 -112.842 -44.8562 91 1.2 0.9 2.7
2020.9041 -112.789 -43.3018 90.4 1.2 0.8 2.6
2020.9068 -111.885 -44.7451 94.6 1.2 0.9 2.7
2020.9096 -110.768 -43.7459 90.2 1.2 0.8 2.6
2020.9123 -113.533 -44.7451 91.6 1.3 0.9 2.8
2020.9151 -114.756 -42.9687 85.7 1.3 0.9 2.8
2020.9178 -117.681 -43.8569 80.8 1.3 0.9 2.7
2020.9205 -114.703 -43.8569 74.7 1.2 0.9 2.7
2020.9233 -111.353 -45.3003 72.1 1.2 0.9 2.8
2020.9260 -111.14 -45.6334 86.8 1.3 0.9 2.8
2020.9288 -113.533 -45.1893 86.5 1.2 0.9 2.7
2020.9315 -112.842 -44.9672 82.8 1.2 0.9 2.7
2020.9342 -114.863 -44.079 85.1 1.2 0.8 2.6
2020.9370 -111.087 -44.301 84.3 1.2 0.9 2.7
2020.9397 -113.427 -43.6348 76.8 1.2 0.9 2.7
2020.9425 -112.629 -44.7451 80.8 1.2 0.9 2.7
2020.9452 -113.852 -43.9679 80.3 1.2 0.9 2.7
2020.9479 -114.703 -44.301 76.6 1.2 0.9 2.7
2020.9507 -114.65 -42.9687 75.2 1.2 0.9 2.6
2021.2575 -116.086 -45.0782 76.9 1.2 0.9 2.6
2021.2603 -115.076 -44.7451 79.4 1.2 0.9 2.7
2021.2630 -117.468 -45.4113 82.7 1.2 0.9 2.6
2021.2658 -117.256 -44.9672 79.7 1.3 0.9 2.7
2021.2685 -117.203 -44.8562 84.4 1.2 0.9 2.8
2021.2712 -119.915 -44.301 80.8 1.2 0.9 2.7
2021.2740 -116.458 -44.6341 77.6 1.2 0.9 2.6
2021.2767 -115.607 -44.4121 81.2 1.2 0.9 2.6
2021.2795 -116.511 -44.7451 83.5 1.2 0.9 2.8
2021.2822 -118.107 -47.2988 85.1 1.2 0.9 2.8
2021.2849 -113.906 -46.5216 90.6 1.2 0.9 2.8
2021.2877 -116.884 -47.743 85.7 1.2 0.9 2.8
2021.2904 -116.671 -46.0775 77.2 1.3 0.9 2.8
2021.2932 -118.372 -44.9672 81.8 1.3 1.1 3.0
2021.2959 -115.926 -41.9694 88.8 1.3 1.0 2.9
2021.2986 -115.926 -44.7451 84.2 1.4 1.0 3.0
2021.3014 -117.203 -44.19 77.4 1.3 0.9 2.8
2021.3041 -120.872 -43.1907 76.7 1.2 0.9 2.8
2021.3068 -118.692 -43.1907 77.2 1.2 0.9 2.9
2021.3096 -119.011 -45.0782 79.3 1.3 0.9 2.9
2021.3123 -120.765 -44.5231 83.3 1.3 0.9 2.8
2021.3151 -120.978 -43.8569 76.1 1.2 0.9 2.8
2021.3178 -122.999 -43.8569 77.7 1.2 0.9 2.7
2021.3205 -123.371 -44.301 79.4 1.2 0.9 2.8
2021.3233 -122.308 -44.19 85.3 1.2 0.9 2.8
2021.3260 -121.882 -42.5245 90.1 1.2 0.9 2.8
2021.3288 -123.371 -44.19 80.2 1.2 0.9 2.7
2021.3315 -120.978 -43.3018 81.8 1.2 0.9 2.7
2021.3342 -123.265 -45.1893 77.8 1.2 0.9 2.7
2021.3370 -121.776 -44.5231 78.9 1.2 0.9 2.7
2021.3397 -122.467 -43.8569 83 1.2 0.9 2.7
2021.3425 -120.393 -43.1907 79.6 1.2 0.9 2.7
2021.3452 -122.148 -45.4113 79 1.2 0.9 2.7
2021.3479 -120.925 -44.7451 85.5 1.2 0.9 2.8
2021.3507 -122.52 -42.6356 81.5 1.2 0.9 2.7
2021.3534 -119.755 -44.6341 79 1.2 0.9 2.7
2021.3562 -123.743 -44.301 84.1 1.2 0.9 2.8
2021.3589 -120.606 -45.4113 84.7 1.2 0.9 2.8
2021.3616 -128.263 -47.6319 77.4 1.4 0.9 3.0
2021.3644 -123.424 -47.2988 84.2 1.2 0.9 2.7
2021.3671 -125.605 -46.1885 83 1.2 0.9 2.8
2021.3699 -119.542 -44.19 86.7 1.2 0.9 2.8
2021.3726 -123.743 -46.2996 77.5 1.2 0.9 2.8
2021.3753 -121.35 -47.6319 84.6 1.2 0.9 2.8
2021.3781 -122.148 -47.1878 86.8 1.2 0.9 2.8
2021.3808 -120.287 -44.6341 81.7 1.2 0.9 2.8
2021.3836 -119.33 -46.4106 80.4 1.6 1.1 3.3
2021.3863 -125.445 -46.7437 82.2 1.2 1.0 3.0
2021.3890 -122.095 -46.0775 75 1.2 0.9 2.9
2021.3918 -124.328 -45.9665 84 1.2 0.9 2.8
2021.3945 -122.254 -46.6327 85.2 1.2 0.9 2.8
2021.3973 -118.745 -44.079 80.7 1.2 0.9 2.8
2021.4000 -125.711 -46.1885 79.3 1.2 0.9 2.8
2021.4027 -121.138 -46.9657 85.7 1.2 0.9 2.9
2021.4055 -119.489 -46.9657 85.5 1.2 0.9 2.9
2021.4082 -119.17 -45.5224 77.4 1.2 0.9 2.9
2021.4110 -120.978 -45.9665 81 1.2 0.9 2.8
2021.4137 -121.882 -45.5224 75.5 1.2 0.9 2.8
2021.4164 -120.819 -46.7437 73 1.2 0.9 2.9
2021.4192 -121.616 -44.4121 73.6 1.2 0.9 2.8
2021.4219 -121.297 -48.076 84 1.2 0.9 2.8
2021.4247 -119.915 -47.1878 78.9 1.2 0.9 2.8
2021.4274 -121.031 -45.8554 73.8 1.2 0.9 2.8
2021.4301 -123.903 -45.7444 83 1.1 0.9 2.8
2021.4329 -119.542 -45.1893 73.1 1.2 0.9 2.9
2021.4356 -124.009 -47.0768 81 1.2 0.9 2.8
2021.4384 -120.181 -46.4106 75.7 1.2 0.9 2.8
2021.4411 -124.807 -44.9672 75 1.2 0.9 2.8
2021.4438 -122.627 -46.0775 69.9 1.4 1.0 3.0
2021.4466 -124.169 -48.7422 69 1.2 0.9 2.9
2021.4493 -121.404 -45.4113 83.5 1.2 0.9 2.9
2021.4521 -123.531 -45.0782 72 1.2 0.9 2.9
2021.4548 -119.596 -47.854 82.3 1.2 0.9 2.9
2021.4575 -119.808 -44.301 68.8 1.3 0.9 2.9
2021.4603 -122.52 -47.6319 69 1.2 0.9 2.9
2021.4630 -122.946 -45.7444 80 1.2 0.9 2.9
2021.4658 -123.424 -45.9665 80.5 1.2 0.9 2.9
2021.4685 -122.52 -48.1871 68.3 1.2 0.9 2.8
2021.4712 -123.265 -48.9643 77.1 1.3 0.9 3.0
2021.4740 -120.181 -46.7437 69.7 1.2 0.9 3.0
2021.4767 -116.511 -44.9672 77.1 1.2 0.9 3.0
2021.4795 -119.649 -48.1871 91.1 1.3 0.9 3.0
2021.4822 -120.765 -48.5202 83.6 1.3 1.0 3.0
2021.4849 -119.223 -47.965 71.6 1.2 0.9 3.0
2021.4877 -114.916 -41.1922 70.8 1.2 0.9 3.0
2021.4904 -119.17 -47.4099 75.3 1.2 0.9 3.0
2021.4932 -121.829 -44.9672 79.5 1.2 0.9 3.0
2021.4959 -122.627 -47.4099 65.8 1.3 1.0 3.1
2021.4986 -119.702 -43.4128 72.8 1.3 1.0 3.1
2021.5014 -120.021 -42.9687 75.8 1.3 1.0 3.0
2021.5041 -120.712 -44.6341 79 1.3 1.0 3.0
2021.5068 -116.511 -43.7459 69.5 1.2 1.0 3.0
2021.5096 -118.692 -43.3018 73.9 1.3 1.0 3.0
2021.5123 -122.733 -47.965 81.8 1.2 1.0 3.0
2021.5151 -119.968 -44.301 76.1 1.3 1.0 3.0
2021.5178 -122.201 -43.8569 74.4 1.3 1.0 3.0
2021.5205 -122.254 -46.1885 84.5 1.3 1.0 3.1
2021.5233 -120.181 -45.3003 80.7 1.2 1.0 3.0
2021.5260 -118.319 -47.5209 78.7 1.3 1.0 3.0
2021.5288 -116.352 -46.5216 80.9 1.3 1.0 3.0
2021.5315 -119.277 -45.3003 73.8 1.3 1.0 3.0
2021.5342 -122.52 -45.3003 72.7 1.3 1.0 3.0
2021.5370 -119.277 -45.3003 75.4 1.3 1.0 3.1
2021.5397 -118.426 -43.1907 72.8 1.5 1.1 3.3
2021.5425 -119.436 -44.079 80.9 1.3 1.0 3.1
2021.5452 -125.392 -44.8562 72.4 1.3 1.0 3.1
2021.5479 -123.69 -44.9672 79.1 1.3 0.9 3.0
2021.5507 -119.277 -49.7415 85.6 1.3 0.9 3.0
2021.5534 -123.797 -44.301 80.1 1.3 1.0 3.1
2021.5562 -124.275 -44.4121 77.8 1.5 1.1 3.3
2021.5589 -119.649 -43.7459 86.2 1.3 1.0 3.1
2021.5616 -122.786 -43.5238 73 1.3 0.9 3.0
2021.5644 -122.201 -44.8562 81.2 1.3 0.9 3.0
2021.5671 -123.743 -46.7437 81.4 1.2 1.0 3.1
2021.5699 -120.5 -43.9679 80.1 1.3 1.0 3.1
2021.5726 -127.094 -44.5231 70.3 1.3 1.0 3.1
2021.5753 -121.085 -43.6348 76.3 1.3 0.9 3.1
2021.5781 -123.85 -44.19 82.9 1.2 0.9 3.0
2021.5808 -123.265 -43.9679 85.9 1.2 1.0 3.0
2021.5836 -121.935 -46.1885 83.4 1.2 1.0 3.0
2021.5863 -126.349 -42.7466 87.1 1.3 1.0 3.0
2021.5890 -118.107 -44.4121 76.6 1.3 1.0 3.0
2021.5918 -124.062 -47.854 71.5 1.2 0.9 3.0
2021.5945 -123.69 -43.0797 83 1.2 1.0 3.0
2021.5973 -125.392 -43.5238 87.3 1.3 1.0 3.1
2021.6000 -120.553 -46.5216 83.7 1.3 1.0 3.1
2021.6027 -125.392 -46.0775 86 1.3 1.0 3.0
2021.6055 -124.807 -43.7459 82.7 1.2 1.0 3.0
2021.6082 -120.765 -44.4121 87.2 1.2 1.0 3.0
2021.6110 -125.392 -46.7437 86.9 1.2 0.9 3.0
2021.6137 -118.638 -43.1907 91.3 1.3 0.9 3.0
2021.6164 -121.829 -45.4113 85.6 1.3 1.0 3.0
2021.6192 -124.488 -44.6341 75.3 1.3 1.0 3.0
2021.6219 -122.839 -44.8562 74 1.3 0.9 3.0
2021.6247 -123.212 -41.9694 86.4 1.3 0.9 3.0
2021.6274 -123.69 -43.4128 88.3 1.3 0.9 3.0
2021.6301 -117.309 -43.1907 85.8 1.3 1.0 3.0
2021.6329 -121.989 -43.3018 78.9 1.3 0.9 3.0
2021.6356 -119.968 -44.9672 78.2 1.3 1.0 3.0
2021.6384 -125.817 -45.4113 82 1.3 1.0 3.1
2021.6411 -121.563 -44.301 81.6 1.3 1.0 3.0
2021.6438 -119.17 -44.4121 87.2 1.3 1.0 3.1
2021.6466 -121.882 -46.1885 83.9 1.3 0.9 3.1
2021.6493 -120.34 -44.9672 87 1.4 1.0 3.1
2021.6521 -118.638 -44.079 88.7 1.3 1.0 3.0
2021.6548 -124.328 -44.079 89.6 1.4 1.0 3.1
2021.6575 -127.094 -46.1885 90.5 1.3 0.9 3.1
2021.6603 -122.52 -44.7451 85.5 1.3 0.9 3.0
2021.6630 -122.201 -44.19 80.5 1.3 0.9 3.0
2021.6658 -123.797 -42.4135 85.9 1.3 0.9 3.0
2021.6685 -126.243 -46.8547 93.1 1.3 0.9 3.0
2021.6712 -121.031 -46.2996 91.2 1.4 1.0 3.1
2021.6740 -121.51 -44.301 95.1 1.5 1.0 3.4
2021.6767 -126.881 -44.9672 89.6 1.5 1.0 3.3
2021.6795 -123.531 -45.8554 92.2 1.4 1.0 3.2
2021.6822 -122.839 -47.6319 94.7 1.3 0.9 3.0
2021.6849 -126.19 -44.19 95.2 1.3 0.9 3.0
2021.6877 -124.807 -44.4121 93 1.3 1.0 3.1
2021.6904 -124.86 -46.5216 91 1.3 0.9 3.0
2021.6932 -123.531 -46.8547 95.7 1.3 0.9 3.0
2021.6959 -124.701 -45.6334 91.3 1.3 0.9 3.0
2021.6986 -124.435 -45.7444 93.8 1.3 0.9 3.0
2021.7014 -127.466 -48.2981 96 1.3 0.9 3.0
2021.7041 -124.86 -45.8554 88.4 1.3 0.9 3.0
2021.7068 -124.222 -47.1878 94.2 1.3 0.9 3.0
2021.7096 -125.658 -45.7444 96.6 1.3 0.9 3.0
2021.7123 -121.563 -47.6319 94.2 1.3 0.9 2.9
2021.7151 -125.073 -46.1885 97.5 1.3 0.9 2.9
2021.7178 -122.999 -45.8554 94.4 1.3 0.9 2.9
2021.7205 -123.637 -47.1878 92.3 1.3 0.9 2.9
2021.7233 -125.286 -49.2974 82.1 1.3 0.9 2.9
2021.7260 -126.03 -49.7415 85.7 1.3 0.9 2.9
2021.7288 -127.359 -46.7437 94.6 1.2 0.9 2.9
2021.7315 -123.903 -46.6327 95.5 1.4 1.0 3.1
2021.7342 -128.21 -46.6327 95.8 1.3 0.9 2.9
2021.7370 -125.605 -46.2996 95.2 1.2 0.9 2.9
2021.7397 -124.116 -47.854 96.2 1.2 0.9 2.9
2021.7425 -126.615 -46.7437 99.1 1.2 0.9 2.9
2021.7452 -126.509 -44.079 101.5 1.2 0.9 2.9
2021.7479 -126.721 -48.7422 102.9 1.2 0.9 2.9
2021.7507 -128.317 -44.6341 98 1.3 0.9 2.9
2021.7534 -127.413 -46.1885 94.6 1.4 1.0 3.1
2021.7562 -125.551 -46.2996 93 1.2 0.9 2.9
2021.7589 -124.701 -46.9657 93.5 1.2 0.9 2.9
2021.7616 -127.04 -47.2988 100.8 1.2 0.9 2.8
2021.7644 -129.38 -47.2988 101.6 1.3 0.9 2.9
2021.7671 -124.754 -46.7437 87.7 1.2 0.9 2.9
2021.7699 -129.274 -47.1878 95 1.2 0.9 2.9
2021.7726 -129.487 -47.0768 95.5 1.2 0.9 2.9
2021.7753 -128.902 -46.6327 92 1.3 0.9 2.9
2021.7781 -129.912 -46.9657 99.5 1.3 0.9 2.9
2021.7808 -127.413 -47.854 102.6 1.9 1.2 3.4
2021.7836 -128.317 -49.0753 103.7 1.2 0.9 2.9
2021.7863 -127.519 -44.7451 97.1 1.2 0.9 2.9
2021.7890 -132.358 -45.6334 96.6 1.2 0.9 2.9
2021.7918 -129.433 -45.5224 92.4 1.2 0.9 2.8
2021.7945 -126.987 -46.5216 101.4 1.2 0.9 2.8
2021.7973 -130.125 -47.2988 99.7 1.2 0.9 2.8
2021.8000 -130.018 -46.9657 93.1 1.2 0.9 2.8
2021.8027 -130.125 -46.9657 96.6 1.3 0.9 2.9
2021.8055 -129.008 -47.965 96.8 1.3 1.0 2.9
2021.8082 -129.061 -46.7437 107.3 1.2 0.9 2.8
2021.8110 -128.476 -46.5216 104.6 1.3 0.9 2.8
2021.8137 -130.656 -47.5209 103.4 1.3 0.9 3.0
2021.8164 -131.933 -47.2988 103.3 1.2 0.9 2.8
2021.8192 -129.593 -46.6327 101.6 1.2 0.9 2.8
2021.8219 -129.54 -47.5209 98.8 1.3 0.9 2.9
2021.8247 -131.667 -49.2974 85.3 1.3 0.9 2.9
2021.8274 -130.922 -47.6319 86 1.3 0.9 2.9
2021.8301 -126.296 -47.1878 85.9 1.3 0.9 3.0
2021.8329 -126.987 -45.6334 96.6 1.4 0.9 3.0
2021.8356 -125.924 -45.6334 103.9 1.3 0.9 2.9
2021.8384 -129.806 -45.7444 101.8 1.3 0.9 3.0
2021.8411 -130.178 -47.6319 98.4 1.3 0.9 2.9
2021.8438 -129.114 -48.076 90 1.8 1.2 3.7
2021.8466 -132.358 -45.6334 94.2 1.3 0.9 2.9
2021.8493 -129.487 -47.4099 94.8 1.4 0.9 2.9
2021.8521 -131.507 -47.1878 100.9 1.3 0.9 2.9
2021.8548 -131.295 -47.1878 95.3 1.3 0.9 2.9
2021.8575 -130.178 -47.2988 97.1 1.3 0.9 2.8
2021.8603 -132.145 -47.2988 96.9 1.3 0.9 2.8
2021.8630 -130.071 -47.2988 96 1.3 0.9 2.8
2021.8658 -131.082 -47.743 99 1.3 0.9 2.8
2021.8685 -131.082 -48.1871 92.7 1.4 1.0 2.9
2021.8712 -128.742 -45.8554 85.6 1.4 1.0 2.9
2021.8740 -130.071 -47.4099 85.6 1.3 0.9 2.9
2021.8767 -127.732 -48.076 83.8 1.3 0.9 2.9
2021.8795 -126.455 -48.4091 84.4 1.3 0.9 2.8
2021.8822 -131.348 -48.1871 82.4 1.3 0.9 2.8
2021.8849 -131.454 -49.0753 79.6 1.3 0.9 2.8
2021.8877 -127.466 -47.5209 81.4 1.3 0.9 2.8
2021.8904 -130.391 -50.8518 79.6 1.3 0.9 2.8
2021.8932 -128.317 -49.6305 82.9 1.3 0.9 2.8
2021.8959 -128.37 -48.7422 86 1.3 0.9 2.8
2021.8986 -130.763 -49.1863 83.5 1.3 0.9 2.8
2021.9014 -130.869 -48.8533 82.7 1.3 0.9 2.8
2021.9041 -130.284 -48.7422 77 1.3 0.9 2.8
2021.9068 -129.274 -50.0746 79.6 1.3 0.9 2.8
2021.9096 -127.679 -48.8533 84.4 1.3 0.9 2.8
2021.9123 -128.636 -49.2974 91.9 1.3 0.9 2.8
2021.9151 -129.327 -49.2974 89.7 1.3 0.9 2.8
2021.9178 -128.529 -49.7415 84.5 1.3 1.0 2.8
2021.9205 -130.444 -49.5194 81.7 1.3 0.9 2.8
2021.9233 -133.634 -49.1863 83.5 1.4 0.9 3.0
2021.9260 -131.401 -47.6319 84.7 1.3 0.9 2.8
2021.9288 -129.008 -50.8518 84.7 1.3 0.9 2.9
2021.9315 -130.284 -49.8525 91.2 1.3 0.9 2.9
2021.9342 -131.933 -50.1856 89.8 1.3 0.9 3.0
2021.9370 -132.145 -50.5187 92.2 1.3 0.9 2.9
2021.9397 -132.145 -50.9628 83.5 1.3 0.9 2.9
2021.9425 -131.826 -50.2966 97.4 1.3 1.0 3.0
2021.9452 -133.103 -49.5194 88.4 1.3 0.9 2.9
2022.0740 -131.773 -48.5202 85.5 1.2 0.9 2.8
2022.0767 -133.794 -48.2981 77.9 1.2 0.9 2.8
2022.0795 -135.921 -46.6327 78.5 1.2 0.9 2.8
2022.0822 -135.815 -48.6312 80.8 1.2 0.9 2.8
2022.0849 -135.283 -48.2981 79.2 1.2 0.9 2.8
2022.0877 -134.645 -49.4084 84.1 1.2 0.9 2.8
2022.0904 -134.432 -50.0746 82.4 1.2 0.9 2.8
2022.0932 -135.07 -46.0775 80.2 1.3 1.0 2.9
2022.0959 -132.677 -47.2988 89.4 1.5 1.1 3.3
2022.0986 -133.475 -48.6312 85 1.2 0.9 2.8
2022.1014 -131.029 -49.4084 86 1.3 0.9 2.9
2022.1041 -134.592 -48.2981 77 1.2 0.9 2.9
2022.1068 -134.007 -47.854 87 1.2 0.9 2.9
2022.1096 -130.922 -49.1863 89.9 1.2 0.9 3.0
2022.1123 -135.442 -48.1871 93.5 1.4 0.9 2.9
2022.1151 -133.156 -47.1878 96.4 1.2 0.9 2.8
2022.1178 -135.921 -45.9665 84.2 1.2 0.9 2.8
2022.1205 -140.813 -47.0768 90.8 1.2 0.9 2.9
2022.1233 -137.623 -45.4113 87.3 1.2 0.9 2.8
2022.1260 -137.038 -44.7451 77.9 1.2 0.9 2.9
2022.1288 -133.741 -45.0782 91.2 1.2 0.9 2.9
2022.1397 -137.569 -46.7437 97.5 1.2 0.9 2.9
2022.1425 -138.101 -48.2981 96.6 1.3 0.9 2.9
2022.1452 -134.485 -44.301 90.8 1.3 1.0 2.9
2022.1479 -136.4 -45.8554 92 1.2 0.9 2.9
2022.1507 -136.506 -46.6327 97.4 1.3 0.9 3.1
2022.1534 -133.9 -46.1885 94.2 1.4 0.9 3.2
2022.1562 -135.442 -47.0768 98.9 1.2 0.9 2.9
2022.1589 -133.794 -46.2996 96.8 1.3 1.0 2.9
2022.1616 -134.485 -47.4099 89 1.2 0.9 2.8
2022.1644 -133.262 -46.7437 100.8 1.3 0.9 2.8
2022.1671 -135.442 -46.2996 95.5 1.2 0.9 2.8
2022.1699 -135.496 -47.965 94 1.2 0.9 2.8
2022.1726 -133.315 -46.7437 94.5 1.3 0.9 2.9
2022.1753 -132.571 -46.7437 99.1 1.4 0.9 3.1
2022.1781 -134.592 -45.5224 98.8 1.3 0.9 2.9
2022.1808 -132.943 -45.5224 87.9 1.2 0.9 2.8
2022.1836 -135.176 -46.5216 87.6 1.2 0.9 2.8
2022.1863 -134.804 -44.7451 88.2 1.2 0.9 2.8
2022.1890 -135.283 -44.8562 78.9 1.3 0.9 2.9
2022.1918 -135.176 -45.1893 78.6 1.3 0.9 3.0
2022.1945 -134.645 -46.8547 96.8 1.3 0.9 2.9
2022.1973 -133.953 -46.5216 87.4 1.6 0.9 3.0
2022.2000 -135.176 -47.743 92.5 1.2 0.9 2.8
2022.2027 -135.921 -47.2988 90.8 1.2 0.9 2.8
2022.2055 -133.475 -47.1878 87.8 1.2 0.9 2.9
2022.2082 -133.422 -49.1863 87.9 1.3 0.9 3.0
2022.2110 -134.964 -47.1878 97.3 1.3 0.9 3.0
2022.2137 -135.176 -48.076 95.4 1.3 0.9 2.9
2022.2164 -132.464 -47.1878 93.6 1.3 0.9 2.8
2022.2192 -132.73 -47.854 94.7 1.3 0.9 2.9
2022.2219 -131.188 -46.7437 98.8 1.2 0.9 2.8
2022.2247 -132.411 -47.965 101.8 1.3 0.9 2.9
2022.2274 -133.528 -46.5216 97 1.3 0.9 2.9
2022.2301 -130.869 -47.2988 96.8 1.3 0.9 2.9
2022.2329 -130.178 -46.9657 94.7 1.3 0.9 2.9
2022.2356 -133.634 -48.076 92.4 1.4 0.9 2.9
2022.2384 -134.219 -48.6312 92.5 1.3 0.9 2.9
2022.2411 -136.134 -47.4099 90 1.3 0.9 2.9
2022.2438 -134.326 -46.6327 95 1.3 0.9 2.9
2022.2466 -134.379 -46.2996 92.2 1.4 1.0 3.0
2022.2493 -131.241 -46.7437 91.1 1.4 1.0 3.0
2022.2521 -136.24 -47.0768 93.9 1.3 1.0 3.0
2022.2548 -134.857 -46.5216 95.8 1.3 0.9 2.9
2022.2575 -136.346 -48.6312 98.1 1.3 0.9 2.9
2022.2603 -136.4 -47.0768 95.5 1.3 0.9 2.9
2022.2630 -136.293 -48.2981 97.2 1.3 0.9 2.9
2022.2658 -134.751 -46.9657 88.2 1.4 0.9 2.9
2022.2685 -135.176 -48.7422 90.7 1.3 1.0 3.0
2022.2712 -138.154 -44.5231 88.9 1.4 1.0 3.0
2022.2740 -135.761 -47.743 89.3 1.4 1.1 3.2
2022.2767 -133.528 -46.1885 84.3 1.3 1.0 2.9
2022.2795 -132.358 -47.743 90.5 1.3 0.9 2.9
2022.2822 -135.336 -45.4113 87.7 1.3 0.9 2.9
2022.2849 -137.25 -45.9665 85.5 1.9 1.1 3.5
2022.2877 -137.729 -45.5224 87.4 1.5 0.9 3.0
2022.2904 -136.559 -45.4113 90.6 1.3 0.9 3.0
2022.2932 -136.134 -46.2996 91.1 1.3 0.9 2.9
2022.2959 -136.4 -46.6327 86.4 1.3 0.9 2.9
2022.2986 -138.42 -46.6327 94.7 1.2 0.9 2.9
2022.3014 -137.038 -47.2988 85.8 1.2 0.9 2.9
2022.3041 -139.697 -47.2988 94.8 1.4 1.0 3.1
2022.3068 -137.516 -47.854 95.1 1.3 0.9 3.0
2022.3096 -137.942 -46.6327 88.7 1.3 0.9 2.9
2022.3123 -136.612 -45.5224 87.4 1.2 0.9 2.8
2022.3151 -135.336 -47.1878 89.3 1.2 0.9 2.9
2022.3178 -136.878 -46.7437 84.1 1.2 0.9 2.9
2022.3205 -135.549 -44.7451 88.1 1.5 1.0 3.1
2022.3233 -136.825 -44.079 89.6 1.3 1.0 3.1
2022.3260 -136.24 -44.19 89.7 1.3 0.9 2.9
2022.3288 -139.324 -45.9665 91.7 1.3 0.9 2.9
2022.3315 -139.271 -48.2981 97.6 1.2 0.9 2.9
2022.3342 -139.324 -45.8554 87.9 1.3 0.9 2.9
2022.3370 -135.761 -49.0753 91 1.3 1.0 3.0
2022.3397 -138.473 -46.4106 93.1 1.4 1.0 3.0
2022.3425 -139.697 -46.2996 85.4 1.2 0.9 2.9
2022.3452 -137.676 -46.6327 90 1.2 0.9 2.9
2022.3479 -136.825 -47.0768 82 1.2 0.9 2.9
2022.3507 -136.825 -46.6327 86.4 1.2 0.9 2.9
2022.3534 -140.388 -46.2996 87.7 1.3 0.9 2.9
2022.3562 -139.431 -44.5231 84.9 1.2 0.9 2.9
2022.3589 -140.494 -45.8554 86.4 1.2 0.9 2.9
2022.3616 -139.59 -45.8554 86.1 1.3 0.9 2.9
2022.3644 -139.697 -46.4106 93 1.2 0.9 2.9
2022.3671 -141.824 -46.8547 88.8 1.2 0.9 2.9
2022.3699 -138.739 -46.2996 89.9 1.3 0.9 2.9
2022.3726 -139.75 -48.1871 96.6 1.2 0.9 2.9
2022.3753 -136.772 -46.8547 91.1 1.3 0.9 2.9
2022.3781 -139.803 -48.4091 74.4 2.4 1.3 4.8
2022.3808 -136.825 -47.5209 82.3 1.2 0.9 2.9
2022.3836 -139.962 -47.0768 83.6 1.2 0.9 2.9
2022.3863 -141.824 -47.5209 87.2 1.2 0.9 2.9
2022.3890 -137.942 -49.0753 90.5 1.2 0.9 2.9
2022.3918 -141.877 -48.4091 90.1 1.2 0.9 2.9
2022.3945 -141.505 -48.7422 91.1 1.2 0.9 2.9
2022.3973 -138.952 -47.6319 89.5 1.2 0.9 2.9
2022.4000 -134.911 -48.8533 90.9 1.2 0.9 3.0
2022.4027 -138.58 -47.6319 88.2 1.3 0.9 3.1
2022.4055 -142.196 -48.4091 83.5 1.3 0.9 3.0
2022.4082 -139.856 -49.1863 85.4 1.4 0.9 3.0
2022.4110 -138.101 -49.4084 86.3 1.3 0.9 3.0
2022.4137 -136.187 -46.6327 85.1 1.3 0.9 3.0
2022.4164 -136.719 -50.4077 86.8 1.2 0.9 2.9
2022.4192 -134.698 -48.7422 89.5 1.3 0.9 3.0
2022.4219 -132.358 -47.743 89.7 1.2 0.9 3.0
2022.4247 -136.081 -48.4091 87.8 1.2 0.9 3.0
2022.4274 -132.039 -50.0746 87.9 1.2 0.9 2.9
2022.4301 -132.411 -49.0753 93.4 1.2 0.9 2.9
2022.4329 -135.07 -49.0753 91.1 1.4 0.9 3.1
2022.4356 -135.868 -49.8525 85.6 1.3 0.9 3.0
2022.4384 -138.154 -49.4084 91 1.3 0.9 3.0
2022.4411 -133.847 -50.4077 84.3 1.3 0.9 3.0
2022.4438 -136.134 -48.2981 88.8 1.3 0.9 2.9
2022.4466 -133.634 -47.4099 93.9 1.3 1.0 3.1
2022.4493 -135.07 -45.1893 88.1 1.3 0.9 3.0
2022.4521 -131.614 -47.0768 90.9 1.3 0.9 3.0
2022.4548 -137.782 -48.076 84.8 1.4 1.0 3.2
2022.4575 -135.602 -47.743 90.2 1.4 0.9 3.0
2022.4603 -135.176 -48.7422 87.4 1.3 0.9 2.9
2022.4630 -138.048 -53.8496 88.5 1.3 0.9 3.0
2022.4658 -136.931 -48.2981 91.1 1.3 0.9 2.9
2022.4685 -135.815 -48.5202 85.8 1.3 1.0 3.0
2022.4712 -134.272 -48.1871 92.2 1.3 0.9 3.0
2022.4740 -137.357 -46.8547 89 1.3 0.9 3.0
2022.4767 -132.358 -47.854 83.9 1.3 0.9 3.0
2022.4795 -135.283 -50.4077 82.8 1.4 0.9 3.1
2022.4822 -133.049 -47.6319 87.4 1.3 0.9 3.0
2022.4849 -137.038 -46.8547 83.1 1.4 1.0 3.1
2022.4877 -137.091 -45.7444 91.7 1.3 0.9 3.0
2022.4904 -136.665 -49.8525 90.2 1.3 0.9 3.0
2022.4932 -138.527 -46.2996 94.3 1.3 0.9 3.0
2022.4959 -135.974 -46.9657 94.2 1.3 0.9 3.1
2022.4986 -136.985 -52.0731 87.3 1.3 0.9 3.0
2022.5014 -140.973 -47.5209 93.3 1.6 1.0 3.2
2022.5041 -136.878 -46.2996 99.6 1.3 0.9 3.1
2022.5068 -136.719 -48.1871 97.4 1.6 1.0 3.4
2022.5096 -134.751 -48.7422 97.9 1.4 1.0 3.3
2022.5123 -130.656 -45.1893 94.1 1.4 1.0 3.2
2022.5151 -145.014 -51.0739 90.3 1.6 1.1 3.4
2022.5178 -135.442 -49.1863 96.1 1.4 1.0 3.2
2022.5205 -135.496 -48.9643 96.8 1.3 0.9 3.1
2022.5425 -135.123 -50.0746 102.8 1.3 1.0 3.1
2022.5452 -134.219 -48.1871 95 1.3 0.9 3.1
2022.5479 -135.07 -46.6327 99.1 1.6 1.1 3.4
2022.5507 -133.528 -48.076 97.3 1.3 0.9 3.1
2022.5534 -130.444 -48.2981 104 1.3 0.9 3.1
2022.5562 -139.909 -48.6312 95.7 1.3 1.0 3.1
2022.5589 -137.144 -47.965 95.7 1.3 1.0 3.1
2022.5616 -135.389 -48.076 99.8 1.3 0.9 3.0
2022.5644 -129.752 -49.7415 95.1 1.3 0.9 3.0
2022.5671 -134.326 -49.5194 97.2 1.3 0.9 3.1
2022.5699 -134.432 -49.5194 98.1 1.3 0.9 3.0
2022.5726 -135.23 -49.2974 99.5 1.3 1.0 3.1
2022.5753 -130.71 -47.854 93.9 1.3 0.9 3.0
2022.5781 -133.581 -48.076 90.2 1.3 1.0 3.0
2022.5808 -131.72 -48.1871 99.8 1.3 0.9 3.1
2022.5836 -134.166 -49.6305 101.4 1.3 1.0 3.1
2022.5863 -131.029 -48.6312 99.8 1.3 1.0 3.2
2022.5890 -134.06 -48.6312 91.8 1.3 1.0 3.1
2022.5918 -135.549 -44.7451 93.2 1.3 1.0 3.1
2022.5945 -138.154 -47.854 101.8 1.3 1.0 3.0
2022.5973 -134.007 -49.2974 99.9 1.3 1.0 3.0
2022.6000 -137.197 -45.8554 97.3 1.5 1.1 3.3
2022.6027 -136.985 -46.4106 100.2 1.5 1.1 3.2
2022.6055 -135.761 -45.4113 99.5 1.4 1.0 3.2
2022.6082 -133.103 -48.076 102 1.4 1.0 3.2
2022.6110 -130.975 -46.8547 106.7 1.5 1.0 3.2
2022.6137 -136.24 -48.4091 103.7 1.4 1.0 3.1
2022.6164 -138.154 -45.9665 95.8 1.4 1.0 3.1
2022.6192 -139.697 -48.2981 104.3 1.3 0.9 3.0
2022.6219 -132.89 -46.8547 103.3 1.3 1.0 3.1
2022.6247 -138.154 -47.5209 105.8 1.3 0.9 3.0
2022.6274 -134.804 -51.0739 102.8 1.3 1.0 3.1
2022.6301 -132.73 -46.7437 100.1 1.6 1.1 3.3
2022.6329 -136.825 -47.1878 104.2 1.3 1.0 3.0
2022.6356 -131.933 -48.9643 101 1.4 1.0 3.1
2022.6384 -133.953 -48.2981 105.8 1.4 1.0 3.1
2022.6411 -138.261 -45.5224 106.2 1.3 0.9 3.1
2022.6438 -132.039 -47.6319 101.1 1.6 1.0 3.4
2022.6466 -131.88 -47.965 106.5 1.6 1.1 3.5
2022.6493 -139.59 -46.4106 104.1 1.4 1.0 3.2
2022.6521 -138.048 -47.1878 115.6 1.4 1.0 3.2
2022.6548 -128.689 -48.4091 112.7 1.6 1.1 3.4
2022.6575 -133.953 -47.965 105.4 1.4 1.0 3.2
2022.6603 -137.516 -45.9665 102.8 1.4 1.0 3.2
2022.6630 -132.464 -47.5209 110.9 1.4 0.9 3.1
2022.6658 -132.199 -48.5202 108.4 1.3 0.9 3.1
2022.6685 -136.506 -48.9643 113.8 1.3 0.9 3.0
2022.6712 -136.453 -46.8547 117 1.3 0.9 3.0
2022.6740 -135.07 -50.9628 109.8 1.5 1.0 3.3
2022.6767 -135.761 -46.6327 100.1 2.4 1.2 4.0
2022.6795 -138.633 -48.5202 106.3 1.5 1.0 3.1
2022.6822 -140.175 -48.5202 105.6 1.3 0.9 3.0
2022.6849 -135.283 -48.6312 109.7 1.3 0.9 3.0
2022.6877 -133.741 -48.4091 111.8 1.4 1.0 3.1
2022.6904 -130.869 -48.5202 112.6 1.4 1.0 3.1
2022.6932 -136.825 -49.1863 95.7 1.4 0.9 2.9
2022.6959 -137.889 -50.4077 104.2 1.3 0.9 3.0
2022.6986 -135.921 -49.4084 99.8 1.3 0.9 3.0
2022.7014 -137.197 -48.5202 108.4 1.3 0.9 2.9
2022.7041 -136.027 -46.9657 105 1.3 0.9 3.0
2022.7068 -133.794 -47.965 109.7 1.3 0.9 3.1
2022.7096 -137.357 -48.4091 107.8 1.3 0.9 2.9
2022.7123 -137.41 -47.854 110.8 1.3 0.9 2.9
2022.7151 -142.834 -47.4099 101.4 1.3 0.9 3.0
2022.7178 -139.218 -49.2974 114.2 1.3 0.9 3.0
2022.7205 -136.612 -45.5224 115.6 1.3 0.9 2.9
2022.7233 -137.304 -49.9636 118.9 1.3 0.9 3.0
2022.7260 -147.62 -47.854 104.7 1.3 0.9 3.0
2022.7288 -140.228 -49.6305 115.8 1.4 0.9 3.0
2022.7315 -146.025 -47.965 114.8 1.3 0.9 3.0
2022.7342 -141.239 -48.9643 106.8 1.3 0.9 3.0
2022.7370 -143.366 -50.9628 114.5 1.3 0.9 3.0
2022.7397 -139.431 -47.1878 109.4 1.4 0.9 3.0
2022.7425 -140.494 -49.2974 106.4 1.3 0.9 3.0
2022.7452 -142.674 -49.0753 116.8 1.5 1.0 3.2
2022.7479 -143.791 -50.5187 107.8 1.4 0.9 3.1
2022.7507 -141.345 -48.6312 103.5 1.3 0.9 3.0
2022.7534 -146.397 -50.1856 101.8 1.3 0.9 2.9
2022.7562 -142.568 -46.2996 107.9 1.4 0.9 3.0
2022.7589 -144.11 -48.9643 104.1 1.4 1.0 3.0
2022.7616 -148.311 -51.8511 106 1.3 0.9 2.9
2022.7644 -148.099 -51.518 103.4 1.5 0.9 3.1
2022.7671 -142.249 -49.7415 109.9 1.4 0.9 3.1
2022.7699 -144.855 -49.1863 103.2 1.4 0.9 3.0
2022.7726 -151.608 -51.2959 112 1.6 1.0 3.1
2022.7753 -145.706 -48.5202 111.7 1.3 0.9 3.0
2022.7781 -143.047 -46.9657 102.8 1.3 0.9 3.0
2022.7808 -142.834 -47.854 99.5 1.4 0.9 3.1
2022.7836 -144.163 -51.1849 77.8 1.4 0.9 3.0
2022.7863 -146.982 -51.1849 73.7 1.7 1.0 3.2
2022.7890 -144.483 -49.8525 75.7 1.4 0.9 2.8
2022.7918 -143.153 -52.5173 80.7 1.5 0.9 3.1
2022.7945 -144.695 -48.4091 102.7 1.3 0.9 2.9
2022.7973 -143.419 -49.4084 105.1 1.4 1.0 3.1
2022.8000 -141.451 -51.629 90.6 1.5 1.0 3.3
2022.8027 -143.153 -47.854 99.5 1.4 1.0 3.1
2022.8055 -146.291 -50.1856 101.2 1.4 1.0 3.0
2022.8082 -150.438 -47.1878 95.4 1.7 1.1 3.5
2022.8110 -146.397 -49.2974 106.7 1.3 0.9 2.9
2022.8137 -147.62 -50.2966 104.8 1.2 0.9 2.8
2022.8164 -145.333 -50.9628 105.4 1.2 0.9 2.8
2022.8192 -147.833 -51.629 107.7 1.4 1.0 2.9
2022.8219 -150.226 -51.8511 99.9 1.4 1.0 2.9
2022.8247 -142.355 -51.1849 91.9 1.3 0.9 2.9
2022.8274 -143.738 -53.0724 99.7 1.6 1.0 3.0
2022.8301 -148.737 -50.2966 100.9 1.3 0.9 2.8
2022.8329 -146.61 -52.7393 98.2 1.3 0.9 2.9
2022.8356 -145.599 -52.8503 93.7 1.3 0.9 2.9
2022.8384 -144.961 -50.1856 93.9 1.4 0.9 3.0
2022.8411 -144.483 -49.9636 98 1.8 1.1 3.5
2022.8438 -148.577 -51.9621 92 1.4 0.9 2.9
2022.8466 -148.205 -51.0739 86.9 1.3 0.9 2.8
2022.8493 -149.641 -50.2966 93.7 1.3 0.9 2.8
2022.8521 -149.056 -51.9621 93.8 1.5 1.2 3.2
2022.8548 -149.003 -54.4048 91.3 1.4 0.9 2.9
2022.8575 -149.588 -53.9606 90.8 1.3 0.9 2.8
2022.8603 -144.536 -53.0724 91.9 1.3 0.9 2.9
2022.8630 -146.237 -54.2937 98.1 1.4 0.9 3.0
2022.8658 -143.578 -52.1842 94.4 1.3 0.9 2.9
2022.8685 -143.738 -49.6305 116.1 1.4 0.9 3.0
2022.8712 -149.003 -51.2959 110.4 1.3 0.9 3.0
2022.8740 -146.822 -48.4091 100.2 1.3 0.9 2.9
2022.8767 -147.141 -49.8525 98.3 1.3 0.9 2.8
2022.8795 -144.908 -49.7415 104.5 1.3 0.9 2.8
2022.8822 -148.418 -50.8518 102.4 1.3 0.9 2.8
2022.8849 -149.907 -50.8518 103.7 1.3 0.9 2.7
2022.8877 -149.162 -51.8511 107.6 1.3 0.9 2.8
2022.8904 -146.237 -50.0746 109 1.3 0.9 2.8
2022.8932 -145.599 -52.8503 107.9 1.2 0.9 2.8
2022.8959 -144.855 -51.629 104.2 1.3 0.9 2.8
2022.8986 -147.567 -52.8503 101.8 1.2 0.9 2.8
2022.9014 -148.471 -53.7386 94.3 1.5 1.0 2.9
2022.9041 -149.056 -52.9614 91.2 1.3 0.9 2.9
2022.9068 -148.364 -52.1842 90.9 1.3 0.9 2.8
2022.9096 -146.556 -51.9621 95.6 1.3 0.9 2.9
2022.9123 -150.811 -54.0717 94.3 1.3 0.9 2.9
2022.9151 -145.067 -54.1827 99.9 1.3 0.9 2.8
2022.9178 -149.481 -53.8496 93.1 1.3 0.9 2.8
2022.9205 -151.608 -55.0709 93.3 1.2 0.9 2.8
2022.9233 -151.076 -53.6276 91.4 1.2 0.9 2.8
2022.9260 -148.205 -53.2945 87.3 1.3 0.9 2.8
2022.9288 -147.407 -54.6268 92 1.2 0.9 2.8
2022.9315 -147.833 -54.1827 93.6 1.2 0.9 2.8
2022.9342 -145.652 -52.6283 96.2 1.4 1.1 3.2
2022.9370 -147.673 -52.9614 97 1.3 0.9 2.8
2022.9397 -149.003 -52.4062 92.2 1.2 0.9 2.8
2022.9425 -149.003 -51.8511 93.3 1.2 0.9 2.8
2022.9452 -147.62 -53.7386 93.3 1.2 0.9 2.8
2022.9479 -147.035 -52.0731 92.3 1.2 0.9 2.8
2022.9507 -148.949 -51.629 87.6 1.2 0.9 2.8
2022.9534 -146.769 -49.9636 83.8 1.2 0.9 2.8
2022.9562 -147.195 -50.9628 86.2 1.3 0.9 2.9
2022.9589 -146.929 -50.6297 83.2 1.2 0.9 2.8
2022.9616 -145.44 -49.4084 84.2 1.2 0.9 2.8
2022.9644 -147.141 -50.8518 82.9 1.2 0.9 2.8
2022.9671 -149.694 -49.6305 78.8 1.2 0.9 2.8
2022.9699 -146.078 -48.5202 84.6 1.2 0.9 2.8
2022.9726 -145.918 -47.854 79.6 1.2 0.9 2.8
2022.9753 -149.588 -49.6305 76.1 1.2 0.9 2.8
2022.9781 -149.8 -49.7415 78.2 1.3 0.9 2.8
2022.9808 -146.291 -50.2966 74.9 1.3 0.9 2.8
2022.9836 -146.982 -52.0731 76.8 1.2 0.9 2.7
2022.9863 -149.109 -53.9606 85.6 1.3 1.0 3.0
2022.9890 -150.279 -52.6283 83.8 1.5 1.1 3.4
2022.9918 -151.608 -53.4055 81.5 1.3 0.9 3.0
2022.9945 -151.076 -52.6283 75.5 1.2 0.9 2.8
2022.9973 -150.172 -51.1849 78.6 1.2 1.0 2.9
2023.0000 -148.471 -51.629 78.7 1.2 0.9 2.8
2023.0027 -150.704 -50.6297 81.9 1.2 0.9 2.7
2023.0055 -150.013 -52.5173 81.4 1.2 0.9 2.8
2023.0082 -149.747 -50.4077 74 1.2 0.9 2.8
2023.0110 -150.651 -50.2966 72.1 1.3 1.0 2.9
2023.0137 -151.715 -51.407 72 1.2 0.9 2.8
2023.0164 -150.545 -51.74 80 1.2 0.9 2.7
2023.0192 -151.13 -50.7408 74.7 1.2 0.9 2.7
2023.0411 -153.097 -49.6305 63.5 1.4 1.2 3.1
2023.0438 -152.353 -49.7415 68.9 1.2 0.9 2.8
2023.0466 -153.416 -51.407 69.3 1.2 0.9 2.8
2023.0493 -153.895 -51.518 68.7 1.2 1.0 2.8
2023.0521 -151.449 -52.0731 63.3 1.2 1.0 2.8
2023.0548 -153.629 -51.2959 61.6 1.2 0.9 2.8
2023.0575 -155.065 -50.8518 59.5 1.2 0.9 2.8
2023.0603 -153.895 -50.2966 55.7 1.3 1.0 2.9
2023.0630 -152.512 -49.2974 58.3 1.3 0.9 2.8
2023.0658 -156.766 -51.74 65 1.3 1.0 3.0
2023.0685 -158.415 -47.0768 63.8 1.3 1.1 3.1
2023.0712 -156.713 -51.629 53.3 1.3 1.0 3.3
2023.0740 -157.511 -51.0739 54.5 1.3 1.0 3.1
2023.0767 -158.362 -48.5202 56.9 1.2 1.0 2.9
2023.0795 -158.521 -53.6276 54.6 1.2 1.0 2.9
2023.0822 -156.607 -49.0753 59.8 1.2 1.0 3.0
2023.0849 -155.703 -47.854 64.1 1.3 1.0 3.0
2023.0877 -152.991 -49.0753 67.6 1.3 1.0 3.0
2023.0904 -152.672 -48.7422 73.5 1.2 1.0 3.0
2023.0932 -155.809 -48.6312 70 1.3 0.9 2.9
2023.0959 -154.533 -50.1856 66.7 1.2 0.9 2.9
2023.0986 -155.543 -50.5187 69 1.2 0.9 2.8
2023.1014 -155.065 -51.629 68.9 1.3 1.0 3.0
2023.1041 -153.735 -48.2981 77.7 1.3 1.0 3.1
2023.1068 -153.948 -46.9657 70.9 1.3 1.0 3.0
2023.1096 -157.405 -49.4084 76.4 1.3 1.0 3.0
2023.1123 -159.213 -49.8525 67.9 1.3 1.0 3.0
2023.1151 -157.139 -50.0746 73.5 1.3 1.0 3.0
2023.1178 -153.948 -48.7422 77 1.3 1.0 3.0
2023.1205 -153.469 -50.6297 68.6 1.3 1.0 3.0
2023.1233 -152.619 -50.5187 71.4 1.3 1.0 3.0
2023.1260 -150.119 -48.6312 79 1.8 1.3 3.6
2023.1288 -155.384 -50.5187 71.7 1.7 1.2 3.5
2023.1315 -153.097 -51.2959 70.3 1.3 1.0 3.0
2023.1342 -151.289 -52.0731 71.4 1.2 0.9 2.9
2023.1370 -155.756 -51.2959 72.3 1.2 0.9 2.9
2023.1397 -155.331 -48.9643 69.9 1.3 0.9 2.9
2023.1425 -150.704 -55.0709 88.5 2.4 1.9 5.4
2023.1452 -152.14 -50.5187 68.5 1.3 1.0 2.9
2023.1479 -155.277 -52.2952 73.5 1.3 1.0 3.0
2023.1507 -150.704 -52.0731 70.2 1.2 0.9 2.9
2023.1534 -156.66 -51.518 64 1.4 1.0 3.0
2023.1562 -155.809 -52.6283 72.4 1.3 1.0 3.0
2023.1589 -170.805 -48.9643 76.8 2.6 1.6 4.2
2023.1616 -152.885 -52.7393 74.6 1.3 1.0 3.0
2023.1644 -154.267 -50.7408 69.5 1.2 0.9 2.9
2023.1671 -155.331 -49.1863 53.4 1.3 1.0 2.9
2023.1699 -163.148 -51.0739 54.3 1.4 1.1 3.0
2023.1726 -158.362 -51.1849 56.5 1.3 0.9 2.8
2023.1753 -157.511 -52.6283 65.1 1.7 1.1 3.1
2023.1781 -157.511 -52.2952 64.3 1.3 0.9 2.8
2023.1808 -156.447 -53.1834 67.6 1.3 1.0 2.9
2023.1836 -155.543 -55.9592 70.5 1.4 1.0 3.0
2023.1863 -147.939 -50.7408 101.3 1.6 1.2 3.3
2023.1890 -148.099 -54.0717 118.2 1.4 1.0 3.1
2023.1918 -148.418 -53.9606 113 1.3 0.9 2.9
2023.1945 -148.099 -51.407 105.5 1.4 1.0 3.0
2023.1973 -150.119 -50.8518 106.9 1.2 0.9 2.8
2023.2000 -150.545 -51.629 109.4 1.6 1.0 3.0
2023.2027 -150.438 -51.2959 109.5 1.5 1.1 3.1
2023.2055 -151.183 -52.9614 109.6 1.2 0.9 2.8
2023.2082 -146.397 -52.7393 101.5 1.3 0.9 2.9
2023.2110 -148.577 -52.8503 101.4 1.3 0.9 2.9
2023.2137 -149.375 -54.0717 104.3 1.3 0.9 3.0
2023.2164 -152.512 -51.9621 107.8 1.3 0.9 2.9
2023.2192 -151.715 -51.629 111.2 1.3 0.9 2.9
2023.2219 -152.512 -54.0717 108.3 1.3 1.0 2.9
2023.2247 -148.896 -53.1834 105.7 1.9 1.1 3.4
2023.2274 -155.862 -52.2952 106.7 1.8 1.3 3.9
2023.2301 -148.79 -50.9628 103.4 1.5 1.0 3.0
2023.2329 -151.023 -51.629 101.9 1.3 0.9 2.9
2023.2356 -149.641 -51.74 108.4 1.3 0.9 2.9
2023.2384 -153.044 -52.9614 106.4 1.3 1.0 2.9
2023.2411 -152.034 -52.1842 101.6 1.3 1.0 2.9
2023.2438 -151.396 -50.2966 96.8 1.7 1.1 3.1
2023.2466 -150.598 -55.8482 95.3 1.6 1.1 3.1
2023.2493 -156.873 -52.6283 109.6 1.5 1.0 3.0
2023.2521 -153.31 -52.9614 103.1 1.3 1.0 2.9
2023.2548 -152.778 -52.4062 104.7 1.4 1.0 3.1
2023.2575 -150.172 -51.629 109.7 1.4 1.0 3.1
2023.2603 -150.864 -53.6276 106.6 1.3 1.0 3.0
2023.2630 -154.799 -53.8496 105.9 1.3 1.0 3.0
2023.2658 -155.437 -52.1842 110.9 1.3 1.0 2.9
2023.2685 -152.034 -52.8503 111.2 1.3 1.0 2.9
2023.2712 -155.331 -54.2937 105.8 1.3 0.9 2.9
2023.2740 -152.353 -51.9621 103.5 1.5 1.0 3.0
2023.2767 -153.097 -51.0739 103.1 1.3 1.0 2.9
2023.2795 -152.14 -53.5165 95.4 1.3 1.0 2.9
2023.2822 -153.469 -52.8503 105.1 1.3 1.0 3.0
2023.2849 -156.235 -54.5158 105.5 1.5 1.1 3.3
2023.2877 -156.394 -52.0731 113.9 1.5 1.1 3.1
2023.2904 -151.076 -51.74 106.4 1.3 1.0 3.0
2023.2932 -154.427 -54.6268 109.6 1.3 1.0 2.9
2023.2959 -152.459 -52.8503 106.1 1.3 1.0 2.9
2023.2986 -155.118 -55.182 101.9 1.6 1.0 3.2
2023.3014 -151.821 -54.0717 100.2 1.3 0.9 2.9
2023.3041 -150.704 -52.5173 99.4 1.4 1.0 3.0
2023.3068 -152.672 -52.5173 105.8 1.2 1.0 2.9
2023.3096 -155.224 -51.2959 107.5 1.9 1.2 3.3
2023.3123 -152.565 -51.407 105.7 1.7 1.2 3.7
2023.3151 -155.118 -51.0739 107.9 1.2 0.9 2.9
2023.3178 -155.118 -50.9628 108.1 1.3 1.0 2.9
2023.3205 -152.831 -50.9628 103.4 1.4 1.0 3.0
2023.3233 -155.171 -51.629 107.8 1.3 1.0 3.0
2023.3260 -151.661 -53.2945 106.9 1.4 1.0 2.9
2023.3288 -152.406 -52.5173 110.9 1.3 1.0 2.9
2023.3315 -156.075 -50.0746 111.1 1.3 1.0 3.0
2023.3342 -159.213 -54.7379 107.2 1.3 1.0 3.0
2023.3370 -154.32 -56.1812 107.3 1.2 1.0 3.0
2023.3397 -152.672 -52.5173 104.9 1.2 1.0 3.0
2023.3425 -152.565 -51.8511 104.7 1.2 0.9 2.9
2023.3452 -154.054 -49.5194 103.7 1.8 1.2 3.7
2023.3479 -153.097 -52.4062 103.1 1.2 0.9 2.9
2023.3507 -155.171 -53.4055 104.9 1.3 1.0 3.0
2023.3534 -154.373 -52.7393 95.5 1.3 1.0 3.0
2023.3562 -154.639 -52.7393 107 1.5 1.0 3.2
2023.3589 -152.725 -51.407 104.3 1.3 1.0 3.0
2023.3616 -153.044 -51.74 103 1.4 1.0 3.1
2023.3644 -151.076 -49.8525 102.2 1.3 0.9 3.0
2023.3671 -157.192 -54.6268 96.4 1.3 1.0 3.0
2023.3699 -156.979 -52.1842 101.1 1.3 0.9 3.0
2023.3726 -152.778 -50.5187 98.5 1.3 0.9 3.0
2023.3753 -152.831 -54.5158 93.7 1.2 0.9 2.9
2023.3781 -152.831 -52.2952 100 1.3 1.0 3.1
2023.3808 -152.725 -53.1834 112.1 1.4 1.0 3.2
2023.3836 -153.735 -50.0746 111.3 1.6 1.1 3.4
2023.3863 -150.704 -52.6283 103 1.4 1.0 3.1
2023.3890 -156.341 -50.7408 103.6 1.4 1.0 3.2
2023.3918 -149.853 -50.9628 101.9 1.3 0.9 3.0
2023.3945 -151.449 -50.7408 103.7 1.3 0.9 3.0
2023.3973 -151.289 -50.9628 109.7 1.3 0.9 3.0
2023.4000 -149.428 -52.1842 107 1.3 1.0 3.0
2023.4027 -150.545 -53.0724 106.6 1.3 1.0 3.0
