-150.067 61.2626
-149.988 61.2105
-149.910 61.1688
-149.792 61.1376
-149.694 61.1168
-149.596 61.1064
-149.459 61.0961
-149.321 61.0962
-149.165 61.1067
-149.047 61.1173
-148.851 61.1487
-148.675 61.1906
-148.498 61.2533
-148.361 61.316
-148.263 61.3579
-148.185 61.4101
-148.068 61.5041
-147.970 61.6085
-147.911 61.6816
-147.892 61.7964
-147.931 61.9007
-148.030 62.005
-148.128 62.0675
-148.285 62.1509
-148.403 62.1925
-148.560 62.2446
-148.756 62.2862
-148.913 62.3174
-149.070 62.3381
-149.266 62.3693
-149.462 62.39
-149.658 62.4003
-149.874 62.4001
-150.089 62.3687
-150.187 62.3164
-150.305 62.2537
-150.363 62.1911
-150.422 62.0971
-150.441 62.0032
-150.441 61.9197
-150.441 61.8154
-150.401 61.7111
-150.362 61.638
-150.303 61.5233
-150.263 61.4607
-150.224 61.4086
-150.185 61.346
-150.126 61.3147
-150.087 61.273
-150.067 61.2626
