210.86767 61.59816 -9.952 -5.888 0.601 0.667 0.000  ATWC
206.64609 59.37030 -6.579 -5.800 0.496 0.586 0.000  AUGL
213.35302 60.23747 -15.250 25.048 0.807 0.721 0.000  CHI1
213.35344 60.23751 -15.893 33.058 0.445 0.552 0.000  CHI3
213.35348 60.23774 -15.996 41.452 0.567 0.603 0.000  CHI4
210.15508 61.16584 -15.194 7.496 0.502 0.576 0.000  CMJV
207.80657 57.61769 -12.760 22.798 0.429 0.537 0.000  KDK1
208.64982 60.67508 -4.475 -0.893 0.428 0.537 0.000  KEN1
207.49862 57.73511 -9.958 16.099 0.477 0.572 0.000  KODK
213.30317 61.05626 -16.038 26.376 0.452 0.550 0.000  POT3
208.29333 59.44571 -5.798 -1.802 0.532 0.603 0.000  SELD
210.21975 61.22920 -12.900 18.575 0.782 0.803 0.000  ZAN1
210.22243 61.16007 -15.704 10.842 1.318 0.929 0.000  1000
209.44861 59.52490 -11.283 14.158 2.060 1.516 0.000  2201
210.45712 61.57123 -18.713 5.009 1.182 0.956 0.000  4A1A
205.82539 56.94108 -10.850 21.624 1.077 0.899 0.000  AHKI
210.93613 60.89307 -14.042 19.843 1.304 0.929 0.000  ALAS
212.74563 60.88408 -21.031 37.135 0.893 0.808 0.000  ANCR
208.32341 59.67374 -4.404 2.168 2.539 2.780 0.000   B86
209.75223 60.45542 -11.504 10.847 1.200 0.974 0.000  BEAR
204.80855 58.28106 -8.182 7.651 0.710 0.681 0.000  BKDM
208.79433 61.68296 -3.892 1.517 0.633 0.645 0.000  BLGA
210.94736 61.54591 -6.758 3.674 1.808 1.242 0.000  BODE
209.14811 59.75513 -8.431 7.081 0.631 0.633 0.000  BRAD
210.81519 60.80432 -12.562 21.403 0.595 0.627 0.000  C85G
207.84213 57.61874 1.036 17.931 3.448 1.977 0.000  CHIN
211.98709 60.06846 -23.780 53.260 0.634 0.647 0.000  CHNG
211.46322 61.76466 -13.651 16.394 4.109 2.977 0.000  CKLN
207.49375 57.65219 -11.993 16.342 1.862 1.347 0.000  CLAM
212.05287 61.07038 -21.606 36.767 2.019 1.493 0.000  COGH
210.27906 60.38298 -16.601 23.169 1.814 1.322 0.000  CPLK
210.25455 60.48944 -13.470 18.046 0.566 0.609 0.000   CPR
206.91245 60.43470 185.323 1167.858 973.495 758.147 0.000  CRSC
208.96999 60.49687 -6.790 -1.653 2.199 1.352 0.000   D79
210.51212 60.65402 -13.099 20.025 0.535 0.597 0.000  DAHL
205.31771 58.08800 -2.406 4.870 1.515 1.205 0.000  DAKA
208.77207 60.58787 -2.930 -5.778 0.779 0.716 0.000  DIAN
212.55360 60.73148 -20.743 42.732 1.054 0.934 0.000  DIXI
210.47131 61.25749 -15.339 8.834 0.557 0.600 0.000  EAGL
208.00615 58.91276 709.765 -181.490 913.198 550.468 0.000  EAMA
208.08725 59.36053 2.169 -2.646 3.404 2.419 0.000  EBAY
208.16181 60.48463 -3.229 -3.406 0.702 0.706 0.000  EKG3
210.65875 61.46278 -11.096 2.979 2.202 1.424 0.000  EKLU
211.02429 60.81847 -16.668 23.809 1.796 1.236 0.000  ENDI
211.91726 60.59588 -22.037 45.125 0.808 0.787 0.000  ENUN
210.76496 61.71682 -6.421 6.783 2.000 1.535 0.000  FSHK
210.11758 61.52474 -8.344 4.131 0.675 0.707 0.000  FSHL
211.60810 60.70667 -16.820 38.615 0.853 0.771 0.000  GAIN
210.71026 61.72827 -8.119 3.230 0.621 0.648 0.000  GOVP
210.41848 60.56437 -13.778 19.561 0.974 0.796 0.000  GRAV
208.68038 60.57956 -1.372 -1.792 0.774 0.725 0.000   H81
211.90865 61.00556 -20.997 31.976 0.784 0.715 0.000   HAM
207.72877 60.39035 -0.509 -5.723 1.427 1.182 0.000  HAR3
210.28072 61.10614 -12.902 9.736 1.169 0.875 0.000  HILS
208.50845 59.63899 -6.336 -1.727 0.508 0.574 0.000  HOMA
210.95213 60.84155 -16.047 23.329 1.004 0.827 0.000  INCK
210.46515 60.98309 -12.415 12.267 1.580 1.034 0.000  INDI
210.25439 61.02066 -13.568 8.663 1.219 0.829 0.000  ISLZ
210.35645 60.18298 -17.860 32.955 1.302 0.898 0.000  JANE
208.75871 60.57885 -0.434 -6.706 0.808 0.764 0.000  KIRT
206.11350 59.89570 -3.237 -6.080 1.918 1.437 0.000  KNUT
207.50270 57.73991 -13.353 15.468 0.556 0.584 0.000  KOD2
209.78409 60.52434 -10.633 11.266 1.053 0.799 0.000   M78
207.80385 57.61400 -7.907 27.043 3.976 1.855 0.000  MCGA
207.81034 57.61921 115.942 15.049 78.706 62.143 0.000  MCGB
209.34641 60.08877 -9.966 9.713 1.064 0.894 0.000  MENA
210.94395 61.67558 -9.355 6.631 1.130 0.819 0.000  MOS2
212.09222 59.82484 -27.262 55.084 1.118 0.931 0.000  MOTG
209.51731 60.73518 -7.883 9.224 0.894 0.768 0.000  MPEN
210.97296 61.62921 -5.408 4.044 1.647 1.355 0.000  MSB2
209.26312 61.47339 -8.923 11.475 2.320 1.706 0.000  MSUN
208.57023 60.18768 -1.384 -1.053 0.707 0.678 0.000   N82
204.40939 58.62588 -5.500 -0.633 0.914 0.800 0.000  NARM
208.60075 60.68296 -1.396 -2.098 0.895 0.758 0.000   NIK
208.60851 60.68530 -1.925 -3.178 0.650 0.643 0.000  NIK2
208.28424 60.00854 -4.608 -4.009 0.759 0.703 0.000  NINI
204.83995 58.26525 -14.643 3.553 4.848 3.371 0.000  NOVR
210.54896 61.42085 -14.194 5.084 2.069 1.707 0.000  NWOD
210.10029 59.74845 -12.972 20.225 1.227 0.899 0.000   NWP
210.45293 60.53477 -12.871 21.684 2.127 1.582 0.000  P118
207.54222 57.43602 -15.172 28.583 2.236 1.139 0.000  PASA
210.88408 61.02824 -16.117 18.629 1.447 1.142 0.000  POOR
209.93595 60.48696 -14.598 16.287 1.327 1.086 0.000  POPL
209.94417 60.48499 -13.077 13.378 1.425 1.428 0.000  POPZ
210.53854 61.88829 -6.395 3.985 1.020 0.854 0.000  PRSP
211.17041 60.77121 -15.412 28.731 0.574 0.630 0.000  PRTG
211.91064 61.80459 -4.680 17.721 1.644 1.185 0.000  PURI
207.69626 60.62988 -4.605 -1.814 1.351 1.114 0.000  QRRY
210.60408 61.54243 -9.923 1.807 0.654 0.654 0.000  REED
210.59282 59.86519 -16.972 41.788 0.756 0.712 0.000  RGGI
212.06711 60.65374 -21.997 44.724 0.897 0.794 0.000   ROC
210.55824 61.58049 -5.875 -1.360 3.357 1.856 0.000    S1
210.12938 61.64430 -5.720 5.052 1.155 0.876 0.000  S103
209.26858 60.52969 -8.153 4.441 0.778 0.702 0.000  S79R
205.86414 56.54028 -15.032 31.627 0.796 0.723 0.000  SITK
207.39060 57.80234 -11.912 12.798 0.974 0.896 0.000   SKI
209.70421 60.35294 -12.360 13.934 1.477 1.176 0.000  SKLK
208.94785 60.47524 -2.123 3.131 1.136 0.954 0.000  SXQC
208.95827 60.47594 -8.511 0.148 2.214 1.632 0.000  SXQD
210.94245 61.65727 -8.597 10.816 2.523 1.559 0.000  T18N
210.57139 60.11921 -16.104 34.376 0.730 0.693 0.000   T19
210.73044 61.77286 -9.203 4.378 1.664 1.092 0.000  T20N
211.90981 60.36268 -22.921 50.254 0.674 0.673 0.000  THIN
210.57975 60.50151 -15.241 24.747 0.521 0.599 0.000  TRLK
210.45670 60.93053 -13.075 13.844 0.848 0.811 0.000  TURN
210.62935 60.42859 -18.370 33.175 4.952 3.588 0.000   U76
210.55760 60.09849 -13.600 33.710 0.549 0.591 0.000  UAMF
205.03905 58.42898 -5.394 1.439 0.830 0.696 0.000  UNAM
210.18813 60.49061 -16.927 21.577 2.497 1.900 0.000   V77
210.04720 61.17450 -9.083 8.023 1.235 0.870 0.000  VDUS
213.74876 61.13278 -17.352 30.228 4.099 2.516 0.000  VDZW
208.75605 60.33173 -1.917 -2.664 0.873 0.799 0.000   W81
208.23805 59.90193 -5.334 -5.594 1.691 1.218 0.000   W86
210.60982 59.98681 -15.026 40.274 1.417 1.148 0.000  WLKR
209.94763 61.75422 -3.299 2.025 1.262 0.941 0.000  Z22A
208.38074 60.08081 -4.724 -5.940 0.858 0.778 0.000   Z82
205.30174 59.89932 -4.585 -1.978 0.518 0.605 0.000  AB22
205.81696 56.95059 -15.683 22.372 0.488 0.581 0.000  AC02
208.13547 59.77064 -9.542 2.191 0.683 0.747 0.000  AC03
209.10944 59.76364 -10.019 10.019 0.481 0.579 0.000  AC06
206.35530 58.92878 -8.213 5.991 0.704 0.741 0.000  AC08
212.00042 60.84870 -21.157 41.935 0.638 0.703 0.000  AC14
210.27599 60.48133 -15.603 24.859 0.480 0.580 0.000  AC15
211.90677 60.51820 -22.223 47.851 0.615 0.690 0.000  AC16
207.59615 60.66390 -5.039 -0.263 0.530 0.617 0.000  AC17
210.64750 60.92921 -17.837 24.345 0.473 0.573 0.000  AC20
209.12205 60.47509 -9.697 3.509 0.596 0.675 0.000  AC23
203.34724 58.68157 -7.116 1.165 0.519 0.607 0.000  AC24
205.83712 59.25251 -6.902 -0.989 0.463 0.563 0.000  AC27
209.26308 61.47312 -11.312 6.613 0.544 0.627 0.000  AC32
206.72082 57.22003 -17.963 22.144 0.518 0.606 0.000  AC34
209.20675 59.37581 -14.866 16.818 0.520 0.609 0.000  AC35
209.39165 60.95532 -11.464 1.330 0.741 0.797 0.000  AC36
206.13462 60.43969 -1.384 -1.832 0.679 0.730 0.000  AC37
206.65813 57.75369 -11.941 12.544 0.475 0.572 0.000  AC38
207.60593 58.60972 -7.414 5.061 0.509 0.602 0.000  AC39
210.37126 59.52128 -16.326 38.882 0.623 0.699 0.000  AC43
205.81904 56.56445 -16.352 29.427 0.524 0.608 0.000  AC45
208.47600 61.98627 -7.575 -0.055 0.519 0.612 0.000  AC46
207.37606 60.08145 -8.378 1.655 0.684 0.732 0.000  AC47
212.65698 60.64586 -21.650 44.935 0.633 0.704 0.000  AC48
208.16465 61.49808 -5.141 -2.170 0.639 0.709 0.000  AC51
209.93105 61.76897 -10.680 9.128 0.522 0.614 0.000  AC53
206.41480 59.56720 -7.102 -2.297 0.459 0.561 0.000  AC59
207.57457 57.79072 -13.943 21.450 0.517 0.606 0.000  AC67
206.53920 59.35853 -7.637 -1.518 0.520 0.608 0.000  AV01
206.57161 59.33297 -7.877 -1.600 0.517 0.606 0.000  AV02
206.55533 59.36258 -5.003 -2.992 0.540 0.621 0.000  AV04
206.64532 59.37063 -7.881 -1.354 0.531 0.617 0.000  AV11
206.46496 59.38591 -7.897 -1.297 0.529 0.616 0.000  AV16
206.54855 59.40395 -8.594 -1.313 0.538 0.620 0.000  AV17
206.56316 59.38043 -1.835 -0.413 0.529 0.617 0.000  AV18
206.58567 59.35491 -6.105 -3.981 0.543 0.618 0.000  AV19
206.57179 59.34738 -6.690 -2.588 0.550 0.625 0.000  AV20
210.13676 61.15574 -14.705 14.971 0.501 0.592 0.000  ACCU
210.00323 61.18238 -14.222 17.217 0.489 0.578 0.000  ANC1
210.86771 61.59775 -16.073 19.420 0.452 0.558 0.000  ATW2
213.35344 60.23751 -14.578 29.738 0.554 0.635 0.000  CHI3
213.35348 60.23774 -15.164 31.452 0.545 0.631 0.000  CHI4
213.35343 60.23751 -19.879 35.750 1.133 1.011 0.000  CHI5
207.80657 57.61769 -13.154 24.495 0.574 0.652 0.000  KDK1
207.80612 57.61759 -13.214 25.221 0.574 0.652 0.000  KDK2
208.64982 60.67508 -9.204 3.768 0.554 0.636 0.000  KEN1
208.64984 60.67481 -7.665 2.495 0.571 0.644 0.000  KEN2
208.64982 60.67508 -2.747 -0.451 0.652 0.715 0.000  KEN5
208.64983 60.67480 -3.615 0.304 0.688 0.734 0.000  KEN6
207.80657 57.61769 -13.790 26.435 0.604 0.679 0.000  KOD5
207.80612 57.61759 -12.861 27.260 0.606 0.680 0.000  KOD6
207.49862 57.73511 -10.617 22.051 6.356 4.113 0.000  KODK
213.30317 61.05626 -15.983 29.016 0.552 0.631 0.000  POT3
213.30265 61.05631 -15.388 28.362 0.551 0.632 0.000  POT4
213.30316 61.05626 -16.559 27.369 0.649 0.709 0.000  POT5
213.30264 61.05631 -16.670 27.695 0.654 0.711 0.000  POT6
208.29333 59.44571 -5.974 3.534 0.457 0.561 0.000  SELD
207.79083 61.20031 -6.362 -3.180 1.131 1.041 0.000  SPCR
210.21486 61.17972 -15.972 16.571 0.519 0.603 0.000  TBON
210.10503 61.18733 -14.055 15.789 0.466 0.565 0.000  TSEA
210.17591 61.19107 -14.238 17.608 0.472 0.567 0.000  UAAG
210.21975 61.22920 -14.724 16.714 0.466 0.565 0.000  ZAN1
213.64040 61.12718 -16.615 26.712 1.427 1.041 0.000  4240
209.75223 60.45542 -11.859 17.287 3.809 2.370 0.000  BEAR
211.46322 61.76466 -21.039 21.172 1.309 1.030 0.000  CKLN
210.25455 60.48944 -15.396 25.116 1.126 0.893 0.000   CPR
210.51212 60.65402 -16.174 27.693 0.922 0.809 0.000  DAHL
210.11758 61.52474 -12.817 13.651 0.785 0.738 0.000  FSHL
213.70798 60.63964 -11.643 32.273 1.151 0.876 0.000  GRIS
213.29629 60.72296 -16.305 30.323 0.568 0.623 0.000  GULL
208.50845 59.63899 -7.841 5.672 1.301 1.030 0.000  HOMA
210.25439 61.02066 -15.671 20.693 0.927 0.734 0.000  ISLZ
213.32294 60.94338 -16.949 28.747 0.910 0.836 0.000  MIST
210.94395 61.67558 -14.930 17.117 0.868 0.765 0.000  MOS2
209.51731 60.73518 -8.132 14.586 1.916 1.376 0.000  MPEN
213.92359 60.74500 -12.964 32.530 0.851 0.760 0.000  NATI
208.28424 60.00854 -7.751 2.729 0.694 0.680 0.000  NINI
211.91064 61.80459 -17.354 19.699 0.952 0.831 0.000  PURI
210.60408 61.54243 -15.690 18.260 0.666 0.661 0.000  REED
213.64204 60.44782 -15.778 28.549 1.115 0.926 0.000  RUB2
210.12938 61.64430 -16.189 12.249 0.894 0.790 0.000  S103
208.94785 60.47524 -5.472 9.297 1.084 0.917 0.000  SXQC
210.57975 60.50151 -16.528 28.481 1.256 1.031 0.000  TRLK
210.45670 60.93053 -15.025 18.522 0.677 0.692 0.000  TURN
210.55760 60.09849 -16.030 30.680 1.745 1.146 0.000  UAMF
210.60982 59.98681 -29.010 33.602 2.705 1.684 0.000  WLKR
205.30174 59.89932 -3.950 -1.406 0.712 0.757 0.000  AB22
205.81696 56.95059 -15.379 25.089 0.688 0.745 0.000  AC02
208.13547 59.77064 -0.006 -4.418 0.673 0.741 0.000  AC03
209.10944 59.76364 -6.854 6.530 0.692 0.749 0.000  AC06
206.35530 58.92878 -7.623 6.326 0.723 0.763 0.000  AC08
212.00042 60.84870 -19.103 42.912 0.728 0.768 0.000  AC14
210.27599 60.48133 -15.160 17.789 0.700 0.754 0.000  AC15
211.90677 60.51820 -18.232 46.942 0.679 0.744 0.000  AC16
207.59615 60.66390 -4.172 -3.232 0.682 0.745 0.000  AC17
207.75047 58.92596 -9.006 3.115 0.694 0.751 0.000  AC18
210.64750 60.92921 -16.669 18.271 0.716 0.756 0.000  AC20
209.12205 60.47509 -10.639 1.013 0.675 0.741 0.000  AC23
203.34724 58.68157 -6.921 1.508 0.681 0.742 0.000  AC24
205.84971 58.21456 -9.451 9.417 0.685 0.744 0.000  AC26
205.83712 59.25251 -6.868 -0.208 0.706 0.754 0.000  AC27
209.26308 61.47312 -6.758 4.499 0.682 0.745 0.000  AC32
206.72082 57.22003 -18.069 23.241 0.689 0.745 0.000  AC34
209.20675 59.37581 -5.471 7.930 0.686 0.746 0.000  AC35
209.39165 60.95532 -9.938 6.574 0.680 0.744 0.000  AC36
206.13462 60.43969 -2.691 -2.038 0.683 0.744 0.000  AC37
206.65813 57.75369 -12.295 12.988 0.714 0.756 0.000  AC38
207.60593 58.60972 -8.394 3.755 0.674 0.740 0.000  AC39
210.37126 59.52128 -13.111 39.538 0.668 0.738 0.000  AC43
210.43287 61.24217 -15.270 11.040 0.677 0.742 0.000  AC44
205.81904 56.56445 -15.447 29.882 0.695 0.748 0.000  AC45
208.47600 61.98627 -5.238 -0.025 0.670 0.739 0.000  AC46
207.37606 60.08145 -2.718 -4.006 0.687 0.746 0.000  AC47
212.65698 60.64586 -20.949 43.163 0.673 0.740 0.000  AC48
208.16465 61.49808 -4.619 -0.727 0.674 0.741 0.000  AC51
209.93105 61.76897 -8.090 5.046 0.680 0.743 0.000  AC53
206.41480 59.56720 -5.284 -1.186 0.681 0.744 0.000  AC59
207.57457 57.79072 -15.141 20.879 0.685 0.746 0.000  AC67
206.53920 59.35853 -6.742 -1.571 0.705 0.753 0.000  AV01
206.57161 59.33297 -6.512 -0.597 0.688 0.744 0.000  AV02
206.55533 59.36258 -2.411 -1.492 0.782 0.793 0.000  AV04
206.64532 59.37063 -5.486 -1.540 0.694 0.749 0.000  AV11
206.46496 59.38591 -5.956 -1.416 0.697 0.750 0.000  AV16
206.54855 59.40395 -5.732 -1.040 0.687 0.746 0.000  AV17
206.56316 59.38043 0.462 -0.876 0.698 0.753 0.000  AV18
206.58567 59.35491 -3.974 -3.827 0.764 0.763 0.000  AV19
206.57179 59.34738 -4.734 -1.545 0.716 0.757 0.000  AV20
210.13676 61.15574 -14.895 11.733 0.717 0.762 0.000  ACCU
210.01656 61.17522 -13.988 9.942 0.697 0.760 0.000  ANC2
210.86771 61.59775 -12.942 9.333 0.684 0.747 0.000  ATW2
213.35343 60.23751 -14.084 30.697 1.239 1.076 0.000  CHI5
208.64982 60.67508 -6.269 -2.224 0.709 0.758 0.000  KEN5
208.64983 60.67480 -7.241 -1.109 0.772 0.790 0.000  KEN6
207.80657 57.61769 -14.663 27.306 0.684 0.744 0.000  KOD5
207.80612 57.61759 -14.602 28.363 0.684 0.745 0.000  KOD6
213.30316 61.05626 -20.088 19.721 0.723 0.753 0.000  POT5
213.30264 61.05631 -15.700 26.314 0.687 0.741 0.000  POT6
208.29333 59.44571 -6.781 -1.844 0.685 0.744 0.000  SELD
207.62762 61.25915 -2.170 5.161 0.724 0.764 0.000  SPBG
207.97759 61.29122 -4.590 -0.803 0.690 0.749 0.000  SPCG
207.79083 61.20031 -4.133 -2.341 0.699 0.756 0.000  SPCR
210.21486 61.17972 -15.033 10.453 0.680 0.745 0.000  TBON
210.10503 61.18733 -14.538 9.420 0.676 0.742 0.000  TSEA
210.17591 61.19107 -15.279 10.969 0.683 0.746 0.000  UAAG
210.21975 61.22920 -13.927 9.598 0.684 0.746 0.000  ZAN1
205.30174 59.89932 -6.977 -1.291 0.546 0.627 0.000  AB22
205.81696 56.95059 -15.631 21.258 0.539 0.623 0.000  AC02
208.13547 59.77064 -10.760 4.636 0.531 0.620 0.000  AC03
209.10944 59.76364 -11.978 13.911 0.534 0.622 0.000  AC06
206.35530 58.92878 -10.620 6.434 0.551 0.629 0.000  AC08
210.27599 60.48133 -18.611 23.698 0.537 0.624 0.000  AC15
207.59615 60.66390 -7.846 0.594 0.532 0.621 0.000  AC17
207.75047 58.92596 -9.266 6.280 0.536 0.623 0.000  AC18
210.64750 60.92921 -19.233 19.819 0.544 0.625 0.000  AC20
209.12205 60.47509 -11.611 10.981 0.530 0.620 0.000  AC23
203.34724 58.68157 -8.224 1.014 0.538 0.622 0.000  AC24
205.84971 58.21456 -8.099 8.415 0.536 0.622 0.000  AC26
209.26308 61.47312 -9.346 7.689 0.541 0.625 0.000  AC32
206.72082 57.22003 -18.328 22.334 0.536 0.622 0.000  AC34
209.20675 59.37581 -15.018 19.025 0.531 0.620 0.000  AC35
209.39165 60.95532 -12.347 13.433 0.530 0.620 0.000  AC36
206.13462 60.43969 -6.098 -0.373 0.541 0.625 0.000  AC37
206.65813 57.75369 -14.300 13.038 0.548 0.626 0.000  AC38
207.60593 58.60972 -9.331 5.270 0.531 0.620 0.000  AC39
210.37126 59.52128 -18.191 40.010 0.526 0.618 0.000  AC43
210.43287 61.24217 -16.644 17.389 0.531 0.621 0.000  AC44
205.81904 56.56445 -17.634 29.076 0.541 0.624 0.000  AC45
209.93105 61.76897 -10.812 9.822 0.533 0.621 0.000  AC53
206.41480 59.56720 -8.805 -1.081 0.535 0.622 0.000  AC59
207.57457 57.79072 -14.667 18.055 0.536 0.622 0.000  AC67
212.59696 59.99787 -19.431 50.102 0.527 0.618 0.000  AC79
206.53920 59.35853 -9.187 -0.429 0.544 0.625 0.000  AV01
206.57161 59.33297 -8.935 -0.565 0.538 0.623 0.000  AV02
206.64532 59.37063 -9.228 -0.766 0.539 0.624 0.000  AV11
206.46496 59.38591 -9.037 -0.793 0.538 0.623 0.000  AV16
206.54855 59.40395 -9.513 -0.622 0.536 0.623 0.000  AV17
206.56316 59.38043 -4.103 -0.703 0.541 0.626 0.000  AV18
206.57179 59.34738 -8.881 -0.079 0.542 0.624 0.000  AV20
210.01656 61.17522 -14.664 16.183 0.530 0.620 0.000  ANC2
210.86771 61.59775 -16.789 12.092 0.533 0.622 0.000  ATW2
213.35343 60.23751 -17.653 32.380 0.540 0.624 0.000  CHI5
213.35347 60.23774 -17.672 32.808 0.567 0.651 0.000  CHI6
208.46881 59.64168 -10.608 7.692 0.532 0.621 0.000  HDPW
208.64982 60.67508 -9.894 6.852 0.537 0.624 0.000  KEN5
208.64983 60.67480 -10.449 5.505 0.555 0.632 0.000  KEN6
207.80612 57.61759 -16.348 27.192 0.540 0.624 0.000  KOD6
208.74217 59.74608 -9.949 10.424 0.531 0.621 0.000  MCES
208.72776 59.57271 -10.023 11.490 0.531 0.621 0.000  PBAY
213.30316 61.05626 -17.446 29.569 0.532 0.618 0.000  POT5
213.30264 61.05631 -16.431 28.855 0.531 0.618 0.000  POT6
207.19476 60.59076 -8.076 -1.680 0.536 0.623 0.000  RDJH
207.15636 60.48681 -7.879 -0.035 0.534 0.622 0.000  RDWB
208.29333 59.44571 -10.903 7.651 0.536 0.622 0.000  SELD
207.62762 61.25915 -4.852 3.665 0.546 0.629 0.000  SPBG
207.97759 61.29122 -8.420 1.610 0.564 0.636 0.000  SPCG
207.84452 61.26553 -8.632 1.810 0.540 0.624 0.000  SPCP
207.79083 61.20031 -7.408 2.721 0.534 0.623 0.000  SPCR
210.21486 61.17972 -15.751 16.365 0.533 0.622 0.000  TBON
210.10503 61.18733 -15.493 16.751 0.531 0.621 0.000  TSEA
210.17591 61.19107 -14.763 13.263 0.770 0.813 0.000  UAAG
210.21975 61.22920 -15.193 16.559 0.535 0.622 0.000  ZAN1
209.44861 59.52490 -17.607 19.010 1.107 0.943 0.000  2201
210.93613 60.89307 -10.368 22.908 1.965 1.291 0.000  ALAS
208.32341 59.67374 -13.150 8.540 2.532 1.870 0.000   B86
209.75223 60.45542 -10.633 14.997 2.605 1.972 0.000  BEAR
211.46322 61.76466 1.140 11.759 2.996 2.297 0.000  CKLN
210.27906 60.38298 -19.373 24.349 1.357 1.180 0.000  CPLK
210.25455 60.48944 -23.428 15.798 1.326 1.123 0.000   CPR
210.51212 60.65402 -17.018 25.154 2.737 2.125 0.000  DAHL
206.82620 59.67726 -11.023 -0.885 1.210 0.947 0.000  DRYB
208.00615 58.91276 -11.569 9.936 2.972 1.781 0.000  EAMA
208.08725 59.36053 -10.112 1.865 1.820 1.431 0.000  EBAY
210.11758 61.52474 -6.714 12.169 1.832 1.596 0.000  FSHL
210.41848 60.56437 -20.246 23.544 2.596 1.656 0.000  GRAV
208.50845 59.63899 -9.227 9.496 1.491 1.203 0.000  HOMA
210.95213 60.84155 -19.856 25.785 1.422 1.166 0.000  INCK
210.25439 61.02066 -15.139 16.782 1.307 0.999 0.000  ISLZ
210.35645 60.18298 -15.505 33.020 1.588 1.093 0.000  JANE
206.11350 59.89570 -8.286 -3.781 1.551 1.169 0.000  KNUT
210.94395 61.67558 -20.063 15.552 1.625 1.265 0.000  MOS2
209.51731 60.73518 -10.261 12.762 2.338 1.601 0.000  MPEN
208.28424 60.00854 -9.347 5.769 1.041 0.905 0.000  NINI
210.10029 59.74845 -6.982 30.452 1.790 1.166 0.000   NWP
209.93595 60.48696 -20.446 22.149 1.345 1.126 0.000  POPL
211.91064 61.80459 -13.812 22.256 1.404 1.218 0.000  PURI
210.60408 61.54243 -12.826 14.575 1.720 1.468 0.000  REED
210.59282 59.86519 -20.678 40.841 1.178 1.037 0.000  RGGI
209.26858 60.52969 -15.255 11.593 2.488 1.785 0.000  S79R
208.94785 60.47524 -13.601 9.846 2.182 1.697 0.000  SXQC
208.95827 60.47594 -12.986 8.291 1.306 1.113 0.000  SXQD
210.57975 60.50151 -17.043 30.213 2.163 1.831 0.000  TRLK
210.45670 60.93053 -18.150 18.084 1.346 1.188 0.000  TURN
210.55760 60.09849 -18.302 36.295 1.366 1.047 0.000  UAMF
209.96743 59.79009 -13.306 29.580 1.242 1.001 0.000   UNF
208.75605 60.33173 -16.793 -1.853 2.731 2.054 0.000   W81
210.60982 59.98681 -27.833 36.540 2.025 1.333 0.000  WLKR
208.38074 60.08081 -13.723 12.607 3.004 2.087 0.000   Z82
