1.000 1.000 1.000 1.000 1.000 1.000 1.000 1.000 1.000 1.000 1.000 1.000 1.000 1.000 1.000 1.000 1.000 1.000 1.000 1.000 1.000 1.000 1.000 1.000 1.000 1.000 1.000 1.000 1.000 1.000 1.000 1.000 1.000 0.000 0.000 0.000 0.000 0.000 0.000 0.000 0.000 0.000 
1.000 1.000 1.000 1.000 1.000 1.000 1.000 1.000 1.000 1.000 1.000 1.000 1.000 1.000 1.000 1.000 1.000 1.000 1.000 1.000 1.000 1.000 1.000 1.000 1.000 1.000 1.000 1.000 1.000 1.000 1.000 1.000 1.000 0.000 0.000 0.000 0.000 0.000 0.000 0.000 0.000 0.000 
1.000 1.000 1.000 1.000 1.000 1.000 1.000 1.000 1.000 1.000 1.000 1.000 1.000 1.000 1.000 1.000 1.000 1.000 1.000 1.000 1.000 1.000 1.000 1.000 1.000 1.000 1.000 0.776 0.776 0.776 1.000 1.000 1.000 0.000 0.000 0.000 0.000 0.000 0.000 0.000 0.000 0.000 
1.000 1.000 1.000 1.000 1.000 1.000 1.000 1.000 1.000 1.000 1.000 1.000 1.000 1.000 1.000 1.000 1.000 1.000 1.000 1.000 1.000 1.000 1.000 1.000 1.000 1.000 1.000 0.776 0.776 0.776 1.000 1.000 1.000 0.000 0.000 0.000 0.000 0.000 0.000 0.000 0.000 0.000 
1.000 1.000 1.000 0.856 0.856 0.856 1.000 1.000 1.000 1.000 1.000 1.000 1.000 1.000 1.000 0.653 0.653 0.653 0.041 0.041 0.041 0.257 0.257 0.257 0.651 0.651 0.651 0.202 0.202 0.202 0.917 0.917 0.917 0.000 0.000 0.000 0.000 0.000 0.000 0.000 0.000 0.000 
1.000 1.000 1.000 0.856 0.856 0.856 1.000 1.000 1.000 1.000 1.000 1.000 1.000 1.000 1.000 0.653 0.653 0.653 0.041 0.041 0.041 0.257 0.257 0.257 0.651 0.651 0.651 0.202 0.202 0.202 0.917 0.917 0.917 0.000 0.000 0.000 0.000 0.000 0.000 0.000 0.000 0.000 
1.000 1.000 1.000 1.000 1.000 1.000 1.000 1.000 1.000 0.978 0.978 0.978 0.759 0.759 0.759 0.177 0.177 0.177 0.106 0.106 0.106 0.000 0.000 0.000 0.000 0.000 0.000 0.000 0.000 0.000 0.263 0.263 0.263 0.000 0.000 0.000 0.000 0.000 0.000 0.000 0.000 0.000 
1.000 1.000 1.000 1.000 1.000 1.000 1.000 1.000 1.000 0.978 0.978 0.978 0.759 0.759 0.759 0.177 0.177 0.177 0.106 0.106 0.106 0.000 0.000 0.000 0.000 0.000 0.000 0.000 0.000 0.000 0.263 0.263 0.263 0.000 0.000 0.000 0.000 0.000 0.000 0.000 0.000 0.000 
0.000 0.000 0.000 0.000 0.000 0.000 0.000 0.000 0.000 0.000 0.000 0.000 0.283 0.283 0.283 0.232 0.232 0.232 0.121 0.121 0.121 0.015 0.015 0.015 0.000 0.000 0.000 0.000 0.000 0.000 0.038 0.038 0.038 0.000 0.000 0.000 0.000 0.000 0.000 0.000 0.000 0.000 
0.000 0.000 0.000 0.000 0.000 0.000 0.000 0.000 0.000 0.000 0.000 0.000 0.283 0.283 0.283 0.232 0.232 0.232 0.121 0.121 0.121 0.015 0.015 0.015 0.000 0.000 0.000 0.000 0.000 0.000 0.038 0.038 0.038 0.000 0.000 0.000 0.000 0.000 0.000 0.000 0.000 0.000 
0.000 0.000 0.000 0.000 0.000 0.000 0.000 0.000 0.000 0.000 0.000 0.000 0.498 0.498 0.498 0.324 0.324 0.324 0.104 0.104 0.104 0.055 0.055 0.055 0.000 0.000 0.000 0.000 0.000 0.000 0.000 0.000 0.000 0.000 0.000 0.000 0.000 0.000 0.000 0.000 0.000 0.000 
0.000 0.000 0.000 0.000 0.000 0.000 0.000 0.000 0.000 0.000 0.000 0.000 0.498 0.498 0.498 0.324 0.324 0.324 0.104 0.104 0.104 0.055 0.055 0.055 0.000 0.000 0.000 0.000 0.000 0.000 0.000 0.000 0.000 0.000 0.000 0.000 0.000 0.000 0.000 0.000 0.000 0.000 
0.000 0.000 0.000 0.000 0.000 0.000 0.000 0.000 0.000 0.000 0.000 0.000 0.000 0.000 0.000 0.000 0.000 0.000 0.000 0.000 0.000 0.000 0.000 0.000 0.000 0.000 0.000 0.000 0.000 0.000 0.000 0.000 0.000 0.000 0.000 0.000 0.000 0.000 0.000 0.000 0.000 0.000 
0.000 0.000 0.000 0.000 0.000 0.000 0.000 0.000 0.000 0.000 0.000 0.000 0.000 0.000 0.000 0.000 0.000 0.000 0.000 0.000 0.000 0.000 0.000 0.000 0.000 0.000 0.000 0.000 0.000 0.000 0.000 0.000 0.000 0.000 0.000 0.000 0.000 0.000 0.000 0.000 0.000 0.000 
