1.000 1.000 1.000 1.000 1.000 1.000 1.000 1.000 1.000 1.000 1.000 1.000 1.000 1.000 1.000 1.000 1.000 1.000 1.000 1.000 1.000 1.000 1.000 1.000 1.000 1.000 1.000 1.000 1.000 1.000 1.000 1.000 1.000 0.000 0.000 0.000 0.000 0.000 0.000 0.000 0.000 0.000 
1.000 1.000 1.000 1.000 1.000 1.000 1.000 1.000 1.000 1.000 1.000 1.000 1.000 1.000 1.000 1.000 1.000 1.000 1.000 1.000 1.000 1.000 1.000 1.000 1.000 1.000 1.000 1.000 1.000 1.000 1.000 1.000 1.000 0.000 0.000 0.000 0.000 0.000 0.000 0.000 0.000 0.000 
1.000 1.000 1.000 1.000 1.000 1.000 1.000 1.000 1.000 1.000 1.000 1.000 1.000 1.000 1.000 1.000 1.000 1.000 1.000 1.000 1.000 1.000 1.000 1.000 1.000 1.000 1.000 0.762 0.762 0.762 1.000 1.000 1.000 0.000 0.000 0.000 0.000 0.000 0.000 0.000 0.000 0.000 
1.000 1.000 1.000 1.000 1.000 1.000 1.000 1.000 1.000 1.000 1.000 1.000 1.000 1.000 1.000 1.000 1.000 1.000 1.000 1.000 1.000 1.000 1.000 1.000 1.000 1.000 1.000 0.762 0.762 0.762 1.000 1.000 1.000 0.000 0.000 0.000 0.000 0.000 0.000 0.000 0.000 0.000 
1.000 1.000 1.000 0.908 0.908 0.908 1.000 1.000 1.000 1.000 1.000 1.000 1.000 1.000 1.000 0.597 0.597 0.597 0.096 0.096 0.096 0.451 0.451 0.451 0.752 0.752 0.752 0.258 0.258 0.258 0.969 0.969 0.969 0.000 0.000 0.000 0.000 0.000 0.000 0.000 0.000 0.000 
1.000 1.000 1.000 0.908 0.908 0.908 1.000 1.000 1.000 1.000 1.000 1.000 1.000 1.000 1.000 0.597 0.597 0.597 0.096 0.096 0.096 0.451 0.451 0.451 0.752 0.752 0.752 0.258 0.258 0.258 0.969 0.969 0.969 0.000 0.000 0.000 0.000 0.000 0.000 0.000 0.000 0.000 
1.000 1.000 1.000 1.000 1.000 1.000 1.000 1.000 1.000 1.000 1.000 1.000 0.862 0.862 0.862 0.168 0.168 0.168 0.115 0.115 0.115 -0.100 -0.100 -0.100 -0.102 -0.102 -0.102 0.016 0.016 0.016 0.288 0.288 0.288 0.000 0.000 0.000 0.000 0.000 0.000 0.000 0.000 0.000 
1.000 1.000 1.000 1.000 1.000 1.000 1.000 1.000 1.000 1.000 1.000 1.000 0.862 0.862 0.862 0.168 0.168 0.168 0.115 0.115 0.115 -0.100 -0.100 -0.100 -0.102 -0.102 -0.102 0.016 0.016 0.016 0.288 0.288 0.288 0.000 0.000 0.000 0.000 0.000 0.000 0.000 0.000 0.000 
-0.262 -0.262 -0.262 -0.295 -0.295 -0.295 -0.409 -0.409 -0.409 -0.433 -0.433 -0.433 0.507 0.507 0.507 0.250 0.250 0.250 0.158 0.158 0.158 0.183 0.183 0.183 -0.198 -0.198 -0.198 -0.136 -0.136 -0.136 0.041 0.041 0.041 0.000 0.000 0.000 0.000 0.000 0.000 0.000 0.000 0.000 
-0.262 -0.262 -0.262 -0.295 -0.295 -0.295 -0.409 -0.409 -0.409 -0.433 -0.433 -0.433 0.507 0.507 0.507 0.250 0.250 0.250 0.158 0.158 0.158 0.183 0.183 0.183 -0.198 -0.198 -0.198 -0.136 -0.136 -0.136 0.041 0.041 0.041 0.000 0.000 0.000 0.000 0.000 0.000 0.000 0.000 0.000 
-0.133 -0.133 -0.133 -0.138 -0.138 -0.138 -0.146 -0.146 -0.146 -0.055 -0.055 -0.055 0.485 0.485 0.485 0.290 0.290 0.290 0.133 0.133 0.133 0.142 0.142 0.142 -0.146 -0.146 -0.146 -0.131 -0.131 -0.131 -0.003 -0.003 -0.003 0.000 0.000 0.000 0.000 0.000 0.000 0.000 0.000 0.000 
-0.133 -0.133 -0.133 -0.138 -0.138 -0.138 -0.146 -0.146 -0.146 -0.055 -0.055 -0.055 0.485 0.485 0.485 0.290 0.290 0.290 0.133 0.133 0.133 0.142 0.142 0.142 -0.146 -0.146 -0.146 -0.131 -0.131 -0.131 -0.003 -0.003 -0.003 0.000 0.000 0.000 0.000 0.000 0.000 0.000 0.000 0.000 
0.000 0.000 0.000 0.000 0.000 0.000 0.000 0.000 0.000 0.000 0.000 0.000 0.000 0.000 0.000 0.000 0.000 0.000 0.000 0.000 0.000 0.000 0.000 0.000 0.000 0.000 0.000 0.000 0.000 0.000 0.000 0.000 0.000 0.000 0.000 0.000 0.000 0.000 0.000 0.000 0.000 0.000 
0.000 0.000 0.000 0.000 0.000 0.000 0.000 0.000 0.000 0.000 0.000 0.000 0.000 0.000 0.000 0.000 0.000 0.000 0.000 0.000 0.000 0.000 0.000 0.000 0.000 0.000 0.000 0.000 0.000 0.000 0.000 0.000 0.000 0.000 0.000 0.000 0.000 0.000 0.000 0.000 0.000 0.000 
