1000 -149.78 61.16 7.60198381523 -11.1394061112 3.77372768318
2201 -150.55 59.52 5.6253063037 -6.29622838371 2.56519773164
2210 -134.41 58.30 0.000997969379948 -0.00061284942898 -0.000774903956881
2400 -135.32 59.45 0.00315114854682 -0.00196344579732 -0.00208182420096
2437 -135.44 58.42 0.00239641034412 -0.0014592581451 -0.00182198569956
2447 -135.49 58.50 -0.000257393558905 0.000153297483268 0.000182077467832
2484 -135.66 57.96 0.0103611669245 -0.00643499975889 -0.00813243086706
2629 -136.33 58.26 0.045303228254 -0.0274079192234 -0.0331665677567
2915 -137.62 58.62 0.111010013122 -0.0662559698373 -0.0763633536679
2999 -142.08 64.03 -0.971937362955 -1.20474063529 -0.292582205443
2BAD -165.44 64.51 0.624936807941 -0.706396151001 -0.418181046288
3443 -141.36 59.93 0.512630324217 -0.290451389974 -0.114781598073
3444 -141.37 60.03 0.526079769415 -0.29108182344 -0.107750337111
3651 -163.03 64.54 0.905550469983 -1.12695925996 -0.611587451515
4050 -145.75 60.56 1.59666071476 -3.1508778815 0.92733079561
4240 -146.36 61.13 2.98000828255 -6.73558243424 2.26735050751
444C -141.37 60.03 0.526079769415 -0.29108182344 -0.107750337111
489F -136.82 59.97 0.0702168929566 -0.0533494938225 -0.0409718222745
4A1A -149.54 61.57 6.20556789284 -10.3851569752 3.07223733502
508F -136.36 59.45 0.0508241454992 -0.0313580919056 -0.0314335450946
7297 -145.43 62.69 0.255747590815 -6.40838193011 0.516604924172
875G -165.43 64.51 0.626235800421 -0.708056646894 -0.419036437638
923B -166.36 65.26 0.358992971136 -0.494503117807 -0.351288874753
A1 -153.44 59.38 9.88425509963 -9.32444823881 2.27701172198
A11 -153.39 59.35 9.88950764449 -9.43745674876 2.28637715124
A18 -153.59 59.57 9.81917387882 -8.93674788004 2.35145820237
A2 -153.43 59.37 9.88578335589 -9.34921002651 2.27666912418
A4 -153.42 59.36 9.88714919344 -9.37395495657 2.27648340414
A5 -153.52 59.38 9.87129481223 -9.16568199012 2.24136040095
A6 -153.44 59.37 9.88477063023 -9.32960786885 2.27192809881
A7 -153.45 59.36 9.88390724847 -9.31496788858 2.26228627558
A9 -153.41 59.32 9.88881839525 -9.41384639897 2.26203716401
ADZE -136.38 58.21 0.047111005538 -0.0285897061581 -0.0347271600006
AFGR -144.58 61.08 2.46926970808 -4.67986801435 1.5716667801
AHKI -154.18 56.94 2.65074320279 -4.11559449336 1.68370869571
AID1 -136.26 58.32 0.0425535691772 -0.0256488967991 -0.0309099339737
AKHB -165.73 54.10 0.0599075776825 0.0213982016131 -0.0120651661005
AKNA -156.65 58.67 6.13270850206 -2.85817586878 0.748482016485
AKNB -156.65 58.68 6.14693990163 -2.86509866181 0.751827090291
AKPS -165.85 54.15 0.0637201434326 0.0226079616104 -0.0128691479758
AKU -165.76 54.14 0.0637509403566 0.0227178927879 -0.0128471368282
ALAS -149.06 60.89 6.11313769648 -8.66915176228 3.3872672341
ALIF -132.00 53.19 0.000242195793291 -0.000207926393565 0.000136830752822
ALSE -138.32 59.18 0.155691743971 -0.0866797779799 -0.0963117963355
AMBE -141.48 60.01 0.545953022984 -0.312387754233 -0.101432856926
ANCR -147.25 60.88 2.73000386243 -5.13175973401 1.42096557391
ANCX -142.60 60.44 0.979288055275 -0.843599704042 0.139141713258
ANIT -137.10 58.86 0.0871062182065 -0.0508818791289 -0.0578768025054
ANNX -134.10 58.32 0.000456024264103 -0.000280642553419 -0.000358362424693
ATLI -133.71 59.59 8.41914730814e-05 -6.46757977402e-05 -7.27183576242e-05
ATT -145.85 63.50 -0.496524408102 -5.06889871597 -0.0666727438867
AUGB -153.42 59.41 9.88335584628 -9.34750577429 2.30261508996
AUGK -153.44 59.35 9.88537411098 -9.33973845222 2.26206563803
AUGM -153.35 59.37 9.88782886802 -9.50212885679 2.31726100564
AUGS -153.52 59.32 9.86880167057 -9.19244482638 2.21278924824
AUGW -153.54 59.38 9.8666610315 -9.12488254782 2.23324355401
B86 -151.68 59.67 8.38943505301 -10.3307302503 3.88696438064
BAGO -136.18 59.06 0.0415207137132 -0.0245362125857 -0.0272638217086
BCT5 -135.89 58.45 0.0256224516376 -0.0153556090001 -0.0184234607035
BEAR -150.25 60.46 6.51845486057 -8.61909861139 3.77016507965
BERG -143.70 60.39 1.26629610277 -1.58183971802 0.461392035671
BETF -161.84 60.79 2.80399802923 -1.2222444066 -0.208472296748
BETC -161.84 60.78 2.80458591496 -1.21925663613 -0.206140672349
BEUT -136.47 59.58 0.0559171060579 -0.0356874365066 -0.0340093522203
BKDM -155.19 58.28 7.09011328969 -4.85454408919 0.739577090107
BLF2 -145.68 60.65 1.77857518117 -3.57992036442 1.143624632
BLGA -151.21 61.68 7.29798348021 -9.783500381 1.88673437727
BLKP -132.54 56.59 1.05447484657e-06 -7.67978441713e-07 -1.69808888907e-06
BLO1 -168.40 53.40 -0.000102523024214 -0.000108762790421 8.10132011357e-05
BLUE -136.43 57.85 0.0457612828916 -0.0282542369112 -0.035430647552
BODE -149.05 61.55 5.48655831293 -9.5479644953 3.07976502806
BR39 -136.01 58.73 0.032752562337 -0.019449554718 -0.0227925114806
BRAD -150.85 59.76 6.64554544754 -7.77719634838 3.35635394191
BRCT -167.95 53.34 8.016190762e-05 -0.000141836346516 0.000106174038448
BRGT -134.91 58.60 0.00115021187929 -0.000741620578729 -0.000947234647089
BROD -165.87 54.11 0.0593829798993 0.0210759727785 -0.012001831051
BRWN -149.29 64.17 0.412371700249 -4.113773294 0.00207988757986
BSB4 -145.79 63.91 -0.751558221441 -4.28161155528 -0.248755117784
C123 -146.65 63.10 0.254550327135 -6.94624196466 0.217979415152
C85G -149.19 60.80 6.21791031262 -8.69409196313 3.4950935197
CARL -148.81 63.55 0.691875433872 -5.33961980399 0.0929080445427
CABN -161.85 60.79 2.79950538744 -1.21960249825 -0.209988696086
CANN -138.63 59.16 0.173771122473 -0.096297803681 -0.106895342156
CAPE -136.64 58.20 0.0586864644075 -0.0356897700913 -0.0432406088696
CENO -137.57 58.64 0.108756113481 -0.0647477019164 -0.0745835902434
CGLO -148.95 63.39 0.955334469428 -5.68454012036 0.149837272967
CGNU -147.05 61.12 2.99705472366 -6.42200152092 1.93312563122
CHIN -152.16 57.62 4.14241177623 -6.27870663293 2.4286534438
CHIR -155.73 55.83 0.239037097531 -0.463079234867 0.0973959138878
CHN1_CHNB -159.58 54.81 0.210374366487 -0.00762957272783 -0.00157691320849
CHNG -148.01 60.07 2.79129055595 -3.43231474028 0.839050456441
CHRN -162.37 54.63 0.165680208114 0.0596234330308 -0.0260491772065
CINC -136.49 58.80 0.0560080880184 -0.0329261159036 -0.037900455493
CKLN -148.54 61.76 4.3455157287 -9.01529510065 2.75517716905
CLAM -152.51 57.65 4.50971776086 -6.87516341876 2.62868978273
CODO -145.47 60.49 1.43886725875 -2.73958177838 0.808477018122
COGH -147.95 61.07 3.83758753232 -6.60673192116 2.07193095846
COMB -138.64 59.67 0.175993903432 -0.0935977290479 -0.0992435368873
CPLK -149.72 60.38 5.64731430206 -7.72455111593 3.2796681016
CPR -149.75 60.49 5.97551787177 -8.24412823111 3.50859270203
CROW -162.80 54.49 0.140859274734 0.0509128623851 -0.0232871882496
CRSC -153.09 60.43 9.07303497382 -8.92317129239 3.45027247564
D79 -151.03 60.50 7.7134592291 -9.25829919891 4.21458683691
DACE -136.44 58.09 0.0485450739199 -0.029672444498 -0.0364125461555
DAHL -149.49 60.65 6.20433458182 -8.62457617153 3.56733265933
DAKA -154.68 58.09 7.18936536929 -5.87099862564 1.07036564128
DAM -136.04 58.32 0.0328236665334 -0.0197813444083 -0.0239117304134
DCH1 -166.53 53.89 0.0325185239383 0.011314680576 -0.0067065284203
DEAS -130.03 58.44 8.09092414039e-09 1.71700464953e-08 -5.54323416941e-09
DELT -136.38 58.36 0.0482244645955 -0.0290068801485 -0.0347855122599
DEPT -136.49 58.30 0.0528302605601 -0.0319091323551 -0.0384024750883
DEST -138.72 61.22 0.0688242182983 -0.249345673829 -0.0610554256343
DEZA -137.05 60.38 0.0715160560981 -0.0760312225598 -0.0425117943045
DFLY -148.92 63.79 0.513897208051 -4.87704444883 0.0323591460891
DH97 -147.86 63.27 0.640943647854 -6.53687275075 0.143181519283
DHFA -166.55 53.90 0.0331879892833 0.0115314074523 -0.0068431577807
DIAN -151.23 60.59 8.05605693169 -9.53552809859 4.22349198409
DILL -158.47 59.06 4.83606282887 -1.66376273944 0.437532610218
DIXI -147.45 60.73 2.72056233089 -4.39105901821 1.10885778546
DMP2 -135.91 58.25 0.0272891691924 -0.0165099053364 -0.0201065597476
DNLY -145.89 63.70 -0.57869178152 -4.68415612754 -0.148069824937
DON -143.38 60.06 0.942049348382 -0.962033763243 0.152506545039
DRYB -153.17 59.68 9.84009434334 -9.68259385419 2.64619953987
DT16 -166.53 53.87 0.0308420745636 0.0107426421361 -0.00636841176892
DT19 -166.53 53.87 0.0308420745636 0.0107426421361 -0.00636841176892
DUKY -136.02 59.42 0.0339381055264 -0.0210033296885 -0.0212556078733
EA22 -135.65 58.23 0.0175264637278 -0.0106158448334 -0.0129873846913
EAGL -149.53 61.26 7.09259154846 -10.7302479201 3.67668207921
EAMA -151.99 58.91 9.09435228042 -11.5326890104 3.08474407799
EBAY -151.91 59.36 8.86557999643 -11.0654384657 3.35035377151
EDDI -134.57 58.36 0.00106466756709 -0.000650716817557 -0.00081626123498
EGG -147.96 60.77 3.5864362308 -5.20031575152 1.5932565507
EGL2 -145.39 65.49 -0.610805693421 -2.09285740835 -0.366693053186
EKG3 -151.84 60.48 8.63032423407 -9.76762350965 4.33083291392
EKLU -149.34 61.46 6.23822182753 -10.1616717859 3.2853140581
ELIA -162.27 64.62 0.945559172286 -1.25417656233 -0.658320431199
ELIB -162.27 64.61 0.950294203012 -1.2564227522 -0.656753926124
ELCR -162.27 64.61 0.950294203012 -1.2564227522 -0.656753926124
ELD -135.22 58.97 0.00336068138912 -0.00207431776122 -0.00242501271691
ELSE -136.15 58.59 0.0385387655766 -0.0229184346237 -0.0270754912495
ENDI -148.98 60.82 5.81930349264 -8.09328144533 3.22258754743
ENUN -148.08 60.60 3.57719746511 -4.77525566772 1.50119245502
ESKI -156.65 58.67 6.13270850206 -2.85817586878 0.748482016485
EST1 -148.05 64.88 -0.114860371047 -3.30114603476 -0.289789031222
ETID -162.25 64.62 0.947379797829 -1.25799205801 -0.658640808716
EX -136.41 58.27 0.0489661294957 -0.0296159055719 -0.0357705208663
EYAK -145.75 60.55 1.58045202255 -3.10819254303 0.905859781265
FARO -143.41 61.12 1.5152546855 -2.43787535234 0.646919302517
FAUS -144.07 60.95 2.10551198555 -3.43787340459 1.12928513968
FAWN -162.35 54.82 0.195340600839 0.0764481217307 -0.0323459764817
FCRK -145.48 63.09 -0.34888197318 -5.59162271785 0.132643096344
FLAT -138.86 59.67 0.189308813706 -0.0964785229748 -0.106406222947
FLCN -135.29 58.83 0.00687170508037 -0.00423636889011 -0.00513452800496
FLOW -166.08 54.17 0.0628653257221 0.0220455432042 -0.012759170435
FNGR -150.49 66.38 0.0290546487518 -1.77614949977 -0.284765825666
FROK -137.63 58.64 0.111812841069 -0.0666163582289 -0.0766463169615
FS32 -135.35 59.15 0.00736862113804 -0.00447812009906 -0.00479268866008
FSHK -149.24 61.72 5.31617319723 -9.73584771614 2.92576230257
FSHL -149.88 61.52 6.93395022056 -10.9430867035 3.06943975663
FTGL -167.91 53.38 -0.000128728510136 -0.000143279380488 0.000105149404337
FTOP -165.99 54.12 0.0590049999473 0.020820603739 -0.0119577800147
GAIN -148.39 60.71 4.32299058152 -5.85667669477 2.09088012888
GAMB -171.73 63.77 0.000509985043782 -0.00050609204453 -0.000374107795025
GIAN -147.39 60.53 2.49309861662 -3.56539210207 0.75532367704
GILB -137.52 58.66 0.106485744877 -0.0632434805105 -0.0728062276279
GKNC -145.45 62.16 1.60406606037 -7.56649868321 1.28961015246
GOOS -136.04 58.21 0.0323361116993 -0.0196117770904 -0.0239287487643
GOVP -149.29 61.73 5.33081470194 -9.77767195292 2.89201489338
GRAV -149.58 60.56 5.95121698995 -8.25845059738 3.4931194604
GRIS -146.29 60.64 1.76949096743 -3.49593932072 0.925878418696
GRIZ -148.83 63.65 0.614227042059 -5.13825495001 0.0730039078841
GRN2 -148.97 63.83 0.473674663552 -4.82314824844 0.0064766611063
GULL -146.70 60.72 2.04411933266 -3.9817724291 1.02681490899
GUNN -166.52 53.92 0.0351313389591 0.0122097382021 -0.00723220383538
H81 -151.32 60.58 8.13827459988 -9.54982657681 4.24157354169
HAM -148.09 61.01 4.05234951181 -6.60018148614 2.11340768565
HANN -143.15 60.26 1.03580009386 -0.992740086275 0.234187878689
HAR3 -152.27 60.39 8.96064246238 -9.84619324955 4.16286977085
HEID -158.61 56.96 1.43380665003 -0.047999932788 0.0733151056261
HIDD -138.94 59.71 0.194681274383 -0.0983720762878 -0.108017187457
HILS -149.72 61.11 7.54722691054 -11.0053654318 3.83970097266
HIWA -148.78 63.46 0.776831370774 -5.5618646122 0.113961442091
HNSA -135.53 59.25 0.0152870877797 -0.00925432224977 -0.00987745922548
HNSD -135.53 59.25 0.0152870877797 -0.00925432224977 -0.00987745922548
HOMA -151.49 59.64 8.0257859435 -9.95225721287 3.90200511726
HPBA -166.15 61.53 1.24004397493 -0.588727262626 -0.667773545203
HSB -165.91 54.19 0.0670895551311 0.0237024453087 -0.0135663091316
HUB1 -167.93 53.37 -0.00015409710811 -0.000173552488569 0.000124573430402
HURR -149.61 63.00 2.10393153801 -6.60142478561 0.455303271639
I177 -141.18 64.09 -0.82939852462 -0.854580473508 -0.263496037151
ICE4 -137.49 58.67 0.105089732405 -0.0623386771978 -0.0717474677212
ILIU -166.49 53.85 0.029458520347 0.0102889881034 -0.00608586092112
INCK -149.05 60.84 6.00893427239 -8.414247861 3.34177639602
INDI -149.53 60.98 7.1495891696 -10.2597547903 3.87101590943
ISLE -142.34 60.60 0.91626708328 -0.796605540747 0.094328776823
ISLK -158.60 56.11 0.467267329497 0.0601437633009 0.0315735924602
ISLZ -149.75 61.02 7.62866612778 -11.0121290921 3.89199523364
JANE -149.64 60.18 4.99832644128 -6.72019079229 2.7098881504
JIMM -158.62 56.92 1.37582256354 -0.0338464449344 0.0688358093145
JNUT -134.42 58.30 0.00101991591565 -0.00062624265358 -0.000791517862426
KAOS -136.50 58.43 0.0542575686038 -0.0325101066672 -0.0386976213169
KATY -163.52 55.04 0.219022990411 0.0908315598137 -0.0433784862474
KICH -141.37 60.03 0.526079769415 -0.29108182344 -0.107750337111
KIRT -151.24 60.58 8.05421098953 -9.52013100748 4.23235206916
KNBG -136.46 58.61 0.0535185200342 -0.0317335994485 -0.0372273468043
KNUT -153.89 59.90 9.5715071159 -8.14610488351 2.57104134166
KOD2 -152.50 57.74 4.93677074785 -7.42737545285 2.78654878275
KTNR -131.71 55.35 4.61475127527e-07 -2.29670971422e-07 -3.78430833111e-07
L2C6 -148.87 63.38 0.92666606756 -5.74366398203 0.145020886927
LARI -143.32 60.86 1.47866910558 -1.94407607031 0.546119533081
LAST -136.14 58.98 0.0391987686822 -0.023143215401 -0.0261146382561
LAV1 -171.10 65.62 0.000539765331896 -0.00096399067601 -0.00094026331963
LIBF -144.54 61.62 1.88209752456 -5.33672254768 1.32504373057
LITU -137.56 58.66 0.108523972445 -0.0644817634895 -0.074177123036
LOG -143.35 63.02 -0.801069996667 -2.47765363715 -0.122043110541
LSD1 -160.50 55.30 0.281362952948 0.104631958604 -0.0269755212665
LSDP -160.50 55.30 0.281362952948 0.104631958604 -0.0269755212665
LSG1 -147.67 62.05 3.70698717851 -10.203765878 2.10446811626
LSTR -135.13 58.51 0.00185942203361 -0.00113888638816 -0.00140150054133
LUKY -148.52 64.93 0.0202119507912 -3.18780398243 -0.246278353851
LVA2 -166.02 54.16 0.0626367915483 0.0220384282548 -0.012698034146
M110 -148.19 63.31 0.715235689031 -6.25644025518 0.128513775161
M155 -149.58 68.08 -0.218403920633 -0.886290506871 -0.441239236219
M78 -150.22 60.52 6.63683989804 -8.85739163048 3.8288741713
MAC -144.06 65.83 -0.721712056236 -1.46552979545 -0.410545059369
MARG -137.02 59.02 0.0840184055555 -0.0488208520831 -0.0545177354402
MART -136.66 58.89 0.064944197504 -0.0380014920823 -0.043214122701
MCGA -152.20 57.61 4.09784011969 -6.26148548326 2.43020236992
MCGB -152.19 57.62 4.15097509809 -6.31365221955 2.4445074921
MDFT -136.96 60.12 0.0746021126451 -0.0626582894724 -0.043198935356
MDPK -148.35 64.95 -0.0303628763822 -3.18166880791 -0.268757766594
MDR1 -148.35 64.95 -0.0303628763822 -3.18166880791 -0.268757766594
MELS -163.69 64.92 0.693390972079 -0.943364397216 -0.589974319915
MEN -143.80 62.91 -0.728398380022 -3.21432908835 -0.0437177986907
MENA -150.65 60.09 6.68865396899 -8.10143747128 3.53447050692
MENG -134.54 58.42 0.000463283849255 -0.000281064907978 -0.000350597802272
MID -138.86 59.76 0.190354457357 -0.0995433899808 -0.104021529773
MINE -136.34 58.01 0.0433218904785 -0.0265922488797 -0.032930094956
MINT -148.90 65.10 0.0663631789313 -2.95270224193 -0.228630060326
MIST -146.68 60.94 2.42756927197 -5.27107298393 1.6672414407
MLSP -140.20 59.72 0.308764692337 -0.146465502765 -0.137082972604
MMOR -132.09 53.02 0.000530844278641 -0.000371008342744 0.00020058824604
MMKT -164.59 65.76 0.382657804664 -0.671980464896 -0.537395873477
MOS2 -149.06 61.68 5.17404687969 -9.54567152243 2.91535403033
MOSR -138.99 59.57 0.196084551625 -0.0965254795171 -0.113081103749
MOTD -138.04 60.96 0.0764732305698 -0.168638418996 -0.0552036935892
MOTG -147.91 59.82 2.32486127216 -2.76704423599 0.504988904898
MPEN -150.48 60.74 7.67950364657 -10.1045548411 4.11095282135
MQTO -136.02 59.42 0.0339381055264 -0.0210033296885 -0.0212556078733
MSB2 -149.03 61.63 5.25744150779 -9.50983034073 2.97386691514
MSUN -150.74 61.47 8.0904000204 -10.9890154397 2.81882763201
N82 -151.43 60.19 8.13175053534 -9.5700972251 4.36302993266
NARM -155.59 58.63 7.17879209652 -4.39489631193 0.878591774304
NATI -146.08 60.74 1.91231992924 -4.03093481107 1.28168376271
NCAP -152.35 57.42 3.50792927127 -5.47965858265 2.17568644082
NCRS -131.96 53.14 0.000334644425858 -0.00026281064796 0.000160354900076
NENA -149.08 64.58 0.238727636952 -3.52047134292 -0.103975580206
NIK -151.40 60.68 8.32170355835 -9.7195107912 4.15213889252
NIK2 -151.39 60.69 8.32488276379 -9.73683032807 4.13999911802
NINI -151.72 60.01 8.58843411549 -10.3393559974 4.39696026807
NOME -165.37 64.56 0.62076023844 -0.713076343657 -0.425814503484
NORM -136.69 58.27 0.0617019752181 -0.0373873679151 -0.0449946681399
NOVA -138.56 59.57 0.170692676868 -0.0905520851346 -0.0987363669751
NOVR -155.16 58.27 7.10360743844 -4.90889756933 0.744293921611
NQ1 -139.13 59.88 0.21186086881 -0.111023644272 -0.108127958704
NQ4 -139.03 59.83 0.203036381777 -0.105607871304 -0.107078031178
NSLM -138.50 60.99 0.095793390583 -0.203824576614 -0.0617663999829
NWOD -149.45 61.42 6.57029586565 -10.4569892949 3.38132421392
NWP -149.90 59.75 4.26817948914 -5.07473550034 1.77615596676
OMEA -165.44 64.51 0.624936807941 -0.706396151001 -0.418181046288
OMEB -165.43 64.51 0.626235800421 -0.708056646894 -0.419036437638
OVAL -136.79 58.29 0.0665184501257 -0.0402944319328 -0.0483480916888
P118 -149.55 60.53 5.79360103137 -8.03542538653 3.42006510522
PANA -148.82 63.48 0.772104390404 -5.49852774605 0.111653604553
PANK -163.11 54.68 0.166649186068 0.0649611699012 -0.0298938012101
PASA -152.46 57.44 3.70793966001 -5.68771878048 2.24579720212
PAXS -145.45 62.97 -0.235596745825 -5.80262420698 0.22159511487
PEDR -147.41 65.04 -0.29066247995 -3.0698407606 -0.335113630498
PEEP -136.74 58.29 0.064209639049 -0.0388769601297 -0.0466777578263
PETE -162.62 54.38 0.125939429883 0.0427858333963 -0.0196963179565
PF30 -150.05 61.75 6.23193849945 -10.5491969147 2.39421876907
PISA -149.21 63.28 1.23681062643 -5.83573991424 0.182632672388
POOR -149.12 61.03 6.35082390446 -9.30680558619 3.47999746182
POPL -150.06 60.49 6.50470446784 -8.81260771653 3.76578457309
POPZ -150.06 60.48 6.47707609269 -8.76686596353 3.75164547
PPLN -145.85 64.15 -0.759357261581 -3.91310211853 -0.299625745892
PRG6 -122.34 53.91 -2.94513048965e-06 2.74384474674e-06 -5.52321705795e-07
PRSP -149.46 61.89 5.0188289307 -9.84526461036 2.36822684853
PRTG -148.83 60.77 5.39439062717 -7.37131373655 2.9291392517
PRV1 -173.22 64.48 5.61386886879e-06 -6.14073679212e-06 -4.26531459677e-06
PRVD -173.23 64.42 9.65650558971e-06 -1.03341613647e-05 -6.88247755767e-06
PSGA -132.93 56.80 9.08052730603e-06 -6.70331323627e-06 -1.26729610657e-05
PTVL -150.82 62.53 4.02160000032 -7.71495007047 0.704650934331
PURI -148.09 61.80 4.1179244565 -9.48517425517 2.57978685958
QICT -136.59 58.91 0.0615093696197 -0.0360029825077 -0.0408642275019
QRRY -152.30 60.63 8.86854582673 -9.56784611368 3.97530713587
R109 -148.65 63.40 0.799731929516 -5.79388035712 0.120655176624
R122 -146.42 63.09 0.137708311631 -6.78247317806 0.218206331612
R205 -136.79 58.91 0.0716315296931 -0.0418339684146 -0.0474158666179
RAG -144.68 60.39 1.40553480683 -2.2590417445 0.642448867411
RALF -141.14 60.22 0.502209184567 -0.269096202075 -0.11082125682
REED -149.40 61.54 6.10883874596 -10.2020072572 3.16809062174
REEF -162.52 54.86 0.200266575899 0.0807837843775 -0.0346012800939
REF2 -166.10 54.11 0.0567236523047 0.0199203082318 -0.01152392776
REFL -147.60 64.99 -0.2269563698 -3.14171271551 -0.319416845903
RGGI -149.41 59.87 3.88410534968 -4.97423675681 1.69679430866
RIOU -141.44 59.89 0.523660646331 -0.310376214225 -0.112416946184
ROC -147.93 60.65 3.39373208973 -4.68185508562 1.39273834653
RUB2 -146.36 60.45 1.63347447029 -2.83575817558 0.535322848011
S1 -149.44 61.58 6.01417434564 -10.2025830904 3.08374089576
S103 -149.87 61.64 6.44990427238 -10.6698069162 2.78582303891
S79R -150.73 60.53 7.33723503032 -9.13701875861 4.04525730686
SACC -131.98 53.22 0.000203894106194 -0.000184767229126 0.000126593158386
SARA -136.93 58.92 0.0788229552363 -0.0459582648089 -0.0519942326434
SATT -162.73 55.17 0.249235568545 0.113011427424 -0.0486973960809
SBS2 -166.51 53.90 0.0335251148909 0.0116689479186 -0.00690766695853
SCAP -164.75 54.40 0.106968227088 0.0396582855284 -0.0209581345469
SDP1 -160.47 55.35 0.289445954679 0.112475890574 -0.0278635389532
SDPT -131.82 53.26 0.000160812686171 -0.000156095781361 0.000112092590189
SHIP -167.83 53.37 0.000359901486563 5.71278685425e-05 -1.7396716348e-05
SITA -135.36 57.05 0.00165625106035 -0.00104567206562 -0.00140760207631
SITK -154.14 56.54 0.972773978154 -2.25220132056 0.727142703858
SITU -139.40 59.67 0.223052175856 -0.100015701983 -0.124551289555
SKI -152.61 57.80 5.45539166094 -7.77815180446 2.7698259279
SKLK -150.30 60.35 6.41631570618 -8.30951699396 3.62769364333
SLCH -146.98 64.48 -0.387417705523 -3.825081124 -0.298687703475
SLIM -148.80 63.51 0.727992886328 -5.43167342415 0.101864529332
SIME_SMNF -159.26 54.91 0.225136451933 -0.0188206606628 0.00294114047028
SMTH -127.19 54.82 2.85387165192e-08 -7.0311406526e-10 -1.46745484712e-08
SNDP -160.47 55.35 0.289445954679 0.112475890574 -0.0278635389532
SOUR -145.48 62.66 0.339236857949 -6.57201345493 0.566952558507
SPIL -147.08 65.23 -0.369135613756 -2.8081765542 -0.349042186359
SPSW -170.25 57.15 0.0188688049912 2.31225719326e-05 -0.00313854252826
SSWB -149.09 63.34 1.09192011142 -5.74321273386 0.169222988357
STCK -135.16 58.65 0.00465038172778 -0.00289085993273 -0.0035647828477
STRI -142.95 63.33 -0.852588679223 -2.0190673512 -0.184622236212
STRT -137.68 58.63 0.114217351732 -0.0681600139556 -0.0784008841702
SVAC -170.50 63.68 0.0108705431553 -0.0103685620705 -0.00681050976147
SWB4 -145.03 65.56 -0.637955776397 -1.92233690486 -0.371299947157
SXQC -151.05 60.48 7.71404061454 -9.23347653822 4.22356502416
SXQD -151.04 60.48 7.70074077658 -9.22593199553 4.21909202817
T187 -135.32 59.46 0.00287561208696 -0.00180817130198 -0.00190543994683
T18N -149.06 61.66 5.22663442276 -9.54650683021 2.94705747632
T19 -149.43 60.12 4.47504207443 -6.02118476842 2.32465966957
T20N -149.27 61.77 5.20179722599 -9.73938517774 2.81096748636
TALK -150.11 62.30 4.39898668795 -8.92131755128 1.40223251567
TATS -137.74 59.63 0.123357571471 -0.0732823028074 -0.071910793582
TAZL -145.43 62.08 1.78718235953 -7.67802087464 1.41028170106
TELE -162.60 54.98 0.218818085778 0.0928370393458 -0.0396812973244
TENA -135.23 57.77 0.00594105652107 -0.00384220057369 -0.00512632854077
THIN -148.09 60.36 3.2558126405 -4.13756058745 1.23643526342
THM1 -145.73 61.13 3.04508494642 -6.5884038738 2.27338677246
THMP -145.73 61.13 3.04508494642 -6.5884038738 2.27338677246
TKHR -134.01 58.07 9.89628654295e-05 -5.94168422602e-05 -7.28077065518e-05
TLGT -136.18 58.75 0.0407373286108 -0.0240881345203 -0.0280429315192
TOMH -163.32 54.74 0.173601513233 0.0687948981295 -0.0321864925311
TRLK -149.42 60.50 5.50434484482 -7.61660380878 3.22506848802
TRM2 -145.92 60.53 1.547487721 -2.9887921236 0.782409745496
TRTH -136.63 59.82 0.0623681917245 -0.0438344595376 -0.0369817411086
TURN -149.54 60.93 7.09424352079 -10.1066132158 3.8637924769
TWLV -145.98 65.41 -0.55280223604 -2.34360901549 -0.365296200598
U76 -149.37 60.43 5.24657532536 -7.22709415676 3.03244045802
UAMF -149.44 60.10 4.41601604226 -5.92557446199 2.26542763574
UDIG -135.36 58.29 0.00923420091699 -0.00559856837862 -0.00687953502417
UNAL -167.75 53.34 0.00060294924368 0.0001421990016 -6.58251875807e-05
UNAM -154.96 58.43 7.47152597671 -5.51978943551 0.940080108771
UNF -150.03 59.79 4.65679139514 -5.58492579466 2.03830478929
UNKA -160.80 63.89 1.51954987601 -1.75369507502 -0.514676325267
UNKB -160.80 63.89 1.51954987601 -1.75369507502 -0.514676325267
UNK1 -160.79 63.87 1.53483150139 -1.76086661779 -0.506813064858
V77 -149.81 60.49 6.09204706078 -8.38579832852 3.56587370169
VDUS -149.95 61.17 7.90499280682 -11.5430136663 3.69447931756
VDZW -146.25 61.13 3.03465128072 -6.83956369086 2.32517435747
VYAK -142.49 60.08 0.798453800724 -0.609285022767 0.0225040354636
W81 -151.24 60.33 7.87134030905 -9.28085846788 4.30069374247
W86 -151.76 59.90 8.63420682737 -10.4217883343 4.24599574775
WDR2 -149.18 60.94 6.43193721403 -9.20409498254 3.56145919626
WHB0 -135.23 58.73 0.00695695765071 -0.00430609159926 -0.00526696871331
WHL -165.83 54.12 0.0608636545138 0.0216338762735 -0.0122881860443
WICK -148.07 65.18 -0.136070207201 -2.90787925213 -0.309264900411
WILL -145.27 61.90 1.99047292505 -7.34094392405 1.53816309841
WLKR -149.39 59.99 4.05476866522 -5.34925156428 1.91826772633
WOND -150.87 63.49 1.72349755102 -4.95510073486 0.298587836782
X122 -146.51 63.12 0.159507449755 -6.75272859854 0.202700469182
X7 -137.06 60.86 0.0470081405646 -0.0996690611697 -0.0378312340878
Y565 -139.44 61.59 0.00749425440616 -0.374481859358 -0.0631269472736
YAKK -142.51 60.08 0.803191590004 -0.616280381883 0.0254188976081
YAKN -131.84 54.07 8.24894206285e-09 -9.63196019333e-11 -6.02194392714e-08
YAKR -142.49 60.08 0.798453800724 -0.609285022767 0.0225040354636
YKTT -139.65 59.51 0.237137942042 -0.103517112173 -0.13687890224
YUKO -149.09 65.68 0.00967132021576 -2.35676998929 -0.276392557425
Z22A -150.05 61.75 6.23193849945 -10.5491969147 2.39421876907
Z82 -151.62 60.08 8.40450144596 -10.0175185921 4.38739858951
AB04 -170.57 63.66 0.00776691169173 -0.00751823426872 -0.00500717953205
AB06 -163.42 54.89 0.19587961677 0.0797821012152 -0.0375978051134
AB07 -160.48 55.35 0.289413463814 0.112933505276 -0.0280950110468
AB08 -166.20 60.38 1.17697144974 -0.433098048799 -0.259015455089
AB09 -168.06 65.61 0.167309742535 -0.248079563807 -0.191285569026
AB11 -165.37 64.56 0.62076023844 -0.713076343657 -0.425814503484
AB12 -161.75 58.95 2.51494807816 -0.431663370848 -0.164946268916
AB13 -158.50 56.31 0.637520157124 0.0178583956177 0.0428063799491
AB14 -159.09 59.11 4.32764403595 -1.30554309255 0.295307929127
AB15 -159.88 61.04 3.82724109204 -2.04032653895 0.173859757872
AB17 -160.69 63.89 1.53352231067 -1.7810284396 -0.494030433473
AB18 -162.61 66.86 0.152246545171 -0.682333826754 -0.786829317942
AB22 -154.70 59.90 8.90713254248 -6.57058436743 2.32463335498
AB25 -156.02 62.93 3.4231863638 -3.730789022 0.829873204794
AB27 -156.91 67.06 0.038557359846 -1.11210564934 -0.655222445802
AB28 -152.81 62.09 6.09186415233 -6.87032199359 1.16637084403
AB33 -150.17 67.25 -0.141127903353 -1.27292019869 -0.413483731447
AB35 -142.39 60.08 0.775423877447 -0.578330208721 0.00812478425648
AB36 -150.74 65.03 0.426240398658 -2.82066392009 0.06626271552
AB39 -145.21 66.56 -0.556916927685 -1.35374270583 -0.446660738337
AB41 -141.16 64.78 -0.777987040777 -0.854291739611 -0.299096670745
AB42 -138.90 59.34 0.19079998633 -0.0998767945751 -0.113656164301
AB43 -136.64 58.20 0.0586864644075 -0.0356897700913 -0.0432406088696
AB44 -135.23 59.53 0.0034220051519 -0.00231676817827 -0.00227535334747
AB45 -148.87 68.76 -0.141808070872 -0.54115362602 -0.249295653059
AB46 -145.57 68.12 -0.285423672927 -0.681968451234 -0.302479845251
AB48 -134.65 56.25 0.00109991207067 -0.000686600997578 -0.00099345832644
AB49 -133.07 55.58 3.28983529562e-06 -2.36894684605e-06 -4.6493688729e-06
AB50 -134.54 58.42 0.000463283849255 -0.000281064907978 -0.000350597802272
AB51 -132.91 56.80 8.65847747439e-06 -6.38647162107e-06 -1.20892346337e-05
AC02 -154.18 56.95 2.69561476429 -4.16598811131 1.70572505709
AC03 -151.87 59.77 8.71544375234 -10.4175743486 3.91623487986
AC06 -150.89 59.76 6.74782193469 -7.92455242921 3.4089030355
AC07 -161.29 65.96 0.423423914966 -1.05531841648 -0.840282762756
AC08 -153.65 58.93 9.55724223175 -8.83865016072 2.02884102404
AC09 -144.52 59.87 1.0420922708 -1.3931734861 0.0709197786162
AC10 -164.89 54.52 0.120384059217 0.0444074761679 -0.0238367015037
AC12 -159.59 54.83 0.213119416815 -0.00526856681888 -0.0018808054789
AC13 -155.62 55.82 0.241778753588 -0.504477141458 0.102467638345
AC14 -148.00 60.85 3.74399238586 -5.6476984024 1.76304822636
AC15 -149.72 60.48 5.89542167646 -8.13615482598 3.46685257771
AC16 -148.09 60.52 3.47802265132 -4.54361127768 1.41261124296
AC17 -152.40 60.66 8.88142151779 -9.45705963603 3.85706965813
AC18 -152.25 58.93 9.33006833344 -11.4431278333 2.88365826849
AC19 -153.61 62.52 4.74532416698 -5.38871613071 1.08971728634
AC20 -149.35 60.93 6.75187613075 -9.62234743806 3.73722107215
AC21 -159.13 55.92 0.358541638162 0.109036045606 0.00857870405359
AC23 -150.88 60.48 7.46332211231 -9.08920756509 4.1232933788
AC24 -156.65 58.68 6.14693990163 -2.86509866181 0.751827090291
AC25 -162.31 55.09 0.238885735927 0.105837504904 -0.043138743161
AC26 -154.15 58.21 7.6312406808 -7.17068822626 1.50101498192
AC27 -154.16 59.25 9.44691030774 -7.81664106964 1.98569010175
AC28 -160.05 55.08 0.248226135102 0.0484034445114 -0.0126862901293
AC30 -147.74 59.86 2.25642940291 -2.71517004 0.453563353344
AC31 -162.24 64.64 0.938806927701 -1.25536140104 -0.662026673304
AC32 -150.74 61.47 8.0904000204 -10.9890154397 2.81882763201
AC33 -150.69 62.67 3.48668186408 -7.31906513325 0.601341895055
AC34 -153.28 57.22 3.69916921852 -5.24761468478 2.1399475521
AC35 -150.79 59.38 6.18290713155 -7.01135573126 2.79787783904
AC36 -150.61 60.96 8.26139065892 -10.8694584267 3.84727170792
AC37 -153.87 60.44 8.81115079495 -7.77738149882 2.8264322646
AC38 -153.34 57.75 5.90314996576 -7.19393674493 2.19611348363
AC39 -152.39 58.61 8.26354407692 -9.6899630692 2.62318435945
AC40 -158.62 56.93 1.38974195755 -0.0362142182847 0.0696306813564
AC41 -160.41 55.91 0.401540934207 0.237112353987 -0.0454495746209
AC42 -162.78 54.47 0.138037921729 0.0494607241959 -0.0226502169969
AC43 -149.63 59.52 4.0538658835 -4.7130879039 1.54352172284
AC44 -149.57 61.24 7.18569098661 -10.7925482657 3.70860585247
AC45 -154.18 56.56 1.01971065915 -2.28312114924 0.747446273217
AC46 -151.52 61.99 6.35686928235 -8.76402492482 1.07426408161
AC47 -152.62 60.08 9.4492853569 -10.1030966297 3.69682920628
AC48 -147.34 60.65 2.52103755903 -3.97055560037 0.928689473569
AC50 -164.57 65.55 0.435867062834 -0.707289098669 -0.534168494815
AC51 -151.84 61.50 7.69549648984 -9.23871722754 2.22828347588
AC52 -157.57 57.57 3.27041277843 -0.994013063427 0.385381861108
AC53 -150.07 61.77 6.17560326866 -10.5259204808 2.31902295259
AC57 -145.74 61.14 3.05717587289 -6.63444433205 2.2847823546
AC58 -170.22 57.16 0.0207170320002 -3.82917451737e-07 -0.00343467712282
AC59 -153.59 59.57 9.81917387882 -8.93674788004 2.35145820237
AC61 -142.08 64.03 -0.971937362955 -1.20474063529 -0.292582205443
AC67 -152.43 57.79 5.21077070287 -7.68806430634 2.85556440795
AC79 -147.40 60.00 2.19888397789 -2.78580576324 0.393301255941
AC80 -151.76 62.39 4.91584001867 -7.33470455093 0.7713419864
ATWC -149.13 61.60 5.50087647485 -9.66740082315 3.06682049089
AUGL -153.35 59.37 9.88782886802 -9.50212885679 2.31726100564
AV01 -153.46 59.36 9.88251584018 -9.29515777389 2.25768676073
AV02 -153.43 59.33 9.88667591531 -9.36938563626 2.25720343071
AV04 -153.44 59.36 9.8851457913 -9.33471036002 2.26695083199
AV06 -165.77 54.15 0.0646800258656 0.0230321964639 -0.0130373169544
AV07 -166.04 54.16 0.0623839459024 0.021928382047 -0.0126520885565
AV08 -166.03 54.14 0.0605174828139 0.0212990182562 -0.0122729029179
AV09 -166.54 53.88 0.0315979518437 0.0109953869131 -0.00652170641082
AV10 -165.93 54.10 0.057691891641 0.0204267376021 -0.0116777489119
AV11 -153.35 59.37 9.88782886802 -9.50212885679 2.31726100564
AV12 -165.90 54.21 0.0692851607067 0.0244703930656 -0.0140065473187
AV13 -165.90 54.15 0.0631135018647 0.022340780427 -0.0127615662595
AV14 -165.84 54.12 0.0607489271872 0.0215834261674 -0.0122680535273
AV15 -165.71 54.10 0.060124992766 0.02149400388 -0.0121023465724
AV16 -153.53 59.39 9.86893729093 -9.1405797074 2.24240184877
AV17 -153.45 59.40 9.88183675177 -9.29450533026 2.28286809949
AV18 -153.44 59.38 9.88425509963 -9.32444823881 2.27701172198
AV19 -153.41 59.35 9.88835514767 -9.39867333621 2.27643470158
AV20 -153.43 59.35 9.8865293272 -9.35947193117 2.26678549386
AV24 -164.75 54.59 0.131855992486 0.0490189796577 -0.0260777370149
AV25 -164.78 54.53 0.123417893052 0.045781763265 -0.0243593319586
AV26 -164.58 54.57 0.131852481633 0.0494252467229 -0.0258917557576
AV27 -164.72 54.49 0.119061644494 0.0442689614626 -0.0234011507541
AV29 -164.59 54.47 0.118282626524 0.044193842264 -0.0230990943347
AV34 -163.71 54.72 0.165811920967 0.0650570233866 -0.0315922281042
AV35 -164.39 54.85 0.174909831422 0.0667733984781 -0.0347952094217
AV36 -164.13 54.77 0.16734186684 0.0647807982333 -0.0327840389188
AV37 -164.00 54.71 0.160356523528 0.0622026748061 -0.0310389224019
AV38 -163.78 54.83 0.181678784149 0.0720849963023 -0.0352764792
AV39 -164.00 54.81 0.175375169767 0.0686037738335 -0.034316525777
AV40 -163.74 54.64 0.153491817432 0.0595352936696 -0.0290030127674
299C -142.08 64.03 -0.971937362955 -1.20474063529 -0.292582205443
ACCU -149.86 61.16 7.76770162895 -11.3737475982 3.7422518728
AIS1 -131.60 55.07 1.8017661071e-07 -7.30295810529e-08 -1.28191538039e-07
AIS2 -131.60 55.07 1.8017661071e-07 -7.30295810529e-08 -1.28191538039e-07
AIS5 -131.60 55.07 1.8017661071e-07 -7.30295810529e-08 -1.28191538039e-07
AIS6 -131.60 55.07 1.8017661071e-07 -7.30295810529e-08 -1.28191538039e-07
AKGG -165.99 54.20 0.067057598217 0.023589105668 -0.0135826239394
AKLV -165.96 54.16 0.0633903640311 0.0223674295273 -0.0128341364963
AKMO -166.01 54.09 0.0557958377874 0.0196904395529 -0.0113159993928
AKRB -166.07 54.13 0.0590407738175 0.0207477702777 -0.0119846319211
ALSC -138.32 59.19 0.155756169423 -0.0865882292058 -0.0962021076429
ANC1 -150.00 61.18 7.93222782431 -11.5316397755 3.66930944051
ANC2 -149.98 61.18 7.9105194585 -11.5192575734 3.67688866652
ATQK -157.41 70.47 5.44850745481e-06 -0.000163690466877 -0.00015829733256
ATW2 -149.13 61.60 5.50087647485 -9.66740082315 3.06682049089
BAY1 -162.71 55.19 0.252781499177 0.115551892071 -0.0496293894113
BAY2 -162.71 55.19 0.252781499177 0.115551892071 -0.0496293894113
BAY5 -162.71 55.19 0.252781499177 0.115551892071 -0.0496293894113
BAY6 -162.71 55.19 0.252781499177 0.115551892071 -0.0496293894113
BCSS -131.81 53.25 0.000187047902756 -0.000174277294666 0.000121814363427
BEA2 -140.86 62.41 -0.335994997342 -0.799339219967 -0.087805769214
BET1 -161.84 60.79 2.80399802923 -1.2222444066 -0.208472296748
BIS1 -135.54 56.85 0.00630716643954 -0.0040035545339 -0.00567027780079
BIS5 -135.54 56.85 0.00630716643954 -0.0040035545339 -0.00567027780079
BIS6 -135.54 56.85 0.00630716643954 -0.0040035545339 -0.00567027780079
BCDL -130.03 58.43 9.15281282683e-09 1.82522178455e-08 -7.1093753878e-09
BMCP -136.48 58.78 0.0554199269797 -0.0326062218336 -0.0376201671936
CDB7 -162.72 55.20 0.254414905853 0.116622048579 -0.0501547910332
CENA -144.68 65.50 -0.672629767818 -1.83882984957 -0.366528016209
CHI1 -146.65 60.24 1.71829621595 -2.49220604928 0.244893046181
CHI3 -146.65 60.24 1.71829621595 -2.49220604928 0.244893046181
CHI4 -146.65 60.24 1.71829621595 -2.49220604928 0.244893046181
CHI5 -146.65 60.24 1.71829621595 -2.49220604928 0.244893046181
CHI6 -146.65 60.24 1.71829621595 -2.49220604928 0.244893046181
CLGO -147.86 64.87 -0.163107462977 -3.31550641055 -0.299089581075
CMJV -149.84 61.17 7.70238513898 -11.2836907403 3.74210233777
DSL1 -148.47 70.33 -0.000265814875679 -0.00148195554741 -0.000961851116523
DVC1 -148.92 63.73 0.583516483063 -4.96207196002 0.0633689375863
EDOC -148.32 70.31 -8.84953612975e-05 -0.000889841546121 -0.000720193414435
ELDC -135.22 58.97 0.00336068138912 -0.00207431776122 -0.00242501271691
EYAC -145.75 60.55 1.58045202255 -3.10819254303 0.905859781265
FAI1 -147.85 64.81 -0.155946782219 -3.39101823203 -0.287718508524
FAIR -147.50 64.98 -0.251719453169 -3.14783201277 -0.322410827015
FAIV -147.50 64.98 -0.251719453169 -3.14783201277 -0.322410827015
GNAA -145.97 62.11 2.13049058748 -8.64247265991 1.51408215962
GRNX -148.98 63.84 0.461869178021 -4.81249106642 -0.00110122151418
GRNR -148.98 63.84 0.461869178021 -4.81249106642 -0.00110122151418
GUS1 -135.70 58.42 0.0156167001818 -0.00938551567116 -0.0113331011018
GUS2 -135.70 58.42 0.0156167001818 -0.00938551567116 -0.0113331011018
GUS5 -135.70 58.42 0.0156167001818 -0.00938551567116 -0.0113331011018
GUS6 -135.70 58.42 0.0156167001818 -0.00938551567116 -0.0113331011018
HDPW -151.53 59.64 8.10911262525 -10.066093376 3.90916126759
HIWC -148.81 63.46 0.791265793611 -5.55188359297 0.116367953972
INVK -133.53 68.31 -0.000126888677799 -0.000132195940345 -9.94584548354e-05
JNU1 -134.59 58.36 0.00114989164137 -0.000703117012741 -0.00088208340298
KDK1 -152.19 57.62 4.15097509809 -6.31365221955 2.4445074921
KDK2 -152.19 57.62 4.15097509809 -6.31365221955 2.4445074921
KEN1 -151.35 60.68 8.28270584711 -9.72461223388 4.15049998845
KEN2 -151.35 60.67 8.27084029165 -9.70671561605 4.16172971931
KEN5 -151.35 60.68 8.28270584711 -9.72461223388 4.15049998845
KEN6 -151.35 60.67 8.27084029165 -9.70671561605 4.16172971931
KOD5 -152.19 57.62 4.15097509809 -6.31365221955 2.4445074921
KOD6 -152.19 57.62 4.15097509809 -6.31365221955 2.4445074921
KODK -152.50 57.74 4.93677074785 -7.42737545285 2.78654878275
LEV1 -133.09 56.47 6.02334246992e-06 -3.79721030647e-06 -5.89229682433e-06
LEV2 -133.09 56.47 6.02334246992e-06 -3.79721030647e-06 -5.89229682433e-06
LEV5 -133.09 56.47 6.02334246992e-06 -3.79721030647e-06 -5.89229682433e-06
LEV6 -133.09 56.47 6.02334246992e-06 -3.79721030647e-06 -5.89229682433e-06
MCES -151.26 59.75 7.56614038269 -9.13151677893 3.89134631927
MDFC -136.96 60.12 0.0746021126451 -0.0626582894724 -0.043198935356
MSWB -166.79 53.91 0.031898750214 0.010959701979 -0.00659986604886
OTZ1 -162.61 66.89 0.145616687483 -0.675536903294 -0.786602499368
PAX2 -145.45 62.97 -0.235596745825 -5.80262420698 0.22159511487
PBAY -151.27 59.57 7.4876296814 -9.13826212107 3.58897702773
PBOC -148.34 70.26 -0.000308280097954 -0.00172012080935 -0.00114708789986
POT3 -146.70 61.06 2.68770926338 -5.99110629198 1.93159030585
POT4 -146.70 61.06 2.68770926338 -5.99110629198 1.93159030585
POT5 -146.70 61.06 2.68770926338 -5.99110629198 1.93159030585
POT6 -146.70 61.06 2.68770926338 -5.99110629198 1.93159030585
PUO1 -148.34 70.25 -0.000363337642858 -0.00191510906003 -0.00124004067527
QUIC -136.59 58.91 0.0615093696197 -0.0360029825077 -0.0408642275019
RDJH -152.81 60.59 8.94182212514 -9.08946266782 3.60099655611
RDSO -152.75 60.45 9.05537402344 -9.34291043091 3.74468497086
RDWB -152.84 60.49 9.02678607081 -9.17750305653 3.65300511762
REDC -152.77 60.42 9.08464607387 -9.36124459784 3.73129630087
SELD -151.71 59.45 8.50606517112 -10.7867682861 3.62837648207
SPBG -152.37 61.26 8.1749900512 -8.9132038185 2.6336063526
SPCG -152.02 61.29 8.14431064131 -9.31010468674 2.66388315094
SPCP -152.16 61.27 8.18186706362 -9.16491822546 2.66691894574
SPCR -152.21 61.20 8.34829702182 -9.20600119951 2.79349691465
SPIT -151.43 59.61 7.89307243713 -9.79709456994 3.83740683223
SUAF -147.84 64.86 -0.166308981712 -3.32725273069 -0.297891121974
TATC -137.74 59.63 0.123357571471 -0.0732823028074 -0.071910793582
TBON -149.78 61.18 7.5682371374 -11.1138697857 3.75084331347
TLKA -150.42 62.31 4.52562710317 -8.71966119448 1.17697789074
TNAC -142.03 63.11 -0.762717618947 -1.30909022717 -0.167582786733
TSEA -149.90 61.19 7.75994083893 -11.348773539 3.70138540402
TOOL -149.60 68.63 -0.142094416758 -0.610713733554 -0.282663499425
TUKT -132.99 69.44 -3.03417752804e-06 -3.36508809227e-06 -2.48007618637e-06
UAAG -149.82 61.19 7.62013812099 -11.183692192 3.72829376894
VOZN -151.13 59.81 7.43144570392 -8.88758611746 3.83497046999
WHIT -135.22 60.75 0.0040048507797 -0.00809920448953 -0.00366954729407
WIKR -150.92 63.55 1.64416014679 -4.82101831592 0.290951159526
ZAN1 -149.78 61.23 7.47922369382 -11.0576527433 3.68601163519
